// Constrained parameters from eigen_task (rho = 63.0)

Kinf << 
-0.0787031f,0.0714633f,3.4605149f,-0.5794468f,-0.6719511f,-0.7884844f,-0.0887439f,0.0793523f,0.7009118f,-0.0564452f,-0.0702396f,-0.3730859f,
0.0729986f,0.0555216f,3.4605149f,-0.4072580f,0.6272625f,0.7898947f,0.0824700f,0.0599332f,0.7009118f,-0.0335947f,0.0661325f,0.3735096f,
0.0531107f,-0.0612374f,3.4605149f,0.4520162f,0.3531661f,-0.7928835f,0.0558797f,-0.0662187f,0.7009118f,0.0377071f,0.0233764f,-0.3743704f,
-0.0474062f,-0.0657474f,3.4605149f,0.5346886f,-0.3084775f,0.7914733f,-0.0496057f,-0.0730668f,0.7009118f,0.0523328f,-0.0192693f,0.3739466f;

Pinf << 
8941.5746753f,-1.2645578f,0.0000000f,10.1787667f,10947.9250784f,70.0427674f,3140.7061216f,-1.4169267f,0.0000000f,0.8575601f,56.0952691f,26.5040484f,
-1.2645578f,8939.5221005f,0.0000000f,-10931.0807924f,-10.1794688f,-28.0078213f,-1.4169621f,3138.3859548f,-0.0000000f,-54.6851716f,-0.8576504f,-10.5981920f,
0.0000000f,0.0000000f,101910.7869841f,-0.0000000f,-0.0000000f,-0.0000000f,0.0000000f,-0.0000000f,7626.6796724f,-0.0000000f,-0.0000000f,-0.0000000f,
10.1787667f,-10931.0807924f,-0.0000000f,80266.5665256f,97.1534113f,328.8433266f,12.0405740f,-11767.4918491f,0.0000000f,410.4903305f,9.7477987f,131.5641090f,
10947.9250784f,-10.1794688f,0.0000000f,97.1534113f,80435.9291815f,822.2691049f,11787.8249963f,-12.0410714f,0.0000000f,9.7475769f,427.9222600f,328.9688813f,
70.0427674f,-28.0078213f,-0.0000000f,328.8433266f,822.2691049f,21880.6257006f,88.6432573f,-35.4474550f,-0.0000000f,41.0123832f,102.5436157f,1710.9850564f,
3140.7061216f,-1.4169621f,0.0000000f,12.0405740f,11787.8249963f,88.6432573f,2890.1126261f,-1.6157855f,0.0000000f,1.0646783f,61.1105344f,33.9916431f,
-1.4169267f,3138.3859548f,0.0000000f,-11767.4918491f,-12.0410714f,-35.4474550f,-1.6157855f,2887.4331242f,-0.0000000f,-59.3034514f,-1.0647534f,-13.5930305f,
-0.0000000f,0.0000000f,7626.6796724f,-0.0000000f,-0.0000000f,-0.0000000f,0.0000000f,-0.0000000f,1501.9831337f,-0.0000000f,-0.0000000f,-0.0000000f,
0.8575601f,-54.6851716f,-0.0000000f,410.4903305f,9.7475769f,41.0123832f,1.0646783f,-59.3034514f,-0.0000000f,68.7971161f,1.3373385f,19.2716309f,
56.0952691f,-0.8576504f,0.0000000f,9.7477987f,427.9222600f,102.5436157f,61.1105344f,-1.0647534f,-0.0000000f,1.3373385f,71.3285642f,48.1833928f,
26.5040484f,-10.5981920f,-0.0000000f,131.5641090f,328.9688813f,1710.9850564f,33.9916431f,-13.5930305f,-0.0000000f,19.2716309f,48.1833928f,833.6608417f;

A << 
1.0000000f,0.0000000f,0.0000000f,0.0000000f,0.0039240f,-0.0000000f,0.0200000f,0.0000000f,0.0000000f,0.0000000f,0.0000131f,-0.0000000f,
0.0000000f,1.0000000f,0.0000000f,-0.0039240f,0.0000000f,-0.0000000f,0.0000000f,0.0200000f,0.0000000f,-0.0000131f,0.0000000f,-0.0000000f,
0.0000000f,0.0000000f,1.0000000f,0.0000000f,0.0000000f,0.0000000f,0.0000000f,0.0000000f,0.0200000f,0.0000000f,0.0000000f,0.0000000f,
0.0000000f,0.0000000f,0.0000000f,1.0000000f,0.0000000f,0.0000000f,0.0000000f,0.0000000f,0.0000000f,0.0100000f,-0.0000000f,0.0000000f,
0.0000000f,0.0000000f,0.0000000f,-0.0000000f,1.0000000f,-0.0000000f,0.0000000f,0.0000000f,0.0000000f,0.0000000f,0.0100000f,-0.0000000f,
0.0000000f,0.0000000f,0.0000000f,-0.0000000f,0.0000000f,1.0000000f,0.0000000f,0.0000000f,0.0000000f,-0.0000000f,0.0000000f,0.0100000f,
0.0000000f,0.0000000f,0.0000000f,0.0000000f,0.3924000f,-0.0000000f,1.0000000f,0.0000000f,0.0000000f,0.0000000f,0.0019620f,-0.0000000f,
0.0000000f,0.0000000f,0.0000000f,-0.3924000f,0.0000000f,-0.0000000f,0.0000000f,1.0000000f,0.0000000f,-0.0019620f,0.0000000f,-0.0000000f,
0.0000000f,0.0000000f,0.0000000f,0.0000000f,0.0000000f,0.0000000f,0.0000000f,0.0000000f,1.0000000f,0.0000000f,0.0000000f,0.0000000f,
0.0000000f,0.0000000f,0.0000000f,0.0000000f,0.0000000f,0.0000000f,0.0000000f,0.0000000f,0.0000000f,1.0000000f,-0.0000000f,0.0000000f,
0.0000000f,0.0000000f,0.0000000f,0.0000000f,0.0000000f,0.0000000f,0.0000000f,0.0000000f,0.0000000f,0.0000000f,1.0000000f,-0.0000000f,
0.0000000f,0.0000000f,0.0000000f,0.0000000f,0.0000000f,0.0000000f,0.0000000f,0.0000000f,0.0000000f,-0.0000000f,0.0000000f,1.0000000f;

B << 
-0.0000181f,0.0000199f,0.0000182f,-0.0000200f,
0.0000180f,0.0000198f,-0.0000180f,-0.0000198f,
0.0008409f,0.0008409f,0.0008409f,0.0008409f,
-0.0275355f,-0.0303234f,0.0275663f,0.0302926f,
-0.0276707f,0.0304278f,0.0277570f,-0.0305141f,
0.0019748f,-0.0007224f,-0.0027844f,0.0015320f,
-0.0036193f,0.0039800f,0.0036306f,-0.0039912f,
0.0036016f,0.0039663f,-0.0036057f,-0.0039623f,
0.0840857f,0.0840857f,0.0840857f,0.0840857f,
-5.5070921f,-6.0646807f,5.5132527f,6.0585201f,
-5.5341404f,6.0855684f,5.5513900f,-6.1028180f,
0.3949542f,-0.1444728f,-0.5568752f,0.3063938f;

Quu_inv << 
0.0026021f,-0.0001661f,0.0024878f,-0.0001638f,
-0.0001661f,0.0025892f,-0.0001597f,0.0024967f,
0.0024878f,-0.0001597f,0.0025881f,-0.0001561f,
-0.0001638f,0.0024967f,-0.0001561f,0.0025833f;

AmBKt << 
0.9999952f,-0.0000000f,-0.0000000f,0.0000184f,-0.0073197f,0.0004287f,-0.0009574f,-0.0000024f,-0.0000000f,0.0036871f,-1.4639418f,0.0857314f,
-0.0000000f,0.9999952f,0.0000000f,0.0073311f,-0.0000184f,-0.0001708f,-0.0000024f,-0.0009589f,0.0000000f,1.4662249f,-0.0036842f,-0.0341604f,
0.0000000f,0.0000000f,0.9883608f,-0.0000000f,0.0000000f,0.0000000f,0.0000000f,0.0000000f,-1.1639194f,-0.0000000f,0.0000000f,0.0000000f,
0.0000001f,-0.0038867f,-0.0000000f,0.9430377f,0.0001272f,0.0012895f,0.0000166f,-0.3849493f,-0.0000000f,-11.3924575f,0.0254451f,0.2579086f,
0.0038868f,-0.0000001f,0.0000000f,0.0001274f,0.9431047f,0.0032360f,0.3849581f,-0.0000167f,0.0000000f,0.0254732f,-11.3790647f,0.6471973f,
0.0000002f,-0.0000001f,0.0000000f,0.0001221f,0.0003064f,0.9987075f,0.0000401f,-0.0000160f,0.0000000f,0.0244131f,0.0612815f,-0.2585061f,
0.0199947f,-0.0000000f,0.0000000f,0.0000195f,-0.0080297f,0.0004664f,0.9989497f,-0.0000025f,0.0000000f,0.0038915f,-1.6059422f,0.0932813f,
-0.0000000f,0.0199947f,0.0000000f,0.0080412f,-0.0000194f,-0.0001859f,-0.0000025f,0.9989482f,0.0000000f,1.6082337f,-0.0038881f,-0.0371702f,
-0.0000000f,0.0000000f,0.0176425f,0.0000000f,0.0000000f,0.0000000f,0.0000000f,0.0000000f,0.7642533f,-0.0000000f,-0.0000000f,0.0000000f,
0.0000000f,-0.0000097f,-0.0000000f,0.0048023f,0.0000106f,0.0001120f,0.0000014f,-0.0012821f,-0.0000000f,-0.0395382f,0.0021177f,0.0224035f,
0.0000097f,-0.0000000f,-0.0000000f,0.0000106f,0.0048073f,0.0002811f,0.0012828f,-0.0000014f,-0.0000000f,0.0021204f,-0.0385388f,0.0562175f,
0.0000001f,-0.0000000f,0.0000000f,0.0000452f,0.0001134f,0.0093913f,0.0000148f,-0.0000059f,0.0000000f,0.0090337f,0.0226762f,0.8782613f;

coeff_d2p << 
0.0000000f,-0.0000000f,-0.0000000f,0.0000000f,
-0.0000000f,-0.0000000f,0.0000000f,0.0000000f,
-0.0000000f,-0.0000000f,0.0000000f,0.0000000f,
0.0000000f,0.0000000f,-0.0000000f,-0.0000000f,
0.0000000f,-0.0000000f,-0.0000000f,0.0000000f,
0.0000000f,-0.0000000f,0.0000000f,-0.0000000f,
0.0000000f,-0.0000000f,-0.0000000f,0.0000000f,
-0.0000000f,-0.0000000f,0.0000000f,0.0000000f,
-0.0000000f,-0.0000000f,0.0000000f,-0.0000000f,
0.0000000f,0.0000000f,-0.0000000f,-0.0000000f,
0.0000000f,-0.0000000f,0.0000000f,0.0000000f,
0.0000000f,-0.0000000f,0.0000000f,-0.0000000f;

Q << 
100.0000000f,0.000000f,0.000000f,0.000000f,0.000000f,0.000000f,0.000000f,0.000000f,0.000000f,0.000000f,0.000000f,0.000000f,
0.000000f,100.0000000f,0.000000f,0.000000f,0.000000f,0.000000f,0.000000f,0.000000f,0.000000f,0.000000f,0.000000f,0.000000f,
0.000000f,0.000000f,10000.0000000f,0.000000f,0.000000f,0.000000f,0.000000f,0.000000f,0.000000f,0.000000f,0.000000f,0.000000f,
0.000000f,0.000000f,0.000000f,4.0000000f,0.000000f,0.000000f,0.000000f,0.000000f,0.000000f,0.000000f,0.000000f,0.000000f,
0.000000f,0.000000f,0.000000f,0.000000f,4.0000000f,0.000000f,0.000000f,0.000000f,0.000000f,0.000000f,0.000000f,0.000000f,
0.000000f,0.000000f,0.000000f,0.000000f,0.000000f,400.0000000f,0.000000f,0.000000f,0.000000f,0.000000f,0.000000f,0.000000f,
0.000000f,0.000000f,0.000000f,0.000000f,0.000000f,0.000000f,4.0000000f,0.000000f,0.000000f,0.000000f,0.000000f,0.000000f,
0.000000f,0.000000f,0.000000f,0.000000f,0.000000f,0.000000f,0.000000f,4.0000000f,0.000000f,0.000000f,0.000000f,0.000000f,
0.000000f,0.000000f,0.000000f,0.000000f,0.000000f,0.000000f,0.000000f,0.000000f,4.0000000f,0.000000f,0.000000f,0.000000f,
0.000000f,0.000000f,0.000000f,0.000000f,0.000000f,0.000000f,0.000000f,0.000000f,0.000000f,2.0408163f,0.000000f,0.000000f,
0.000000f,0.000000f,0.000000f,0.000000f,0.000000f,0.000000f,0.000000f,0.000000f,0.000000f,0.000000f,2.0408163f,0.000000f,
0.000000f,0.000000f,0.000000f,0.000000f,0.000000f,0.000000f,0.000000f,0.000000f,0.000000f,0.000000f,0.000000f,4.0000000f;

R << 
100.000000f,0.000000f,0.000000f,0.000000f,
0.000000f,100.000000f,0.000000f,0.000000f,
0.000000f,0.000000f,100.000000f,0.000000f,
0.000000f,0.000000f,0.000000f,100.000000f;

