/*
 * This file was autogenerated by TinyMPC on Fri Apr 24 17:59:45 2026
 *
 * Deployable Crazyflie cache include for controller_tinympc_eigen.
 * It matches the params_*.h assignment style used by the firmware.
 */

Kinf << 
-0.057352f,0.052820f,0.502157f,-0.537880f,-0.611442f,-0.378195f,-0.076774f,0.069856f,0.372294f,-0.054970f,-0.066896f,-0.322810f,
0.053102f,0.042093f,0.502155f,-0.393825f,0.569377f,0.378792f,0.071193f,0.054494f,0.372291f,-0.034649f,0.062820f,0.323203f,
0.041175f,-0.046361f,0.502154f,0.436003f,0.356507f,-0.380041f,0.052340f,-0.060097f,0.372292f,0.038729f,0.026275f,-0.324007f,
-0.036922f,-0.048571f,0.502153f,0.495802f,-0.314438f,0.379445f,-0.046756f,-0.064275f,0.372289f,0.050890f,-0.022200f,0.323614f
;

Pinf << 
46130.301572f,-5.452035f,-0.041824f,54.940996f,63140.155254f,191.629771f,17163.077868f,-7.252259f,-0.037618f,4.819264f,324.742957f,143.073357f,
-5.452035f,46121.732950f,0.134718f,-63052.186167f,-54.943660f,-76.577803f,-7.252386f,17151.593115f,0.088638f,-317.119897f,-4.819408f,-57.172142f,
-0.041824f,0.134718f,59722.929135f,-1.397571f,-0.209724f,-0.101323f,-0.047810f,0.185223f,8941.704781f,-0.007395f,-0.001715f,-0.010844f,
54.940996f,-63052.186167f,-1.397571f,586631.274946f,652.303082f,1176.627439f,76.583531f,-81316.001666f,-1.251255f,3012.840428f,68.477437f,898.192566f,
63140.155254f,-54.943660f,-0.209724f,652.303082f,587736.093782f,2943.539752f,81441.035815f,-76.585466f,-0.231774f,68.484986f,3132.136755f,2247.192264f,
191.629771f,-76.577803f,-0.101323f,1176.627439f,2943.539752f,76640.618700f,287.979492f,-115.090465f,-0.224339f,168.043137f,420.159742f,6983.988552f,
17163.077868f,-7.252386f,-0.047810f,76.583531f,81441.035815f,287.979492f,19353.515930f,-9.777519f,-0.045344f,7.031422f,423.031044f,215.859533f,
-7.252259f,17151.593115f,0.185223f,-81316.001666f,-76.585466f,-115.090465f,-9.777519f,19337.858358f,0.130141f,-411.536978f,-7.031265f,-86.264021f,
-0.037618f,0.088638f,8941.704781f,-1.251255f,-0.231774f,-0.224339f,-0.045344f,0.130141f,6791.913196f,-0.006983f,-0.002600f,-0.024029f,
4.819264f,-317.119897f,-0.007395f,3012.840428f,68.484986f,168.043137f,7.031422f,-411.536978f,-0.006983f,533.176175f,10.068640f,142.844312f,
324.742957f,-4.819408f,-0.001715f,68.477437f,3132.136755f,420.159742f,423.031044f,-7.031265f,-0.002600f,10.068640f,551.963382f,357.151012f,
143.073357f,-57.172142f,-0.010844f,898.192566f,2247.192264f,6983.988552f,215.859533f,-86.264021f,-0.024029f,142.844312f,357.151012f,6175.807057f
;

A << 
1.000000f,0.000000f,0.000000f,0.000000f,0.003924f,0.000000f,0.020000f,0.000000f,0.000000f,0.000000f,0.000013f,0.000000f,
0.000000f,1.000000f,0.000000f,-0.003924f,0.000000f,0.000000f,0.000000f,0.020000f,0.000000f,-0.000013f,0.000000f,0.000000f,
0.000000f,0.000000f,1.000000f,0.000000f,0.000000f,0.000000f,0.000000f,0.000000f,0.020000f,0.000000f,0.000000f,0.000000f,
0.000000f,0.000000f,0.000000f,1.000000f,0.000000f,0.000000f,0.000000f,0.000000f,0.000000f,0.010000f,0.000000f,0.000000f,
0.000000f,0.000000f,0.000000f,0.000000f,1.000000f,0.000000f,0.000000f,0.000000f,0.000000f,0.000000f,0.010000f,0.000000f,
0.000000f,0.000000f,0.000000f,0.000000f,0.000000f,1.000000f,0.000000f,0.000000f,0.000000f,0.000000f,0.000000f,0.010000f,
0.000000f,0.000000f,0.000000f,0.000000f,0.392400f,0.000000f,1.000000f,0.000000f,0.000000f,0.000000f,0.001962f,0.000000f,
0.000000f,0.000000f,0.000000f,-0.392400f,0.000000f,0.000000f,0.000000f,1.000000f,0.000000f,-0.001962f,0.000000f,0.000000f,
0.000000f,0.000000f,0.000000f,0.000000f,0.000000f,0.000000f,0.000000f,0.000000f,1.000000f,0.000000f,0.000000f,0.000000f,
0.000000f,0.000000f,0.000000f,0.000000f,0.000000f,0.000000f,0.000000f,0.000000f,0.000000f,1.000000f,0.000000f,0.000000f,
0.000000f,0.000000f,0.000000f,0.000000f,0.000000f,0.000000f,0.000000f,0.000000f,0.000000f,0.000000f,1.000000f,0.000000f,
0.000000f,0.000000f,0.000000f,0.000000f,0.000000f,0.000000f,0.000000f,0.000000f,0.000000f,0.000000f,0.000000f,1.000000f
;

B << 
-0.000018f,0.000020f,0.000018f,-0.000020f,
0.000018f,0.000020f,-0.000018f,-0.000020f,
0.000841f,0.000841f,0.000841f,0.000841f,
-0.027535f,-0.030323f,0.027566f,0.030293f,
-0.027671f,0.030428f,0.027757f,-0.030514f,
0.001975f,-0.000722f,-0.002784f,0.001532f,
-0.003619f,0.003980f,0.003631f,-0.003991f,
0.003602f,0.003966f,-0.003606f,-0.003962f,
0.084086f,0.084086f,0.084086f,0.084086f,
-5.507092f,-6.064681f,5.513253f,6.058520f,
-5.534140f,6.085568f,5.551390f,-6.102818f,
0.394954f,-0.144473f,-0.556875f,0.306394f
;

Quu_inv << 
0.000324f,-0.000004f,0.000310f,-0.000004f,
-0.000004f,0.000323f,-0.000003f,0.000311f,
0.000310f,-0.000003f,0.000323f,-0.000003f,
-0.000004f,0.000311f,-0.000003f,0.000322f
;

AmBKt << 
0.999996f,-0.000000f,-0.000000f,0.000014f,-0.005472f,0.000323f,-0.000716f,-0.000002f,-0.000000f,0.002894f,-1.094455f,0.064565f,
-0.000000f,0.999996f,0.000000f,0.005480f,-0.000014f,-0.000129f,-0.000002f,-0.000717f,0.000002f,1.096034f,-0.002892f,-0.025716f,
0.000000f,-0.000000f,0.998311f,-0.000000f,0.000000f,-0.000001f,-0.000000f,-0.000000f,-0.168897f,0.000026f,0.000004f,-0.000001f,
0.000000f,-0.003889f,-0.000000f,0.946209f,0.000126f,0.001232f,0.000016f,-0.385364f,-0.000008f,-10.758196f,0.025308f,0.246429f,
0.003889f,-0.000000f,-0.000000f,0.000127f,0.946265f,0.003093f,0.385372f,-0.000016f,-0.000000f,0.025336f,-10.746858f,0.618623f,
0.000000f,-0.000000f,-0.000000f,0.000054f,0.000136f,0.999381f,0.000018f,-0.000007f,-0.000000f,0.010879f,0.027294f,-0.123800f,
0.019995f,-0.000000f,-0.000000f,0.000018f,-0.007170f,0.000420f,0.999062f,-0.000002f,-0.000000f,0.003668f,-1.434033f,0.084080f,
-0.000000f,0.019995f,0.000000f,0.007180f,-0.000018f,-0.000167f,-0.000002f,0.999061f,0.000002f,1.435932f,-0.003665f,-0.033490f,
0.000000f,-0.000000f,0.018748f,-0.000000f,0.000000f,-0.000000f,-0.000000f,-0.000000f,0.874782f,0.000023f,0.000004f,-0.000000f,
0.000000f,-0.000010f,-0.000000f,0.004827f,0.000011f,0.000113f,0.000001f,-0.001285f,-0.000000f,-0.034706f,0.002218f,0.022680f,
0.000010f,-0.000000f,-0.000000f,0.000011f,0.004831f,0.000285f,0.001286f,-0.000001f,-0.000000f,0.002221f,-0.033852f,0.056930f,
0.000000f,-0.000000f,-0.000000f,0.000040f,0.000101f,0.009473f,0.000013f,-0.000005f,-0.000000f,0.008094f,0.020301f,0.894604f
;

coeff_d2p << 
14.338816f,-13.276497f,-10.294545f,9.231515f,
-13.205938f,-10.524102f,11.591220f,12.143682f,
-125.539126f,-125.538727f,-125.538464f,-125.538270f,
134.472050f,98.457983f,-109.002296f,-123.952659f,
152.862799f,-142.346821f,-89.128000f,78.610863f,
94.560768f,-94.711566f,95.028314f,-94.877881f,
19.193914f,-17.798637f,-13.085423f,11.689471f,
-17.464387f,-13.623884f,15.024720f,16.069081f,
-93.073492f,-93.072728f,-93.072879f,-93.072329f,
13.742624f,8.662184f,-9.682275f,-12.722658f,
16.724002f,-15.705189f,-6.568671f,5.549852f,
80.703678f,-80.802194f,81.003747f,-80.905234f
;

Q << 
204.081633f,0.000000f,0.000000f,0.000000f,0.000000f,0.000000f,0.000000f,0.000000f,0.000000f,0.000000f,0.000000f,0.000000f,
0.000000f,204.081633f,0.000000f,0.000000f,0.000000f,0.000000f,0.000000f,0.000000f,0.000000f,0.000000f,0.000000f,0.000000f,
0.000000f,0.000000f,1111.111111f,0.000000f,0.000000f,0.000000f,0.000000f,0.000000f,0.000000f,0.000000f,0.000000f,0.000000f,
0.000000f,0.000000f,0.000000f,1.000000f,0.000000f,0.000000f,0.000000f,0.000000f,0.000000f,0.000000f,0.000000f,0.000000f,
0.000000f,0.000000f,0.000000f,0.000000f,1.000000f,0.000000f,0.000000f,0.000000f,0.000000f,0.000000f,0.000000f,0.000000f,
0.000000f,0.000000f,0.000000f,0.000000f,0.000000f,400.000000f,0.000000f,0.000000f,0.000000f,0.000000f,0.000000f,0.000000f,
0.000000f,0.000000f,0.000000f,0.000000f,0.000000f,0.000000f,4.000000f,0.000000f,0.000000f,0.000000f,0.000000f,0.000000f,
0.000000f,0.000000f,0.000000f,0.000000f,0.000000f,0.000000f,0.000000f,4.000000f,0.000000f,0.000000f,0.000000f,0.000000f,
0.000000f,0.000000f,0.000000f,0.000000f,0.000000f,0.000000f,0.000000f,0.000000f,4.000000f,0.000000f,0.000000f,0.000000f,
0.000000f,0.000000f,0.000000f,0.000000f,0.000000f,0.000000f,0.000000f,0.000000f,0.000000f,4.000000f,0.000000f,0.000000f,
0.000000f,0.000000f,0.000000f,0.000000f,0.000000f,0.000000f,0.000000f,0.000000f,0.000000f,0.000000f,4.000000f,0.000000f,
0.000000f,0.000000f,0.000000f,0.000000f,0.000000f,0.000000f,0.000000f,0.000000f,0.000000f,0.000000f,0.000000f,6.250000f
;

R << 
900.000000f,0.000000f,0.000000f,0.000000f,
0.000000f,900.000000f,0.000000f,0.000000f,
0.000000f,0.000000f,900.000000f,0.000000f,
0.000000f,0.000000f,0.000000f,900.000000f
;

