SYS: Crazyflie 2.1 Brushless is up and running!
SYS: Build 2:de14ff9f08ae (2025.09.1 +2) MODIFIED
SYS: I am 0x373930393434471500370039 and I have 1024KB of flash!
CFGBLK: v1, verification [OK]
DECK_DISCOVERY: Backend found: onewire
DECK_DISCOVERY: Backend found: deckctrl
DECK_CORE: 1 deck(s) found
DECK_CORE: Calling INIT on driver bcFlow2 for deck 0
ZR2: Z-down sensor [OK]
PMW: Motion chip id: 0x49:0xB6
IMU: BMI088: Using I2C interface.
IMU: BMI088 Gyro connection [OK].
IMU: BMI088 Accel connection [OK]
IMU: BMP390 I2C connection [OK]
ESTIMATOR: Using Kalman (2) estimator
CONTROLLER: Using PID (1) controller
MTR-DRV: Using brushless motor driver
SYS: About to run tests in system.c.
SYS: NRF51 version: 2026.04 (C21B)
EEPROM: I2C connection [OK].
STORAGE: Storage check [OK].
IMU: BMI088 gyro self-test [OK]
DECK_CORE: Deck 0 test [OK].
SYS: Self test passed!
STAB: Wait for sensor calibration...
SYS: Free heap: 15048 bytes
MPCTASK: Waiting for activation ...
STAB: Starting stabilizer loop
STAB: WARNING: stabilizer loop rate is off (1004)
SUP: Ready to fly
MPCTASK: Benchmark mode 0, maneuver 4, max_iter 5, task_pri 0
MPCTASK: Reference altitude: 0.70 m; barrier skip when z>0.75 and vz>-0.20
MPCTASK: OOT takeoff: cfclient trigger>=0.15m ramp=0.15m/s figure8_start=3000ms_at_measured_z target=0.70m timeout=12000ms
MPCTASK: Common baseline: mpc_hz=20 model_hz=20 rho=5 base_w=0 base_qz=1 Qz=100 R=4 bridge=x10 guards=z[ref,ref+0.20] xy=free cap=0.05
MPCTASK: MPC->PID: xyz=x10, z_guard=[ref,ref+0.20], yaw=raw_rz, output_hold=200ms, safety_hold=500ms
MPCTASK: Reference origin: xyz=measured_at_forced_3s_start target_z=0.70 m
MPCTASK: Fixed baseline: w=0 qz=1 adaptive_cache=off
MPCTASK: EXP every=2: m,s,tms,p3[mm],v3[mmps],att3[cdeg],ref3[mm],cmd3[mm],h/raw/grad/mar/thr[milli],act/ac/bind,wi/qi/cache/noa,pa/pf/du[milli],it,mpc/eval/total[us],bar/tanh/rl/cache/solve/step[cycles],overruns,post_active/post_infeasible_totals,wreq/w/qzreq/qz[milli],max_step_cycles
MPCTASK: Figure8: source=traj_fig8_12.h source_hz=100 samples=1205 laps=2 duration=24.07 s origin=forced_3s_start start_delay=3000ms z_baseline=measured_at_start
CONTROLLER: Using OutOfTree (6) controller
MPCTASK: Trajectory origin: x=-0.01 y=0.08
MPCTASK: OOT activated at z=0.01
MPCTASK: TAKEOFF START: trigger_z=0.15 start_z=0.01 target=0.70 hold=(-0.03,0.11) ramp=0.15m/s
MPCTASK: OOT loop 1 done
MPCTASK: MPC task loop 1
MPCTASK: x0:MPCTASK: OOT loop 2 done
 pos=(-0.03,0.11,0.01) vel=(-0.02,0.01,0.0)
MPCTASK: OOT loop 3 done
MPCTASK: ref: (-0.03,0.11,0.01)
MPCTASK: MPC solve start
MPCTASK: MPC solve done, iter=5
MPCTASK: MPC time=27853 us
MPCTASK: MPC stack free=1167 words
MPCTASK: setpoint: x=-0.03 y=0.11 z=0.07 preview_z=0.07
MPCTASK: MPC task loop 2
MPCTASK: MPC task loop 3
MPCTASK: TAKEOFF COMPLETE: t=3000ms z=0.43 vz=0.27; trajectory queued origin=(-0.17,0.21,0.43)
MPCTASK: TRAJ START: z=0.44 origin=(-0.17,0.21,0.43) EXP clock reset; Z metric begins at t+3s
MPCTASK: EXP,0,2,70,-189,249,462,-26,79,270,666,-968,-506,-174,220,435,-191,541,441,0,0,0,0,0,0,0,0,0,0,0,0,0,0,0,5,20117,0,20172,0,0,0,0,3419817,3429260,0,0,0,0,0,1000,1000,3464178
MPCTASK: EXP,0,4,174,-220,253,484,29,10,146,-190,-472,-789,-185,239,435,-193,602,442,0,0,0,0,0,0,0,0,0,0,0,0,0,0,0,5,23677,0,23732,0,0,0,0,4025026,4034468,0,0,0,0,0,1000,1000,4280649
MPCTASK: EXP,0,6,273,-259,249,490,-22,89,59,-1164,264,-936,-220,306,435,-218,681,440,0,0,0,0,0,0,0,0,0,0,0,0,0,0,0,5,21625,0,21921,0,0,0,0,3676129,3782872,0,0,0,0,0,1000,1000,4280649
MPCTASK: EXP,0,8,376,-315,261,504,-133,333,91,-1545,308,-1081,-272,425,435,-229,759,445,0,0,0,0,0,0,0,0,0,0,0,0,0,0,0,5,24933,0,24989,0,0,0,0,4238501,4248136,0,0,0,0,0,1000,1000,4280649
MPCTASK: EXP,0,10,469,-384,352,513,-185,658,35,-1344,-426,-1260,-327,584,435,-210,872,446,0,0,0,0,0,0,0,0,0,0,0,0,0,0,0,5,19095,0,19150,0,0,0,0,3246073,3255528,0,0,0,0,0,1000,1000,4280649
MPCTASK: EXP,0,12,573,-432,434,513,-95,843,-44,-1194,-1013,-1238,-365,764,435,-161,946,443,0,0,0,0,0,0,0,0,0,0,0,0,0,0,0,5,23199,0,23254,0,0,0,0,3943737,3953181,0,0,0,0,0,1000,1000,4280649
MPCTASK: EXP,0,14,673,-472,541,505,65,1008,-106,-970,-1356,-1224,-373,943,435,-119,1016,439,0,0,0,0,0,0,0,0,0,0,0,0,0,0,0,5,22354,0,22736,0,0,0,0,3800049,3865304,0,0,0,0,0,1000,1000,4280649
MPCTASK: EXP,0,16,774,-464,660,499,338,1089,-67,-142,-1695,-1200,-342,1103,435,-27,1026,438,0,0,0,0,0,0,0,0,0,0,0,0,0,0,0,5,23710,0,23765,0,0,0,0,4030673,4040121,0,0,0,0,0,1000,1000,4280649
MPCTASK: EXP,0,18,870,-429,753,490,610,968,-66,553,-1625,-1125,-273,1232,435,33,985,436,0,0,0,0,0,0,0,0,0,0,0,0,0,0,0,5,19418,0,19473,0,0,0,0,3301057,3310501,0,0,0,0,0,1000,1000,4280649
MPCTASK: EXP,0,20,975,-350,811,472,836,762,-114,782,-1074,-1016,-173,1321,435,78,916,435,0,0,0,0,0,0,0,0,0,0,0,0,0,0,0,5,25196,0,25250,0,0,0,0,4283217,4292656,0,0,0,0,0,1000,1000,4296528
MPCTASK: EXP,0,22,1075,-244,852,451,972,534,-87,1025,-430,-942,-54,1367,435,110,823,435,0,0,0,0,0,0,0,0,0,0,0,0,0,0,0,5,24245,0,24300,0,0,0,0,4121525,4130971,0,0,0,0,0,1000,1000,4296528
MPCTASK: EXP,0,24,1173,-188,850,436,917,254,-22,1194,140,-760,68,1369,435,52,691,435,0,0,0,0,0,0,0,0,0,0,0,0,0,0,0,5,22746,0,22801,0,0,0,0,3866785,3876228,0,0,0,0,0,1000,1000,4296528
MPCTASK: EXP,0,26,1274,-79,835,436,856,-1,40,1182,656,-609,178,1330,435,33,562,435,0,0,0,0,0,0,0,0,0,0,0,0,0,0,0,5,23231,0,23284,0,0,0,0,3949147,3958430,0,0,0,0,0,1000,1000,4296528
MPCTASK: EXP,0,28,1374,4,809,442,686,-212,65,1056,1216,-488,260,1253,435,-30,446,435,0,0,0,0,0,0,0,0,0,0,0,0,0,0,0,5,23776,0,23831,0,0,0,0,4041886,4051332,0,0,0,0,0,1000,1000,4298732
MPCTASK: EXP,0,30,1473,75,764,453,445,-396,69,987,1567,-419,305,1145,435,-100,318,435,0,0,0,0,0,0,0,0,0,0,0,0,0,0,0,5,21930,0,21985,0,0,0,0,3728065,3737514,0,0,0,0,0,1000,1000,4298732
MPCTASK: EXP,0,32,1578,111,673,462,150,-605,44,871,1740,-428,304,1011,435,-186,162,435,0,0,0,0,0,0,0,0,0,0,0,0,0,0,0,5,25290,0,25352,0,0,0,0,4299175,4309823,0,0,0,0,0,1000,1000,4309823
MPCTASK: EXP,0,34,1674,134,592,465,-136,-739,12,708,1791,-428,256,855,435,-258,34,435,0,0,0,0,0,0,0,0,0,0,0,0,0,0,0,5,21548,0,21605,0,0,0,0,3663026,3673022,0,0,0,0,0,1000,1000,4309823
MPCTASK: EXP,0,36,1776,130,522,471,-404,-820,26,601,1577,-373,166,683,435,-311,-70,435,0,0,0,0,0,0,0,0,0,0,0,0,0,0,0,5,22583,0,22882,0,0,0,0,3839073,3890131,0,0,0,0,0,1000,1000,4309823
MPCTASK: EXP,0,38,1875,83,412,473,-663,-940,24,520,1224,-326,41,500,435,-371,-205,435,0,0,0,0,0,0,0,0,0,0,0,0,0,0,0,5,21423,0,22048,0,0,0,0,3641825,3748169,0,0,0,0,0,1000,1000,4327177
MPCTASK: EXP,0,40,1978,16,349,476,-822,-954,40,206,853,-178,-105,312,435,-406,-258,436,0,0,0,0,0,0,0,0,0,0,0,0,0,0,0,5,24911,0,25281,0,0,0,0,4234798,4297950,0,0,0,0,0,1000,1000,4327177
MPCTASK: EXP,0,42,2076,-62,265,481,-926,-953,53,135,484,-520,-260,122,435,-429,-330,438,0,0,0,0,0,0,0,0,0,0,0,0,0,0,0,5,23563,0,23617,0,0,0,0,4005661,4014965,0,0,0,0,0,1000,1000,4327177
MPCTASK: EXP,0,44,2176,-146,203,493,-970,-913,166,60,273,-1293,-408,-63,435,-438,-366,450,0,0,0,0,0,0,0,0,0,0,0,0,0,0,0,5,22990,0,23046,0,0,0,0,3908305,3917931,0,0,0,0,0,1000,1000,4327177
MPCTASK: EXP,0,46,2272,-248,143,518,-966,-882,244,247,-561,-1730,-533,-241,435,-397,-429,457,0,0,0,0,0,0,0,0,0,0,0,0,0,0,0,5,19681,0,20112,0,0,0,0,3345717,3419229,0,0,0,0,0,1000,1000,4327177
MPCTASK: EXP,0,48,2377,-322,78,557,-791,-963,282,640,-1752,-1611,-623,-408,435,-291,-513,466,0,0,0,0,0,0,0,0,0,0,0,0,0,0,0,5,24363,0,24424,0,0,0,0,4141754,4152227,0,0,0,0,0,1000,1000,4327177
MPCTASK: EXP,0,50,2474,-385,-5,586,-562,-1051,79,58,-1943,-1235,-669,-558,435,-236,-532,468,0,0,0,0,0,0,0,0,0,0,0,0,0,0,0,5,22049,0,22103,0,0,0,0,3748165,3757630,0,0,0,0,0,1000,1000,4327177
MPCTASK: EXP,0,52,2579,-416,-116,576,-281,-1060,-149,-685,-1714,-810,-667,-690,435,-165,-547,457,0,0,0,0,0,0,0,0,0,0,0,0,0,0,0,5,25845,0,25900,0,0,0,0,4393490,4403093,0,0,0,0,0,1000,1000,5046558
MPCTASK: EXP,0,54,2673,-421,-219,545,30,-961,-258,-869,-1709,-580,-616,-799,435,-74,-554,444,0,0,0,0,0,0,0,0,0,0,0,0,0,0,0,5,20782,0,21199,0,0,0,0,3532985,3603949,0,0,0,0,0,1000,1000,5046558
MPCTASK: EXP,0,56,2774,-388,-286,511,368,-789,-257,-887,-1553,-507,-522,-883,435,20,-520,435,0,0,0,0,0,0,0,0,0,0,0,0,0,0,0,5,21962,0,22016,0,0,0,0,3733349,3742966,0,0,0,0,0,1000,1000,5046558
MPCTASK: EXP,0,58,2875,-316,-326,483,683,-597,-181,-813,-1172,-502,-393,-939,435,111,-459,435,0,0,0,0,0,0,0,0,0,0,0,0,0,0,0,5,23517,0,23574,0,0,0,0,3997905,4007661,0,0,0,0,0,1000,1000,5046558
MPCTASK: EXP,0,60,2976,-237,-343,464,878,-414,-85,-647,-604,-533,-243,-968,435,151,-385,435,0,0,0,0,0,0,0,0,0,0,0,0,0,0,0,5,23508,0,23562,0,0,0,0,3996345,4005650,0,0,0,0,0,1000,1000,5046558
MPCTASK: EXP,0,62,3073,-145,-350,461,955,-263,18,-544,-33,-567,-86,-967,435,158,-305,435,0,0,0,0,0,0,0,0,0,0,0,0,0,0,0,5,20777,0,20831,0,0,0,0,3532081,3541382,0,0,0,0,0,1000,1000,5046558
MPCTASK: EXP,0,64,3177,-104,-373,467,848,-164,66,-583,431,-583,61,-937,435,84,-238,435,0,0,0,0,0,0,0,0,0,0,0,0,0,0,0,5,24571,0,24636,0,0,0,0,4177041,4188194,0,0,0,0,0,1000,1000,5046558
MPCTASK: EXP,0,66,3270,-18,-356,481,760,-7,83,-648,893,-530,187,-879,435,43,-126,439,0,0,0,0,0,0,0,0,0,0,0,0,0,0,0,5,17693,0,17982,0,0,0,0,3007738,3057052,0,0,0,0,0,1000,1000,5046558
MPCTASK: EXP,0,68,3376,50,-332,494,596,147,52,-741,1322,-429,277,-794,435,-22,-11,441,0,0,0,0,0,0,0,0,0,0,0,0,0,0,0,5,23841,0,23895,0,0,0,0,4052981,4062286,0,0,0,0,0,1000,1000,5046558
MPCTASK: EXP,0,70,3472,101,-307,502,369,294,-2,-828,1602,-327,323,-683,435,-99,101,441,0,0,0,0,0,0,0,0,0,0,0,0,0,0,0,5,20131,0,20186,0,0,0,0,3422138,3431862,0,0,0,0,0,1000,1000,5046558
MPCTASK: EXP,0,72,3573,122,-263,502,95,465,-59,-942,1784,-205,320,-551,435,-193,230,439,0,0,0,0,0,0,0,0,0,0,0,0,0,0,0,5,20628,0,21045,0,0,0,0,3506697,3577702,0,0,0,0,0,1000,1000,5046558
MPCTASK: EXP,0,74,3677,119,-208,491,-194,643,-109,-1013,1685,-102,269,-399,435,-276,362,435,0,0,0,0,0,0,0,0,0,0,0,0,0,0,0,5,24355,0,24684,0,0,0,0,4139917,4196389,0,0,0,0,0,1000,1000,5046558
MPCTASK: EXP,0,76,3780,103,-132,484,-450,832,-82,-992,1457,3,174,-232,435,-335,499,435,0,0,0,0,0,0,0,0,0,0,0,0,0,0,0,5,26832,0,26887,0,0,0,0,4561345,4571093,0,0,0,0,0,1000,1000,5046558
MPCTASK: EXP,0,78,3874,44,-47,478,-689,985,-33,-734,1092,80,46,-54,435,-398,612,435,0,0,0,0,0,0,0,0,0,0,0,0,0,0,0,5,21028,0,21459,0,0,0,0,3574585,3648138,0,0,0,0,0,1000,1000,5046558
MPCTASK: EXP,0,80,3975,6,31,477,-795,1037,3,-371,797,306,-104,129,435,-404,684,435,0,0,0,0,0,0,0,0,0,0,0,0,0,0,0,5,22940,0,23003,0,0,0,0,3899761,3910606,0,0,0,0,0,1000,1000,5046558
MPCTASK: EXP,0,82,4074,-76,112,481,-908,1042,37,-221,555,757,-261,316,435,-436,750,437,0,0,0,0,0,0,0,0,0,0,0,0,0,0,0,5,21423,0,22101,0,0,0,0,3641750,3757260,0,0,0,0,0,1000,1000,5046558
MPCTASK: EXP,0,84,4175,-146,220,489,-941,1067,63,-128,105,1243,-409,501,435,-415,837,442,0,0,0,0,0,0,0,0,0,0,0,0,0,0,0,5,22400,0,22574,0,0,0,0,3807865,3837609,0,0,0,0,0,1000,1000,5046558
MPCTASK: EXP,0,86,4276,-279,289,493,-982,1018,-5,58,-515,1319,-535,679,435,-428,868,439,0,0,0,0,0,0,0,0,0,0,0,0,0,0,0,5,23323,0,23740,0,0,0,0,3964871,4035878,0,0,0,0,0,1000,1000,5046558
MPCTASK: EXP,0,88,4376,-386,375,497,-866,1000,-36,147,-1336,975,-625,845,435,-378,914,439,0,0,0,0,0,0,0,0,0,0,0,0,0,0,0,5,24363,0,24425,0,0,0,0,4141649,4152386,0,0,0,0,0,1000,1000,5046558
MPCTASK: EXP,0,90,4470,-501,436,505,-674,934,-37,119,-1822,347,-671,996,435,-346,924,441,0,0,0,0,0,0,0,0,0,0,0,0,0,0,0,5,17990,0,18052,0,0,0,0,3058261,3068974,0,0,0,0,0,1000,1000,5046558
MPCTASK: EXP,0,92,4575,-554,522,503,-331,897,-51,139,-2173,-410,-668,1128,435,-251,938,439,0,0,0,0,0,0,0,0,0,0,0,0,0,0,0,5,22213,0,22273,0,0,0,0,3776094,3786557,0,0,0,0,0,1000,1000,5046558
MPCTASK: EXP,0,94,4676,-572,606,498,71,803,-60,204,-2390,-1033,-617,1237,435,-133,931,438,0,0,0,0,0,0,0,0,0,0,0,0,0,0,0,5,23334,0,23529,0,0,0,0,3966685,4000027,0,0,0,0,0,1000,1000,5046558
MPCTASK: EXP,0,96,4778,-560,655,483,456,623,-104,293,-2342,-1391,-522,1322,435,-32,874,435,0,0,0,0,0,0,0,0,0,0,0,0,0,0,0,5,26142,0,26205,0,0,0,0,4444052,4454895,0,0,0,0,0,1000,1000,5046558
MPCTASK: EXP,0,98,4874,-490,686,466,848,429,-114,338,-1936,-1429,-394,1379,435,69,805,435,0,0,0,0,0,0,0,0,0,0,0,0,0,0,0,5,21564,0,22006,0,0,0,0,3665786,3740967,0,0,0,0,0,1000,1000,5046558
MPCTASK: EXP,0,100,4976,-422,676,447,1084,239,-94,226,-1108,-1228,-243,1408,435,94,715,435,0,0,0,0,0,0,0,0,0,0,0,0,0,0,0,5,22486,0,23011,0,0,0,0,3822446,3911890,0,0,0,0,0,1000,1000,5046558
MPCTASK: EXP,0,102,5075,-281,668,427,1272,135,-50,198,-260,-986,-86,1407,435,151,635,435,0,0,0,0,0,0,0,0,0,0,0,0,0,0,0,5,21810,0,21863,0,0,0,0,3707545,3716846,0,0,0,0,0,1000,1000,5046558
MPCTASK: EXP,0,104,5175,-207,672,429,1148,72,49,358,569,-744,62,1377,435,77,564,435,0,0,0,0,0,0,0,0,0,0,0,0,0,0,0,5,22094,0,22148,0,0,0,0,3756022,3765322,0,0,0,0,0,1000,1000,5046558
MPCTASK: EXP,0,106,5276,-88,678,445,1017,17,106,522,1087,-554,187,1319,435,44,491,435,0,0,0,0,0,0,0,0,0,0,0,0,0,0,0,5,23593,0,24269,0,0,0,0,4010737,4125678,0,0,0,0,0,1000,1000,5046558
MPCTASK: EXP,0,108,5374,-21,669,467,792,-61,104,562,1548,-351,277,1234,435,-38,412,435,0,0,0,0,0,0,0,0,0,0,0,0,0,0,0,5,21762,0,21816,0,0,0,0,3699549,3708853,0,0,0,0,0,1000,1000,5046558
MPCTASK: EXP,0,110,5474,49,644,478,526,-170,24,634,1874,-143,323,1123,435,-114,309,436,0,0,0,0,0,0,0,0,0,0,0,0,0,0,0,5,21529,0,21585,0,0,0,0,3659869,3669482,0,0,0,0,0,1000,1000,5046558
MPCTASK: EXP,0,112,5575,68,584,476,167,-350,-65,730,1988,-17,320,991,435,-225,165,435,0,0,0,0,0,0,0,0,0,0,0,0,0,0,0,5,22637,0,23282,0,0,0,0,3848265,3957998,0,0,0,0,0,1000,1000,5046558
MPCTASK: EXP,0,114,5674,44,525,465,-233,-515,-102,647,1752,113,269,839,435,-342,42,435,0,0,0,0,0,0,0,0,0,0,0,0,0,0,0,5,21569,0,21624,0,0,0,0,3666589,3676053,0,0,0,0,0,1000,1000,5046558
MPCTASK: EXP,0,116,5776,11,514,451,-501,-564,-72,665,1360,250,174,672,435,-407,-19,435,0,0,0,0,0,0,0,0,0,0,0,0,0,0,0,5,23038,0,23099,0,0,0,0,3916345,3926963,0,0,0,0,0,1000,1000,5046558
MPCTASK: EXP,0,118,5875,-55,471,444,-721,-682,-7,831,956,252,46,494,435,-468,-119,435,0,0,0,0,0,0,0,0,0,0,0,0,0,0,0,5,21653,0,21707,0,0,0,0,3680815,3690272,0,0,0,0,0,1000,1000,5046558
MPCTASK: EXP,0,120,5978,-135,400,448,-847,-834,66,861,445,46,-104,310,435,-495,-234,435,0,0,0,0,0,0,0,0,0,0,0,0,0,0,0,5,24143,0,24198,0,0,0,0,4104334,4113789,0,0,0,0,0,1000,1000,5046558
MPCTASK: EXP,0,122,6074,-219,339,460,-868,-939,118,846,-172,-324,-261,123,435,-485,-318,435,0,0,0,0,0,0,0,0,0,0,0,0,0,0,0,5,21209,0,21264,0,0,0,0,3605478,3614936,0,0,0,0,0,1000,1000,5046558
MPCTASK: EXP,0,124,6178,-307,261,474,-842,-1032,134,450,-502,-526,-409,-61,435,-473,-378,438,0,0,0,0,0,0,0,0,0,0,0,0,0,0,0,5,24969,0,25033,0,0,0,0,4244553,4255710,0,0,0,0,0,1000,1000,5046558
MPCTASK: EXP,0,126,6279,-392,158,494,-728,-1045,116,-107,-805,-542,-535,-239,435,-431,-425,443,0,0,0,0,0,0,0,0,0,0,0,0,0,0,0,5,24572,0,24626,0,0,0,0,4177154,4186616,0,0,0,0,0,1000,1000,5046558
MPCTASK: EXP,0,128,6379,-461,64,508,-587,-1000,21,-309,-1160,-295,-625,-405,435,-374,-464,444,0,0,0,0,0,0,0,0,0,0,0,0,0,0,0,5,24281,0,24338,0,0,0,0,4127706,4137480,0,0,0,0,0,1000,1000,5046558
MPCTASK: EXP,0,130,6478,-503,-11,506,-360,-924,-71,-159,-1608,-63,-671,-556,435,-278,-492,440,0,0,0,0,0,0,0,0,0,0,0,0,0,0,0,5,23636,0,23691,0,0,0,0,4018090,4027553,0,0,0,0,0,1000,1000,5046558
MPCTASK: EXP,0,132,6577,-514,-80,500,-83,-882,-124,-16,-1812,57,-668,-688,435,-178,-513,437,0,0,0,0,0,0,0,0,0,0,0,0,0,0,0,5,22875,0,22929,0,0,0,0,3888689,3897992,0,0,0,0,0,1000,1000,5046558
MPCTASK: EXP,0,134,6676,-498,-156,481,241,-854,-177,-20,-1772,93,-617,-797,435,-74,-527,435,0,0,0,0,0,0,0,0,0,0,0,0,0,0,0,5,21580,0,21635,0,0,0,0,3668449,3677912,0,0,0,0,0,1000,1000,5046558
MPCTASK: EXP,0,136,6777,-440,-226,461,578,-812,-157,-126,-1496,17,-522,-882,435,33,-523,435,0,0,0,0,0,0,0,0,0,0,0,0,0,0,0,5,22177,0,22232,0,0,0,0,3770046,3779504,0,0,0,0,0,1000,1000,5046558
MPCTASK: EXP,0,138,6879,-372,-268,440,822,-712,-115,-281,-1049,-163,-394,-939,435,98,-475,435,0,0,0,0,0,0,0,0,0,0,0,0,0,0,0,5,24953,0,25008,0,0,0,0,4241945,4251406,0,0,0,0,0,1000,1000,5046558
MPCTASK: EXP,0,140,6978,-275,-324,430,988,-633,-28,-412,-486,-322,-243,-968,435,144,-440,435,0,0,0,0,0,0,0,0,0,0,0,0,0,0,0,5,23278,0,23674,0,0,0,0,3957166,4024723,0,0,0,0,0,1000,1000,5046558
MPCTASK: EXP,0,142,7074,-195,-375,431,996,-530,53,-557,116,-477,-86,-967,435,124,-389,435,0,0,0,0,0,0,0,0,0,0,0,0,0,0,0,5,19032,0,19087,0,0,0,0,3235397,3244861,0,0,0,0,0,1000,1000,5046558
MPCTASK: EXP,0,144,7176,-77,-397,445,978,-364,109,-773,675,-554,62,-938,435,120,-296,435,0,0,0,0,0,0,0,0,0,0,0,0,0,0,0,5,22032,0,22087,0,0,0,0,3745449,3754909,0,0,0,0,0,1000,1000,5046558
MPCTASK: EXP,0,146,7279,12,-407,462,833,-174,100,-928,1264,-550,187,-879,435,63,-188,435,0,0,0,0,0,0,0,0,0,0,0,0,0,0,0,5,25195,0,25250,0,0,0,0,4283089,4292551,0,0,0,0,0,1000,1000,5046558
MPCTASK: EXP,0,148,7378,77,-405,475,601,22,36,-1005,1655,-507,277,-794,435,-19,-79,435,0,0,0,0,0,0,0,0,0,0,0,0,0,0,0,5,23458,0,23606,0,0,0,0,3987834,4013185,0,0,0,0,0,1000,1000,5046558
MPCTASK: EXP,0,150,7476,109,-390,478,309,222,-43,-1050,1807,-428,323,-684,435,-119,36,435,0,0,0,0,0,0,0,0,0,0,0,0,0,0,0,5,21851,0,21908,0,0,0,0,3714577,3724472,0,0,0,0,0,1000,1000,5046558
MPCTASK: EXP,0,152,7578,120,-346,471,9,448,-92,-1110,1762,-287,320,-551,435,-212,176,435,0,0,0,0,0,0,0,0,0,0,0,0,0,0,0,5,23265,0,23320,0,0,0,0,3955046,3964904,0,0,0,0,0,1000,1000,5046558
MPCTASK: EXP,0,154,7679,98,-292,458,-292,659,-98,-1071,1546,-155,269,-399,435,-306,308,435,0,0,0,0,0,0,0,0,0,0,0,0,0,0,0,5,24634,0,24689,0,0,0,0,4187749,4197216,0,0,0,0,0,1000,1000,5046558
MPCTASK: EXP,0,156,7778,43,-223,453,-561,845,-43,-961,1163,-43,174,-232,435,-388,434,435,0,0,0,0,0,0,0,0,0,0,0,0,0,0,0,5,23103,0,23295,0,0,0,0,3927289,3960325,0,0,0,0,0,1000,1000,5046558
MPCTASK: EXP,0,158,7877,-18,-146,453,-727,975,9,-732,731,66,46,-54,435,-431,538,435,0,0,0,0,0,0,0,0,0,0,0,0,0,0,0,5,21454,0,21509,0,0,0,0,3647073,3656533,0,0,0,0,0,1000,1000,5046558
MPCTASK: EXP,0,160,7977,-84,-44,455,-807,1077,32,-443,323,203,-104,129,435,-442,644,435,0,0,0,0,0,0,0,0,0,0,0,0,0,0,0,5,22055,0,22109,0,0,0,0,3749153,3758616,0,0,0,0,0,1000,1000,5046558
MPCTASK: EXP,0,162,8075,-158,42,460,-821,1088,32,-146,2,323,-261,316,435,-437,707,435,0,0,0,0,0,0,0,0,0,0,0,0,0,0,0,5,19802,0,19857,0,0,0,0,3366385,3375847,0,0,0,0,0,1000,1000,5046558
MPCTASK: EXP,0,164,8180,-209,113,466,-741,1029,29,27,-394,563,-409,501,435,-378,745,435,0,0,0,0,0,0,0,0,0,0,0,0,0,0,0,5,23301,0,23646,0,0,0,0,3961094,4019872,0,0,0,0,0,1000,1000,5046558
MPCTASK: EXP,0,166,8279,-261,174,467,-633,957,-30,70,-501,872,-535,679,435,-330,770,435,0,0,0,0,0,0,0,0,0,0,0,0,0,0,0,5,22121,0,22175,0,0,0,0,3760459,3769940,0,0,0,0,0,1000,1000,5046558
MPCTASK: EXP,0,168,8378,-308,242,469,-514,937,-25,-271,-754,1271,-625,845,435,-276,829,435,0,0,0,0,0,0,0,0,0,0,0,0,0,0,0,5,22236,0,22291,0,0,0,0,3780021,3789487,0,0,0,0,0,1000,1000,5046558
MPCTASK: EXP,0,170,8479,-365,313,470,-419,975,-6,-386,-949,1604,-671,996,435,-234,884,435,0,0,0,0,0,0,0,0,0,0,0,0,0,0,0,5,22709,0,23108,0,0,0,0,3860449,3928413,0,0,0,0,0,1000,1000,5046558
MPCTASK: EXP,0,172,8579,-390,409,472,-238,1080,-36,-239,-1318,1620,-668,1128,435,-162,939,435,0,0,0,0,0,0,0,0,0,0,0,0,0,0,0,5,22642,0,22696,0,0,0,0,3849061,3858525,0,0,0,0,0,1000,1000,5046558
MPCTASK: EXP,0,174,8676,-425,514,471,-60,1115,-45,340,-1378,1290,-617,1237,435,-121,959,435,0,0,0,0,0,0,0,0,0,0,0,0,0,0,0,5,19663,0,19718,0,0,0,0,3342754,3352216,0,0,0,0,0,1000,1000,5046558
MPCTASK: EXP,0,176,8779,-433,603,466,162,1028,-77,833,-1418,841,-522,1322,435,-69,929,435,0,0,0,0,0,0,0,0,0,0,0,0,0,0,0,5,22241,0,22295,0,0,0,0,3780919,3790218,0,0,0,0,0,1000,1000,5046558
MPCTASK: EXP,0,178,8879,-424,672,462,390,828,-86,1191,-1466,422,-393,1379,435,-22,864,435,0,0,0,0,0,0,0,0,0,0,0,0,0,0,0,5,23013,0,23067,0,0,0,0,3912117,3921583,0,0,0,0,0,1000,1000,5046558
MPCTASK: EXP,0,180,8979,-390,716,450,614,567,-99,1212,-1258,71,-243,1408,435,10,777,435,0,0,0,0,0,0,0,0,0,0,0,0,0,0,0,5,21881,0,21941,0,0,0,0,3719338,3730039,0,0,0,0,0,1000,1000,5046558
MPCTASK: EXP,0,182,9078,-343,726,438,777,279,-82,1163,-903,-181,-86,1407,435,18,661,435,0,0,0,0,0,0,0,0,0,0,0,0,0,0,0,5,20140,0,20194,0,0,0,0,3423713,3433176,0,0,0,0,0,1000,1000,5046558
MPCTASK: EXP,0,184,9183,-272,731,429,871,55,-54,902,-390,-360,61,1378,435,11,572,435,0,0,0,0,0,0,0,0,0,0,0,0,0,0,0,5,25351,0,25405,0,0,0,0,4309634,4318933,0,0,0,0,0,1000,1000,5046558
MPCTASK: EXP,0,186,9280,-189,716,422,865,-118,-5,783,335,-566,187,1320,435,-24,467,435,0,0,0,0,0,0,0,0,0,0,0,0,0,0,0,5,23002,0,23064,0,0,0,0,3910336,3920965,0,0,0,0,0,1000,1000,5046558
MPCTASK: EXP,0,188,9381,-142,686,430,691,-285,88,925,709,-698,276,1235,435,-101,341,435,0,0,0,0,0,0,0,0,0,0,0,0,0,0,0,5,21873,0,22057,0,0,0,0,3718241,3749630,0,0,0,0,0,1000,1000,5046558
MPCTASK: EXP,0,190,9479,-96,619,446,515,-486,97,931,929,-774,322,1125,435,-168,192,435,0,0,0,0,0,0,0,0,0,0,0,0,0,0,0,5,20229,0,20285,0,0,0,0,3438798,3448554,0,0,0,0,0,1000,1000,5046558
MPCTASK: EXP,0,192,9582,-76,569,457,282,-593,52,716,1280,-814,319,993,435,-261,96,435,0,0,0,0,0,0,0,0,0,0,0,0,0,0,0,5,23762,0,23819,0,0,0,0,4039393,4049405,0,0,0,0,0,1000,1000,5046558
MPCTASK: EXP,0,194,9679,-80,501,459,5,-681,-5,714,1435,-873,267,842,435,-353,-25,435,0,0,0,0,0,0,0,0,0,0,0,0,0,0,0,5,21558,0,21620,0,0,0,0,3664717,3675496,0,0,0,0,0,1000,1000,5046558
MPCTASK: EXP,0,196,9783,-114,472,460,-290,-690,9,576,1373,-1113,172,675,435,-450,-68,435,0,0,0,0,0,0,0,0,0,0,0,0,0,0,0,5,23840,0,23897,0,0,0,0,4052870,4062642,0,0,0,0,0,1000,1000,5046558
MPCTASK: EXP,0,198,9879,-181,394,460,-592,-752,29,656,1086,-1344,44,496,435,-529,-184,435,0,0,0,0,0,0,0,0,0,0,0,0,0,0,0,5,20712,0,20767,0,0,0,0,3520925,3530408,0,0,0,0,0,1000,1000,5046558
MPCTASK: EXP,0,200,9980,-230,342,460,-705,-809,66,867,110,-1367,-104,310,435,-505,-279,435,0,0,0,0,0,0,0,0,0,0,0,0,0,0,0,5,21708,0,22154,0,0,0,0,3690297,3766359,0,0,0,0,0,1000,1000,5046558
MPCTASK: EXP,0,202,10080,-335,272,470,-767,-936,79,743,-470,-1276,-260,121,435,-523,-364,435,0,0,0,0,0,0,0,0,0,0,0,0,0,0,0,5,22317,0,22377,0,0,0,0,3793957,3804134,0,0,0,0,0,1000,1000,5046558
MPCTASK: EXP,0,204,10180,-419,185,480,-711,-1005,-3,131,-677,-986,-406,-65,435,-508,-406,435,0,0,0,0,0,0,0,0,0,0,0,0,0,0,0,5,21461,0,21523,0,0,0,0,3648258,3658992,0,0,0,0,0,1000,1000,5046558
MPCTASK: EXP,0,206,10283,-490,96,479,-600,-990,-65,-165,-928,-564,-528,-247,435,-468,-446,435,0,0,0,0,0,0,0,0,0,0,0,0,0,0,0,5,23675,0,23730,0,0,0,0,4024753,4034254,0,0,0,0,0,1000,1000,5046558
MPCTASK: EXP,0,208,10379,-535,29,475,-397,-923,-87,-82,-1409,-168,-614,-418,435,-385,-457,435,0,0,0,0,0,0,0,0,0,0,0,0,0,0,0,5,20038,0,20094,0,0,0,0,3406317,3416042,0,0,0,0,0,1000,1000,5046558
MPCTASK: EXP,0,210,10484,-557,-46,465,-134,-882,-132,-55,-1618,181,-656,-573,435,-299,-463,435,0,0,0,0,0,0,0,0,0,0,0,0,0,0,0,5,24975,0,25036,0,0,0,0,4245669,4256349,0,0,0,0,0,1000,1000,5046558
MPCTASK: EXP,0,212,10583,-540,-112,451,175,-814,-148,-117,-1608,356,-652,-708,435,-203,-440,435,0,0,0,0,0,0,0,0,0,0,0,0,0,0,0,5,21840,0,21894,0,0,0,0,3712662,3722002,0,0,0,0,0,1000,1000,5046558
MPCTASK: EXP,0,214,10688,-488,-171,430,482,-732,-154,-241,-1358,365,-601,-816,435,-111,-398,435,0,0,0,0,0,0,0,0,0,0,0,0,0,0,0,5,28005,0,28062,0,0,0,0,4760741,4770533,0,0,0,0,0,1000,1000,5046558
MPCTASK: EXP,0,216,10784,-415,-204,408,721,-595,-115,-419,-884,251,-512,-895,435,-47,-316,435,0,0,0,0,0,0,0,0,0,0,0,0,0,0,0,5,24016,0,24071,0,0,0,0,4082593,4092094,0,0,0,0,0,1000,1000,5046558
MPCTASK: EXP,0,218,10882,-326,-240,399,857,-462,-18,-577,-330,90,-396,-937,435,-11,-243,435,0,0,0,0,0,0,0,0,0,0,0,0,0,0,0,5,22303,0,22365,0,0,0,0,3791281,3802056,0,0,0,0,0,1000,1000,5046558
MPCTASK: EXP,0,220,10983,-238,-261,401,875,-306,60,-736,229,-87,-267,-941,435,-6,-163,435,0,0,0,0,0,0,0,0,0,0,0,0,0,0,0,5,22250,0,22307,0,0,0,0,3782437,3792318,0,0,0,0,0,1000,1000,5046558
MPCTASK: EXP,0,222,11085,-152,-272,415,795,-143,113,-839,767,-204,-142,-903,435,-17,-98,435,0,0,0,0,0,0,0,0,0,0,0,0,0,0,0,5,24626,0,25021,0,0,0,0,4186245,4253704,0,0,0,0,0,1000,1000,5046558
MPCTASK: EXP,0,224,11184,-94,-275,428,617,20,86,-921,1126,-263,-37,-823,435,-43,-53,435,0,0,0,0,0,0,0,0,0,0,0,0,0,0,0,5,23961,0,24018,0,0,0,0,4073257,4083109,0,0,0,0,0,1000,1000,5046558
MPCTASK: EXP,0,226,11283,-40,-257,438,429,191,38,-849,1253,-257,36,-704,435,-49,-22,435,0,0,0,0,0,0,0,0,0,0,0,0,0,0,0,5,23025,0,23078,0,0,0,0,3914001,3923501,0,0,0,0,0,1000,1000,5046558
MPCTASK: EXP,0,228,11385,-13,-221,441,217,349,0,-675,1203,-199,70,-552,435,-74,18,435,0,0,0,0,0,0,0,0,0,0,0,0,0,0,0,5,23481,0,24079,0,0,0,0,3991585,4093511,0,0,0,0,0,1000,1000,5046558
MPCTASK: EXP,0,230,11488,-7,-181,441,21,449,-15,-396,942,-106,63,-379,435,-99,49,435,0,0,0,0,0,0,0,0,0,0,0,0,0,0,0,5,27962,0,28017,0,0,0,0,4753473,4762973,0,0,0,0,0,1000,1000,5046558
MPCTASK: EXP,0,232,11581,-11,-142,438,-112,481,-19,-141,629,14,22,-200,435,-119,83,435,0,0,0,0,0,0,0,0,0,0,0,0,0,0,0,5,21071,0,21128,0,0,0,0,3581961,3591750,0,0,0,0,0,1000,1000,5046558
MPCTASK: EXP,0,234,11684,-28,-113,436,-199,454,-9,35,356,128,-39,-35,435,-151,126,435,0,0,0,0,0,0,0,0,0,0,0,0,0,0,0,5,24566,0,24629,0,0,0,0,4176157,4186955,0,0,0,0,0,1000,1000,5046558
MPCTASK: EXP,0,236,11782,-46,-86,438,-233,409,12,52,172,244,-102,97,435,-194,203,435,0,0,0,0,0,0,0,0,0,0,0,0,0,0,0,5,21235,0,21290,0,0,0,0,3609874,3619382,0,0,0,0,0,1000,1000,5046558
MPCTASK: EXP,0,238,11887,-55,-52,439,-233,397,3,-128,186,415,-150,181,435,-238,324,435,0,0,0,0,0,0,0,0,0,0,0,0,0,0,0,5,26957,0,27015,0,0,0,0,4582621,4592572,0,0,0,0,0,1000,1000,5046558
MPCTASK: EXP,0,240,11984,-70,-17,440,-248,429,-4,-481,194,623,-171,216,435,-270,459,435,0,0,0,0,0,0,0,0,0,0,0,0,0,0,0,5,24096,0,24149,0,0,0,0,4096089,4105430,0,0,0,0,0,1000,1000,5046558
MPCTASK: EXP,0,242,12082,-81,19,440,-270,518,-24,-904,273,834,-173,219,435,-275,583,435,0,0,0,0,0,0,0,0,0,0,0,0,0,0,0,5,20947,0,21199,0,0,0,0,3560941,3603800,0,0,0,0,0,1000,1000,5046558
MPCTASK: EXP,0,244,12186,-108,50,439,-331,630,-25,-1102,151,914,-178,227,435,-254,659,435,0,0,0,0,0,0,0,0,0,0,0,0,0,0,0,5,23963,0,24020,0,0,0,0,4073601,4083536,0,0,0,0,0,1000,1000,5046558
MPCTASK: EXP,0,246,12285,-137,124,440,-354,816,-10,-1007,-101,959,-203,273,435,-217,760,435,0,0,0,0,0,0,0,0,0,0,0,0,0,0,0,5,22635,0,22766,0,0,0,0,3847993,3870229,0,0,0,0,0,1000,1000,5046558
MPCTASK: EXP,0,248,12385,-147,230,438,-299,1015,-17,-861,-343,1044,-250,372,435,-148,874,435,0,0,0,0,0,0,0,0,0,0,0,0,0,0,0,5,21618,0,22480,0,0,0,0,3674877,3821662,0,0,0,0,0,1000,1000,5046558
MPCTASK: EXP,0,250,12486,-179,341,435,-263,1138,-14,-329,-407,1103,-306,517,435,-112,941,435,0,0,0,0,0,0,0,0,0,0,0,0,0,0,0,5,23592,0,23726,0,0,0,0,4010605,4033464,0,0,0,0,0,1000,1000,5046558
MPCTASK: EXP,0,252,12583,-194,442,432,-165,1155,-5,-32,-663,1064,-353,691,435,-48,981,435,0,0,0,0,0,0,0,0,0,0,0,0,0,0,0,5,21105,0,21161,0,0,0,0,3587777,3597424,0,0,0,0,0,1000,1000,5046558
MPCTASK: EXP,0,254,12685,-215,551,438,-52,1137,31,377,-904,782,-374,872,435,2,1000,435,0,0,0,0,0,0,0,0,0,0,0,0,0,0,0,5,23332,0,23472,0,0,0,0,3966293,3990298,0,0,0,0,0,1000,1000,5046558
MPCTASK: EXP,0,256,12786,-223,647,445,105,1028,22,793,-1146,458,-359,1042,435,51,983,435,0,0,0,0,0,0,0,0,0,0,0,0,0,0,0,5,22987,0,23049,0,0,0,0,3907705,3918450,0,0,0,0,0,1000,1000,5046558
MPCTASK: EXP,0,258,12886,-216,722,451,280,849,-7,909,-1143,138,-305,1185,435,87,940,435,0,0,0,0,0,0,0,0,0,0,0,0,0,0,0,5,23108,0,23524,0,0,0,0,3928263,3999305,0,0,0,0,0,1000,1000,5046558
MPCTASK: EXP,0,260,12984,-189,775,449,446,645,-32,921,-968,-134,-216,1291,435,109,877,435,0,0,0,0,0,0,0,0,0,0,0,0,0,0,0,5,21918,0,21975,0,0,0,0,3726053,3735886,0,0,0,0,0,1000,1000,5046558
MPCTASK: EXP,0,262,13086,-149,799,438,570,409,-61,1007,-738,-340,-103,1354,435,115,777,435,0,0,0,0,0,0,0,0,0,0,0,0,0,0,0,5,24562,0,24625,0,0,0,0,4175417,4186281,0,0,0,0,0,1000,1000,5046558
MPCTASK: EXP,0,264,13184,-101,804,428,640,167,-44,1024,-366,-490,20,1373,435,96,665,435,0,0,0,0,0,0,0,0,0,0,0,0,0,0,0,5,20741,0,21459,0,0,0,0,3525813,3648087,0,0,0,0,0,1000,1000,5046558
MPCTASK: EXP,0,266,13286,-32,790,425,662,-57,-1,957,98,-587,136,1350,435,71,548,435,0,0,0,0,0,0,0,0,0,0,0,0,0,0,0,5,24184,0,24238,0,0,0,0,4111078,4120418,0,0,0,0,0,1000,1000,5046558
MPCTASK: EXP,0,268,13380,22,777,427,571,-212,24,887,631,-617,231,1288,435,6,450,435,0,0,0,0,0,0,0,0,0,0,0,0,0,0,0,5,17153,0,17756,0,0,0,0,2915989,3018597,0,0,0,0,0,1000,1000,5046558
MPCTASK: EXP,0,270,13487,88,759,436,437,-329,51,929,1070,-619,292,1192,435,-49,353,435,0,0,0,0,0,0,0,0,0,0,0,0,0,0,0,5,24208,0,24262,0,0,0,0,4115213,4124712,0,0,0,0,0,1000,1000,5046558
MPCTASK: EXP,0,272,13583,112,714,441,203,-479,15,926,1345,-565,310,1067,435,-141,236,435,0,0,0,0,0,0,0,0,0,0,0,0,0,0,0,5,19694,0,19747,0,0,0,0,3347741,3357082,0,0,0,0,0,1000,1000,5046558
MPCTASK: EXP,0,274,13688,106,644,444,-71,-641,-5,866,1415,-534,281,919,435,-239,103,435,0,0,0,0,0,0,0,0,0,0,0,0,0,0,0,5,22341,0,22637,0,0,0,0,3797942,3848393,0,0,0,0,0,1000,1000,5046558
MPCTASK: EXP,0,276,13789,80,571,440,-348,-762,-13,689,1447,-599,207,753,435,-332,-8,435,0,0,0,0,0,0,0,0,0,0,0,0,0,0,0,5,22755,0,23290,0,0,0,0,3868213,3959270,0,0,0,0,0,1000,1000,5046558
MPCTASK: EXP,0,278,13887,25,503,440,-610,-837,4,682,1149,-776,94,574,435,-405,-109,435,0,0,0,0,0,0,0,0,0,0,0,0,0,0,0,5,22040,0,22095,0,0,0,0,3746629,3756132,0,0,0,0,0,1000,1000,5046558
MPCTASK: EXP,0,280,13987,-64,435,443,-822,-904,72,688,603,-1025,-45,387,435,-466,-201,435,0,0,0,0,0,0,0,0,0,0,0,0,0,0,0,5,21875,0,21931,0,0,0,0,3718625,3728414,0,0,0,0,0,1000,1000,5046558
MPCTASK: EXP,0,282,14090,-182,341,445,-959,-986,65,250,205,-1001,-198,198,435,-523,-282,435,0,0,0,0,0,0,0,0,0,0,0,0,0,0,0,5,23151,0,23336,0,0,0,0,3935725,3967245,0,0,0,0,0,1000,1000,5046558
MPCTASK: EXP,0,284,14189,-271,267,453,-943,-952,56,-93,-372,-673,-351,10,435,-493,-323,435,0,0,0,0,0,0,0,0,0,0,0,0,0,0,0,5,22122,0,22178,0,0,0,0,3760693,3770381,0,0,0,0,0,1000,1000,5046558
MPCTASK: EXP,0,286,14293,-355,181,463,-827,-931,11,20,-994,-270,-486,-171,435,-436,-392,435,0,0,0,0,0,0,0,0,0,0,0,0,0,0,0,5,27035,0,27226,0,0,0,0,4595893,4628604,0,0,0,0,0,1000,1000,5046558
MPCTASK: EXP,0,288,14389,-419,97,470,-613,-924,-21,158,-1449,82,-592,-343,435,-352,-451,435,0,0,0,0,0,0,0,0,0,0,0,0,0,0,0,5,23242,0,23305,0,0,0,0,3951041,3961933,0,0,0,0,0,1000,1000,5046558
MPCTASK: EXP,0,290,14492,-448,18,464,-324,-915,-104,212,-1631,358,-656,-500,435,-244,-493,435,0,0,0,0,0,0,0,0,0,0,0,0,0,0,0,5,24948,0,25208,0,0,0,0,4241101,4285568,0,0,0,0,0,1000,1000,5046558
MPCTASK: EXP,0,292,14584,-446,-61,448,-1,-910,-152,220,-1695,453,-674,-640,435,-124,-527,435,0,0,0,0,0,0,0,0,0,0,0,0,0,0,0,5,17499,0,17642,0,0,0,0,2974661,2999218,0,0,0,0,0,1000,1000,5046558
MPCTASK: EXP,0,294,14691,-413,-129,425,334,-880,-156,141,-1578,373,-642,-758,435,-3,-536,435,0,0,0,0,0,0,0,0,0,0,0,0,0,0,0,5,23243,0,23430,0,0,0,0,3951214,3983218,0,0,0,0,0,1000,1000,5046558
MPCTASK: EXP,0,296,14789,-343,-207,408,650,-866,-96,2,-1284,193,-564,-852,435,113,-545,435,0,0,0,0,0,0,0,0,0,0,0,0,0,0,0,5,22014,0,22068,0,0,0,0,3742289,3751791,0,0,0,0,0,1000,1000,5046558
MPCTASK: EXP,0,298,14893,-263,-258,399,865,-778,-12,-207,-820,-99,-448,-920,435,183,-507,435,0,0,0,0,0,0,0,0,0,0,0,0,0,0,0,5,24847,0,25323,0,0,0,0,4223882,4304986,0,0,0,0,0,1000,1000,5046558
MPCTASK: EXP,0,300,14989,-166,-317,401,985,-700,56,-353,-314,-369,-305,-960,435,226,-476,435,0,0,0,0,0,0,0,0,0,0,0,0,0,0,0,5,21628,0,21683,0,0,0,0,3676673,3686176,0,0,0,0,0,1000,1000,5046558
MPCTASK: EXP,0,302,15090,-79,-364,409,979,-587,101,-537,246,-585,-149,-971,435,215,-417,435,0,0,0,0,0,0,0,0,0,0,0,0,0,0,0,5,23035,0,23090,0,0,0,0,3915861,3925365,0,0,0,0,0,1000,1000,5046558
MPCTASK: EXP,0,304,15187,11,-408,429,899,-450,143,-748,783,-693,4,-953,435,181,-346,435,0,0,0,0,0,0,0,0,0,0,0,0,0,0,0,5,19298,0,19680,0,0,0,0,3280445,3345642,0,0,0,0,0,1000,1000,5046558
MPCTASK: EXP,0,306,15291,89,-429,448,742,-264,117,-925,1298,-705,140,-906,435,113,-247,435,0,0,0,0,0,0,0,0,0,0,0,0,0,0,0,5,22105,0,22159,0,0,0,0,3757678,3767181,0,0,0,0,0,1000,1000,5046558
MPCTASK: EXP,0,308,15388,155,-432,458,534,-52,22,-1082,1702,-615,246,-831,435,35,-131,435,0,0,0,0,0,0,0,0,0,0,0,0,0,0,0,5,20097,0,20153,0,0,0,0,3416313,3426208,0,0,0,0,0,1000,1000,5046558
MPCTASK: EXP,0,310,15492,182,-426,456,244,164,-75,-1201,1844,-507,310,-730,435,-71,-14,435,0,0,0,0,0,0,0,0,0,0,0,0,0,0,0,5,24233,0,24288,0,0,0,0,4119457,4128959,0,0,0,0,0,1000,1000,5046558
MPCTASK: EXP,0,312,15589,182,-391,445,-69,418,-121,-1223,1781,-366,327,-606,435,-179,125,435,0,0,0,0,0,0,0,0,0,0,0,0,0,0,0,5,20043,0,20105,0,0,0,0,3407185,3417828,0,0,0,0,0,1000,1000,5046558
MPCTASK: EXP,0,314,15696,154,-333,432,-371,665,-100,-1173,1520,-222,295,-462,435,-281,270,435,0,0,0,0,0,0,0,0,0,0,0,0,0,0,0,5,25913,0,25969,0,0,0,0,4405113,4414803,0,0,0,0,0,1000,1000,5046558
MPCTASK: EXP,0,316,15789,84,-255,426,-647,885,-38,-1017,1126,-102,217,-301,435,-381,411,435,0,0,0,0,0,0,0,0,0,0,0,0,0,0,0,5,20079,0,20134,0,0,0,0,3413369,3422874,0,0,0,0,0,1000,1000,5046558
MPCTASK: EXP,0,318,15894,10,-182,427,-807,1008,20,-699,642,20,100,-127,435,-434,507,435,0,0,0,0,0,0,0,0,0,0,0,0,0,0,0,5,25000,0,25055,0,0,0,0,4249989,4259488,0,0,0,0,0,1000,1000,5046558
MPCTASK: EXP,0,320,15996,-73,-85,430,-879,1087,38,-351,190,163,-42,55,435,-459,603,435,0,0,0,0,0,0,0,0,0,0,0,0,0,0,0,5,26066,0,26259,0,0,0,0,4431173,4464072,0,0,0,0,0,1000,1000,5046558
MPCTASK: EXP,0,322,16095,-116,34,441,-806,1132,68,-96,-183,347,-198,242,435,-410,708,435,0,0,0,0,0,0,0,0,0,0,0,0,0,0,0,5,25687,0,25741,0,0,0,0,4366633,4376136,0,0,0,0,0,1000,1000,5046558
MPCTASK: EXP,0,324,16190,-175,120,452,-728,1083,58,99,-371,448,-352,428,435,-373,756,435,0,0,0,0,0,0,0,0,0,0,0,0,0,0,0,5,20334,0,20389,0,0,0,0,3456717,3466222,0,0,0,0,0,1000,1000,5046558
MPCTASK: EXP,0,326,16294,-216,188,458,-600,997,-1,123,-606,553,-488,609,435,-304,788,435,0,0,0,0,0,0,0,0,0,0,0,0,0,0,0,5,25022,0,25077,0,0,0,0,4253721,4263227,0,0,0,0,0,1000,1000,5046558
MPCTASK: EXP,0,328,16393,-258,267,457,-466,959,-55,-59,-763,698,-594,780,435,-241,843,435,0,0,0,0,0,0,0,0,0,0,0,0,0,0,0,5,23234,0,23288,0,0,0,0,3949641,3958981,0,0,0,0,0,1000,1000,5046558
MPCTASK: EXP,0,330,16496,-276,334,451,-300,947,-66,-204,-793,904,-658,938,435,-167,882,435,0,0,0,0,0,0,0,0,0,0,0,0,0,0,0,5,25493,0,25547,0,0,0,0,4333757,4343098,0,0,0,0,0,1000,1000,5046558
MPCTASK: EXP,0,332,16592,-286,408,447,-143,958,-46,-133,-816,1037,-675,1078,435,-100,911,435,0,0,0,0,0,0,0,0,0,0,0,0,0,0,0,5,21628,0,21683,0,0,0,0,3676701,3686205,0,0,0,0,0,1000,1000,5046558
MPCTASK: EXP,0,334,16694,-289,488,443,2,966,-39,-23,-864,1051,-643,1196,435,-44,935,435,0,0,0,0,0,0,0,0,0,0,0,0,0,0,0,5,23990,0,24045,0,0,0,0,4078293,4087795,0,0,0,0,0,1000,1000,5046558
MPCTASK: EXP,0,336,16791,-289,563,441,140,926,-26,326,-917,873,-565,1291,435,4,921,435,0,0,0,0,0,0,0,0,0,0,0,0,0,0,0,5,20100,0,20155,0,0,0,0,3416982,3426488,0,0,0,0,0,1000,1000,5046558
MPCTASK: EXP,0,338,16896,-278,637,442,299,843,-16,557,-1056,546,-448,1359,435,44,897,435,0,0,0,0,0,0,0,0,0,0,0,0,0,0,0,5,25160,0,25214,0,0,0,0,4277037,4286378,0,0,0,0,0,1000,1000,5046558
MPCTASK: EXP,0,340,16991,-261,692,449,447,687,31,836,-982,199,-305,1400,435,62,831,435,0,0,0,0,0,0,0,0,0,0,0,0,0,0,0,5,20470,0,20525,0,0,0,0,3479893,3489392,0,0,0,0,0,1000,1000,5046558
MPCTASK: EXP,0,342,17093,-227,737,452,573,501,5,1006,-841,-56,-149,1411,435,67,756,435,0,0,0,0,0,0,0,0,0,0,0,0,0,0,0,5,23235,0,23290,0,0,0,0,3949837,3959336,0,0,0,0,0,1000,1000,5046558
MPCTASK: EXP,0,344,17195,-179,756,449,656,288,-44,951,-431,-258,4,1393,435,47,667,435,0,0,0,0,0,0,0,0,0,0,0,0,0,0,0,5,24386,0,24441,0,0,0,0,4145489,4154992,0,0,0,0,0,1000,1000,5046558
MPCTASK: EXP,0,346,17295,-118,769,439,671,111,-68,964,89,-438,140,1346,435,12,575,435,0,0,0,0,0,0,0,0,0,0,0,0,0,0,0,5,22542,0,22603,0,0,0,0,3832065,3842558,0,0,0,0,0,1000,1000,5046558
MPCTASK: EXP,0,348,17398,-55,766,435,603,-77,-19,1087,452,-589,246,1271,435,-31,464,435,0,0,0,0,0,0,0,0,0,0,0,0,0,0,0,5,25204,0,25259,0,0,0,0,4284476,4293982,0,0,0,0,0,1000,1000,5046558
MPCTASK: EXP,0,350,17495,-10,745,440,453,-277,21,1186,838,-706,310,1170,435,-104,343,435,0,0,0,0,0,0,0,0,0,0,0,0,0,0,0,5,21919,0,21973,0,0,0,0,3726028,3735363,0,0,0,0,0,1000,1000,5046558
MPCTASK: EXP,0,352,17595,36,704,444,282,-462,11,1158,1069,-775,327,1046,435,-157,220,435,0,0,0,0,0,0,0,0,0,0,0,0,0,0,0,5,21273,0,21328,0,0,0,0,3616349,3625848,0,0,0,0,0,1000,1000,5046558
MPCTASK: EXP,0,354,17698,41,664,444,38,-605,-12,1064,1303,-856,295,902,435,-258,119,435,0,0,0,0,0,0,0,0,0,0,0,0,0,0,0,5,24225,0,24283,0,0,0,0,4118145,4128164,0,0,0,0,0,1000,1000,5046558
MPCTASK: EXP,0,356,17799,-10,572,443,-326,-777,13,746,1592,-1118,217,741,435,-411,-4,435,0,0,0,0,0,0,0,0,0,0,0,0,0,0,0,5,25797,0,25852,0,0,0,0,4385445,4394944,0,0,0,0,0,1000,1000,5046558
MPCTASK: EXP,0,358,17895,-73,495,447,-665,-821,78,473,1431,-1355,100,567,435,-508,-91,435,0,0,0,0,0,0,0,0,0,0,0,0,0,0,0,5,21237,0,21598,0,0,0,0,3610098,3671670,0,0,0,0,0,1000,1000,5046558
MPCTASK: EXP,0,360,17997,-155,473,454,-861,-745,91,405,550,-1299,-42,384,435,-533,-116,435,0,0,0,0,0,0,0,0,0,0,0,0,0,0,0,5,23264,0,23319,0,0,0,0,3954925,3964425,0,0,0,0,0,1000,1000,5046558
MPCTASK: EXP,0,362,18094,-250,428,457,-910,-749,25,458,-188,-1138,-198,197,435,-533,-178,435,0,0,0,0,0,0,0,0,0,0,0,0,0,0,0,5,20578,0,20632,0,0,0,0,3498153,3507494,0,0,0,0,0,1000,1000,5046558
MPCTASK: EXP,0,364,18196,-356,363,467,-882,-812,0,481,-789,-763,-352,11,435,-518,-251,435,0,0,0,0,0,0,0,0,0,0,0,0,0,0,0,5,22461,0,22516,0,0,0,0,3818169,3827673,0,0,0,0,0,1000,1000,5046558
MPCTASK: EXP,0,366,18294,-444,289,467,-748,-868,-64,358,-1180,-219,-488,-169,435,-469,-316,435,0,0,0,0,0,0,0,0,0,0,0,0,0,0,0,5,20850,0,20913,0,0,0,0,3544406,3555307,0,0,0,0,0,1000,1000,5046558
MPCTASK: EXP,0,368,18397,-506,220,463,-517,-901,-89,534,-1603,312,-594,-340,435,-378,-378,435,0,0,0,0,0,0,0,0,0,0,0,0,0,0,0,5,23244,0,23299,0,0,0,0,3951473,3960973,0,0,0,0,0,1000,1000,5046558
MPCTASK: EXP,0,370,18495,-528,141,457,-196,-946,-124,632,-1810,668,-658,-498,435,-255,-433,435,0,0,0,0,0,0,0,0,0,0,0,0,0,0,0,5,21965,0,22019,0,0,0,0,3733893,3743234,0,0,0,0,0,1000,1000,5046558
MPCTASK: EXP,0,372,18593,-520,46,436,145,-1009,-181,573,-1751,769,-675,-638,435,-134,-493,435,0,0,0,0,0,0,0,0,0,0,0,0,0,0,0,5,20111,0,20166,0,0,0,0,3418902,3428400,0,0,0,0,0,1000,1000,5046558
MPCTASK: EXP,0,374,18696,-481,-39,415,475,-1028,-162,363,-1571,638,-643,-757,435,-15,-520,435,0,0,0,0,0,0,0,0,0,0,0,0,0,0,0,5,22978,0,23041,0,0,0,0,3906261,3917157,0,0,0,0,0,1000,1000,5046558
MPCTASK: EXP,0,376,18794,-410,-113,396,771,-998,-95,96,-1259,342,-565,-851,435,95,-517,435,0,0,0,0,0,0,0,0,0,0,0,0,0,0,0,5,20610,0,20665,0,0,0,0,3503601,3513101,0,0,0,0,0,1000,1000,5046558
MPCTASK: EXP,0,378,18894,-334,-181,389,951,-933,-5,-165,-790,-25,-448,-920,435,153,-495,435,0,0,0,0,0,0,0,0,0,0,0,0,0,0,0,5,21559,0,21628,0,0,0,0,3664909,3676890,0,0,0,0,0,1000,1000,5046558
MPCTASK: EXP,0,380,18995,-232,-249,390,1061,-844,59,-389,-282,-373,-305,-960,435,197,-461,435,0,0,0,0,0,0,0,0,0,0,0,0,0,0,0,5,21626,0,22057,0,0,0,0,3676401,3749886,0,0,0,0,0,1000,1000,5046558
MPCTASK: EXP,0,382,19095,-138,-314,405,1045,-728,133,-624,304,-602,-149,-971,435,185,-412,435,0,0,0,0,0,0,0,0,0,0,0,0,0,0,0,5,22415,0,22478,0,0,0,0,3810517,3821412,0,0,0,0,0,1000,1000,5046558
MPCTASK: EXP,0,384,19195,-38,-372,425,958,-573,144,-873,893,-696,4,-953,435,153,-344,435,0,0,0,0,0,0,0,0,0,0,0,0,0,0,0,5,20921,0,20976,0,0,0,0,3556549,3566052,0,0,0,0,0,1000,1000,5046558
MPCTASK: EXP,0,386,19297,50,-395,444,803,-347,89,-1088,1355,-675,140,-906,435,98,-236,435,0,0,0,0,0,0,0,0,0,0,0,0,0,0,0,5,23639,0,23693,0,0,0,0,4018453,4027794,0,0,0,0,0,1000,1000,5046558
MPCTASK: EXP,0,388,19396,113,-411,452,576,-127,-3,-1196,1704,-562,246,-831,435,16,-130,435,0,0,0,0,0,0,0,0,0,0,0,0,0,0,0,5,23062,0,23117,0,0,0,0,3920465,3929965,0,0,0,0,0,1000,1000,5046558
MPCTASK: EXP,0,390,19497,147,-412,446,288,108,-97,-1298,1814,-423,310,-731,435,-84,-14,435,0,0,0,0,0,0,0,0,0,0,0,0,0,0,0,5,23627,0,23947,0,0,0,0,4016485,4070930,0,0,0,0,0,1000,1000,5046558
MPCTASK: EXP,0,392,19597,152,-384,434,-24,371,-129,-1344,1757,-255,327,-606,435,-188,125,435,0,0,0,0,0,0,0,0,0,0,0,0,0,0,0,5,23315,0,23369,0,0,0,0,3963325,3972829,0,0,0,0,0,1000,1000,5046558
MPCTASK: EXP,0,394,19695,136,-320,422,-316,649,-99,-1268,1526,-69,295,-462,435,-281,279,435,0,0,0,0,0,0,0,0,0,0,0,0,0,0,0,5,21496,0,21723,0,0,0,0,3654294,3693016,0,0,0,0,0,1000,1000,5046558
MPCTASK: EXP,0,396,19793,74,-243,417,-599,875,-37,-1064,1160,65,217,-301,435,-379,418,435,0,0,0,0,0,0,0,0,0,0,0,0,0,0,0,5,20288,0,20343,0,0,0,0,3448869,3458372,0,0,0,0,0,1000,1000,5046558
MPCTASK: EXP,0,398,19896,12,-160,415,-763,1018,12,-729,721,210,100,-127,435,-428,526,435,0,0,0,0,0,0,0,0,0,0,0,0,0,0,0,5,22847,0,22901,0,0,0,0,3883945,3893284,0,0,0,0,0,1000,1000,5046558
MPCTASK: EXP,0,400,19997,-64,-106,421,-845,1017,61,-300,290,307,-42,55,435,-449,566,435,0,0,0,0,0,0,0,0,0,0,0,0,0,0,0,5,22352,0,22786,0,0,0,0,3799741,3873605,0,0,0,0,0,1000,1000,5046558
MPCTASK: EXP,0,402,20096,-131,-34,432,-826,992,76,-118,-126,431,-198,242,435,-428,623,435,0,0,0,0,0,0,0,0,0,0,0,0,0,0,0,5,22441,0,22496,0,0,0,0,3814834,3824332,0,0,0,0,0,1000,1000,5046558
MPCTASK: EXP,0,404,20197,-199,47,442,-762,977,50,-95,-409,537,-352,428,435,-396,689,435,0,0,0,0,0,0,0,0,0,0,0,0,0,0,0,5,23789,0,23846,0,0,0,0,4044037,4053949,0,0,0,0,0,1000,1000,5046558
MPCTASK: EXP,0,406,20295,-246,116,446,-631,944,2,-104,-698,601,-488,609,435,-327,735,435,0,0,0,0,0,0,0,0,0,0,0,0,0,0,0,5,21777,0,21832,0,0,0,0,3702081,3711583,0,0,0,0,0,1000,1000,5046558
MPCTASK: EXP,0,408,20395,-281,186,447,-457,929,-6,-155,-948,633,-594,780,435,-242,780,435,0,0,0,0,0,0,0,0,0,0,0,0,0,0,0,5,21350,0,21405,0,0,0,0,3629365,3639170,0,0,0,0,0,1000,1000,5046558
MPCTASK: EXP,0,410,20498,-296,257,446,-247,929,-31,-208,-1092,697,-658,938,435,-151,823,435,0,0,0,0,0,0,0,0,0,0,0,0,0,0,0,5,24216,0,24271,0,0,0,0,4116586,4126089,0,0,0,0,0,1000,1000,5046558
MPCTASK: EXP,0,412,20596,-295,330,437,-56,956,-98,-350,-925,849,-675,1077,435,-80,869,435,0,0,0,0,0,0,0,0,0,0,0,0,0,0,0,5,22832,0,23518,0,0,0,0,3881421,3998129,0,0,0,0,0,1000,1000,5046558
MPCTASK: EXP,0,414,20698,-281,409,427,110,986,-81,-146,-869,938,-643,1196,435,-8,891,435,0,0,0,0,0,0,0,0,0,0,0,0,0,0,0,5,23456,0,23664,0,0,0,0,3987398,4022978,0,0,0,0,0,1000,1000,5046558
MPCTASK: EXP,0,416,20795,-263,484,425,256,963,-19,194,-838,830,-565,1291,435,44,879,435,0,0,0,0,0,0,0,0,0,0,0,0,0,0,0,5,20808,0,20863,0,0,0,0,3537217,3546716,0,0,0,0,0,1000,1000,5046558
MPCTASK: EXP,0,418,20894,-251,556,431,375,866,39,617,-867,516,-448,1359,435,71,840,435,0,0,0,0,0,0,0,0,0,0,0,0,0,0,0,5,19657,0,19712,0,0,0,0,3341601,3351100,0,0,0,0,0,1000,1000,5046558
MPCTASK: EXP,0,420,20994,-230,628,436,471,736,18,771,-655,215,-305,1400,435,66,804,435,0,0,0,0,0,0,0,0,0,0,0,0,0,0,0,5,20062,0,20117,0,0,0,0,3410593,3420093,0,0,0,0,0,1000,1000,5046558
MPCTASK: EXP,0,422,21097,-216,674,439,498,554,0,881,-480,-47,-149,1411,435,33,733,435,0,0,0,0,0,0,0,0,0,0,0,0,0,0,0,5,22088,0,22143,0,0,0,0,3754773,3764279,0,0,0,0,0,1000,1000,5046558
MPCTASK: EXP,0,424,21197,-170,715,443,544,374,16,1030,-251,-321,4,1393,435,15,653,435,0,0,0,0,0,0,0,0,0,0,0,0,0,0,0,5,21669,0,21724,0,0,0,0,3683693,3693197,0,0,0,0,0,1000,1000,5046558
MPCTASK: EXP,0,426,21297,-129,740,443,530,185,-14,1085,9,-500,140,1346,435,-27,567,435,0,0,0,0,0,0,0,0,0,0,0,0,0,0,0,5,22048,0,22103,0,0,0,0,3748157,3757660,0,0,0,0,0,1000,1000,5046558
MPCTASK: EXP,0,428,21397,-100,746,440,439,-7,-5,1084,366,-818,245,1272,435,-101,470,435,0,0,0,0,0,0,0,0,0,0,0,0,0,0,0,5,21693,0,21754,0,0,0,0,3687702,3698357,0,0,0,0,0,1000,1000,5046558
MPCTASK: EXP,0,430,21496,-86,749,446,280,-176,53,1283,461,-1108,309,1172,435,-180,361,435,0,0,0,0,0,0,0,0,0,0,0,0,0,0,0,5,20121,0,20313,0,0,0,0,3420389,3453306,0,0,0,0,0,1000,1000,5046558
MPCTASK: EXP,0,432,21597,-78,724,455,131,-400,78,1530,402,-1318,326,1048,435,-245,220,435,0,0,0,0,0,0,0,0,0,0,0,0,0,0,0,5,21195,0,21250,0,0,0,0,3603190,3612693,0,0,0,0,0,1000,1000,5046558
MPCTASK: EXP,0,434,21698,-93,677,466,-40,-632,59,1519,488,-1443,293,904,435,-324,85,435,0,0,0,0,0,0,0,0,0,0,0,0,0,0,0,5,23244,0,23299,0,0,0,0,3951389,3960890,0,0,0,0,0,1000,1000,5046558
MPCTASK: EXP,0,436,21797,-100,575,471,-181,-896,34,1197,577,-1514,215,743,435,-371,-73,435,0,0,0,0,0,0,0,0,0,0,0,0,0,0,0,5,22184,0,22246,0,0,0,0,3707263,3781753,0,0,0,0,0,1000,1000,5046558
MPCTASK: EXP,0,438,21898,-139,496,468,-357,-997,0,622,757,-1556,99,569,435,-438,-150,435,0,0,0,0,0,0,0,0,0,0,0,0,0,0,0,5,21796,0,21988,0,0,0,0,3705217,3738130,0,0,0,0,0,1000,1000,5046558
MPCTASK: EXP,0,440,22003,-195,416,468,-530,-980,7,39,910,-1510,-43,385,435,-498,-196,435,0,0,0,0,0,0,0,0,0,0,0,0,0,0,0,5,26964,0,27018,0,0,0,0,4583665,4593164,0,0,0,0,0,1000,1000,5046558
MPCTASK: EXP,0,442,22097,-272,352,475,-684,-864,30,-313,586,-1353,-198,197,435,-526,-216,435,0,0,0,0,0,0,0,0,0,0,0,0,0,0,0,5,21053,0,21108,0,0,0,0,3578897,3588400,0,0,0,0,0,1000,1000,5046558
MPCTASK: EXP,0,444,22198,-348,299,473,-726,-764,-60,-152,-151,-923,-349,8,435,-503,-254,435,0,0,0,0,0,0,0,0,0,0,0,0,0,0,0,5,22224,0,22288,0,0,0,0,3778073,3788929,0,0,0,0,0,1000,1000,5046558
MPCTASK: EXP,0,446,22299,-421,226,464,-656,-768,-129,237,-888,-309,-483,-175,435,-448,-325,435,0,0,0,0,0,0,0,0,0,0,0,0,0,0,0,5,21782,0,21839,0,0,0,0,3702958,3712812,0,0,0,0,0,1000,1000,5046558
MPCTASK: EXP,0,448,22395,-481,157,459,-467,-809,-128,496,-1431,214,-585,-351,435,-374,-380,435,0,0,0,0,0,0,0,0,0,0,0,0,0,0,0,5,18688,0,18743,0,0,0,0,3176821,3186325,0,0,0,0,0,1000,1000,5046558
MPCTASK: EXP,0,450,22497,-496,91,448,-175,-856,-160,659,-1602,519,-645,-513,435,-273,-414,435,0,0,0,0,0,0,0,0,0,0,0,0,0,0,0,5,20995,0,21049,0,0,0,0,3569061,3578402,0,0,0,0,0,1000,1000,5046558
MPCTASK: EXP,0,452,22599,-474,8,427,151,-928,-196,568,-1502,611,-659,-657,435,-166,-440,435,0,0,0,0,0,0,0,0,0,0,0,0,0,0,0,5,23004,0,23065,0,0,0,0,3910545,3921189,0,0,0,0,0,1000,1000,5046558
MPCTASK: EXP,0,454,22700,-426,-64,396,449,-940,-192,225,-1196,515,-626,-776,435,-78,-423,435,0,0,0,0,0,0,0,0,0,0,0,0,0,0,0,5,21886,0,21940,0,0,0,0,3720406,3729905,0,0,0,0,0,1000,1000,5046558
MPCTASK: EXP,0,456,22804,-350,-132,376,680,-889,-103,-186,-760,300,-552,-867,435,-8,-377,435,0,0,0,0,0,0,0,0,0,0,0,0,0,0,0,5,26176,0,26231,0,0,0,0,4449811,4459317,0,0,0,0,0,1000,1000,5046558
MPCTASK: EXP,0,458,22900,-273,-180,368,786,-747,9,-534,-242,44,-445,-925,435,15,-297,435,0,0,0,0,0,0,0,0,0,0,0,0,0,0,0,5,23184,0,23238,0,0,0,0,3941181,3950522,0,0,0,0,0,1000,1000,5046558
MPCTASK: EXP,0,460,22998,-183,-228,376,808,-586,101,-786,293,-158,-319,-945,435,24,-225,435,0,0,0,0,0,0,0,0,0,0,0,0,0,0,0,5,20781,0,20843,0,0,0,0,3532542,3543347,0,0,0,0,0,1000,1000,5046558
MPCTASK: EXP,0,462,23102,-112,-259,392,714,-387,135,-1011,763,-300,-191,-923,435,-1,-148,435,0,0,0,0,0,0,0,0,0,0,0,0,0,0,0,5,23186,0,23241,0,0,0,0,3941477,3950977,0,0,0,0,0,1000,1000,5046558
MPCTASK: EXP,0,464,23205,-41,-270,410,581,-165,112,-1118,1124,-344,-76,-860,435,-8,-94,435,0,0,0,0,0,0,0,0,0,0,0,0,0,0,0,5,26157,0,26213,0,0,0,0,4446565,4456321,0,0,0,0,0,1000,1000,5046558
MPCTASK: EXP,0,466,23300,-2,-281,423,377,20,60,-1099,1290,-336,11,-756,435,-47,-52,435,0,0,0,0,0,0,0,0,0,0,0,0,0,0,0,5,22039,0,22094,0,0,0,0,3746585,3756016,0,0,0,0,0,1000,1000,5046558
MPCTASK: EXP,0,468,23400,19,-263,428,172,219,6,-941,1158,-295,61,-616,435,-70,-7,435,0,0,0,0,0,0,0,0,0,0,0,0,0,0,0,5,22149,0,22202,0,0,0,0,3765129,3774341,0,0,0,0,0,1000,1000,5046558
MPCTASK: EXP,0,470,23500,23,-227,425,-13,380,-24,-682,937,-166,70,-450,435,-89,26,435,0,0,0,0,0,0,0,0,0,0,0,0,0,0,0,5,20939,0,20993,0,0,0,0,3559598,3568909,0,0,0,0,0,1000,1000,5046558
MPCTASK: EXP,0,472,23602,8,-189,423,-162,467,-17,-369,630,1,41,-271,435,-104,39,435,0,0,0,0,0,0,0,0,0,0,0,0,0,0,0,5,24014,0,24067,0,0,0,0,4082246,4091497,0,0,0,0,0,1000,1000,5046558
MPCTASK: EXP,0,474,23699,-9,-150,423,-239,488,3,-84,284,196,-13,-98,435,-109,51,435,0,0,0,0,0,0,0,0,0,0,0,0,0,0,0,5,21038,0,21091,0,0,0,0,3576341,3585535,0,0,0,0,0,1000,1000,5046558
MPCTASK: EXP,0,476,23804,-31,-120,425,-256,444,8,155,19,372,-78,49,435,-119,63,435,0,0,0,0,0,0,0,0,0,0,0,0,0,0,0,5,26421,0,26473,0,0,0,0,4491565,4500537,0,0,0,0,0,1000,1000,5046558
MPCTASK: EXP,0,478,23900,-38,-89,428,-209,385,11,244,-103,506,-133,154,435,-124,88,435,0,0,0,0,0,0,0,0,0,0,0,0,0,0,0,5,20086,0,20387,0,0,0,0,3414541,3465821,0,0,0,0,0,1000,1000,5046558
MPCTASK: EXP,0,480,24000,-45,-67,434,-160,319,19,180,-105,584,-166,207,435,-128,106,435,0,0,0,0,0,0,0,0,0,0,0,0,0,0,0,5,21056,0,21108,0,0,0,0,3579389,3588402,0,0,0,0,0,1000,1000,5046558
MPCTASK: EXP,0,482,24101,-44,-51,433,-113,270,-9,68,-32,623,-173,219,435,-107,90,435,0,0,0,0,0,0,0,0,0,0,0,0,0,0,0,5,21653,0,22023,0,0,0,0,3680864,3743942,0,0,0,0,0,1000,1000,5046558
MPCTASK: TRAJ DONE: idx=482, max=482; requesting landing
MPCTASK: LANDING: start z=0.43, hold=(-0.04,-0.04)
MPCTASK: TIMING SUMMARY: max_step_cycles=5046558 deadline_cycles=8400000 overruns=0
MPCTASK: LANDING COMPLETE: t=30428 ms, x=-0.041, y=-0.036, z=0.010, vz=-0.089; motors off