---
SYS: Crazyflie 2.1 Brushless is up and running!
SYS: Build 2:de14ff9f08ae (2025.09.1 +2) MODIFIED
SYS: I am 0x373930393434471500370039 and I have 1024KB of flash!
CFGBLK: v1, verification [OK]
DECK_DISCOVERY: Backend found: onewire
DECK_DISCOVERY: Backend found: deckctrl
DECK_CORE: 1 deck(s) found
DECK_CORE: Calling INIT on driver bcFlow2 for deck 0
ZR2: Z-down sensor [OK]
PMW: Motion chip id: 0x49:0xB6
IMU: BMI088: Using I2C interface.
IMU: BMI088 Gyro connection [OK].
IMU: BMI088 Accel connection [OK]
IMU: BMP390 I2C connection [OK]
ESTIMATOR: Using Kalman (2) estimator
CONTROLLER: Using PID (1) controller
MTR-DRV: Using brushless motor driver
SYS: About to run tests in system.c.
SYS: NRF51 version: 2026.04 (C21B)
EEPROM: I2C connection [OK].
STORAGE: Storage check [OK].
IMU: BMI088 gyro self-test [OK]
DECK_CORE: Deck 0 test [OK].
SYS: Self test passed!
STAB: Wait for sensor calibration...
SYS: Free heap: 15048 bytes
MPCTASK: Waiting for activation ...
STAB: Starting stabilizer loop
ESTKALMAN: State out of bounds, resetting
STAB: WARNING: stabilizer loop rate is off (1004)
MPCTASK: Benchmark mode 0, maneuver 4, max_iter 5, task_pri 0
MPCTASK: Reference altitude: 0.70 m; barrier skip when z>0.75 and vz>-0.20
MPCTASK: OOT takeoff: cfclient trigger>=0.15m ramp=0.15m/s figure8_start=3000ms_at_measured_z target=0.70m timeout=12000ms
MPCTASK: Common baseline: mpc_hz=20 model_hz=20 rho=5 base_w=0 base_qz=1 Qz=100 R=4 bridge=x10 guards=z[ref,ref+0.20] xy=free cap=0.05
MPCTASK: MPC->PID: xyz=x10, z_guard=[ref,ref+0.20], yaw=raw_rz, output_hold=200ms, safety_hold=500ms
MPCTASK: Reference origin: xyz=measured_at_forced_3s_start target_z=0.70 m
MPCTASK: Fixed baseline: w=0 qz=1 adaptive_cache=off
MPCTASK: EXP every=2: m,s,tms,p3[mm],v3[mmps],att3[cdeg],ref3[mm],cmd3[mm],h/raw/grad/mar/thr[milli],act/ac/bind,wi/qi/cache/noa,pa/pf/du[milli],it,mpc/eval/total[us],bar/tanh/rl/cache/solve/step[cycles],overruns,post_active/post_infeasible_totals,wreq/w/qzreq/qz[milli],max_step_cycles
MPCTASK: Figure8: source=traj_fig8_12.h source_hz=100 samples=1205 laps=2 duration=24.07 s origin=forced_3s_start start_delay=3000ms z_baseline=measured_at_start
CONTROLLER: Using OutOfTree (6) controller
MPCTASK: Trajectory origin: x=0.03 y=-0.03 z=0.01
MPCTASK: OOT activated at z=0.01
SUP: Ready to fly
MPCTASK: TAKEOFF START: trigger_z=0.15 start_z=0.01 target=0.70 hold=(0.01,-0.08) ramp=0.15m/s
MPCTASK: OOT loop 1 done
MPCTASK: MPC task loop 1
MPCTASK: x0: pos=(0.01,-0.08,0MPCTASK: OOT loop 2 done
.01) vel=(0.01,-0.02,-0.0)
MPCTASK: ref: (0.MPCTASK: OOT loop 3 done
01,-0.08,0.01)
MPCTASK: MPC solve start
MPCTASK: MPC solve done, iter=5
MPCTASK: MPC time=23852 us
MPCTASK: MPC stack free=1143 words
MPCTASK: setpoint: x=0.01 y=-0.08 z=0.08 preview_z=0.08
MPCTASK: MPC task loop 2
MPCTASK: MPC task loop 3
MPCTASK: TAKEOFF COMPLETE: t=3000ms z=0.44 vz=0.25; trajectory queued origin=(-0.03,-0.05,0.44)
MPCTASK: TRAJ START: z=0.44 origin=(-0.03,-0.05,0.44) EXP clock reset; Z metric begins at t+3s
MPCTASK: EXP,0,2,75,-31,-55,460,-10,-178,247,-112,-69,997,-38,-58,446,-89,229,447,0,0,0,0,0,0,0,0,0,0,0,0,0,0,0,5,24596,0,24651,0,0,0,0,4181242,4190730,0,0,0,0,0,1000,1000,4190730
MPCTASK: EXP,0,4,173,-43,-111,483,-36,-190,165,-954,59,1116,-49,-39,446,-74,251,450,0,0,0,0,0,0,0,0,0,0,0,0,0,0,0,5,23103,0,23164,0,0,0,0,3927470,3937949,0,0,0,0,0,1000,1000,4190730
MPCTASK: EXP,0,6,274,-64,-141,504,-112,-39,98,-1565,-26,1179,-84,27,446,-54,303,453,0,0,0,0,0,0,0,0,0,0,0,0,0,0,0,5,22998,0,23053,0,0,0,0,3909606,3919097,0,0,0,0,0,1000,1000,4190730
MPCTASK: EXP,0,8,373,-103,-153,510,-195,184,-12,-1832,-200,1185,-137,146,446,-46,361,451,0,0,0,0,0,0,0,0,0,0,0,0,0,0,0,5,22580,0,22634,0,0,0,0,3838414,3847905,0,0,0,0,0,1000,1000,4190730
MPCTASK: EXP,0,10,475,-148,-139,509,-237,471,-61,-1864,-543,862,-191,305,446,-26,426,449,0,0,0,0,0,0,0,0,0,0,0,0,0,0,0,5,24967,0,25021,0,0,0,0,4244194,4253682,0,0,0,0,0,1000,1000,4253682
MPCTASK: EXP,0,12,571,-197,-72,502,-180,789,-68,-1421,-1085,505,-230,485,446,12,507,447,0,0,0,0,0,0,0,0,0,0,0,0,0,0,0,5,20885,0,20939,0,0,0,0,3550322,3559649,0,0,0,0,0,1000,1000,4253682
MPCTASK: EXP,0,14,674,-230,-21,499,-24,961,-28,-990,-1288,200,-237,664,446,57,530,447,0,0,0,0,0,0,0,0,0,0,0,0,0,0,0,5,22975,0,23033,0,0,0,0,3905743,3915741,0,0,0,0,0,1000,1000,4253682
MPCTASK: EXP,0,16,773,-260,57,503,155,1075,10,-674,-1389,-167,-206,824,446,85,558,450,0,0,0,0,0,0,0,0,0,0,0,0,0,0,0,5,22819,0,23124,0,0,0,0,3879046,3931122,0,0,0,0,0,1000,1000,4253682
MPCTASK: EXP,0,18,878,-271,109,513,351,1056,70,-330,-1325,-634,-137,953,445,104,525,455,0,0,0,0,0,0,0,0,0,0,0,0,0,0,0,5,27620,0,27675,0,0,0,0,4695362,4704854,0,0,0,0,0,1000,1000,4704854
MPCTASK: EXP,0,20,975,-258,174,518,516,989,62,-40,-1121,-1105,-37,1042,445,107,490,458,0,0,0,0,0,0,0,0,0,0,0,0,0,0,0,5,24237,0,24293,0,0,0,0,4120290,4129969,0,0,0,0,0,1000,1000,4704854
MPCTASK: EXP,0,22,1081,-227,233,527,650,876,119,292,-832,-1543,81,1087,445,100,432,464,0,0,0,0,0,0,0,0,0,0,0,0,0,0,0,5,29997,0,30052,0,0,0,0,5099494,5108990,0,0,0,0,0,1000,1000,5108990
MPCTASK: EXP,0,24,1173,-165,264,539,723,714,161,285,-162,-1848,204,1089,445,66,366,469,0,0,0,0,0,0,0,0,0,0,0,0,0,0,0,5,22024,0,22448,0,0,0,0,3744035,3816223,0,0,0,0,0,1000,1000,5108990
MPCTASK: EXP,0,26,1279,-113,261,554,643,570,165,362,624,-1988,314,1050,445,-13,272,471,0,0,0,0,0,0,0,0,0,0,0,0,0,0,0,5,28194,0,28572,0,0,0,0,4792954,4857332,0,0,0,0,0,1000,1000,5108990
MPCTASK: EXP,0,28,1373,-41,267,573,508,436,140,1043,673,-1852,396,974,446,-33,143,474,0,0,0,0,0,0,0,0,0,0,0,0,0,0,0,5,21812,0,21868,0,0,0,0,3707910,3717585,0,0,0,0,0,1000,1000,5108990
MPCTASK: EXP,0,30,1473,3,248,588,382,170,32,1882,253,-1480,441,866,446,-56,-45,474,0,0,0,0,0,0,0,0,0,0,0,0,0,0,0,5,22039,0,22233,0,0,0,0,3746666,3779705,0,0,0,0,0,1000,1000,5108990
MPCTASK: EXP,0,32,1575,29,218,587,277,-166,-127,2214,115,-1235,440,731,446,-88,-216,468,0,0,0,0,0,0,0,0,0,0,0,0,0,0,0,5,24791,0,24846,0,0,0,0,4214479,4223985,0,0,0,0,0,1000,1000,5108990
MPCTASK: EXP,0,34,1672,84,167,568,223,-501,-263,1906,401,-1164,392,575,446,-94,-358,458,0,0,0,0,0,0,0,0,0,0,0,0,0,0,0,5,21762,0,21820,0,0,0,0,3699514,3709437,0,0,0,0,0,1000,1000,5108990
MPCTASK: EXP,0,36,1773,112,78,539,81,-806,-275,1419,707,-1121,302,404,446,-117,-508,450,0,0,0,0,0,0,0,0,0,0,0,0,0,0,0,5,22273,0,22328,0,0,0,0,3786330,3795833,0,0,0,0,0,1000,1000,5108990
MPCTASK: EXP,0,38,1874,115,7,517,-92,-972,-188,866,815,-1003,177,221,446,-144,-597,447,0,0,0,0,0,0,0,0,0,0,0,0,0,0,0,5,23494,0,23549,0,0,0,0,3993894,4003401,0,0,0,0,0,1000,1000,5108990
MPCTASK: EXP,0,40,1975,111,-66,507,-240,-1019,-99,317,848,-826,29,33,446,-150,-655,447,0,0,0,0,0,0,0,0,0,0,0,0,0,0,0,5,25046,0,25103,0,0,0,0,4257742,4267520,0,0,0,0,0,1000,1000,5108990
MPCTASK: EXP,0,42,2076,56,-146,504,-411,-999,-58,-1,702,-560,-125,-156,446,-176,-708,448,0,0,0,0,0,0,0,0,0,0,0,0,0,0,0,5,26192,0,26255,0,0,0,0,4452662,4463477,0,0,0,0,0,1000,1000,5108990
MPCTASK: EXP,0,44,2174,22,-218,500,-479,-952,-40,43,264,-297,-272,-342,446,-142,-763,447,0,0,0,0,0,0,0,0,0,0,0,0,0,0,0,5,22926,0,22981,0,0,0,0,3897363,3906879,0,0,0,0,0,1000,1000,5108990
MPCTASK: EXP,0,46,2275,-10,-274,497,-470,-915,-36,194,-81,-36,-397,-521,446,-92,-801,446,0,0,0,0,0,0,0,0,0,0,0,0,0,0,0,5,24559,0,24616,0,0,0,0,4174898,4184794,0,0,0,0,0,1000,1000,5108990
MPCTASK: EXP,0,48,2371,-43,-337,495,-404,-900,-61,150,-496,237,-487,-687,446,-26,-830,446,0,0,0,0,0,0,0,0,0,0,0,0,0,0,0,5,21006,0,21061,0,0,0,0,3570954,3580460,0,0,0,0,0,1000,1000,5108990
MPCTASK: EXP,0,50,2473,-54,-396,492,-256,-876,-51,176,-864,365,-533,-838,446,65,-849,446,0,0,0,0,0,0,0,0,0,0,0,0,0,0,0,5,23175,0,23238,0,0,0,0,3939690,3950464,0,0,0,0,0,1000,1000,5108990
MPCTASK: EXP,0,52,2574,-57,-455,493,-68,-848,-42,105,-1068,345,-531,-969,446,148,-855,446,0,0,0,0,0,0,0,0,0,0,0,0,0,0,0,5,23024,0,23081,0,0,0,0,3913995,3923909,0,0,0,0,0,1000,1000,5108990
MPCTASK: EXP,0,54,2674,-38,-509,488,141,-798,-77,-39,-1119,214,-480,-1078,446,230,-841,446,0,0,0,0,0,0,0,0,0,0,0,0,0,0,0,5,24086,0,24140,0,0,0,0,4094426,4103930,0,0,0,0,0,1000,1000,5108990
MPCTASK: EXP,0,56,2774,-3,-547,475,346,-710,-98,-222,-989,-15,-386,-1162,446,295,-798,446,0,0,0,0,0,0,0,0,0,0,0,0,0,0,0,5,24227,0,24283,0,0,0,0,4118558,4128169,0,0,0,0,0,1000,1000,5108990
MPCTASK: EXP,0,58,2874,52,-568,466,530,-589,-53,-298,-746,-326,-257,-1219,446,349,-737,446,0,0,0,0,0,0,0,0,0,0,0,0,0,0,0,5,23593,0,23656,0,0,0,0,4010710,4021579,0,0,0,0,0,1000,1000,5108990
MPCTASK: EXP,0,60,2972,107,-578,461,639,-469,2,-288,-425,-617,-107,-1247,446,364,-666,446,0,0,0,0,0,0,0,0,0,0,0,0,0,0,0,5,21270,0,21328,0,0,0,0,3615878,3625851,0,0,0,0,0,1000,1000,5108990
MPCTASK: EXP,0,62,3075,163,-585,463,677,-363,38,-271,-47,-838,49,-1246,446,348,-592,446,0,0,0,0,0,0,0,0,0,0,0,0,0,0,0,5,24234,0,24289,0,0,0,0,4119654,4129158,0,0,0,0,0,1000,1000,5108990
MPCTASK: EXP,0,64,3174,228,-586,469,657,-253,52,-343,416,-940,197,-1217,446,311,-504,446,0,0,0,0,0,0,0,0,0,0,0,0,0,0,0,5,23431,0,23486,0,0,0,0,3983091,3992601,0,0,0,0,0,1000,1000,5108990
MPCTASK: EXP,0,66,3275,295,-586,480,568,-133,50,-501,957,-916,323,-1158,446,251,-407,446,0,0,0,0,0,0,0,0,0,0,0,0,0,0,0,5,23779,0,23834,0,0,0,0,4042342,4051848,0,0,0,0,0,1000,1000,5108990
MPCTASK: EXP,0,68,3376,337,-571,487,380,31,10,-722,1444,-817,413,-1073,446,158,-287,446,0,0,0,0,0,0,0,0,0,0,0,0,0,0,0,5,24035,0,24090,0,0,0,0,4085823,4095338,0,0,0,0,0,1000,1000,5108990
MPCTASK: EXP,0,70,3477,356,-533,490,128,237,-39,-806,1662,-681,459,-963,446,55,-150,446,0,0,0,0,0,0,0,0,0,0,0,0,0,0,0,5,25962,0,26017,0,0,0,0,4413606,4423114,0,0,0,0,0,1000,1000,5108990
MPCTASK: EXP,0,72,3578,352,-489,481,-147,431,-102,-900,1727,-527,456,-830,446,-49,-17,446,0,0,0,0,0,0,0,0,0,0,0,0,0,0,0,5,26308,0,26607,0,0,0,0,4472350,4523209,0,0,0,0,0,1000,1000,5108990
MPCTASK: EXP,0,74,3675,315,-418,473,-449,655,-88,-926,1578,-390,405,-678,446,-155,134,446,0,0,0,0,0,0,0,0,0,0,0,0,0,0,0,5,24150,0,24212,0,0,0,0,4105402,4116180,0,0,0,0,0,1000,1000,5108990
MPCTASK: EXP,0,76,3775,254,-336,463,-704,846,-57,-811,1205,-300,310,-512,446,-237,271,446,0,0,0,0,0,0,0,0,0,0,0,0,0,0,0,5,22889,0,22943,0,0,0,0,3891007,3900358,0,0,0,0,0,1000,1000,5108990
MPCTASK: EXP,0,78,3873,181,-243,457,-872,993,-5,-637,743,-223,181,-334,446,-288,396,446,0,0,0,0,0,0,0,0,0,0,0,0,0,0,0,5,22005,0,22060,0,0,0,0,3740798,3750306,0,0,0,0,0,1000,1000,5108990
MPCTASK: EXP,0,80,3977,112,-152,460,-923,1069,45,-445,278,-136,31,-149,446,-290,491,446,0,0,0,0,0,0,0,0,0,0,0,0,0,0,0,5,25822,0,25885,0,0,0,0,4389602,4400468,0,0,0,0,0,1000,1000,5108990
MPCTASK: EXP,0,82,4077,35,-52,467,-908,1104,46,-214,-91,-40,-125,37,446,-277,575,446,0,0,0,0,0,0,0,0,0,0,0,0,0,0,0,5,25362,0,25417,0,0,0,0,4311566,4321073,0,0,0,0,0,1000,1000,5108990
MPCTASK: EXP,0,84,4175,-12,39,476,-791,1089,46,-82,-467,116,-274,222,446,-209,637,446,0,0,0,0,0,0,0,0,0,0,0,0,0,0,0,5,22318,0,22373,0,0,0,0,3794034,3803537,0,0,0,0,0,1000,1000,5108990
MPCTASK: EXP,0,86,4280,-57,132,485,-645,1051,64,205,-664,292,-399,399,446,-139,678,447,0,0,0,0,0,0,0,0,0,0,0,0,0,0,0,5,27335,0,27390,0,0,0,0,4646930,4656437,0,0,0,0,0,1000,1000,5108990
MPCTASK: EXP,0,88,4375,-103,207,499,-498,947,112,469,-720,388,-489,566,446,-86,678,452,0,0,0,0,0,0,0,0,0,0,0,0,0,0,0,5,23212,0,23269,0,0,0,0,3945990,3955792,0,0,0,0,0,1000,1000,5108990
MPCTASK: EXP,0,90,4475,-141,282,508,-368,843,64,413,-520,428,-535,717,446,-64,697,453,0,0,0,0,0,0,0,0,0,0,0,0,0,0,0,5,22258,0,22313,0,0,0,0,3783814,3793325,0,0,0,0,0,1000,1000,5108990
MPCTASK: EXP,0,92,4571,-176,333,507,-328,760,53,-227,-129,295,-532,849,446,-63,728,452,0,0,0,0,0,0,0,0,0,0,0,0,0,0,0,5,19078,0,19133,0,0,0,0,3243270,3252782,0,0,0,0,0,1000,1000,5108990
MPCTASK: EXP,0,94,4680,-200,369,513,-254,734,42,-251,-771,25,-481,958,446,-8,710,454,0,0,0,0,0,0,0,0,0,0,0,0,0,0,0,5,28173,0,28227,0,0,0,0,4789214,4798726,0,0,0,0,0,1000,1000,5108990
MPCTASK: EXP,0,96,4778,-232,441,521,-121,769,10,-241,-1238,-227,-386,1043,446,25,729,455,0,0,0,0,0,0,0,0,0,0,0,0,0,0,0,5,25442,0,25751,0,0,0,0,4325154,4377743,0,0,0,0,0,1000,1000,5108990
MPCTASK: EXP,0,98,4879,-227,479,521,110,710,-33,-59,-1407,-451,-258,1100,446,80,687,453,0,0,0,0,0,0,0,0,0,0,0,0,0,0,0,5,25900,0,25955,0,0,0,0,4403002,4412514,0,0,0,0,0,1000,1000,5108990
MPCTASK: EXP,0,100,4979,-179,503,516,398,595,-68,291,-1371,-578,-107,1129,446,144,604,451,0,0,0,0,0,0,0,0,0,0,0,0,0,0,0,5,26573,0,26627,0,0,0,0,4517302,4526654,0,0,0,0,0,1000,1000,5108990
MPCTASK: EXP,0,102,5073,-111,512,503,609,455,-42,45,-477,-761,49,1128,446,152,542,448,0,0,0,0,0,0,0,0,0,0,0,0,0,0,0,5,21288,0,21343,0,0,0,0,3618734,3628238,0,0,0,0,0,1000,1000,5108990
MPCTASK: EXP,0,104,5174,-23,532,498,695,362,46,515,-58,-961,197,1098,446,166,447,449,0,0,0,0,0,0,0,0,0,0,0,0,0,0,0,5,22225,0,22288,0,0,0,0,3778250,3789137,0,0,0,0,0,1000,1000,5108990
MPCTASK: EXP,0,106,5278,40,513,510,647,129,140,1220,165,-1027,323,1040,446,137,272,456,0,0,0,0,0,0,0,0,0,0,0,0,0,0,0,5,25169,0,25228,0,0,0,0,4278654,4288713,0,0,0,0,0,1000,1000,5108990
MPCTASK: EXP,0,108,5379,105,457,529,600,-222,96,1969,-129,-788,413,955,446,150,44,460,0,0,0,0,0,0,0,0,0,0,0,0,0,0,0,5,25570,0,25625,0,0,0,0,4346774,4356285,0,0,0,0,0,1000,1000,5108990
MPCTASK: EXP,0,110,5479,121,366,531,531,-594,-131,1870,122,-462,459,844,446,73,-142,452,0,0,0,0,0,0,0,0,0,0,0,0,0,0,0,5,25986,0,26041,0,0,0,0,4417522,4427030,0,0,0,0,0,1000,1000,5108990
MPCTASK: EXP,0,112,5576,156,271,503,416,-837,-299,872,1011,-412,456,712,446,-6,-260,446,0,0,0,0,0,0,0,0,0,0,0,0,0,0,0,5,23209,0,23265,0,0,0,0,3945562,3955215,0,0,0,0,0,1000,1000,5108990
MPCTASK: EXP,0,114,5680,152,173,477,140,-941,-254,299,1424,-247,405,560,446,-116,-373,446,0,0,0,0,0,0,0,0,0,0,0,0,0,0,0,5,26273,0,26328,0,0,0,0,4466362,4475869,0,0,0,0,0,1000,1000,5108990
MPCTASK: EXP,0,116,5772,127,91,460,-170,-940,-173,16,1461,20,310,393,446,-206,-457,446,0,0,0,0,0,0,0,0,0,0,0,0,0,0,0,5,19075,0,19131,0,0,0,0,3242678,3252370,0,0,0,0,0,1000,1000,5108990
MPCTASK: EXP,0,118,5878,71,15,443,-445,-920,-153,14,1116,351,181,215,446,-276,-540,446,0,0,0,0,0,0,0,0,0,0,0,0,0,0,0,5,25289,0,25343,0,0,0,0,4298954,4308462,0,0,0,0,0,1000,1000,5108990
MPCTASK: EXP,0,120,5975,0,-36,424,-628,-878,-111,138,523,691,31,30,446,-303,-600,446,0,0,0,0,0,0,0,0,0,0,0,0,0,0,0,5,21534,0,21729,0,0,0,0,3660746,3694003,0,0,0,0,0,1000,1000,5108990
MPCTASK: EXP,0,122,6082,-81,-97,417,-684,-891,2,431,-160,902,-125,-156,446,-291,-677,446,0,0,0,0,0,0,0,0,0,0,0,0,0,0,0,5,26959,0,27014,0,0,0,0,4583024,4592541,0,0,0,0,0,1000,1000,5108990
MPCTASK: EXP,0,124,6178,-141,-159,427,-588,-919,85,598,-614,1041,-274,-340,446,-236,-743,446,0,0,0,0,0,0,0,0,0,0,0,0,0,0,0,5,23176,0,23231,0,0,0,0,3939902,3949405,0,0,0,0,0,1000,1000,5108990
MPCTASK: EXP,0,126,6282,-191,-233,437,-459,-967,46,702,-701,1149,-399,-518,446,-182,-812,446,0,0,0,0,0,0,0,0,0,0,0,0,0,0,0,5,27431,0,27486,0,0,0,0,4663055,4672560,0,0,0,0,0,1000,1000,5108990
MPCTASK: EXP,0,128,6378,-216,-318,440,-295,-1018,-5,495,-813,1218,-489,-684,446,-104,-861,446,0,0,0,0,0,0,0,0,0,0,0,0,0,0,0,5,23727,0,23901,0,0,0,0,4033482,4063166,0,0,0,0,0,1000,1000,5108990
MPCTASK: EXP,0,130,6482,-228,-394,438,-118,-1004,-18,308,-923,1259,-535,-835,446,-21,-884,446,0,0,0,0,0,0,0,0,0,0,0,0,0,0,0,5,26080,0,26135,0,0,0,0,4433523,4443032,0,0,0,0,0,1000,1000,5108990
MPCTASK: EXP,0,132,6578,-221,-470,435,62,-955,-48,21,-950,1271,-532,-967,446,54,-882,446,0,0,0,0,0,0,0,0,0,0,0,0,0,0,0,5,23065,0,23123,0,0,0,0,3920854,3930900,0,0,0,0,0,1000,1000,5108990
MPCTASK: EXP,0,134,6681,-209,-548,429,206,-878,-68,-227,-878,1176,-481,-1077,446,108,-874,446,0,0,0,0,0,0,0,0,0,0,0,0,0,0,0,5,25934,0,25989,0,0,0,0,4408766,4418274,0,0,0,0,0,1000,1000,5108990
MPCTASK: EXP,0,136,6780,-189,-597,424,344,-720,-10,-434,-953,936,-386,-1161,446,158,-821,446,0,0,0,0,0,0,0,0,0,0,0,0,0,0,0,5,23468,0,23869,0,0,0,0,3989583,4057829,0,0,0,0,0,1000,1000,5108990
MPCTASK: EXP,0,138,6879,-152,-643,427,497,-579,35,-458,-975,563,-258,-1218,446,206,-776,446,0,0,0,0,0,0,0,0,0,0,0,0,0,0,0,5,23082,0,23137,0,0,0,0,3923896,3933402,0,0,0,0,0,1000,1000,5108990
MPCTASK: EXP,0,140,6974,-112,-665,432,619,-430,44,-441,-776,166,-107,-1247,446,221,-708,446,0,0,0,0,0,0,0,0,0,0,0,0,0,0,0,5,19096,0,19151,0,0,0,0,3246190,3255694,0,0,0,0,0,1000,1000,5108990
MPCTASK: EXP,0,142,7083,-56,-675,437,709,-300,47,-442,-418,-175,49,-1247,446,219,-630,446,0,0,0,0,0,0,0,0,0,0,0,0,0,0,0,5,27967,0,28022,0,0,0,0,4754366,4763872,0,0,0,0,0,1000,1000,5108990
MPCTASK: EXP,0,144,7178,-2,-674,439,715,-165,45,-504,46,-406,197,-1217,446,183,-537,446,0,0,0,0,0,0,0,0,0,0,0,0,0,0,0,5,22670,0,22728,0,0,0,0,3853754,3863782,0,0,0,0,0,1000,1000,5108990
MPCTASK: EXP,0,146,7282,54,-662,447,661,-23,66,-546,451,-543,323,-1158,446,134,-435,446,0,0,0,0,0,0,0,0,0,0,0,0,0,0,0,5,26085,0,26140,0,0,0,0,4434418,4443922,0,0,0,0,0,1000,1000,5108990
MPCTASK: EXP,0,148,7378,97,-639,455,530,123,44,-605,897,-598,413,-1073,446,56,-323,446,0,0,0,0,0,0,0,0,0,0,0,0,0,0,0,5,22989,0,23045,0,0,0,0,3907910,3917869,0,0,0,0,0,1000,1000,5108990
MPCTASK: EXP,0,150,7481,133,-612,461,352,264,13,-673,1227,-586,459,-963,446,-21,-210,446,0,0,0,0,0,0,0,0,0,0,0,0,0,0,0,5,25648,0,25710,0,0,0,0,4359994,4370805,0,0,0,0,0,1000,1000,5108990
MPCTASK: EXP,0,152,7577,148,-565,465,122,434,-9,-793,1463,-506,456,-830,446,-111,-77,446,0,0,0,0,0,0,0,0,0,0,0,0,0,0,0,5,21600,0,21655,0,0,0,0,3672002,3681504,0,0,0,0,0,1000,1000,5108990
MPCTASK: EXP,0,154,7686,142,-500,464,-132,626,-38,-908,1530,-391,405,-679,446,-197,67,446,0,0,0,0,0,0,0,0,0,0,0,0,0,0,0,5,30159,0,30215,0,0,0,0,5126883,5136664,0,0,0,0,0,1000,1000,5136664
MPCTASK: EXP,0,156,7781,105,-420,458,-399,820,-55,-899,1373,-295,310,-512,446,-276,209,446,0,0,0,0,0,0,0,0,0,0,0,0,0,0,0,5,26214,0,26269,0,0,0,0,4456414,4465925,0,0,0,0,0,1000,1000,5136664
MPCTASK: EXP,0,158,7882,43,-323,452,-625,994,-38,-718,953,-230,181,-334,446,-334,342,446,0,0,0,0,0,0,0,0,0,0,0,0,0,0,0,5,26735,0,26798,0,0,0,0,4544898,4555705,0,0,0,0,0,1000,1000,5136664
MPCTASK: EXP,0,160,7980,-19,-220,451,-741,1099,13,-420,460,-168,31,-149,446,-348,447,446,0,0,0,0,0,0,0,0,0,0,0,0,0,0,0,5,23449,0,23999,0,0,0,0,3986295,4079943,0,0,0,0,0,1000,1000,5136664
MPCTASK: EXP,0,162,8080,-73,-111,451,-749,1140,29,-123,30,-62,-125,37,446,-319,533,446,0,0,0,0,0,0,0,0,0,0,0,0,0,0,0,5,24947,0,25002,0,0,0,0,4240954,4250461,0,0,0,0,0,1000,1000,5136664
MPCTASK: EXP,0,164,8180,-128,-23,459,-692,1088,44,162,-262,157,-274,222,446,-277,574,446,0,0,0,0,0,0,0,0,0,0,0,0,0,0,0,5,24949,0,25004,0,0,0,0,4241190,4250697,0,0,0,0,0,1000,1000,5136664
MPCTASK: EXP,0,166,8283,-162,38,470,-566,970,56,216,-495,292,-399,399,446,-206,592,446,0,0,0,0,0,0,0,0,0,0,0,0,0,0,0,5,27693,0,27748,0,0,0,0,4707802,4717309,0,0,0,0,0,1000,1000,5136664
MPCTASK: EXP,0,168,8378,-206,111,474,-460,918,-4,-69,-665,325,-489,566,446,-152,638,446,0,0,0,0,0,0,0,0,0,0,0,0,0,0,0,5,21995,0,22051,0,0,0,0,3739079,3748835,0,0,0,0,0,1000,1000,5136664
MPCTASK: EXP,0,170,8481,-230,177,474,-299,890,0,-57,-898,162,-535,717,446,-74,659,446,0,0,0,0,0,0,0,0,0,0,0,0,0,0,0,5,25997,0,26052,0,0,0,0,4419366,4428870,0,0,0,0,0,1000,1000,5136664
MPCTASK: EXP,0,172,8579,-250,233,476,-116,850,0,-170,-1228,-59,-532,848,446,7,669,446,0,0,0,0,0,0,0,0,0,0,0,0,0,0,0,5,24248,0,24303,0,0,0,0,4122166,4131674,0,0,0,0,0,1000,1000,5136664
MPCTASK: EXP,0,174,8682,-257,315,480,101,861,19,-142,-1386,-327,-481,958,446,79,695,446,0,0,0,0,0,0,0,0,0,0,0,0,0,0,0,5,25871,0,26256,0,0,0,0,4398042,4463623,0,0,0,0,0,1000,1000,5136664
MPCTASK: EXP,0,176,8781,-213,354,481,379,767,-6,51,-1381,-530,-386,1042,446,170,649,446,0,0,0,0,0,0,0,0,0,0,0,0,0,0,0,5,24286,0,24340,0,0,0,0,4128570,4137919,0,0,0,0,0,1000,1000,5136664
MPCTASK: EXP,0,178,8884,-152,393,476,587,684,-11,-102,-688,-767,-258,1100,446,206,626,446,0,0,0,0,0,0,0,0,0,0,0,0,0,0,0,5,27186,0,27240,0,0,0,0,4621590,4630939,0,0,0,0,0,1000,1000,5136664
MPCTASK: EXP,0,180,8982,-79,434,469,688,638,38,131,-218,-989,-107,1128,446,226,576,446,0,0,0,0,0,0,0,0,0,0,0,0,0,0,0,5,25019,0,25072,0,0,0,0,4252998,4262341,0,0,0,0,0,1000,1000,5136664
MPCTASK: EXP,0,182,9082,-13,479,479,672,535,147,626,227,-1196,49,1128,446,193,507,448,0,0,0,0,0,0,0,0,0,0,0,0,0,0,0,5,23959,0,24174,0,0,0,0,4072838,4109611,0,0,0,0,0,1000,1000,5136664
MPCTASK: EXP,0,184,9179,47,492,505,557,347,256,923,533,-1262,197,1098,446,144,398,459,0,0,0,0,0,0,0,0,0,0,0,0,0,0,0,5,21666,0,21722,0,0,0,0,3683178,3692839,0,0,0,0,0,1000,1000,5136664
MPCTASK: EXP,0,186,9282,90,482,531,437,115,187,1459,263,-1053,322,1041,446,114,237,464,0,0,0,0,0,0,0,0,0,0,0,0,0,0,0,5,24497,0,24553,0,0,0,0,4164419,4174086,0,0,0,0,0,1000,1000,5136664
MPCTASK: EXP,0,188,9377,109,456,543,350,-175,36,1908,-119,-826,412,956,446,78,61,462,0,0,0,0,0,0,0,0,0,0,0,0,0,0,0,5,20066,0,20120,0,0,0,0,3411122,3420475,0,0,0,0,0,1000,1000,5136664
MPCTASK: EXP,0,190,9485,128,388,538,309,-528,-126,1812,20,-653,458,846,446,28,-114,455,0,0,0,0,0,0,0,0,0,0,0,0,0,0,0,5,26904,0,27336,0,0,0,0,4573638,4647175,0,0,0,0,0,1000,1000,5136664
MPCTASK: EXP,0,192,9578,140,271,512,210,-840,-278,990,755,-481,454,714,446,-57,-272,446,0,0,0,0,0,0,0,0,0,0,0,0,0,0,0,5,20872,0,20926,0,0,0,0,3548122,3557479,0,0,0,0,0,1000,1000,5136664
MPCTASK: EXP,0,194,9682,135,212,484,-10,-879,-260,125,1400,-103,403,562,446,-164,-322,446,0,0,0,0,0,0,0,0,0,0,0,0,0,0,0,5,24924,0,25331,0,0,0,0,4237010,4306275,0,0,0,0,0,1000,1000,5136664
MPCTASK: EXP,0,196,9782,112,110,460,-291,-895,-240,-277,1488,325,308,396,446,-246,-420,446,0,0,0,0,0,0,0,0,0,0,0,0,0,0,0,5,24010,0,24066,0,0,0,0,4081722,4091402,0,0,0,0,0,1000,1000,5136664
MPCTASK: EXP,0,198,9883,50,7,438,-574,-878,-195,-289,1066,806,180,217,446,-316,-532,446,0,0,0,0,0,0,0,0,0,0,0,0,0,0,0,5,25117,0,25174,0,0,0,0,4269854,4279712,0,0,0,0,0,1000,1000,5136664
MPCTASK: EXP,0,200,9981,-18,-55,418,-725,-858,-110,250,433,1057,30,31,446,-328,-624,446,0,0,0,0,0,0,0,0,0,0,0,0,0,0,0,5,23823,0,23878,0,0,0,0,4049887,4059267,0,0,0,0,0,1000,1000,5136664
MPCTASK: EXP,0,202,10083,-107,-124,408,-751,-902,-33,604,-311,1239,-124,-157,446,-310,-717,446,0,0,0,0,0,0,0,0,0,0,0,0,0,0,0,5,26516,0,26572,0,0,0,0,4507586,4517282,0,0,0,0,0,1000,1000,5136664
MPCTASK: EXP,0,204,10178,-172,-185,415,-626,-949,18,815,-626,1345,-270,-345,446,-266,-782,446,0,0,0,0,0,0,0,0,0,0,0,0,0,0,0,5,20364,0,20420,0,0,0,0,3461850,3471539,0,0,0,0,0,1000,1000,5136664
MPCTASK: EXP,0,206,10283,-257,-303,419,-529,-1091,4,823,-871,1339,-392,-526,446,-243,-888,446,0,0,0,0,0,0,0,0,0,0,0,0,0,0,0,5,25281,0,25342,0,0,0,0,4297747,4308283,0,0,0,0,0,1000,1000,5136664
MPCTASK: EXP,0,208,10383,-278,-385,418,-316,-1094,-56,270,-1051,1302,-478,-697,446,-165,-888,446,0,0,0,0,0,0,0,0,0,0,0,0,0,0,0,5,25939,0,25993,0,0,0,0,4409530,4418921,0,0,0,0,0,1000,1000,5136664
MPCTASK: EXP,0,210,10483,-282,-483,413,-83,-1058,-36,-1,-1193,1188,-521,-852,446,-79,-897,446,0,0,0,0,0,0,0,0,0,0,0,0,0,0,0,5,26167,0,26474,0,0,0,0,4448270,4500738,0,0,0,0,0,1000,1000,5136664
MPCTASK: EXP,0,212,10580,-273,-570,409,115,-967,-31,-318,-1046,1094,-516,-987,446,-24,-870,446,0,0,0,0,0,0,0,0,0,0,0,0,0,0,0,5,22591,0,22652,0,0,0,0,3840478,3851017,0,0,0,0,0,1000,1000,5136664
MPCTASK: EXP,0,214,10684,-242,-651,406,297,-843,-26,-575,-960,949,-465,-1096,446,31,-824,446,0,0,0,0,0,0,0,0,0,0,0,0,0,0,0,5,26505,0,26561,0,0,0,0,4505818,4515519,0,0,0,0,0,1000,1000,5136664
MPCTASK: EXP,0,216,10779,-202,-705,405,430,-647,-5,-988,-723,880,-376,-1174,445,55,-726,445,0,0,0,0,0,0,0,0,0,0,0,0,0,0,0,5,21538,0,21592,0,0,0,0,3661259,3670645,0,0,0,0,0,1000,1000,5136664
MPCTASK: EXP,0,218,10882,-148,-742,405,514,-397,11,-1310,-358,840,-260,-1217,445,61,-616,445,0,0,0,0,0,0,0,0,0,0,0,0,0,0,0,5,24453,0,24508,0,0,0,0,4157050,4166439,0,0,0,0,0,1000,1000,5136664
MPCTASK: EXP,0,220,10979,-108,-745,406,504,-119,33,-1500,-41,737,-131,-1220,445,40,-493,445,0,0,0,0,0,0,0,0,0,0,0,0,0,0,0,5,21939,0,21995,0,0,0,0,3729638,3739293,0,0,0,0,0,1000,1000,5136664
MPCTASK: EXP,0,222,11080,-57,-716,409,452,225,56,-1397,255,535,-6,-1182,445,25,-368,445,0,0,0,0,0,0,0,0,0,0,0,0,0,0,0,5,23041,0,23095,0,0,0,0,3916907,3926298,0,0,0,0,0,1000,1000,5136664
MPCTASK: EXP,0,224,11178,-40,-657,411,330,493,52,-1024,480,256,98,-1102,445,-4,-281,445,0,0,0,0,0,0,0,0,0,0,0,0,0,0,0,5,20467,0,20521,0,0,0,0,3479340,3488730,0,0,0,0,0,1000,1000,5136664
MPCTASK: EXP,0,226,11282,-22,-568,412,223,699,65,-437,466,-24,172,-983,446,-5,-220,446,0,0,0,0,0,0,0,0,0,0,0,0,0,0,0,5,23944,0,24368,0,0,0,0,4070398,4142619,0,0,0,0,0,1000,1000,5136664
MPCTASK: EXP,0,228,11381,-14,-482,418,129,760,96,116,371,-210,205,-831,446,-11,-187,446,0,0,0,0,0,0,0,0,0,0,0,0,0,0,0,5,21684,0,22143,0,0,0,0,3686194,3764521,0,0,0,0,0,1000,1000,5136664
MPCTASK: EXP,0,230,11484,-9,-399,432,61,727,120,509,257,-297,198,-658,446,-14,-164,446,0,0,0,0,0,0,0,0,0,0,0,0,0,0,0,5,25055,0,25110,0,0,0,0,4259268,4268830,0,0,0,0,0,1000,1000,5136664
MPCTASK: EXP,0,232,11582,-7,-328,447,19,632,99,725,141,-318,157,-479,446,-19,-137,446,0,0,0,0,0,0,0,0,0,0,0,0,0,0,0,5,23316,0,23748,0,0,0,0,3963607,4037306,0,0,0,0,0,1000,1000,5136664
MPCTASK: EXP,0,234,11682,-2,-269,455,2,517,44,743,103,-277,96,-314,446,-32,-85,446,0,0,0,0,0,0,0,0,0,0,0,0,0,0,0,5,23990,0,24046,0,0,0,0,4078226,4087774,0,0,0,0,0,1000,1000,5136664
MPCTASK: EXP,0,236,11779,-3,-220,458,-18,407,16,607,92,-166,33,-182,446,-66,-1,446,0,0,0,0,0,0,0,0,0,0,0,0,0,0,0,5,20674,0,20968,0,0,0,0,3514450,3564671,0,0,0,0,0,1000,1000,5136664
MPCTASK: EXP,0,238,11884,-3,-194,457,-33,307,-5,258,192,-32,-14,-97,446,-112,102,446,0,0,0,0,0,0,0,0,0,0,0,0,0,0,0,5,23967,0,24021,0,0,0,0,4074291,4083683,0,0,0,0,0,1000,1000,5136664
MPCTASK: EXP,0,240,11984,0,-169,458,-57,292,8,-243,322,132,-35,-63,446,-139,224,446,0,0,0,0,0,0,0,0,0,0,0,0,0,0,0,5,24972,0,25029,0,0,0,0,4245146,4254965,0,0,0,0,0,1000,1000,5136664
MPCTASK: EXP,0,242,12084,-6,-145,459,-124,353,-18,-795,499,303,-38,-59,446,-157,341,446,0,0,0,0,0,0,0,0,0,0,0,0,0,0,0,5,24927,0,24990,0,0,0,0,4237510,4248448,0,0,0,0,0,1000,1000,5136664
MPCTASK: EXP,0,244,12181,-16,-112,462,-205,486,-8,-1091,475,395,-42,-51,446,-135,429,446,0,0,0,0,0,0,0,0,0,0,0,0,0,0,0,5,21506,0,21560,0,0,0,0,3655878,3665263,0,0,0,0,0,1000,1000,5136664
MPCTASK: EXP,0,246,12282,-43,-49,462,-285,698,-10,-1157,200,486,-67,-5,446,-109,536,446,0,0,0,0,0,0,0,0,0,0,0,0,0,0,0,5,21995,0,22051,0,0,0,0,3739203,3748748,0,0,0,0,0,1000,1000,5136664
MPCTASK: EXP,0,248,12384,-74,28,460,-303,881,-12,-909,-213,550,-114,93,446,-64,619,446,0,0,0,0,0,0,0,0,0,0,0,0,0,0,0,5,24884,0,24939,0,0,0,0,4230222,4239607,0,0,0,0,0,1000,1000,5136664
MPCTASK: EXP,0,250,12485,-108,104,459,-274,990,-4,-636,-396,630,-170,238,446,-28,675,446,0,0,0,0,0,0,0,0,0,0,0,0,0,0,0,5,25625,0,25680,0,0,0,0,4356159,4365713,0,0,0,0,0,1000,1000,5136664
MPCTASK: EXP,0,252,12582,-136,178,459,-210,1036,19,-189,-725,642,-217,412,446,22,690,446,0,0,0,0,0,0,0,0,0,0,0,0,0,0,0,5,23310,0,23365,0,0,0,0,3962662,3972052,0,0,0,0,0,1000,1000,5136664
MPCTASK: EXP,0,254,12683,-156,275,465,-54,1015,41,261,-945,535,-238,593,446,78,700,446,0,0,0,0,0,0,0,0,0,0,0,0,0,0,0,5,23101,0,23156,0,0,0,0,3927166,3936713,0,0,0,0,0,1000,1000,5136664
MPCTASK: EXP,0,256,12782,-160,357,472,90,930,49,449,-765,385,-223,763,446,104,693,446,0,0,0,0,0,0,0,0,0,0,0,0,0,0,0,5,23070,0,23126,0,0,0,0,3921922,3931469,0,0,0,0,0,1000,1000,5136664
MPCTASK: EXP,0,258,12885,-137,375,479,248,727,41,564,-838,107,-169,906,445,150,602,445,0,0,0,0,0,0,0,0,0,0,0,0,0,0,0,5,25541,0,25605,0,0,0,0,4342042,4352965,0,0,0,0,0,1000,1000,5136664
MPCTASK: EXP,0,260,12981,-127,445,483,335,661,30,370,-679,-310,-80,1011,445,142,601,445,0,0,0,0,0,0,0,0,0,0,0,0,0,0,0,5,21858,0,22042,0,0,0,0,3715774,3747206,0,0,0,0,0,1000,1000,5136664
MPCTASK: EXP,0,262,13082,-66,510,486,490,561,81,526,-613,-884,32,1075,445,180,558,449,0,0,0,0,0,0,0,0,0,0,0,0,0,0,0,5,22672,0,22727,0,0,0,0,3854022,3863573,0,0,0,0,0,1000,1000,5136664
MPCTASK: EXP,0,264,13183,-29,561,497,524,448,143,718,-296,-1345,155,1094,445,146,496,456,0,0,0,0,0,0,0,0,0,0,0,0,0,0,0,5,24235,0,24291,0,0,0,0,4119874,4129417,0,0,0,0,0,1000,1000,5136664
MPCTASK: EXP,0,266,13283,30,584,518,521,256,192,1099,-6,-1580,272,1071,445,117,391,460,0,0,0,0,0,0,0,0,0,0,0,0,0,0,0,5,24498,0,24552,0,0,0,0,4164559,4173950,0,0,0,0,0,1000,1000,5136664
MPCTASK: EXP,0,268,13381,62,597,533,427,81,142,1481,248,-1556,367,1009,445,54,280,463,0,0,0,0,0,0,0,0,0,0,0,0,0,0,0,5,21495,0,21791,0,0,0,0,3654082,3704593,0,0,0,0,0,1000,1000,5136664
MPCTASK: EXP,0,270,13482,100,528,541,328,-292,-30,1924,129,-1155,428,913,446,22,54,459,0,0,0,0,0,0,0,0,0,0,0,0,0,0,0,5,23025,0,23080,0,0,0,0,3914106,3923652,0,0,0,0,0,1000,1000,5136664
MPCTASK: EXP,0,272,13580,124,451,526,265,-632,-215,1904,63,-798,446,788,446,-3,-131,448,0,0,0,0,0,0,0,0,0,0,0,0,0,0,0,5,21014,0,21068,0,0,0,0,3572266,3581655,0,0,0,0,0,1000,1000,5136664
MPCTASK: EXP,0,274,13682,125,345,501,178,-939,-299,1369,490,-546,417,640,446,-73,-292,446,0,0,0,0,0,0,0,0,0,0,0,0,0,0,0,5,23571,0,23633,0,0,0,0,4007050,4017733,0,0,0,0,0,1000,1000,5136664
MPCTASK: EXP,0,276,13783,106,229,468,-21,-1124,-251,318,1026,-206,343,474,446,-166,-399,446,0,0,0,0,0,0,0,0,0,0,0,0,0,0,0,5,22805,0,22863,0,0,0,0,3876714,3886811,0,0,0,0,0,1000,1000,5136664
MPCTASK: EXP,0,278,13888,83,181,455,-250,-1016,-101,-308,1152,174,230,295,446,-234,-410,446,0,0,0,0,0,0,0,0,0,0,0,0,0,0,0,5,28387,0,28442,0,0,0,0,4825767,4835155,0,0,0,0,0,1000,1000,5136664
MPCTASK: EXP,0,280,13981,36,59,450,-463,-1005,-77,-321,947,510,90,108,446,-279,-527,446,0,0,0,0,0,0,0,0,0,0,0,0,0,0,0,5,21883,0,21937,0,0,0,0,3720018,3729402,0,0,0,0,0,1000,1000,5136664
MPCTASK: EXP,0,282,14085,-20,-23,439,-592,-959,-94,41,353,819,-63,-80,446,-273,-617,446,0,0,0,0,0,0,0,0,0,0,0,0,0,0,0,5,25592,0,25653,0,0,0,0,4350503,4361046,0,0,0,0,0,1000,1000,5136664
MPCTASK: EXP,0,284,14183,-91,-108,430,-614,-972,-82,307,-197,1125,-215,-268,446,-253,-704,446,0,0,0,0,0,0,0,0,0,0,0,0,0,0,0,5,22544,0,22599,0,0,0,0,3832426,3841811,0,0,0,0,0,1000,1000,5136664
MPCTASK: EXP,0,286,14285,-133,-187,426,-526,-996,-54,471,-382,1315,-350,-450,446,-195,-773,446,0,0,0,0,0,0,0,0,0,0,0,0,0,0,0,5,24368,0,24422,0,0,0,0,4142482,4151871,0,0,0,0,0,1000,1000,5136664
MPCTASK: EXP,0,288,14381,-167,-278,426,-398,-1025,-25,400,-621,1410,-456,-622,446,-126,-838,446,0,0,0,0,0,0,0,0,0,0,0,0,0,0,0,5,20817,0,20872,0,0,0,0,3538826,3548211,0,0,0,0,0,1000,1000,5136664
MPCTASK: EXP,0,290,14487,-191,-366,425,-248,-1037,-20,403,-829,1463,-520,-779,446,-45,-887,446,0,0,0,0,0,0,0,0,0,0,0,0,0,0,0,5,27078,0,27140,0,0,0,0,4603210,4613987,0,0,0,0,0,1000,1000,5136664
MPCTASK: EXP,0,292,14584,-206,-475,425,-49,-1045,-23,376,-1157,1529,-538,-919,446,47,-944,446,0,0,0,0,0,0,0,0,0,0,0,0,0,0,0,5,22413,0,22469,0,0,0,0,3810290,3819833,0,0,0,0,0,1000,1000,5136664
MPCTASK: EXP,0,294,14687,-196,-557,424,178,-1006,-46,242,-1376,1541,-506,-1037,446,144,-948,446,0,0,0,0,0,0,0,0,0,0,0,0,0,0,0,5,25807,0,25864,0,0,0,0,4387202,4396938,0,0,0,0,0,1000,1000,5136664
MPCTASK: EXP,0,296,14779,-163,-651,419,412,-942,-54,-236,-1233,1478,-428,-1131,446,213,-937,446,0,0,0,0,0,0,0,0,0,0,0,0,0,0,0,5,18101,0,18157,0,0,0,0,3077214,3086756,0,0,0,0,0,1000,1000,5136664
MPCTASK: EXP,0,298,14887,-122,-705,413,555,-781,-63,-681,-924,1323,-312,-1199,446,244,-868,446,0,0,0,0,0,0,0,0,0,0,0,0,0,0,0,5,26439,0,26495,0,0,0,0,4494486,4504180,0,0,0,0,0,1000,1000,5136664
MPCTASK: EXP,0,300,14983,-71,-756,407,644,-569,-21,-943,-633,1049,-169,-1239,446,260,-793,446,0,0,0,0,0,0,0,0,0,0,0,0,0,0,0,5,21969,0,22024,0,0,0,0,3734590,3744138,0,0,0,0,0,1000,1000,5136664
MPCTASK: EXP,0,302,15087,-15,-774,407,687,-324,11,-1002,-341,637,-13,-1250,446,255,-694,446,0,0,0,0,0,0,0,0,0,0,0,0,0,0,0,5,25549,0,25605,0,0,0,0,4343346,4352889,0,0,0,0,0,1000,1000,5136664
MPCTASK: EXP,0,304,15184,39,-770,408,688,-92,46,-897,-53,200,140,-1232,446,232,-587,446,0,0,0,0,0,0,0,0,0,0,0,0,0,0,0,5,22934,0,22996,0,0,0,0,3898818,3909518,0,0,0,0,0,1000,1000,5136664
MPCTASK: EXP,0,306,15288,85,-748,414,636,103,86,-717,265,-194,276,-1185,446,183,-477,446,0,0,0,0,0,0,0,0,0,0,0,0,0,0,0,5,25675,0,25868,0,0,0,0,4364659,4397671,0,0,0,0,0,1000,1000,5136664
MPCTASK: EXP,0,308,15382,140,-708,421,562,267,87,-536,599,-472,382,-1110,446,131,-363,446,0,0,0,0,0,0,0,0,0,0,0,0,0,0,0,5,20793,0,20849,0,0,0,0,3534795,3544345,0,0,0,0,0,1000,1000,5136664
MPCTASK: EXP,0,310,15487,181,-657,433,424,400,78,-432,985,-627,446,-1010,446,59,-244,446,0,0,0,0,0,0,0,0,0,0,0,0,0,0,0,5,26123,0,26176,0,0,0,0,4440738,4450121,0,0,0,0,0,1000,1000,5136664
MPCTASK: EXP,0,312,15581,213,-593,443,242,528,53,-383,1272,-688,463,-886,446,-13,-117,446,0,0,0,0,0,0,0,0,0,0,0,0,0,0,0,5,19774,0,20126,0,0,0,0,3361374,3421437,0,0,0,0,0,1000,1000,5136664
MPCTASK: EXP,0,314,15688,224,-522,446,18,645,2,-405,1473,-665,431,-741,446,-92,10,446,0,0,0,0,0,0,0,0,0,0,0,0,0,0,0,5,26538,0,26592,0,0,0,0,4511286,4520833,0,0,0,0,0,1000,1000,5136664
MPCTASK: EXP,0,316,15786,211,-444,450,-230,761,-9,-440,1488,-597,353,-580,446,-168,138,446,0,0,0,0,0,0,0,0,0,0,0,0,0,0,0,5,24280,0,24336,0,0,0,0,4127662,4137209,0,0,0,0,0,1000,1000,5136664
MPCTASK: EXP,0,318,15888,178,-363,447,-461,865,-27,-490,1281,-516,236,-406,446,-225,259,446,0,0,0,0,0,0,0,0,0,0,0,0,0,0,0,5,26340,0,26397,0,0,0,0,4477843,4487659,0,0,0,0,0,1000,1000,5136664
MPCTASK: EXP,0,320,15985,121,-277,446,-649,958,-4,-475,897,-450,93,-223,446,-262,369,446,0,0,0,0,0,0,0,0,0,0,0,0,0,0,0,5,23583,0,23644,0,0,0,0,4008950,4019490,0,0,0,0,0,1000,1000,5136664
MPCTASK: EXP,0,322,16087,58,-189,446,-744,1022,3,-419,428,-374,-62,-37,446,-265,463,446,0,0,0,0,0,0,0,0,0,0,0,0,0,0,0,5,25161,0,25216,0,0,0,0,4277310,4286857,0,0,0,0,0,1000,1000,5136664
MPCTASK: EXP,0,324,16180,-5,-92,447,-754,1072,6,-315,-6,-295,-216,148,446,-240,548,446,0,0,0,0,0,0,0,0,0,0,0,0,0,0,0,5,19107,0,19164,0,0,0,0,3247986,3257937,0,0,0,0,0,1000,1000,5136664
MPCTASK: EXP,0,326,16288,-51,-12,453,-659,1051,45,-91,-452,-180,-353,329,446,-171,587,446,0,0,0,0,0,0,0,0,0,0,0,0,0,0,0,5,26611,0,27067,0,0,0,0,4523878,4601430,0,0,0,0,0,1000,1000,5136664
MPCTASK: EXP,0,328,16385,-71,98,461,-482,1062,29,9,-730,32,-458,501,446,-74,663,446,0,0,0,0,0,0,0,0,0,0,0,0,0,0,0,5,22823,0,22886,0,0,0,0,3879798,3890710,0,0,0,0,0,1000,1000,5136664
MPCTASK: EXP,0,330,16489,-84,194,467,-302,1038,8,116,-778,95,-522,658,446,10,706,446,0,0,0,0,0,0,0,0,0,0,0,0,0,0,0,5,26210,0,26403,0,0,0,0,4455546,4488487,0,0,0,0,0,1000,1000,5136664
MPCTASK: EXP,0,332,16584,-93,275,467,-131,968,-16,261,-842,125,-539,798,446,83,718,446,0,0,0,0,0,0,0,0,0,0,0,0,0,0,0,5,21883,0,21937,0,0,0,0,3719974,3729359,0,0,0,0,0,1000,1000,5136664
MPCTASK: EXP,0,334,16685,-93,338,465,30,871,-34,337,-894,214,-507,917,446,142,700,446,0,0,0,0,0,0,0,0,0,0,0,0,0,0,0,5,22841,0,22895,0,0,0,0,3882878,3892266,0,0,0,0,0,1000,1000,5136664
MPCTASK: EXP,0,336,16784,-79,399,459,186,765,-26,443,-796,307,-429,1012,446,194,674,446,0,0,0,0,0,0,0,0,0,0,0,0,0,0,0,5,21543,0,21605,0,0,0,0,3662246,3672908,0,0,0,0,0,1000,1000,5136664
MPCTASK: EXP,0,338,16891,-71,446,459,300,625,-2,689,-704,353,-313,1080,446,206,620,446,0,0,0,0,0,0,0,0,0,0,0,0,0,0,0,5,26854,0,26908,0,0,0,0,4565075,4574463,0,0,0,0,0,1000,1000,5136664
MPCTASK: EXP,0,340,16983,-55,477,457,372,472,-17,624,-485,389,-169,1121,446,195,556,446,0,0,0,0,0,0,0,0,0,0,0,0,0,0,0,5,19932,0,19986,0,0,0,0,3388302,3397690,0,0,0,0,0,1000,1000,5136664
MPCTASK: EXP,0,342,17090,-61,488,459,369,286,29,840,-312,341,-13,1132,446,140,455,446,0,0,0,0,0,0,0,0,0,0,0,0,0,0,0,5,26931,0,26986,0,0,0,0,4578094,4587639,0,0,0,0,0,1000,1000,5136664
MPCTASK: EXP,0,344,17185,-49,502,459,368,137,4,758,-178,288,140,1114,446,92,377,446,0,0,0,0,0,0,0,0,0,0,0,0,0,0,0,5,21054,0,21109,0,0,0,0,3579062,3588609,0,0,0,0,0,1000,1000,5136664
MPCTASK: EXP,0,346,17289,0,472,462,418,-67,10,757,-3,317,276,1067,446,78,254,446,0,0,0,0,0,0,0,0,0,0,0,0,0,0,0,5,24940,0,24994,0,0,0,0,4239687,4249079,0,0,0,0,0,1000,1000,5136664
MPCTASK: EXP,0,348,17385,-1,446,461,321,-193,-39,418,371,387,382,992,446,-18,165,446,0,0,0,0,0,0,0,0,0,0,0,0,0,0,0,5,22139,0,22194,0,0,0,0,3763510,3773058,0,0,0,0,0,1000,1000,5136664
MPCTASK: EXP,0,350,17488,16,404,459,235,-321,-38,627,480,439,446,891,446,-74,38,446,0,0,0,0,0,0,0,0,0,0,0,0,0,0,0,5,24417,0,24992,0,0,0,0,4150850,4248810,0,0,0,0,0,1000,1000,5136664
MPCTASK: EXP,0,352,17589,35,344,453,151,-468,-71,492,739,539,463,767,446,-134,-79,446,0,0,0,0,0,0,0,0,0,0,0,0,0,0,0,5,25309,0,25364,0,0,0,0,4302402,4311949,0,0,0,0,0,1000,1000,5136664
MPCTASK: EXP,0,354,17691,35,287,449,-8,-558,-44,200,974,762,431,623,446,-206,-176,446,0,0,0,0,0,0,0,0,0,0,0,0,0,0,0,5,27121,0,27175,0,0,0,0,4610506,4619891,0,0,0,0,0,1000,1000,5136664
MPCTASK: EXP,0,356,17788,15,227,445,-200,-612,-20,39,1019,975,353,462,446,-275,-264,446,0,0,0,0,0,0,0,0,0,0,0,0,0,0,0,5,25231,0,25285,0,0,0,0,4289142,4298690,0,0,0,0,0,1000,1000,5136664
MPCTASK: EXP,0,358,17889,-16,164,445,-377,-656,-14,164,1016,1171,236,287,446,-329,-365,446,0,0,0,0,0,0,0,0,0,0,0,0,0,0,0,5,26213,0,26277,0,0,0,0,4456146,4467069,0,0,0,0,0,1000,1000,5136664
MPCTASK: EXP,0,360,17989,-73,102,443,-539,-726,-22,453,782,1402,93,105,446,-363,-472,446,0,0,0,0,0,0,0,0,0,0,0,0,0,0,0,5,24774,0,24828,0,0,0,0,4211362,4220909,0,0,0,0,0,1000,1000,5136664
MPCTASK: EXP,0,362,18089,-130,27,440,-604,-837,-36,670,302,1595,-62,-81,446,-350,-583,446,0,0,0,0,0,0,0,0,0,0,0,0,0,0,0,5,25478,0,25533,0,0,0,0,4331258,4340643,0,0,0,0,0,1000,1000,5136664
MPCTASK: EXP,0,364,18184,-194,-54,437,-591,-945,-17,759,-110,1681,-216,-267,446,-321,-685,446,0,0,0,0,0,0,0,0,0,0,0,0,0,0,0,5,20979,0,21034,0,0,0,0,3566326,3575874,0,0,0,0,0,1000,1000,5136664
MPCTASK: EXP,0,366,18287,-240,-146,444,-488,-1054,24,866,-454,1622,-353,-448,446,-254,-782,446,0,0,0,0,0,0,0,0,0,0,0,0,0,0,0,5,24133,0,24424,0,0,0,0,4102642,4152099,0,0,0,0,0,1000,1000,5136664
MPCTASK: EXP,0,368,18385,-265,-257,446,-318,-1158,4,723,-861,1397,-458,-619,446,-156,-871,446,0,0,0,0,0,0,0,0,0,0,0,0,0,0,0,5,21242,0,21296,0,0,0,0,3610966,3620514,0,0,0,0,0,1000,1000,5136664
MPCTASK: EXP,0,370,18490,-271,-358,443,-96,-1180,4,251,-1089,1033,-522,-777,446,-53,-906,446,0,0,0,0,0,0,0,0,0,0,0,0,0,0,0,5,26928,0,26985,0,0,0,0,4577496,4587566,0,0,0,0,0,1000,1000,5136664
MPCTASK: EXP,0,372,18589,-248,-470,441,130,-1157,-14,-85,-1044,635,-539,-917,446,50,-944,446,0,0,0,0,0,0,0,0,0,0,0,0,0,0,0,5,25855,0,25910,0,0,0,0,4395214,4404763,0,0,0,0,0,1000,1000,5136664
MPCTASK: EXP,0,374,18688,-209,-561,438,340,-1068,-41,-331,-1047,247,-507,-1036,446,149,-945,446,0,0,0,0,0,0,0,0,0,0,0,0,0,0,0,5,24840,0,25155,0,0,0,0,4222762,4276456,0,0,0,0,0,1000,1000,5136664
MPCTASK: EXP,0,376,18790,-143,-653,431,536,-966,-64,-644,-689,-59,-429,-1130,446,226,-930,446,0,0,0,0,0,0,0,0,0,0,0,0,0,0,0,5,26437,0,26492,0,0,0,0,4494130,4503679,0,0,0,0,0,1000,1000,5136664
MPCTASK: EXP,0,378,18887,-72,-726,422,655,-796,-55,-922,-305,-283,-313,-1199,446,274,-881,446,0,0,0,0,0,0,0,0,0,0,0,0,0,0,0,5,24003,0,24058,0,0,0,0,4080490,4090038,0,0,0,0,0,1000,1000,5136664
MPCTASK: EXP,0,380,18990,-2,-771,418,709,-566,6,-1026,-73,-573,-169,-1239,446,301,-805,446,0,0,0,0,0,0,0,0,0,0,0,0,0,0,0,5,26951,0,27005,0,0,0,0,4581446,4590989,0,0,0,0,0,1000,1000,5136664
MPCTASK: EXP,0,382,19091,61,-784,423,712,-319,73,-906,180,-872,-13,-1250,446,292,-706,446,0,0,0,0,0,0,0,0,0,0,0,0,0,0,0,5,26892,0,27085,0,0,0,0,4571518,4604500,0,0,0,0,0,1000,1000,5136664
MPCTASK: EXP,0,384,19190,132,-779,432,685,-105,93,-784,502,-1051,140,-1232,446,267,-600,446,0,0,0,0,0,0,0,0,0,0,0,0,0,0,0,5,24961,0,25017,0,0,0,0,4243374,4252921,0,0,0,0,0,1000,1000,5136664
MPCTASK: EXP,0,386,19289,184,-759,440,579,81,76,-634,840,-1154,276,-1185,446,206,-492,446,0,0,0,0,0,0,0,0,0,0,0,0,0,0,0,5,24990,0,25047,0,0,0,0,4248222,4258038,0,0,0,0,0,1000,1000,5136664
MPCTASK: EXP,0,388,19389,234,-719,446,437,256,45,-490,1089,-1171,382,-1110,446,139,-370,446,0,0,0,0,0,0,0,0,0,0,0,0,0,0,0,5,24511,0,24566,0,0,0,0,4166783,4176337,0,0,0,0,0,1000,1000,5136664
MPCTASK: EXP,0,390,19489,265,-672,453,240,402,27,-447,1355,-1108,446,-1010,446,51,-248,446,0,0,0,0,0,0,0,0,0,0,0,0,0,0,0,5,25516,0,25581,0,0,0,0,4337610,4348855,0,0,0,0,0,1000,1000,5136664
MPCTASK: EXP,0,392,19589,275,-603,453,10,566,-15,-492,1526,-975,463,-886,446,-43,-104,446,0,0,0,0,0,0,0,0,0,0,0,0,0,0,0,5,24251,0,24306,0,0,0,0,4122546,4132089,0,0,0,0,0,1000,1000,5136664
MPCTASK: EXP,0,394,19689,259,-532,453,-243,709,-26,-530,1507,-839,431,-741,446,-135,29,446,0,0,0,0,0,0,0,0,0,0,0,0,0,0,0,5,24661,0,24716,0,0,0,0,4192266,4201814,0,0,0,0,0,1000,1000,5136664
MPCTASK: EXP,0,396,19791,218,-444,451,-487,854,-28,-518,1306,-715,353,-580,446,-218,167,446,0,0,0,0,0,0,0,0,0,0,0,0,0,0,0,5,26664,0,26725,0,0,0,0,4532706,4543402,0,0,0,0,0,1000,1000,5136664
MPCTASK: EXP,0,398,19891,156,-370,445,-683,938,-30,-511,973,-618,236,-406,446,-279,274,446,0,0,0,0,0,0,0,0,0,0,0,0,0,0,0,5,26351,0,26545,0,0,0,0,4479470,4512601,0,0,0,0,0,1000,1000,5136664
MPCTASK: EXP,0,400,19985,77,-271,443,-819,1043,-6,-489,570,-517,93,-223,446,-320,396,446,0,0,0,0,0,0,0,0,0,0,0,0,0,0,0,5,20583,0,20638,0,0,0,0,3499098,3508645,0,0,0,0,0,1000,1000,5136664
MPCTASK: EXP,0,402,20089,-2,-172,444,-872,1109,27,-378,168,-436,-62,-37,446,-327,494,446,0,0,0,0,0,0,0,0,0,0,0,0,0,0,0,5,24874,0,24928,0,0,0,0,4228566,4237951,0,0,0,0,0,1000,1000,5136664
MPCTASK: EXP,0,404,20188,-77,-61,449,-839,1154,41,-191,-289,-354,-216,148,446,-297,584,446,0,0,0,0,0,0,0,0,0,0,0,0,0,0,0,5,24211,0,24274,0,0,0,0,4115774,4126621,0,0,0,0,0,1000,1000,5136664
MPCTASK: EXP,0,406,20289,-130,39,457,-711,1131,41,62,-695,-261,-353,329,446,-227,639,446,0,0,0,0,0,0,0,0,0,0,0,0,0,0,0,5,24597,0,24652,0,0,0,0,4181454,4191001,0,0,0,0,0,1000,1000,5136664
MPCTASK: EXP,0,408,20392,-166,117,465,-518,1046,27,95,-998,-173,-458,501,446,-138,669,446,0,0,0,0,0,0,0,0,0,0,0,0,0,0,0,5,27104,0,27159,0,0,0,0,4607462,4617005,0,0,0,0,0,1000,1000,5136664
MPCTASK: EXP,0,410,20490,-190,195,465,-321,986,-39,28,-995,-16,-522,658,446,-62,698,446,0,0,0,0,0,0,0,0,0,0,0,0,0,0,0,5,25994,0,26049,0,0,0,0,4418870,4428421,0,0,0,0,0,1000,1000,5136664
MPCTASK: EXP,0,412,20587,-194,272,457,-116,941,-70,142,-1054,127,-539,798,446,25,712,446,0,0,0,0,0,0,0,0,0,0,0,0,0,0,0,5,23028,0,23091,0,0,0,0,3914658,3925512,0,0,0,0,0,1000,1000,5136664
MPCTASK: EXP,0,414,20690,-190,339,451,98,854,-29,331,-1179,194,-507,917,446,112,699,446,0,0,0,0,0,0,0,0,0,0,0,0,0,0,0,5,24840,0,24896,0,0,0,0,4222755,4232306,0,0,0,0,0,1000,1000,5136664
MPCTASK: EXP,0,416,20788,-166,395,447,308,746,-30,452,-1125,238,-429,1012,446,179,669,446,0,0,0,0,0,0,0,0,0,0,0,0,0,0,0,5,23673,0,23728,0,0,0,0,4024342,4033889,0,0,0,0,0,1000,1000,5136664
MPCTASK: EXP,0,418,20889,-131,421,447,475,593,-20,441,-780,282,-312,1080,446,213,609,446,0,0,0,0,0,0,0,0,0,0,0,0,0,0,0,5,25209,0,25264,0,0,0,0,4285478,4295025,0,0,0,0,0,1000,1000,5136664
MPCTASK: EXP,0,420,20987,-83,464,445,593,491,-5,619,-667,231,-169,1120,446,247,549,446,0,0,0,0,0,0,0,0,0,0,0,0,0,0,0,5,23219,0,23282,0,0,0,0,3947190,3958037,0,0,0,0,0,1000,1000,5136664
MPCTASK: EXP,0,422,21090,-41,514,449,653,387,1,685,-287,227,-13,1132,446,222,512,446,0,0,0,0,0,0,0,0,0,0,0,0,0,0,0,5,25174,0,25280,0,0,0,0,4279406,4297555,0,0,0,0,0,1000,1000,5136664
MPCTASK: EXP,0,424,21191,0,527,451,630,242,-3,633,166,192,140,1114,446,174,433,446,0,0,0,0,0,0,0,0,0,0,0,0,0,0,0,5,25218,0,25273,0,0,0,0,4286943,4296493,0,0,0,0,0,1000,1000,5136664
MPCTASK: EXP,0,426,21292,30,531,455,531,106,1,683,441,73,276,1067,446,102,343,446,0,0,0,0,0,0,0,0,0,0,0,0,0,0,0,5,26813,0,26868,0,0,0,0,4558198,4567583,0,0,0,0,0,1000,1000,5136664
MPCTASK: EXP,0,428,21391,51,530,456,397,-31,-10,809,630,15,381,993,446,23,245,446,0,0,0,0,0,0,0,0,0,0,0,0,0,0,0,5,26451,0,26514,0,0,0,0,4496690,4507533,0,0,0,0,0,1000,1000,5136664
MPCTASK: EXP,0,430,21490,62,514,456,237,-183,-41,867,910,131,445,893,446,-69,139,446,0,0,0,0,0,0,0,0,0,0,0,0,0,0,0,5,24014,0,24070,0,0,0,0,4082423,4091969,0,0,0,0,0,1000,1000,5136664
MPCTASK: EXP,0,432,21585,33,445,454,-1,-417,-55,831,1107,345,462,769,446,-191,-19,446,0,0,0,0,0,0,0,0,0,0,0,0,0,0,0,5,18347,0,18461,0,0,0,0,3118994,3138502,0,0,0,0,0,1000,1000,5136664
MPCTASK: EXP,0,434,21690,17,396,445,-180,-559,-80,646,962,565,429,625,446,-256,-128,446,0,0,0,0,0,0,0,0,0,0,0,0,0,0,0,5,21634,0,22481,0,0,0,0,3677594,3821724,0,0,0,0,0,1000,1000,5136664
MPCTASK: EXP,0,436,21792,-32,348,438,-368,-667,-52,613,849,714,351,464,446,-336,-231,446,0,0,0,0,0,0,0,0,0,0,0,0,0,0,0,5,25049,0,25103,0,0,0,0,4258270,4267658,0,0,0,0,0,1000,1000,5136664
MPCTASK: EXP,0,438,21891,-83,282,438,-511,-794,-2,735,737,800,234,290,446,-383,-353,446,0,0,0,0,0,0,0,0,0,0,0,0,0,0,0,5,23444,0,23505,0,0,0,0,3985320,3995852,0,0,0,0,0,1000,1000,5136664
MPCTASK: EXP,0,440,21990,-137,189,439,-586,-948,24,727,378,1004,92,106,446,-393,-488,446,0,0,0,0,0,0,0,0,0,0,0,0,0,0,0,5,22605,0,22746,0,0,0,0,3842872,3866999,0,0,0,0,0,1000,1000,5136664
MPCTASK: EXP,0,442,22090,-181,110,443,-578,-1055,12,949,101,1216,-62,-81,446,-361,-599,446,0,0,0,0,0,0,0,0,0,0,0,0,0,0,0,5,21608,0,22485,0,0,0,0,3673378,3822523,0,0,0,0,0,1000,1000,5136664
MPCTASK: EXP,0,444,22188,-239,-40,445,-531,-1253,13,657,-361,1294,-214,-270,446,-325,-743,446,0,0,0,0,0,0,0,0,0,0,0,0,0,0,0,5,20824,0,21241,0,0,0,0,3540030,3611062,0,0,0,0,0,1000,1000,5136664
MPCTASK: EXP,0,446,22290,-266,-145,446,-401,-1272,-19,249,-592,1107,-347,-454,446,-256,-793,446,0,0,0,0,0,0,0,0,0,0,0,0,0,0,0,5,22362,0,22418,0,0,0,0,3801566,3811266,0,0,0,0,0,1000,1000,5136664
MPCTASK: EXP,0,448,22390,-281,-249,443,-248,-1226,-12,-37,-795,806,-449,-630,446,-177,-823,446,0,0,0,0,0,0,0,0,0,0,0,0,0,0,0,5,23258,0,23314,0,0,0,0,3953742,3963408,0,0,0,0,0,1000,1000,5136664
MPCTASK: EXP,0,450,22492,-288,-355,445,-73,-1168,18,-102,-1019,480,-509,-792,446,-94,-852,446,0,0,0,0,0,0,0,0,0,0,0,0,0,0,0,5,23481,0,24461,0,0,0,0,3991646,4158472,0,0,0,0,0,1000,1000,5136664
MPCTASK: EXP,0,452,22592,-274,-458,449,132,-1119,12,-135,-1138,140,-523,-936,446,-13,-868,446,0,0,0,0,0,0,0,0,0,0,0,0,0,0,0,5,24726,0,24780,0,0,0,0,4203354,4212739,0,0,0,0,0,1000,1000,5136664
MPCTASK: EXP,0,454,22692,-242,-547,450,324,-1043,-30,-385,-897,-16,-491,-1055,446,39,-839,446,0,0,0,0,0,0,0,0,0,0,0,0,0,0,0,5,24917,0,25425,0,0,0,0,4235930,4322438,0,0,0,0,0,1000,1000,5136664
MPCTASK: EXP,0,456,22791,-194,-635,442,460,-912,-62,-985,-483,7,-416,-1146,445,67,-771,445,0,0,0,0,0,0,0,0,0,0,0,0,0,0,0,5,24500,0,24554,0,0,0,0,4164870,4193634,0,0,0,0,0,1000,1000,5136664
MPCTASK: EXP,0,458,22893,-145,-697,437,515,-659,-34,-1408,-93,-51,-309,-1204,445,66,-670,445,0,0,0,0,0,0,0,0,0,0,0,0,0,0,0,5,25250,0,25304,0,0,0,0,4292398,4301783,0,0,0,0,0,1000,1000,5136664
MPCTASK: EXP,0,460,22988,-99,-722,433,505,-343,-18,-1494,194,-222,-183,-1224,445,51,-553,445,0,0,0,0,0,0,0,0,0,0,0,0,0,0,0,5,20658,0,20713,0,0,0,0,3511834,3521538,0,0,0,0,0,1000,1000,5136664
MPCTASK: EXP,0,462,23094,-62,-723,429,441,-39,-11,-1403,496,-383,-55,-1203,445,18,-447,445,0,0,0,0,0,0,0,0,0,0,0,0,0,0,0,5,26977,0,27032,0,0,0,0,4586086,4595474,0,0,0,0,0,1000,1000,5136664
MPCTASK: EXP,0,464,23188,-35,-686,428,337,258,18,-1142,630,-546,59,-1139,445,3,-362,445,0,0,0,0,0,0,0,0,0,0,0,0,0,0,0,5,21360,0,21591,0,0,0,0,3631212,3670635,0,0,0,0,0,1000,1000,5136664
MPCTASK: EXP,0,466,23290,-19,-628,434,220,483,60,-711,623,-675,147,-1035,445,-21,-283,445,0,0,0,0,0,0,0,0,0,0,0,0,0,0,0,5,22622,0,22678,0,0,0,0,3845698,3855319,0,0,0,0,0,1000,1000,5136664
MPCTASK: EXP,0,468,23390,-12,-559,437,116,610,49,-253,516,-739,197,-895,446,-34,-235,446,0,0,0,0,0,0,0,0,0,0,0,0,0,0,0,5,22358,0,22789,0,0,0,0,3800778,3874199,0,0,0,0,0,1000,1000,5136664
MPCTASK: EXP,0,470,23491,-5,-499,441,37,632,42,52,414,-716,206,-729,446,-31,-221,446,0,0,0,0,0,0,0,0,0,0,0,0,0,0,0,5,24305,0,24358,0,0,0,0,4131734,4140929,0,0,0,0,0,1000,1000,5136664
MPCTASK: EXP,0,472,23592,-5,-431,445,-26,627,33,254,263,-652,177,-550,446,-22,-203,446,0,0,0,0,0,0,0,0,0,0,0,0,0,0,0,5,24469,0,24521,0,0,0,0,4159532,4168671,0,0,0,0,0,1000,1000,5136664
MPCTASK: EXP,0,474,23691,-9,-376,454,-59,558,47,459,53,-579,122,-377,446,-13,-198,446,0,0,0,0,0,0,0,0,0,0,0,0,0,0,0,5,23887,0,23942,0,0,0,0,4060678,4070067,0,0,0,0,0,1000,1000,5136664
MPCTASK: EXP,0,476,23789,-9,-319,458,-53,483,18,544,-85,-505,57,-229,446,-11,-168,446,0,0,0,0,0,0,0,0,0,0,0,0,0,0,0,5,21388,0,21802,0,0,0,0,3635850,3706535,0,0,0,0,0,1000,1000,5136664
MPCTASK: EXP,0,478,23892,-8,-288,459,-30,367,-5,551,-150,-470,1,-124,446,-17,-152,446,0,0,0,0,0,0,0,0,0,0,0,0,0,0,0,5,25138,0,25192,0,0,0,0,4273338,4282603,0,0,0,0,0,1000,1000,5136664
MPCTASK: EXP,0,480,23992,-3,-266,455,2,261,-37,412,-148,-463,-30,-71,446,-17,-141,446,0,0,0,0,0,0,0,0,0,0,0,0,0,0,0,5,24437,0,24489,0,0,0,0,4154274,4163170,0,0,0,0,0,1000,1000,5136664
MPCTASK: EXP,0,482,24091,8,-236,449,37,225,-45,237,-52,-470,-38,-59,446,6,-140,446,0,0,0,0,0,0,0,0,0,0,0,0,0,0,0,5,23343,0,23397,0,0,0,0,3968230,3978431,0,0,0,0,0,1000,1000,5136664
MPCTASK: TRAJ DONE: idx=482, max=482; requesting landing
MPCTASK: LANDING: start z=0.44, hold=(0.01,-0.23)
MPCTASK: TIMING SUMMARY: max_step_cycles=5136664 deadline_cycles=8400000 overruns=0
MPCTASK: LANDING COMPLETE: t=30490 ms, x=0.036, y=-0.234, z=-0.006, vz=-0.091; motors off