SYS: Crazyflie 2.1 Brushless is up and running!
SYS: Build 2:de14ff9f08ae (2025.09.1 +2) MODIFIED
SYS: I am 0x373930393434471500370039 and I have 1024KB of flash!
CFGBLK: v1, verification [OK]
DECK_DISCOVERY: Backend found: onewire
DECK_DISCOVERY: Backend found: deckctrl
DECK_CORE: 1 deck(s) found
DECK_CORE: Calling INIT on driver bcFlow2 for deck 0
ZR2: Z-down sensor [OK]
PMW: Motion chip id: 0x49:0xB6
IMU: BMI088: Using I2C interface.
IMU: BMI088 Gyro connection [OK].
IMU: BMI088 Accel connection [OK]
IMU: BMP390 I2C connection [OK]
ESTIMATOR: Using Kalman (2) estimator
CONTROLLER: Using PID (1) controller
MTR-DRV: Using brushless motor driver
SYS: About to run tests in system.c.
SYS: NRF51 version: 2026.04 (C21B)
EEPROM: I2C connection [OK].
STORAGE: Storage check [OK].
IMU: BMI088 gyro self-test [OK]
DECK_CORE: Deck 0 test [OK].
SYS: Self test passed!
STAB: Wait for sensor calibration...
SYS: Free heap: 15048 bytes
MPCTASK: Waiting for activation ...
STAB: Starting stabilizer loop
ESTKALMAN: State out of bounds, resetting
STAB: WARNING: stabilizer loop rate is off (1004)
MPCTASK: Benchmark mode 3, maneuver 4, max_iter 5, task_pri 0
MPCTASK: Reference altitude: 0.70 m; barrier skip when z>0.75 and vz>-0.20
MPCTASK: OOT takeoff: cfclient trigger>=0.15m ramp=0.15m/s figure8_start=2000ms_at_measured_z target=0.70m timeout=12000ms
MPCTASK: Common baseline: mpc_hz=20 model_hz=20 rho=5 base_w=0 base_qz=1 Qz=100 R=4 bridge=x10 guards=z[ref,ref+0.20] xy=free cap=0.05
MPCTASK: MPC->PID: xyz=x10, z_guard=[ref,ref+0.20], yaw=raw_rz, output_hold=200ms, safety_hold=500ms
MPCTASK: Reference origin: xyz=measured_at_forced_timed_start target_z=0.70 m
MPCTASK: LIMO adaptive: cache=16x4 evals=1 activeH=1 timing=bar/rl/cache_cycles
MPCTASK: EXP every=2: m,s,tms,p3[mm],v3[mmps],att3[cdeg],ref3[mm],cmd3[mm],h/raw/grad/mar/thr[milli],act/ac/bind,wi/qi/cache/noa,pa/pf/du[milli],it,mpc/eval/total[us],bar/tanh/rl/cache/solve/step[cycles],overruns,post_active/post_infeasible_totals,wreq/w/qzreq/qz[milli],max_step_cycles
MPCTASK: Figure8: source=traj_fig8_12.h source_hz=100 samples=1205 laps=2 duration=24.07 s origin=forced_timed_start start_delay=2000ms z_baseline=measured_at_start
CONTROLLER: Using OutOfTree (6) controller
MPCTASK: Trajectory origin: x=0.01 y=-0.23 z=0.01
MPCTASK: OOT activated at z=0.01
SUP: Ready to fly
MPCTASK: TAKEOFF START: trigger_z=0.15 start_z=0.01 target=0.70 hold=(-0.0,-0.25) ramp=0.15m/s
MPCTASK: OOT loop 1 done
MPCTAMPCTASK: OOT loop 2 done
SK: MPC task loop 1
MPCTASK: x0: pos=(-0.0,-0.25,0.01) vel=(0.02,-0.11,-MPCTASK: OOT loop 3 done
0.0)
MPCTASK: ref: (-0.0,-0.25,0.01)
MPCTASK: SAFE TV mode=3: h=0.0 raw=0.0 grad=0.0 margin=0.0 thr=0.0 active0=0 active_count=0 eval=10366 us
MPCTASK: MPC solve start
MPCTASK: MPC solve done, iter=5
MPCTASK: MPC time=19575 us
MPCTASK: MPC stack free=885 words
MPCTASK: setpoint: x=-0.0 y=-0.25 z=0.07 preview_z=0.07
MPCTASK: MPC task loop 2
MPCTASK: MPC task loop 3
MPCTASK: Cache level changed: 0 -> 1
MPCTASK: TAKEOFF COMPLETE: t=2000ms z=0.20 vz=0.22; trajectory queued origin=(-0.04,-0.19,0.20)
MPCTASK: TRAJ START: z=0.20 origin=(-0.04,-0.19,0.20) EXP clock reset; Z metric begins at t+3s
MPCTASK: EXP,3,2,85,-33,-196,210,180,-50,198,182,248,-352,-43,-193,203,-35,7,203,-489,-246,1976,70,300,1,1,1,15,3,1,1,0,0,0,5,20902,12857,33999,2185559,0,1785,23109,3553377,5779918,0,0,0,988,1000,1399,1400,6641019
MPCTASK: EXP,3,4,184,-17,-201,221,133,-34,56,-566,572,-323,-54,-174,203,-8,52,203,-478,-100,1504,70,300,1,1,1,15,3,1,1,0,0,0,5,24156,8244,33597,1401481,0,1785,121949,4106429,5711526,0,0,0,987,1000,1399,1400,6641019
MPCTASK: EXP,3,6,282,-6,-198,219,49,105,-77,-1105,708,-346,-89,-107,204,17,106,204,-495,-350,2552,70,300,1,1,1,15,3,1,1,0,0,0,5,21551,10167,32129,1728232,0,1940,51045,3663597,5462099,0,0,0,987,1000,1399,1400,6641019
MPCTASK: EXP,3,8,385,-6,-177,216,-38,297,-82,-1098,534,-391,-142,11,204,35,158,204,-499,-426,2489,70,300,1,1,1,15,3,1,1,0,0,0,5,23455,10369,34596,1762527,0,1785,93286,3987286,5881358,0,0,0,989,1000,1399,1400,6641019
MPCTASK: EXP,3,10,485,-14,-125,209,-97,521,-34,-756,63,-454,-196,170,204,69,216,204,-497,-275,2316,70,300,1,1,1,15,3,1,1,0,0,0,5,23163,10359,34592,1761108,0,2120,164184,3937601,5880758,0,0,0,991,1000,1399,1400,6641019
MPCTASK: EXP,3,12,583,-18,-71,205,-57,616,-52,-507,-236,-381,-235,350,203,95,253,203,-505,-262,2264,70,300,1,1,1,15,3,1,1,0,0,0,5,22522,9845,32954,1673565,0,1786,81825,3828645,5602157,0,0,0,992,1000,1399,1400,6641019
MPCTASK: EXP,3,14,684,-17,-5,195,6,681,-61,-200,-359,-272,-242,528,203,115,282,203,-517,-273,2220,71,300,1,1,1,15,3,1,1,0,0,0,5,22239,10445,33549,1775680,0,2691,23942,3780690,5703466,0,0,0,994,1000,1399,1400,6641019
MPCTASK: EXP,3,16,784,-13,52,195,72,673,2,83,-395,-210,-211,689,203,120,285,203,-504,-248,2107,71,300,1,1,1,15,3,1,1,0,0,0,5,22441,10256,33455,1743512,0,2090,110320,3814969,5687537,0,0,0,995,1000,1399,1400,6641019
MPCTASK: EXP,3,18,881,-11,113,199,104,620,28,275,-294,-164,-142,818,203,92,286,203,-500,-173,1330,70,300,1,1,1,15,3,1,1,0,0,0,5,19253,9994,30288,1698953,0,1785,114992,3272843,5148894,0,0,0,996,1000,1399,1400,6641019
MPCTASK: EXP,3,20,986,0,167,203,138,553,20,401,-135,-147,-42,907,203,60,271,203,-496,-271,2202,70,300,1,1,1,15,3,1,1,0,0,0,5,25944,9086,35830,1544667,0,1785,65394,4410350,6091106,0,0,0,996,1000,1399,1400,6641019
MPCTASK: EXP,3,22,1082,14,222,205,145,473,41,686,84,-237,76,952,203,24,245,203,-494,-253,2101,70,300,1,1,1,15,3,1,1,0,0,0,5,20884,10231,31769,1739267,0,1786,93120,3550237,5400887,0,0,0,997,1000,1399,1400,6641019
MPCTASK: EXP,3,24,1188,25,259,204,106,327,28,884,181,-266,198,954,203,-23,188,203,-495,-289,2355,70,300,1,1,1,15,3,1,1,0,0,0,5,25428,11219,37426,1907069,0,1817,34226,4322664,6362518,0,0,0,997,1000,1399,1400,6641019
MPCTASK: EXP,3,26,1287,33,286,206,52,176,31,932,393,-278,308,915,203,-82,136,203,-493,-341,2332,70,300,1,1,1,15,3,1,1,0,0,0,5,24924,11246,36854,1911833,0,1785,98071,4237105,6265287,0,0,0,997,1000,1399,1400,6641019
MPCTASK: EXP,3,28,1386,34,296,212,-43,18,53,900,600,-277,391,839,203,-146,71,203,-487,-215,2006,70,300,1,1,1,15,3,1,1,0,0,0,5,23635,11146,35854,1894826,0,2337,25059,4017909,6095436,0,0,0,997,1000,1399,1400,6641019
MPCTASK: EXP,3,30,1482,23,293,218,-165,-133,56,973,670,-303,435,731,203,-211,-4,203,-481,-246,2355,70,300,1,1,1,15,3,1,1,0,0,0,5,20517,10021,31484,1703562,0,1785,142262,3487770,5352279,0,0,0,996,1000,1399,1400,6641019
MPCTASK: EXP,3,32,1583,0,274,223,-289,-265,-17,726,762,-198,434,596,203,-279,-61,203,-480,-256,2324,70,300,1,1,1,15,3,1,1,0,0,0,5,21548,9506,32102,1616004,0,2086,135575,3663097,5457338,0,0,0,996,1000,1399,1400,6641019
MPCTASK: EXP,3,34,1687,-40,246,221,-435,-372,-33,652,668,-74,387,440,203,-335,-133,203,-485,-298,2262,70,300,1,1,1,15,3,1,1,0,0,0,5,24066,11522,36883,1958693,0,1996,101748,4091197,6270093,0,0,0,995,1000,1399,1400,6641019
MPCTASK: EXP,3,36,1782,-88,216,218,-530,-450,-28,608,378,24,296,268,203,-363,-193,203,-487,-242,2223,70,300,1,1,1,15,3,1,1,0,0,0,5,21954,8935,31826,1518786,0,2180,24264,3732013,5410357,0,0,0,994,1000,1399,1400,6641019
MPCTASK: EXP,3,38,1884,-144,181,214,-581,-513,-15,554,151,74,172,86,203,-377,-250,203,-488,-300,2219,70,300,1,1,1,15,3,1,1,0,0,0,5,21762,10413,32793,1770229,0,1785,87427,3699406,5574810,0,0,0,993,1000,1399,1400,6641019
MPCTASK: EXP,3,40,1987,-194,142,217,-557,-573,44,633,-164,60,24,-102,203,-354,-312,203,-482,-265,2186,70,300,1,1,1,15,3,1,1,0,0,0,5,26056,9843,36149,1673326,0,1787,24267,4429370,6145377,0,0,0,992,1000,1399,1400,6641019
MPCTASK: EXP,3,42,2083,-247,88,221,-512,-653,28,642,-342,31,-130,-291,203,-338,-390,203,-478,-208,1821,70,300,1,1,1,15,3,1,1,0,0,0,5,21203,10448,32603,1776023,0,2043,124818,3604366,5542457,0,0,0,992,1000,1399,1400,6641019
MPCTASK: EXP,3,44,2183,-287,31,226,-413,-731,29,681,-586,8,-277,-477,203,-284,-460,203,-473,-249,2151,69,300,1,1,1,15,3,1,1,0,0,0,5,21825,10617,32948,1804868,0,1785,68132,3710109,5601273,0,0,0,994,1000,1399,1400,6641019
MPCTASK: EXP,3,46,2285,-319,-42,228,-282,-822,-2,515,-816,-63,-402,-656,203,-224,-528,203,-471,-317,2278,69,300,1,1,1,15,3,1,1,0,0,0,5,22942,10373,33976,1763223,0,1977,87243,3900118,5776079,0,0,0,995,1000,1399,1400,6641019
MPCTASK: EXP,3,48,2385,-331,-114,224,-100,-857,-22,295,-941,-189,-492,-822,203,-147,-573,203,-479,-298,2373,70,300,1,1,1,15,3,1,1,0,0,0,5,22773,11906,34919,2023926,0,1785,23109,3871401,5936402,0,0,0,996,1000,1399,1400,6641019
MPCTASK: EXP,3,50,2488,-334,-196,222,55,-881,-5,55,-861,-279,-538,-973,203,-95,-615,203,-478,-303,2326,70,300,1,1,1,15,3,1,1,0,0,0,5,25396,11594,37501,1970904,0,1785,23109,4317241,6375255,0,0,0,997,1000,1399,1400,6641019
MPCTASK: EXP,3,52,2587,-324,-272,225,206,-847,26,-196,-811,-359,-536,-1104,203,-42,-629,203,-474,-302,2288,70,300,1,1,1,15,3,1,1,0,0,0,5,25265,11518,37324,1958003,0,1785,74085,4294983,6345120,0,0,0,997,1000,1399,1400,6641019
MPCTASK: EXP,3,54,2687,-302,-347,224,332,-774,17,-431,-624,-405,-485,-1213,203,-11,-632,203,-475,-248,2153,70,300,1,1,1,15,3,1,1,0,0,0,5,25181,11352,36773,1929836,0,1788,23258,4280733,6251403,0,0,0,998,1000,1399,1400,6641019
MPCTASK: EXP,3,56,2784,-275,-409,234,412,-670,53,-493,-429,-455,-391,-1297,203,4,-621,203,-465,-150,1311,69,300,1,1,1,15,3,1,1,0,0,0,5,23023,9937,33198,1689128,0,1785,23109,3913838,5643818,0,0,0,998,1000,1399,1400,6641019
MPCTASK: EXP,3,58,2889,-242,-467,240,459,-575,49,-573,-296,-485,-263,-1354,203,8,-605,203,-459,-183,1621,69,300,1,1,1,15,3,1,1,0,0,0,5,27106,11091,38559,1885430,0,1957,43455,4607781,6555176,0,0,0,998,1000,1399,1400,6641019
MPCTASK: EXP,3,60,2985,-205,-515,244,482,-463,20,-663,-67,-463,-113,-1382,203,-5,-576,203,-455,-214,1985,69,300,1,1,1,15,3,1,1,0,0,0,5,23166,10546,34332,1792698,0,1785,23109,3938094,5836506,0,0,0,998,1000,1399,1400,6641019
MPCTASK: EXP,3,62,3084,-164,-554,237,469,-341,-29,-732,211,-395,43,-1382,203,-34,-533,203,-468,-311,2250,69,300,1,1,1,15,3,1,1,0,0,0,5,20462,11443,33010,1945192,0,2121,124880,3478485,5611914,0,0,0,998,1000,1399,1400,6641019
MPCTASK: EXP,3,64,3182,-144,-575,225,374,-181,-41,-840,484,-322,192,-1352,203,-100,-466,203,-482,-231,2399,69,300,1,1,1,15,3,1,1,0,0,0,5,22925,8379,31909,1424354,0,1785,85173,3897133,5424618,0,0,0,998,1000,1399,1400,6641019
MPCTASK: EXP,3,66,3283,-125,-583,228,260,-17,44,-760,606,-278,317,-1293,203,-160,-400,203,-471,-195,1811,69,300,1,1,1,15,3,1,1,0,0,0,5,20762,11404,32703,1938642,0,1785,73475,3529425,5559653,0,0,0,998,1000,1399,1400,6641019
MPCTASK: EXP,3,68,3385,-112,-577,254,140,113,116,-685,705,-284,408,-1208,203,-217,-333,205,-445,-151,1406,69,300,1,1,1,15,3,1,1,0,0,0,5,23389,9651,33775,1640574,0,1785,107037,3976050,5741731,0,0,0,998,1000,1399,1400,6641019
MPCTASK: EXP,3,70,3487,-109,-560,270,22,228,50,-756,801,-305,453,-1098,203,-267,-252,206,-429,-124,1449,69,300,1,1,1,15,3,1,1,0,0,0,5,23310,12014,36898,2042355,0,1785,166380,3962625,6272690,0,0,0,998,1000,1399,1400,6641019
MPCTASK: EXP,3,72,3584,-114,-534,273,-88,338,-34,-614,640,-369,451,-965,203,-292,-192,205,-433,-196,2074,69,300,1,1,1,15,3,1,1,0,0,0,5,22790,10908,33940,1854367,0,1785,23109,3874257,5769874,0,0,0,998,1000,1399,1400,6641019
MPCTASK: EXP,3,74,3685,-125,-507,267,-172,410,-74,-565,603,-427,400,-814,203,-317,-128,203,-447,-135,1782,69,300,1,1,1,15,3,1,1,0,0,0,5,22500,11577,34581,1968002,0,1785,67152,3824857,5878854,0,0,0,997,1000,1399,1400,6641019
MPCTASK: EXP,3,76,3784,-149,-471,255,-262,491,-78,-558,523,-496,305,-647,203,-337,-60,203,-459,-155,1902,69,300,1,1,1,15,3,1,1,0,0,0,5,22021,10517,33168,1787768,0,1786,89114,3743353,5638491,0,0,0,996,1000,1399,1400,6641019
MPCTASK: EXP,3,78,3887,-179,-436,246,-321,547,-47,-501,292,-528,176,-469,203,-330,-8,203,-462,-264,2197,69,300,1,1,1,15,3,1,1,0,0,0,5,24256,12221,36927,2077409,0,2690,36856,4123533,6277761,0,0,0,995,1000,1399,1400,6641019
MPCTASK: EXP,3,80,3984,-208,-390,239,-318,604,-25,-451,-65,-529,26,-284,203,-292,45,203,-465,-212,2040,69,300,1,1,1,15,3,1,1,0,0,0,5,21846,11183,33923,1901149,0,2182,92774,3713881,5766885,0,0,0,994,1000,1399,1400,6641019
MPCTASK: EXP,3,82,4087,-229,-347,237,-248,624,-17,-431,-371,-514,-130,-97,203,-228,88,203,-465,-169,1635,69,300,1,1,1,15,3,1,1,0,0,0,5,25952,10828,37397,1840707,0,1785,23115,4411833,6357639,0,0,0,992,1000,1399,1400,6641019
MPCTASK: EXP,3,84,4185,-235,-291,235,-135,668,-20,-452,-473,-471,-279,87,203,-157,145,203,-468,-154,1534,69,300,1,1,1,15,3,1,1,0,0,0,5,22425,10736,33785,1825062,0,1785,87242,3812066,5743587,0,0,0,993,1000,1399,1400,6641019
MPCTASK: EXP,3,86,4280,-230,-237,236,-16,695,-15,-429,-518,-398,-404,264,203,-85,194,203,-466,-171,1672,69,300,1,1,1,15,3,1,1,0,0,0,5,18234,10258,29063,1743739,0,1785,79691,3099694,4940671,0,0,0,994,1000,1399,1400,6641019
MPCTASK: EXP,3,88,4385,-222,-176,231,89,731,-21,-296,-554,-333,-494,431,203,-16,227,203,-472,-249,2242,69,300,1,1,1,15,3,1,1,0,0,0,5,26233,8014,34923,1362376,0,42532,24637,4459425,5936945,0,0,0,995,1000,1399,1400,6641019
MPCTASK: EXP,3,90,4485,-207,-118,237,187,722,0,-224,-631,-205,-540,582,203,40,259,203,-462,-214,2001,69,300,1,1,1,15,3,1,1,0,0,0,5,22351,11629,34609,1976948,0,2657,87514,3799561,5883647,0,0,0,996,1000,1399,1400,6641019
MPCTASK: EXP,3,92,4586,-175,-54,231,301,733,-47,-179,-498,-24,-538,714,203,90,294,203,-478,-210,2068,69,300,1,1,1,15,3,1,1,0,0,0,5,24906,9858,35003,1675709,0,1787,23266,4233843,5950566,0,0,0,997,1000,1399,1400,6641019
MPCTASK: EXP,3,94,4683,-144,11,227,364,737,-43,-122,-354,86,-486,823,203,114,324,203,-481,-197,1939,69,300,1,1,1,15,3,1,1,0,0,0,5,20293,11166,32148,1898062,0,1909,38819,3449838,5465303,0,0,0,997,1000,1399,1400,6641019
MPCTASK: EXP,3,96,4783,-107,82,223,408,726,-28,146,-256,158,-392,907,203,135,337,203,-481,-147,1381,70,300,1,1,1,15,3,1,1,0,0,0,5,22338,10042,32870,1706995,0,1785,64212,3797377,5587854,0,0,0,997,1000,1399,1400,6641019
MPCTASK: EXP,3,98,4883,-71,141,220,427,670,-12,395,-68,156,-263,965,203,121,321,203,-481,-239,2177,70,300,1,1,1,15,3,1,1,0,0,0,5,22140,10283,33358,1747951,0,1785,141167,3763845,5670931,0,0,0,997,1000,1399,1400,6641019
MPCTASK: EXP,3,100,4983,-34,195,222,403,557,10,640,124,147,-113,993,203,98,281,203,-477,-269,2258,70,300,1,1,1,15,3,1,1,0,0,0,5,23956,8107,32763,1378195,0,1785,23421,4072425,5569795,0,0,0,997,1000,1399,1400,6641019
MPCTASK: EXP,3,102,5080,-7,235,225,324,409,5,736,434,125,44,993,203,33,234,203,-474,-243,2234,70,300,1,1,1,15,3,1,1,0,0,0,5,18946,8884,28979,1510212,0,1785,177964,3220666,4926583,0,0,0,997,1000,1399,1400,6641019
MPCTASK: EXP,3,104,5182,13,271,224,222,285,-34,701,541,147,192,963,203,-26,201,203,-482,-328,2243,70,300,1,1,1,15,3,1,1,0,0,0,5,23729,7775,31744,1321603,0,1785,23109,4033849,5396530,0,0,0,997,1000,1399,1400,6641019
MPCTASK: EXP,3,106,5284,17,290,216,52,122,-51,843,778,187,318,905,203,-116,124,203,-493,-267,2392,70,300,1,1,1,15,3,1,1,0,0,0,5,19486,11188,32023,1901900,0,1785,170472,3312573,5444033,0,0,0,996,1000,1399,1400,6641019
MPCTASK: EXP,3,108,5384,0,295,213,-123,-48,5,944,663,199,408,820,203,-201,41,203,-486,-237,2417,70,300,1,1,1,15,3,1,1,0,0,0,5,22502,9855,32597,1675348,0,1937,23109,3825322,5541518,0,0,0,996,1000,1399,1400,6641019
MPCTASK: EXP,3,110,5484,-29,280,210,-264,-217,-21,832,683,167,454,709,203,-288,-37,203,-493,-236,2338,70,300,1,1,1,15,3,1,1,0,0,0,5,21344,10508,32346,1786218,0,1785,66414,3628326,5498853,0,0,0,996,1000,1399,1400,6641019
MPCTASK: EXP,3,112,5587,-69,254,207,-402,-350,-5,727,565,111,451,577,203,-351,-114,203,-493,-322,2278,70,300,1,1,1,15,3,1,1,0,0,0,5,25144,10293,36231,1749698,0,1960,116154,4274361,6159391,0,0,0,996,1000,1399,1400,6641019
MPCTASK: EXP,3,114,5688,-119,214,211,-481,-481,34,746,183,41,400,425,203,-376,-206,203,-488,-319,2265,70,300,1,1,1,15,3,1,1,0,0,0,5,23651,10443,34903,1775201,0,1785,118811,4020585,5933550,0,0,0,996,1000,1399,1400,6641019
MPCTASK: EXP,3,116,5789,-172,162,215,-511,-596,29,671,49,30,305,258,203,-400,-297,203,-484,-241,2066,70,300,1,1,1,15,3,1,1,0,0,0,5,26816,9176,36492,1559761,0,1785,67665,4558688,6203690,0,0,0,995,1000,1399,1400,6641019
MPCTASK: EXP,3,118,5887,-216,109,221,-478,-667,34,580,-173,8,176,80,203,-382,-365,203,-478,-185,1608,70,300,1,1,1,15,3,1,1,0,0,0,5,24203,8603,34657,1462383,0,1959,81754,4114445,5891713,0,0,0,994,1000,1399,1400,6641019
MPCTASK: EXP,3,120,5985,-251,58,223,-425,-706,16,466,-264,-51,26,-104,203,-354,-418,203,-476,-166,1463,70,300,1,1,1,15,3,1,1,0,0,0,5,21391,10500,32785,1784993,0,1786,133019,3636429,5573599,0,0,0,993,1000,1399,1400,6641019
MPCTASK: EXP,3,122,6088,-280,-1,226,-335,-749,43,478,-410,-147,-130,-291,203,-303,-483,203,-473,-167,1423,69,300,1,1,1,15,3,1,1,0,0,0,5,23481,11678,35678,1985166,0,1785,46724,3991684,6065260,0,0,0,993,1000,1399,1400,6641019
MPCTASK: EXP,3,124,6185,-301,-80,228,-218,-805,21,306,-538,-252,-279,-475,203,-238,-551,203,-471,-180,1603,69,300,1,1,1,15,3,1,1,0,0,0,5,22937,9384,33114,1595101,0,12472,106609,3899061,5629433,0,0,0,993,1000,1399,1400,6641019
MPCTASK: EXP,3,126,6285,-310,-146,232,-97,-808,21,200,-589,-321,-404,-653,203,-173,-589,203,-467,-218,1935,69,300,1,1,1,15,3,1,1,0,0,0,5,22712,9867,33012,1677392,0,1785,23109,3860969,5612135,0,0,0,994,1000,1399,1400,6641019
MPCTASK: EXP,3,128,6388,-314,-212,232,0,-806,4,13,-610,-316,-494,-819,203,-125,-616,203,-467,-236,2121,69,300,1,1,1,15,3,1,1,0,0,0,5,24725,9873,34987,1678369,0,1817,47789,4203281,5947894,0,0,0,995,1000,1399,1400,6641019
MPCTASK: EXP,3,130,6488,-311,-285,229,108,-750,-10,-201,-568,-299,-540,-970,203,-80,-628,203,-472,-181,1731,69,300,1,1,1,15,3,1,1,0,0,0,5,23267,11245,34846,1911505,0,2086,38002,3955321,5923935,0,0,0,996,1000,1399,1400,6641019
MPCTASK: EXP,3,132,6587,-297,-348,230,211,-686,1,-261,-623,-299,-538,-1102,203,-30,-638,203,-469,-165,1616,69,300,1,1,1,15,3,1,1,0,0,0,5,23067,10174,33935,1729425,0,1785,100172,3921341,5769025,0,0,0,997,1000,1399,1400,6641019
MPCTASK: EXP,3,134,6690,-270,-406,230,323,-623,-11,-281,-580,-303,-486,-1212,203,14,-644,203,-472,-161,1601,69,300,1,1,1,15,3,1,1,0,0,0,5,22018,13558,36898,2304778,0,2179,24261,3742913,6272730,0,0,0,997,1000,1399,1400,6641019
MPCTASK: EXP,3,136,6790,-248,-448,229,386,-544,-11,-323,-457,-333,-392,-1296,203,20,-625,203,-472,-162,1541,69,300,1,1,1,15,3,1,1,0,0,0,5,22712,10550,35462,1793317,0,1913,164292,3860945,6028665,0,0,0,997,1000,1399,1400,6641019
MPCTASK: EXP,3,138,6887,-217,-492,232,442,-464,16,-412,-388,-348,-263,-1353,203,30,-605,203,-467,-160,1436,69,300,1,1,1,15,3,1,1,0,0,0,5,22300,9438,32744,1604354,0,1785,23415,3790941,5566474,0,0,0,998,1000,1399,1400,6641019
MPCTASK: EXP,3,140,6990,-178,-524,232,483,-365,-12,-501,-162,-334,-113,-1382,203,24,-563,203,-470,-228,2095,69,300,1,1,1,15,3,1,1,0,0,0,5,26223,8478,35466,1441238,0,1916,54889,4457702,6029323,0,0,0,998,1000,1399,1400,6641019
MPCTASK: EXP,3,142,7090,-128,-549,231,498,-249,-2,-613,110,-290,44,-1382,203,15,-511,203,-469,-224,2057,69,300,1,1,1,15,3,1,1,0,0,0,5,24537,10589,35806,1799929,0,1969,69406,4171092,6087125,0,0,0,998,1000,1399,1400,6641019
MPCTASK: EXP,3,144,7188,-89,-562,234,450,-127,28,-548,292,-322,192,-1352,203,-13,-465,203,-465,-224,1957,69,300,1,1,1,15,3,1,1,0,0,0,5,23122,10025,33724,1704153,0,1785,80411,3930685,5733214,0,0,0,998,1000,1399,1400,6641019
MPCTASK: EXP,3,146,7288,-44,-567,236,397,-30,-1,-465,519,-393,318,-1294,203,-40,-415,203,-464,-253,2207,69,300,1,1,1,15,3,1,1,0,0,0,5,23119,9965,34058,1694073,0,1785,23109,3930177,5790013,0,0,0,998,1000,1399,1400,6641019
MPCTASK: EXP,3,148,7392,-15,-567,235,283,48,-29,-435,787,-509,408,-1208,203,-90,-366,203,-470,-194,2082,69,300,1,1,1,15,3,1,1,0,0,0,5,23651,13930,37828,2368114,0,1785,23782,4020625,6430732,0,0,0,998,1000,1399,1400,6641019
MPCTASK: EXP,3,150,7488,8,-562,234,156,120,-24,-304,817,-630,454,-1098,203,-122,-327,203,-470,-197,2142,69,300,1,1,1,15,3,1,1,0,0,0,5,22117,10289,33657,1749124,0,1785,193636,3759801,5721714,0,0,0,997,1000,1399,1400,6641019
MPCTASK: EXP,3,152,7588,20,-554,233,38,174,-17,-381,790,-713,451,-965,203,-148,-275,203,-470,-192,2015,69,300,1,1,1,15,3,1,1,0,0,0,5,21430,10496,32999,1784224,0,2092,105333,3643037,5609830,0,0,0,997,1000,1399,1400,6641019
MPCTASK: EXP,3,154,7689,27,-536,231,-63,252,-20,-457,744,-748,400,-814,203,-158,-214,203,-473,-179,1863,69,300,1,1,1,15,3,1,1,0,0,0,5,23817,10141,34840,1723872,0,2055,87060,4048773,5922787,0,0,0,996,1000,1399,1400,6641019
MPCTASK: EXP,3,156,7789,20,-518,231,-153,320,-6,-509,642,-760,305,-647,203,-164,-161,203,-469,-162,1594,69,300,1,1,1,15,3,1,1,0,0,0,5,22795,11482,35122,1951905,0,1786,124433,3874974,5970725,0,0,0,995,1000,1399,1400,6641019
MPCTASK: EXP,3,158,7890,8,-491,231,-225,403,-4,-664,667,-738,176,-469,203,-173,-84,203,-469,-263,2275,69,300,1,1,1,15,3,1,1,0,0,0,5,22399,9946,34011,1690753,0,1785,265529,3807797,5781964,0,0,0,993,1000,1399,1400,6641019
MPCTASK: EXP,3,160,7989,-9,-456,233,-280,509,-5,-716,423,-780,26,-284,203,-144,-20,203,-467,-334,2221,69,300,1,1,1,15,3,1,1,0,0,0,5,21039,12037,33935,2046203,0,1938,127752,3576537,5768909,0,0,0,992,1000,1399,1400,6641019
MPCTASK: EXP,3,162,8092,-29,-409,231,-279,604,-17,-699,93,-814,-130,-97,203,-105,52,203,-471,-202,2024,69,300,1,1,1,15,3,1,1,0,0,0,5,23949,10293,36519,1749620,0,1785,315751,4071134,6208426,0,0,0,992,1000,1399,1400,6641019
MPCTASK: EXP,3,164,8192,-44,-360,229,-229,677,-14,-602,-145,-864,-279,87,203,-41,96,203,-473,-252,2067,69,300,1,1,1,15,3,1,1,0,0,0,5,25180,9945,36630,1690654,0,2662,23430,4280405,6227238,0,0,0,994,1000,1399,1400,6641019
MPCTASK: EXP,3,166,8293,-48,-298,230,-118,716,3,-305,-575,-849,-404,264,203,46,131,203,-469,-210,1918,69,300,1,1,1,15,3,1,1,0,0,0,5,23329,12341,36294,2097900,0,1859,46558,3965873,6170206,0,0,0,995,1000,1399,1400,6641019
MPCTASK: EXP,3,168,8393,-40,-241,233,21,706,-18,-303,-574,-667,-494,431,203,113,171,203,-470,-279,2224,69,300,1,1,1,15,3,1,1,0,0,0,5,23554,10069,35029,1711694,0,2689,169050,4004029,5954976,0,0,0,996,1000,1399,1400,6841520
MPCTASK: EXP,3,170,8494,-26,-180,227,127,723,-70,-391,-426,-445,-540,582,203,159,219,203,-486,-199,2040,69,300,1,1,1,15,3,1,1,0,0,0,5,28496,8351,37334,1419641,0,1785,23109,4844261,6346943,0,0,0,997,1000,1399,1400,6841520
MPCTASK: EXP,3,172,8591,-10,-118,220,194,747,-56,-305,-400,-281,-537,713,203,193,250,203,-490,-219,2139,70,300,1,1,1,15,3,1,1,0,0,0,5,22045,10432,33412,1773281,0,1785,141007,3747673,5680101,0,0,0,998,1000,1399,1400,6841520
MPCTASK: EXP,3,174,8693,14,-47,214,276,755,-66,15,-575,-206,-486,823,203,243,259,203,-498,-313,2231,70,300,1,1,1,15,3,1,1,0,0,0,5,23883,11082,35208,1883845,0,1785,23109,4060033,5985415,0,0,0,998,1000,1399,1400,6841520
MPCTASK: EXP,3,176,8792,52,16,206,381,699,-87,161,-426,-111,-392,907,203,265,273,203,-510,-260,2173,70,300,1,1,1,15,3,1,1,0,0,0,5,21843,12574,35207,2137438,0,1786,115069,3713381,5985307,0,0,0,998,1000,1399,1400,6841520
MPCTASK: EXP,3,178,8894,100,76,199,425,638,-29,298,62,-59,-263,965,203,261,262,203,-506,-206,1847,70,300,1,1,1,15,3,1,1,0,0,0,5,26557,8124,36462,1380948,0,1785,65983,4514517,6198643,0,0,0,998,1000,1399,1400,6841520
MPCTASK: EXP,3,180,8991,131,125,200,371,529,32,498,165,58,-112,993,203,228,228,203,-499,-213,1714,70,300,1,1,1,15,3,1,1,0,0,0,5,22330,10632,33626,1807356,0,1785,94905,3796009,5716554,0,0,0,998,1000,1399,1400,6841520
MPCTASK: EXP,3,182,9091,159,171,204,299,432,26,534,471,166,44,993,203,169,205,203,-495,-192,1579,70,300,1,1,1,15,3,1,1,0,0,0,5,23410,9793,34121,1664671,0,1785,138110,3979633,5800655,0,0,0,997,1000,1399,1400,6841520
MPCTASK: EXP,3,184,9199,179,206,207,198,320,5,625,555,252,192,963,203,111,163,203,-492,-228,1968,70,300,1,1,1,15,3,1,1,0,0,0,5,26756,14197,41591,2413447,0,1896,90023,4548481,7070666,0,0,0,997,1000,1399,1400,7070666
MPCTASK: EXP,3,186,9291,189,231,208,76,200,-2,713,851,262,317,905,203,26,108,203,-492,-316,2324,70,300,1,1,1,15,3,1,1,0,0,0,5,22752,10295,33525,1750136,0,1785,23109,3867789,5699311,0,0,0,996,1000,1399,1400,7070666
MPCTASK: EXP,3,188,9393,187,241,209,-82,51,11,825,882,246,407,820,203,-45,32,203,-490,-320,2324,70,300,1,1,1,15,3,1,1,0,0,0,5,23840,9531,34664,1620250,0,1903,146357,4052638,5892962,0,0,0,996,1000,1399,1400,7070666
MPCTASK: EXP,3,190,9490,165,241,206,-248,-108,-14,916,895,195,452,711,203,-128,-39,203,-496,-351,2353,70,300,1,1,1,15,3,1,1,0,0,0,5,22200,8417,32046,1430822,0,1785,225582,3773997,5447975,0,0,0,995,1000,1399,1400,7070666
MPCTASK: EXP,3,192,9592,127,222,203,-408,-256,-52,811,858,91,449,579,203,-210,-122,203,-507,-280,2408,70,300,1,1,1,15,3,1,1,0,0,0,5,23338,10127,34761,1721379,0,25391,125343,3967229,5909411,0,0,0,995,1000,1399,1400,7070666
MPCTASK: EXP,3,194,9688,75,194,197,-559,-390,-35,793,614,-26,398,427,203,-267,-206,203,-509,-385,2271,71,300,1,1,1,15,3,1,1,0,0,0,5,20884,8520,30902,1448359,0,1785,172335,3550177,5253375,0,0,0,994,1000,1399,1400,7070666
MPCTASK: EXP,3,196,9791,17,159,197,-631,-513,14,894,179,-133,303,260,203,-283,-295,203,-502,-397,2287,71,300,1,1,1,15,3,1,1,0,0,0,5,22467,10918,33897,1855915,0,1786,69704,3819338,5762567,0,0,0,993,1000,1399,1400,7070666
MPCTASK: EXP,3,198,9892,-45,107,197,-634,-642,10,750,-116,-167,175,82,203,-288,-376,203,-502,-283,2329,71,300,1,1,1,15,3,1,1,0,0,0,5,22605,11438,34487,1944392,0,1817,33252,3842826,5862807,0,0,0,992,1000,1399,1400,7070666
MPCTASK: EXP,3,200,9990,-102,45,198,-592,-730,15,539,-235,-196,25,-103,203,-282,-442,203,-501,-245,2022,71,300,1,1,1,15,3,1,1,0,0,0,5,21390,10403,32282,1768084,0,1785,64239,3636105,5487927,0,0,0,991,1000,1399,1400,7070666
MPCTASK: EXP,3,202,10091,-158,-29,200,-540,-798,42,285,-350,-210,-129,-292,203,-269,-506,203,-499,-229,1893,70,300,1,1,1,15,3,1,1,0,0,0,5,21239,10401,32396,1768139,0,1786,110921,3610441,5507285,0,0,0,991,1000,1399,1400,7070666
MPCTASK: EXP,3,204,10191,-208,-109,207,-462,-829,53,139,-594,-194,-275,-480,203,-238,-561,203,-492,-267,2137,70,300,1,1,1,15,3,1,1,0,0,0,5,21911,10146,32603,1724705,0,2185,57656,3724738,5542590,0,0,0,992,1000,1399,1400,7070666
MPCTASK: EXP,3,206,10288,-238,-171,215,-311,-773,41,-62,-747,-185,-397,-661,203,-184,-564,203,-484,-208,1867,70,300,1,1,1,15,3,1,1,0,0,0,5,19123,10093,30006,1715620,0,1785,68076,3250812,5100981,0,0,0,993,1000,1399,1400,7070666
MPCTASK: EXP,3,208,10392,-255,-229,215,-155,-701,2,-179,-764,-135,-484,-832,203,-135,-557,203,-484,-203,1969,70,300,1,1,1,15,3,1,1,0,0,0,5,22913,10982,34139,1866977,0,1785,23219,3895117,5803688,0,0,0,995,1000,1399,1400,7070666
MPCTASK: EXP,3,210,10493,-263,-283,215,-15,-625,-11,-216,-764,-86,-526,-987,203,-99,-546,203,-487,-215,2102,70,300,1,1,1,15,3,1,1,0,0,0,5,23918,10051,34388,1708633,0,30307,24636,4065973,5846026,0,0,0,996,1000,1399,1400,7070666
MPCTASK: EXP,3,212,10595,-260,-336,214,111,-564,-2,-234,-712,-62,-521,-1122,203,-72,-535,203,-486,-202,1910,70,300,1,1,1,15,3,1,1,0,0,0,5,22927,12117,35954,2059904,0,1785,137080,3897426,6112358,0,0,0,996,1000,1399,1400,7070666
MPCTASK: EXP,3,214,10692,-245,-375,213,228,-475,-1,-341,-563,-85,-470,-1231,203,-58,-494,203,-486,-239,2083,70,300,1,1,1,15,3,1,1,0,0,0,5,23103,10310,33724,1752587,0,1785,34415,3927393,5733178,0,0,0,997,1000,1399,1400,7070666
MPCTASK: EXP,3,216,10796,-222,-409,212,303,-379,-8,-438,-341,-115,-381,-1309,203,-58,-452,203,-489,-188,1651,70,300,1,1,1,15,3,1,1,0,0,0,5,24743,12146,37860,2064809,0,1895,146722,4206309,6436313,0,0,0,997,1000,1399,1400,7070666
MPCTASK: EXP,3,218,10895,-198,-436,211,330,-279,-15,-479,-168,-140,-265,-1352,203,-71,-413,203,-491,-187,1675,70,300,1,1,1,15,3,1,1,0,0,0,5,24553,10947,36129,1860974,0,1785,88557,4174009,6142030,0,0,0,998,1000,1399,1400,7070666
MPCTASK: EXP,3,220,10995,-172,-455,210,330,-177,-17,-581,57,-171,-137,-1355,203,-93,-370,203,-493,-290,2248,70,300,1,1,1,15,3,1,1,0,0,0,5,24945,11139,36494,1893434,0,1785,51110,4240665,6204078,0,0,0,998,1000,1399,1400,7070666
MPCTASK: EXP,3,222,11096,-152,-468,209,280,-77,-12,-532,243,-273,-12,-1317,203,-112,-357,203,-493,-204,1810,70,300,1,1,1,15,3,1,1,0,0,0,5,26779,10479,37795,1781407,0,13230,23425,4552281,6425152,0,0,0,998,1000,1399,1400,7070666
MPCTASK: EXP,3,224,11191,-135,-474,209,211,0,11,-440,391,-338,93,-1238,203,-132,-360,203,-490,-229,1952,70,300,1,1,1,15,3,1,1,0,0,0,5,22165,9659,32928,1641892,0,2121,167923,3767706,5597959,0,0,0,998,1000,1399,1400,7070666
MPCTASK: EXP,3,226,11293,-125,-476,210,116,65,6,-435,568,-317,166,-1118,203,-147,-372,203,-489,-179,1562,70,300,1,1,1,15,3,1,1,0,0,0,5,23782,10011,34196,1701808,0,28407,24639,4042865,5813541,0,0,0,997,1000,1399,1400,7070666
MPCTASK: EXP,3,228,11392,-125,-474,209,16,118,-2,-347,459,-340,200,-967,203,-146,-385,203,-490,-271,2213,70,300,1,1,1,15,3,1,1,0,0,0,5,21910,10900,33934,1852892,0,1932,172971,3724493,5768781,0,0,0,997,1000,1399,1400,7070666
MPCTASK: EXP,3,230,11492,-133,-468,210,-49,148,12,-197,178,-319,193,-793,203,-135,-398,203,-489,-196,1773,70,300,1,1,1,15,3,1,1,0,0,0,5,23095,10804,34140,1836662,0,1785,23109,3926113,5803896,0,0,0,996,1000,1399,1400,7070666
MPCTASK: EXP,3,232,11591,-139,-460,211,-59,151,6,-125,-24,-218,152,-615,204,-117,-392,204,-488,-163,1430,70,300,1,1,1,15,3,1,1,0,0,0,5,21785,10558,33100,1794834,0,1785,110641,3703221,5626999,0,0,0,994,1000,1399,1400,7070666
MPCTASK: EXP,3,234,11689,-143,-449,211,-38,152,-15,-42,-146,-114,91,-449,204,-114,-354,204,-491,-153,1335,70,300,1,1,1,15,3,1,1,0,0,0,5,20389,9524,30655,1618982,0,2086,107424,3465945,5211570,0,0,0,991,1000,1399,1400,7070666
MPCTASK: EXP,3,236,11791,-144,-441,210,-6,133,-15,-7,-156,-56,27,-317,204,-138,-283,204,-492,-152,1297,70,300,1,1,1,15,3,1,1,0,0,0,5,20819,11347,32627,1928958,0,1786,59612,3539089,5546630,0,0,0,990,1000,1399,1400,7070666
MPCTASK: EXP,3,238,11896,-140,-436,210,29,120,0,-134,-140,-60,-19,-232,203,-172,-179,203,-489,-191,1823,70,300,1,1,1,15,3,1,1,0,0,0,5,26135,11252,37922,1912728,0,1785,71585,4442777,6446780,0,0,0,989,1000,1399,1400,7070666
MPCTASK: EXP,3,240,11993,-134,-430,209,51,145,-3,-476,39,-91,-40,-198,203,-194,-73,203,-490,-300,2192,70,300,1,1,1,15,3,1,1,0,0,0,5,22301,10870,33934,1847840,0,48371,65364,3791093,5768883,0,0,0,989,1000,1399,1400,7070666
MPCTASK: EXP,3,242,12089,-125,-419,210,47,232,-7,-872,190,-80,-43,-194,203,-174,20,203,-490,-390,2268,70,300,1,1,1,15,3,1,1,0,0,0,5,19864,9890,30216,1681130,0,1785,23109,3376721,5136789,0,0,0,989,1000,1399,1400,7070666
MPCTASK: EXP,3,244,12190,-117,-392,211,16,396,-22,-1203,366,-78,-47,-186,203,-134,90,203,-492,-441,2450,70,300,1,1,1,15,3,1,1,0,0,0,5,21954,9198,32010,1563540,0,1785,128275,3731977,5441782,0,0,0,990,1000,1399,1400,7070666
MPCTASK: EXP,3,246,12292,-118,-344,209,-49,611,-35,-1295,410,-120,-72,-140,203,-103,171,203,-497,-536,2449,70,300,1,1,1,15,3,1,1,0,0,0,5,23023,10090,33600,1715185,0,1785,65081,3913767,5712129,0,0,0,990,1000,1399,1400,7070666
MPCTASK: EXP,3,248,12394,-128,-279,208,-91,788,9,-844,-13,-277,-119,-41,204,-45,218,204,-491,-266,2334,70,300,1,1,1,15,3,1,1,0,0,0,5,21707,11400,33734,1937895,0,1790,23413,3690046,5735002,0,0,0,990,1000,1399,1400,7070666
MPCTASK: EXP,3,250,12498,-133,-201,205,-30,878,-1,-366,-525,-324,-176,103,204,26,247,204,-494,-315,2205,70,300,1,1,1,15,3,1,1,0,0,0,5,26509,10499,37962,1784749,0,1954,114275,4506541,6453816,0,0,0,991,1000,1399,1400,7070666
MPCTASK: EXP,3,252,12594,-124,-124,210,94,882,17,-133,-756,-185,-222,277,203,101,275,203,-489,-297,2297,70,300,1,1,1,15,3,1,1,0,0,0,5,22767,11886,34894,2020555,0,1785,23109,3870349,5932045,0,0,0,992,1000,1399,1400,7070666
MPCTASK: EXP,3,254,12691,-114,-57,212,195,822,-19,58,-688,-19,-244,458,203,127,279,203,-491,-227,2126,70,300,1,1,1,15,3,1,1,0,0,0,5,23048,8743,32385,1486122,0,59398,24643,3918177,5505418,0,0,0,993,1000,1399,1400,7070666
MPCTASK: EXP,3,256,12794,-91,0,209,291,754,-37,243,-622,67,-228,628,203,156,263,203,-497,-257,2302,70,300,1,1,1,15,3,1,1,0,0,0,5,22214,10884,33587,1850160,0,1785,65342,3776254,5709823,0,0,0,994,1000,1399,1400,7070666
MPCTASK: EXP,3,258,12895,-46,73,203,426,679,-47,441,-575,115,-174,771,203,208,264,203,-505,-250,2294,70,300,1,1,1,15,3,1,1,0,0,0,5,24325,10102,34916,1717388,0,1785,64565,4135313,5935921,0,0,0,995,1000,1399,1400,7070666
MPCTASK: EXP,3,260,12993,-3,127,198,484,563,-51,569,-128,160,-85,876,203,188,239,203,-511,-335,2228,71,300,1,1,1,15,3,1,1,0,0,0,5,19663,12230,32977,2078946,0,2121,164124,3342705,5606236,0,0,0,996,1000,1399,1400,7070666
MPCTASK: EXP,3,262,13093,38,166,195,476,444,3,705,153,184,27,939,203,168,194,203,-504,-277,2324,71,300,1,1,1,15,3,1,1,0,0,0,5,22935,9954,33376,1692018,0,1785,65401,3898893,5673951,0,0,0,996,1000,1399,1400,7070666
MPCTASK: EXP,3,264,13195,82,203,204,411,277,41,840,467,175,150,959,203,117,139,203,-495,-372,2265,70,300,1,1,1,15,3,1,1,0,0,0,5,23480,9940,33878,1689753,0,1894,59538,3991516,5759267,0,0,0,996,1000,1399,1400,7070666
MPCTASK: EXP,3,266,13292,113,222,205,295,132,1,799,769,209,267,936,203,52,84,203,-494,-264,2353,70,300,1,1,1,15,3,1,1,0,0,0,5,21466,10045,32024,1707568,0,1785,23109,3649163,5444222,0,0,0,996,1000,1399,1400,7070666
MPCTASK: EXP,3,268,13395,127,225,205,130,-25,-6,803,939,242,362,874,203,-27,10,203,-495,-252,2414,70,300,1,1,1,15,3,1,1,0,0,0,5,22494,12145,35134,2064621,0,1785,65415,3823817,5972893,0,0,0,996,1000,1399,1400,7070666
MPCTASK: EXP,3,270,13494,127,217,202,-32,-157,-18,790,1012,246,423,778,203,-97,-61,203,-501,-263,2467,70,300,1,1,1,15,3,1,1,0,0,0,5,22884,9820,33481,1669310,0,2215,24258,3890209,5691827,0,0,0,996,1000,1399,1400,7070666
MPCTASK: EXP,3,272,13595,108,193,202,-227,-312,2,714,923,242,440,653,203,-175,-147,203,-497,-231,2254,70,300,1,1,1,15,3,1,1,0,0,0,5,23126,10212,34484,1736054,0,1931,87628,3931370,5862282,0,0,0,995,1000,1399,1400,7070666
MPCTASK: EXP,3,274,13700,72,154,204,-398,-448,15,688,858,164,411,505,203,-250,-236,203,-495,-264,2361,70,300,1,1,1,15,3,1,1,0,0,0,5,27274,11082,39102,1883955,0,1785,108922,4636610,6647429,0,0,0,995,1000,1399,1400,7070666
MPCTASK: EXP,3,276,13797,25,109,205,-526,-539,-19,511,692,78,337,339,203,-300,-304,203,-497,-269,2313,70,300,1,1,1,15,3,1,1,0,0,0,5,25031,11921,37446,2026554,0,1785,65993,4255225,6365857,0,0,0,994,1000,1399,1400,7070666
MPCTASK: EXP,3,278,13898,-29,57,203,-613,-609,-14,506,342,1,225,160,203,-318,-384,203,-499,-303,2214,70,300,1,1,1,15,3,1,1,0,0,0,5,26814,10005,37444,1700756,0,1785,88680,4558205,6365557,0,0,0,992,1000,1399,1400,7070666
MPCTASK: EXP,3,280,13994,-80,7,204,-608,-661,12,559,-23,-34,85,-26,203,-298,-453,203,-495,-285,2243,70,300,1,1,1,15,3,1,1,0,0,0,5,21278,12199,33896,2073729,0,1785,52292,3617297,5762550,0,0,0,991,1000,1399,1400,7070666
MPCTASK: EXP,3,282,14096,-138,-55,206,-575,-730,0,451,-308,53,-68,-215,203,-280,-519,203,-493,-247,2127,70,300,1,1,1,15,3,1,1,0,0,0,5,25619,9750,35717,1657479,0,1785,23109,4355149,6071950,0,0,0,989,1000,1399,1400,7070666
MPCTASK: EXP,3,284,14195,-179,-117,204,-489,-764,-20,246,-524,149,-220,-404,203,-234,-563,203,-500,-272,2255,70,300,1,1,1,15,3,1,1,0,0,0,5,21680,12059,34516,2050046,0,1785,113745,3685450,5867790,0,0,0,989,1000,1399,1400,7070666
MPCTASK: EXP,3,286,14299,-228,-202,205,-371,-787,-2,67,-751,206,-356,-586,203,-189,-622,203,-495,-275,2329,70,300,1,1,1,15,3,1,1,0,0,0,5,25351,11201,37502,1904060,0,1785,102631,4309609,6375343,0,0,0,991,1000,1399,1400,7070666
MPCTASK: EXP,3,288,14395,-249,-258,204,-197,-716,2,-57,-902,178,-461,-757,203,-116,-627,203,-495,-229,2313,70,300,1,1,1,15,3,1,1,0,0,0,5,22117,10935,33291,1858869,0,1785,23109,3759847,5659437,0,0,0,992,1000,1399,1400,7070666
MPCTASK: EXP,3,290,14501,-255,-311,204,-22,-652,0,-55,-900,104,-526,-915,203,-52,-637,203,-495,-242,2408,70,300,1,1,1,15,3,1,1,0,0,0,5,28124,10259,39415,1743934,0,1785,155444,4781073,6700504,0,0,0,994,1000,1399,1400,7070666
MPCTASK: EXP,3,292,14594,-253,-357,205,112,-599,2,-86,-846,2,-543,-1054,203,-5,-639,203,-494,-232,2253,70,300,1,1,1,15,3,1,1,0,0,0,5,20822,11386,32820,1935513,0,1787,46747,3539733,5579631,0,0,0,995,1000,1399,1400,7070666
MPCTASK: EXP,3,294,14693,-233,-415,207,270,-558,8,-171,-778,-99,-511,-1172,203,47,-645,203,-492,-268,2335,70,300,1,1,1,15,3,1,1,0,0,0,5,21272,8625,31140,1466199,0,1785,129854,3616081,5293934,0,0,0,996,1000,1399,1400,7070666
MPCTASK: EXP,3,296,14795,-201,-457,207,392,-492,-3,-254,-596,-161,-433,-1266,203,83,-631,203,-492,-204,1810,70,300,1,1,1,15,3,1,1,0,0,0,5,20714,12089,33338,2054947,0,1785,73664,3521290,5667530,0,0,0,997,1000,1399,1400,7070666
MPCTASK: EXP,3,298,14893,-164,-491,208,469,-413,14,-252,-409,-232,-317,-1334,203,99,-613,203,-491,-201,1692,70,300,1,1,1,15,3,1,1,0,0,0,5,23286,7638,31820,1298292,0,1786,92620,3958514,5409470,0,0,0,997,1000,1399,1400,7070666
MPCTASK: EXP,3,300,14994,-119,-516,210,528,-355,2,-180,-201,-320,-174,-1374,203,106,-590,203,-489,-222,2117,70,300,1,1,1,15,3,1,1,0,0,0,5,21208,10640,32474,1808682,0,1785,87648,3605326,5520627,0,0,0,997,1000,1399,1400,7070666
MPCTASK: EXP,3,302,15099,-70,-548,209,519,-299,-16,-272,72,-371,-18,-1385,203,90,-565,203,-494,-178,1580,70,300,1,1,1,15,3,1,1,0,0,0,5,26149,11120,37658,1890401,0,24942,24634,4445257,6401934,0,0,0,998,1000,1399,1400,7070666
MPCTASK: EXP,3,304,15193,-23,-573,206,480,-233,-21,-448,387,-356,135,-1367,203,56,-522,203,-497,-265,2233,70,300,1,1,1,15,3,1,1,0,0,0,5,21512,9295,31376,1579958,0,1940,23109,3656897,5333994,0,0,0,997,1000,1399,1400,7070666
MPCTASK: EXP,3,306,15298,9,-590,207,368,-133,-1,-573,704,-342,271,-1320,203,-9,-468,203,-492,-310,2268,70,300,1,1,1,15,3,1,1,0,0,0,5,25068,10002,36334,1700260,0,2213,24262,4261449,6176962,0,0,0,997,1000,1399,1400,7070666
MPCTASK: EXP,3,308,15399,25,-603,211,217,-41,21,-630,872,-334,376,-1245,203,-80,-423,203,-488,-264,2348,70,300,1,1,1,15,3,1,1,0,0,0,5,23848,11666,36293,1983064,0,1785,88956,4054202,6169998,0,0,0,997,1000,1399,1400,7070666
MPCTASK: EXP,3,310,15499,29,-606,214,47,62,10,-645,921,-285,441,-1145,203,-148,-366,203,-485,-213,2158,70,300,1,1,1,15,3,1,1,0,0,0,5,24860,10785,35883,1833286,0,1785,23109,4226098,6100279,0,0,0,997,1000,1399,1400,7070666
MPCTASK: EXP,3,312,15593,14,-603,216,-127,159,6,-674,884,-275,458,-1021,203,-216,-309,203,-483,-235,2277,70,300,1,1,1,15,3,1,1,0,0,0,5,21408,8904,30793,1513604,0,1785,23109,3639309,5235023,0,0,0,997,1000,1399,1400,7070666
MPCTASK: EXP,3,314,15695,-8,-593,216,-260,252,14,-672,649,-291,426,-876,203,-251,-252,203,-483,-279,2274,70,300,1,1,1,15,3,1,1,0,0,0,5,22543,10100,33136,1717045,0,1785,65429,3832337,5633261,0,0,0,996,1000,1399,1400,7070666
MPCTASK: EXP,3,316,15801,-40,-570,216,-339,363,6,-780,360,-246,348,-715,203,-263,-174,203,-483,-273,2319,70,300,1,1,1,15,3,1,1,0,0,0,5,24831,11605,37507,1972853,0,1786,164171,4221350,6376259,0,0,0,995,1000,1399,1400,7070666
MPCTASK: EXP,3,318,15895,-62,-538,216,-342,471,-21,-862,195,-170,231,-541,203,-246,-93,203,-488,-264,2377,70,300,1,1,1,15,3,1,1,0,0,0,5,22881,8199,32033,1393776,0,1785,144188,3889645,5445601,0,0,0,993,1000,1399,1400,7070666
MPCTASK: EXP,3,320,15997,-87,-495,215,-339,597,-28,-954,135,-87,88,-358,203,-228,-3,203,-490,-278,2422,70,300,1,1,1,15,3,1,1,0,0,0,5,22632,10869,34149,1847693,0,1817,74543,3847341,5805439,0,0,0,991,1000,1399,1400,7070666
MPCTASK: EXP,3,322,16098,-103,-447,213,-314,709,-24,-869,-10,-50,-68,-172,203,-189,65,203,-491,-273,2381,70,300,1,1,1,15,3,1,1,0,0,0,5,24500,9204,34688,1564634,0,1785,57953,4164953,5897131,0,0,0,990,1000,1399,1400,7070666
MPCTASK: EXP,3,324,16198,-128,-372,209,-274,829,-36,-698,-202,-59,-221,13,203,-145,151,203,-497,-310,2287,70,300,1,1,1,15,3,1,1,0,0,0,5,23829,9805,34021,1666751,0,1940,24052,4050781,5783606,0,0,0,991,1000,1399,1400,7070666
MPCTASK: EXP,3,326,16299,-136,-292,208,-180,905,-11,-402,-447,-64,-358,194,203,-69,213,203,-493,-269,2218,70,300,1,1,1,15,3,1,1,0,0,0,5,26146,8430,35554,1432907,0,1785,149017,4444762,6044310,0,0,0,993,1000,1399,1400,7070666
MPCTASK: EXP,3,328,16397,-137,-203,206,-60,944,-37,-223,-593,5,-463,366,203,0,279,203,-501,-211,1972,70,300,1,1,1,15,3,1,1,0,0,0,5,23526,10110,34125,1718592,0,1785,65366,3999402,5801397,0,0,0,994,1000,1399,1400,7070666
MPCTASK: EXP,3,330,16499,-136,-142,205,32,901,-13,-142,-588,75,-528,523,203,45,297,203,-496,-200,1793,70,300,1,1,1,15,3,1,1,0,0,0,5,25135,8883,34552,1509921,0,1785,71541,4272753,5874340,0,0,0,995,1000,1399,1400,7070666
MPCTASK: EXP,3,332,16597,-126,-53,206,147,885,-21,59,-713,118,-545,663,203,105,331,203,-498,-269,2326,70,300,1,1,1,15,3,1,1,0,0,0,5,22007,9899,32292,1682767,0,1785,23109,3741105,5489687,0,0,0,996,1000,1399,1400,7070666
MPCTASK: EXP,3,334,16699,-105,23,203,268,827,-43,329,-728,154,-512,782,203,155,333,203,-505,-329,2303,70,300,1,1,1,15,3,1,1,0,0,0,5,24028,10074,34872,1712578,0,1785,112920,4084693,5928361,0,0,0,997,1000,1399,1400,7070666
MPCTASK: EXP,3,336,16800,-66,106,194,407,771,-53,462,-502,198,-434,877,203,192,354,203,-516,-326,2219,71,300,1,1,1,15,3,1,1,0,0,0,5,20644,14046,35259,2387690,0,2690,23425,3509301,5994190,0,0,0,997,1000,1399,1400,7070666
MPCTASK: EXP,3,338,16900,-31,163,192,446,652,19,618,-140,215,-318,945,203,182,325,203,-507,-294,2275,71,300,1,1,1,15,3,1,1,0,0,0,5,24588,9272,35000,1576085,0,1786,174471,4179909,5950037,0,0,0,997,1000,1399,1400,7070666
MPCTASK: EXP,3,340,17001,14,219,200,455,522,53,740,63,191,-174,985,203,177,296,203,-499,-245,2036,70,300,1,1,1,15,3,1,1,0,0,0,5,23332,11551,36683,1963584,0,1910,286380,3966426,6236091,0,0,0,997,1000,1399,1400,7070666
MPCTASK: EXP,3,342,17102,47,252,199,400,365,-19,738,337,192,-18,997,203,127,245,203,-504,-335,2294,70,300,1,1,1,15,3,1,1,0,0,0,5,23531,13476,37788,2290786,0,2656,113785,4000329,6424051,0,0,0,997,1000,1399,1400,7070666
MPCTASK: EXP,3,344,17199,77,279,199,303,215,20,838,520,107,135,979,203,75,180,203,-500,-293,2350,70,300,1,1,1,15,3,1,1,0,0,0,5,24250,9128,34299,1551569,0,1786,139242,4122329,5831042,0,0,0,997,1000,1399,1400,7070666
MPCTASK: EXP,3,346,17298,102,296,202,188,48,33,905,677,77,271,932,203,14,113,203,-497,-258,2373,70,300,1,1,1,15,3,1,1,0,0,0,5,23083,8671,32550,1474048,0,84480,35024,3924117,5533517,0,0,0,996,1000,1399,1400,7070666
MPCTASK: EXP,3,348,17399,107,292,202,47,-106,6,814,765,146,377,857,203,-55,41,203,-497,-223,2060,70,300,1,1,1,15,3,1,1,0,0,0,5,20925,12323,33913,2094821,0,1903,94394,3557185,5765237,0,0,0,996,1000,1399,1400,7070666
MPCTASK: EXP,3,350,17498,98,274,200,-104,-250,3,760,793,187,441,756,203,-129,-42,203,-499,-215,1938,70,300,1,1,1,15,3,1,1,0,0,0,5,25181,7248,33160,1232005,0,2180,24263,4280589,5637141,0,0,0,996,1000,1399,1400,7070666
MPCTASK: EXP,3,352,17600,76,242,201,-243,-382,-11,640,853,158,458,632,203,-204,-117,203,-500,-305,2354,70,300,1,1,1,15,3,1,1,0,0,0,5,21834,9742,33376,1655961,0,1785,251033,3711658,5673901,0,0,0,995,1000,1399,1400,7070666
MPCTASK: EXP,3,354,17701,33,200,204,-423,-487,21,617,756,112,426,488,203,-279,-208,203,-495,-308,2292,70,300,1,1,1,15,3,1,1,0,0,0,5,21451,10406,32814,1769008,0,1785,143770,3646577,5578412,0,0,0,995,1000,1399,1400,7070666
MPCTASK: EXP,3,356,17798,-13,160,207,-535,-561,14,563,584,105,348,326,203,-327,-271,203,-492,-239,2004,70,300,1,1,1,15,3,1,1,0,0,0,5,19976,10004,30425,1700508,0,1785,43331,3395865,5172479,0,0,0,994,1000,1399,1400,7070666
MPCTASK: EXP,3,358,17902,-67,106,209,-607,-630,-8,506,380,61,231,152,203,-350,-347,203,-492,-302,2204,70,300,1,1,1,15,3,1,1,0,0,0,5,26254,7755,34264,1318302,0,1785,24293,4463121,5848253,0,0,0,993,1000,1399,1400,7070666
MPCTASK: EXP,3,360,18001,-129,47,209,-614,-677,7,406,-94,52,88,-29,203,-336,-407,203,-490,-260,2207,70,300,1,1,1,15,3,1,1,0,0,0,5,22101,10371,33088,1762977,0,1785,87433,3757009,5625050,0,0,0,991,1000,1399,1400,7070666
MPCTASK: EXP,3,362,18104,-181,-11,211,-576,-716,7,269,-309,34,-68,-216,203,-318,-461,203,-488,-204,1799,70,300,1,1,1,15,3,1,1,0,0,0,5,24984,11411,36788,1939820,0,1785,48160,4247241,6254018,0,0,0,990,1000,1399,1400,7070666
MPCTASK: EXP,3,364,18202,-238,-83,214,-512,-749,17,191,-559,-2,-221,-402,203,-289,-525,203,-485,-273,2237,70,300,1,1,1,15,3,1,1,0,0,0,5,23018,10998,34495,1869522,0,1785,23109,3912986,5864313,0,0,0,991,1000,1399,1400,7070666
MPCTASK: EXP,3,366,18300,-277,-145,216,-383,-733,-10,86,-750,-27,-358,-583,203,-236,-558,203,-485,-246,2311,70,300,1,1,1,15,3,1,1,0,0,0,5,23344,7699,32232,1308713,0,1785,184047,3968405,5479475,0,0,0,992,1000,1399,1400,7070666
MPCTASK: EXP,3,368,18402,-300,-206,211,-220,-701,-35,8,-863,-12,-463,-754,203,-172,-583,203,-495,-232,2442,70,300,1,1,1,15,3,1,1,0,0,0,5,22206,11607,34488,1973000,0,2659,94776,3774889,5863129,0,0,0,994,1000,1399,1400,7070666
MPCTASK: EXP,3,370,18499,-305,-259,208,-38,-656,-38,26,-917,-3,-528,-912,203,-96,-603,203,-499,-250,2467,70,300,1,1,1,15,3,1,1,0,0,0,5,23803,7696,32413,1308403,0,1948,114844,4046521,5510327,0,0,0,995,1000,1399,1400,7070666
MPCTASK: EXP,3,372,18605,-303,-320,202,128,-637,-31,110,-921,-76,-545,-1052,203,-38,-639,203,-504,-258,2463,70,300,1,1,1,15,3,1,1,0,0,0,5,25961,10056,36499,1709333,0,1785,23109,4413278,6204754,0,0,0,996,1000,1399,1400,7070666
MPCTASK: EXP,3,374,18703,-290,-373,203,265,-642,7,102,-900,-144,-512,-1171,203,10,-659,203,-496,-298,2372,70,300,1,1,1,15,3,1,1,0,0,0,5,24547,9163,34314,1557620,0,1785,84927,4172942,5833523,0,0,0,997,1000,1399,1400,7070666
MPCTASK: EXP,3,376,18800,-259,-433,205,406,-617,-8,-124,-753,-223,-434,-1266,203,49,-660,203,-496,-338,2280,70,300,1,1,1,15,3,1,1,0,0,0,5,20158,10286,31047,1748540,0,1785,85008,3426851,5278001,0,0,0,997,1000,1399,1400,7070666
MPCTASK: EXP,3,378,18904,-213,-488,202,513,-568,-29,-349,-489,-262,-318,-1334,203,76,-649,203,-503,-280,2241,70,300,1,1,1,15,3,1,1,0,0,0,5,25915,9918,36073,1685944,0,1785,23109,4405469,6132525,0,0,0,997,1000,1399,1400,7070666
MPCTASK: EXP,3,380,19000,-170,-532,198,556,-467,-6,-507,-223,-264,-174,-1374,203,73,-616,203,-502,-292,2231,70,300,1,1,1,15,3,1,1,0,0,0,5,22006,8490,32036,1443153,0,1785,244002,3740989,5446139,0,0,0,997,1000,1399,1400,7070666
MPCTASK: EXP,3,382,19104,-125,-564,198,563,-364,6,-577,13,-237,-18,-1385,203,61,-577,203,-501,-268,2238,71,300,1,1,1,15,3,1,1,0,0,0,5,23887,10212,34715,1736011,0,1786,87448,4060618,5901690,0,0,0,997,1000,1399,1400,7070666
MPCTASK: EXP,3,384,19204,-79,-593,200,495,-236,6,-608,405,-231,135,-1367,203,10,-529,203,-499,-300,2259,70,300,1,1,1,15,3,1,1,0,0,0,5,24419,9545,34905,1622614,0,1786,125456,4151107,5933911,0,0,0,997,1000,1399,1400,7070666
MPCTASK: EXP,3,386,19303,-44,-612,204,384,-129,17,-652,611,-248,271,-1320,203,-38,-480,203,-495,-204,1754,70,300,1,1,1,15,3,1,1,0,0,0,5,23501,9613,33936,1634070,0,1785,121909,3995167,5769302,0,0,0,997,1000,1399,1400,7070666
MPCTASK: EXP,3,388,19401,-24,-621,208,242,-15,6,-711,780,-182,377,-1245,203,-107,-422,203,-491,-255,2263,70,300,1,1,1,15,3,1,1,0,0,0,5,22470,8362,31751,1421587,0,1785,96352,3819925,5397857,0,0,0,997,1000,1399,1400,7070666
MPCTASK: EXP,3,390,19505,-13,-624,204,97,90,-45,-773,818,-24,441,-1145,203,-162,-361,203,-504,-287,2375,70,300,1,1,1,15,3,1,1,0,0,0,5,23693,9976,34565,1695788,0,2210,24270,4027738,5876146,0,0,0,997,1000,1399,1400,7070666
MPCTASK: EXP,3,392,19605,-14,-616,200,-55,218,-27,-947,866,155,458,-1021,203,-220,-280,203,-505,-291,2421,70,300,1,1,1,15,3,1,1,0,0,0,5,21370,12444,34426,2115449,0,1929,86191,3632741,5852395,0,0,0,996,1000,1399,1400,7070666
MPCTASK: EXP,3,394,19710,-31,-593,201,-210,359,11,-880,740,305,426,-876,203,-266,-206,203,-498,-301,2349,70,300,1,1,1,15,3,1,1,0,0,0,5,27481,12149,40036,2065279,0,2690,23425,4671657,6806226,0,0,0,995,1000,1399,1400,7070666
MPCTASK: EXP,3,396,19801,-58,-562,205,-326,464,12,-815,599,438,348,-715,203,-300,-134,203,-494,-254,2256,70,300,1,1,1,15,3,1,1,0,0,0,5,21095,9281,30983,1577655,0,1817,23416,3586001,5267183,0,0,0,994,1000,1399,1400,7070666
MPCTASK: EXP,3,398,19904,-94,-517,205,-418,574,3,-811,393,489,231,-541,203,-316,-51,203,-494,-307,2317,70,300,1,1,1,15,3,1,1,0,0,0,5,23637,8526,32862,1449467,0,1786,100266,4018162,5586569,0,0,0,992,1000,1399,1400,7070666
MPCTASK: EXP,3,400,20001,-141,-481,210,-467,619,26,-647,99,409,88,-358,203,-313,-11,203,-489,-327,2219,70,300,1,1,1,15,3,1,1,0,0,0,5,18842,10513,30178,1787143,0,1786,122231,3203041,5130438,0,0,0,990,1000,1399,1400,7070666
MPCTASK: EXP,3,402,20105,-186,-436,211,-450,662,-6,-616,-242,354,-68,-172,203,-286,40,203,-489,-222,1989,70,300,1,1,1,15,3,1,1,0,0,0,5,24980,9133,34601,1552587,0,1785,65432,4246554,5882169,0,0,0,990,1000,1399,1400,7070666
MPCTASK: EXP,3,404,20202,-212,-379,210,-376,739,-38,-600,-423,343,-221,13,203,-236,111,203,-497,-224,2099,70,300,1,1,1,15,3,1,1,0,0,0,5,20914,10343,32003,1758180,0,2080,60033,3555337,5440511,0,0,0,990,1000,1399,1400,7070666
MPCTASK: EXP,3,406,20305,-230,-290,202,-234,856,-49,-484,-645,317,-358,194,203,-156,208,203,-507,-270,2314,70,300,1,1,1,15,3,1,1,0,0,0,5,23853,9834,34065,1671745,0,1788,23270,4054997,5791061,0,0,0,992,1000,1399,1400,7070666
MPCTASK: EXP,3,408,20401,-234,-199,199,-82,935,-31,-275,-717,309,-463,366,203,-79,284,203,-507,-280,2335,70,300,1,1,1,15,3,1,1,0,0,0,5,21031,9924,31197,1686925,0,1785,23109,3575201,5303546,0,0,0,994,1000,1399,1400,7070666
MPCTASK: EXP,3,410,20505,-233,-119,198,48,931,-11,-59,-745,297,-528,523,203,-21,319,203,-504,-277,2341,71,300,1,1,1,15,3,1,1,0,0,0,5,25778,8571,35126,1457020,0,1785,112892,4382169,5971530,0,0,0,995,1000,1399,1400,7070666
MPCTASK: EXP,3,412,20604,-225,-44,202,160,904,28,138,-767,263,-544,663,203,26,341,203,-497,-244,2139,70,300,1,1,1,15,3,1,1,0,0,0,5,22325,10867,33579,1847270,0,24237,24637,3795141,5708763,0,0,0,996,1000,1399,1400,7070666
MPCTASK: EXP,3,414,20704,-197,42,201,305,844,-3,293,-668,211,-512,782,203,80,360,203,-498,-312,2273,70,300,1,1,1,15,3,1,1,0,0,0,5,24866,7664,33517,1302742,0,1785,150606,4227130,5698090,0,0,0,997,1000,1399,1400,7070666
MPCTASK: EXP,3,416,20809,-153,126,197,436,783,-15,593,-565,118,-434,877,203,138,363,203,-505,-279,2278,71,300,1,1,1,15,3,1,1,0,0,0,5,28169,10114,38819,1719333,0,1785,72996,4788700,6599383,0,0,0,997,1000,1399,1400,7070666
MPCTASK: EXP,3,418,20902,-105,196,200,522,657,13,715,-339,52,-318,945,203,158,351,203,-499,-342,2256,70,300,1,1,1,15,3,1,1,0,0,0,5,23534,8203,32227,1394399,0,1785,65358,4000737,5478708,0,0,0,997,1000,1399,1400,7070666
MPCTASK: EXP,3,420,21003,-55,244,203,542,501,8,743,-4,73,-174,985,203,150,312,203,-496,-294,2309,70,300,1,1,1,15,3,1,1,0,0,0,5,21660,9493,31848,1613732,0,1930,99014,3682126,5414222,0,0,0,997,1000,1399,1400,7070666
MPCTASK: EXP,3,422,21102,-15,280,201,483,345,0,838,247,107,-18,997,203,113,253,203,-498,-242,2300,70,300,1,1,1,15,3,1,1,0,0,0,5,21272,9506,31599,1615933,0,1785,120019,3616169,5371881,0,0,0,997,1000,1399,1400,7070666
MPCTASK: EXP,3,424,21206,19,300,201,403,171,0,819,444,114,135,979,203,61,191,203,-498,-356,2297,70,300,1,1,1,15,3,1,1,0,0,0,5,24782,10559,35943,1795051,0,1943,43053,4212977,6110449,0,0,0,997,1000,1399,1400,7070666
MPCTASK: EXP,3,426,21302,35,307,204,271,29,31,789,687,96,271,932,203,-15,125,203,-495,-240,2095,70,300,1,1,1,15,3,1,1,0,0,0,5,24275,7859,32381,1335992,0,1785,23951,4126710,5504795,0,0,0,997,1000,1399,1400,7070666
MPCTASK: EXP,3,428,21401,46,304,207,100,-119,8,850,820,51,376,858,203,-94,42,203,-492,-214,2025,70,300,1,1,1,15,3,1,1,0,0,0,5,19581,8936,29154,1519104,0,1785,65763,3328693,4956217,0,0,0,996,1000,1399,1400,7070666
MPCTASK: EXP,3,430,21507,40,289,202,-61,-252,-32,774,877,54,440,757,203,-174,-30,203,-503,-256,2421,70,300,1,1,1,15,3,1,1,0,0,0,5,26212,8609,35857,1463447,0,1785,158452,4455897,6095798,0,0,0,996,1000,1399,1400,7070666
MPCTASK: EXP,3,432,21603,12,263,201,-255,-378,-5,764,901,104,456,634,203,-261,-116,203,-499,-259,2401,70,300,1,1,1,15,3,1,1,0,0,0,5,21869,9282,32114,1577803,0,1785,56377,3717693,5459544,0,0,0,996,1000,1399,1400,7136278
MPCTASK: EXP,3,434,21705,-28,232,200,-412,-476,-18,704,740,202,424,490,203,-324,-188,203,-503,-296,2317,70,300,1,1,1,15,3,1,1,0,0,0,5,24050,9321,34336,1584505,0,60485,46718,4088357,5837242,0,0,0,995,1000,1399,1400,7136278
MPCTASK: EXP,3,436,21804,-89,183,196,-541,-591,-24,683,406,393,345,329,203,-368,-277,203,-508,-352,2257,71,300,1,1,1,15,3,1,1,0,0,0,5,19199,10816,31121,1838519,0,1785,95607,3263794,5290697,0,0,0,995,1000,1399,1400,7136278
MPCTASK: EXP,3,438,21907,-148,128,194,-575,-670,-10,437,29,588,229,155,203,-376,-335,203,-507,-307,2198,71,300,1,1,1,15,3,1,1,0,0,0,5,24248,9268,34918,1575382,0,2688,61560,4122125,5936202,0,0,0,993,1000,1399,1400,7136278
MPCTASK: EXP,3,440,22005,-203,59,196,-554,-723,13,263,-181,681,87,-28,203,-365,-405,203,-503,-268,2166,71,300,1,1,1,15,3,1,1,0,0,0,5,21853,10554,32930,1793956,0,1785,40422,3714984,5598186,0,0,0,991,1000,1399,1400,7136278
MPCTASK: EXP,3,442,22109,-245,3,202,-475,-720,64,235,-503,651,-67,-216,203,-321,-449,203,-497,-212,1647,70,300,1,1,1,15,3,1,1,0,0,0,5,24540,9891,35284,1681514,0,2122,95598,4171625,5998464,0,0,0,990,1000,1399,1400,7136278
MPCTASK: EXP,3,444,22211,-287,-69,204,-348,-733,33,225,-652,513,-219,-405,203,-275,-508,203,-495,-215,1814,70,300,1,1,1,15,3,1,1,0,0,0,5,23408,12788,36438,2173871,0,1785,23109,3979370,6194587,0,0,0,990,1000,1399,1400,7136278
MPCTASK: EXP,3,446,22309,-307,-126,207,-205,-707,19,215,-737,330,-352,-590,203,-213,-535,203,-492,-253,2213,70,300,1,1,1,15,3,1,1,0,0,0,5,24358,9934,34530,1688733,0,1785,23109,4140785,5870249,0,0,0,992,1000,1399,1400,7136278
MPCTASK: EXP,3,448,22410,-314,-185,207,-53,-702,-3,214,-797,176,-454,-765,203,-152,-562,203,-493,-231,2205,70,300,1,1,1,15,3,1,1,0,0,0,5,24997,10061,35553,1710213,0,1785,66584,4249302,6044209,0,0,0,994,1000,1399,1400,7136278
MPCTASK: EXP,3,450,22509,-311,-245,202,82,-699,-28,149,-767,52,-515,-927,203,-103,-581,203,-502,-230,2238,70,300,1,1,1,15,3,1,1,0,0,0,5,23460,9620,33832,1635395,0,1785,110010,3988127,5751449,0,0,0,995,1000,1399,1400,7136278
MPCTASK: EXP,3,452,22605,-294,-312,200,225,-705,-13,5,-769,-55,-529,-1071,203,-51,-594,203,-501,-301,2331,70,300,1,1,1,15,3,1,1,0,0,0,5,20990,9259,30977,1573888,0,1785,105649,3568141,5266192,0,0,0,996,1000,1399,1400,7136278
MPCTASK: EXP,3,454,22710,-266,-363,203,349,-634,18,-242,-600,-205,-496,-1191,203,-21,-559,203,-496,-283,2261,70,300,1,1,1,15,3,1,1,0,0,0,5,24102,10581,35498,1798566,0,1910,84066,4097258,6034866,0,0,0,997,1000,1399,1400,7136278
MPCTASK: EXP,3,456,22808,-230,-405,202,436,-551,1,-383,-397,-324,-421,-1282,203,-5,-524,203,-497,-237,2033,70,300,1,1,1,15,3,1,1,0,0,0,5,22194,10914,33597,1855348,0,1785,65424,3773046,5711602,0,0,0,998,1000,1399,1400,7136278
MPCTASK: EXP,3,458,22911,-189,-448,199,468,-437,-14,-419,-124,-484,-314,-1339,203,-12,-492,203,-503,-257,2233,70,300,1,1,1,15,3,1,1,0,0,0,5,23023,11508,35948,1956227,0,1785,168624,3913811,6111434,0,0,0,998,1000,1399,1400,7136278
MPCTASK: EXP,3,460,23012,-146,-484,202,463,-348,14,-494,158,-559,-188,-1359,203,-25,-464,203,-497,-253,2105,70,300,1,1,1,15,3,1,1,0,0,0,5,26864,11006,38110,1870906,0,1785,23109,4566669,6478693,0,0,0,998,1000,1399,1400,7136278
MPCTASK: EXP,3,462,23110,-110,-513,207,403,-244,25,-676,430,-564,-60,-1338,203,-51,-430,203,-492,-313,2260,70,300,1,1,1,15,3,1,1,0,0,0,5,24515,10609,35673,1803434,0,1785,75675,4167490,6064388,0,0,0,998,1000,1399,1400,7136278
MPCTASK: EXP,3,464,23208,-86,-533,209,308,-133,12,-769,673,-583,54,-1274,203,-75,-426,203,-490,-221,2049,70,300,1,1,1,15,3,1,1,0,0,0,5,22217,10459,33306,1778080,0,1785,48003,3776786,5662175,0,0,0,998,1000,1399,1400,7136278
MPCTASK: EXP,3,466,23307,-67,-540,209,175,16,0,-629,628,-677,142,-1170,203,-88,-413,203,-490,-309,2256,70,300,1,1,1,15,3,1,1,0,0,0,5,24788,7920,32949,1346415,0,1785,23109,4213841,5601284,0,0,0,997,1000,1399,1400,7136278
MPCTASK: EXP,3,468,23405,-61,-536,208,72,109,-7,-408,506,-731,192,-1031,203,-90,-418,203,-492,-207,1801,70,300,1,1,1,15,3,1,1,0,0,0,5,20349,10054,31023,1709152,0,1785,23109,3459253,5273938,0,0,0,997,1000,1399,1400,7136278
MPCTASK: EXP,3,470,23509,-57,-526,208,4,165,-3,-269,401,-695,201,-864,203,-77,-432,203,-491,-184,1577,70,300,1,1,1,15,3,1,1,0,0,0,5,25250,9166,34904,1558137,0,1785,65370,4292261,5933755,0,0,0,996,1000,1399,1400,7136278
MPCTASK: EXP,3,472,23613,-56,-514,210,-39,189,0,-161,259,-605,172,-686,203,-53,-444,203,-489,-191,1701,70,300,1,1,1,15,3,1,1,0,0,0,5,26207,10920,38640,1856344,0,1785,83241,4455153,6568857,0,0,0,994,1000,1399,1400,7136278
MPCTASK: EXP,3,474,23712,-54,-503,212,-44,184,0,-43,47,-479,117,-512,204,-27,-445,204,-487,-178,1789,70,300,1,1,1,15,3,1,1,0,0,0,5,26769,10027,37034,1704485,0,1785,23109,4550702,6295755,0,0,0,992,1000,1399,1400,7136278
MPCTASK: EXP,3,476,23808,-53,-493,214,-24,161,11,25,-45,-363,52,-365,204,-30,-418,204,-485,-146,1228,70,300,1,1,1,15,3,1,1,0,0,0,5,23214,10431,34166,1773149,0,1786,38888,3946293,5808230,0,0,0,990,1000,1399,1400,7136278
MPCTASK: EXP,3,478,23910,-44,-488,214,20,128,2,59,-165,-299,-3,-260,203,-24,-388,203,-485,-174,1587,70,300,1,1,1,15,3,1,1,0,0,0,5,24631,10163,35434,1727552,0,2657,23422,4187178,6023831,0,0,0,990,1000,1399,1400,7136278
MPCTASK: EXP,3,480,24013,-29,-484,210,90,86,-44,4,-194,-242,-35,-206,203,-13,-366,203,-498,-240,2164,70,300,1,1,1,15,3,1,1,0,0,0,5,26449,10503,37973,1785299,0,1785,156568,4496101,6455495,0,0,0,990,1000,1399,1400,7136278
MPCTASK: EXP,3,482,24109,-9,-485,204,123,80,-32,-249,148,-214,-43,-194,203,12,-391,203,-501,-190,1745,70,300,1,1,1,15,3,1,1,0,0,0,5,23933,9626,34494,1636335,0,1785,142107,4068545,5864041,0,0,0,991,1000,1399,1400,7136278
MPCTASK: TRAJ DONE: idx=482, max=482; requesting landing
MPCTASK: LANDING: start z=0.20, hold=(0.0,-0.48)
MPCTASK: TIMING SUMMARY: max_step_cycles=7136278 deadline_cycles=8400000 overruns=0
MPCTASK: LANDING COMPLETE: t=27914 ms, x=0.055, y=-0.544, z=0.017, vz=-0.086; motors off
SUP: Disarming
