s up and running!
SYS: Build 2:de14ff9f08ae (2025.09.1 +2) MODIFIED
SYS: I am 0x373930393434471500370039 and I have 1024KB of flash!
CFGBLK: v1, verification [OK]
DECK_DISCOVERY: Backend found: onewire
DECK_DISCOVERY: Backend found: deckctrl
DECK_CORE: 1 deck(s) found
DECK_CORE: Calling INIT on driver bcFlow2 for deck 0
ZR2: Z-down sensor [OK]
PMW: Motion chip id: 0x49:0xB6
IMU: BMI088: Using I2C interface.
IMU: BMI088 Gyro connection [OK].
IMU: BMI088 Accel connection [OK]
IMU: BMP390 I2C connection [OK]
ESTIMATOR: Using Kalman (2) estimator
CONTROLLER: Using PID (1) controller
MTR-DRV: Using brushless motor driver
SYS: About to run tests in system.c.
SYS: NRF51 version: 2026.04 (C21B)
EEPROM: I2C connection [OK].
STORAGE: Storage check [OK].
IMU: BMI088 gyro self-test [OK]
DECK_CORE: Deck 0 test [OK].
SYS: Self test passed!
STAB: Wait for sensor calibration...
SYS: Free heap: 15048 bytes
MPCTASK: Waiting for activation ...
STAB: Starting stabilizer loop
STAB: WARNING: stabilizer loop rate is off (1004)
SUP: Ready to fly
MPCTASK: Benchmark mode 2, maneuver 4, max_iter 5, task_pri 0
MPCTASK: Reference altitude: 0.70 m; barrier skip when z>0.75 and vz>-0.20
MPCTASK: OOT takeoff: cfclient trigger>=0.15m ramp=0.15m/s figure8_start=2000ms_at_measured_z target=0.70m timeout=12000ms
MPCTASK: Common baseline: mpc_hz=20 model_hz=20 rho=5 base_w=0 base_qz=1 Qz=100 R=4 bridge=x10 guards=z[ref,ref+0.20] xy=free cap=0.05
MPCTASK: MPC->PID: xyz=x10, z_guard=[ref,ref+0.20], yaw=raw_rz, output_hold=200ms, safety_hold=500ms
MPCTASK: Reference origin: xyz=measured_at_forced_timed_start target_z=0.70 m
MPCTASK: Fixed baseline: w=0 qz=1 adaptive_cache=off
MPCTASK: LIMO posthoc: infeasible=nominal_fallback
MPCTASK: EXP every=2: m,s,tms,p3[mm],v3[mmps],att3[cdeg],ref3[mm],cmd3[mm],h/raw/grad/mar/thr[milli],act/ac/bind,wi/qi/cache/noa,pa/pf/du[milli],it,mpc/eval/total[us],bar/tanh/rl/cache/solve/step[cycles],overruns,post_active/post_infeasible_totals,wreq/w/qzreq/qz[milli],max_step_cycles
MPCTASK: Figure8: source=traj_fig8_12.h source_hz=100 samples=1205 laps=2 duration=24.07 s origin=forced_timed_start start_delay=2000ms z_baseline=measured_at_start
CONTROLLER: Using OutOfTree (6) controller
MPCTASK: Trajectory origin: x=-0.0 y=-0.03 z=0.01
MPCTASK: OOT activated at z=0.01
MPCTASK: TAKEOFF START: trigger_z=0.15 start_z=0.01 target=0.70 hold=(0.01,-0.13) ramp=0.15m/s
MPCTASK: OOT loop 1 done
MPCTASK: OOT loop 2 done
MPCTASK: MPC task loop 1
MPCTASK: x0: pMPCTASK: OOT loop 3 done
os=(0.01,-0.13,0.01) vel=(0.01,-0.06,-0.0)
MPCTASK: ref: (0.01,-0.13,0.01)
MPCTASK: MPC solve start
MPCTASK: MPC solve done, iter=5
MPCTASK: MPC time=28455 us
MPCTASK: MPC stack free=1059 words
MPCTASK: setpoint: x=0.01 y=-0.13 z=0.07 preview_z=0.07
MPCTASK: MPC task loop 2
MPCTASK: MPC task loop 3
MPCTASK: TAKEOFF COMPLETE: t=2000ms z=0.15 vz=0.24; trajectory queued origin=(0.03,-0.13,0.15)
MPCTASK: TRAJ START: z=0.16 origin=(0.03,-0.13,0.15) EXP clock reset; Z metric begins at t+3s
MPCTASK: EXP,2,2,83,48,-139,174,164,-127,258,-159,615,-38,38,-133,159,-8,159,167,-525,-229,1170,71,71,1,1,0,0,0,0,0,1,1,0,5,22818,9748,32646,1657051,0,0,0,3878916,5549888,0,2,2,0,0,1000,1000,6420811
MPCTASK: EXP,2,4,187,57,-149,197,60,-72,110,-911,699,-53,27,-114,159,7,236,169,-502,-58,1326,71,71,1,1,0,0,0,0,0,1,1,0,5,22188,14160,36420,2407122,0,0,0,3771777,6191466,0,4,4,0,0,1000,1000,6420811
MPCTASK: EXP,2,6,282,52,-154,194,-74,97,-109,-1705,985,-72,-7,-47,159,8,321,160,-527,-825,1940,71,71,1,1,0,0,0,0,0,1,1,0,5,22477,8636,31185,1467935,0,0,0,3820997,5301493,0,6,6,0,0,1000,1000,6420811
MPCTASK: EXP,2,8,383,27,-125,176,-231,418,-188,-1807,544,-193,-60,71,159,29,417,159,-560,-883,2312,71,71,1,1,0,0,0,0,0,1,1,0,5,22557,10185,32814,1731333,0,0,0,3834573,5578468,0,8,8,0,0,1000,1000,6420811
MPCTASK: EXP,2,10,482,-4,-62,166,-282,744,-120,-1509,-44,-314,-114,230,159,67,512,159,-557,-628,1833,72,72,1,1,0,0,0,0,0,1,1,0,5,22590,8661,31649,1472242,0,0,0,3840161,5380561,0,10,10,0,0,1000,1000,6420811
MPCTASK: EXP,2,12,585,-36,31,158,-226,1016,-31,-1064,-574,-457,-152,409,159,117,596,159,-547,-335,1425,72,72,1,1,0,0,0,0,0,1,1,0,5,24239,10372,34684,1763246,0,0,0,4120493,5896292,0,12,12,0,0,1000,1000,6420811
MPCTASK: EXP,2,14,682,-44,137,158,-56,1131,14,-506,-980,-383,-160,588,159,186,637,159,-541,-459,1232,72,72,1,1,0,0,0,0,0,1,1,0,5,21203,10340,31616,1757698,0,0,0,3604578,5374832,0,14,14,0,0,1000,1000,6420811
MPCTASK: EXP,2,16,782,-35,248,160,139,1149,16,3,-1015,-257,-129,749,159,239,655,159,-539,-479,1230,72,72,1,1,0,0,0,0,0,1,1,0,5,21987,10194,32253,1732794,0,0,0,3737757,5483113,0,16,16,0,0,1000,1000,6596316
MPCTASK: EXP,2,18,883,-6,348,158,331,1059,1,466,-919,-135,-60,877,158,284,634,158,-541,-452,1183,72,72,1,1,0,0,0,0,0,1,1,0,5,22954,9457,32492,1607616,0,0,0,3902057,5523715,0,18,18,0,0,1000,1000,6596316
MPCTASK: EXP,2,20,984,42,435,158,501,895,15,900,-597,-92,39,967,158,309,580,158,-541,-436,1177,72,72,1,1,0,0,0,0,0,1,1,0,5,22643,9860,32575,1676007,0,0,0,3849254,5537823,0,20,20,0,0,1000,1000,6596316
MPCTASK: EXP,2,22,1088,109,502,156,608,673,18,1176,-161,-127,158,1012,158,313,505,158,-543,-469,1379,72,72,1,1,0,0,0,0,0,1,1,0,5,22993,13644,36944,2319449,0,0,0,3908745,6280429,0,22,22,0,0,1000,1000,6797156
MPCTASK: EXP,2,24,1186,142,541,163,499,322,85,2369,1365,539,281,1014,158,360,91,277,-536,-760,2655,72,72,1,1,0,0,0,0,0,1,0,1216,5,22955,9993,35252,1698707,0,0,0,3902121,5992960,0,24,22,0,0,1000,1000,6797156
MPCTASK: EXP,2,26,1284,135,541,169,212,-252,-18,2709,1872,962,391,975,158,41,89,158,-533,-640,2607,72,72,1,1,0,0,0,0,0,1,1,0,5,21925,10217,32219,1736755,0,0,0,3727054,5477336,0,26,24,0,0,1000,1000,6797156
MPCTASK: EXP,2,28,1383,88,464,143,-39,-783,-158,1426,1031,1169,473,899,159,-68,-73,159,-588,-504,1886,73,73,1,1,0,0,0,0,0,1,1,0,5,22032,9248,31353,1571957,0,0,0,3745385,5330117,0,28,26,0,0,1000,1000,6797156
MPCTASK: EXP,2,30,1487,57,371,132,-157,-1037,-30,746,299,705,518,791,159,-123,-213,159,-573,-169,1445,73,73,1,1,0,0,0,0,0,1,1,0,5,23161,11136,35489,1892963,0,0,0,3937293,6033191,0,30,28,0,0,1000,1000,6797156
MPCTASK: EXP,2,32,1585,36,248,134,-187,-1171,67,284,-4,-4,517,656,159,-164,-359,159,-565,-255,1064,73,73,1,1,0,0,0,0,0,1,1,0,5,21680,11993,33745,2038646,0,0,0,3685578,5736789,0,32,30,0,0,1000,1000,6797156
MPCTASK: EXP,2,34,1683,25,130,156,-169,-1173,191,-80,-18,-571,469,500,159,-181,-465,160,-543,-254,848,72,72,1,1,0,0,0,0,0,1,1,0,5,21237,9101,30792,1547041,0,0,0,3610241,5234743,0,34,32,0,0,1000,1000,6797156
MPCTASK: EXP,2,36,1780,16,20,177,-159,-1115,172,-418,393,-799,379,328,159,-205,-540,165,-522,-287,936,71,71,1,1,0,0,0,0,0,1,1,0,5,19093,9609,28775,1633502,0,0,0,3245617,4891694,0,36,34,0,0,1000,1000,6797156
MPCTASK: EXP,2,38,1883,2,-67,194,-210,-971,105,-507,764,-845,254,146,159,-227,-595,168,-505,-213,1222,71,71,1,1,0,0,0,0,0,1,1,0,5,23605,8609,32286,1463392,0,0,0,4012757,5488738,0,38,36,0,0,1000,1000,6797156
MPCTASK: EXP,2,40,1983,-14,-139,200,-279,-841,44,-216,669,-868,107,-42,159,-216,-655,167,-499,-297,1023,70,70,1,1,0,0,0,0,0,1,1,0,5,22597,8889,31953,1510991,0,0,0,3841442,5432010,0,40,38,0,0,1000,1000,6797156
MPCTASK: EXP,2,42,2085,-39,-200,199,-338,-759,-14,53,391,-773,-47,-231,159,-188,-712,165,-503,-296,885,70,70,1,1,0,0,0,0,0,1,1,0,5,21278,10871,32228,1848060,0,0,0,3617225,5478764,0,42,40,0,0,1000,1000,6797156
MPCTASK: EXP,2,44,2187,-66,-261,190,-350,-740,-36,158,32,-627,-195,-417,159,-142,-763,162,-517,-194,985,71,71,1,1,0,0,0,0,0,1,1,0,5,25029,9162,34264,1557430,0,0,0,4254970,5824985,0,44,42,0,0,1000,1000,6797156
MPCTASK: EXP,2,46,2287,-87,-319,188,-287,-731,37,251,-376,-534,-320,-596,159,-60,-812,164,-511,-288,892,71,71,1,1,0,0,0,0,0,1,1,0,5,21045,13948,35066,2371120,0,0,0,3577589,5961293,0,46,44,0,0,1000,1000,6797156
MPCTASK: EXP,2,48,2389,-100,-391,192,-158,-782,30,318,-783,-366,-410,-762,159,30,-868,165,-507,-285,1161,71,71,1,1,0,0,0,0,0,1,1,0,5,25953,9589,35622,1629955,0,0,0,4412017,6055817,0,48,46,0,0,1000,1000,6797156
MPCTASK: EXP,2,50,2488,-98,-468,198,7,-820,27,137,-775,-169,-456,-913,159,113,-904,166,-501,-334,1074,71,71,1,1,0,0,0,0,0,1,1,0,5,22855,10669,33600,1813724,0,0,0,3885306,5711993,0,50,48,0,0,1000,1000,6797156
MPCTASK: EXP,2,52,2589,-81,-551,192,161,-832,-53,-59,-821,-10,-454,-1044,159,195,-931,161,-518,-327,1262,71,71,1,1,0,0,0,0,0,1,1,0,5,24110,9996,34180,1699151,0,0,0,4098611,5810661,0,52,50,0,0,1000,1000,6797156
MPCTASK: EXP,2,54,2689,-48,-626,187,323,-774,-69,-415,-694,40,-403,-1153,159,264,-913,160,-526,-380,1067,71,71,1,1,0,0,0,0,0,1,1,0,5,23910,11152,35135,1895835,0,0,0,4064537,5972953,0,54,52,0,0,1000,1000,6797156
MPCTASK: EXP,2,56,2787,1,-689,184,464,-636,-24,-750,-510,86,-309,-1237,159,321,-867,161,-519,-337,1145,71,71,1,1,0,0,0,0,0,1,1,0,5,23497,9673,33245,1644321,0,0,0,3994517,5651717,0,56,54,0,0,1000,1000,6797156
MPCTASK: EXP,2,58,2888,42,-734,184,516,-450,-19,-963,-280,169,-180,-1294,159,332,-794,161,-519,-347,1335,71,71,1,1,0,0,0,0,0,1,1,0,5,22574,11213,33861,1906176,0,0,0,3837521,5756573,0,58,56,0,0,1000,1000,6797156
MPCTASK: EXP,2,60,2988,89,-756,181,537,-228,-10,-1004,-89,114,-30,-1322,159,324,-706,160,-520,-381,1315,71,71,1,1,0,0,0,0,0,1,1,0,5,22995,10174,33245,1729425,0,0,0,3909069,5651825,0,60,58,0,0,1000,1000,6797156
MPCTASK: EXP,2,62,3090,122,-755,180,501,-6,20,-863,75,-106,126,-1322,159,288,-607,161,-519,-400,1124,71,71,1,1,0,0,0,0,0,1,1,0,5,24226,11821,36124,2009406,0,0,0,4118313,6141162,0,62,60,0,0,1000,1000,6797156
MPCTASK: EXP,2,64,3188,157,-733,180,459,176,45,-563,172,-387,274,-1292,159,247,-510,162,-519,-325,995,71,71,1,1,0,0,0,0,0,1,1,0,5,23285,9656,33013,1641314,0,0,0,3958433,5612332,0,64,62,0,0,1000,1000,6797156
MPCTASK: EXP,2,66,3285,183,-705,188,387,285,79,-396,324,-582,400,-1234,159,185,-415,165,-511,-234,1013,71,71,1,1,0,0,0,0,0,1,1,0,5,20620,9931,30624,1688252,0,0,0,3505353,5206186,0,66,64,0,0,1000,1000,6797156
MPCTASK: EXP,2,68,3389,218,-664,195,317,383,54,-400,602,-610,490,-1148,159,127,-305,166,-504,-267,1032,71,71,1,1,0,0,0,0,0,1,1,0,5,24211,10707,34994,1820201,0,0,0,4115837,5949013,0,68,66,0,0,1000,1000,6797156
MPCTASK: EXP,2,70,3488,242,-617,201,193,482,31,-497,952,-561,536,-1038,159,51,-187,167,-498,-367,1125,70,70,1,1,0,0,0,0,0,1,1,0,5,23115,10612,33807,1804026,0,0,0,3929401,5747440,0,70,68,0,0,1000,1000,6797156
MPCTASK: EXP,2,72,3591,253,-561,197,16,599,-24,-643,1193,-456,533,-905,159,-27,-61,164,-507,-422,1370,71,71,1,1,0,0,0,0,0,1,1,0,5,24592,11164,35829,1897828,0,0,0,4180597,6091010,0,72,70,0,0,1000,1000,6797156
MPCTASK: EXP,2,74,3687,247,-498,196,-181,723,-31,-777,1352,-253,482,-754,159,-106,65,163,-510,-474,1518,71,71,1,1,0,0,0,0,0,1,1,0,5,22145,10552,32771,1793829,0,0,0,3764554,5571097,0,74,72,0,0,1000,1000,6797156
MPCTASK: EXP,2,76,3790,209,-419,199,-433,880,0,-836,1299,-142,387,-587,159,-186,201,165,-500,-466,1374,70,70,1,1,0,0,0,0,0,1,1,0,5,25005,10193,35504,1732797,0,0,0,4250725,6035728,0,76,74,0,0,1000,1000,6797156
MPCTASK: EXP,2,78,3889,156,-328,200,-623,1004,5,-609,924,-53,259,-409,159,-230,313,166,-499,-373,1122,70,70,1,1,0,0,0,0,0,1,1,0,5,24955,10168,35204,1728611,0,0,0,4242185,5984763,0,78,76,0,0,1000,1000,6797156
MPCTASK: EXP,2,80,3985,89,-221,201,-741,1089,-23,-362,530,109,108,-224,159,-253,420,165,-503,-319,942,70,70,1,1,0,0,0,0,0,1,1,0,5,21421,9513,31247,1617075,0,0,0,3641542,5312155,0,80,78,0,0,1000,1000,6797156
MPCTASK: EXP,2,82,4085,22,-124,206,-767,1087,66,25,51,253,-48,-37,159,-234,480,170,-493,-213,768,70,70,1,1,0,0,0,0,0,1,1,0,5,20059,10758,30890,1828886,0,0,0,3409833,5251421,0,82,80,0,0,1000,1000,6797156
MPCTASK: EXP,2,84,4188,-48,-30,218,-726,1034,103,177,-300,331,-197,146,159,-207,538,174,-481,-201,904,70,70,1,1,0,0,0,0,0,1,1,0,5,21302,12447,33821,2115860,0,0,0,3621237,5749678,0,84,82,0,0,1000,1000,6797156
MPCTASK: EXP,2,86,4286,-101,39,220,-606,932,58,71,-624,269,-322,324,159,-142,570,173,-479,-316,912,70,70,1,1,0,0,0,0,0,1,1,0,5,20914,11190,32311,1902298,0,0,0,3555425,5492995,0,86,84,0,0,1000,1000,6797156
MPCTASK: EXP,2,88,4389,-145,101,224,-447,852,36,-63,-979,172,-412,490,159,-64,592,174,-475,-352,1109,70,70,1,1,0,0,0,0,0,1,1,0,5,23253,10647,33978,1809922,0,0,0,3952849,5776265,0,88,86,0,0,1000,1000,6797156
MPCTASK: EXP,2,90,4487,-161,165,224,-210,817,0,-160,-1199,86,-458,641,159,36,618,172,-475,-303,1440,70,70,1,1,0,0,0,0,0,1,1,0,5,21062,11578,32712,1968077,0,0,0,3580485,5561145,0,90,88,0,0,1000,1000,6797156
MPCTASK: EXP,2,92,4590,-155,228,221,42,793,-20,-140,-1255,39,-455,773,159,136,628,171,-482,-306,1613,70,70,1,1,0,0,0,0,0,1,1,0,5,24219,11489,35780,1952923,0,0,0,4117193,6082704,0,92,90,0,0,1000,1000,6797156
MPCTASK: EXP,2,94,4686,-127,284,216,292,749,-43,-49,-1177,51,-404,883,159,226,621,169,-492,-437,1367,70,70,1,1,0,0,0,0,0,1,1,0,5,21444,10286,32113,1748501,0,0,0,3645367,5459278,0,94,92,0,0,1000,1000,6797156
MPCTASK: EXP,2,96,4791,-70,348,213,526,724,-17,47,-862,34,-309,967,159,305,616,169,-490,-388,1064,70,70,1,1,0,0,0,0,0,1,1,0,5,25975,10153,36202,1726051,0,0,0,4415774,6154429,0,96,94,0,0,1000,1000,6797156
MPCTASK: EXP,2,98,4887,-15,402,209,639,660,9,185,-407,0,-181,1025,159,325,586,169,-490,-272,886,70,70,1,1,0,0,0,0,0,1,1,0,5,24555,8071,32699,1372007,0,0,0,4174261,5558849,0,98,96,0,0,1000,1000,6797156
MPCTASK: EXP,2,100,4991,45,457,213,660,585,74,431,155,-263,-30,1053,159,302,542,173,-486,-62,1093,70,70,1,1,0,0,0,0,0,1,1,0,5,24623,11303,36528,1921501,0,0,0,4185838,6209858,0,100,98,0,0,1000,1000,6797156
MPCTASK: EXP,2,102,5091,96,503,230,556,454,211,817,345,-840,126,1053,159,265,466,187,-469,-97,1115,69,69,1,1,0,0,0,0,0,1,1,0,5,24025,11437,35672,1944192,0,0,0,4084089,6064347,0,102,100,0,0,1000,1000,6797156
MPCTASK: EXP,2,104,5190,132,531,262,463,187,404,1700,-407,-1074,274,1023,159,269,299,201,-437,22,1438,69,69,1,1,0,0,0,0,0,1,1,0,5,24155,10728,35154,1823699,0,0,0,4106214,5976197,0,104,102,0,0,1000,1000,6797156
MPCTASK: EXP,2,106,5291,169,526,297,489,-218,349,2737,-1124,-1173,400,965,159,284,56,210,-402,24,2006,69,69,1,1,0,0,0,0,0,1,1,0,5,24592,12362,37027,2101504,0,0,0,4180517,6294617,0,106,104,0,0,1000,1000,6797156
MPCTASK: EXP,2,108,5385,209,475,298,555,-749,-17,4103,-2075,-796,490,879,159,353,-259,195,-405,-541,2816,69,69,1,1,0,0,0,0,0,1,1,0,5,23395,7072,30885,1202046,0,0,0,3977190,5250599,0,108,105,0,0,1000,1000,6797156
MPCTASK: EXP,2,110,5492,250,357,317,789,-1438,-166,3377,-2979,-287,536,769,159,1131,174,297,-416,-1128,3004,69,69,1,1,0,0,0,0,0,1,0,684,5,21009,13430,35975,2283001,0,0,0,3571470,6115826,0,110,106,0,0,1000,1000,6797156
MPCTASK: EXP,2,112,5592,342,163,303,1170,-1910,-303,651,-2134,-1143,533,636,159,1033,-129,262,-457,-2048,3006,70,70,1,1,0,0,0,0,0,1,0,761,5,25535,7243,34386,1231253,0,0,0,4340953,5845718,0,112,106,0,0,1000,1000,6797156
MPCTASK: EXP,2,114,5692,467,-10,273,1384,-1858,-287,-1556,220,-1445,482,485,159,939,-229,246,-484,-1974,2925,70,70,1,1,0,0,0,0,0,1,0,822,5,22820,9928,34216,1687618,0,0,0,3879241,5816799,0,114,106,0,0,1000,1000,6797156
MPCTASK: EXP,2,116,5789,615,-174,257,1267,-1360,-180,-2841,2406,-1193,387,318,159,488,-576,170,-479,-496,2479,69,69,1,1,0,0,0,0,0,1,1,0,5,21638,9348,31456,1589048,0,0,0,3678358,5347630,0,116,107,0,0,1000,1000,6797156
MPCTASK: EXP,2,118,5893,699,-221,212,842,-559,-345,-2560,3344,-1409,259,140,159,-210,805,159,-556,-3105,2787,71,71,1,1,0,0,0,0,0,1,0,1043,5,21179,12249,35427,2082175,0,0,0,3600401,6022730,0,118,107,0,0,1000,1000,6797156
MPCTASK: EXP,2,120,5994,692,-175,70,316,165,-1065,-307,4457,-5433,108,-44,159,539,903,159,-843,-3909,3444,82,82,1,1,0,0,0,0,0,1,0,1155,5,25100,9920,37216,1686286,0,0,0,4266917,6326722,0,120,108,0,0,1000,1000,6797156
MPCTASK: EXP,2,122,6094,701,-278,45,-100,445,-820,2509,979,-8050,-48,-231,159,282,-568,159,-818,-4265,1319,81,81,1,1,0,0,0,0,0,1,1,0,5,24135,12754,36961,2168159,0,0,0,4102925,6283506,0,122,110,0,0,1000,1000,6797156
MPCTASK: EXP,2,124,6189,718,-200,9,-380,361,182,344,66,-6352,-197,-416,159,427,-470,159,-690,-1617,2291,78,78,1,1,0,0,0,0,0,1,1,0,5,21738,9492,31803,1613531,0,0,0,3695478,5406610,0,124,112,0,0,1000,1000,6797156
MPCTASK: EXP,2,126,6293,759,-394,47,-428,-328,473,2384,-1611,-5753,-322,-593,159,513,-947,159,-652,-535,2813,76,76,1,1,0,0,0,0,0,1,1,0,5,22007,12994,35447,2208900,0,0,0,3741042,6026142,0,126,114,0,0,1000,1000,6797156
MPCTASK: EXP,2,128,6389,658,-354,100,-656,-610,429,2374,-1512,-3562,-412,-760,159,462,-947,159,-599,-424,2611,74,74,1,1,0,0,0,0,0,1,1,0,5,23276,8869,32216,1507638,0,0,0,3956869,5476924,0,128,116,0,0,1000,1000,6797156
MPCTASK: EXP,2,130,6498,601,-419,144,-547,-915,329,1319,-1117,-1999,-458,-911,159,473,-958,165,-555,-440,2006,73,73,1,1,0,0,0,0,0,1,1,0,5,25453,14212,39994,2415835,0,0,0,4326997,6799095,0,130,118,0,0,1000,1000,6799095
MPCTASK: EXP,2,132,6591,559,-506,170,-399,-959,254,-205,-390,-923,-455,-1042,159,484,-914,168,-529,95,1137,72,72,1,1,0,0,0,0,0,1,1,0,5,22100,10432,33787,1773278,0,0,0,3756929,5743867,0,132,120,0,0,1000,1000,6799095
MPCTASK: EXP,2,134,6693,532,-570,201,-264,-749,259,-846,-344,-120,-404,-1152,159,510,-841,177,-498,-239,1089,70,70,1,1,0,0,0,0,0,1,1,0,5,20727,14888,35687,2530969,0,0,0,3523473,6066870,0,134,122,0,0,1000,1000,6799095
MPCTASK: EXP,2,136,6789,515,-605,214,-176,-476,142,-1099,-268,420,-309,-1236,159,507,-744,174,-485,-399,1121,70,70,1,1,0,0,0,0,0,1,1,0,5,21388,10610,32070,1803606,0,0,0,3635981,5452015,0,136,124,0,0,1000,1000,6799095
MPCTASK: EXP,2,138,6888,503,-617,223,-134,-206,86,-1036,-167,721,-181,-1294,159,482,-645,175,-476,-353,1122,70,70,1,1,0,0,0,0,0,1,1,0,5,19993,11064,31130,1880733,0,0,0,3398857,5292129,0,138,126,0,0,1000,1000,6799095
MPCTASK: EXP,2,140,6991,494,-594,223,-120,62,44,-835,14,863,-30,-1322,159,434,-523,174,-476,-332,1024,70,70,1,1,0,0,0,0,0,1,1,0,5,22659,9682,33129,1645951,0,0,0,3851874,5631987,0,140,128,0,0,1000,1000,6799095
MPCTASK: EXP,2,142,7090,484,-553,226,-144,264,48,-564,204,859,126,-1322,159,368,-408,174,-473,-278,898,69,69,1,1,0,0,0,0,0,1,1,0,5,22667,10089,33190,1715116,0,0,0,3853265,5642462,0,142,130,0,0,1000,1000,6799095
MPCTASK: EXP,2,144,7190,470,-495,229,-190,406,56,-241,285,753,274,-1292,159,292,-297,176,-470,-238,799,69,69,1,1,0,0,0,0,0,1,1,0,5,22042,10061,32474,1710233,0,0,0,3746989,5520655,0,144,132,0,0,1000,1000,6799095
MPCTASK: EXP,2,146,7289,451,-434,240,-239,470,75,-41,385,612,400,-1234,159,209,-193,179,-459,-172,930,69,69,1,1,0,0,0,0,0,1,1,0,5,21044,10624,31739,1805868,0,0,0,3577469,5395774,0,146,134,0,0,1000,1000,6799095
MPCTASK: EXP,2,148,7390,429,-373,248,-299,501,61,-27,535,487,490,-1148,159,120,-88,181,-451,-183,959,69,69,1,1,0,0,0,0,0,1,1,0,5,22231,10138,32824,1723438,0,0,0,3779097,5580179,0,148,136,0,0,1000,1000,6799095
MPCTASK: EXP,2,150,7488,397,-318,258,-397,520,51,-164,742,387,536,-1038,159,19,16,184,-441,-243,961,69,69,1,1,0,0,0,0,0,1,1,0,5,20007,10518,30597,1787910,0,0,0,3401193,5201690,0,150,138,0,0,1000,1000,6799095
MPCTASK: EXP,2,152,7592,354,-266,265,-523,551,22,-363,845,303,533,-905,159,-77,120,184,-434,-208,1074,69,69,1,1,0,0,0,0,0,1,1,0,5,27138,8192,35402,1392490,0,0,0,4613421,6018343,0,152,140,0,0,1000,1000,6799095
MPCTASK: EXP,2,154,7689,298,-210,267,-660,615,1,-557,832,248,482,-754,159,-162,231,184,-432,-176,1128,69,69,1,1,0,0,0,0,0,1,1,0,5,21601,9327,31014,1585461,0,0,0,3672141,5272481,0,154,142,0,0,1000,1000,6799095
MPCTASK: EXP,2,156,7793,230,-153,264,-785,686,-22,-603,667,291,387,-587,159,-228,325,183,-440,-243,947,69,69,1,1,0,0,0,0,0,1,1,0,5,22876,11228,34182,1908679,0,0,0,3888954,5811089,0,156,144,0,0,1000,1000,6799095
MPCTASK: EXP,2,158,7890,144,-86,262,-898,762,36,-389,423,568,259,-409,159,-286,408,185,-437,-246,783,69,69,1,1,0,0,0,0,0,1,1,0,5,20283,10990,31346,1868310,0,0,0,3447889,5328786,0,158,146,0,0,1000,1000,6799095
MPCTASK: EXP,2,160,7989,55,-37,268,-979,750,54,-537,646,759,108,-224,159,-358,487,186,-431,-80,1046,69,69,1,1,0,0,0,0,0,1,1,0,5,21035,9491,30599,1613396,0,0,0,3575957,5201938,0,160,148,0,0,1000,1000,6799095
MPCTASK: EXP,2,162,8091,-48,20,275,-1100,834,35,-1071,403,434,-48,-37,159,-393,589,188,-424,-78,1253,69,69,1,1,0,0,0,0,0,1,1,0,5,22272,10449,32801,1776231,0,0,0,3786277,5576227,0,162,150,0,0,1000,1000,6799095
MPCTASK: EXP,2,164,8194,-148,88,279,-1047,922,52,-416,-1069,74,-197,146,159,-303,624,190,-420,-42,1319,69,69,1,1,0,0,0,0,0,1,1,0,5,23760,10193,34026,1732614,0,0,0,4039161,5784518,0,164,152,0,0,1000,1000,6799095
MPCTASK: EXP,2,166,8291,-228,162,285,-761,923,24,-180,-1832,36,-322,324,159,-203,672,190,-414,-474,1664,69,69,1,1,0,0,0,0,0,1,1,0,5,20043,10767,31147,1830315,0,0,0,3407265,5295050,0,166,154,0,0,1000,1000,6799095
MPCTASK: EXP,2,168,8393,-265,230,282,-428,911,-107,-418,-1706,136,-412,490,159,-257,850,359,-439,-706,1773,69,69,1,1,0,0,0,0,0,1,0,1054,5,21940,10038,33577,1706288,0,0,0,3729641,5708045,0,168,155,0,0,1000,1000,6799095
MPCTASK: EXP,2,170,8491,-267,307,264,-91,964,-139,-504,-1430,231,-458,641,159,-2,782,179,-463,-595,1597,69,69,1,1,0,0,0,0,0,1,1,0,5,20955,11160,32196,1896970,0,0,0,3562385,5473333,0,170,156,0,0,1000,1000,6799095
MPCTASK: EXP,2,172,8594,-241,389,256,203,1038,-5,-455,-1053,303,-455,773,159,99,829,181,-444,-388,1055,69,69,1,1,0,0,0,0,0,1,1,0,5,26052,8165,34289,1387893,0,0,0,4428774,5829253,0,172,158,0,0,1000,1000,6799095
MPCTASK: EXP,2,174,8692,-192,499,249,400,1100,-62,-19,-775,329,-404,883,159,183,865,177,-463,-301,1014,69,69,1,1,0,0,0,0,0,1,1,0,5,21013,11843,32928,2013206,0,0,0,3572121,5597913,0,174,160,0,0,1000,1000,6799095
MPCTASK: EXP,2,176,8793,-144,596,244,514,1051,-71,405,-444,379,-309,967,159,224,860,175,-470,-272,856,69,69,1,1,0,0,0,0,0,1,1,0,5,22565,11061,33698,1880254,0,0,0,3835954,5728793,0,176,162,0,0,1000,1000,6799095
MPCTASK: EXP,2,178,8894,-91,696,237,568,956,-85,781,-148,440,-180,1024,159,240,841,173,-479,-352,1045,69,69,1,1,0,0,0,0,0,1,1,0,5,22782,11799,34653,2005597,0,0,0,3872854,5891033,0,178,164,0,0,1000,1000,6799095
MPCTASK: EXP,2,180,8994,-48,779,234,559,788,-89,1171,59,498,-30,1053,159,226,786,172,-483,-467,1403,69,69,1,1,0,0,0,0,0,1,1,0,5,24005,10050,34490,1708349,0,0,0,4080717,5863323,0,180,166,0,0,1000,1000,6799095
MPCTASK: EXP,2,182,9091,-2,848,225,536,570,-113,1438,219,513,126,1053,159,199,713,169,-496,-589,1872,69,69,1,1,0,0,0,0,0,1,1,0,5,20060,11652,31786,1980843,0,0,0,3410157,5403803,0,182,168,0,0,1000,1000,6799095
MPCTASK: EXP,2,184,9191,20,873,212,449,265,-141,1562,451,512,274,1023,159,-7,729,316,-515,-625,2482,70,70,1,1,0,0,0,0,0,1,0,785,5,21976,8670,31700,1473825,0,0,0,3735845,5388976,0,184,168,0,0,1000,1000,6799095
MPCTASK: EXP,2,186,9294,36,875,205,301,-67,29,1229,829,444,399,965,159,23,478,168,-494,-458,1277,70,70,1,1,0,0,0,0,0,1,1,0,5,20861,11899,32833,2022736,0,0,0,3546330,5581652,0,186,170,0,0,1000,1000,6799095
MPCTASK: EXP,2,188,9395,35,858,211,106,-276,48,1103,996,435,489,880,159,-78,358,170,-488,-281,1342,70,70,1,1,0,0,0,0,0,1,1,0,5,23783,10476,34903,1780858,0,0,0,4043025,5933693,0,188,172,0,0,1000,1000,6799095
MPCTASK: EXP,2,190,9494,16,817,212,-73,-481,-37,1181,905,454,535,770,159,-173,219,168,-494,-301,1629,70,70,1,1,0,0,0,0,0,1,1,0,5,22249,11348,33670,1928987,0,0,0,3782385,5723961,0,190,174,0,0,1000,1000,6799095
MPCTASK: EXP,2,192,9591,-11,761,207,-229,-680,-81,1141,850,442,531,638,159,-256,82,165,-509,-351,1673,70,70,1,1,0,0,0,0,0,1,1,0,5,22011,9137,31230,1553215,0,0,0,3741649,5309200,0,192,176,0,0,1000,1000,6799095
MPCTASK: EXP,2,194,9693,-53,685,198,-377,-874,-84,982,722,413,480,487,159,-327,-55,162,-517,-407,1358,70,70,1,1,0,0,0,0,0,1,1,0,5,20716,11208,32194,1905237,0,0,0,3521725,5473073,0,194,178,0,0,1000,1000,6799095
MPCTASK: EXP,2,196,9794,-100,600,195,-481,-999,-45,663,534,384,385,320,159,-370,-166,163,-513,-358,1033,71,71,1,1,0,0,0,0,0,1,1,0,5,23811,9408,33297,1599388,0,0,0,4047837,5660442,0,196,180,0,0,1000,1000,6799095
MPCTASK: EXP,2,198,9892,-153,509,193,-546,-1051,-24,352,312,365,257,142,159,-394,-258,163,-511,-247,977,71,71,1,1,0,0,0,0,0,1,1,0,5,19458,12195,31725,2073012,0,0,0,3307814,5393430,0,198,182,0,0,1000,1000,6799095
MPCTASK: EXP,2,200,9998,-202,423,197,-551,-1031,-4,154,89,344,108,-43,159,-384,-327,165,-503,-188,959,71,71,1,1,0,0,0,0,0,1,1,0,5,25938,10636,36646,1808042,0,0,0,4409441,6229934,0,200,184,0,0,1000,1000,6799095
MPCTASK: EXP,2,202,10098,-252,332,196,-529,-1010,-29,105,-142,316,-47,-232,159,-358,-397,164,-509,-192,949,71,71,1,1,0,0,0,0,0,1,1,0,5,25254,11341,36668,1927899,0,0,0,4293105,6233622,0,202,186,0,0,1000,1000,6799095
MPCTASK: EXP,2,204,10193,-296,244,196,-461,-987,-28,131,-385,294,-193,-420,159,-313,-459,163,-509,-236,1013,71,71,1,1,0,0,0,0,0,1,1,0,5,22048,9258,31379,1573771,0,0,0,3748065,5334577,0,204,188,0,0,1000,1000,6799095
MPCTASK: EXP,2,206,10294,-336,150,194,-370,-994,-37,183,-638,269,-315,-601,159,-260,-521,163,-513,-291,1117,71,71,1,1,0,0,0,0,0,1,1,0,5,22802,9979,32855,1696392,0,0,0,3876405,5585420,0,206,190,0,0,1000,1000,6799095
MPCTASK: EXP,2,208,10394,-351,74,189,-194,-943,-57,190,-878,233,-401,-772,159,-177,-539,161,-522,-290,1447,71,71,1,1,0,0,0,0,0,1,1,0,5,22579,9330,32143,1585995,0,0,0,3838254,5464378,0,208,192,0,0,1000,1000,6799095
MPCTASK: EXP,2,210,10492,-350,-7,183,4,-935,-65,265,-959,197,-444,-927,159,-98,-565,159,-529,-321,1544,71,71,1,1,0,0,0,0,0,1,1,0,5,19291,10986,30351,1867575,0,0,0,3279301,5159668,0,210,194,0,0,1000,1000,6799095
MPCTASK: EXP,2,212,10594,-335,-88,175,189,-941,-69,295,-970,139,-439,-1062,159,-31,-578,159,-538,-327,1643,71,71,1,1,0,0,0,0,0,1,1,0,5,23620,8823,32890,1499753,0,0,0,4015409,5591451,0,212,196,0,0,1000,1000,6799095
MPCTASK: EXP,2,214,10696,-301,-174,166,373,-953,-62,153,-885,73,-388,-1171,159,25,-578,159,-545,-408,1313,72,72,1,1,0,0,0,0,0,1,1,0,5,22756,12383,35212,2104954,0,0,0,3868533,5986101,0,214,198,0,0,1000,1000,6799095
MPCTASK: EXP,2,216,10795,-258,-258,163,506,-921,-25,-160,-647,-9,-299,-1249,158,56,-550,158,-541,-381,1073,72,72,1,1,0,0,0,0,0,1,1,0,5,22606,9956,32757,1692463,0,0,0,3842929,5568900,0,216,200,0,0,1000,1000,6799095
MPCTASK: EXP,2,218,10895,-204,-350,161,593,-873,-9,-531,-368,-41,-183,-1292,158,69,-526,158,-540,-357,1008,72,72,1,1,0,0,0,0,0,1,1,0,5,19722,12762,32556,2169376,0,0,0,3352677,5534664,0,218,202,0,0,1000,1000,6799095
MPCTASK: EXP,2,220,10993,-152,-420,165,599,-718,17,-913,-72,-69,-54,-1296,158,61,-472,158,-534,-424,1193,72,72,1,1,0,0,0,0,0,1,1,0,5,20602,9880,30555,1679456,0,0,0,3502290,5194360,0,220,204,0,0,1000,1000,6799095
MPCTASK: EXP,2,222,11094,-101,-480,169,560,-537,13,-1098,218,-111,70,-1258,158,50,-433,158,-530,-416,1369,72,72,1,1,0,0,0,0,0,1,1,0,5,20240,11298,31617,1920518,0,0,0,3440629,5375047,0,222,206,0,0,1000,1000,6799095
MPCTASK: EXP,2,224,11195,-56,-513,174,478,-303,17,-1161,445,-155,175,-1178,158,47,-394,159,-525,-357,1495,71,71,1,1,0,0,0,0,0,1,1,0,5,22573,8701,31777,1479061,0,0,0,3837289,5402213,0,224,208,0,0,1000,1000,6799095
MPCTASK: EXP,2,226,11299,-19,-528,173,376,-94,-26,-1136,603,-147,249,-1059,159,46,-372,159,-531,-380,1538,71,71,1,1,0,0,0,0,0,1,1,0,5,24597,11833,36503,2011610,0,0,0,4181409,6205643,0,226,210,0,0,1000,1000,6799095
MPCTASK: EXP,2,228,11393,3,-529,167,236,98,-53,-1077,747,-73,283,-907,159,26,-341,159,-543,-403,1511,72,72,1,1,0,0,0,0,0,1,1,0,5,22001,8294,30938,1409943,0,0,0,3739997,5259560,0,228,212,0,0,1000,1000,6799095
MPCTASK: EXP,2,230,11498,12,-512,159,81,266,-51,-839,690,19,276,-734,159,1,-306,159,-550,-429,1204,72,72,1,1,0,0,0,0,0,1,1,0,5,22529,13070,35679,2221862,0,0,0,3829729,6065600,0,230,214,0,0,1000,1000,6799095
MPCTASK: EXP,2,232,11595,5,-483,154,-49,374,-21,-479,402,113,235,-555,159,-19,-268,159,-549,-348,1009,72,72,1,1,0,0,0,0,0,1,1,0,5,23041,9521,32635,1618572,0,0,0,3916846,5548029,0,232,216,0,0,1000,1000,6799095
MPCTASK: EXP,2,234,11700,-4,-444,152,-110,426,1,-212,171,269,173,-389,159,-46,-202,159,-547,-255,1008,72,72,1,1,0,0,0,0,0,1,1,0,5,24987,12116,37671,2059766,0,0,0,4247605,6404168,0,234,218,0,0,1000,1000,6799095
MPCTASK: EXP,2,236,11798,-19,-410,156,-142,415,30,-112,74,397,110,-257,159,-87,-116,159,-543,-216,1041,72,72,1,1,0,0,0,0,0,1,1,0,5,27701,7767,35540,1320347,0,0,0,4709046,6041846,0,236,220,0,0,1000,1000,6799095
MPCTASK: EXP,2,238,11893,-38,-384,160,-162,377,20,-171,14,481,62,-172,159,-138,-11,159,-539,-253,943,72,72,1,1,0,0,0,0,0,1,1,0,5,20202,11006,31281,1871007,0,0,0,3434321,5317798,0,238,222,0,0,1000,1000,6799095
MPCTASK: EXP,2,240,11998,-58,-353,163,-179,397,11,-473,12,489,41,-138,159,-174,111,159,-536,-325,1002,72,72,1,1,0,0,0,0,0,1,1,0,5,22636,12476,35185,2120842,0,0,0,3848093,5981563,0,240,224,0,0,1000,1000,6799095
MPCTASK: EXP,2,242,12093,-76,-321,165,-193,459,-4,-862,48,475,38,-134,159,-178,225,159,-535,-420,1175,72,72,1,1,0,0,0,0,0,1,1,0,5,21056,9527,30656,1619499,0,0,0,3579481,5211593,0,242,226,0,0,1000,1000,6799095
MPCTASK: EXP,2,244,12191,-94,-269,165,-207,619,-24,-1173,56,469,34,-127,159,-151,336,159,-538,-437,1522,72,72,1,1,0,0,0,0,0,1,1,0,5,19122,10072,29273,1712217,0,0,0,3250661,4976364,0,244,228,0,0,1000,1000,6799095
MPCTASK: EXP,2,246,12296,-111,-200,162,-208,818,-46,-1226,-61,424,9,-81,159,-103,443,159,-547,-483,1620,72,72,1,1,0,0,0,0,0,1,1,0,5,20280,12845,33202,2183458,0,0,0,3447589,5644533,0,246,230,0,0,1000,1000,6799095
MPCTASK: EXP,2,248,12397,-124,-105,154,-168,1025,-46,-942,-320,352,-37,17,159,-37,541,159,-554,-476,1262,72,72,1,1,0,0,0,0,0,1,1,0,5,22051,11004,34069,1870564,0,0,0,3748555,5791850,0,248,232,0,0,1000,1000,6799095
MPCTASK: EXP,2,250,12493,-126,-2,153,-55,1133,12,-424,-585,309,-93,163,159,49,599,159,-546,-365,1039,72,72,1,1,0,0,0,0,0,1,1,0,5,20060,9827,30386,1670493,0,0,0,3410173,5165775,0,250,234,0,0,1000,1000,6799095
MPCTASK: EXP,2,252,12595,-122,100,155,74,1137,34,-43,-733,293,-140,337,159,126,634,159,-544,-312,1241,72,72,1,1,0,0,0,0,0,1,1,0,5,23384,8835,32627,1501816,0,0,0,3975122,5546638,0,252,236,0,0,1000,1000,6799095
MPCTASK: EXP,2,254,12696,-100,195,157,234,1075,21,172,-768,300,-161,518,159,206,644,159,-542,-305,1291,72,72,1,1,0,0,0,0,0,1,1,0,5,21623,11628,33324,1976752,0,0,0,3675793,5665173,0,254,238,0,0,1000,1000,6799095
MPCTASK: EXP,2,256,12797,-57,298,158,404,1020,10,439,-672,277,-146,688,159,276,650,159,-541,-357,1125,72,72,1,1,0,0,0,0,0,1,1,0,5,22519,11517,34621,1957849,0,0,0,3828169,5885528,0,256,240,0,0,1000,1000,6799095
MPCTASK: EXP,2,258,12894,-21,369,157,488,846,2,657,-506,287,-92,830,158,302,603,158,-542,-276,1269,72,72,1,1,0,0,0,0,0,1,1,0,5,20123,12051,32248,2048521,0,0,0,3420757,5482247,0,258,242,0,0,1000,1000,6799095
MPCTASK: EXP,2,260,12996,37,435,156,584,691,-17,916,-337,167,-3,936,158,329,534,158,-546,-167,1480,72,72,1,1,0,0,0,0,0,1,1,0,5,23899,10134,34203,1722776,0,0,0,4062742,5814567,0,260,244,0,0,1000,1000,6799095
MPCTASK: EXP,2,262,13094,85,485,153,577,435,-81,2254,-520,-1331,109,999,158,139,175,158,-563,-963,2655,72,72,1,1,0,0,0,0,0,1,0,1289,5,19696,10823,31769,1839750,0,0,0,3348345,5400691,0,262,244,0,0,1000,1000,6799095
MPCTASK: EXP,2,264,13197,116,506,143,501,62,-172,2007,-568,-2484,232,1018,158,247,254,158,-591,-720,2368,73,73,1,1,0,0,0,0,0,1,1,0,5,22964,11676,34714,1984965,0,0,0,3903885,5901469,0,264,246,0,0,1000,1000,6799095
MPCTASK: EXP,2,266,13298,105,518,116,280,-117,-297,962,415,-2990,349,995,158,83,266,158,-643,-706,1970,74,74,1,1,0,0,0,0,0,1,1,0,5,22250,13544,35867,2302407,0,0,0,3782530,6097409,0,266,248,0,0,1000,1000,6799095
MPCTASK: EXP,2,268,13396,72,519,92,-35,-64,-172,-158,1317,-2673,444,934,158,-99,298,158,-642,-644,1946,74,74,1,1,0,0,0,0,0,1,1,0,5,25499,8620,34191,1465285,0,0,0,4334709,5812621,0,268,250,0,0,1000,1000,6799095
MPCTASK: EXP,2,270,13499,47,527,95,-265,90,81,253,426,-1950,505,838,159,-148,225,159,-604,-455,1734,74,74,1,1,0,0,0,0,0,1,1,0,5,22269,14297,36639,2430371,0,0,0,3785645,6228629,0,270,252,0,0,1000,1000,6799095
MPCTASK: EXP,2,272,13597,23,540,115,-251,-42,203,1674,-882,-1054,523,713,159,-119,63,159,-584,-327,1912,74,74,1,1,0,0,0,0,0,1,1,0,5,25990,9027,35091,1534585,0,0,0,4418277,5965480,0,272,254,0,0,1000,1000,6799095
MPCTASK: EXP,2,274,13699,18,518,138,-90,-361,77,2309,-1192,-471,494,565,159,-68,-109,159,-561,-492,2336,73,73,1,1,0,0,0,0,0,1,1,0,5,25489,11021,36584,1873481,0,0,0,4333053,6219446,0,274,256,0,0,1000,1000,6799095
MPCTASK: EXP,2,276,13798,21,472,142,89,-632,-160,1964,-1742,737,420,399,159,1927,-5,159,-589,-2602,3087,73,73,1,1,0,0,0,0,0,1,0,931,5,21880,10750,35492,1827268,0,0,0,3719649,6033644,0,276,257,0,0,1000,1000,6799095
MPCTASK: EXP,2,278,13899,27,415,132,283,-736,-485,2960,-1748,2188,307,220,159,403,-664,159,-664,-1179,3686,75,75,1,1,0,0,0,0,0,1,0,889,5,25076,10532,36686,1790503,0,0,0,4262753,6236821,0,278,257,0,0,1000,1000,6799095
MPCTASK: EXP,2,280,13998,61,352,102,494,-882,-481,1167,46,2809,167,33,159,-474,180,159,-693,-2657,2835,76,76,1,1,0,0,0,0,0,1,0,1237,5,25247,9870,36101,1677911,0,0,0,4291833,6137313,0,280,257,0,0,1000,1000,6868033
MPCTASK: EXP,2,282,14098,29,308,68,198,-804,-376,-396,1202,4101,13,-156,159,-80,-349,159,-707,-923,2434,77,77,1,1,0,0,0,0,0,1,1,0,5,21775,14326,36174,2435388,0,0,0,3701677,6149684,0,282,259,0,0,1000,1000,6868033
MPCTASK: EXP,2,284,14198,-54,252,3,-308,-855,-594,-791,1624,4907,-138,-344,159,-555,-125,159,-815,-2326,4047,81,81,1,1,0,0,0,0,0,1,0,897,5,23899,9379,35477,1594353,0,0,0,4062702,6031078,0,284,259,0,0,1000,1000,6868033
MPCTASK: EXP,2,286,14301,-69,220,43,-235,-663,211,-1381,-592,5408,-273,-526,159,-85,-275,159,-656,-702,1952,76,76,1,1,0,0,0,0,0,1,1,0,5,24631,11270,36338,1915914,0,0,0,4187190,6177410,0,286,260,0,0,1000,1000,6868033
MPCTASK: EXP,2,288,14399,-11,226,21,-19,-216,-4,-1353,153,5106,-379,-697,159,9,-176,159,-679,-522,1941,77,77,1,1,0,0,0,0,0,1,1,0,5,24597,10166,34836,1728200,0,0,0,4181382,5922193,0,288,262,0,0,1000,1000,6868033
MPCTASK: EXP,2,290,14499,5,197,19,-84,-259,63,214,1163,3963,-443,-855,159,31,-328,159,-680,-624,2060,77,77,1,1,0,0,0,0,0,1,1,0,5,21884,12757,35013,2168598,0,0,0,3720201,5952209,0,290,264,0,0,1000,1000,6868033
MPCTASK: EXP,2,292,14597,21,186,50,7,-383,265,1142,701,2861,-461,-994,159,144,-381,159,-649,-290,1802,76,76,1,1,0,0,0,0,0,1,1,0,5,21603,11546,33361,1962744,0,0,0,3672378,5671509,0,292,266,0,0,1000,1000,6868033
MPCTASK: EXP,2,294,14704,-13,172,102,-124,-517,452,1623,193,1636,-429,-1112,159,132,-413,160,-597,-175,1754,74,74,1,1,0,0,0,0,0,1,1,0,5,25450,12958,38996,2202855,0,0,0,4326393,6629313,0,294,268,0,0,1000,1000,6868033
MPCTASK: EXP,2,296,14796,-60,95,115,-202,-879,239,1782,-486,837,-351,-1207,159,116,-533,159,-584,-374,1851,74,74,1,1,0,0,0,0,0,1,1,0,5,21260,10590,32167,1800223,0,0,0,3614237,5468402,0,296,270,0,0,1000,1000,6868033
MPCTASK: EXP,2,298,14895,-59,24,143,17,-1005,264,1091,-1166,-52,-235,-1275,159,185,-532,161,-556,-152,1484,73,73,1,1,0,0,0,0,0,1,1,0,5,21230,10024,31334,1704131,0,0,0,3609005,5326901,0,298,272,0,0,1000,1000,6868033
MPCTASK: EXP,2,300,14996,-56,-58,157,165,-1061,215,408,-1022,-967,-92,-1315,159,185,-524,162,-542,-142,1380,72,72,1,1,0,0,0,0,0,1,1,0,5,21207,9944,31222,1690322,0,0,0,3605089,5307883,0,300,274,0,0,1000,1000,6868033
MPCTASK: EXP,2,302,15099,-50,-140,173,236,-1007,244,-280,-554,-1779,63,-1326,159,142,-478,170,-526,-56,1191,71,71,1,1,0,0,0,0,0,1,1,0,5,23190,11034,34296,1875689,0,0,0,3942157,5830470,0,302,276,0,0,1000,1000,6868033
MPCTASK: EXP,2,304,15200,-17,-306,162,346,-1251,87,-334,-282,-2240,217,-1307,159,136,-612,159,-537,-214,1051,72,72,1,1,0,0,0,0,0,1,1,0,5,25389,10578,36040,1798123,0,0,0,4316114,6126844,0,304,278,0,0,1000,1000,6868033
MPCTASK: EXP,2,306,15300,31,-486,170,449,-1470,108,-334,-134,-2729,353,-1260,159,143,-751,159,-529,-251,947,72,72,1,1,0,0,0,0,0,1,1,0,5,23804,12049,35928,2048355,0,0,0,4046613,6107855,0,306,280,0,0,1000,1000,6868033
MPCTASK: EXP,2,308,15398,103,-703,198,568,-1621,209,-416,-303,-3314,459,-1185,159,195,-895,177,-501,-196,963,70,70,1,1,0,0,0,0,0,1,1,0,5,23675,9245,33229,1571460,0,0,0,4024710,5649132,0,308,282,0,0,1000,1000,6868033
MPCTASK: EXP,2,310,15500,176,-894,269,698,-1689,486,-501,-465,-3937,523,-1085,159,256,-1004,225,-430,-22,954,69,69,1,1,0,0,0,0,0,1,1,0,5,25704,10212,35991,1735917,0,0,0,4369537,6118602,0,310,284,0,0,1000,1000,6868033
MPCTASK: EXP,2,312,15600,255,-1079,332,830,-1747,573,-239,-642,-4609,540,-961,159,323,-1142,255,-367,304,935,69,69,1,1,0,0,0,0,0,1,1,0,5,24968,10915,35962,1855450,0,0,0,4244597,6113585,0,312,286,0,0,1000,1000,6868033
MPCTASK: EXP,2,314,15701,334,-1241,402,878,-1852,604,955,-877,-5240,508,-816,159,349,-1344,284,-297,239,1102,69,69,1,1,0,0,0,0,0,1,1,0,5,24593,10852,35800,1844874,0,0,0,4180645,6086170,0,314,288,0,0,1000,1000,6868033
MPCTASK: EXP,2,316,15798,597,-1367,468,999,-1816,-402,-2640,-3991,-3364,430,-655,159,947,-933,223,-312,-5369,99,70,70,1,1,0,0,0,0,0,1,1,0,5,22997,9560,32629,1624995,0,0,0,3909486,5546947,0,316,289,0,0,1000,1000,6868033
MPCTASK: EXP,2,318,15902,919,-1141,-56,1085,-720,-3400,-10770,-4720,3509,313,-481,159,790,644,159,-1436,-5075,7,104,104,1,1,0,0,0,0,0,1,1,0,5,26541,10351,36964,1759521,0,0,0,4511929,6284072,0,318,291,0,0,1000,1000,6868033
MPCTASK: EXP,2,320,16001,777,-1635,-45,2881,-1397,-2261,-13505,3167,2300,170,-299,159,831,172,159,-1198,-5076,8,95,95,1,1,0,0,0,0,0,1,1,0,5,25288,10485,36205,1782350,0,0,0,4298818,6154855,0,320,293,0,0,1000,1000,6868033
MPCTASK: EXP,2,322,16101,2533,-2382,51,5537,-3030,-330,-7587,6431,1608,14,-112,159,2755,-1931,159,-714,-5061,518,77,77,1,1,0,0,0,0,0,1,1,0,5,24545,11424,36049,1941972,0,0,0,4172517,6128338,0,322,295,0,0,1000,1000,6868033
MPCTASK: EXP,2,324,16202,2987,-2437,8,4717,-2414,-1383,3439,7737,-4192,-139,73,159,2839,-2114,159,-968,-4983,569,87,87,1,1,0,0,0,0,0,1,1,0,5,24848,11126,36046,1891261,0,0,0,4224193,6127918,0,324,297,0,0,1000,1000,6868033
SUP: Locked, reboot required
MPCTASK: EXP,2,326,16301,3734,-2563,33,4609,-1854,-1087,-6233,6058,7221,-275,254,159,3394,-2065,159,-884,-5157,407,83,83,1,1,0,0,0,0,0,1,1,0,5,25857,9740,35673,1655872,0,0,0,4395741,6064497,0,326,299,0,0,1000,1000,6868033
MPCTASK: EXP,2,328,16398,3949,-2709,105,4096,-1463,-820,-5918,3165,13469,-381,426,159,3188,-2182,159,-758,-5006,292,79,79,1,1,0,0,0,0,0,1,1,0,5,24063,9028,33171,1534743,0,0,0,4090577,5639061,0,328,301,0,0,1000,1000,6868033
MPCTASK: EXP,2,330,16503,3936,-2571,63,2442,372,-354,-8470,4052,15298,-445,583,159,2416,-1649,159,-707,-5079,99,77,77,1,1,0,0,0,0,0,1,1,0,5,23582,11693,35484,1987772,0,0,0,4008816,6032498,0,330,303,0,0,1000,1000,6868033
MPCTASK: EXP,2,332,16600,4147,-2511,-5,1914,755,-1079,-9298,6985,13318,-462,723,159,2863,-1513,159,-921,-5045,79,85,85,1,1,0,0,0,0,0,1,1,0,5,21680,10773,33095,1831350,0,0,0,3685457,5626255,0,332,305,0,0,1000,1000,6868033
MPCTASK: EXP,2,334,16701,4281,-2849,22,1559,691,-1186,921,7598,230,-430,842,159,3110,-1680,159,-914,-4825,986,85,85,1,1,0,0,0,0,0,1,1,0,5,25532,7828,34066,1330706,0,0,0,4340325,5791284,0,334,307,0,0,1000,1000,6868033
MPCTASK: EXP,2,336,16801,4385,-2695,-143,705,1274,-1884,-3522,8509,2569,-352,937,159,2930,-1345,159,-1220,-5226,358,96,96,1,1,0,0,0,0,0,1,1,0,5,22402,10218,32950,1736990,0,0,0,3808294,5601482,0,336,309,0,0,1000,1000,6868033
MPCTASK: EXP,2,338,16903,4184,-2566,-62,-132,2078,-849,-1699,5479,-1887,-235,1005,159,2776,-1012,159,-932,-3921,2912,85,85,1,1,0,0,0,0,0,1,1,0,5,23666,10887,34626,1850710,0,0,0,4023062,5886589,0,338,311,0,0,1000,1000,6868033
MPCTASK: EXP,2,340,17004,4102,-1872,-69,-836,2898,-778,-1657,4993,-1908,-92,1045,159,2555,-330,159,-925,-3512,4380,85,85,1,1,0,0,0,0,0,1,1,0,5,24981,10523,35575,1788750,0,0,0,4246677,6047882,0,340,313,0,0,1000,1000,6868033
MPCTASK: EXP,2,342,17100,3884,-1306,-55,-1620,3588,-534,-1458,4688,-1867,63,1056,159,2185,208,159,-862,-3624,2704,83,83,1,1,0,0,0,0,0,1,1,0,5,22014,10106,32198,1718039,0,0,0,3742149,5473680,0,342,315,0,0,1000,1000,6868033
MPCTASK: EXP,2,344,17201,3598,-859,-14,-2259,4047,-263,-1281,4378,-1896,217,1038,159,1780,592,159,-767,-2917,3993,79,79,1,1,0,0,0,0,0,1,1,0,5,21823,11031,32990,1875228,0,0,0,3709857,5608430,0,344,317,0,0,1000,1000,6868033
MPCTASK: EXP,2,346,17302,3272,-380,-13,-2918,4488,-296,-1214,4224,-1903,353,991,159,1325,1001,159,-773,-2996,3915,79,79,1,1,0,0,0,0,0,1,1,0,5,22004,11622,33700,1975667,0,0,0,3740741,5729020,0,346,319,0,0,1000,1000,6868033
MPCTASK: EXP,2,348,17398,2930,82,-14,-3484,4866,-320,-1164,4097,-1909,459,917,159,884,1384,159,-778,-3032,3848,79,79,1,1,0,0,0,0,0,1,1,0,5,20069,9267,29408,1575311,0,0,0,3411545,4999468,0,348,321,0,0,1000,1000,6868033
MPCTASK: EXP,2,350,17501,2545,573,-3,-4024,5230,-260,-1104,3944,-1927,523,816,159,427,1784,159,-755,-2806,4091,79,79,1,1,0,0,0,0,0,1,1,0,5,23632,9394,33098,1596852,0,0,0,4017349,5626831,0,350,323,0,0,1000,1000,6868033
MPCTASK: EXP,2,352,17599,2165,1048,-4,-4488,5541,-256,-1066,3838,-1932,540,692,159,2,2163,159,-755,-2771,4134,79,79,1,1,0,0,0,0,0,1,1,0,5,20866,9963,31116,1693574,0,0,0,3547117,5289946,0,352,325,0,0,1000,1000,6868033
MPCTASK: EXP,2,354,17700,1648,1668,-8,-5041,5902,-267,-1028,3727,-1932,508,547,159,-533,2665,159,-762,-2776,4158,79,79,1,1,0,0,0,0,0,1,1,0,5,21671,10165,31910,1727995,0,0,0,3684109,5424721,0,354,327,0,0,1000,1000,6868033
MPCTASK: EXP,2,356,17796,1130,2264,0,-5531,6217,-201,-982,3604,-1936,430,386,159,-1036,3142,159,-741,-2518,4250,78,78,1,1,0,0,0,0,0,1,1,0,5,19974,7739,27785,1315575,0,0,0,3395553,4723582,0,356,329,0,0,1000,1000,6868033
MPCTASK: EXP,2,358,17901,561,2893,1,-6011,6517,-176,-949,3506,-1933,313,212,159,-1559,3646,159,-733,-2391,4245,78,78,1,1,0,0,0,0,0,1,1,0,5,22904,9504,32814,1615659,0,0,0,3893450,5578488,0,358,331,0,0,1000,1000,6868033
MPCTASK: EXP,2,360,18002,7,3487,1,-6436,6776,-180,-927,3434,-1925,170,30,159,-2044,4121,159,-734,-2364,4282,78,78,1,1,0,0,0,0,0,1,1,0,5,23199,10515,33996,1787402,0,0,0,3943862,5779338,0,360,333,0,0,1000,1000,6868033
MPCTASK: EXP,2,362,18105,-717,4242,5,-6944,7081,-142,-897,3337,-1918,14,-156,159,-2663,4731,159,-723,-2190,4197,78,78,1,1,0,0,0,0,0,1,1,0,5,26661,9866,36600,1677143,0,0,0,4532141,6222026,0,362,335,0,0,1000,1000,6868033
MPCTASK: EXP,2,364,18203,-1426,4957,3,-7397,7347,-145,-878,3268,-1907,-139,-342,159,-3249,5312,159,-725,-2160,4229,78,78,1,1,0,0,0,0,0,1,1,0,5,22323,11862,34257,2016474,0,0,0,3794837,5823770,0,364,337,0,0,1000,1000,6868033
MPCTASK: EXP,2,366,18302,-2180,5699,2,-7843,7604,-148,-861,3203,-1895,-275,-523,159,-3864,5917,159,-727,-2130,4257,78,78,1,1,0,0,0,0,0,1,1,0,5,22986,10761,33826,1829182,0,0,0,3907549,5750573,0,366,339,0,0,1000,1000,6868033
MPCTASK: EXP,2,368,18403,-2889,6383,9,-8233,7825,-90,-838,3127,-1888,-381,-695,159,-4432,6479,159,-708,-1896,3978,78,78,1,1,0,0,0,0,0,1,1,0,5,23674,10737,34640,1825098,0,0,0,4024493,5888906,0,368,341,0,0,1000,1000,6868033
MPCTASK: EXP,2,370,18503,-3813,7253,8,-8709,8089,-97,-823,3066,-1873,-445,-852,159,-5188,7197,159,-711,-1871,4012,78,78,1,1,0,0,0,0,0,1,1,0,5,21932,12640,34645,2148574,0,0,0,3728494,5889680,0,370,343,0,0,1000,1000,6868033
MPCTASK: EXP,2,372,18603,-4698,8069,7,-9135,8322,-100,-811,3013,-1859,-462,-992,159,-5913,7874,159,-712,-1842,4024,78,78,1,1,0,0,0,0,0,1,1,0,5,22371,1ESTKALMAN: State out of bounds, resetting
2187,34631,2071810,0,0,0,3802953,5887377,0,372,345,0,0,1000,1000,6868033
MPCTASK: EXP,2,374,18701,0,0,18,13,-8,-1,0,0,0,-430,-1111,159,173,-297,159,-681,-381,1408,77,77,1,1,0,0,0,0,0,1,1,0,5,22665,9989,32965,1698042,0,0,0,3852969,5604157,0,374,347,0,0,1000,1000,6868033
MPCTASK: EXP,2,376,18805,3,-2,17,44,-25,-8,0,0,0,-352,-1206,159,185,-268,159,-684,-383,1413,77,77,1,1,0,0,0,0,0,1,1,0,5,23003,12489,35565,2123144,0,0,0,3910397,6046152,0,376,349,0,0,1000,1000,6868033
MPCTASK: EXP,2,378,18902,9,-5,16,72,-40,-7,0,0,0,-235,-1274,159,183,-233,159,-684,-384,1414,77,77,1,1,0,0,0,0,0,1,1,0,5,20942,11757,32771,1998677,0,0,0,3560061,5571198,0,378,351,0,0,1000,1000,6868033
MPCTASK: EXP,2,380,19001,17,-10,18,100,-55,1,0,0,0,-92,-1314,159,168,-196,159,-681,-382,1409,77,77,1,1,0,0,0,0,0,1,1,0,5,20654,10555,31644,1794312,0,0,0,3510969,5379643,0,380,353,0,0,1000,1000,6974213
MPCTASK: EXP,2,382,19102,27,-15,20,125,-69,8,-1,2,0,63,-1326,159,142,-155,159,-679,-381,1406,77,77,1,1,0,0,0,0,0,1,1,0,5,21476,11470,33398,1949826,0,0,0,3650737,5677781,0,382,355,0,0,1000,1000,6974213
MPCTASK: EXP,2,384,19206,43,-24,19,156,-86,1,-1,1,0,217,-1307,159,114,-115,159,-680,-380,1406,77,77,1,1,0,0,0,0,0,1,1,0,5,22984,12606,35662,2142884,0,0,0,3907229,6062572,0,384,357,0,0,1000,1000,6974213
MPCTASK: EXP,2,386,19305,60,-33,21,183,-101,6,-1,2,0,353,-1260,159,83,-74,159,-678,-378,1402,77,77,1,1,0,0,0,0,0,1,1,0,5,23960,10838,34871,1842404,0,0,0,4073065,5928085,0,386,359,0,0,1000,1000,6974213
MPCTASK: EXP,2,388,19403,80,-44,21,211,-116,3,0,1,0,459,-1186,159,56,-35,159,-678,-379,1404,77,77,1,1,0,0,0,0,0,1,1,0,5,22915,9978,32965,1696132,0,0,0,3895465,5604215,0,388,361,0,0,1000,1000,6974213
MPCTASK: EXP,2,390,19503,100,-55,21,236,-130,2,-1,1,0,523,-1085,159,36,2,159,-678,-378,1404,77,77,1,1,0,0,0,0,0,1,1,0,5,22694,10514,33279,1787164,0,0,0,3857865,5657486,0,390,363,0,0,1000,1000,6974213
MPCTASK: EXP,2,392,19607,130,-72,18,271,-150,-15,0,0,1,540,-961,159,36,31,159,-685,-382,1412,77,77,1,1,0,0,0,0,0,1,1,0,5,23878,10984,34939,1867253,0,0,0,4059185,5939778,0,392,365,0,0,1000,1000,6974213
MPCTASK: EXP,2,394,19709,157,-87,17,297,-165,-11,0,0,1,508,-817,159,46,59,159,-684,-382,1412,77,77,1,1,0,0,0,0,0,1,1,0,5,24154,12935,37164,2198941,0,0,0,4106121,6317918,0,394,367,0,0,1000,1000,6974213
MPCTASK: EXP,2,396,19807,188,-104,17,324,-179,-9,-1,1,1,430,-655,159,74,81,159,-684,-383,1413,77,77,1,1,0,0,0,0,0,1,1,0,5,25676,10268,36018,1745585,0,0,0,4364814,6123174,0,396,369,0,0,1000,1000,6974213
MPCTASK: EXP,2,398,19905,220,-122,18,349,-193,-3,-1,1,1,313,-481,159,118,97,159,-682,-383,1412,77,77,1,1,0,0,0,0,0,1,1,0,5,23250,9643,32969,1639212,0,0,0,3952317,5604785,0,398,371,0,0,1000,1000,6974213