---
SYS: Crazyflie 2.1 Brushless is up and running!
SYS: Build 2:de14ff9f08ae (2025.09.1 +2) MODIFIED
SYS: I am 0x373930393434471500370039 and I have 1024KB of flash!
CFGBLK: v1, verification [OK]
DECK_DISCOVERY: Backend found: onewire
DECK_DISCOVERY: Backend found: deckctrl
DECK_CORE: 1 deck(s) found
DECK_CORE: Calling INIT on driver bcFlow2 for deck 0
ZR2: Z-down sensor [OK]
PMW: Motion chip id: 0x49:0xB6
IMU: BMI088: Using I2C interface.
IMU: BMI088 Gyro connection [OK].
IMU: BMI088 Accel connection [OK]
IMU: BMP390 I2C connection [OK]
ESTIMATOR: Using Kalman (2) estimator
CONTROLLER: Using PID (1) controller
MTR-DRV: Using brushless motor driver
SYS: About to run tests in system.c.
SYS: NRF51 version: 2026.04 (C21B)
EEPROM: I2C connection [OK].
STORAGE: Storage check [OK].
IMU: BMI088 gyro self-test [OK]
DECK_CORE: Deck 0 test [OK].
SYS: Self test passed!
STAB: Wait for sensor calibration...
SYS: Free heap: 15048 bytes
MPCTASK: Waiting for activation ...
STAB: Starting stabilizer loop
STAB: WARNING: stabilizer loop rate is off (1004)
SUP: Ready to fly
MPCTASK: Benchmark mode 2, maneuver 4, max_iter 5, task_pri 0
MPCTASK: Reference altitude: 0.70 m; barrier skip when z>0.75 and vz>-0.20
MPCTASK: OOT takeoff: cfclient trigger>=0.15m ramp=0.15m/s figure8_start=3000ms_at_measured_z target=0.70m timeout=12000ms
MPCTASK: Common baseline: mpc_hz=20 model_hz=20 rho=5 base_w=0 base_qz=1 Qz=100 R=4 bridge=x10 guards=z[ref,ref+0.20] xy=free cap=0.05
MPCTASK: MPC->PID: xyz=x10, z_guard=[ref,ref+0.20], yaw=raw_rz, output_hold=200ms, safety_hold=500ms
MPCTASK: Reference origin: xyz=measured_at_forced_3s_start target_z=0.70 m
MPCTASK: Fixed baseline: w=0 qz=1 adaptive_cache=off
MPCTASK: LIMO posthoc: infeasible=nominal_fallback
MPCTASK: EXP every=2: m,s,tms,p3[mm],v3[mmps],att3[cdeg],ref3[mm],cmd3[mm],h/raw/grad/mar/thr[milli],act/ac/bind,wi/qi/cache/noa,pa/pf/du[milli],it,mpc/eval/total[us],bar/tanh/rl/cache/solve/step[cycles],overruns,post_active/post_infeasible_totals,wreq/w/qzreq/qz[milli],max_step_cycles
MPCTASK: Figure8: source=traj_fig8_12.h source_hz=100 samples=1205 laps=2 duration=24.07 s origin=forced_3s_start start_delay=3000ms z_baseline=measured_at_start
CONTROLLER: Using OutOfTree (6) controller
MPCTASK: Trajectory origin: x=-0.0 y=0.02
MPCTASK: OOT activated at z=0.01
MPCTASK: TAKEOFF START: trigger_z=0.15 start_z=0.01 target=0.70 hold=(0.0,0.0) ramp=0.15m/s
MPCTASK: OOT loop 1 done
MMPCTASK: OOT loop 2 done
PCTASK: MPC task loop 1
MPCTASMPCTASK: OOT loop 3 done
K: x0: pos=(0.0,0.0,0.01) vel=(0.0,-0.0,-0.0)
MPCTASK: ref: (0.0,0.0,0.01)
MPCTASK: MPC solve start
MPCTASK: MPC solve done, iter=5
MPCTASK: MPC time=25763 us
MPCTASK: MPC stack free=1083 words
MPCTASK: setpoint: x=0.0 y=0.0 z=0.07 preview_z=0.07
MPCTASK: MPC task loop 2
MPCTASK: MPC task loop 3
MPCTASK: TAKEOFF COMPLETE: t=3000ms z=0.42 vz=0.23; trajectory queued origin=(-0.03,-0.0,0.42)
MPCTASK: TRAJ START: z=0.43 origin=(-0.03,-0.0,0.42) EXP clock reset; Z metric begins at t+3s
MPCTASK: EXP,2,2,83,-46,-2,444,-64,58,211,-273,-127,80,-34,-7,429,-110,349,429,-255,-3,598,69,69,1,1,0,0,0,0,0,1,1,0,5,21214,11599,33113,1971784,0,0,0,3606324,5629320,0,2,2,0,0,1000,1000,5819744
MPCTASK: EXP,2,4,185,-57,7,465,-63,121,131,-725,28,279,-45,11,429,-84,422,432,-234,160,790,69,69,1,1,0,0,0,0,0,1,1,0,5,23004,11536,34613,1961115,0,0,0,3910598,5884280,0,4,4,0,0,1000,1000,5884280
MPCTASK: EXP,2,6,286,-67,22,477,-102,275,39,-1406,199,517,-79,78,430,-63,511,432,-222,-290,801,69,69,1,1,0,0,0,0,0,1,1,0,5,21994,13176,35554,2239791,0,0,0,3738925,6044274,0,6,6,0,0,1000,1000,6044274
MPCTASK: EXP,2,8,385,-95,63,477,-172,528,-30,-1545,26,607,-132,197,430,-43,599,430,-228,-364,991,69,69,1,1,0,0,0,0,0,1,1,0,5,23063,11892,35028,2021658,0,0,0,3920573,5954789,0,8,8,0,0,1000,1000,6044274
MPCTASK: EXP,2,10,482,-112,159,472,-179,820,-18,-1205,-326,689,-187,356,430,2,708,430,-231,-250,776,69,69,1,1,0,0,0,0,0,1,1,0,5,20664,11242,31978,1911152,0,0,0,3512878,5436417,0,10,10,0,0,1000,1000,6044274
MPCTASK: EXP,2,12,583,-146,245,467,-147,975,-17,-401,-452,721,-225,536,430,22,735,430,-236,-36,581,69,69,1,1,0,0,0,0,0,1,1,0,5,24567,7999,32640,1359882,0,0,0,4176329,5548764,0,12,12,0,0,1000,1000,6044274
MPCTASK: EXP,2,14,683,-202,329,467,-136,996,70,-5,-515,494,-233,714,429,6,748,430,-232,2,617,69,69,1,1,0,0,0,0,0,1,1,0,5,19981,12415,32852,2110547,0,0,0,3396557,5584898,0,14,14,0,0,1000,1000,6044274
MPCTASK: EXP,2,16,784,-255,386,482,-72,907,68,378,-1172,206,-202,875,429,19,711,434,-217,-223,677,69,69,1,1,0,0,0,0,0,1,1,0,5,25190,8562,33825,1455446,0,0,0,4282237,5750248,0,16,16,0,0,1000,1000,6044274
MPCTASK: EXP,2,18,882,-295,456,499,47,842,40,407,-1481,-58,-133,1004,429,19,692,438,-200,-228,836,69,69,1,1,0,0,0,0,0,1,1,0,5,20485,10856,31413,1845438,0,0,0,3482281,5340243,0,18,18,0,0,1000,1000,6044274
MPCTASK: EXP,2,20,984,-314,524,505,282,697,4,740,-1814,-449,-32,1093,429,53,630,440,-194,-280,1041,69,69,1,1,0,0,0,0,0,1,1,0,5,23999,9136,33206,1552902,0,0,0,4079722,5645185,0,20,20,0,0,1000,1000,6044274
MPCTASK: EXP,2,22,1084,-308,576,506,517,507,-29,911,-1777,-817,86,1138,429,66,555,438,-199,-382,1001,69,69,1,1,0,0,0,0,0,1,1,0,5,21806,11746,33624,1996764,0,0,0,3706861,5716035,0,22,22,0,0,1000,1000,6044274
MPCTASK: EXP,2,24,1180,-272,595,495,730,259,-76,1075,-1455,-1052,208,1140,429,76,441,433,-219,-260,846,69,69,1,1,0,0,0,0,0,1,1,0,5,21089,8554,29715,1454036,0,0,0,3585077,5051681,0,24,24,0,0,1000,1000,6044274
MPCTASK: EXP,2,26,1282,-257,551,481,828,-34,-109,1207,-872,-979,318,1101,429,23,280,429,-239,-141,976,69,69,1,1,0,0,0,0,0,1,1,0,5,20809,11462,32343,1948359,0,0,0,3537413,5498350,0,26,26,0,0,1000,1000,6044274
MPCTASK: EXP,2,28,1383,-200,519,465,842,-282,-79,932,30,-1034,401,1025,429,-34,161,429,-250,16,873,69,69,1,1,0,0,0,0,0,1,1,0,5,23121,9621,32815,1635611,0,0,0,3930370,5578536,0,28,28,0,0,1000,1000,6044274
MPCTASK: EXP,2,30,1483,-127,503,455,724,-398,-7,793,781,-1078,445,917,429,-90,75,429,-245,-181,626,69,69,1,1,0,0,0,0,0,1,1,0,5,20951,11449,32474,1946211,0,0,0,3561521,5520510,0,30,30,0,0,1000,1000,6044274
MPCTASK: EXP,2,32,1582,-65,434,463,506,-560,79,870,1417,-1139,444,782,429,-175,-55,430,-236,-123,978,69,69,1,1,0,0,0,0,0,1,1,0,5,22397,9558,32028,1624861,0,0,0,3807294,5444736,0,32,32,0,0,1000,1000,6044274
MPCTASK: EXP,2,34,1684,-44,394,481,175,-588,153,366,2147,-1186,397,626,429,-295,-102,437,-218,-242,1219,69,69,1,1,0,0,0,0,0,1,1,0,5,22520,10921,33515,1856487,0,0,0,3828321,5697527,0,34,33,0,0,1000,1000,6044274
MPCTASK: EXP,2,36,1782,-63,306,506,-306,-586,213,42,2290,-1121,306,454,429,-439,-178,446,-193,-159,1178,69,69,1,1,0,0,0,0,0,1,1,0,5,22886,8514,31570,1447227,0,0,0,3890557,5367019,0,36,34,0,0,1000,1000,6044274
MPCTASK: EXP,2,38,1884,-142,272,524,-692,-485,194,-131,1551,-911,181,272,429,-356,-45,629,-175,98,973,69,69,1,1,0,0,0,0,0,1,0,1134,5,19298,11543,33376,1962113,0,0,0,3280681,5673922,0,38,34,0,0,1000,1000,6044274
MPCTASK: EXP,2,40,1991,-227,236,536,-878,-466,209,332,130,-714,34,83,429,-495,-285,608,-163,189,894,69,69,1,1,0,0,0,0,0,1,0,768,5,25300,12321,40361,2094519,0,0,0,4300914,6861552,0,40,34,0,0,1000,1000,6861552
MPCTASK: EXP,2,42,2082,-303,199,557,-806,-564,291,994,-924,-554,-120,-105,429,-446,-398,463,-142,-101,538,69,69,1,1,0,0,0,0,0,1,1,0,5,20376,11885,32337,2020387,0,0,0,3463906,5497340,0,42,35,0,0,1000,1000,6861552
MPCTASK: EXP,2,44,2184,-348,103,594,-631,-779,229,1144,-1396,-742,-268,-291,429,-355,-540,473,-105,-132,552,69,69,1,1,0,0,0,0,0,1,1,0,5,23717,9366,33158,1592175,0,0,0,4031901,5637062,0,44,36,0,0,1000,1000,6861552
MPCTASK: EXP,2,46,2289,-415,51,613,-454,-883,42,575,-1855,-817,-392,-470,429,-185,-478,616,-86,-31,923,69,69,1,1,0,0,0,0,0,1,0,728,5,20962,13738,38625,2335323,0,0,0,3563425,6566322,0,46,36,0,0,1000,1000,6861552
MPCTASK: EXP,2,48,2387,-449,-31,613,-184,-1007,-49,609,-1892,-992,-483,-636,429,1,-479,595,-96,-336,965,69,69,1,1,0,0,0,0,0,1,0,645,5,25990,8541,36284,1451855,0,0,0,4418256,6168372,0,48,36,0,0,1000,1000,6861552
MPCTASK: EXP,2,50,2485,-477,-124,611,107,-1142,-58,477,-2064,-1192,-529,-787,429,101,-566,582,-100,-334,1091,69,69,1,1,0,0,0,0,0,1,0,590,5,21620,11772,34870,2001293,0,0,0,3675385,5927969,0,50,36,0,0,1000,1000,6861552
MPCTASK: EXP,2,52,2588,-471,-220,609,430,-1245,-54,272,-2152,-1250,-526,-918,429,47,-793,615,-101,-106,1110,69,69,1,1,0,0,0,0,0,1,0,748,5,26568,9072,37400,1542114,0,0,0,4516453,6358101,0,52,36,0,0,1000,1000,6861552
MPCTASK: EXP,2,54,2689,-436,-305,605,726,-1246,-87,-399,-1502,-1021,-476,-1027,429,110,-775,612,-112,103,1015,69,69,1,1,0,0,0,0,0,1,0,744,5,21994,14056,38794,2389300,0,0,0,3738941,6595106,0,54,36,0,0,1000,1000,6861552
MPCTASK: EXP,2,56,2784,-370,-400,594,932,-1103,21,-949,-736,-796,-381,-1111,429,172,-739,464,-105,-93,445,69,69,1,1,0,0,0,0,0,1,1,0,5,24363,9420,34208,1601405,0,0,0,4141538,5815337,0,56,38,0,0,1000,1000,6861552
MPCTASK: EXP,2,58,2886,-334,-455,598,962,-876,12,-1084,-340,-827,-253,-1168,429,162,-666,465,-101,-131,494,69,69,1,1,0,0,0,0,0,1,1,0,5,22883,11899,34854,2022750,0,0,0,3889954,5925286,0,58,40,0,0,1000,1000,6861552
MPCTASK: EXP,2,60,2983,-237,-517,600,1012,-680,-69,-1206,39,-787,-103,-1196,429,189,-606,463,-113,-183,643,69,69,1,1,0,0,0,0,0,1,1,0,5,22904,7963,30939,1353632,0,0,0,3893470,5259647,0,60,42,0,0,1000,1000,6861552
MPCTASK: EXP,2,62,3086,-168,-531,594,965,-417,-120,-1207,424,-797,53,-1196,429,160,-494,614,-129,-144,887,69,69,1,1,0,0,0,0,0,1,0,775,5,19663,13431,34546,2283284,0,0,0,3342549,5872935,0,62,42,0,0,1000,1000,6861552
MPCTASK: EXP,2,64,3185,-79,-533,587,875,-144,3,-952,776,-741,202,-1166,429,131,-388,461,-112,-4,558,69,69,1,1,0,0,0,0,0,1,1,0,5,21479,11876,33429,2018798,0,0,0,3651441,5683007,0,64,44,0,0,1000,1000,6861552
MPCTASK: EXP,2,66,3285,-18,-486,590,727,98,6,-712,961,-714,327,-1107,429,71,-251,462,-109,-82,469,69,69,1,1,0,0,0,0,0,1,1,0,5,21183,11815,33259,2008480,0,0,0,3600953,5654083,0,66,46,0,0,1000,1000,6861552
MPCTASK: EXP,2,68,3384,0,-505,587,522,176,-105,-738,1076,-637,417,-1022,429,-21,-186,458,-133,-37,717,69,69,1,1,0,0,0,0,0,1,1,0,5,22989,9071,32135,1542092,0,0,0,3907946,5463042,0,68,48,0,0,1000,1000,6861552
MPCTASK: EXP,2,70,3483,51,-463,574,359,341,-173,-809,1274,-445,463,-912,429,-80,-62,567,-160,-131,1208,69,69,1,1,0,0,0,0,0,1,0,575,5,20003,9110,31933,1548525,0,0,0,3400481,5428749,0,70,48,0,0,1000,1000,6861552
MPCTASK: EXP,2,72,3580,94,-402,566,130,537,-29,-750,1344,-260,460,-779,429,-137,73,454,-139,-28,817,69,69,1,1,0,0,0,0,0,1,1,0,5,21623,7055,28751,1199239,0,0,0,3675853,4887676,0,72,49,0,0,1000,1000,6861552
MPCTASK: EXP,2,74,3684,112,-294,573,-95,734,57,-598,1285,-107,409,-628,429,-193,233,459,-126,-68,629,69,69,1,1,0,0,0,0,0,1,1,0,5,20923,11571,33072,1966966,0,0,0,3556837,5622279,0,74,51,0,0,1000,1000,6861552
MPCTASK: EXP,2,76,3789,102,-228,570,-267,801,-93,-532,1179,-4,315,-461,429,-188,288,629,-148,-8,925,69,69,1,1,0,0,0,0,0,1,0,896,5,25994,9549,37595,1623154,0,0,0,4418833,6391094,0,76,52,0,0,1000,1000,6861552
MPCTASK: EXP,2,78,3883,60,-104,563,-470,940,-98,-487,1046,128,186,-283,429,-286,481,451,-156,-76,678,69,69,1,1,0,0,0,0,0,1,1,0,5,18404,13566,32042,2306145,0,0,0,3128491,5447227,0,78,53,0,0,1000,1000,6861552
MPCTASK: EXP,2,80,3987,44,-31,563,-575,967,60,-235,502,173,36,-98,429,-262,554,457,-136,51,487,69,69,1,1,0,0,0,0,0,1,1,0,5,24424,10687,35531,1816632,0,0,0,4151998,6040325,0,80,55,0,0,1000,1000,6861552
MPCTASK: EXP,2,82,4090,10,1,567,-593,915,-22,-257,321,232,-121,88,429,-238,578,455,-137,8,416,69,69,1,1,0,0,0,0,0,1,1,0,5,23001,13057,36536,2219639,0,0,0,3910157,6211179,0,82,57,0,0,1000,1000,6861552
MPCTASK: EXP,2,84,4185,-35,72,561,-601,910,-98,-253,111,448,-269,273,429,-213,637,451,-158,2,417,69,69,1,1,0,0,0,0,0,1,1,0,5,23020,8054,31149,1369061,0,0,0,3913453,5295278,0,84,59,0,0,1000,1000,6861552
MPCTASK: EXP,2,86,4291,-73,126,553,-586,893,-65,-258,50,728,-395,450,429,-178,675,450,-159,-55,373,69,69,1,1,0,0,0,0,0,1,1,0,5,23004,13982,37220,2376773,0,0,0,3910637,6327484,0,86,61,0,0,1000,1000,6861552
MPCTASK: EXP,2,88,4384,-82,205,550,-502,924,-61,-268,-213,905,-485,617,429,-104,731,449,-161,117,591,69,69,1,1,0,0,0,0,0,1,1,0,5,23240,7911,31229,1344828,0,0,0,3950597,5308924,0,88,63,0,0,1000,1000,6861552
MPCTASK: EXP,2,90,4485,-142,244,542,-482,901,-107,-245,-560,696,-531,768,429,-72,735,445,-179,100,651,69,69,1,1,0,0,0,0,0,1,1,0,5,19913,11269,31261,1915738,0,0,0,3385245,5314441,0,90,65,0,0,1000,1000,6861552
MPCTASK: EXP,2,92,4587,-201,293,541,-359,878,-85,-34,-1386,357,-528,899,429,-3,725,445,-175,-5,999,69,69,1,1,0,0,0,0,0,1,1,0,5,23067,9318,32457,1584015,0,0,0,3921234,5517671,0,92,67,0,0,1000,1000,6861552
MPCTASK: EXP,2,94,4687,-227,346,535,-82,813,-130,204,-2024,35,-477,1009,429,92,701,515,-190,-509,2006,69,69,1,1,0,0,0,0,0,1,0,363,5,20303,10502,32530,1785313,0,0,0,3451549,5530276,0,94,67,0,0,1000,1000,6861552
MPCTASK: EXP,2,96,4792,-222,393,526,286,707,-64,236,-1876,-250,-382,1093,429,161,648,556,-186,-367,1428,69,69,1,1,0,0,0,0,0,1,0,578,5,25614,10178,37645,1730246,0,0,0,4354238,6399589,0,96,67,0,0,1000,1000,6861552
MPCTASK: EXP,2,98,4889,-176,437,516,616,580,-15,512,-1448,-476,-253,1151,429,247,602,441,-187,-285,804,69,69,1,1,0,0,0,0,0,1,1,0,5,20813,13398,34283,2277562,0,0,0,3538127,5828270,0,98,69,0,0,1000,1000,6861552
MPCTASK: EXP,2,100,4987,-115,462,505,810,426,-64,473,-880,-531,-103,1179,429,270,538,436,-206,-1,712,69,69,1,1,0,0,0,0,0,1,1,0,5,21528,9945,31672,1690638,0,0,0,3659794,5384385,0,100,71,0,0,1000,1000,6861552
MPCTASK: EXP,2,102,5086,-26,478,484,919,303,-139,460,-206,-505,53,1179,429,280,467,429,-243,-37,620,69,69,1,1,0,0,0,0,0,1,1,0,5,18930,11970,30972,2034872,0,0,0,3217889,5265298,0,102,73,0,0,1000,1000,6861552
MPCTASK: EXP,2,104,5191,66,481,471,908,172,-96,573,373,-465,202,1149,429,261,377,429,-248,-95,596,69,69,1,1,0,0,0,0,0,1,1,0,5,25220,9969,35393,1694715,0,0,0,4287282,6016946,0,104,75,0,0,1000,1000,6861552
MPCTASK: EXP,2,106,5294,179,492,468,800,55,-36,757,990,-474,327,1091,429,225,292,429,-238,-173,711,69,69,1,1,0,0,0,0,0,1,1,0,5,23853,12806,36733,2176878,0,0,0,4054921,6244646,0,106,77,0,0,1000,1000,6861552
MPCTASK: EXP,2,108,5386,263,475,475,608,-93,-10,898,1437,-494,417,1005,429,159,183,430,-226,-303,885,69,69,1,1,0,0,0,0,0,1,1,0,5,22593,6823,29864,1159953,0,0,0,3840593,5077023,0,108,79,0,0,1000,1000,6861552
MPCTASK: EXP,2,110,5496,303,464,475,286,-196,-35,631,2141,-552,463,895,429,20,119,585,-231,-567,1446,69,69,1,1,0,0,0,0,0,1,0,781,5,25291,12469,39837,2119612,0,0,0,4299313,6772317,0,110,80,0,0,1000,1000,6861552
MPCTASK: EXP,2,112,5591,318,481,475,-120,-217,9,746,2281,-431,460,762,429,-106,65,567,-224,-591,1545,69,69,1,1,0,0,0,0,0,1,0,685,5,23069,10467,34666,1779277,0,0,0,3921605,5893189,0,112,80,0,0,1000,1000,6861552
MPCTASK: EXP,2,114,5693,269,453,479,-552,-358,97,972,1825,-281,409,611,429,-227,-51,435,-220,-101,1135,69,69,1,1,0,0,0,0,0,1,1,0,5,23374,12231,35815,2079259,0,0,0,3945677,6088595,0,114,82,0,0,1000,1000,6861552
MPCTASK: EXP,2,116,5791,226,368,484,-768,-594,18,1282,927,-211,315,444,429,-255,-227,433,-215,-70,854,69,69,1,1,0,0,0,0,0,1,1,0,5,23389,11156,34617,1896479,0,0,0,3976185,5885087,0,116,84,0,0,1000,1000,6861552
MPCTASK: EXP,2,118,5891,121,312,475,-918,-776,-69,1049,437,-183,186,266,429,-327,-328,429,-237,-198,734,69,69,1,1,0,0,0,0,0,1,1,0,5,22235,12687,34999,2156594,0,0,0,3779965,5949858,0,118,86,0,0,1000,1000,6861552
MPCTASK: EXP,2,120,5991,67,260,468,-878,-880,-25,876,-275,-355,35,81,429,-278,-413,429,-236,-62,724,69,69,1,1,0,0,0,0,0,1,1,0,5,24515,10539,35133,1791527,0,0,0,4167497,5972721,0,120,88,0,0,1000,1000,6861552
MPCTASK: EXP,2,122,6090,6,139,472,-778,-1075,10,793,-823,-886,-121,-105,429,-218,-561,430,-227,18,750,69,69,1,1,0,0,0,0,0,1,1,0,5,23240,9781,33094,1662615,0,0,0,3950777,5626089,0,122,90,0,0,1000,1000,6861552
MPCTASK: EXP,2,124,6189,-85,30,478,-663,-1213,5,562,-1303,-1397,-269,-289,429,-180,-675,431,-221,-157,790,69,69,1,1,0,0,0,0,0,1,1,0,5,23194,9363,32631,1591613,0,0,0,3942913,5547378,0,124,92,0,0,1000,1000,6861552
MPCTASK: EXP,2,126,6291,-153,-56,494,-455,-1281,117,346,-1712,-1992,-395,-467,429,-93,-760,444,-205,-27,1051,69,69,1,1,0,0,0,0,0,1,1,0,5,23021,11519,34613,1958176,0,0,0,3913497,5884249,0,126,94,0,0,1000,1000,6861552
MPCTASK: EXP,2,128,6392,-205,-193,514,-183,-1527,210,976,-2299,-2317,-485,-634,429,16,-976,453,-185,143,1080,69,69,1,1,0,0,0,0,0,1,1,0,5,24969,11183,36233,1901028,0,0,0,4244809,6159733,0,128,96,0,0,1000,1000,6861552
MPCTASK: EXP,2,130,6494,-222,-315,543,56,-1803,163,1531,-2805,-2339,-531,-784,429,138,-1142,458,-156,-11,1097,69,69,1,1,0,0,0,0,0,1,1,0,5,23895,12844,36815,2183375,0,0,0,4062049,6258666,0,130,98,0,0,1000,1000,6861552
MPCTASK: EXP,2,132,6591,-214,-517,561,375,-2150,4,551,-3403,-2202,-528,-916,429,394,-1197,573,-138,177,1778,69,69,1,1,0,0,0,0,0,1,0,658,5,21106,9824,34341,1670027,0,0,0,3587961,5838169,0,132,98,0,0,1000,1000,6861552
MPCTASK: EXP,2,134,6696,-150,-730,552,879,-2334,-132,-522,-2588,-2215,-477,-1026,429,72,-1744,509,-174,-491,2301,69,69,1,1,0,0,0,0,0,1,0,438,5,25854,12668,39528,2153513,0,0,0,4395033,6719749,0,134,98,0,0,1000,1000,6861552
MPCTASK: EXP,2,136,6791,-34,-925,521,1257,-2238,-157,-1412,-398,-1907,-382,-1110,429,58,-1792,501,-209,-835,2183,69,69,1,1,0,0,0,0,0,1,0,524,5,23370,9986,34927,1697493,0,0,0,3972757,5937706,0,136,98,0,0,1000,1000,6861552
MPCTASK: EXP,2,138,6895,126,-1117,504,1304,-1823,-87,-2485,1866,-1276,-253,-1168,429,-10,-1750,513,-212,-198,2064,69,69,1,1,0,0,0,0,0,1,0,675,5,22196,12101,36162,2057002,0,0,0,3773269,6147511,0,138,98,0,0,1000,1000,6861552
MPCTASK: EXP,2,140,6992,245,-1233,510,950,-1156,-48,-2378,2996,-1006,-103,-1196,429,346,-1177,438,-199,108,1423,69,69,1,1,0,0,0,0,0,1,1,0,5,22282,10277,33207,1747058,0,0,0,3787738,5645278,0,140,100,0,0,1000,1000,6861552
MPCTASK: EXP,2,142,7094,298,-1271,505,521,-610,-110,-1443,2310,-1677,53,-1196,429,289,-1058,434,-217,28,1331,69,69,1,1,0,0,0,0,0,1,1,0,5,21326,12389,34073,2106054,0,0,0,3625313,5792350,0,142,101,0,0,1000,1000,6861552
MPCTASK: EXP,2,144,7193,285,-1287,490,163,-227,-13,-542,1474,-2039,202,-1166,429,177,-973,434,-212,-37,985,69,69,1,1,0,0,0,0,0,1,1,0,5,22350,10789,33213,1834087,0,0,0,3799529,5646363,0,144,103,0,0,1000,1000,6861552
MPCTASK: EXP,2,146,7294,249,-1266,491,-68,15,103,-660,791,-1921,327,-1108,429,73,-833,438,-208,-120,549,69,69,1,1,0,0,0,0,0,1,1,0,5,24245,10033,34726,1705474,0,0,0,4121449,5903527,0,146,105,0,0,1000,1000,6861552
MPCTASK: EXP,2,148,7396,238,-1234,503,-146,222,57,-1329,865,-1405,417,-1022,429,-12,-657,440,-196,83,1014,69,69,1,1,0,0,0,0,0,1,1,0,5,26260,10207,36538,1734996,0,0,0,4464153,6211571,0,148,107,0,0,1000,1000,6861552
MPCTASK: EXP,2,150,7493,234,-1190,509,-229,503,-102,-2236,1356,-662,463,-912,429,-108,-449,436,-211,-255,1384,69,69,1,1,0,0,0,0,0,1,1,0,5,21900,11796,33767,2005276,0,0,0,3722765,5740471,0,150,109,0,0,1000,1000,6861552
MPCTASK: EXP,2,152,7594,214,-1120,501,-405,892,-215,-2327,1471,-109,460,-779,429,-132,-332,549,-242,-517,1784,69,69,1,1,0,0,0,0,0,1,0,673,5,22347,10177,34122,1730136,0,0,0,3798797,5800897,0,152,109,0,0,1000,1000,6861552
MPCTASK: EXP,2,154,7695,174,-1008,488,-652,1274,-126,-1539,1285,191,409,-628,429,-293,-93,429,-236,-72,1129,69,69,1,1,0,0,0,0,0,1,1,0,5,23007,12359,35799,2100978,0,0,0,3910969,6150965,0,154,111,0,0,1000,1000,6861552
MPCTASK: EXP,2,156,7795,107,-869,481,-852,1468,-63,-513,913,331,315,-461,429,-369,30,430,-231,97,893,69,69,1,1,0,0,0,0,0,1,1,0,5,25216,10933,36223,1858397,0,0,0,4286530,6157891,0,156,113,0,0,1000,1000,6861552
MPCTASK: EXP,2,158,7894,52,-744,473,-935,1443,-88,244,595,460,186,-283,429,-389,102,429,-244,-88,605,69,69,1,1,0,0,0,0,0,1,1,0,5,23490,10941,34504,1859859,0,0,0,3993197,5865815,0,158,115,0,0,1000,1000,6861552
MPCTASK: EXP,2,160,7991,-1,-654,469,-939,1281,-84,567,308,531,35,-98,429,-379,135,429,-247,-28,682,69,69,1,1,0,0,0,0,0,1,1,0,5,21712,10245,32028,1741543,0,0,0,3690969,5444931,0,160,117,0,0,1000,1000,6861552
MPCTASK: EXP,2,162,8096,-43,-581,462,-875,1112,-83,413,-7,578,-121,88,429,-330,171,429,-254,-61,574,69,69,1,1,0,0,0,0,0,1,1,0,5,23193,13180,36445,2240523,0,0,0,3942732,6195670,0,162,119,0,0,1000,1000,6861552
MPCTASK: EXP,2,164,8192,-66,-487,453,-758,1038,-102,181,-148,588,-269,273,429,-261,242,429,-267,-7,580,69,69,1,1,0,0,0,0,0,1,1,0,5,22323,10206,32608,1734900,0,0,0,3794909,5543377,0,164,121,0,0,1000,1000,6861552
MPCTASK: EXP,2,166,8296,-129,-424,440,-705,963,-107,-42,-262,570,-395,450,429,-232,281,429,-281,-83,539,69,69,1,1,0,0,0,0,0,1,1,0,5,23316,12451,36003,2116672,0,0,0,3963633,6120462,0,166,123,0,0,1000,1000,6861552
MPCTASK: EXP,2,168,8395,-184,-379,430,-625,909,-73,-274,-501,602,-485,617,429,-189,304,429,-283,-122,597,69,69,1,1,0,0,0,0,0,1,1,0,5,23876,10953,35173,1861791,0,0,0,4058917,5979580,0,168,125,0,0,1000,1000,6861552
MPCTASK: EXP,2,170,8493,-229,-315,425,-496,931,-44,-395,-849,651,-531,767,429,-129,347,429,-283,-107,778,69,69,1,1,0,0,0,0,0,1,1,0,5,20011,12475,32560,2120744,0,0,0,3401797,5535133,0,170,127,0,0,1000,1000,6861552
MPCTASK: EXP,2,172,8594,-275,-250,425,-353,967,-22,-467,-1077,683,-528,899,429,-85,382,429,-278,-120,874,69,69,1,1,0,0,0,0,0,1,1,0,5,23018,10980,34072,1866624,0,0,0,3913001,5792421,0,172,129,0,0,1000,1000,6861552
MPCTASK: EXP,2,174,8696,-295,-182,423,-156,992,-38,-320,-1310,649,-477,1009,429,-21,400,429,-284,-194,1054,69,69,1,1,0,0,0,0,0,1,1,0,5,23083,12833,35989,2181623,0,0,0,3924042,6118243,0,174,131,0,0,1000,1000,6861552
MPCTASK: EXP,2,176,8794,-307,-104,423,49,1018,-37,-300,-1266,541,-382,1093,429,10,425,429,-284,-304,908,69,69,1,1,0,0,0,0,0,1,1,0,5,22128,10887,33226,1850570,0,0,0,3761729,5648545,0,176,133,0,0,1000,1000,6861552
MPCTASK: EXP,2,178,8895,-308,-32,418,206,1013,-38,-148,-1089,319,-253,1150,429,26,420,429,-289,-263,821,69,69,1,1,0,0,0,0,0,1,1,0,5,22015,11990,34079,2038238,0,0,0,3742429,5793449,0,178,135,0,0,1000,1000,6861552
MPCTASK: EXP,2,180,8997,-295,58,419,377,1001,28,116,-1100,107,-103,1179,429,45,419,429,-280,-215,791,69,69,1,1,0,0,0,0,0,1,1,0,5,23942,12677,36691,2155057,0,0,0,4070101,6237574,0,180,137,0,0,1000,1000,6861552
MPCTASK: EXP,2,182,9098,-262,140,422,517,931,26,330,-790,5,53,1179,429,39,396,429,-277,-183,652,69,69,1,1,0,0,0,0,0,1,1,0,5,25929,12114,38121,2059293,0,0,0,4407861,6480637,0,182,139,0,0,1000,1000,6861552
MPCTASK: EXP,2,184,9193,-222,213,422,579,829,-6,518,-258,-25,202,1149,429,3,359,429,-279,-142,589,69,69,1,1,0,0,0,0,0,1,1,0,5,21877,9702,31804,1649254,0,0,0,3719029,5406764,0,184,141,0,0,1000,1000,6861552
MPCTASK: EXP,2,186,9296,-164,270,422,589,672,0,827,243,3,327,1091,429,-32,285,429,-277,-154,706,69,69,1,1,0,0,0,0,0,1,1,0,5,22001,13237,35311,2250278,0,0,0,3739993,6002844,0,186,143,0,0,1000,1000,6861552
MPCTASK: EXP,2,188,9397,-97,318,426,539,490,1,1041,688,38,416,1006,429,-70,209,429,-273,-222,749,69,69,1,1,0,0,0,0,0,1,1,0,5,25970,10135,36181,1722851,0,0,0,4414833,6150809,0,188,145,0,0,1000,1000,6861552
MPCTASK: EXP,2,190,9496,-64,345,430,364,277,-23,1173,1144,116,462,897,429,-154,113,429,-274,-155,884,69,69,1,1,0,0,0,0,0,1,1,0,5,23985,11775,35834,2001688,0,0,0,4077489,6091759,0,190,147,0,0,1000,1000,6861552
MPCTASK: EXP,2,192,9592,-49,347,423,143,29,-76,1264,1329,195,459,764,429,-237,-3,429,-291,-118,1176,69,69,1,1,0,0,0,0,0,1,1,0,5,21923,9921,31925,1686546,0,0,0,3726865,5427234,0,192,149,0,0,1000,1000,6861552
MPCTASK: EXP,2,194,9695,-55,328,416,-105,-225,-61,1189,1371,241,407,613,429,-316,-123,429,-296,-174,1130,69,69,1,1,0,0,0,0,0,1,1,0,5,22189,10810,33072,1837675,0,0,0,3772177,5622441,0,194,151,0,0,1000,1000,6861552
MPCTASK: EXP,2,196,9795,-68,261,408,-315,-517,-41,1098,1116,267,313,446,429,-358,-281,429,-299,-191,895,69,69,1,1,0,0,0,0,0,1,1,0,5,22950,10511,33534,1786877,0,0,0,3901333,5700858,0,196,153,0,0,1000,1000,6861552
MPCTASK: EXP,2,198,9895,-118,196,403,-502,-716,-28,900,887,363,184,268,429,-409,-400,429,-301,-178,785,69,69,1,1,0,0,0,0,0,1,1,0,5,21982,11929,33984,2027991,0,0,0,3736722,5777308,0,198,155,0,0,1000,1000,6861552
MPCTASK: EXP,2,200,9995,-179,99,402,-629,-914,12,769,451,448,35,82,429,-424,-536,429,-297,-182,697,69,69,1,1,0,0,0,0,0,1,1,0,5,22894,10632,33778,1807242,0,0,0,3891897,5742272,0,200,157,0,0,1000,1000,6861552
MPCTASK: EXP,2,202,10096,-255,24,409,-681,-988,78,458,65,469,-119,-106,429,-430,-601,429,-290,-146,565,69,69,1,1,0,0,0,0,0,1,1,0,5,21100,13154,34331,2235984,0,0,0,3586853,5836323,0,202,159,0,0,1000,1000,6861552
MPCTASK: EXP,2,204,10194,-323,-63,421,-653,-1023,96,369,-368,338,-265,-294,429,-402,-674,429,-278,-132,521,69,69,1,1,0,0,0,0,0,1,1,0,5,24237,8743,33053,1486150,0,0,0,4120193,5619229,0,204,161,0,0,1000,1000,6861552
MPCTASK: EXP,2,206,10301,-386,-142,431,-559,-1028,71,307,-799,42,-388,-475,429,-357,-718,429,-268,-183,621,69,69,1,1,0,0,0,0,0,1,1,0,5,25613,13881,39913,2359608,0,0,0,4354174,6786189,0,206,163,0,0,1000,1000,6861552
MPCTASK: EXP,2,208,10394,-436,-228,448,-403,-1034,97,173,-1094,-265,-474,-646,429,-300,-748,429,-251,-189,700,69,69,1,1,0,0,0,0,0,1,1,0,5,22237,9761,32071,1659179,0,0,0,3780341,5452144,0,208,165,0,0,1000,1000,6861552
MPCTASK: EXP,2,210,10496,-468,-313,457,-231,-1022,21,11,-1174,-407,-516,-801,429,-252,-762,429,-242,-70,872,69,69,1,1,0,0,0,0,0,1,1,0,5,22762,11243,34154,1911271,0,0,0,3869515,5806241,0,210,167,0,0,1000,1000,6861552
MPCTASK: EXP,2,212,10592,-485,-406,456,-45,-1003,-43,-219,-1233,-424,-511,-936,429,-203,-760,429,-251,-283,846,69,69,1,1,0,0,0,0,0,1,1,0,5,21091,9795,30959,1665123,0,0,0,3585309,5263045,0,212,169,0,0,1000,1000,6861552
MPCTASK: EXP,2,214,10696,-491,-481,451,135,-911,-87,-554,-1158,-325,-461,-1045,429,-173,-711,429,-265,-257,870,69,69,1,1,0,0,0,0,0,1,1,0,5,23298,11042,34744,1876959,0,0,0,3960609,5906549,0,214,171,0,0,1000,1000,6861552
MPCTASK: EXP,2,216,10794,-483,-543,448,302,-743,-56,-946,-1013,-240,-372,-1123,429,-157,-630,429,-262,-222,740,69,69,1,1,0,0,0,0,0,1,1,0,5,20961,10577,31753,1797991,0,0,0,3563230,5398122,0,216,173,0,0,1000,1000,6861552
MPCTASK: EXP,2,218,10895,-464,-586,445,423,-510,-63,-1316,-751,-114,-256,-1166,429,-160,-523,429,-267,-265,976,69,69,1,1,0,0,0,0,0,1,1,0,5,22269,10649,33134,1810166,0,0,0,3785609,5632841,0,218,175,0,0,1000,1000,6861552
MPCTASK: EXP,2,220,10990,-432,-601,442,502,-226,-59,-1425,-503,-60,-127,-1170,429,-161,-410,429,-269,-333,1058,69,69,1,1,0,0,0,0,0,1,1,0,5,19379,9473,28926,1610367,0,0,0,3294341,4917497,0,220,177,0,0,1000,1000,6861552
MPCTASK: EXP,2,222,11096,-396,-593,435,534,54,-53,-1339,-221,5,-2,-1132,429,-163,-314,429,-275,-310,1004,69,69,1,1,0,0,0,0,0,1,1,0,5,23198,11252,35156,1912688,0,0,0,3943573,5976492,0,222,179,0,0,1000,1000,6861552
MPCTASK: EXP,2,224,11194,-364,-556,428,513,308,-30,-994,-6,4,103,-1052,429,-160,-245,429,-277,-216,757,69,69,1,1,0,0,0,0,0,1,1,0,5,21280,10005,31358,1700697,0,0,0,3617641,5330957,0,224,181,0,0,1000,1000,6861552
MPCTASK: EXP,2,226,11299,-337,-506,424,454,476,0,-663,212,37,176,-932,429,-158,-203,429,-275,-124,646,69,69,1,1,0,0,0,0,0,1,1,0,5,23921,12579,36572,2138284,0,0,0,4066445,6217448,0,226,183,0,0,1000,1000,6861552
MPCTASK: EXP,2,228,11395,-315,-456,426,364,568,6,-430,363,203,210,-781,429,-167,-173,429,-273,-139,539,69,69,1,1,0,0,0,0,0,1,1,0,5,21789,10707,32569,1820186,0,0,0,3704050,5536852,0,228,185,0,0,1000,1000,6861552
MPCTASK: EXP,2,230,11500,-304,-397,429,263,603,23,-6,258,367,203,-607,430,-172,-151,430,-270,-97,507,69,69,1,1,0,0,0,0,0,1,1,0,5,28927,8657,37664,1471602,0,0,0,4917545,6403048,0,230,187,0,0,1000,1000,6861552
MPCTASK: EXP,2,232,11595,-306,-340,435,172,578,13,168,303,517,162,-429,430,-205,-114,430,-264,-12,621,69,69,1,1,0,0,0,0,0,1,1,0,5,21847,10758,32678,1828828,0,0,0,3713830,5555273,0,232,189,0,0,1000,1000,6861552
MPCTASK: EXP,2,234,11700,-307,-294,435,98,513,-15,407,144,503,101,-263,430,-223,-75,430,-267,-132,534,69,69,1,1,0,0,0,0,0,1,1,0,5,28586,8413,37074,1430121,0,0,0,4859577,6302660,0,234,191,0,0,1000,1000,6861552
MPCTASK: EXP,2,236,11795,-312,-245,437,80,437,-8,444,-159,342,37,-131,430,-244,11,430,-264,-78,583,69,69,1,1,0,0,0,0,0,1,1,0,5,22068,10751,32892,1827495,0,0,0,3751493,5591720,0,236,193,0,0,1000,1000,6861552
MPCTASK: EXP,2,238,11897,-316,-216,437,101,348,1,364,-380,102,-9,-46,430,-262,101,430,-262,-123,515,69,69,1,1,0,0,0,0,0,1,1,0,5,25032,9410,34523,1599534,0,0,0,4255393,5868948,0,238,195,0,0,1000,1000,6861552
MPCTASK: EXP,2,240,11997,-315,-190,437,143,301,-4,-90,-266,-147,-31,-12,429,-281,218,429,-262,32,664,69,69,1,1,0,0,0,0,0,1,1,0,5,22418,11513,34274,1957252,0,0,0,3810861,5826692,0,240,197,0,0,1000,1000,6861552
MPCTASK: EXP,2,242,12097,-308,-165,431,145,347,-25,-583,63,-372,-33,-8,429,-273,324,429,-273,-116,621,69,69,1,1,0,0,0,0,0,1,1,0,5,23813,10847,34732,1843781,0,0,0,4048201,5904597,0,242,199,0,0,1000,1000,6861552
MPCTASK: EXP,2,244,12198,-295,-137,433,144,452,30,-821,0,-506,-38,0,429,-214,401,429,-266,-147,664,69,69,1,1,0,0,0,0,0,1,1,0,5,24943,10977,35992,1865946,0,0,0,4240225,6118806,0,244,201,0,0,1000,1000,6861552
MPCTASK: EXP,2,246,12300,-274,-93,441,162,605,44,-1270,164,-468,-63,44,430,-156,508,430,-258,-282,799,69,69,1,1,0,0,0,0,0,1,1,0,5,25543,11938,37566,2029363,0,0,0,4342229,6386416,0,246,203,0,0,1000,1000,6861552
MPCTASK: EXP,2,248,12394,-253,-32,446,151,814,-14,-1459,279,-368,-110,143,430,-98,608,430,-256,-202,1097,69,69,1,1,0,0,0,0,0,1,1,0,5,21866,9402,31341,1598193,0,0,0,3717190,5328001,0,248,205,0,0,1000,1000,6861552
MPCTASK: EXP,2,250,12497,-233,53,443,146,1026,-49,-1136,58,-293,-166,289,430,-29,689,430,-266,-263,815,69,69,1,1,0,0,0,0,0,1,1,0,5,23265,11103,34907,1887326,0,0,0,3954981,5934347,0,250,207,0,0,1000,1000,6861552
MPCTASK: EXP,2,252,12600,-210,151,434,181,1163,-54,-634,-246,-218,-213,463,430,46,742,430,-276,-90,678,69,69,1,1,0,0,0,0,0,1,1,0,5,23856,13965,38006,2373863,0,0,0,4055569,6461057,0,252,209,0,0,1000,1000,6861552
MPCTASK: EXP,2,254,12696,-176,247,429,274,1188,-18,-153,-491,-120,-234,644,430,125,761,430,-274,-145,560,69,69,1,1,0,0,0,0,0,1,1,0,5,22111,11030,33434,1875028,0,0,0,3758845,5683857,0,254,211,0,0,1000,1000,6861552
MPCTASK: EXP,2,256,12795,-136,351,429,382,1158,11,174,-545,-26,-219,814,429,186,773,429,-270,-130,580,69,69,1,1,0,0,0,0,0,1,1,0,5,22288,10466,33364,1779185,0,0,0,3788878,5671998,0,256,213,0,0,1000,1000,6861552
MPCTASK: EXP,2,258,12896,-83,439,433,491,1050,23,558,-448,52,-165,956,429,234,745,429,-266,-95,603,69,69,1,1,0,0,0,0,0,1,1,0,5,21772,11602,33448,1972242,0,0,0,3701129,5686160,0,258,215,0,0,1000,1000,6861552
MPCTASK: EXP,2,260,13003,1,552,436,612,965,1,819,-206,107,-76,1062,429,281,742,429,-263,-162,666,69,69,1,1,0,0,0,0,0,1,1,0,5,26770,13250,40332,2252557,0,0,0,4550810,6856510,0,260,217,0,0,1000,1000,6861552
MPCTASK: EXP,2,262,13096,76,604,436,644,732,-22,1111,159,157,37,1125,429,285,653,429,-268,-208,823,69,69,1,1,0,0,0,0,0,1,1,0,5,22515,11289,33877,1919015,0,0,0,3827542,5759178,0,262,219,0,0,1000,1000,6861552
MPCTASK: EXP,2,264,13195,152,658,432,625,514,-55,1267,469,199,160,1145,429,269,573,429,-278,-258,990,69,69,1,1,0,0,0,0,0,1,1,0,5,21745,10839,32919,1842588,0,0,0,3696481,5596200,0,264,221,0,0,1000,1000,6861552
MPCTASK: EXP,2,266,13300,224,659,424,549,207,-62,1355,795,200,276,1122,429,230,435,429,-287,-256,1108,69,69,1,1,0,0,0,0,0,1,1,0,5,26971,9748,36791,1656953,0,0,0,4585025,6254592,0,266,223,0,0,1000,1000,6861552
MPCTASK: EXP,2,268,13395,281,634,420,410,-95,-42,1251,1038,197,372,1060,429,170,293,429,-287,-271,921,69,69,1,1,0,0,0,0,0,1,1,0,5,21355,11304,32732,1921609,0,0,0,3630198,5564505,0,268,225,0,0,1000,1000,6861552
MPCTASK: EXP,2,270,13496,325,601,415,231,-330,-35,1047,1292,187,432,964,429,97,169,429,-291,-200,985,69,69,1,1,0,0,0,0,0,1,1,0,5,22166,11270,33654,1915712,0,0,0,3768153,5721239,0,270,227,0,0,1000,1000,6861552
MPCTASK: EXP,2,272,13594,370,518,414,40,-580,-21,907,1400,142,450,839,429,41,4,429,-290,-207,1071,69,69,1,1,0,0,0,0,0,1,1,0,5,21641,10248,31970,1742081,0,0,0,3678918,5434853,0,272,229,0,0,1000,1000,6861552
MPCTASK: EXP,2,274,13700,363,453,412,-208,-730,-8,678,1495,171,421,691,429,-51,-111,429,-288,-227,1142,69,69,1,1,0,0,0,0,0,1,1,0,5,24017,13721,37811,2332461,0,0,0,4082785,6428024,0,274,231,0,0,1000,1000,6861552
MPCTASK: EXP,2,276,13796,324,380,414,-469,-835,13,491,1361,224,347,525,429,-139,-221,429,-285,-214,988,69,69,1,1,0,0,0,0,0,1,1,0,5,21440,12172,33686,2069272,0,0,0,3644757,5726642,0,276,233,0,0,1000,1000,6861552
MPCTASK: EXP,2,278,13896,294,313,416,-634,-888,17,466,1126,246,235,346,429,-177,-317,429,-283,-120,887,69,69,1,1,0,0,0,0,0,1,1,0,5,21179,11516,32905,1957735,0,0,0,3600273,5593881,0,278,235,0,0,1000,1000,6861552
MPCTASK: EXP,2,280,13996,232,254,422,-779,-919,34,467,874,292,95,159,429,-215,-393,429,-277,-166,684,69,69,1,1,0,0,0,0,0,1,1,0,5,21674,12004,33750,2040531,0,0,0,3684465,5737605,0,280,237,0,0,1000,1000,6861552
MPCTASK: EXP,2,282,14097,154,189,425,-875,-952,20,446,455,356,-58,-30,429,-231,-465,429,-274,-133,549,69,69,1,1,0,0,0,0,0,1,1,0,5,22033,12868,34976,2187519,0,0,0,3745541,5945989,0,282,239,0,0,1000,1000,6861552
MPCTASK: EXP,2,284,14196,111,124,430,-834,-962,17,408,113,348,-211,-218,429,-185,-521,429,-269,2,690,69,69,1,1,0,0,0,0,0,1,1,0,5,22707,11381,34165,1934569,0,0,0,3860126,5808219,0,284,241,0,0,1000,1000,6861552
MPCTASK: EXP,2,286,14296,22,40,429,-837,-999,-4,375,-217,267,-346,-400,429,-177,-594,429,-270,-131,523,69,69,1,1,0,0,0,0,0,1,1,0,5,22616,10764,33590,1829695,0,0,0,3844617,5710360,0,286,243,0,0,1000,1000,6861552
MPCTASK: EXP,2,288,14396,-55,-35,435,-748,-1018,40,419,-817,86,-451,-571,429,-123,-650,429,-264,-133,673,69,69,1,1,0,0,0,0,0,1,1,0,5,20344,12799,33220,2175608,0,0,0,3458469,5647569,0,288,245,0,0,1000,1000,6861552
MPCTASK: EXP,2,290,14495,-111,-116,447,-557,-1043,66,295,-1204,-240,-516,-729,429,-53,-693,429,-252,-239,745,69,69,1,1,0,0,0,0,0,1,1,0,5,23032,9730,32835,1654044,0,0,0,3915445,5582101,0,290,247,0,0,1000,1000,6861552
MPCTASK: EXP,2,292,14597,-158,-213,455,-355,-1060,43,-108,-1262,-500,-533,-868,429,0,-723,429,-244,-184,818,69,69,1,1,0,0,0,0,0,1,1,0,5,23670,11246,34994,1911755,0,0,0,4023898,5949168,0,292,249,0,0,1000,1000,6861552
MPCTASK: EXP,2,294,14698,-183,-309,458,-146,-1021,-10,-303,-1258,-577,-502,-986,429,56,-746,429,-243,-20,1070,69,69,1,1,0,0,0,0,0,1,1,0,5,23634,11317,35162,1923829,0,0,0,4017754,5977612,0,294,251,0,0,1000,1000,6861552
MPCTASK: EXP,2,296,14793,-184,-397,454,74,-974,-69,-210,-1363,-537,-424,-1081,429,123,-767,429,-259,-93,1347,69,69,1,1,0,0,0,0,0,1,1,0,5,20229,9790,30091,1664179,0,0,0,3438873,5115667,0,296,253,0,0,1000,1000,6861552
MPCTASK: EXP,2,298,14896,-182,-469,448,270,-905,-76,-315,-1274,-469,-308,-1148,429,157,-749,429,-266,-298,985,69,69,1,1,0,0,0,0,0,1,1,0,5,24005,9794,33872,1664912,0,0,0,4080777,5758301,0,298,255,0,0,1000,1000,6861552
MPCTASK: EXP,2,300,14996,-163,-543,442,447,-816,-83,-592,-1076,-382,-165,-1188,429,173,-719,429,-274,-256,846,69,69,1,1,0,0,0,0,0,1,1,0,5,22956,10508,33542,1786386,0,0,0,3902333,5702205,0,300,257,0,0,1000,1000,6861552
MPCTASK: EXP,2,302,15096,-124,-605,434,590,-680,-72,-794,-785,-245,-9,-1199,429,180,-662,429,-279,-144,711,69,69,1,1,0,0,0,0,0,1,1,0,5,22269,10857,33456,1845600,0,0,0,3785561,5687693,0,302,259,0,0,1000,1000,6861552
MPCTASK: EXP,2,304,15195,-82,-646,434,648,-471,-9,-1165,-252,58,144,-1181,429,143,-562,429,-267,-161,867,69,69,1,1,0,0,0,0,0,1,1,0,5,22565,9557,32645,1624672,0,0,0,3835914,5549656,0,304,261,0,0,1000,1000,6861552
MPCTASK: EXP,2,306,15295,-43,-680,437,602,-248,-4,-1386,130,420,280,-1134,429,84,-463,429,-263,-329,907,69,69,1,1,0,0,0,0,0,1,1,0,5,21065,11583,32721,1969103,0,0,0,3580849,5562564,0,306,263,0,0,1000,1000,6861552
MPCTASK: EXP,2,308,15396,-15,-684,438,477,9,-39,-1607,478,729,386,-1059,429,0,-332,429,-269,-412,1088,69,69,1,1,0,0,0,0,0,1,1,0,5,22756,10734,33871,1824698,0,0,0,3868381,5758248,0,308,265,0,0,1000,1000,6861552
MPCTASK: EXP,2,310,15495,4,-665,437,302,287,-47,-1678,678,932,450,-959,429,-87,-195,429,-272,-228,1355,69,69,1,1,0,0,0,0,0,1,1,0,5,20923,11157,32152,1896561,0,0,0,3556830,5466013,0,310,267,0,0,1000,1000,6861552
MPCTASK: EXP,2,312,15591,0,-616,431,87,570,-74,-1664,805,1039,467,-835,429,-187,-41,429,-283,-332,1312,69,69,1,1,0,0,0,0,0,1,1,0,5,19651,8605,28329,1462830,0,0,0,3340550,4815997,0,312,269,0,0,1000,1000,6861552
MPCTASK: EXP,2,314,15699,-35,-533,422,-161,843,-81,-1390,806,1013,435,-690,429,-293,115,429,-293,-332,1008,69,69,1,1,0,0,0,0,0,1,1,0,5,24985,11633,36691,1977508,0,0,0,4247405,6237526,0,314,271,0,0,1000,1000,6861552
MPCTASK: EXP,2,316,15800,-65,-435,415,-345,1032,-31,-766,707,950,357,-529,429,-354,234,429,-290,-120,731,69,69,1,1,0,0,0,0,0,1,1,0,5,24580,12665,37653,2152954,0,0,0,4178368,6401204,0,316,273,0,0,1000,1000,6861552
MPCTASK: EXP,2,318,15900,-135,-337,414,-516,1096,8,-261,482,914,241,-355,429,-419,328,429,-285,-157,574,69,69,1,1,0,0,0,0,0,1,1,0,5,25137,11477,36687,1951061,0,0,0,4273110,6236784,0,318,275,0,0,1000,1000,6861552
MPCTASK: EXP,2,320,15997,-181,-266,415,-558,1033,27,79,71,810,97,-173,429,-407,371,429,-284,-102,466,69,69,1,1,0,0,0,0,0,1,1,0,5,23579,11035,34689,1875882,0,0,0,4008405,5897093,0,320,277,0,0,1000,1000,6861552
MPCTASK: EXP,2,322,16097,-259,-182,423,-574,973,57,245,-372,628,-58,13,429,-400,429,429,-276,-136,520,69,69,1,1,0,0,0,0,0,1,1,0,5,24054,10438,34565,1773565,0,0,0,4089065,5876264,0,322,279,0,0,1000,1000,6861552
MPCTASK: EXP,2,324,16200,-319,-112,431,-493,903,31,32,-762,387,-212,199,429,-353,489,429,-268,-168,635,69,69,1,1,0,0,0,0,0,1,1,0,5,24728,12974,38010,2205453,0,0,0,4203649,6461900,0,324,281,0,0,1000,1000,6861552
MPCTASK: EXP,2,326,16297,-363,-53,434,-369,881,24,-234,-1008,150,-348,380,429,-284,541,429,-265,-224,704,69,69,1,1,0,0,0,0,0,1,1,0,5,24421,10634,35135,1807735,0,0,0,4151553,5973029,0,326,283,0,0,1000,1000,6861552
MPCTASK: EXP,2,328,16395,-388,22,438,-148,891,3,-334,-1264,-49,-454,552,429,-183,597,429,-261,-66,1023,69,69,1,1,0,0,0,0,0,1,1,0,5,21690,11010,32772,1871596,0,0,0,3687169,5571384,0,328,285,0,0,1000,1000,6861552
MPCTASK: EXP,2,330,16500,-381,97,434,83,922,-45,-453,-1220,-135,-518,709,429,-79,652,429,-274,-85,1108,69,69,1,1,0,0,0,0,0,1,1,0,5,26964,10407,37673,1769207,0,0,0,4583893,6404484,0,330,287,0,0,1000,1000,6861552
MPCTASK: EXP,2,332,16597,-351,161,425,312,934,-57,-396,-1138,-143,-535,849,429,28,676,429,-286,-128,1032,69,69,1,1,0,0,0,0,0,1,1,0,5,22590,12186,35236,2071602,0,0,0,3840293,5990249,0,332,289,0,0,1000,1000,6861552
MPCTASK: EXP,2,334,16698,-294,234,413,530,960,-57,-271,-931,-118,-503,968,429,131,699,429,-298,-205,802,69,69,1,1,0,0,0,0,0,1,1,0,5,22472,10826,33679,1840215,0,0,0,3820153,5725514,0,334,291,0,0,1000,1000,6861552
MPCTASK: EXP,2,336,16801,-235,319,406,674,948,-9,-27,-607,-58,-425,1063,429,195,708,429,-295,-89,705,69,69,1,1,0,0,0,0,0,1,1,0,5,25158,11004,36234,1870493,0,0,0,4276893,6159842,0,336,293,0,0,1000,1000,6861552
MPCTASK: EXP,2,338,16900,-147,391,408,795,892,41,234,-351,4,-308,1131,429,261,687,429,-291,-121,549,69,69,1,1,0,0,0,0,0,1,1,0,5,27244,8698,36015,1478606,0,0,0,4631393,6122614,0,338,295,0,0,1000,1000,6861552
MPCTASK: EXP,2,340,16999,-46,467,413,869,814,55,461,-13,40,-165,1171,429,303,663,429,-286,-150,557,69,69,1,1,0,0,0,0,0,1,1,0,5,22323,12705,35385,2159716,0,0,0,3794867,6015562,0,340,297,0,0,1000,1000,6861552
MPCTASK: EXP,2,342,17099,25,517,423,813,661,68,741,397,65,-9,1183,429,277,593,429,-276,-129,649,69,69,1,1,0,0,0,0,0,1,1,0,5,23165,10647,33887,1809966,0,0,0,3937963,5760849,0,342,299,0,0,1000,1000,6861552
MPCTASK: EXP,2,344,17194,109,568,431,743,507,32,931,683,83,144,1164,429,253,526,429,-268,-200,676,69,69,1,1,0,0,0,0,0,1,1,0,5,19303,10543,29920,1792306,0,0,0,3281374,5086405,0,344,301,0,0,1000,1000,6861552
MPCTASK: EXP,2,346,17296,147,589,436,557,296,-10,1092,1017,130,281,1117,429,162,425,429,-265,-84,873,69,69,1,1,0,0,0,0,0,1,1,0,5,21846,10326,32246,1755263,0,0,0,3713756,5481904,0,346,303,0,0,1000,1000,6861552
MPCTASK: EXP,2,348,17397,220,581,433,425,55,-46,1130,1145,144,386,1043,429,124,299,429,-275,-98,946,69,69,1,1,0,0,0,0,0,1,1,0,5,21048,12369,33499,2102701,0,0,0,3578137,5694837,0,348,305,0,0,1000,1000,6861552
MPCTASK: EXP,2,350,17497,247,619,425,214,-66,-60,1065,1339,177,451,942,429,32,249,429,-286,-169,1100,69,69,1,1,0,0,0,0,0,1,1,0,5,24596,8112,32781,1378877,0,0,0,4181321,5572813,0,350,307,0,0,1000,1000,6861552
MPCTASK: EXP,2,352,17596,263,595,420,-16,-292,-48,1235,1364,171,467,818,429,-44,113,429,-288,-147,1100,69,69,1,1,0,0,0,0,0,1,1,0,5,21547,9501,31622,1615233,0,0,0,3662997,5375812,0,352,309,0,0,1000,1000,6861552
MPCTASK: EXP,2,354,17698,260,524,413,-236,-581,-54,1263,1304,130,435,674,429,-121,-57,429,-297,-112,1126,69,69,1,1,0,0,0,0,0,1,1,0,5,21054,12829,33956,2180833,0,0,0,3579165,5772612,0,354,311,0,0,1000,1000,6861552
MPCTASK: EXP,2,356,17799,238,458,410,-435,-792,-18,1040,1196,136,357,512,429,-186,-185,429,-293,-87,1012,69,69,1,1,0,0,0,0,0,1,1,0,5,23933,11214,35229,1906284,0,0,0,4068478,5989089,0,356,313,0,0,1000,1000,6861552
MPCTASK: EXP,2,358,17897,228,357,411,-568,-986,23,827,972,108,241,338,429,-198,-329,429,-288,-170,753,69,69,1,1,0,0,0,0,0,1,1,0,5,22545,9624,32242,1635916,0,0,0,3832661,5481196,0,358,315,0,0,1000,1000,6861552
MPCTASK: EXP,2,360,17997,185,280,416,-679,-1056,49,451,782,127,97,156,429,-218,-403,429,-283,-190,643,69,69,1,1,0,0,0,0,0,1,1,0,5,20945,10869,32091,1847737,0,0,0,3560577,5455485,0,360,317,0,0,1000,1000,6861552
MPCTASK: EXP,2,362,18102,158,176,423,-714,-1101,57,199,517,117,-58,-30,429,-190,-495,429,-276,-137,564,69,69,1,1,0,0,0,0,0,1,1,0,5,26148,11392,37614,1936535,0,0,0,4445181,6394337,0,362,319,0,0,1000,1000,6861552
MPCTASK: EXP,2,364,18196,98,100,430,-758,-1075,54,33,271,163,-212,-216,429,-184,-545,429,-269,-54,558,69,69,1,1,0,0,0,0,0,1,1,0,5,21382,9610,31449,1633693,0,0,0,3634845,5346394,0,364,321,0,0,1000,1000,6861552
MPCTASK: EXP,2,366,18302,26,-15,436,-752,-1071,42,-12,-153,191,-348,-397,429,-156,-629,429,-263,-86,469,69,69,1,1,0,0,0,0,0,1,1,0,5,25981,10083,36139,1713957,0,0,0,4416405,6143689,0,366,323,0,0,1000,1000,6861552
MPCTASK: EXP,2,368,18401,-35,-88,441,-672,-1002,28,-53,-539,186,-454,-569,429,-108,-655,429,-258,-74,602,69,69,1,1,0,0,0,0,0,1,1,0,5,22327,12803,35205,2152973,0,0,0,3795381,5984932,0,368,325,0,0,1000,1000,6861552
MPCTASK: EXP,2,370,18502,-99,-169,452,-560,-964,54,106,-903,69,-518,-726,429,-59,-701,429,-247,-188,631,69,69,1,1,0,0,0,0,0,1,1,0,5,26810,8796,36059,1495230,0,0,0,4557549,6130199,0,370,327,0,0,1000,1000,6861552
MPCTASK: EXP,2,372,18600,-140,-232,456,-401,-935,2,147,-1243,-78,-535,-866,429,2,-721,429,-243,-212,830,69,69,1,1,0,0,0,0,0,1,1,0,5,22462,12391,34938,2106412,0,0,0,3818528,5939437,0,372,329,0,0,1000,1000,6861552
MPCTASK: EXP,2,374,18702,-169,-315,457,-157,-925,-44,50,-1427,-291,-503,-985,429,73,-742,429,-251,-160,1173,69,69,1,1,0,0,0,0,0,1,1,0,5,24949,10587,35610,1799742,0,0,0,4241305,6053662,0,374,331,0,0,1000,1000,6861552
MPCTASK: EXP,2,376,18803,-177,-387,447,79,-895,-78,-96,-1418,-389,-425,-1080,429,130,-745,429,-267,-155,1382,69,69,1,1,0,0,0,0,0,1,1,0,5,20294,16148,36519,2744955,0,0,0,3449894,6208350,0,376,333,0,0,1000,1000,6861552
MPCTASK: EXP,2,378,18901,-161,-461,439,307,-854,-67,-305,-1221,-472,-308,-1148,429,176,-731,429,-273,-267,960,69,69,1,1,0,0,0,0,0,1,1,0,5,25237,9781,35090,1662664,0,0,0,4290225,5965511,0,378,335,0,0,1000,1000,6861552
MPCTASK: EXP,2,380,19000,-137,-519,435,469,-775,-29,-487,-965,-622,-165,-1188,429,193,-699,429,-270,-82,865,69,69,1,1,0,0,0,0,0,1,1,0,5,21969,11859,33906,2016041,0,0,0,3734673,5764046,0,380,337,0,0,1000,1000,6861552
MPCTASK: EXP,2,382,19102,-85,-588,436,625,-666,24,-695,-623,-623,-9,-1199,429,209,-650,429,-263,12,742,69,69,1,1,0,0,0,0,0,1,1,0,5,26455,8585,35450,1459378,0,0,0,4497198,6026497,0,382,339,0,0,1000,1000,6861552
MPCTASK: EXP,2,384,19199,-45,-619,441,646,-461,18,-1179,65,-428,144,-1181,429,151,-537,429,-258,-89,898,69,69,1,1,0,0,0,0,0,1,1,0,5,22079,9636,31982,1638063,0,0,0,3753393,5437022,0,384,341,0,0,1000,1000,6861552
MPCTASK: EXP,2,386,19301,-11,-636,446,558,-207,-7,-1357,458,-206,281,-1134,429,82,-427,429,-254,-284,908,69,69,1,1,0,0,0,0,0,1,1,0,5,25330,9047,34451,1537911,0,0,0,4306129,5856657,0,386,343,0,0,1000,1000,6861552
MPCTASK: EXP,2,388,19398,11,-630,444,442,16,-40,-1164,570,-17,386,-1060,429,10,-322,429,-263,-256,817,69,69,1,1,0,0,0,0,0,1,1,0,5,20808,10959,31841,1862989,0,0,0,3537277,5413042,0,388,345,0,0,1000,1000,6861552
MPCTASK: EXP,2,390,19500,31,-609,439,269,249,-52,-1236,832,316,451,-959,429,-81,-190,429,-270,-268,860,69,69,1,1,0,0,0,0,0,1,1,0,5,22097,9973,32143,1695399,0,0,0,3756331,5464341,0,390,347,0,0,1000,1000,6861552
MPCTASK: EXP,2,392,19600,21,-575,433,51,463,-82,-1396,1002,596,467,-835,429,-189,-54,429,-283,-234,1102,69,69,1,1,0,0,0,0,0,1,1,0,5,22092,10494,32659,1784013,0,0,0,3755537,5552161,0,392,349,0,0,1000,1000,6861552
MPCTASK: EXP,2,394,19701,-14,-508,431,-196,696,-45,-1151,859,639,435,-690,429,-285,81,429,-277,-240,801,69,69,1,1,0,0,0,0,0,1,1,0,5,24987,8600,33668,1461961,0,0,0,4247641,5723524,0,394,351,0,0,1000,1000,6861552
MPCTASK: EXP,2,396,19800,-67,-460,424,-386,817,-43,-992,685,646,357,-529,429,-364,178,429,-284,-207,749,69,69,1,1,0,0,0,0,0,1,1,0,5,21756,11343,33381,1928317,0,0,0,3698333,5674764,0,396,353,0,0,1000,1000,6861552
MPCTASK: EXP,2,398,19906,-124,-342,419,-528,1007,-13,-675,438,608,241,-355,429,-416,328,429,-282,-118,662,69,69,1,1,0,0,0,0,0,1,1,0,5,28933,9006,38082,1531069,0,0,0,4918469,6474048,0,398,355,0,0,1000,1000,6861552
MPCTASK: EXP,2,400,20003,-200,-258,419,-626,1058,11,-323,47,525,97,-173,429,-437,405,429,-280,-30,639,69,69,1,1,0,0,0,0,0,1,1,0,5,22817,12477,35381,2120980,0,0,0,3878809,6014822,0,400,357,0,0,1000,1000,6861552
MPCTASK: EXP,2,402,20101,-265,-168,426,-600,1062,53,-79,-463,391,-58,13,429,-407,480,429,-273,-144,536,69,69,1,1,0,0,0,0,0,1,1,0,5,25508,7952,33868,1351737,0,0,0,4336325,5757646,0,402,359,0,0,1000,1000,6861552
MPCTASK: EXP,2,404,20203,-310,-107,436,-495,1004,61,18,-805,257,-212,199,429,-344,515,429,-263,-116,663,69,69,1,1,0,0,0,0,0,1,1,0,5,22704,11599,34377,1971821,0,0,0,3859621,5844138,0,404,361,0,0,1000,1000,6861552
MPCTASK: EXP,2,406,20301,-347,-24,440,-313,955,6,-47,-1018,100,-348,380,429,-260,570,429,-259,-100,805,69,69,1,1,0,0,0,0,0,1,1,0,5,21156,10498,31727,1784550,0,0,0,3596449,5393613,0,406,363,0,0,1000,1000,6861552
MPCTASK: EXP,2,408,20401,-355,46,439,-109,929,-24,-202,-1079,-40,-454,552,429,-160,618,429,-265,-116,878,69,69,1,1,0,0,0,0,0,1,1,0,5,17822,13502,31396,2295165,0,0,0,3029709,5337325,0,408,365,0,0,1000,1000,6861552
MPCTASK: EXP,2,410,20501,-341,118,436,107,930,-23,-311,-1052,-175,-518,709,429,-53,662,429,-268,-50,943,69,69,1,1,0,0,0,0,0,1,1,0,5,21887,9081,31514,1543648,0,0,0,3720669,5357395,0,410,367,0,0,1000,1000,6861552
MPCTASK: EXP,2,412,20603,-303,186,425,325,927,-52,-317,-982,-283,-535,849,429,58,687,429,-285,-78,954,69,69,1,1,0,0,0,0,0,1,1,0,5,21264,11712,33052,1990902,0,0,0,3614733,5618970,0,412,369,0,0,1000,1000,6861552
MPCTASK: EXP,2,414,20704,-249,251,418,510,929,-27,-215,-825,-345,-503,968,429,153,700,429,-286,-92,799,69,69,1,1,0,0,0,0,0,1,1,0,5,24266,10859,35197,1845889,0,0,0,4125221,5983566,0,414,371,0,0,1000,1000,6861552
MPCTASK: EXP,2,416,20801,-174,320,415,677,900,5,-10,-587,-339,-424,1063,429,237,694,429,-284,-140,617,69,69,1,1,0,0,0,0,0,1,1,0,5,21716,9590,31612,1630200,0,0,0,3691549,5374041,0,416,373,0,0,1000,1000,6861552
MPCTASK: EXP,2,418,20901,-85,389,414,791,844,17,182,-283,-281,-308,1131,429,298,677,429,-285,-128,514,69,69,1,1,0,0,0,0,0,1,1,0,5,23833,8331,32237,1416115,0,0,0,4051557,5480249,0,418,375,0,0,1000,1000,6861552
MPCTASK: EXP,2,420,21003,1,458,417,819,769,38,382,120,-196,-165,1171,429,317,650,429,-282,-135,532,69,69,1,1,0,0,0,0,0,1,1,0,5,20574,12684,33329,2156120,0,0,0,3497453,5666038,0,420,377,0,0,1000,1000,6861552
MPCTASK: EXP,2,422,21104,92,517,424,791,659,41,631,454,-89,-8,1183,429,314,599,429,-275,-165,586,69,69,1,1,0,0,0,0,0,1,1,0,5,25285,9692,35189,1647583,0,0,0,4298449,5982166,0,422,379,0,0,1000,1000,6861552
MPCTASK: EXP,2,424,21205,160,561,433,680,508,28,847,772,32,144,1165,429,268,527,429,-266,-163,656,69,69,1,1,0,0,0,0,0,1,1,0,5,22574,12931,35586,2198124,0,0,0,3837419,6049694,0,424,381,0,0,1000,1000,6861552
MPCTASK: EXP,2,426,21305,234,596,434,532,314,-21,991,1054,149,280,1118,429,215,440,429,-270,-147,792,69,69,1,1,0,0,0,0,0,1,1,0,5,25602,9399,35081,1597770,0,0,0,4352167,5963828,0,426,383,0,0,1000,1000,6861552
MPCTASK: EXP,2,428,21405,269,609,431,347,132,-56,1041,1251,244,386,1043,429,134,345,429,-280,-101,1061,69,69,1,1,0,0,0,0,0,1,1,0,5,21729,11378,33813,1934216,0,0,0,3693973,5748205,0,428,385,0,0,1000,1000,6861552
MPCTASK: EXP,2,430,21506,290,610,423,128,-76,-72,1129,1317,311,449,943,429,47,232,429,-291,-63,1279,69,69,1,1,0,0,0,0,0,1,1,0,5,25873,9589,35534,1630164,0,0,0,4398229,6040846,0,430,387,0,0,1000,1000,6861552
MPCTASK: EXP,2,432,21602,292,588,417,-93,-302,-51,1156,1318,336,466,820,429,-39,107,429,-293,-55,1218,69,69,1,1,0,0,0,0,0,1,1,0,5,21286,10236,31596,1740072,0,0,0,3618585,5371406,0,432,389,0,0,1000,1000,6861552
MPCTASK: EXP,2,434,21705,275,545,414,-304,-528,-25,1137,1226,352,433,676,429,-116,-28,429,-290,-101,991,69,69,1,1,0,0,0,0,0,1,1,0,5,25549,9339,34968,1587513,0,0,0,4343178,5944608,0,434,391,0,0,1000,1000,6861552
MPCTASK: EXP,2,436,21801,237,483,409,-493,-740,-11,1081,1040,370,355,515,429,-182,-165,429,-292,-183,856,69,69,1,1,0,0,0,0,0,1,1,0,5,20624,9202,30371,1564415,0,0,0,3506133,5163042,0,436,393,0,0,1000,1000,6861552
MPCTASK: EXP,2,438,21907,201,430,410,-599,-875,15,956,763,385,239,340,429,-203,-263,429,-289,-216,739,69,69,1,1,0,0,0,0,0,1,1,0,5,26898,9674,36645,1644581,0,0,0,4572609,6229801,0,438,395,0,0,1000,1000,6861552
MPCTASK: EXP,2,440,22002,120,363,412,-716,-986,23,763,506,376,96,157,429,-249,-355,429,-287,-164,675,69,69,1,1,0,0,0,0,0,1,1,0,5,21798,9644,31516,1639397,0,0,0,3705625,5357793,0,440,397,0,0,1000,1000,6861552
MPCTASK: EXP,2,442,22104,77,252,420,-716,-1113,49,566,136,306,-58,-30,429,-220,-471,429,-279,-157,575,69,69,1,1,0,0,0,0,0,1,1,0,5,24712,9155,33952,1556352,0,0,0,4201005,5771847,0,442,399,0,0,1000,1000,6861552
MPCTASK: EXP,2,444,22204,21,139,425,-693,-1182,35,231,-64,235,-209,-219,429,-201,-556,429,-274,-115,485,69,69,1,1,0,0,0,0,0,1,1,0,5,22701,11008,33787,1871326,0,0,0,3859016,5743862,0,444,401,0,0,1000,1000,6861552
MPCTASK: EXP,2,446,22302,-11,56,433,-597,-1122,39,-109,-320,150,-342,-404,429,-140,-575,429,-266,-46,579,69,69,1,1,0,0,0,0,0,1,1,0,5,22171,9784,32033,1637208,0,0,0,3769033,5445815,0,446,403,0,0,1000,1000,6861552
MPCTASK: EXP,2,448,22405,-75,-50,439,-545,-1086,32,-163,-478,79,-444,-579,429,-124,-625,429,-260,-92,565,69,69,1,1,0,0,0,0,0,1,1,0,5,24005,11071,35151,1881890,0,0,0,4080873,5975780,0,448,405,0,0,1000,1000,6861552
MPCTASK: EXP,2,450,22504,-118,-130,444,-430,-1011,19,-97,-757,9,-505,-741,429,-80,-635,429,-255,-79,677,69,69,1,1,0,0,0,0,0,1,1,0,5,23875,8965,33200,1523990,0,0,0,4058613,5644050,0,450,407,0,0,1000,1000,6861552
MPCTASK: EXP,2,452,22603,-152,-210,447,-287,-957,-2,-112,-964,-105,-519,-885,429,-44,-635,429,-252,-61,807,69,69,1,1,0,0,0,0,0,1,1,0,5,19649,11949,31674,2031339,0,0,0,3340241,5384576,0,452,409,0,0,1000,1000,6861552
MPCTASK: EXP,2,454,22707,-171,-284,447,-120,-904,-24,-155,-1021,-307,-486,-1005,429,-13,-618,429,-257,-99,836,69,69,1,1,0,0,0,0,0,1,1,0,5,25505,9688,35265,1646873,0,0,0,4335797,5995280,0,454,411,0,0,1000,1000,6861552
MPCTASK: EXP,2,456,22806,-183,-354,446,46,-832,2,-431,-983,-544,-411,-1096,429,0,-575,429,-253,-173,723,69,69,1,1,0,0,0,0,0,1,1,0,5,24559,10148,34779,1724982,0,0,0,4175009,5912446,0,456,413,0,0,1000,1000,6861552
MPCTASK: EXP,2,458,22903,-183,-414,449,189,-714,41,-710,-767,-690,-304,-1153,429,-4,-512,429,-250,-172,602,69,69,1,1,0,0,0,0,0,1,1,0,5,23147,9301,32520,1580964,0,0,0,3935025,5528442,0,458,415,0,0,1000,1000,6861552
MPCTASK: EXP,2,460,23001,-170,-467,450,280,-572,-11,-876,-447,-660,-179,-1173,429,-19,-453,429,-252,-163,651,69,69,1,1,0,0,0,0,0,1,1,0,5,18615,10849,29536,1844203,0,0,0,3164493,5021154,0,460,417,0,0,1000,1000,6861552
MPCTASK: EXP,2,462,23107,-157,-501,452,309,-384,-12,-1122,-113,-574,-51,-1152,429,-48,-378,429,-249,-200,779,69,69,1,1,0,0,0,0,0,1,1,0,5,27775,8017,35868,1362710,0,0,0,4721761,6097752,0,462,419,0,0,1000,1000,6861552
MPCTASK: EXP,2,464,23203,-144,-518,451,286,-165,-47,-1276,236,-430,64,-1089,429,-68,-325,429,-257,-286,911,69,69,1,1,0,0,0,0,0,1,1,0,5,22676,8954,31702,1522186,0,0,0,3854793,5389426,0,464,421,0,0,1000,1000,6861552
MPCTASK: EXP,2,466,23305,-132,-509,446,216,82,-84,-1243,389,-290,151,-984,429,-88,-258,429,-270,-304,961,69,69,1,1,0,0,0,0,0,1,1,0,5,24528,8484,33465,1442063,0,0,0,4169569,5689043,0,466,423,0,0,1000,1000,6861552
MPCTASK: EXP,2,468,23407,-146,-482,436,108,295,-65,-889,268,-220,201,-845,429,-117,-211,429,-276,-184,750,69,69,1,1,0,0,0,0,0,1,1,0,5,22475,11500,34174,1955039,0,0,0,3820661,5809614,0,468,425,0,0,1000,1000,6861552
MPCTASK: EXP,2,470,23504,-159,-447,429,33,432,-46,-661,195,-53,210,-678,429,-128,-181,429,-280,-155,638,69,69,1,1,0,0,0,0,0,1,1,0,5,22868,8260,31340,1404037,0,0,0,3887538,5327864,0,470,427,0,0,1000,1000,6861552
MPCTASK: EXP,2,472,23605,-181,-404,429,-24,510,-6,-236,-29,68,182,-500,430,-127,-174,430,-271,-113,495,69,69,1,1,0,0,0,0,0,1,1,0,5,20935,12265,33274,2085067,0,0,0,3558913,5656560,0,472,429,0,0,1000,1000,6861552
MPCTASK: EXP,2,474,23707,-208,-357,430,-45,517,-21,49,-258,142,126,-327,430,-132,-158,430,-274,-75,540,69,69,1,1,0,0,0,0,0,1,1,0,5,24021,9972,34065,1695059,0,0,0,4083605,5791241,0,474,431,0,0,1000,1000,6861552
MPCTASK: EXP,2,476,23810,-227,-314,431,-14,475,-9,374,-489,106,61,-179,430,-130,-145,430,-270,-96,595,69,69,1,1,0,0,0,0,0,1,1,0,5,24379,13400,37849,2277864,0,0,0,4144357,6434461,0,476,433,0,0,1000,1000,6861552
MPCTASK: EXP,2,478,23909,-241,-279,435,50,383,15,444,-526,7,6,-74,430,-141,-120,430,-264,-29,667,69,69,1,1,0,0,0,0,0,1,1,0,5,25223,11626,36919,1976370,0,0,0,4287761,6276319,0,478,435,0,0,1000,1000,6861552
MPCTASK: EXP,2,480,24007,-238,-254,435,118,298,-14,333,-447,-87,-25,-20,429,-135,-106,429,-267,27,741,69,69,1,1,0,0,0,0,0,1,1,0,5,23614,10895,34905,1852176,0,0,0,4014329,5933973,0,480,437,0,0,1000,1000,6861552
MPCTASK: EXP,2,482,24107,-233,-235,430,176,231,-49,247,-493,-179,-33,-8,429,-102,-126,429,-279,8,759,69,69,1,1,0,0,0,0,0,1,1,0,5,24228,9916,34215,1685614,0,0,0,4118629,5816586,0,482,439,0,0,1000,1000,6861552
MPCTASK: TRAJ DONE: idx=482, max=482; requesting landing
MPCTASK: LANDING: start z=0.42, hold=(-0.22,-0.22)
MPCTASK: TIMING SUMMARY: max_step_cycles=6861552 deadline_cycles=8400000 overruns=0
MPCTASK: POSTHOC SUMMARY: active=483 infeasible=440
MPCTASK: LANDING COMPLETE: t=30374 ms, x=-0.203, y=-0.250, z=0.008, vz=-0.059; motors off
