---
SYS: Crazyflie 2.1 Brushless is up and running!
SYS: Build 2:de14ff9f08ae (2025.09.1 +2) MODIFIED
SYS: I am 0x373930393434471500370039 and I have 1024KB of flash!
CFGBLK: v1, verification [OK]
DECK_DISCOVERY: Backend found: onewire
DECK_DISCOVERY: Backend found: deckctrl
DECK_CORE: 1 deck(s) found
DECK_CORE: Calling INIT on driver bcFlow2 for deck 0
ZR2: Z-down sensor [OK]
PMW: Motion chip id: 0x49:0xB6
IMU: BMI088: Using I2C interface.
IMU: BMI088 Gyro connection [OK].
IMU: BMI088 Accel connection [OK]
IMU: BMP390 I2C connection [OK]
ESTIMATOR: Using Kalman (2) estimator
CONTROLLER: Using PID (1) controller
MTR-DRV: Using brushless motor driver
SYS: About to run tests in system.c.
SYS: NRF51 version: 2026.04 (C21B)
EEPROM: I2C connection [OK].
STORAGE: Storage check [OK].
IMU: BMI088 gyro self-test [OK]
DECK_CORE: Deck 0 test [OK].
SYS: Self test passed!
STAB: Wait for sensor calibration...
SYS: Free heap: 15048 bytes
MPCTASK: Waiting for activation ...
STAB: Starting stabilizer loop
STAB: WARNING: stabilizer loop rate is off (1004)
SUP: Ready to fly
MPCTASK: Benchmark mode 3, maneuver 4, max_iter 5, task_pri 0
MPCTASK: Reference altitude: 0.70 m; barrier skip when z>0.75 and vz>-0.20
MPCTASK: Common baseline: mpc_hz=20 model_hz=20 rho=5 base_w=0 base_qz=1 Qz=100 R=4 bridge=x10 guards=z[ref,ref+0.20] xy=free cap=0.05
MPCTASK: MPC->PID: xyz=x10, z_guard=[ref,ref+0.20], yaw=raw_rz, output_hold=200ms, safety_hold=500ms
MPCTASK: Reference origin: xy=OOT_activation z=0.70 m
MPCTASK: LIMO adaptive: cache=16x4 evals=1 timing=bar/rl/cache_cycles
MPCTASK: EXP every=2: m,s,tms,p3[mm],v3[mmps],att3[cdeg],ref3[mm],cmd3[mm],h/raw/grad/mar/thr[milli],act/ac/bind,wi/qi/cache/noa,pa/pf/du[milli],it,mpc/eval/total[us],bar/tanh/rl/cache/solve/step[cycles],overruns,post_active/post_infeasible_totals,wreq/w/qzreq/qz[milli],max_step_cycles
MPCTASK: Figure8: source=traj_fig8_12.h source_hz=100 samples=1205 laps=2 duration=24.07 s origin=OOT_activation z_offset=0.09 m
CONTROLLER: Using OutOfTree (6) controller
MPCTASK: Trajectory origin: x=0.0 y=-0.04
MPCTASK: OOT activated at z=0.54
MPCTASK: OOT loop 1 done
MPCTASK: MMPCTASK: OOT loop 2 done
PC task loop 1
MPCTASK: OOT loop 3 done
MPCTASK: Benchmark reset: mode=3 maneuver=4
MPCTASK: x0: pos=(0.0,-0.04,0.54) vel=(0.11,0.40,-0.03)
MPCTASK: ref: (0.0,-0.04,0.70)
MPCTASK: SAFE TV mode=3: h=0.0 raw=0.0 grad=0.0 margin=0.0 thr=0.0 active0=0 active_count=0 eval=12666 us
MPCTASK: MPC solve start
MPCTASK: MPC solve done, iter=5
MPCTASK: MPC time=27725 us
MPCTASK: MPC stack free=859 words
MPCTASK: setpoint: x=-0.03 y=0.34 z=0.70 preview_z=0.63
MPCTASK: MPC task loop 2
MPCTASK: MPC task loop 3
MPCTASK: x0: pos=(0.0,-0.02,0.54) vel=(0.09,0.40,-0.05)
MPCTASK: ref: (0.0,-0.04,0.70)
MPCTASK: SAFE TV mode=3: h=0.0 raw=0.0 grad=0.0 margin=0.0 thr=0.0 active0=0 active_count=0 eval=11471 us
MPCTASK: MPC solve start
MPCTASK: MPC solve done, iter=5
MPCTASK: MPC time=26773 us
MPCTASK: EXP,3,2,97,7,-29,545,92,400,-54,182,270,37,4,-43,700,-17,306,700,0,0,0,0,0,0,0,0,15,1,1,1,0,0,0,5,26773,11471,44981,1950037,0,2716,138299,4551300,7646870,0,0,0,992,1000,1080,1133,7897614
MPCTASK: setpoint: x=-0.01 y=0.30 z=0.70 preview_z=0.63
MPCTASK: EXP,3,4,188,11,2,529,51,326,-222,658,229,161,-6,-24,700,35,247,700,0,0,0,0,0,0,0,0,15,1,1,1,0,0,0,5,23517,10012,35521,1702005,0,1795,320575,3997827,6038587,0,0,0,993,1000,1195,1133,7897614
MPCTASK: EXP,3,6,289,17,61,510,31,256,-207,618,143,358,-41,42,700,88,264,700,0,0,0,0,0,0,0,0,15,2,1,1,0,0,0,5,24168,11499,37383,1954648,0,1795,273836,4108488,6355262,0,0,0,993,1000,1268,1266,7897614
MPCTASK: EXP,3,8,392,12,49,499,15,142,32,11,-18,384,-94,161,700,116,232,700,0,0,0,0,0,0,0,0,15,2,1,1,0,0,0,5,25032,13361,39509,2271321,0,1795,150197,4255319,6716658,0,0,0,994,1000,1316,1266,7897614
MPCTASK: EXP,3,10,489,6,48,509,22,146,184,-284,-318,435,-148,320,700,160,229,700,0,0,0,0,0,0,0,0,15,3,1,1,0,0,0,5,21304,13543,36163,2302245,0,2199,107792,3621632,6147795,0,0,0,995,1000,1346,1400,7897614
MPCTASK: Cache level changed: 0 -> 1
MPCTASK: EXP,3,12,594,-2,55,533,64,195,208,-421,-532,565,-187,500,700,184,243,700,-166,-56,1043,69,300,1,3,3,15,3,1,1,0,0,0,5,26880,13357,42040,2270598,0,1795,188070,4569627,7146842,0,0,0,996,1000,1365,1400,7897614
MPCTASK: EXP,3,14,695,41,42,557,201,224,193,-511,-533,621,-194,678,700,251,223,700,-142,37,727,69,300,1,3,3,15,3,1,1,0,0,0,5,27631,13052,41609,2218684,0,86868,23151,4697231,7073518,0,0,0,997,1000,1378,1400,7897614
MPCTASK: EXP,3,16,791,56,78,572,254,328,126,-409,-461,514,-163,839,700,251,255,700,-127,-44,1015,69,300,1,3,3,15,3,1,1,0,0,0,5,24439,11223,36759,1907801,0,1795,23151,4154631,6249083,0,0,0,998,1000,1385,1400,7897614
MPCTASK: EXP,3,18,895,83,120,581,309,394,97,-196,-260,343,-94,968,699,248,277,699,-118,3,883,69,300,1,3,3,15,3,1,1,0,0,0,5,28531,11382,41131,1934885,0,1795,116025,4850215,6992301,0,0,0,998,1000,1390,1400,7897614
MPCTASK: EXP,3,20,995,100,170,590,309,424,98,239,-12,-6,5,1057,699,206,250,699,-109,-2,741,69,300,1,3,3,15,3,1,1,0,0,0,5,28016,11857,40364,2015645,0,1795,60234,4762783,6861925,0,0,0,999,1000,1394,1400,7897614
MPCTASK: EXP,3,22,1092,120,232,603,293,399,118,524,-38,-349,124,1102,699,174,252,699,-96,-20,774,69,300,1,3,3,15,3,1,1,0,0,0,5,24043,12258,36976,2083780,0,1802,91503,4087247,6286240,0,0,0,999,1000,1396,1400,7897614
MPCTASK: EXP,3,24,1188,140,269,619,263,291,121,780,89,-669,247,1104,699,136,209,699,-80,-40,1043,69,300,1,3,3,15,3,1,1,0,0,0,5,22048,10654,33679,1811216,0,1795,88048,3748123,5725607,0,0,0,999,1000,1397,1400,7897614
MPCTASK: EXP,3,26,1296,194,302,631,257,168,99,1085,238,-1073,357,1065,699,141,154,699,-68,10,1530,69,300,1,3,3,15,3,1,1,0,0,0,5,27708,12424,41488,2112060,0,2134,103993,4710360,7053099,0,0,0,998,1000,1398,1400,7897614
MPCTASK: EXP,3,28,1394,223,279,639,172,-41,69,986,525,-1302,439,989,700,90,52,700,-60,-72,1429,69,300,1,3,3,15,3,1,1,0,0,0,5,27971,10856,39402,1845472,0,1957,74896,4755063,6698388,0,0,0,998,1000,1399,1400,7897614
MPCTASK: EXP,3,30,1491,182,275,646,-28,-198,73,968,640,-1236,484,881,700,-26,-14,700,-53,-79,1334,69,300,1,3,3,15,3,1,1,0,0,0,5,23627,11580,36232,1968517,0,1795,151251,4016544,6159464,0,0,0,998,1000,1399,1400,7897614
MPCTASK: EXP,3,32,1595,213,186,650,-140,-397,47,969,486,-1630,483,746,700,-25,-185,700,-49,89,945,69,300,1,3,1,15,3,1,1,0,0,0,5,25978,13093,40317,2225647,0,1795,83545,4416088,6854013,0,0,0,998,1000,1399,1400,7897614
MPCTASK: EXP,3,34,1692,176,140,653,-302,-524,70,733,684,-1765,435,590,700,-115,-257,700,-46,86,794,69,300,1,3,3,15,3,1,1,0,0,0,5,27812,10329,38411,1755875,0,1795,23151,4727955,6529955,0,0,0,997,1000,1399,1400,7897614
MPCTASK: EXP,3,36,1793,166,45,661,-417,-657,74,756,284,-1967,345,418,700,-109,-406,700,-38,98,686,69,300,1,3,3,15,3,1,1,0,0,0,5,26866,11279,38775,1917062,0,2674,84264,4567031,6591835,0,0,0,997,1000,1399,1400,7897614
MPCTASK: EXP,3,38,1890,140,-46,666,-488,-760,60,452,269,-2011,220,236,700,-119,-499,700,-33,23,799,69,300,1,3,3,15,3,1,1,0,0,0,5,23922,10443,35103,1775076,0,1949,81758,4066651,5967630,0,0,0,996,1000,1399,1400,7897614
MPCTASK: EXP,3,40,1992,68,-122,672,-569,-814,72,313,149,-1686,72,47,700,-151,-573,700,-27,28,619,69,300,1,3,2,15,3,1,1,0,0,0,5,24859,12135,38167,2062910,0,66369,111245,4225955,6488485,0,0,0,995,1000,1399,1400,7897614
MPCTASK: EXP,3,42,2085,-9,-179,679,-583,-826,62,53,-217,-1181,-82,-141,700,-153,-601,700,-20,44,598,69,300,1,3,3,15,3,1,1,0,0,0,5,23129,7784,31383,1323241,0,2108,56287,3931851,5335192,0,0,0,994,1000,1399,1400,7897614
MPCTASK: EXP,3,44,2192,-56,-264,688,-517,-816,28,-289,-555,-756,-229,-327,700,-109,-632,700,-11,24,710,69,300,1,3,3,15,3,1,1,0,0,0,5,22716,13630,37341,2316949,0,1796,146301,3861759,6347956,0,0,0,993,1000,1399,1400,7897614
MPCTASK: EXP,3,46,2292,-98,-330,696,-400,-739,19,-418,-787,-394,-354,-506,700,-65,-655,700,-3,-65,1112,69,300,1,3,3,15,3,1,1,0,0,0,5,25178,11021,37381,1873364,0,2199,104982,4280175,6354763,0,0,0,994,1000,1399,1400,7897614
MPCTASK: EXP,3,48,2390,-133,-384,699,-256,-638,-11,-529,-982,-160,-444,-672,700,-19,-645,700,-3,44,1457,69,300,1,3,3,15,3,1,1,0,0,0,5,23431,11297,35380,1920445,0,2065,61805,3983163,6014755,0,0,0,995,1000,1399,1400,7897614
MPCTASK: EXP,3,50,2492,-139,-424,692,-67,-534,-59,-411,-1070,-50,-490,-823,700,57,-640,700,-18,167,1369,69,300,1,3,3,15,3,1,1,0,0,0,5,27533,7622,37791,1295717,0,1795,131499,4680579,6424576,0,0,0,996,1000,1399,1400,7897614
MPCTASK: EXP,3,52,2589,-127,-457,682,133,-442,-60,-318,-1013,-26,-488,-954,700,132,-623,700,-29,92,1582,69,300,1,3,3,15,3,1,1,0,0,0,5,21630,11178,33567,1900200,0,1795,106973,3677084,5706475,0,0,0,997,1000,1399,1400,7897614
MPCTASK: EXP,3,54,2696,-93,-461,673,321,-329,-26,-291,-867,-108,-437,-1063,700,201,-570,700,-31,3,1401,69,300,1,3,3,15,3,1,1,0,0,0,5,27196,11989,39878,2038053,0,2661,23466,4623246,6779332,0,0,0,997,1000,1399,1400,7897614
MPCTASK: EXP,3,56,2796,-33,-478,669,491,-266,9,-234,-637,-106,-343,-1147,700,272,-547,700,-30,-16,1022,69,300,1,3,3,15,3,1,1,0,0,0,5,27188,9609,39054,1633514,0,1978,156028,4621891,6639548,0,0,0,998,1000,1399,1400,7897614
MPCTASK: EXP,3,58,2903,36,-477,667,600,-187,34,-242,-268,-182,-214,-1204,700,316,-491,700,-32,33,799,69,300,1,3,3,15,3,1,1,0,0,0,5,30639,15845,46753,2693577,0,1795,23151,5208475,7948030,0,0,0,998,1000,1399,1400,7948030
MPCTASK: EXP,3,60,2997,113,-472,673,644,-115,84,-239,126,-183,-64,-1232,700,311,-439,700,-26,-19,936,69,300,1,3,3,15,3,1,1,0,0,0,5,24854,12213,37834,2076178,0,1795,24303,4225015,6431885,0,0,0,998,1000,1399,1400,7948030
MPCTASK: EXP,3,62,3099,197,-459,684,611,-39,96,-202,544,-183,92,-1232,700,305,-378,700,-15,-32,852,69,300,1,3,3,15,3,1,1,0,0,0,5,25783,11493,37792,1953589,0,43913,23322,4383135,6439307,0,0,0,998,1000,1399,1400,7948030
MPCTASK: EXP,3,64,3200,256,-438,703,501,30,102,-221,884,-175,240,-1202,700,264,-309,700,3,68,946,69,300,1,3,3,15,3,1,1,0,0,0,5,24937,12311,39197,2092834,0,1805,23864,4239155,6663647,0,0,0,998,1000,1399,1400,7948030
MPCTASK: EXP,3,66,3300,297,-381,715,342,149,60,-277,1084,-186,366,-1143,700,206,-191,700,15,173,937,69,300,1,3,3,15,3,1,1,0,0,0,5,28282,10483,39465,1782037,0,1796,23162,4807867,6709139,0,0,0,998,1000,1399,1400,7948030
MPCTASK: EXP,3,68,3397,320,-358,718,178,200,7,-154,1146,-176,456,-1058,700,139,-142,700,18,188,1181,69,300,1,3,3,15,3,1,1,0,0,0,5,24449,12049,36888,2048289,0,1795,43457,4156375,6271195,0,0,0,998,1000,1399,1400,7948030
MPCTASK: EXP,3,70,3498,334,-334,714,-30,247,-28,-283,1181,-174,502,-948,700,69,-75,700,9,207,1326,69,300,1,3,3,15,3,1,1,0,0,0,5,23257,11290,37076,1919103,0,1795,216141,3953523,6302930,0,0,0,998,1000,1399,1400,7948030
MPCTASK: EXP,3,72,3599,318,-280,709,-238,340,-27,-335,1073,-154,499,-815,700,-5,27,700,4,81,1611,69,300,1,3,3,15,3,1,1,0,0,0,5,27033,10831,38129,1841137,0,1795,23156,4595556,6482051,0,0,0,998,1000,1399,1400,7948030
MPCTASK: EXP,3,74,3697,292,-221,704,-413,426,-11,-339,905,-114,448,-664,700,-64,118,700,1,71,1177,69,300,1,3,3,15,3,1,1,0,0,0,5,21990,13250,37175,2252465,0,1795,207508,3738223,6319694,0,0,0,998,1000,1399,1400,7948030
MPCTASK: EXP,3,76,3799,254,-192,700,-535,472,4,-338,699,-163,353,-497,700,-100,169,700,0,47,906,69,300,1,3,3,15,3,1,1,0,0,0,5,26224,11835,39432,2011801,0,2261,62209,4457947,6703447,0,0,0,997,1000,1399,1400,7948030
MPCTASK: EXP,3,78,3902,200,-164,705,-623,513,51,-332,389,-190,224,-319,700,-125,215,700,5,56,689,69,300,1,3,3,15,3,1,1,0,0,0,5,26982,11166,41248,1898202,0,1977,422171,4586859,7012319,0,0,0,996,1000,1399,1400,7948030
MPCTASK: EXP,3,80,4002,198,-177,710,-574,492,53,-405,132,-161,74,-134,700,-45,209,700,10,-14,835,69,300,1,3,3,15,3,1,1,0,0,0,5,26976,11442,41630,1945017,0,1803,155623,4585993,7077162,0,0,0,994,1000,1399,1400,7948030
MPCTASK: EXP,3,82,4097,145,-143,715,-579,548,41,-435,-57,-18,-82,52,700,-44,256,700,15,54,706,69,300,1,3,3,15,3,1,1,0,0,0,5,24642,10739,36629,1825417,0,36915,24309,4188943,6226931,0,0,0,994,1000,1399,1400,7948030
MPCTASK: EXP,3,84,4198,103,-108,723,-531,585,58,-326,-271,152,-231,237,700,-19,285,700,23,73,625,69,300,1,3,3,15,3,1,1,0,0,0,5,22770,11255,36588,1913294,0,1795,413303,3870695,6220104,0,0,0,995,1000,1399,1400,7948030
MPCTASK: EXP,3,86,4302,101,-1,731,-407,695,74,-253,-535,490,-356,414,700,74,407,700,31,26,755,69,300,1,3,3,15,3,1,1,0,0,0,5,27086,10481,39958,1781797,0,1951,185022,4604648,6793010,0,0,0,995,1000,1399,1400,7948030
MPCTASK: EXP,3,88,4402,66,55,742,-322,706,66,24,-419,650,-446,581,700,83,421,700,42,88,596,69,300,1,3,3,15,3,1,1,0,0,0,5,26703,12943,40873,2200176,0,1795,87380,4539475,6948485,0,0,0,995,1000,1399,1400,7948030
MPCTASK: EXP,3,90,4497,115,115,747,-128,682,33,146,-630,731,-492,732,700,215,433,700,47,-30,822,69,300,1,3,3,15,3,1,1,0,0,0,5,26901,8795,35973,1495129,0,1978,24002,4573107,6115616,0,0,0,996,1000,1399,1400,7948030
MPCTASK: EXP,3,92,4599,95,186,750,-56,658,-2,227,-497,546,-489,863,700,217,463,700,50,-2,825,69,300,0,2,2,15,3,1,1,0,0,0,5,25272,11361,37660,1931296,0,1795,99235,4296100,6402339,0,0,0,997,1000,1399,1400,7948030
MPCTASK: EXP,3,94,4698,112,252,747,65,626,-38,335,-574,241,-438,973,700,259,475,700,39,-31,841,69,300,1,3,3,15,3,1,1,0,0,0,5,23798,10999,36900,1869720,0,1795,105740,4045647,6273155,0,0,0,997,1000,1399,1400,7948030
MPCTASK: EXP,3,96,4799,106,293,746,125,533,-28,415,-410,-35,-343,1057,700,242,452,700,41,30,827,69,300,1,3,3,15,3,1,1,0,0,0,5,24959,11294,38042,1919932,0,1795,281620,4242951,6467112,0,0,0,997,1000,1399,1400,7948030
MPCTASK: EXP,3,98,4898,117,332,743,197,447,-9,353,-493,-334,-215,1115,700,251,435,700,41,12,834,69,300,1,3,3,15,3,1,1,0,0,0,5,23965,11001,37248,1870108,0,1795,365309,4073995,6332332,0,0,0,997,1000,1399,1400,7948030
MPCTASK: EXP,3,100,5000,66,382,743,170,377,12,497,-389,-620,-64,1143,700,154,413,700,43,-27,787,69,300,1,3,3,15,3,1,1,0,0,0,5,23676,12961,37456,2203299,0,1802,24305,4024851,6367639,0,0,0,997,1000,1399,1400,7948030
MPCTASK: EXP,3,102,5100,110,354,741,264,199,-22,450,-276,-794,92,1143,700,166,314,700,37,45,613,69,300,1,3,3,15,3,1,1,0,0,0,5,24033,13058,37927,2219745,0,1796,23151,4085419,6447648,0,0,0,997,1000,1399,1400,7948030
MPCTASK: EXP,3,104,5203,123,324,739,260,52,-17,557,18,-800,240,1113,700,134,201,700,36,156,571,69,300,1,3,3,15,3,1,1,0,0,0,5,26479,13369,40850,2272749,0,1795,146907,4501214,6944596,0,0,0,997,1000,1399,1400,7948030
MPCTASK: EXP,3,106,5301,138,308,738,224,-59,-9,527,222,-882,366,1055,700,85,125,700,36,-30,794,69,300,1,3,3,15,3,1,1,0,0,0,5,24184,13417,38601,2280794,0,1795,148091,4111171,6562269,0,0,0,997,1000,1399,1400,7948030
MPCTASK: EXP,3,108,5404,152,292,739,143,-160,9,612,458,-935,456,969,700,39,53,700,39,200,650,69,300,1,3,3,15,3,1,1,0,0,0,5,24859,13775,39480,2341684,0,1802,109288,4225975,6711668,0,0,0,997,1000,1399,1400,7948030
MPCTASK: EXP,3,110,5503,181,223,744,67,-316,25,578,588,-940,502,859,700,10,-70,700,44,-38,784,69,300,1,3,3,15,3,1,1,0,0,0,5,26214,11469,38549,1949620,0,1795,124077,4456299,6553362,0,0,0,997,1000,1399,1400,7948030
MPCTASK: EXP,3,112,5601,165,183,748,-87,-393,10,548,649,-981,499,726,700,-56,-151,700,48,143,628,69,300,1,3,1,15,3,1,1,0,0,0,5,24770,9945,35496,1690595,0,1802,109316,4210771,6034434,0,0,0,996,1000,1399,1400,7948030
MPCTASK: EXP,3,114,5706,104,177,746,-264,-414,-16,483,790,-1010,448,575,700,-164,-171,700,43,48,1092,69,300,1,3,3,15,3,1,1,0,0,0,5,26754,13086,40653,2224418,0,1924,115378,4547951,6911080,0,0,0,995,1000,1399,1400,7948030
MPCTASK: EXP,3,116,5805,63,133,744,-404,-486,5,570,421,-1014,353,408,700,-189,-258,700,44,-17,820,69,300,1,3,3,15,3,1,1,0,0,0,5,25892,12308,38777,2092239,0,1802,23461,4401525,6592187,0,0,0,994,1000,1399,1400,7948030
MPCTASK: EXP,3,118,5902,9,120,742,-481,-527,-7,501,187,-988,224,230,700,-224,-281,700,40,96,649,69,300,1,3,3,15,3,1,1,0,0,0,5,25978,10130,36737,1721940,0,2139,84304,4416175,6245372,0,0,0,991,1000,1399,1400,7948030
MPCTASK: EXP,3,120,6003,-69,73,739,-538,-615,-23,598,-151,-926,74,45,700,-243,-363,700,34,-25,910,69,300,1,3,3,15,3,1,1,0,0,0,5,25297,12153,38054,2065836,0,1797,80602,4300355,6469175,0,0,0,990,1000,1399,1400,7948030
MPCTASK: EXP,3,122,6103,-76,-13,739,-459,-718,-6,333,-346,-1050,-82,-141,700,-173,-454,700,38,130,536,69,300,1,3,3,15,3,1,1,0,0,0,5,25939,11237,38070,1910268,0,1795,105171,4409551,6471984,0,0,0,988,1000,1399,1400,7948030
MPCTASK: EXP,3,124,6206,-104,-82,739,-385,-770,-22,187,-401,-1052,-231,-325,700,-133,-514,700,34,99,624,69,300,1,3,3,15,3,1,1,0,0,0,5,25359,12743,38773,2166136,0,1796,64406,4310827,6591416,0,0,0,989,1000,1399,1400,7948030
MPCTASK: EXP,3,126,6300,-125,-160,739,-295,-803,-19,99,-612,-982,-356,-503,700,-76,-581,700,35,69,798,69,300,1,3,3,15,3,1,1,0,0,0,5,23695,9834,33799,1671602,0,1795,23151,4028175,5745816,0,0,0,991,1000,1399,1400,7948030
MPCTASK: EXP,3,128,6406,-138,-259,737,-173,-848,-48,-128,-692,-712,-446,-670,700,-18,-636,700,28,-20,926,69,300,1,3,3,15,3,1,1,0,0,0,5,26556,12373,39750,2103310,0,2290,76874,4514399,6757719,0,0,0,993,1000,1399,1400,7948030
MPCTASK: EXP,3,130,6505,-143,-335,734,-42,-804,-56,-353,-751,-381,-492,-820,700,36,-659,700,22,-42,1184,69,300,1,3,3,15,3,1,1,0,0,0,5,26100,12280,39397,2087498,0,105079,47358,4436851,6697557,0,0,0,995,1000,1399,1400,7948030
MPCTASK: EXP,3,132,6609,-134,-413,728,100,-735,-74,-542,-835,-81,-489,-952,700,96,-669,700,13,8,1404,69,300,1,3,3,15,3,1,1,0,0,0,5,30247,11235,42335,1909764,0,1795,122929,5141851,7196915,0,0,0,996,1000,1399,1400,7948030
MPCTASK: EXP,3,134,6704,-106,-463,724,256,-607,-67,-623,-840,142,-438,-1062,700,164,-639,700,11,60,1227,69,300,1,3,3,15,3,1,1,0,0,0,5,25375,11129,37816,1891741,0,2201,114067,4313683,6428832,0,0,0,997,1000,1399,1400,7948030
MPCTASK: EXP,3,136,6804,-62,-497,716,401,-464,-72,-632,-676,298,-343,-1146,700,219,-592,700,2,65,983,69,300,1,3,3,15,3,1,1,0,0,0,5,26526,10984,38105,1867317,0,1795,77439,4509299,6478062,0,0,0,997,1000,1399,1400,7948030
MPCTASK: EXP,3,138,6906,-15,-507,703,499,-311,-81,-558,-436,319,-215,-1204,700,238,-533,700,-12,2,1103,69,300,1,3,3,15,3,1,1,0,0,0,5,26320,11294,38938,1919862,0,1795,203090,4474383,6619557,0,0,0,997,1000,1399,1400,7948030
MPCTASK: EXP,3,140,7009,48,-504,696,568,-175,-27,-484,-143,294,-64,-1232,700,266,-464,700,-8,17,916,69,300,1,3,3,15,3,1,1,0,0,0,5,30628,10239,41914,1740612,0,1795,44144,5206707,7125579,0,0,0,998,1000,1399,1400,7948030
MPCTASK: EXP,3,142,7106,116,-502,694,578,-72,6,-454,214,267,92,-1232,700,259,-408,700,-5,-18,906,69,300,1,3,3,15,3,1,1,0,0,0,5,26571,11617,39377,1974980,0,1795,79672,4517027,6694305,0,0,0,998,1000,1399,1400,7948030
MPCTASK: EXP,3,144,7205,178,-485,699,522,31,34,-449,552,250,240,-1202,700,235,-333,700,0,67,718,69,300,1,3,3,15,3,1,1,0,0,0,5,24559,13019,38828,2213266,0,1796,116873,4174947,6600946,0,0,0,998,1000,1399,1400,7948030
MPCTASK: EXP,3,146,7306,228,-470,708,409,113,44,-446,820,239,366,-1144,700,193,-269,700,8,81,890,69,300,1,3,3,15,3,1,1,0,0,0,5,26853,11605,39431,1972653,0,1978,141394,4564971,6703326,0,0,0,998,1000,1399,1400,7948030
MPCTASK: EXP,3,148,7407,260,-443,715,257,199,18,-468,976,211,456,-1058,700,138,-187,700,15,203,698,69,300,1,3,3,15,3,1,1,0,0,0,5,26180,13247,40584,2251923,0,2199,24416,4450419,6899423,0,0,0,998,1000,1399,1400,7948030
MPCTASK: EXP,3,150,7505,280,-420,716,90,270,-20,-487,1066,185,502,-948,700,71,-128,700,12,230,856,69,300,1,3,3,15,3,1,1,0,0,0,5,27931,10089,39132,1715079,0,1802,166004,4748139,6652525,0,0,0,998,1000,1399,1400,7948030
MPCTASK: EXP,3,152,7605,275,-386,709,-101,357,-51,-526,1055,146,499,-815,700,4,-43,700,-1,174,1248,69,300,1,3,3,15,3,1,1,0,0,0,5,25286,12921,39000,2196437,0,1795,93500,4298551,6630021,0,0,0,998,1000,1399,1400,7948030
MPCTASK: EXP,3,154,7701,255,-351,699,-289,442,-57,-559,947,115,448,-664,700,-56,30,700,-12,113,1274,69,300,1,3,3,15,3,1,1,0,0,0,5,22325,11125,33938,1891098,0,1956,42138,3795163,5769578,0,0,0,997,1000,1399,1400,7948030
MPCTASK: EXP,3,156,7806,225,-321,691,-433,509,-30,-509,735,84,353,-497,700,-95,84,700,-14,88,896,69,300,1,3,3,15,3,1,1,0,0,0,5,27765,11828,39858,2010696,0,1795,23151,4719843,6775899,0,0,0,996,1000,1399,1400,7948030
MPCTASK: EXP,3,158,7902,164,-239,688,-567,639,8,-520,475,134,224,-319,700,-141,212,700,-11,18,870,69,300,1,3,3,15,3,1,1,0,0,0,5,21990,12630,36104,2146998,0,129940,101770,3738143,6137812,0,0,0,995,1000,1399,1400,7948030
MPCTASK: EXP,3,160,8005,109,-189,689,-615,687,36,-295,125,101,74,-134,700,-137,253,700,-10,98,548,69,300,1,3,3,15,3,1,1,0,0,0,5,27474,10852,38760,1844840,0,1795,50465,4670535,6589255,0,0,0,994,1000,1399,1400,7948030
MPCTASK: EXP,3,162,8106,60,-139,694,-591,704,49,-267,-188,89,-82,52,700,-111,298,700,-5,129,510,69,300,1,3,3,15,3,1,1,0,0,0,5,27094,11586,39431,1969562,0,71025,36307,4605927,6703389,0,0,0,994,1000,1399,1400,7948030
MPCTASK: EXP,3,164,8204,11,-81,702,-531,733,55,-274,-440,142,-231,237,700,-76,355,700,2,30,766,69,300,1,3,3,15,3,1,1,0,0,0,5,26253,10670,37895,1813763,0,1981,69132,4462879,6442190,0,0,0,995,1000,1399,1400,7948030
MPCTASK: EXP,3,166,8303,-29,-10,716,-438,763,77,-174,-599,360,-356,414,700,-45,412,700,16,29,782,69,300,1,3,3,15,3,1,1,0,0,0,5,24276,11099,36890,1886674,0,2673,135632,4126764,6271402,0,0,0,996,1000,1399,1400,7948030
MPCTASK: EXP,3,168,8402,-70,83,723,-334,815,35,-13,-704,589,-446,581,700,-13,488,700,23,-8,943,69,300,1,3,3,15,3,1,1,0,0,0,5,22772,12976,36151,2205897,0,1795,23261,3871139,6145723,0,0,0,996,1000,1399,1400,7948030
MPCTASK: EXP,3,170,8505,-84,140,729,-194,770,19,277,-733,752,-492,731,700,35,486,700,29,68,870,69,300,1,3,3,15,3,1,1,0,0,0,5,26351,11549,38436,1963294,0,1803,24359,4479647,6534217,0,0,0,996,1000,1399,1400,7948030
MPCTASK: EXP,3,172,8602,-62,182,732,-12,680,19,322,-707,732,-489,863,700,110,463,700,32,127,681,69,300,1,3,3,15,3,1,1,0,0,0,5,23863,11627,36374,1976600,0,1796,127501,4056691,6183695,0,0,0,997,1000,1399,1400,7948030
MPCTASK: EXP,3,174,8702,-65,237,730,101,623,-12,354,-716,620,-438,973,700,134,465,700,28,127,725,69,300,1,3,3,15,3,1,1,0,0,0,5,25526,9212,35957,1565967,0,2195,143099,4339319,6112774,0,0,0,997,1000,1399,1400,7948030
MPCTASK: EXP,3,176,8806,-23,285,729,270,556,-16,377,-730,357,-343,1057,700,206,456,700,26,-25,1070,69,300,1,3,3,15,3,1,1,0,0,0,5,26192,13145,40376,2233792,0,2139,107425,4452675,6864095,0,0,0,998,1000,1399,1400,7948030
MPCTASK: EXP,3,178,8905,2,320,727,372,461,-34,466,-448,18,-215,1114,700,202,424,700,20,-28,802,69,300,1,3,3,15,3,1,1,0,0,0,5,26673,11581,38521,1942066,0,1802,23151,4534307,6548509,0,0,0,998,1000,1399,1400,7948030
MPCTASK: EXP,3,180,9004,32,354,723,410,371,-44,525,-158,-226,-64,1143,700,190,390,700,14,21,927,69,300,1,3,3,15,3,1,1,0,0,0,5,26027,10984,37839,1867246,0,1919,50452,4424563,6432665,0,0,0,998,1000,1399,1400,7948030
MPCTASK: EXP,3,182,9100,43,375,721,372,256,-31,592,44,-304,92,1143,700,140,334,700,14,141,614,69,300,1,3,3,15,3,1,1,0,0,0,5,23991,9397,34153,1597472,0,1978,106564,4078331,5806155,0,0,0,998,1000,1399,1400,7948030
MPCTASK: EXP,3,184,9204,120,414,721,408,196,-8,555,170,-395,240,1113,700,163,323,700,20,-36,782,69,300,1,3,3,15,3,1,1,0,0,0,5,26832,11115,38346,1889330,0,2750,44081,4561288,6518967,0,0,0,998,1000,1399,1400,7948030
MPCTASK: EXP,3,186,9305,138,410,725,303,48,-3,743,513,-399,365,1055,700,96,234,700,24,197,593,69,300,1,3,3,15,3,1,1,0,0,0,5,24112,12095,37241,2055992,0,2198,24303,4098928,6331040,0,0,0,998,1000,1399,1400,7948030
MPCTASK: EXP,3,188,9405,196,426,725,247,-45,-19,768,535,-469,455,970,700,111,194,700,21,212,591,69,300,1,3,3,15,3,1,1,0,0,0,5,26348,10748,37542,1827091,0,1795,53741,4479079,6382126,0,0,0,997,1000,1399,1400,7948030
MPCTASK: EXP,3,190,9507,194,400,723,100,-204,-43,952,819,-443,501,861,700,21,76,700,14,109,1105,69,300,1,3,3,15,3,1,1,0,0,0,5,26226,12308,39123,2092176,0,1795,76973,4458269,6650906,0,0,0,997,1000,1399,1400,7948030
MPCTASK: EXP,3,192,9604,171,313,716,-75,-430,-43,807,860,-308,497,728,700,-52,-78,700,7,-10,1388,69,300,1,3,3,15,3,1,1,0,0,0,5,24426,11730,37248,1993983,0,2106,62763,4152278,6332412,0,0,0,997,1000,1399,1400,7948030
MPCTASK: EXP,3,194,9705,183,294,711,-187,-510,-22,597,753,-119,446,577,700,-59,-123,700,6,53,1004,69,300,1,3,3,15,3,1,1,0,0,0,5,23917,12305,37324,2091730,0,2668,133843,4065791,6345087,0,0,0,997,1000,1399,1400,7948030
MPCTASK: EXP,3,196,9804,164,230,703,-315,-629,-28,511,666,150,351,410,700,-76,-213,700,-2,17,837,69,300,1,3,3,15,3,1,1,0,0,0,5,25175,11227,36818,1908555,0,1795,47449,4279615,6259128,0,0,0,996,1000,1399,1400,7948030
MPCTASK: EXP,3,198,9907,52,125,697,-500,-758,-12,241,436,496,223,232,700,-183,-336,700,-4,143,591,69,300,1,3,3,15,3,1,1,0,0,0,5,27968,11203,39959,1904451,0,2139,110539,4754623,6793041,0,0,0,995,1000,1399,1400,7948030
MPCTASK: EXP,3,200,10006,-52,48,694,-587,-794,26,155,-72,769,73,46,700,-234,-416,700,-5,-15,891,69,300,1,3,3,15,3,1,1,0,0,0,5,24829,12166,37718,2068146,0,2674,23463,4220867,6412142,0,0,0,994,1000,1399,1400,7948030
MPCTASK: EXP,3,202,10104,-117,-19,704,-544,-794,75,88,-540,853,-81,-142,700,-212,-460,700,4,32,766,69,300,1,3,3,15,3,1,1,0,0,0,5,24786,10636,36899,1808174,0,1796,143239,4213675,6272840,0,0,0,992,1000,1399,1400,7948030
MPCTASK: EXP,3,204,10207,-175,-85,716,-446,-779,62,174,-775,808,-227,-330,700,-187,-507,700,16,143,649,69,300,1,3,3,15,3,1,1,0,0,0,5,26545,12975,40130,2205768,0,1795,24310,4512667,6822234,0,0,0,992,1000,1399,1400,7948030
MPCTASK: EXP,3,206,10307,-200,-156,720,-293,-776,-3,131,-903,706,-349,-511,700,-126,-545,700,19,191,699,69,300,1,3,3,15,3,1,1,0,0,0,5,27013,11632,39613,1977345,0,1795,69050,4592115,6734141,0,0,0,993,1000,1399,1400,7948030
MPCTASK: EXP,3,208,10408,-204,-245,721,-118,-791,-27,59,-904,581,-435,-682,700,-61,-608,700,16,152,916,69,300,1,3,3,15,3,1,1,0,0,0,5,27516,10396,39093,1767242,0,1795,100184,4677651,6645942,0,0,0,995,1000,1399,1400,7948030
MPCTASK: EXP,3,210,10504,-201,-300,720,40,-742,-41,-106,-907,470,-478,-837,700,-3,-596,700,12,193,773,69,300,1,3,3,15,3,1,1,0,0,0,5,25964,9087,35925,1544748,0,1795,125839,4413783,6107330,0,0,0,996,1000,1399,1400,7948030
MPCTASK: EXP,3,212,10608,-168,-359,712,215,-689,-60,-191,-789,387,-473,-972,700,60,-585,700,0,-2,1301,69,300,1,3,3,15,3,1,1,0,0,0,5,26168,12255,39475,2083319,0,1796,46369,4448527,6710685,0,0,0,997,1000,1399,1400,7948030
MPCTASK: EXP,3,214,10711,-130,-409,702,350,-609,-51,-398,-571,299,-422,-1081,700,102,-553,700,-7,24,978,69,300,1,3,3,15,3,1,1,0,0,0,5,27198,14032,42278,2385284,0,1834,103937,4623555,7253183,0,0,0,998,1000,1399,1400,7948030
MPCTASK: EXP,3,216,10809,-75,-439,699,444,-485,-23,-530,-271,202,-333,-1159,699,124,-490,699,-5,32,889,69,300,1,3,3,15,3,1,1,0,0,0,5,27378,11582,39769,1968844,0,1802,113429,4654150,6761145,0,0,0,998,1000,1399,1400,7948030
MPCTASK: EXP,3,218,10908,-27,-454,697,465,-343,-15,-665,56,108,-217,-1202,699,115,-418,699,-5,-21,1049,69,300,1,3,3,15,3,1,1,0,0,0,5,26830,11603,39492,1972441,0,2675,36978,4561035,6713733,0,0,0,998,1000,1399,1400,7948030
MPCTASK: EXP,3,220,11004,23,-452,698,437,-181,-3,-718,363,39,-88,-1206,699,111,-342,699,-2,80,845,69,300,1,3,3,15,3,1,1,0,0,0,5,26272,8376,35675,1423981,0,1795,152237,4466135,6064771,0,0,0,998,1000,1399,1400,7948030
MPCTASK: EXP,3,222,11106,69,-449,703,364,-37,19,-720,574,-3,36,-1168,699,101,-288,699,3,121,679,69,300,1,3,3,15,3,1,1,0,0,0,5,26731,10319,37789,1754216,0,79182,24098,4544283,6424187,0,0,0,998,1000,1399,1400,7948030
MPCTASK: EXP,3,224,11208,101,-431,704,258,104,-3,-680,699,-43,141,-1088,699,75,-233,699,3,176,593,69,300,1,3,3,15,3,1,1,0,0,0,5,27124,11663,39495,1982617,0,1911,97127,4610999,6714251,0,0,0,998,1000,1399,1400,7948030
MPCTASK: EXP,3,226,11300,119,-406,701,137,224,-27,-527,700,-77,215,-968,700,53,-212,700,-4,190,588,69,300,1,3,3,15,3,1,1,0,0,0,5,22631,8136,31588,1383058,0,1795,51557,3847107,5370052,0,0,0,998,1000,1399,1400,7948030
MPCTASK: EXP,3,228,11410,127,-375,695,20,315,-28,-353,643,-80,248,-817,700,45,-190,700,-10,95,772,69,300,1,3,3,15,3,1,1,0,0,0,5,28697,11976,42116,2035821,0,2092,86111,4878379,7159718,0,0,0,998,1000,1399,1400,7948030
MPCTASK: EXP,3,230,11508,121,-343,694,-86,358,1,-114,488,-65,241,-643,700,31,-185,700,-5,49,785,69,300,1,3,3,15,3,1,1,0,0,0,5,26960,10985,38919,1867436,0,1795,77604,4583163,6616318,0,0,0,997,1000,1399,1400,7948030
MPCTASK: EXP,3,232,11609,123,-321,694,-138,340,12,71,323,-27,200,-465,700,42,-190,700,-5,160,585,69,300,1,3,3,15,3,1,1,0,0,0,5,27872,10930,39391,1857976,0,1795,77886,4738131,6696580,0,0,0,996,1000,1399,1400,7948030
MPCTASK: EXP,3,234,11708,113,-298,695,-172,304,21,191,152,1,139,-299,700,26,-163,700,-4,131,490,69,300,1,3,3,15,3,1,1,0,0,0,5,27549,10562,38874,1795587,0,1967,105693,4683271,6608691,0,0,0,995,1000,1399,1400,7948030
MPCTASK: EXP,3,236,11807,96,-276,700,-186,256,29,226,15,31,76,-167,700,-3,-109,700,0,173,681,69,300,1,3,3,15,3,1,1,0,0,0,5,25732,11131,38052,1892205,0,1795,179211,4374395,6468923,0,0,0,994,1000,1399,1400,7948030
MPCTASK: EXP,3,238,11906,79,-253,703,-181,224,18,106,-21,77,28,-82,700,-56,-23,700,3,135,471,69,300,1,3,3,15,3,1,1,0,0,0,5,24115,11935,36538,2028876,0,2671,59080,4099471,6211460,0,0,0,994,1000,1399,1400,7948030
MPCTASK: EXP,3,240,12011,61,-245,708,-180,203,24,-157,18,99,7,-48,700,-91,86,700,8,3,949,69,300,1,3,3,15,3,1,1,0,0,0,5,25242,13650,40976,2320335,0,1920,97389,4290971,6965961,0,0,0,994,1000,1399,1400,7948030
MPCTASK: EXP,3,242,12105,47,-229,711,-185,247,11,-519,117,120,4,-44,700,-88,168,700,11,-37,840,69,300,1,3,3,15,3,1,1,0,0,0,5,23558,11359,35907,1930905,0,1796,144572,4004867,6104206,0,0,0,994,1000,1399,1400,7948030
MPCTASK: EXP,3,244,12209,31,-209,716,-205,346,2,-841,142,142,0,-36,700,-52,214,700,16,-2,1206,69,300,1,3,3,15,3,1,1,0,0,0,5,27872,10815,39819,1838522,0,1795,81062,4738135,6769255,0,0,0,993,1000,1399,1400,7948030
MPCTASK: EXP,3,246,12308,11,-177,714,-225,482,-37,-914,28,139,-24,8,700,-28,265,700,6,124,1088,69,300,1,3,3,15,3,1,1,0,0,0,5,24753,12285,38113,2088330,0,2670,23463,4207999,6479295,0,0,0,994,1000,1399,1400,7948030
MPCTASK: EXP,3,248,12407,-6,-118,708,-211,638,-52,-806,-169,109,-71,107,700,18,335,700,-2,-3,1330,69,300,1,3,3,15,3,1,1,0,0,0,5,23822,10821,35872,1839652,0,1913,77634,4049601,6098322,0,0,0,994,1000,1399,1400,7948030
MPCTASK: EXP,3,250,12513,-19,-59,702,-155,748,-37,-585,-394,64,-127,253,700,59,389,700,-4,67,842,69,300,1,3,3,15,3,1,1,0,0,0,5,27118,14487,42547,2462792,0,1795,123226,4609927,7233042,0,0,0,995,1000,1399,1400,7948030
MPCTASK: EXP,3,252,12609,-13,0,696,-47,804,-31,-318,-542,78,-174,427,700,131,413,700,-10,113,652,69,300,1,3,3,15,3,1,1,0,0,0,5,23162,14791,38359,2514422,0,1795,45090,3937532,6521222,0,0,0,996,1000,1399,1400,7948030
MPCTASK: EXP,3,254,12708,-12,66,694,49,817,-2,-44,-548,136,-195,608,700,164,431,700,-6,108,638,69,300,1,3,3,15,3,1,1,0,0,0,5,24917,10980,37474,1866518,0,1802,44201,4235779,6370718,0,0,0,997,1000,1399,1400,7948030
MPCTASK: EXP,3,256,12805,-1,154,699,145,822,45,169,-490,236,-180,778,700,185,475,700,0,72,669,69,300,1,3,3,15,3,1,1,0,0,0,5,23620,11017,34984,1872839,0,1795,23151,4015383,5947390,0,0,0,997,1000,1399,1400,7948030
MPCTASK: EXP,3,258,12908,6,236,708,210,780,59,394,-423,276,-126,920,699,196,492,699,8,95,581,69,300,1,3,3,15,3,1,1,0,0,0,5,23175,10494,37479,1783850,0,1795,83551,3939627,6371473,0,0,0,998,1000,1399,1400,7948030
MPCTASK: EXP,3,260,13007,50,338,715,301,745,35,598,-297,228,-37,1026,699,198,497,699,15,-43,817,69,300,1,3,3,15,3,1,1,0,0,0,5,25116,11086,37100,1884517,0,1795,78018,4269703,6307017,0,0,0,998,1000,1399,1400,7948030
MPCTASK: EXP,3,262,13109,74,387,720,326,595,9,755,-94,162,75,1089,699,188,459,699,20,99,803,69,300,1,3,3,15,3,1,1,0,0,0,5,24479,11557,37454,1964511,0,1795,218700,4161487,6367319,0,0,0,998,1000,1399,1400,7948030
MPCTASK: EXP,3,264,13214,103,430,718,321,446,-32,903,145,77,198,1109,699,154,408,699,12,64,1275,69,300,1,3,3,15,3,1,1,0,0,0,5,26788,15301,42410,2601056,0,1802,31363,4554031,7209793,0,0,0,998,1000,1399,1400,7948030
MPCTASK: EXP,3,266,13314,156,486,721,308,307,-7,1108,424,-75,315,1086,699,117,358,699,20,-70,2005,69,300,1,3,3,15,3,1,1,0,0,0,5,26855,14728,43086,2503778,0,1795,65158,4565275,7324738,0,0,0,998,1000,1399,1400,7948030
MPCTASK: EXP,3,268,13408,182,450,723,212,31,-18,1096,644,-140,410,1024,699,80,219,699,19,-49,1913,69,300,1,3,3,15,3,1,1,0,0,0,5,25619,10553,36873,1793936,0,1795,79712,4355155,6268392,0,0,0,998,1000,1399,1400,7948030
MPCTASK: EXP,3,270,13511,176,414,717,55,-190,-41,978,765,-147,471,928,700,0,95,700,9,93,1287,69,300,1,3,3,15,3,1,1,0,0,0,5,26013,12536,39561,2130961,0,1795,148533,4422243,6725463,0,0,0,998,1000,1399,1400,7948030
MPCTASK: EXP,3,272,13612,129,385,706,-137,-353,-53,806,738,-20,489,803,700,-118,10,700,-3,151,781,69,300,1,3,3,15,3,1,1,0,0,0,5,27179,12557,40763,2134465,0,1796,152202,4620356,6929787,0,0,0,998,1000,1399,1400,7948030
MPCTASK: EXP,3,274,13709,100,310,697,-269,-544,-44,699,625,149,460,655,700,-156,-114,700,-10,-53,1106,69,300,1,3,3,15,3,1,1,0,0,0,5,23712,13468,37860,2289330,0,1796,92627,4031019,6436414,0,0,0,998,1000,1399,1400,7948030
MPCTASK: EXP,3,276,13808,36,230,688,-405,-677,-33,365,425,358,386,489,700,-219,-215,700,-18,-7,970,69,300,1,3,3,15,3,1,1,0,0,0,5,23428,12181,37272,2070723,0,1795,260359,3982679,6336195,0,0,0,997,1000,1399,1400,7948030
MPCTASK: EXP,3,278,13911,-12,150,685,-467,-748,34,151,165,471,273,310,700,-235,-299,700,-14,48,763,69,300,1,3,3,15,3,1,1,0,0,0,5,25716,12572,39012,2137247,0,1795,23151,4371587,6632240,0,0,0,997,1000,1399,1400,7948030
MPCTASK: EXP,3,280,14009,-74,81,695,-494,-761,89,115,-36,583,133,123,700,-259,-367,700,-4,87,534,69,300,1,3,3,15,3,1,1,0,0,0,5,23932,11159,37167,1896903,0,1802,285859,4068291,6318440,0,0,0,996,1000,1399,1400,7948030
MPCTASK: EXP,3,282,14108,-113,2,705,-454,-780,73,144,-276,603,-20,-66,700,-219,-444,700,5,165,649,69,300,1,3,3,15,3,1,1,0,0,0,5,22792,13086,36363,2224569,0,1795,60093,3874507,6181759,0,0,0,994,1000,1399,1400,7948030
MPCTASK: EXP,3,284,14212,-153,-71,716,-394,-791,58,162,-454,545,-172,-254,700,-192,-507,700,16,115,561,69,300,1,3,3,15,3,1,1,0,0,0,5,25865,13137,39909,2233343,0,1795,65390,4396923,6784590,0,0,0,993,1000,1399,1400,7948030
MPCTASK: EXP,3,286,14309,-178,-132,724,-295,-780,24,104,-619,436,-307,-436,700,-140,-545,700,24,121,626,69,300,1,3,3,15,3,1,1,0,0,0,5,24414,10163,36994,1727659,0,1802,303901,4150264,6289192,0,0,0,993,1000,1399,1400,7948030
MPCTASK: EXP,3,288,14410,-189,-209,725,-166,-791,-29,124,-742,288,-413,-607,700,-66,-612,700,20,159,670,69,300,1,3,3,15,3,1,1,0,0,0,5,23725,13479,37856,2291376,0,1918,63841,4033164,6435599,0,0,0,994,1000,1399,1400,7948030
MPCTASK: EXP,3,290,14508,-187,-274,719,-21,-772,-72,-60,-781,140,-477,-765,700,4,-630,700,4,158,827,69,300,1,3,3,15,3,1,1,0,0,0,5,25668,10911,36848,1854852,0,1795,23151,4363523,6264343,0,0,0,996,1000,1399,1400,7948030
MPCTASK: EXP,3,292,14611,-166,-340,710,137,-743,-75,-135,-780,0,-495,-904,700,83,-657,700,-4,130,951,69,300,1,3,3,15,3,1,1,0,0,0,5,25123,13083,39098,2224151,0,1795,77379,4270759,6646765,0,0,0,997,1000,1399,1400,7948030
MPCTASK: EXP,3,294,14711,-134,-388,703,281,-678,-55,-237,-674,-113,-463,-1022,700,153,-642,700,-7,169,625,69,300,1,3,3,15,3,1,1,0,0,0,5,26656,11119,39696,1890175,0,1795,243957,4531527,6748538,0,0,0,998,1000,1399,1400,7948030
MPCTASK: EXP,3,296,14808,-87,-435,698,409,-607,-29,-319,-519,-178,-385,-1117,700,211,-640,700,-7,111,647,69,300,1,3,3,15,3,1,1,0,0,0,5,24493,10935,37077,1858821,0,1802,61246,4163611,6303163,0,0,0,998,1000,1399,1400,7948030
MPCTASK: EXP,3,298,14908,-38,-463,696,490,-506,-6,-380,-311,-224,-269,-1184,700,243,-579,700,-4,137,536,69,300,1,3,3,15,3,1,1,0,0,0,5,23546,11375,36990,1933689,0,1802,327708,4002799,6288380,0,0,0,998,1000,1399,1400,7948030
MPCTASK: EXP,3,300,15012,15,-478,697,536,-395,5,-424,-136,-246,-126,-1224,700,253,-542,700,-2,104,591,69,300,1,3,3,15,3,1,1,0,0,0,5,25218,13558,39682,2304857,0,1795,73809,4287043,6746231,0,0,0,998,1000,1399,1400,7948030
MPCTASK: EXP,3,302,15111,71,-503,698,545,-302,7,-478,138,-219,29,-1235,700,251,-500,700,-1,103,613,69,300,1,3,3,15,3,1,1,0,0,0,5,25261,13386,39791,2275525,0,1795,170763,4294331,6764502,0,0,0,998,1000,1399,1400,7948030
MPCTASK: EXP,3,304,15211,129,-511,698,513,-188,4,-561,391,-198,183,-1217,700,238,-435,700,-1,102,655,69,300,1,3,3,15,3,1,1,0,0,0,5,24745,13273,39406,2256307,0,1795,150927,4206595,6698992,0,0,0,998,1000,1399,1400,7948030
MPCTASK: EXP,3,306,15309,175,-516,704,428,-73,20,-601,631,-185,319,-1170,700,200,-377,700,4,141,592,69,300,1,3,3,15,3,1,1,0,0,0,5,24299,11502,37885,1955206,0,1796,135420,4130671,6440516,0,0,0,998,1000,1399,1400,7948030
MPCTASK: EXP,3,308,15410,212,-511,708,314,46,6,-619,771,-189,425,-1095,700,163,-284,700,8,161,624,69,300,1,3,3,15,3,1,1,0,0,0,5,24886,11062,37774,1880425,0,1795,287816,4189582,6421696,0,0,0,998,1000,1399,1400,7948030
MPCTASK: EXP,3,310,15515,232,-493,706,171,169,-21,-645,881,-207,489,-995,700,99,-211,700,2,214,606,69,300,1,3,3,15,3,1,1,0,0,0,5,30016,11085,42380,1884288,0,1797,23704,5102679,7204668,0,0,0,998,1000,1399,1400,7948030
MPCTASK: EXP,3,312,15611,243,-461,702,23,300,-34,-638,908,-214,506,-871,700,55,-115,700,-4,220,630,69,300,1,3,3,15,3,1,1,0,0,0,5,25125,13057,39007,2219541,0,1795,118048,4271135,6631396,0,0,0,998,1000,1399,1400,7948030
MPCTASK: EXP,3,314,15710,236,-424,697,-132,417,-31,-597,859,-222,474,-726,700,-25,-41,700,-8,184,676,69,300,1,3,3,15,3,1,1,0,0,0,5,24881,11246,37774,1911696,0,1796,257629,4229727,6421635,0,0,0,997,1000,1399,1400,7948030
MPCTASK: EXP,3,316,15810,213,-368,693,-270,538,-23,-562,785,-207,396,-565,700,-66,66,700,-11,83,938,69,300,1,3,3,15,3,1,1,0,0,0,5,23540,13066,37520,2221022,0,1795,119095,4001667,6378503,0,0,0,997,1000,1399,1400,7948030
MPCTASK: EXP,3,318,15910,177,-305,691,-404,643,6,-489,630,-186,279,-391,700,-112,156,700,-8,76,758,69,300,1,3,3,15,3,1,1,0,0,0,5,25783,10131,37696,1722271,0,1795,280616,4383152,6408506,0,0,0,996,1000,1399,1400,7948030
MPCTASK: EXP,3,320,16017,131,-254,690,-494,698,3,-391,393,-178,136,-209,700,-123,207,700,-9,34,815,69,300,1,3,3,15,3,1,1,0,0,0,5,30883,13132,45054,2232410,0,1910,70652,5249987,7659234,0,0,0,995,1000,1399,1400,7948030
MPCTASK: EXP,3,322,16109,81,-196,690,-534,747,19,-385,130,-158,-19,-22,700,-125,279,700,-9,21,832,69,300,1,3,3,15,3,1,1,0,0,0,5,24730,11224,37267,1908041,0,1795,199983,4203943,6335527,0,0,0,995,1000,1399,1400,7948030
MPCTASK: EXP,3,324,16211,33,-143,694,-525,768,28,-283,-138,-156,-173,163,700,-118,312,700,-5,69,654,69,300,1,3,3,15,3,1,1,0,0,0,5,25534,11924,38467,2027005,0,2199,24305,4340751,6539507,0,0,0,996,1000,1399,1400,7948030
MPCTASK: EXP,3,326,16308,-5,-84,700,-465,787,32,-255,-369,-127,-310,344,700,-78,379,700,0,88,599,69,300,1,3,3,15,3,1,1,0,0,0,5,23012,12085,35874,2054310,0,1796,109587,3911971,6098700,0,0,0,997,1000,1399,1400,7948030
MPCTASK: EXP,3,328,16411,-39,-8,704,-381,810,12,-93,-507,-99,-415,516,700,-43,426,700,4,47,778,69,300,1,3,3,15,3,1,1,0,0,0,5,24103,13305,38593,2261766,0,1796,137037,4097459,6560761,0,0,0,997,1000,1399,1400,7948030
MPCTASK: EXP,3,330,16513,-57,46,710,-273,785,0,26,-696,-30,-479,673,700,17,439,700,10,118,704,69,300,1,3,3,15,3,1,1,0,0,0,5,27120,12820,40761,2179405,0,1795,77341,4610207,6929346,0,0,0,998,1000,1399,1400,7948030
MPCTASK: EXP,3,332,16612,-73,120,710,-130,752,-12,149,-746,119,-496,813,700,58,453,700,7,93,858,69,300,1,3,3,15,3,1,1,0,0,0,5,23478,13327,37399,2265633,0,1802,45396,3991175,6357910,0,0,0,998,1000,1399,1400,7948030
MPCTASK: EXP,3,334,16714,-75,175,707,12,696,-12,228,-783,232,-464,932,700,112,452,700,5,196,598,69,300,1,3,3,15,3,1,1,0,0,0,5,25162,14055,39841,2389305,0,1802,81845,4277555,6773020,0,0,0,998,1000,1399,1400,7948030
MPCTASK: EXP,3,336,16813,-64,232,708,151,647,2,260,-710,274,-386,1027,700,142,464,700,8,62,889,69,300,1,3,3,15,3,1,1,0,0,0,5,24927,11447,38270,1945857,0,60348,71429,4237547,6505974,0,0,0,998,1000,1399,1400,7948030
MPCTASK: EXP,3,338,16914,-37,289,708,269,587,-1,366,-506,253,-270,1095,700,172,459,700,8,77,707,69,300,1,3,3,15,3,1,1,0,0,0,5,26632,10993,38488,1868608,0,1802,100449,4527386,6542979,0,0,0,998,1000,1399,1400,7948030
MPCTASK: EXP,3,340,17015,27,352,706,392,523,3,574,-226,221,-126,1135,700,195,442,700,6,-42,877,69,300,1,3,3,15,3,1,1,0,0,0,5,26230,11557,38908,1964548,0,70575,55315,4458981,6614389,0,0,0,998,1000,1399,1400,7948030
MPCTASK: EXP,3,342,17106,54,386,712,387,404,32,532,59,251,29,1147,700,169,408,700,12,116,592,69,300,1,3,3,15,3,1,1,0,0,0,5,20042,9872,30319,1678106,0,1795,23151,3407047,5154279,0,0,0,998,1000,1399,1400,7948030
MPCTASK: EXP,3,344,17214,83,408,714,351,289,14,640,312,330,183,1128,700,126,355,700,14,131,625,69,300,1,3,3,15,3,1,1,0,0,0,5,27321,10570,39079,1796799,0,1796,145749,4644551,6643669,0,0,0,998,1000,1399,1400,7948030
MPCTASK: EXP,3,346,17315,95,409,715,275,154,-11,712,494,383,319,1081,700,66,279,700,12,136,685,69,300,1,3,3,15,3,1,1,0,0,0,5,27056,12747,40464,2166997,0,1797,46935,4599447,6879087,0,0,0,998,1000,1399,1400,7948030
MPCTASK: EXP,3,348,17412,87,418,716,137,11,-17,696,602,444,425,1007,700,-20,214,700,13,178,594,69,300,1,3,3,15,3,1,1,0,0,0,5,23362,11909,35537,2024397,0,1795,23151,3971523,6041321,0,0,0,998,1000,1399,1400,7948030
MPCTASK: EXP,3,350,17510,99,354,712,51,-195,-63,678,647,427,489,906,700,-50,65,700,0,155,687,69,300,1,3,3,15,3,1,1,0,0,0,5,20564,12577,33943,2138061,0,1795,113663,3495699,5770433,0,0,0,998,1000,1399,1400,7948030
MPCTASK: EXP,3,352,17617,76,324,702,-87,-313,-72,531,675,360,506,782,700,-126,-1,700,-11,100,873,69,300,1,3,3,15,3,1,1,0,0,0,5,27117,12823,40547,2179728,0,1795,23151,4609800,6892974,0,0,0,998,1000,1399,1400,7948030
MPCTASK: EXP,3,354,17715,32,300,697,-225,-394,-41,536,575,297,474,638,700,-200,-61,700,-10,127,632,69,300,1,3,3,15,3,1,1,0,0,0,5,25833,11447,38041,1946035,0,1834,23454,4391535,6466933,0,0,0,998,1000,1399,1400,7948030
MPCTASK: EXP,3,356,17818,-17,267,694,-338,-482,-4,562,398,222,396,476,700,-252,-140,700,-6,94,689,69,300,1,3,3,15,3,1,1,0,0,0,5,27990,12273,41364,2086290,0,1796,149735,4758296,7032022,0,0,0,998,1000,1399,1400,7948030
MPCTASK: EXP,3,358,17912,-77,253,694,-417,-525,12,539,196,184,279,302,700,-294,-171,700,-5,110,617,69,300,1,3,3,15,3,1,1,0,0,0,5,22937,11000,35117,1869945,0,1795,74030,3899279,5970067,0,0,0,997,1000,1399,1400,7948030
MPCTASK: EXP,3,360,18013,-133,206,697,-447,-609,19,625,-27,125,136,120,700,-293,-253,700,-2,56,807,69,300,1,3,3,15,3,1,1,0,0,0,5,24427,11526,36804,1959271,0,1796,80383,4152380,6256859,0,0,0,997,1000,1399,1400,7948030
MPCTASK: EXP,3,362,18117,-174,134,700,-420,-714,6,513,-232,78,-19,-66,700,-278,-348,700,0,98,638,69,300,1,3,3,15,3,1,1,0,0,0,5,26177,13013,39694,2212244,0,2139,39840,4449919,6748212,0,0,0,996,1000,1399,1400,7948030
MPCTASK: EXP,3,364,18219,-210,77,702,-358,-767,8,439,-455,55,-173,-252,700,-242,-405,700,2,132,556,69,300,1,3,3,15,3,1,1,0,0,0,5,28674,12827,41769,2180428,0,1795,23151,4874495,7100743,0,0,0,996,1000,1399,1400,7948030
MPCTASK: EXP,3,366,18316,-237,8,705,-264,-819,4,348,-593,46,-310,-433,700,-196,-477,700,5,157,582,69,300,1,3,3,15,3,1,1,0,0,0,5,29038,9563,39083,1625648,0,1802,58682,4936407,6644287,0,0,0,997,1000,1399,1400,7948030
MPCTASK: EXP,3,368,18412,-242,-64,705,-137,-853,-22,274,-683,4,-415,-605,700,-102,-518,700,1,175,591,69,300,1,3,3,15,3,1,1,0,0,0,5,23961,10079,34555,1713326,0,1795,65394,4073193,5874584,0,0,0,997,1000,1399,1400,7948030
MPCTASK: EXP,3,370,18518,-237,-143,705,-5,-881,-25,151,-715,-17,-479,-762,700,-40,-572,700,0,87,871,69,300,1,3,3,15,3,1,1,0,0,0,5,27720,11296,39722,1920293,0,1796,97870,4712371,6753049,0,0,0,998,1000,1399,1400,7948030
MPCTASK: EXP,3,372,18617,-228,-196,704,123,-837,-29,-77,-771,-35,-496,-902,700,18,-570,700,-1,158,694,69,300,1,3,3,15,3,1,1,0,0,0,5,26242,11858,39756,2015705,0,27393,24675,4460839,6758586,0,0,0,998,1000,1399,1400,7948030
MPCTASK: EXP,3,374,18717,-193,-273,701,276,-808,-33,-178,-713,-43,-464,-1021,700,95,-597,700,-5,77,924,69,300,1,3,3,15,3,1,1,0,0,0,5,26784,11626,39865,1976343,0,106579,23463,4553303,6777263,0,0,0,998,1000,1399,1400,7948030
MPCTASK: EXP,3,376,18817,-141,-347,696,416,-758,-33,-358,-560,-50,-386,-1116,700,163,-612,700,-10,87,751,69,300,1,3,3,15,3,1,1,0,0,0,5,25287,12156,38453,2066390,0,1802,23457,4298591,6537375,0,0,0,999,1000,1399,1400,7948030
MPCTASK: EXP,3,378,18916,-87,-392,695,505,-628,0,-491,-307,-83,-270,-1184,700,202,-561,700,-4,124,577,69,300,1,3,3,15,3,1,1,0,0,0,5,24385,10379,35913,1764308,0,1796,117377,4145331,6105302,0,0,0,999,1000,1399,1400,7948030
MPCTASK: EXP,3,380,19017,-29,-421,696,551,-496,9,-575,-101,-112,-126,-1224,700,226,-516,700,-3,111,632,69,300,1,3,3,15,3,1,1,0,0,0,5,24983,12095,37842,2056034,0,1795,106548,4247079,6433085,0,0,0,999,1000,1399,1400,7948030
MPCTASK: EXP,3,382,19120,35,-449,702,567,-374,23,-591,131,-113,29,-1235,700,241,-464,700,2,139,588,69,300,1,3,3,15,3,1,1,0,0,0,5,24884,14100,41032,2397057,0,1795,101348,4230071,6975450,0,0,0,999,1000,1399,1400,7948030
MPCTASK: EXP,3,384,19217,87,-467,704,539,-264,7,-650,330,-120,183,-1217,700,222,-407,700,4,103,701,69,300,1,3,3,15,3,1,1,0,0,0,5,25825,11481,37574,1951706,0,1795,23157,4390179,6387712,0,0,0,999,1000,1399,1400,7948030
MPCTASK: EXP,3,386,19319,144,-468,702,463,-107,-16,-676,594,-140,319,-1170,700,190,-323,700,0,106,741,69,300,1,3,3,15,3,1,1,0,0,0,5,25988,11919,38740,2026207,0,1795,75016,4418003,6585883,0,0,0,999,1000,1399,1400,7948030
MPCTASK: EXP,3,388,19418,182,-456,704,344,33,-6,-653,790,-163,425,-1096,700,140,-254,700,3,164,638,69,300,1,3,3,15,3,1,1,0,0,0,5,27054,10161,38207,1727289,0,20851,47022,4599176,6495298,0,0,0,998,1000,1399,1400,7948030
MPCTASK: EXP,3,390,19518,209,-440,705,202,160,-15,-629,905,-181,489,-995,700,71,-155,700,1,201,645,69,300,1,3,3,15,3,1,1,0,0,0,5,26811,11279,39046,1917384,0,1802,91424,4557823,6638023,0,0,0,998,1000,1399,1400,7948030
MPCTASK: EXP,3,392,19616,216,-416,699,55,270,-33,-607,923,-170,506,-871,700,21,-98,700,-7,218,653,69,300,1,3,3,15,3,1,1,0,0,0,5,24878,11442,37002,1945060,0,1795,64275,4229136,6291287,0,0,0,998,1000,1399,1400,7948030
MPCTASK: EXP,3,394,19717,213,-386,696,-107,379,3,-562,880,-138,474,-726,700,-32,-16,700,-3,198,617,69,300,1,3,3,15,3,1,1,0,0,0,5,25115,11216,37540,1906564,0,1795,183224,4269483,6381875,0,0,0,998,1000,1399,1400,7948030
MPCTASK: EXP,3,396,19818,188,-338,697,-262,481,5,-452,810,-104,396,-565,700,-86,63,700,-2,68,973,69,300,1,3,3,15,3,1,1,0,0,0,5,26011,11221,38131,1907485,0,1978,114840,4421856,6482387,0,0,0,997,1000,1399,1400,7948030
MPCTASK: EXP,3,398,19919,154,-301,695,-383,531,-24,-377,586,-81,279,-391,700,-121,101,700,-9,93,730,69,300,1,3,3,15,3,1,1,0,0,0,5,26641,12288,39834,2088835,0,1795,131656,4528783,6771943,0,0,0,996,1000,1399,1400,7948030
MPCTASK: EXP,3,400,20019,113,-266,690,-465,575,-30,-471,386,-23,136,-209,700,-127,158,700,-15,67,771,69,300,1,3,3,15,3,1,1,0,0,0,5,26195,11132,38819,1892351,0,96390,59571,4453111,6599458,0,0,0,995,1000,1399,1400,7948030
MPCTASK: EXP,3,402,20125,62,-226,692,-517,630,25,-437,149,19,-19,-22,700,-138,225,700,-7,68,681,69,300,1,3,3,15,3,1,1,0,0,0,5,30453,12052,44710,2048760,0,1925,244812,5176799,7600874,0,0,0,995,1000,1399,1400,7948030
MPCTASK: EXP,3,404,20225,14,-187,695,-521,657,33,-316,-65,7,-173,163,700,-135,247,700,-4,39,763,69,300,1,3,3,15,3,1,1,0,0,0,5,32592,11536,44706,1961094,0,1795,23151,5540651,7599955,0,0,0,995,1000,1399,1400,7948030
MPCTASK: EXP,3,406,20317,-35,-135,702,-489,682,35,-280,-310,-48,-310,344,700,-126,278,700,2,116,520,69,300,1,3,3,15,3,1,1,0,0,0,5,23865,11763,36972,1999651,0,49646,59785,4057119,6285307,0,0,0,996,1000,1399,1400,7948030
MPCTASK: EXP,3,408,20419,-78,-92,707,-416,687,24,-262,-488,-125,-415,516,700,-107,319,700,7,118,577,69,300,1,3,3,15,3,1,1,0,0,0,5,24297,11649,38167,1980287,0,1802,24304,4130443,6488469,0,0,0,997,1000,1399,1400,7948030
MPCTASK: EXP,3,410,20519,-109,-46,711,-307,691,13,-254,-704,-205,-479,673,700,-51,351,700,11,144,630,69,300,1,3,3,15,3,1,1,0,0,0,5,24005,14025,38544,2384256,0,1795,39412,4080747,6552609,0,0,0,998,1000,1399,1400,7948030
MPCTASK: EXP,3,412,20616,-134,10,711,-180,704,-15,-222,-805,-284,-496,813,700,-6,379,700,7,171,669,69,300,1,3,3,15,3,1,1,0,0,0,5,24447,10434,35539,1773814,0,1795,89632,4155887,6041597,0,0,0,998,1000,1399,1400,7948030
MPCTASK: EXP,3,414,20719,-142,66,708,-33,702,-30,-91,-892,-332,-464,932,700,41,397,700,2,170,824,69,300,1,3,3,15,3,1,1,0,0,0,5,24141,11747,39328,1996908,0,1795,407257,4103915,6685911,0,0,0,998,1000,1399,1400,7948030
MPCTASK: EXP,3,416,20820,-138,117,705,118,676,-34,-24,-850,-353,-386,1027,700,79,405,700,-1,172,756,69,300,1,3,3,15,3,1,1,0,0,0,5,23906,12889,37738,2191059,0,1795,88280,4063915,6415639,0,0,0,999,1000,1399,1400,7948030
MPCTASK: EXP,3,418,20921,-119,174,701,261,644,-26,148,-764,-342,-269,1095,700,117,403,700,-3,70,989,69,300,1,3,3,15,3,1,1,0,0,0,5,24170,14361,39767,2441389,0,67298,121506,4108815,6760505,0,0,0,999,1000,1399,1400,7948030
MPCTASK: EXP,3,420,21017,-81,207,697,386,558,-24,253,-553,-305,-126,1135,700,150,361,700,-7,36,887,69,300,1,3,3,15,3,1,1,0,0,0,5,21848,12429,36111,2112851,0,3175,192521,3714059,6138939,0,0,0,999,1000,1399,1400,7948030
MPCTASK: EXP,3,422,21118,-34,242,694,465,478,-18,355,-264,-315,29,1147,700,144,329,700,-9,2,926,69,300,1,3,3,15,3,1,1,0,0,0,5,23473,11394,37100,1937050,0,1802,65462,3990307,6307182,0,0,0,999,1000,1399,1400,7948030
MPCTASK: EXP,3,424,21220,14,263,696,485,372,29,446,53,-385,183,1129,700,134,279,700,-3,-17,878,69,300,1,3,3,15,3,1,1,0,0,0,5,24260,12683,38093,2156106,0,1795,60278,4124035,6475922,0,0,0,999,1000,1399,1400,7948030
MPCTASK: EXP,3,426,21318,63,282,703,446,270,44,525,383,-445,319,1082,700,119,233,700,3,58,714,69,300,1,3,3,15,3,1,1,0,0,0,5,24295,10968,36949,1864368,0,1920,263839,4130227,6281334,0,0,0,999,1000,1399,1400,7948030
MPCTASK: EXP,3,428,21417,95,288,707,347,161,15,581,580,-356,424,1007,700,77,176,700,7,135,593,69,300,1,3,3,15,3,1,1,0,0,0,5,23015,11530,35666,1960043,0,1795,141013,3912555,6063382,0,0,0,999,1000,1399,1400,7948030
MPCTASK: EXP,3,430,21520,133,281,708,248,40,-18,616,740,-243,488,907,700,54,94,700,4,126,744,69,300,1,3,3,15,3,1,1,0,0,0,5,25715,10255,38329,1743400,0,1802,24303,4371527,6516055,0,0,0,998,1000,1399,1400,7948030
MPCTASK: EXP,3,432,21620,162,247,707,104,-119,-20,637,882,-122,505,784,700,7,-18,700,3,121,956,69,300,1,3,3,15,3,1,1,0,0,0,5,22747,11594,35877,1970915,0,1795,145011,3866899,6099034,0,0,0,998,1000,1399,1400,7948030
MPCTASK: EXP,3,434,21724,196,161,706,-18,-317,-19,464,1006,-18,472,640,700,-14,-165,700,2,36,1559,69,300,1,3,3,15,3,1,1,0,0,0,5,27570,10951,39461,1861616,0,54629,23323,4686960,6708537,0,0,0,998,1000,1399,1400,7948030
MPCTASK: EXP,3,436,21819,155,123,703,-228,-404,-11,489,866,157,394,479,700,-100,-233,700,1,28,1214,69,300,1,3,3,15,3,1,1,0,0,0,5,22562,10787,34519,1833600,0,1802,24304,3835528,5868283,0,0,0,997,1000,1399,1400,7948030
MPCTASK: EXP,3,438,21921,113,82,698,-371,-487,-23,472,664,291,277,304,700,-149,-303,700,-5,56,894,69,300,1,3,3,15,3,1,1,0,0,0,5,24159,11344,36674,1928528,0,1795,77027,4106991,6234598,0,0,0,996,1000,1399,1400,7948030
MPCTASK: EXP,3,440,22025,62,38,691,-470,-568,0,477,290,462,135,121,700,-140,-374,700,-8,-40,886,69,300,1,3,3,15,3,1,1,0,0,0,5,27708,12200,40319,2073842,0,1795,23151,4710283,6854423,0,0,0,995,1000,1399,1400,7948030
MPCTASK: EXP,3,442,22121,-29,-8,695,-527,-635,62,490,-168,626,-19,-66,700,-160,-438,700,-4,-30,703,69,300,1,3,3,15,3,1,1,0,0,0,5,24370,10716,35650,1821632,0,1795,73534,4142763,6060519,0,0,0,993,1000,1399,1400,7948030
MPCTASK: EXP,3,444,22225,-91,-58,708,-479,-692,82,541,-443,626,-171,-255,700,-162,-492,700,8,103,585,69,300,1,3,3,15,3,1,1,0,0,0,5,27827,10984,39943,1867197,0,1796,76873,4730499,6790331,0,0,0,993,1000,1399,1400,7948030
MPCTASK: EXP,3,446,22324,-120,-112,721,-382,-748,63,563,-636,523,-304,-440,700,-117,-549,700,21,104,653,69,300,1,3,3,15,3,1,1,0,0,0,5,26384,11936,39376,2028986,0,1802,23460,4485167,6694126,0,0,0,994,1000,1399,1400,7948030
MPCTASK: EXP,3,448,22421,-147,-165,727,-261,-775,-5,350,-759,394,-406,-615,700,-77,-567,700,26,86,885,69,300,1,3,3,15,3,1,1,0,0,0,5,22967,11363,34875,1931517,0,47330,24155,3904381,5928875,0,0,0,995,1000,1399,1400,7948030
MPCTASK: EXP,3,450,22522,-147,-247,720,-103,-814,-87,158,-860,292,-466,-777,700,-9,-595,700,2,-66,1563,69,300,1,3,3,15,3,1,1,0,0,0,5,24056,12417,36932,2110871,0,1797,23319,4089363,6278511,0,0,0,996,1000,1399,1400,7948030
MPCTASK: EXP,3,452,22622,-142,-312,714,54,-780,-75,-218,-866,271,-480,-921,700,38,-585,700,0,5,1514,69,300,1,3,3,15,3,1,1,0,0,0,5,23644,12767,36919,2170254,0,1795,23151,4019479,6276264,0,0,0,997,1000,1399,1400,7948030
MPCTASK: EXP,3,454,22725,-113,-374,708,225,-695,-49,-426,-787,308,-448,-1041,700,101,-563,700,-1,61,1092,69,300,1,3,3,15,3,1,1,0,0,0,5,26221,11859,39005,2016016,0,1795,111129,4457439,6630976,0,0,0,998,1000,1399,1400,7948030
MPCTASK: EXP,3,456,22821,-61,-428,703,373,-586,-38,-613,-554,323,-373,-1132,699,142,-517,699,-4,-6,1036,69,300,1,3,3,15,3,1,1,0,0,0,5,23945,10014,35442,1702308,0,1795,122208,4070604,6025288,0,0,0,998,1000,1399,1400,7948030
MPCTASK: EXP,3,458,22921,-17,-445,703,439,-416,-15,-758,-229,296,-266,-1189,699,151,-437,699,0,22,1096,69,300,1,3,3,15,3,1,1,0,0,0,5,24542,9476,34865,1610763,0,1802,121845,4171991,5927159,0,0,0,998,1000,1399,1400,7948030
MPCTASK: EXP,3,460,23025,37,-454,701,461,-240,-28,-896,115,259,-140,-1209,699,148,-353,699,-4,-14,1457,69,300,1,3,3,15,3,1,1,0,0,0,5,27906,10311,38832,1752675,0,1921,81601,4743963,6601540,0,0,0,998,1000,1399,1400,7948030
MPCTASK: EXP,3,462,23126,89,-445,702,420,-53,-17,-887,429,210,-12,-1188,699,141,-276,699,-1,52,1208,69,300,1,3,3,15,3,1,1,0,0,0,5,26468,11711,38856,1990728,0,1795,90838,4499387,6605530,0,0,0,998,1000,1399,1400,7948030
MPCTASK: EXP,3,464,23227,132,-411,701,315,151,-15,-819,689,137,102,-1125,699,123,-200,699,-1,44,1083,69,300,1,3,3,15,3,1,1,0,0,0,5,28747,10018,39595,1703049,0,1795,50694,4886923,6731189,0,0,0,998,1000,1399,1400,7948030
MPCTASK: EXP,3,466,23326,152,-370,697,180,305,-26,-642,756,48,190,-1020,699,93,-137,699,-7,106,833,69,300,1,3,3,15,3,1,1,0,0,0,5,25463,12451,39065,2116549,0,1795,131832,4328619,6641114,0,0,0,998,1000,1399,1400,7948030
MPCTASK: EXP,3,468,23425,160,-311,695,41,433,-21,-354,765,-5,240,-881,700,70,-94,700,-8,-5,1172,69,300,1,3,3,15,3,1,1,0,0,0,5,26322,11528,38374,1959755,0,1795,65639,4474609,6523699,0,0,0,998,1000,1399,1400,7948030
MPCTASK: EXP,3,470,23524,181,-285,691,-49,443,-16,-43,637,-14,249,-714,700,92,-122,700,-11,-4,1022,69,300,1,3,3,15,3,1,1,0,0,0,5,24298,11197,36211,1903300,0,2673,24088,4130627,6155866,0,0,0,998,1000,1399,1400,7948030
MPCTASK: EXP,3,472,23624,172,-233,687,-151,444,-12,193,507,-5,220,-536,700,86,-126,700,-15,-30,954,69,300,1,3,3,15,3,1,1,0,0,0,5,22867,12750,36859,2167507,0,1958,188135,3887299,6266099,0,0,0,997,1000,1399,1400,7948030
MPCTASK: EXP,3,474,23725,144,-177,687,-230,410,-11,447,212,15,165,-363,700,75,-113,700,-14,-38,906,69,300,1,3,3,15,3,1,1,0,0,0,5,26933,10860,38062,1846230,0,1795,23151,4578591,6470644,0,0,0,996,1000,1399,1400,7948030
MPCTASK: EXP,3,476,23827,110,-144,686,-263,327,-5,621,-15,-15,100,-215,700,31,-93,700,-14,35,910,69,300,1,3,3,15,3,1,1,0,0,0,5,26451,11791,39414,2004418,0,1796,65569,4496732,6700507,0,0,0,995,1000,1399,1400,7948030
MPCTASK: EXP,3,478,23924,88,-139,689,-236,167,24,640,-180,-252,44,-110,700,4,-104,700,-10,-6,956,69,300,1,3,3,15,3,1,1,0,0,0,5,24226,11304,36532,1921502,0,1795,147594,4118331,6210645,0,0,0,995,1000,1399,1400,7948030
MPCTASK: EXP,3,480,24024,65,-127,691,-210,58,3,623,-232,-535,12,-56,700,-23,-111,700,-8,24,925,69,300,1,3,3,15,3,1,1,0,0,0,5,24811,11446,36858,1945729,0,1795,58549,4217763,6266070,0,0,0,994,1000,1399,1400,7948030
MPCTASK: EXP,3,482,24125,47,-135,693,-180,-49,31,402,-185,-634,4,-44,700,-6,-174,700,-6,147,566,69,300,1,3,2,15,3,1,1,0,0,0,5,24622,12533,38050,2130546,0,1795,89174,4185711,6468695,0,0,0,993,1000,1399,1400,7948030
MPCTASK: TRAJ DONE: idx=482, max=482; requesting landing
MPCTASK: LANDING: start z=0.69, hold=(0.04,-0.14)
MPCTASK: TIMING SUMMARY: max_step_cycles=7948030 deadline_cycles=8400000 overruns=0
MPCTASK: LANDING COMPLETE: t=29165 ms, x=0.060, y=-0.189, z=-0.012, vz=-0.099; motors off
