SYS: Crazyflie 2.1 Brushless is up and running!
SYS: Build 2:de14ff9f08ae (2025.09.1 +2) MODIFIED
SYS: I am 0x373930393434471500370039 and I have 1024KB of flash!
CFGBLK: v1, verification [OK]
DECK_DISCOVERY: Backend found: onewire
DECK_DISCOVERY: Backend found: deckctrl
DECK_CORE: 1 deck(s) found
DECK_CORE: Calling INIT on driver bcFlow2 for deck 0
ZR2: Z-down sensor [OK]
PMW: Motion chip id: 0x49:0xB6
IMU: BMI088: Using I2C interface.
IMU: BMI088 Gyro connection [OK].
IMU: BMI088 Accel connection [OK]
IMU: BMP390 I2C connection [OK]
ESTIMATOR: Using Kalman (2) estimator
CONTROLLER: Using PID (1) controller
MTR-DRV: Using brushless motor driver
SYS: About to run tests in system.c.
SYS: NRF51 version: 2026.04 (C21B)
EEPROM: I2C connection [OK].
STORAGE: Storage check [OK].
IMU: BMI088 gyro self-test [OK]
DECK_CORE: Deck 0 test [OK].
SYS: Self test passed!
STAB: Wait for sensor calibration...
SYS: Free heap: 15048 bytes
MPCTASK: Waiting for activation ...
STAB: Starting stabilizer loop
ESTKALMAN: State out of bounds, resetting
STAB: WARNING: stabilizer loop rate is off (1004)
SUP: Ready to fly
MPCTASK: Benchmark mode 0, maneuver 4, max_iter 5, task_pri 0
MPCTASK: Reference altitude: 0.70 m; barrier skip when z>0.75 and vz>-0.20
MPCTASK: OOT takeoff: cfclient trigger>=0.15m ramp=0.15m/s figure8_start=3000ms_at_measureMPCTASK: Common baseline: mpc_hz=20 model_hz=20 rho=5 base_w=0 base_qz=1 Qz=100 R=4 bridge=x10 guards=z[ref,ref+0.20] xy=free cap=0.05
MPCTASK: MPC->PID: xyz=x10, z_guard=[ref,ref+0.20], yaw=raw_rz, output_hold=200ms, safety_hold=500ms
MPCTASK: Reference origin: xyz=measured_at_forced_3s_start target_z=0.70 m
MPCTASK: Fixed baseline: w=0 qz=1 adaptive_cache=off
MPCTASK: EXP every=2: m,s,tms,p3[mm],v3[mmps],att3[cdeg],ref3[mm],cmd3[mm],h/raw/grad/mar/thr[milli],act/ac/bind,wi/qi/cache/noa,pa/pf/du[milli],it,mpc/eval/total[us],bar/tanh/rl/cache/solve/step[cycles],overruns,post_active/post_infeasible_totals,wreq/w/qzreq/qz[milli],max_step_cycles
MPCTASK: Figure8: source=traj_fig8_12.h source_hz=100 samples=1205 laps=2 duration=24.07 s origin=forced_3s_start start_delay=3000ms z_baseline=measured_at_start
CONTROLLER: Using OutOfTree (6) controller
MPCTASK: Trajectory origin: x=0.0 y=-0.03
MPCTASK: OOT activated at z=0.01
MPCTASK: TAKEOFF START: trigger_z=0.15 start_z=0.01 target=0.70 hold=(0.02,-0.05) ramp=0.15m/s
MPCTASK: OOT loop 1 done
MPCTASK: MPC task loop 1
MPCTASK: MPCTASK: OOT loop 2 done
x0: pos=(0.02,-0.05,0.01) vel=(0.0,-0.0,-MPCTASK: OOT loop 3 done
0.0)
MPCTASK: ref: (0.02,-0.05,0.01)
MPCTASK: MPC solve start
MPCTASK: MPC solve done, iter=5
MPCTASK: MPC time=25289 us
MPCTASK: MPC stack free=1165 words
MPCTASK: setpoint: x=0.02 y=-0.05 z=0.07 preview_z=0.07
MPCTASK: MPC task loop 2
MPCTASK: MPC task loop 3
MPCTASK: TAKEOFF COMPLETE: t=3000ms z=0.44 vz=0.23; trajectory queued origin=(-0.07,0.01,0.44)
MPCTASK: TRAJ START: z=0.44 origin=(-0.07,0.01,0.44) EXP clock reset; Z metric begins at t+3s
MPCTASK: EXP,0,2,69,-89,34,453,-75,-2,242,477,-187,1069,-76,19,442,-147,325,444,0,0,0,0,0,0,0,0,0,0,0,0,0,0,0,5,18454,0,18725,0,0,0,0,3137093,3183262,0,0,0,0,0,1000,1000,3854293
MPCTASK: EXP,0,4,175,-120,27,471,-99,-9,153,-744,-99,1309,-87,38,442,-145,415,443,0,0,0,0,0,0,0,0,0,0,0,0,0,0,0,5,23308,0,23363,0,0,0,0,3962210,3971926,0,0,0,0,0,1000,1000,3971926
MPCTASK: EXP,0,6,271,-128,18,490,-118,133,100,-1339,-119,1316,-122,105,442,-105,472,447,0,0,0,0,0,0,0,0,0,0,0,0,0,0,0,5,20123,0,20177,0,0,0,0,3420769,3430216,0,0,0,0,0,1000,1000,3971926
MPCTASK: EXP,0,8,372,-172,46,499,-182,385,13,-1743,-508,1193,-175,224,442,-85,573,446,0,0,0,0,0,0,0,0,0,0,0,0,0,0,0,5,21277,0,21331,0,0,0,0,3616957,3626400,0,0,0,0,0,1000,1000,3971926
MPCTASK: EXP,0,10,472,-235,89,501,-219,651,-19,-1373,-726,1043,-230,383,442,-83,633,445,0,0,0,0,0,0,0,0,0,0,0,0,0,0,0,5,20873,0,20926,0,0,0,0,3548325,3557610,0,0,0,0,0,1000,1000,3971926
MPCTASK: EXP,0,12,574,-263,163,496,-125,863,-51,-854,-1044,723,-268,563,442,-29,684,443,0,0,0,0,0,0,0,0,0,0,0,0,0,0,0,5,22327,0,22380,0,0,0,0,3795465,3804750,0,0,0,0,0,1000,1000,3971926
MPCTASK: EXP,0,14,672,-311,247,495,7,981,-53,-479,-1526,281,-275,742,442,15,723,442,0,0,0,0,0,0,0,0,0,0,0,0,0,0,0,5,20988,0,21042,0,0,0,0,3567797,3577245,0,0,0,0,0,1000,1000,3971926
MPCTASK: EXP,0,16,776,-348,326,495,197,1009,-62,-167,-1625,-157,-244,902,442,38,727,442,0,0,0,0,0,0,0,0,0,0,0,0,0,0,0,5,25168,0,25222,0,0,0,0,4278481,4287930,0,0,0,0,0,1000,1000,4287930
MPCTASK: EXP,0,18,872,-371,391,498,387,961,-16,102,-1717,-571,-175,1031,442,56,695,445,0,0,0,0,0,0,0,0,0,0,0,0,0,0,0,5,20392,0,20453,0,0,0,0,3466617,3477173,0,0,0,0,0,1000,1000,4287930
MPCTASK: EXP,0,20,979,-356,470,502,664,808,35,536,-1829,-1126,-75,1120,441,109,634,449,0,0,0,0,0,0,0,0,0,0,0,0,0,0,0,5,25596,0,25951,0,0,0,0,4351170,4411832,0,0,0,0,0,1000,1000,4411832
MPCTASK: EXP,0,22,1076,-302,534,506,893,601,28,932,-1626,-1486,43,1166,441,148,548,449,0,0,0,0,0,0,0,0,0,0,0,0,0,0,0,5,23608,0,24059,0,0,0,0,4013273,4090009,0,0,0,0,0,1000,1000,4411832
MPCTASK: EXP,0,24,1173,-222,552,498,1048,311,-29,1200,-1066,-1647,165,1168,441,152,424,444,0,0,0,0,0,0,0,0,0,0,0,0,0,0,0,5,20387,0,20441,0,0,0,0,3465738,3475026,0,0,0,0,0,1000,1000,4411832
MPCTASK: EXP,0,26,1272,-129,565,488,1091,95,-73,1165,-192,-1711,275,1129,442,123,335,442,0,0,0,0,0,0,0,0,0,0,0,0,0,0,0,5,19557,0,19736,0,0,0,0,3324571,3355184,0,0,0,0,0,1000,1000,4411832
MPCTASK: EXP,0,28,1377,-21,544,474,947,-133,-52,1200,904,-1674,358,1052,442,55,214,442,0,0,0,0,0,0,0,0,0,0,0,0,0,0,0,5,24679,0,24732,0,0,0,0,4195185,4204628,0,0,0,0,0,1000,1000,4411832
MPCTASK: EXP,0,30,1472,62,503,478,675,-327,29,1269,1487,-1615,402,944,442,-28,81,442,0,0,0,0,0,0,0,0,0,0,0,0,0,0,0,5,19656,0,19710,0,0,0,0,3341414,3350860,0,0,0,0,0,1000,1000,4411832
MPCTASK: EXP,0,32,1578,106,440,488,269,-489,97,947,2363,-1642,401,810,442,-193,-7,446,0,0,0,0,0,0,0,0,0,0,0,0,0,0,0,5,25597,0,25651,0,0,0,0,4351287,4360743,0,0,0,0,0,1000,1000,4411832
MPCTASK: EXP,0,34,1676,83,387,505,-246,-489,176,409,2697,-1388,354,654,442,-352,-72,453,0,0,0,0,0,0,0,0,0,0,0,0,0,0,0,5,23439,0,23494,0,0,0,0,3984577,3994058,0,0,0,0,0,1000,1000,4411832
MPCTASK: EXP,0,36,1777,22,246,520,-705,-609,64,605,1849,-995,263,482,442,-457,-266,454,0,0,0,0,0,0,0,0,0,0,0,0,0,0,0,5,24187,0,24241,0,0,0,0,4111673,4120974,0,0,0,0,0,1000,1000,4411832
MPCTASK: EXP,0,38,1874,-70,221,514,-957,-648,-51,883,1011,-575,138,299,442,-521,-347,448,0,0,0,0,0,0,0,0,0,0,0,0,0,0,0,5,21278,0,21332,0,0,0,0,3617134,3626435,0,0,0,0,0,1000,1000,4411832
MPCTASK: EXP,0,40,1973,-189,138,510,-1085,-819,-45,1105,-243,-362,-8,111,442,-520,-494,447,0,0,0,0,0,0,0,0,0,0,0,0,0,0,0,5,20452,0,20505,0,0,0,0,3476618,3486078,0,0,0,0,0,1000,1000,4411832
MPCTASK: EXP,0,42,2075,-271,66,518,-969,-994,-5,1178,-1147,-402,-163,-78,442,-464,-606,450,0,0,0,0,0,0,0,0,0,0,0,0,0,0,0,5,22596,0,22975,0,0,0,0,3841349,3905827,0,0,0,0,0,1000,1000,4411832
MPCTASK: EXP,0,44,2177,-365,-32,516,-775,-1158,-71,761,-1732,-502,-310,-264,442,-390,-700,448,0,0,0,0,0,0,0,0,0,0,0,0,0,0,0,5,23957,0,24304,0,0,0,0,4072641,4131767,0,0,0,0,0,1000,1000,4411832
MPCTASK: EXP,0,46,2274,-369,-114,512,-383,-1211,-107,155,-1899,-553,-435,-442,442,-235,-737,446,0,0,0,0,0,0,0,0,0,0,0,0,0,0,0,5,21334,0,21389,0,0,0,0,3626722,3636188,0,0,0,0,0,1000,1000,4420732
MPCTASK: EXP,0,48,2376,-393,-216,490,-72,-1188,-173,-339,-1660,-489,-525,-609,442,-138,-770,442,0,0,0,0,0,0,0,0,0,0,0,0,0,0,0,5,23945,0,23999,0,0,0,0,4070517,4079818,0,0,0,0,0,1000,1000,4420732
MPCTASK: EXP,0,50,2473,-388,-311,469,226,-1100,-131,-501,-1469,-434,-572,-759,442,-28,-789,442,0,0,0,0,0,0,0,0,0,0,0,0,0,0,0,5,20757,0,21006,0,0,0,0,3528541,3571159,0,0,0,0,0,1000,1000,4420732
MPCTASK: EXP,0,52,2577,-358,-394,458,492,-974,-40,-579,-1273,-460,-569,-891,442,80,-789,442,0,0,0,0,0,0,0,0,0,0,0,0,0,0,0,5,24569,0,24623,0,0,0,0,4176609,4186068,0,0,0,0,0,1000,1000,4420732
MPCTASK: EXP,0,54,2673,-301,-449,450,717,-838,0,-466,-1077,-607,-518,-1000,442,179,-769,442,0,0,0,0,0,0,0,0,0,0,0,0,0,0,0,5,20977,0,21030,0,0,0,0,3565885,3575186,0,0,0,0,0,1000,1000,4424249
MPCTASK: EXP,0,56,2774,-213,-498,450,908,-732,46,-385,-757,-788,-424,-1084,442,267,-743,442,0,0,0,0,0,0,0,0,0,0,0,0,0,0,0,5,22236,0,22294,0,0,0,0,3780061,3789986,0,0,0,0,0,1000,1000,4424249
MPCTASK: EXP,0,58,2873,-122,-541,459,1010,-638,99,-352,-343,-959,-296,-1140,442,314,-706,442,0,0,0,0,0,0,0,0,0,0,0,0,0,0,0,5,21333,0,21648,0,0,0,0,3626557,3680304,0,0,0,0,0,1000,1000,4424249
MPCTASK: EXP,0,60,2977,-8,-577,470,1063,-542,106,-375,125,-1054,-146,-1169,442,348,-655,442,0,0,0,0,0,0,0,0,0,0,0,0,0,0,0,5,22867,0,22921,0,0,0,0,3887273,3896572,0,0,0,0,0,1000,1000,4424249
MPCTASK: EXP,0,62,3075,65,-596,482,969,-409,86,-480,654,-1098,10,-1168,442,301,-573,444,0,0,0,0,0,0,0,0,0,0,0,0,0,0,0,5,21870,0,21923,0,0,0,0,3717801,3727104,0,0,0,0,0,1000,1000,4424249
MPCTASK: EXP,0,64,3178,164,-607,494,859,-251,60,-672,1152,-1008,159,-1138,442,264,-472,446,0,0,0,0,0,0,0,0,0,0,0,0,0,0,0,5,24874,0,24928,0,0,0,0,4228485,4237949,0,0,0,0,0,1000,1000,4753280
MPCTASK: EXP,0,66,3276,225,-586,502,634,-26,26,-797,1578,-889,284,-1080,442,175,-339,447,0,0,0,0,0,0,0,0,0,0,0,0,0,0,0,5,22305,0,22693,0,0,0,0,3791769,3857906,0,0,0,0,0,1000,1000,4753280
MPCTASK: EXP,0,68,3381,288,-545,504,399,203,-29,-809,1727,-721,374,-995,442,102,-198,446,0,0,0,0,0,0,0,0,0,0,0,0,0,0,0,5,27059,0,27114,0,0,0,0,4599962,4609429,0,0,0,0,0,1000,1000,4753280
MPCTASK: EXP,0,70,3476,313,-500,499,110,397,-68,-736,1797,-557,420,-884,442,3,-69,443,0,0,0,0,0,0,0,0,0,0,0,0,0,0,0,5,21826,0,22334,0,0,0,0,3710262,3796905,0,0,0,0,0,1000,1000,4753280
MPCTASK: EXP,0,72,3578,315,-441,491,-175,568,-76,-721,1688,-410,418,-752,442,-89,62,442,0,0,0,0,0,0,0,0,0,0,0,0,0,0,0,5,24603,0,24657,0,0,0,0,4182345,4191646,0,0,0,0,0,1000,1000,4753280
MPCTASK: EXP,0,74,3676,289,-407,488,-442,669,-40,-726,1520,-306,366,-600,442,-179,156,442,0,0,0,0,0,0,0,0,0,0,0,0,0,0,0,5,21109,0,21171,0,0,0,0,3588596,3599170,0,0,0,0,0,1000,1000,4753280
MPCTASK: EXP,0,76,3780,245,-333,487,-659,818,-28,-854,1237,-173,272,-433,442,-247,290,442,0,0,0,0,0,0,0,0,0,0,0,0,0,0,0,5,24370,0,24480,0,0,0,0,4142729,4161645,0,0,0,0,0,1000,1000,4753280
MPCTASK: EXP,0,78,3875,203,-224,487,-799,990,-7,-745,883,-36,143,-255,442,-273,433,442,0,0,0,0,0,0,0,0,0,0,0,0,0,0,0,5,20103,0,20512,0,0,0,0,3417345,3487174,0,0,0,0,0,1000,1000,4753280
MPCTASK: EXP,0,80,3979,141,-132,492,-882,1072,28,-445,499,31,-6,-71,442,-283,526,444,0,0,0,0,0,0,0,0,0,0,0,0,0,0,0,5,23267,0,23321,0,0,0,0,3955397,3964701,0,0,0,0,0,1000,1000,4753280
MPCTASK: EXP,0,82,4076,94,-8,493,-871,1138,19,-180,122,117,-163,115,442,-249,633,444,0,0,0,0,0,0,0,0,0,0,0,0,0,0,0,5,20265,0,20328,0,0,0,0,3444990,3455834,0,0,0,0,0,1000,1000,4753280
MPCTASK: EXP,0,84,4179,35,70,502,-828,1085,41,31,-90,193,-312,300,442,-217,672,448,0,0,0,0,0,0,0,0,0,0,0,0,0,0,0,5,23302,0,23355,0,0,0,0,3961157,3970462,0,0,0,0,0,1000,1000,4753280
MPCTASK: EXP,0,86,4273,-24,165,508,-761,1046,18,175,-277,330,-437,478,442,-182,723,449,0,0,0,0,0,0,0,0,0,0,0,0,0,0,0,5,17359,0,17413,0,0,0,0,2950894,2960362,0,0,0,0,0,1000,1000,4753280
MPCTASK: EXP,0,88,4381,-89,233,509,-688,964,-23,105,-425,464,-528,644,442,-153,747,447,0,0,0,0,0,0,0,0,0,0,0,0,0,0,0,5,25371,0,25432,0,0,0,0,4313029,4323503,0,0,0,0,0,1000,1000,4753280
MPCTASK: EXP,0,90,4476,-149,279,506,-595,871,-44,57,-699,429,-573,795,442,-111,740,446,0,0,0,0,0,0,0,0,0,0,0,0,0,0,0,5,19519,0,19711,0,0,0,0,3318114,3351017,0,0,0,0,0,1000,1000,4753280
MPCTASK: EXP,0,92,4577,-211,346,506,-436,824,-13,157,-1417,173,-571,927,442,-43,744,447,0,0,0,0,0,0,0,0,0,0,0,0,0,0,0,5,20642,0,20697,0,0,0,0,3509118,3518585,0,0,0,0,0,1000,1000,4753280
MPCTASK: EXP,0,94,4680,-242,393,510,-160,732,-21,184,-1874,-141,-519,1036,442,41,719,448,0,0,0,0,0,0,0,0,0,0,0,0,0,0,0,5,23947,0,24001,0,0,0,0,4070817,4080283,0,0,0,0,0,1000,1000,4753280
MPCTASK: EXP,0,96,4777,-240,452,504,157,660,-94,175,-1902,-442,-425,1121,442,120,704,444,0,0,0,0,0,0,0,0,0,0,0,0,0,0,0,5,20642,0,20703,0,0,0,0,3508968,3519546,0,0,0,0,0,1000,1000,4753280
MPCTASK: EXP,0,98,4878,-199,492,489,493,554,-128,236,-1692,-619,-296,1178,442,203,656,442,0,0,0,0,0,0,0,0,0,0,0,0,0,0,0,5,21028,0,21082,0,0,0,0,3574629,3584091,0,0,0,0,0,1000,1000,4753280
MPCTASK: EXP,0,100,4982,-133,508,468,769,406,-124,343,-1201,-652,-146,1207,442,255,577,442,0,0,0,0,0,0,0,0,0,0,0,0,0,0,0,5,25134,0,25188,0,0,0,0,4272650,4282108,0,0,0,0,0,1000,1000,4753280
MPCTASK: EXP,0,102,5075,-71,539,448,887,309,-87,406,-452,-633,10,1206,442,241,522,442,0,0,0,0,0,0,0,0,0,0,0,0,0,0,0,5,19131,0,19186,0,0,0,0,3252149,3261613,0,0,0,0,0,1000,1000,4753280
MPCTASK: EXP,0,104,5179,38,542,442,941,171,3,664,141,-646,159,1176,442,251,421,442,0,0,0,0,0,0,0,0,0,0,0,0,0,0,0,5,22700,0,23086,0,0,0,0,3858913,3924711,0,0,0,0,0,1000,1000,4753280
MPCTASK: EXP,0,106,5277,98,563,449,789,57,78,753,941,-736,285,1118,442,152,358,442,0,0,0,0,0,0,0,0,0,0,0,0,0,0,0,5,20342,0,20521,0,0,0,0,3457907,3488725,0,0,0,0,0,1000,1000,4753280
MPCTASK: EXP,0,108,5379,173,563,471,575,-45,131,880,1450,-857,375,1033,442,72,269,442,0,0,0,0,0,0,0,0,0,0,0,0,0,0,0,5,21010,0,21065,0,0,0,0,3571658,3581120,0,0,0,0,0,1000,1000,4753280
MPCTASK: EXP,0,110,5477,200,549,483,247,-161,73,815,2007,-889,421,922,442,-65,190,444,0,0,0,0,0,0,0,0,0,0,0,0,0,0,0,5,20003,0,20057,0,0,0,0,3400285,3409749,0,0,0,0,0,1000,1000,4753280
MPCTASK: EXP,0,112,5580,181,510,490,-198,-266,52,518,2336,-720,418,790,442,-232,101,445,0,0,0,0,0,0,0,0,0,0,0,0,0,0,0,5,22935,0,22997,0,0,0,0,3899017,3909636,0,0,0,0,0,1000,1000,4753280
MPCTASK: EXP,0,114,5677,116,453,488,-595,-404,-33,1023,1546,-355,367,638,442,-342,-60,442,0,0,0,0,0,0,0,0,0,0,0,0,0,0,0,5,19656,0,19711,0,0,0,0,3341529,3350992,0,0,0,0,0,1000,1000,4753280
MPCTASK: EXP,0,116,5786,59,435,479,-775,-530,-102,1116,995,-73,272,471,442,-399,-145,442,0,0,0,0,0,0,0,0,0,0,0,0,0,0,0,5,28951,0,29006,0,0,0,0,4921669,4931132,0,0,0,0,0,1000,1000,4931132
MPCTASK: EXP,0,118,5879,-41,377,465,-933,-738,-115,1390,249,-74,143,293,442,-439,-290,442,0,0,0,0,0,0,0,0,0,0,0,0,0,0,0,5,21475,0,21529,0,0,0,0,3650670,3660132,0,0,0,0,0,1000,1000,4931132
MPCTASK: EXP,0,120,5981,-106,336,460,-862,-910,-75,1380,-577,-330,-6,109,442,-392,-389,442,0,0,0,0,0,0,0,0,0,0,0,0,0,0,0,5,23680,0,23742,0,0,0,0,4025458,4036223,0,0,0,0,0,1000,1000,4931132
MPCTASK: EXP,0,122,6078,-188,242,460,-728,-1141,-18,1096,-1256,-734,-163,-77,442,-332,-512,442,0,0,0,0,0,0,0,0,0,0,0,0,0,0,0,5,19453,0,19508,0,0,0,0,3306881,3316347,0,0,0,0,0,1000,1000,4931132
MPCTASK: EXP,0,124,6180,-251,104,467,-492,-1357,70,445,-1534,-1103,-312,-262,442,-255,-638,442,0,0,0,0,0,0,0,0,0,0,0,0,0,0,0,5,22052,0,22107,0,0,0,0,3748869,3758336,0,0,0,0,0,1000,1000,4931132
MPCTASK: EXP,0,126,6279,-294,-15,474,-262,-1383,74,-406,-1143,-1137,-437,-440,442,-199,-673,442,0,0,0,0,0,0,0,0,0,0,0,0,0,0,0,5,21071,0,21127,0,0,0,0,3582033,3591660,0,0,0,0,0,1000,1000,4931132
MPCTASK: EXP,0,128,6381,-324,-136,477,-115,-1269,3,-1020,-744,-845,-528,-606,442,-152,-689,442,0,0,0,0,0,0,0,0,0,0,0,0,0,0,0,5,23286,0,23349,0,0,0,0,3958569,3969295,0,0,0,0,0,1000,1000,4931132
MPCTASK: EXP,0,130,6481,-332,-245,476,23,-1084,-44,-991,-832,-577,-573,-757,442,-73,-708,442,0,0,0,0,0,0,0,0,0,0,0,0,0,0,0,5,21757,0,21812,0,0,0,0,3698604,3708077,0,0,0,0,0,1000,1000,4931132
MPCTASK: EXP,0,132,6582,-322,-331,466,191,-915,-75,-804,-1033,-416,-571,-889,442,14,-714,442,0,0,0,0,0,0,0,0,0,0,0,0,0,0,0,5,22247,0,22301,0,0,0,0,3781862,3791320,0,0,0,0,0,1000,1000,4931132
MPCTASK: EXP,0,134,6682,-291,-406,459,395,-782,-52,-572,-1103,-343,-519,-998,442,104,-715,442,0,0,0,0,0,0,0,0,0,0,0,0,0,0,0,5,23042,0,23097,0,0,0,0,3916929,3926573,0,0,0,0,0,1000,1000,4931132
MPCTASK: EXP,0,136,6783,-235,-452,453,601,-654,-35,-419,-978,-348,-425,-1083,442,184,-686,442,0,0,0,0,0,0,0,0,0,0,0,0,0,0,0,5,24195,0,24258,0,0,0,0,4112965,4124209,0,0,0,0,0,1000,1000,4931132
MPCTASK: EXP,0,138,6882,-173,-487,448,750,-547,-17,-342,-698,-410,-296,-1140,442,231,-644,442,0,0,0,0,0,0,0,0,0,0,0,0,0,0,0,5,21897,0,21951,0,0,0,0,3722277,3731743,0,0,0,0,0,1000,1000,4931132
MPCTASK: EXP,0,140,6982,-100,-522,447,839,-464,16,-313,-344,-486,-146,-1169,442,251,-600,442,0,0,0,0,0,0,0,0,0,0,0,0,0,0,0,5,23024,0,23079,0,0,0,0,3914073,3923533,0,0,0,0,0,1000,1000,4931132
MPCTASK: EXP,0,142,7079,-17,-546,452,870,-371,52,-375,57,-551,10,-1168,442,250,-538,442,0,0,0,0,0,0,0,0,0,0,0,0,0,0,0,5,20335,0,20389,0,0,0,0,3456837,3466296,0,0,0,0,0,1000,1000,4931132
MPCTASK: EXP,0,144,7183,71,-572,458,836,-279,56,-518,547,-566,159,-1139,442,226,-468,442,0,0,0,0,0,0,0,0,0,0,0,0,0,0,0,5,23886,0,23940,0,0,0,0,4060573,4069873,0,0,0,0,0,1000,1000,4931132
MPCTASK: EXP,0,146,7281,145,-582,470,707,-139,54,-749,1072,-525,285,-1080,442,162,-370,442,0,0,0,0,0,0,0,0,0,0,0,0,0,0,0,5,20968,0,21024,0,0,0,0,3564545,3574165,0,0,0,0,0,1000,1000,4931132
MPCTASK: EXP,0,148,7383,210,-583,474,517,24,-7,-939,1493,-438,375,-995,442,89,-265,442,0,0,0,0,0,0,0,0,0,0,0,0,0,0,0,5,23094,0,23149,0,0,0,0,3925990,3935453,0,0,0,0,0,1000,1000,4931132
MPCTASK: EXP,0,150,7482,249,-561,471,263,229,-63,-1060,1695,-332,421,-885,442,0,-140,442,0,0,0,0,0,0,0,0,0,0,0,0,0,0,0,5,23202,0,23258,0,0,0,0,3944213,3953970,0,0,0,0,0,1000,1000,4931132
MPCTASK: EXP,0,152,7582,257,-525,470,-26,437,-66,-1099,1713,-230,418,-752,442,-95,-11,442,0,0,0,0,0,0,0,0,0,0,0,0,0,0,0,5,22882,0,23169,0,0,0,0,3889821,3938770,0,0,0,0,0,1000,1000,4931132
MPCTASK: EXP,0,154,7680,240,-469,461,-312,649,-82,-1125,1592,-116,367,-600,442,-187,126,442,0,0,0,0,0,0,0,0,0,0,0,0,0,0,0,5,20666,0,20721,0,0,0,0,3513150,3522616,0,0,0,0,0,1000,1000,4931132
MPCTASK: EXP,0,156,7782,198,-397,454,-567,846,-59,-1035,1294,-15,272,-433,442,-260,259,442,0,0,0,0,0,0,0,0,0,0,0,0,0,0,0,5,22559,0,22621,0,0,0,0,3834869,3845632,0,0,0,0,0,1000,1000,4931132
MPCTASK: EXP,0,158,7878,147,-307,453,-742,1005,-6,-759,891,73,143,-255,442,-299,376,442,0,0,0,0,0,0,0,0,0,0,0,0,0,0,0,5,19073,0,19127,0,0,0,0,3242293,3251752,0,0,0,0,0,1000,1000,4931132
MPCTASK: EXP,0,160,7982,72,-225,457,-853,1064,31,-364,439,134,-6,-71,442,-320,451,442,0,0,0,0,0,0,0,0,0,0,0,0,0,0,0,5,22898,0,23094,0,0,0,0,3892573,3925957,0,0,0,0,0,1000,1000,4931132
MPCTASK: EXP,0,162,8081,14,-142,461,-839,1052,36,-104,-1,216,-163,115,442,-289,509,442,0,0,0,0,0,0,0,0,0,0,0,0,0,0,0,5,20585,0,20839,0,0,0,0,3499245,3542650,0,0,0,0,0,1000,1000,4931132
MPCTASK: EXP,0,164,8183,-43,-55,466,-769,1028,23,-19,-328,285,-312,300,442,-244,570,442,0,0,0,0,0,0,0,0,0,0,0,0,0,0,0,5,23959,0,24013,0,0,0,0,4072921,4082222,0,0,0,0,0,1000,1000,4931132
MPCTASK: EXP,0,166,8281,-90,36,471,-652,1016,13,-21,-521,348,-437,478,442,-185,635,442,0,0,0,0,0,0,0,0,0,0,0,0,0,0,0,5,22092,0,22145,0,0,0,0,3755381,3764841,0,0,0,0,0,1000,1000,4931132
MPCTASK: EXP,0,168,8382,-121,107,477,-519,992,0,-66,-763,455,-527,644,442,-110,674,442,0,0,0,0,0,0,0,0,0,0,0,0,0,0,0,5,22825,0,23098,0,0,0,0,3880209,3926816,0,0,0,0,0,1000,1000,4931132
MPCTASK: EXP,0,170,8481,-144,183,473,-339,963,-60,-32,-892,545,-573,795,442,-36,703,442,0,0,0,0,0,0,0,0,0,0,0,0,0,0,0,5,20849,0,20903,0,0,0,0,3544257,3553724,0,0,0,0,0,1000,1000,4931132
MPCTASK: EXP,0,172,8585,-158,253,466,-172,932,-67,44,-861,585,-571,927,442,26,713,442,0,0,0,0,0,0,0,0,0,0,0,0,0,0,0,5,25644,0,25977,0,0,0,0,4359429,4416075,0,0,0,0,0,1000,1000,4931132
MPCTASK: EXP,0,174,8681,-164,322,463,5,873,-38,343,-1108,491,-519,1036,442,94,699,442,0,0,0,0,0,0,0,0,0,0,0,0,0,0,0,5,21951,0,22008,0,0,0,0,3731541,3741516,0,0,0,0,0,1000,1000,4931132
MPCTASK: EXP,0,176,8783,-123,378,460,260,770,-34,344,-1057,332,-425,1121,442,178,675,442,0,0,0,0,0,0,0,0,0,0,0,0,0,0,0,5,23713,0,23775,0,0,0,0,4030958,4041984,0,0,0,0,0,1000,1000,4931132
MPCTASK: EXP,0,178,8881,-110,446,460,376,701,-17,333,-687,86,-296,1178,442,176,662,442,0,0,0,0,0,0,0,0,0,0,0,0,0,0,0,5,21070,0,21125,0,0,0,0,3581873,3591333,0,0,0,0,0,1000,1000,4931132
MPCTASK: EXP,0,180,8983,-104,494,462,422,587,15,528,-675,-255,-146,1207,442,159,607,442,0,0,0,0,0,0,0,0,0,0,0,0,0,0,0,5,23203,0,23257,0,0,0,0,3944306,3953765,0,0,0,0,0,1000,1000,4931132
MPCTASK: EXP,0,182,9082,-91,535,467,462,450,28,712,-538,-561,10,1206,442,127,540,442,0,0,0,0,0,0,0,0,0,0,0,0,0,0,0,5,23025,0,23078,0,0,0,0,3914017,3923479,0,0,0,0,0,1000,1000,4931132
MPCTASK: EXP,0,184,9180,-57,533,472,506,240,17,842,-336,-749,159,1177,442,95,423,442,0,0,0,0,0,0,0,0,0,0,0,0,0,0,0,5,21014,0,21075,0,0,0,0,3572349,3582927,0,0,0,0,0,1000,1000,4931132
MPCTASK: EXP,0,186,9281,-28,554,475,463,105,-7,863,215,-949,284,1119,442,16,351,442,0,0,0,0,0,0,0,0,0,0,0,0,0,0,0,5,21736,0,21791,0,0,0,0,3695145,3704607,0,0,0,0,0,1000,1000,4931132
MPCTASK: EXP,0,188,9382,9,576,475,361,5,-13,931,579,-1025,374,1034,442,-45,282,442,0,0,0,0,0,0,0,0,0,0,0,0,0,0,0,5,22979,0,23033,0,0,0,0,3906249,3915712,0,0,0,0,0,1000,1000,4931132
MPCTASK: EXP,0,190,9480,19,564,477,193,-166,-32,1240,749,-970,419,924,442,-135,162,442,0,0,0,0,0,0,0,0,0,0,0,0,0,0,0,5,20578,0,20633,0,0,0,0,3498282,3507753,0,0,0,0,0,1000,1000,4931132
MPCTASK: EXP,0,192,9582,3,518,475,-34,-390,-41,1290,926,-985,416,792,442,-241,18,442,0,0,0,0,0,0,0,0,0,0,0,0,0,0,0,5,22312,0,22368,0,0,0,0,3792941,3802566,0,0,0,0,0,1000,1000,4931132
MPCTASK: EXP,0,194,9680,-42,440,470,-285,-654,-54,1419,853,-976,365,641,442,-340,-157,442,0,0,0,0,0,0,0,0,0,0,0,0,0,0,0,5,20025,0,20080,0,0,0,0,3404122,3413604,0,0,0,0,0,1000,1000,4931132
MPCTASK: EXP,0,196,9780,-109,348,461,-474,-905,-83,1310,302,-840,270,474,442,-394,-318,442,0,0,0,0,0,0,0,0,0,0,0,0,0,0,0,5,21065,0,21120,0,0,0,0,3580953,3590432,0,0,0,0,0,1000,1000,4931132
MPCTASK: EXP,0,198,9882,-192,224,449,-572,-1130,-67,655,-13,-762,142,295,442,-442,-458,442,0,0,0,0,0,0,0,0,0,0,0,0,0,0,0,5,23078,0,23135,0,0,0,0,3923133,3933064,0,0,0,0,0,1000,1000,4931132
MPCTASK: EXP,0,200,9982,-264,119,442,-583,-1177,-3,63,-166,-596,-7,109,442,-453,-536,442,0,0,0,0,0,0,0,0,0,0,0,0,0,0,0,5,21617,0,21809,0,0,0,0,3674738,3707668,0,0,0,0,0,1000,1000,4931132
MPCTASK: EXP,0,202,10080,-307,13,449,-509,-1136,44,-359,-419,-295,-162,-79,442,-405,-590,442,0,0,0,0,0,0,0,0,0,0,0,0,0,0,0,5,20695,0,20750,0,0,0,0,3518153,3527650,0,0,0,0,0,1000,1000,4931132
MPCTASK: EXP,0,204,10182,-351,-70,459,-419,-1015,22,-471,-538,29,-308,-266,442,-365,-619,442,0,0,0,0,0,0,0,0,0,0,0,0,0,0,0,5,23015,0,23072,0,0,0,0,3912457,3922397,0,0,0,0,0,1000,1000,4931132
MPCTASK: EXP,0,206,10279,-380,-156,459,-314,-932,-59,-305,-770,369,-430,-448,442,-297,-655,442,0,0,0,0,0,0,0,0,0,0,0,0,0,0,0,5,20341,0,20396,0,0,0,0,3457889,3467388,0,0,0,0,0,1000,1000,4931132
MPCTASK: EXP,0,208,10381,-399,-216,451,-149,-818,-82,-108,-1043,654,-517,-619,442,-219,-658,442,0,0,0,0,0,0,0,0,0,0,0,0,0,0,0,5,21117,0,21172,0,0,0,0,3589777,3599276,0,0,0,0,0,1000,1000,4931132
MPCTASK: EXP,0,210,10480,-396,-278,443,49,-753,-108,0,-1147,937,-559,-774,442,-136,-649,442,0,0,0,0,0,0,0,0,0,0,0,0,0,0,0,5,20097,0,20155,0,0,0,0,3416357,3426308,0,0,0,0,0,1000,1000,4931132
MPCTASK: EXP,0,212,10582,-368,-323,428,275,-662,-102,-7,-1150,1106,-554,-909,442,-52,-611,442,0,0,0,0,0,0,0,0,0,0,0,0,0,0,0,5,22291,0,22346,0,0,0,0,3789426,3798929,0,0,0,0,0,1000,1000,4931132
MPCTASK: EXP,0,214,10680,-318,-363,416,492,-582,-68,0,-984,1069,-504,-1017,442,21,-563,442,0,0,0,0,0,0,0,0,0,0,0,0,0,0,0,5,21173,0,21236,0,0,0,0,3599393,3610196,0,0,0,0,0,1000,1000,4931132
MPCTASK: EXP,0,216,10783,-259,-387,408,655,-484,-17,-129,-730,871,-414,-1096,442,67,-490,442,0,0,0,0,0,0,0,0,0,0,0,0,0,0,0,5,22833,0,22890,0,0,0,0,3881487,3891277,0,0,0,0,0,1000,1000,4931132
MPCTASK: EXP,0,218,10879,-172,-413,406,790,-403,28,-258,-398,558,-298,-1138,442,115,-425,442,0,0,0,0,0,0,0,0,0,0,0,0,0,0,0,5,19655,0,19710,0,0,0,0,3341330,3350836,0,0,0,0,0,1000,1000,4931132
MPCTASK: EXP,0,220,10982,-92,-425,409,822,-289,65,-455,70,198,-170,-1142,441,120,-349,441,0,0,0,0,0,0,0,0,0,0,0,0,0,0,0,5,22411,0,22466,0,0,0,0,3809738,3819236,0,0,0,0,0,1000,1000,4931132
MPCTASK: EXP,0,222,11084,-13,-434,421,768,-169,107,-571,557,-96,-45,-1104,441,115,-293,441,0,0,0,0,0,0,0,0,0,0,0,0,0,0,0,5,25033,0,25090,0,0,0,0,4255529,4265319,0,0,0,0,0,1000,1000,4931132
MPCTASK: EXP,0,224,11182,47,-442,443,626,-55,124,-656,965,-298,60,-1024,442,95,-263,442,0,0,0,0,0,0,0,0,0,0,0,0,0,0,0,5,22008,0,22063,0,0,0,0,3741273,3750772,0,0,0,0,0,1000,1000,4931132
MPCTASK: EXP,0,226,11282,98,-427,456,452,93,63,-719,1236,-377,133,-905,442,83,-232,442,0,0,0,0,0,0,0,0,0,0,0,0,0,0,0,5,22647,0,22702,0,0,0,0,3849897,3859397,0,0,0,0,0,1000,1000,4931132
MPCTASK: EXP,0,228,11381,129,-403,460,246,235,-9,-612,1280,-367,167,-753,442,58,-199,442,0,0,0,0,0,0,0,0,0,0,0,0,0,0,0,5,21638,0,22050,0,0,0,0,3678437,3748635,0,0,0,0,0,1000,1000,4931132
MPCTASK: EXP,0,230,11479,146,-368,453,54,344,-53,-337,1052,-305,160,-580,442,41,-169,442,0,0,0,0,0,0,0,0,0,0,0,0,0,0,0,5,20012,0,20067,0,0,0,0,3401933,3411435,0,0,0,0,0,1000,1000,4931132
MPCTASK: EXP,0,232,11582,148,-334,448,-97,385,-36,-144,759,-187,119,-401,442,17,-133,442,0,0,0,0,0,0,0,0,0,0,0,0,0,0,0,5,22258,0,22313,0,0,0,0,3783813,3793312,0,0,0,0,0,1000,1000,4931132
MPCTASK: EXP,0,234,11678,138,-293,445,-200,404,-16,-15,503,-38,58,-236,442,-14,-67,442,0,0,0,0,0,0,0,0,0,0,0,0,0,0,0,5,18698,0,18755,0,0,0,0,3178657,3188462,0,0,0,0,0,1000,1000,4931132
MPCTASK: EXP,0,236,11778,124,-262,445,-249,384,1,22,286,88,-5,-103,442,-54,16,442,0,0,0,0,0,0,0,0,0,0,0,0,0,0,0,5,19006,0,19060,0,0,0,0,3230953,3240294,0,0,0,0,0,1000,1000,4931132
MPCTASK: EXP,0,238,11879,119,-213,447,-249,406,1,-151,225,202,-52,-19,442,-92,157,442,0,0,0,0,0,0,0,0,0,0,0,0,0,0,0,5,20501,0,20562,0,0,0,0,3484989,3495795,0,0,0,0,0,1000,1000,4931132
MPCTASK: EXP,0,240,11982,130,-172,451,-224,444,9,-354,300,285,-73,15,442,-98,286,442,0,0,0,0,0,0,0,0,0,0,0,0,0,0,0,5,22649,0,22703,0,0,0,0,3850334,3859672,0,0,0,0,0,1000,1000,4931132
MPCTASK: EXP,0,242,12079,113,-126,451,-275,522,-8,-724,406,420,-76,18,442,-114,415,442,0,0,0,0,0,0,0,0,0,0,0,0,0,0,0,5,19853,0,19908,0,0,0,0,3375017,3384520,0,0,0,0,0,1000,1000,4931132
MPCTASK: EXP,0,244,12182,104,-76,453,-315,648,-13,-1060,367,594,-80,26,442,-83,517,442,0,0,0,0,0,0,0,0,0,0,0,0,0,0,0,5,22807,0,22865,0,0,0,0,3877013,3887040,0,0,0,0,0,1000,1000,4931132
MPCTASK: EXP,0,246,12281,79,-14,453,-375,809,-23,-1089,274,750,-105,72,442,-62,608,442,0,0,0,0,0,0,0,0,0,0,0,0,0,0,0,5,21875,0,21931,0,0,0,0,3718729,3728361,0,0,0,0,0,1000,1000,4931132
MPCTASK: EXP,0,248,12382,54,74,452,-397,970,-18,-786,2,874,-153,171,442,-19,689,442,0,0,0,0,0,0,0,0,0,0,0,0,0,0,0,5,21217,0,21271,0,0,0,0,3606725,3616066,0,0,0,0,0,1000,1000,4931132
MPCTASK: EXP,0,250,12481,45,195,446,-334,1105,-17,-276,-314,1025,-209,316,442,55,768,442,0,0,0,0,0,0,0,0,0,0,0,0,0,0,0,5,21069,0,21124,0,0,0,0,3581693,3591193,0,0,0,0,0,1000,1000,4931132
MPCTASK: EXP,0,252,12587,12,261,443,-269,1051,-3,52,-508,1037,-256,490,442,90,765,442,0,0,0,0,0,0,0,0,0,0,0,0,0,0,0,5,27086,0,27142,0,0,0,0,4604509,4614138,0,0,0,0,0,1000,1000,4931132
MPCTASK: EXP,0,254,12681,-25,346,449,-189,1005,21,345,-703,942,-277,671,442,115,766,442,0,0,0,0,0,0,0,0,0,0,0,0,0,0,0,5,21264,0,21327,0,0,0,0,3614869,3625668,0,0,0,0,0,1000,1000,4931132
MPCTASK: EXP,0,256,12783,-56,401,455,-79,874,8,510,-919,850,-262,841,442,137,726,442,0,0,0,0,0,0,0,0,0,0,0,0,0,0,0,5,22040,0,22262,0,0,0,0,3746653,3784632,0,0,0,0,0,1000,1000,4931132
MPCTASK: EXP,0,258,12881,-90,468,457,30,769,-22,655,-1047,609,-207,984,442,135,697,442,0,0,0,0,0,0,0,0,0,0,0,0,0,0,0,5,20251,0,20306,0,0,0,0,3442614,3452116,0,0,0,0,0,1000,1000,4931132
MPCTASK: EXP,0,260,12983,-89,490,458,196,569,-33,759,-1025,369,-118,1090,441,149,610,441,0,0,0,0,0,0,0,0,0,0,0,0,0,0,0,5,23190,0,23247,0,0,0,0,3942169,3952072,0,0,0,0,0,1000,1000,4931132
MPCTASK: EXP,0,262,13082,-80,501,453,322,393,-63,836,-846,113,-5,1153,441,136,514,441,0,0,0,0,0,0,0,0,0,0,0,0,0,0,0,5,21504,0,21570,0,0,0,0,3655461,3666957,0,0,0,0,0,1000,1000,4931132
MPCTASK: EXP,0,264,13186,-64,504,445,426,168,-54,886,-642,-208,117,1172,441,111,401,441,0,0,0,0,0,0,0,0,0,0,0,0,0,0,0,5,23677,0,23926,0,0,0,0,4025022,4067499,0,0,0,0,0,1000,1000,4931132
MPCTASK: EXP,0,266,13279,-41,491,440,473,-28,-18,779,-339,-417,234,1149,442,69,291,442,0,0,0,0,0,0,0,0,0,0,0,0,0,0,0,5,18098,0,18153,0,0,0,0,3076561,3086069,0,0,0,0,0,1000,1000,4931132
MPCTASK: EXP,0,268,13384,-29,473,441,422,-192,16,801,29,-577,329,1087,442,-5,186,442,0,0,0,0,0,0,0,0,0,0,0,0,0,0,0,5,23230,0,23285,0,0,0,0,3948989,3958493,0,0,0,0,0,1000,1000,4931132
MPCTASK: EXP,0,270,13481,-23,440,446,331,-343,42,938,312,-735,390,991,442,-83,62,442,0,0,0,0,0,0,0,0,0,0,0,0,0,0,0,5,20426,0,20482,0,0,0,0,3472434,3482071,0,0,0,0,0,1000,1000,4931132
MPCTASK: EXP,0,272,13584,-13,379,458,208,-549,56,1048,370,-876,407,866,442,-144,-85,442,0,0,0,0,0,0,0,0,0,0,0,0,0,0,0,5,22208,0,22262,0,0,0,0,3775218,3784558,0,0,0,0,0,1000,1000,4931132
MPCTASK: EXP,0,274,13687,-26,320,463,54,-680,2,784,779,-956,378,718,442,-243,-191,442,0,0,0,0,0,0,0,0,0,0,0,0,0,0,0,5,25044,0,25099,0,0,0,0,4257485,4266988,0,0,0,0,0,1000,1000,4931132
MPCTASK: EXP,0,276,13787,-46,248,466,-140,-788,-3,766,848,-844,304,552,442,-305,-309,442,0,0,0,0,0,0,0,0,0,0,0,0,0,0,0,5,25148,0,25202,0,0,0,0,4274937,4284571,0,0,0,0,0,1000,1000,4931132
MPCTASK: EXP,0,278,13880,-83,169,464,-310,-878,-43,512,752,-592,192,373,442,-358,-406,442,0,0,0,0,0,0,0,0,0,0,0,0,0,0,0,5,18180,0,18234,0,0,0,0,3090481,3099821,0,0,0,0,0,1000,1000,4931132
MPCTASK: EXP,0,280,13986,-123,77,461,-442,-939,-52,280,633,-288,52,186,442,-382,-502,442,0,0,0,0,0,0,0,0,0,0,0,0,0,0,0,5,22907,0,22962,0,0,0,0,3894122,3903621,0,0,0,0,0,1000,1000,4931132
MPCTASK: EXP,0,282,14087,-168,-12,456,-521,-959,-74,100,356,-14,-101,-2,442,-377,-582,442,0,0,0,0,0,0,0,0,0,0,0,0,0,0,0,5,23973,0,24030,0,0,0,0,4075349,4085137,0,0,0,0,0,1000,1000,4931132
MPCTASK: EXP,0,284,14186,-213,-98,452,-538,-944,-71,-30,41,165,-253,-190,442,-348,-644,442,0,0,0,0,0,0,0,0,0,0,0,0,0,0,0,5,22978,0,23032,0,0,0,0,3906133,3915474,0,0,0,0,0,1000,1000,4931132
MPCTASK: EXP,0,286,14287,-253,-185,445,-494,-924,-58,-33,-329,260,-389,-372,442,-290,-705,442,0,0,0,0,0,0,0,0,0,0,0,0,0,0,0,5,23268,0,23653,0,0,0,0,3955561,4021153,0,0,0,0,0,1000,1000,4931132
MPCTASK: EXP,0,288,14388,-280,-259,444,-368,-888,-15,76,-741,246,-494,-544,442,-203,-750,442,0,0,0,0,0,0,0,0,0,0,0,0,0,0,0,5,22300,0,22357,0,0,0,0,3790955,3800742,0,0,0,0,0,1000,1000,4931132
MPCTASK: EXP,0,290,14489,-294,-336,446,-186,-877,-5,100,-1028,181,-559,-701,442,-107,-789,442,0,0,0,0,0,0,0,0,0,0,0,0,0,0,0,5,23547,0,23603,0,0,0,0,4002873,4012525,0,0,0,0,0,1000,1000,4931132
MPCTASK: EXP,0,292,14587,-281,-400,443,38,-838,-39,11,-1128,100,-576,-841,442,-2,-798,442,0,0,0,0,0,0,0,0,0,0,0,0,0,0,0,5,21270,0,21492,0,0,0,0,3615893,3653714,0,0,0,0,0,1000,1000,4931132
MPCTASK: EXP,0,294,14688,-239,-469,434,285,-800,-62,-127,-1085,-1,-544,-959,442,105,-801,442,0,0,0,0,0,0,0,0,0,0,0,0,0,0,0,5,23092,0,23153,0,0,0,0,3925553,3936169,0,0,0,0,0,1000,1000,4931132
MPCTASK: EXP,0,296,14788,-184,-517,429,497,-709,-37,-280,-878,-166,-467,-1053,442,191,-768,442,0,0,0,0,0,0,0,0,0,0,0,0,0,0,0,5,22198,0,22422,0,0,0,0,3773618,3811910,0,0,0,0,0,1000,1000,4931132
MPCTASK: EXP,0,298,14885,-101,-569,421,685,-628,-16,-364,-588,-349,-351,-1121,442,268,-739,442,0,0,0,0,0,0,0,0,0,0,0,0,0,0,0,5,20075,0,20515,0,0,0,0,3412661,3487618,0,0,0,0,0,1000,1000,4931132
MPCTASK: EXP,0,300,14987,-8,-615,421,803,-536,28,-462,-193,-515,-207,-1161,442,313,-696,442,0,0,0,0,0,0,0,0,0,0,0,0,0,0,0,5,21327,0,21383,0,0,0,0,3625473,3635198,0,0,0,0,0,1000,1000,4931132
MPCTASK: EXP,0,302,15086,62,-646,427,808,-427,65,-550,204,-632,-51,-1172,442,303,-634,442,0,0,0,0,0,0,0,0,0,0,0,0,0,0,0,5,21240,0,21515,0,0,0,0,3610641,3657621,0,0,0,0,0,1000,1000,4931132
MPCTASK: EXP,0,304,15189,151,-681,438,751,-296,74,-680,649,-671,101,-1154,442,278,-563,442,0,0,0,0,0,0,0,0,0,0,0,0,0,0,0,5,23262,0,23316,0,0,0,0,3954410,3963750,0,0,0,0,0,1000,1000,4931132
MPCTASK: EXP,0,306,15288,217,-698,450,623,-148,50,-857,1064,-629,238,-1107,442,214,-471,442,0,0,0,0,0,0,0,0,0,0,0,0,0,0,0,5,23066,0,23124,0,0,0,0,3921221,3931164,0,0,0,0,0,1000,1000,4931132
MPCTASK: EXP,0,308,15388,276,-681,456,449,69,-15,-1060,1456,-502,343,-1032,442,139,-337,442,0,0,0,0,0,0,0,0,0,0,0,0,0,0,0,5,21962,0,22018,0,0,0,0,3733594,3743238,0,0,0,0,0,1000,1000,4931132
MPCTASK: EXP,0,310,15488,304,-648,454,222,292,-68,-1172,1681,-353,408,-931,442,44,-198,442,0,0,0,0,0,0,0,0,0,0,0,0,0,0,0,5,22575,0,22629,0,0,0,0,3837661,3847006,0,0,0,0,0,1000,1000,4931132
MPCTASK: EXP,0,312,15590,314,-596,443,-61,534,-109,-1177,1717,-194,425,-807,442,-55,-52,442,0,0,0,0,0,0,0,0,0,0,0,0,0,0,0,5,23889,0,24279,0,0,0,0,4061030,4127454,0,0,0,0,0,1000,1000,4931132
MPCTASK: EXP,0,314,15689,288,-522,432,-367,772,-83,-1074,1544,-60,393,-663,442,-160,99,442,0,0,0,0,0,0,0,0,0,0,0,0,0,0,0,5,22924,0,23542,0,0,0,0,3896518,4002373,0,0,0,0,0,1000,1000,4931132
MPCTASK: EXP,0,316,15789,232,-427,428,-635,972,-26,-872,1209,42,314,-502,442,-252,245,442,0,0,0,0,0,0,0,0,0,0,0,0,0,0,0,5,23910,0,23964,0,0,0,0,4064561,4073902,0,0,0,0,0,1000,1000,4931132
MPCTASK: EXP,0,318,15887,159,-332,428,-820,1085,23,-502,797,128,198,-328,442,-313,352,442,0,0,0,0,0,0,0,0,0,0,0,0,0,0,0,5,21578,0,21634,0,0,0,0,3668233,3677860,0,0,0,0,0,1000,1000,4931132
MPCTASK: EXP,0,320,15987,85,-230,432,-890,1100,47,-102,307,211,55,-145,442,-328,433,442,0,0,0,0,0,0,0,0,0,0,0,0,0,0,0,5,21090,0,21387,0,0,0,0,3585090,3635798,0,0,0,0,0,1000,1000,4931132
MPCTASK: EXP,0,322,16087,18,-141,438,-891,1083,56,30,4,270,-101,41,442,-319,507,442,0,0,0,0,0,0,0,0,0,0,0,0,0,0,0,5,21481,0,21536,0,0,0,0,3651757,3661261,0,0,0,0,0,1000,1000,4931132
MPCTASK: EXP,0,324,16187,-59,-52,450,-827,1019,34,57,-319,342,-254,227,442,-293,563,442,0,0,0,0,0,0,0,0,0,0,0,0,0,0,0,5,21585,0,21640,0,0,0,0,3669349,3679003,0,0,0,0,0,1000,1000,4931132
MPCTASK: EXP,0,326,16287,-138,6,456,-780,953,-3,90,-563,439,-391,408,442,-270,591,442,0,0,0,0,0,0,0,0,0,0,0,0,0,0,0,5,21896,0,21950,0,0,0,0,3722277,3731619,0,0,0,0,0,1000,1000,4931132
MPCTASK: EXP,0,328,16391,-177,71,455,-598,899,-30,-33,-918,571,-496,579,442,-181,628,442,0,0,0,0,0,0,0,0,0,0,0,0,0,0,0,5,24993,0,25317,0,0,0,0,4248493,4303986,0,0,0,0,0,1000,1000,4931132
MPCTASK: EXP,0,330,16483,-215,127,452,-408,871,-43,-228,-1100,716,-561,737,442,-108,662,442,0,0,0,0,0,0,0,0,0,0,0,0,0,0,0,5,17902,0,17956,0,0,0,0,3043349,3052690,0,0,0,0,0,1000,1000,4931132
MPCTASK: EXP,0,332,16587,-229,193,446,-198,894,-60,-191,-1142,812,-578,877,442,-26,686,442,0,0,0,0,0,0,0,0,0,0,0,0,0,0,0,5,21571,0,21799,0,0,0,0,3666869,3705932,0,0,0,0,0,1000,1000,4931132
MPCTASK: EXP,0,334,16687,-237,270,441,11,903,-48,54,-1172,823,-546,995,442,41,703,442,0,0,0,0,0,0,0,0,0,0,0,0,0,0,0,5,21481,0,21535,0,0,0,0,3651741,3661086,0,0,0,0,0,1000,1000,4931132
MPCTASK: EXP,0,336,16786,-226,351,437,210,882,-32,364,-1092,729,-467,1090,442,101,699,442,0,0,0,0,0,0,0,0,0,0,0,0,0,0,0,5,20332,0,20396,0,0,0,0,3456348,3467369,0,0,0,0,0,1000,1000,4931132
MPCTASK: EXP,0,338,16889,-212,421,440,373,794,9,529,-982,548,-351,1158,442,132,678,442,0,0,0,0,0,0,0,0,0,0,0,0,0,0,0,5,22448,0,22502,0,0,0,0,3816129,3825470,0,0,0,0,0,1000,1000,4931132
MPCTASK: EXP,0,340,16988,-174,475,444,520,667,26,644,-747,343,-207,1199,442,153,628,442,0,0,0,0,0,0,0,0,0,0,0,0,0,0,0,5,22296,0,22352,0,0,0,0,3790242,3800042,0,0,0,0,0,1000,1000,4931132
MPCTASK: EXP,0,342,17089,-167,501,452,540,478,41,775,-468,126,-51,1210,442,107,537,442,0,0,0,0,0,0,0,0,0,0,0,0,0,0,0,5,23010,0,23071,0,0,0,0,3911617,3922077,0,0,0,0,0,1000,1000,4931132
MPCTASK: EXP,0,344,17188,-120,539,459,584,329,33,953,-268,-141,102,1192,442,90,462,442,0,0,0,0,0,0,0,0,0,0,0,0,0,0,0,5,21059,0,21113,0,0,0,0,3579785,3589286,0,0,0,0,0,1000,1000,4931132
MPCTASK: EXP,0,346,17289,-81,534,460,573,106,-22,1098,-36,-323,238,1145,442,47,338,442,0,0,0,0,0,0,0,0,0,0,0,0,0,0,0,5,22812,0,22866,0,0,0,0,3877905,3887409,0,0,0,0,0,1000,1000,4931132
MPCTASK: EXP,0,348,17388,-54,514,460,488,-123,-38,1097,428,-377,343,1070,442,-33,215,442,0,0,0,0,0,0,0,0,0,0,0,0,0,0,0,5,22004,0,22057,0,0,0,0,3740589,3749930,0,0,0,0,0,1000,1000,4931132
MPCTASK: EXP,0,350,17489,-33,479,457,328,-329,-49,1015,876,-312,408,969,442,-125,94,442,0,0,0,0,0,0,0,0,0,0,0,0,0,0,0,5,21290,0,21345,0,0,0,0,3619330,3628828,0,0,0,0,0,1000,1000,4931132
MPCTASK: EXP,0,352,17587,-21,457,452,140,-450,-45,903,1011,-262,425,845,442,-202,2,442,0,0,0,0,0,0,0,0,0,0,0,0,0,0,0,5,20130,0,20185,0,0,0,0,3421977,3431481,0,0,0,0,0,1000,1000,4931132
MPCTASK: EXP,0,354,17688,-55,383,448,-98,-657,-50,1066,936,-96,393,701,442,-301,-160,442,0,0,0,0,0,0,0,0,0,0,0,0,0,0,0,5,20990,0,21045,0,0,0,0,3568209,3577708,0,0,0,0,0,1000,1000,4931132
MPCTASK: EXP,0,356,17786,-96,301,440,-286,-847,-75,911,788,61,314,540,442,-372,-297,442,0,0,0,0,0,0,0,0,0,0,0,0,0,0,0,5,19514,0,19569,0,0,0,0,3317222,3326821,0,0,0,0,0,1000,1000,4931132
MPCTASK: EXP,0,358,17891,-158,207,432,-444,-991,-58,615,496,172,198,366,442,-426,-419,442,0,0,0,0,0,0,0,0,0,0,0,0,0,0,0,5,23197,0,23252,0,0,0,0,3943557,3953060,0,0,0,0,0,1000,1000,4931132
MPCTASK: EXP,0,360,17992,-218,132,426,-519,-1035,-27,364,146,247,55,183,442,-441,-494,442,0,0,0,0,0,0,0,0,0,0,0,0,0,0,0,5,23928,0,23982,0,0,0,0,4067638,4076978,0,0,0,0,0,1000,1000,4931132
MPCTASK: EXP,0,362,18087,-288,32,430,-547,-1070,28,154,-192,296,-101,-3,442,-439,-583,442,0,0,0,0,0,0,0,0,0,0,0,0,0,0,0,5,20023,0,20078,0,0,0,0,3403713,3413345,0,0,0,0,0,1000,1000,4931132
MPCTASK: EXP,0,364,18188,-326,-69,436,-460,-1078,24,164,-516,322,-255,-189,442,-375,-669,442,0,0,0,0,0,0,0,0,0,0,0,0,0,0,0,5,21533,0,21596,0,0,0,0,3660565,3671465,0,0,0,0,0,1000,1000,4931132
MPCTASK: EXP,0,366,18288,-357,-173,439,-342,-1071,-10,-163,-672,406,-391,-370,442,-310,-720,442,0,0,0,0,0,0,0,0,0,0,0,0,0,0,0,5,21191,0,21252,0,0,0,0,3602401,3612890,0,0,0,0,0,1000,1000,4931132
MPCTASK: EXP,0,368,18386,-365,-264,438,-190,-985,-21,-413,-764,492,-496,-541,442,-219,-746,442,0,0,0,0,0,0,0,0,0,0,0,0,0,0,0,5,19091,0,19146,0,0,0,0,3245441,3254948,0,0,0,0,0,1000,1000,4931132
MPCTASK: EXP,0,370,18490,-365,-345,437,-28,-875,-17,-414,-940,471,-561,-699,442,-123,-763,442,0,0,0,0,0,0,0,0,0,0,0,0,0,0,0,5,22657,0,22712,0,0,0,0,3851622,3861123,0,0,0,0,0,1000,1000,4931132
MPCTASK: EXP,0,372,18587,-348,-403,435,167,-747,-12,-297,-1075,315,-578,-839,442,-20,-759,442,0,0,0,0,0,0,0,0,0,0,0,0,0,0,0,5,19122,0,19315,0,0,0,0,3250725,3283662,0,0,0,0,0,1000,1000,4931132
MPCTASK: EXP,0,374,18690,-309,-453,431,378,-655,-23,-191,-1072,103,-546,-958,442,80,-748,442,0,0,0,0,0,0,0,0,0,0,0,0,0,0,0,5,22638,0,22693,0,0,0,0,3848518,3858022,0,0,0,0,0,1000,1000,4931132
MPCTASK: EXP,0,376,18787,-255,-481,426,575,-557,-18,-144,-957,-136,-467,-1052,442,165,-712,442,0,0,0,0,0,0,0,0,0,0,0,0,0,0,0,5,20047,0,20102,0,0,0,0,3407869,3417372,0,0,0,0,0,1000,1000,4931132
MPCTASK: EXP,0,378,18894,-176,-507,426,761,-491,17,-84,-754,-392,-351,-1121,442,245,-677,442,0,0,0,0,0,0,0,0,0,0,0,0,0,0,0,5,26656,0,26710,0,0,0,0,4531457,4540798,0,0,0,0,0,1000,1000,4931132
MPCTASK: EXP,0,380,18987,-94,-546,427,871,-468,38,-91,-431,-624,-207,-1161,442,283,-652,442,0,0,0,0,0,0,0,0,0,0,0,0,0,0,0,5,19544,0,19606,0,0,0,0,3322373,3333118,0,0,0,0,0,1000,1000,4931132
MPCTASK: EXP,0,382,19089,-1,-573,432,925,-411,59,-201,0,-783,-51,-1172,442,298,-598,442,0,0,0,0,0,0,0,0,0,0,0,0,0,0,0,5,20673,0,20728,0,0,0,0,3514253,3523756,0,0,0,0,0,1000,1000,4931132
MPCTASK: EXP,0,384,19190,78,-591,440,871,-318,66,-373,526,-842,102,-1154,442,262,-521,442,0,0,0,0,0,0,0,0,0,0,0,0,0,0,0,5,21717,0,21771,0,0,0,0,3691901,3701242,0,0,0,0,0,1000,1000,4931132
MPCTASK: EXP,0,386,19290,166,-606,455,767,-198,64,-621,1082,-775,238,-1107,442,212,-430,442,0,0,0,0,0,0,0,0,0,0,0,0,0,0,0,5,22237,0,22292,0,0,0,0,3780157,3789656,0,0,0,0,0,1000,1000,4931132
MPCTASK: EXP,0,388,19390,234,-616,464,571,-46,8,-913,1567,-623,343,-1032,442,134,-327,442,0,0,0,0,0,0,0,0,0,0,0,0,0,0,0,5,20739,0,20930,0,0,0,0,3525398,3558350,0,0,0,0,0,1000,1000,4931132
MPCTASK: EXP,0,390,19492,283,-596,462,318,176,-75,-1132,1856,-435,408,-932,442,43,-192,442,0,0,0,0,0,0,0,0,0,0,0,0,0,0,0,5,23051,0,23259,0,0,0,0,3918469,3954021,0,0,0,0,0,1000,1000,4931132
MPCTASK: EXP,0,392,19590,299,-549,453,8,433,-118,-1192,1892,-273,425,-807,442,-56,-43,442,0,0,0,0,0,0,0,0,0,0,0,0,0,0,0,5,22003,0,22058,0,0,0,0,3740473,3749976,0,0,0,0,0,1000,1000,4931132
MPCTASK: EXP,0,394,19689,285,-481,439,-312,685,-114,-1130,1695,-144,393,-663,442,-157,112,442,0,0,0,0,0,0,0,0,0,0,0,0,0,0,0,5,21002,0,21057,0,0,0,0,3570233,3579735,0,0,0,0,0,1000,1000,4931132
MPCTASK: EXP,0,396,19790,240,-405,430,-596,887,-58,-991,1387,-46,314,-502,442,-245,247,442,0,0,0,0,0,0,0,0,0,0,0,0,0,0,0,5,20801,0,20858,0,0,0,0,3536106,3545896,0,0,0,0,0,1000,1000,4931132
MPCTASK: EXP,0,398,19890,166,-294,429,-817,1071,4,-664,887,39,198,-328,442,-313,386,442,0,0,0,0,0,0,0,0,0,0,0,0,0,0,0,5,21069,0,21124,0,0,0,0,3581614,3591116,0,0,0,0,0,1000,1000,4931132
MPCTASK: EXP,0,400,19988,98,-201,433,-899,1117,50,-247,413,112,55,-145,442,-327,467,442,0,0,0,0,0,0,0,0,0,0,0,0,0,0,0,5,20221,0,20275,0,0,0,0,3437437,3446778,0,0,0,0,0,1000,1000,4931132
MPCTASK: EXP,0,402,20089,16,-101,441,-920,1113,60,0,20,182,-101,41,442,-328,544,442,0,0,0,0,0,0,0,0,0,0,0,0,0,0,0,5,21043,0,21100,0,0,0,0,3577129,3587081,0,0,0,0,0,1000,1000,4931132
MPCTASK: EXP,0,404,20190,-44,-9,455,-842,1063,65,106,-334,262,-255,227,442,-284,604,442,0,0,0,0,0,0,0,0,0,0,0,0,0,0,0,5,21627,0,21682,0,0,0,0,3676485,3685985,0,0,0,0,0,1000,1000,4931132
MPCTASK: EXP,0,406,20289,-99,72,463,-725,1010,10,76,-574,336,-391,408,442,-227,653,442,0,0,0,0,0,0,0,0,0,0,0,0,0,0,0,5,20728,0,20783,0,0,0,0,3523713,3533216,0,0,0,0,0,1000,1000,4931132
MPCTASK: EXP,0,408,20389,-125,139,462,-543,940,-56,76,-815,482,-496,579,442,-136,680,442,0,0,0,0,0,0,0,0,0,0,0,0,0,0,0,5,20472,0,20529,0,0,0,0,3480078,3489874,0,0,0,0,0,1000,1000,4931132
MPCTASK: EXP,0,410,20490,-146,204,456,-356,894,-71,2,-843,655,-561,737,442,-59,706,442,0,0,0,0,0,0,0,0,0,0,0,0,0,0,0,5,22299,0,22362,0,0,0,0,3790753,3801569,0,0,0,0,0,1000,1000,4931132
MPCTASK: EXP,0,412,20589,-156,294,450,-175,906,-66,67,-890,749,-578,876,442,19,747,442,0,0,0,0,0,0,0,0,0,0,0,0,0,0,0,5,20213,0,20267,0,0,0,0,3436029,3445528,0,0,0,0,0,1000,1000,4931132
MPCTASK: EXP,0,414,20690,-162,362,443,0,858,-55,234,-971,721,-545,995,442,79,746,442,0,0,0,0,0,0,0,0,0,0,0,0,0,0,0,5,21039,0,21096,0,0,0,0,3576550,3586438,0,0,0,0,0,1000,1000,4931132
MPCTASK: EXP,0,416,20789,-152,425,439,177,785,-29,392,-908,555,-467,1090,442,132,727,442,0,0,0,0,0,0,0,0,0,0,0,0,0,0,0,5,21025,0,21080,0,0,0,0,3574169,3583668,0,0,0,0,0,1000,1000,4931132
MPCTASK: EXP,0,418,20890,-136,469,444,323,661,35,518,-861,342,-351,1158,442,166,675,442,0,0,0,0,0,0,0,0,0,0,0,0,0,0,0,5,21688,0,21750,0,0,0,0,3686773,3697579,0,0,0,0,0,1000,1000,4931132
MPCTASK: EXP,0,420,20991,-121,500,449,422,530,36,627,-742,259,-207,1199,442,165,613,442,0,0,0,0,0,0,0,0,0,0,0,0,0,0,0,5,21439,0,21792,0,0,0,0,3644537,3704814,0,0,0,0,0,1000,1000,4931132
MPCTASK: EXP,0,422,21090,-86,503,451,512,353,-10,587,-504,183,-51,1210,442,158,520,442,0,0,0,0,0,0,0,0,0,0,0,0,0,0,0,5,21477,0,21531,0,0,0,0,3651105,3660446,0,0,0,0,0,1000,1000,4931132
MPCTASK: EXP,0,424,21190,-68,507,450,507,205,-19,602,-93,89,102,1192,442,95,430,442,0,0,0,0,0,0,0,0,0,0,0,0,0,0,0,5,22124,0,22177,0,0,0,0,3760861,3770202,0,0,0,0,0,1000,1000,4931132
MPCTASK: EXP,0,426,21290,-42,503,454,464,60,-6,667,111,74,238,1145,442,41,331,442,0,0,0,0,0,0,0,0,0,0,0,0,0,0,0,5,21889,0,21946,0,0,0,0,3720981,3730774,0,0,0,0,0,1000,1000,4931132
MPCTASK: EXP,0,428,21389,-28,503,456,364,-67,-7,759,488,84,343,1071,442,-44,241,442,0,0,0,0,0,0,0,0,0,0,0,0,0,0,0,5,20240,0,20294,0,0,0,0,3440685,3450184,0,0,0,0,0,1000,1000,4931132
MPCTASK: EXP,0,430,21491,-43,483,456,187,-220,-24,845,673,133,407,971,442,-153,130,442,0,0,0,0,0,0,0,0,0,0,0,0,0,0,0,5,22301,0,22356,0,0,0,0,3791149,3800649,0,0,0,0,0,1000,1000,4931132
MPCTASK: EXP,0,432,21588,-71,439,452,1,-396,-53,863,756,189,423,847,442,-254,0,442,0,0,0,0,0,0,0,0,0,0,0,0,0,0,0,5,19931,0,19987,0,0,0,0,3388253,3397879,0,0,0,0,0,1000,1000,4931132
MPCTASK: EXP,0,434,21689,-121,374,448,-187,-590,-45,897,642,260,391,703,442,-350,-146,442,0,0,0,0,0,0,0,0,0,0,0,0,0,0,0,5,20983,0,21046,0,0,0,0,3567173,3577978,0,0,0,0,0,1000,1000,4931132
MPCTASK: EXP,0,436,21790,-184,325,445,-341,-720,-52,904,498,360,312,542,442,-426,-257,442,0,0,0,0,0,0,0,0,0,0,0,0,0,0,0,5,21554,0,21608,0,0,0,0,3664121,3673466,0,0,0,0,0,1000,1000,4931132
MPCTASK: EXP,0,438,21892,-256,238,439,-451,-902,-58,955,199,473,196,368,442,-473,-403,442,0,0,0,0,0,0,0,0,0,0,0,0,0,0,0,5,24017,0,24074,0,0,0,0,4082765,4092564,0,0,0,0,0,1000,1000,4931132
MPCTASK: EXP,0,440,21991,-322,132,433,-487,-1061,-62,653,-13,583,53,184,442,-489,-527,442,0,0,0,0,0,0,0,0,0,0,0,0,0,0,0,5,23265,0,23320,0,0,0,0,3955033,3964538,0,0,0,0,0,1000,1000,4931132
MPCTASK: EXP,0,442,22092,-369,37,428,-450,-1121,-48,401,-322,696,-100,-3,442,-457,-610,442,0,0,0,0,0,0,0,0,0,0,0,0,0,0,0,5,23231,0,23296,0,0,0,0,3949277,3960483,0,0,0,0,0,1000,1000,4931132
MPCTASK: EXP,0,444,22193,-418,-89,424,-367,-1153,-39,-23,-550,747,-252,-192,442,-416,-689,442,0,0,0,0,0,0,0,0,0,0,0,0,0,0,0,5,21280,0,21582,0,0,0,0,3617446,3668902,0,0,0,0,0,1000,1000,4931132
MPCTASK: EXP,0,446,22293,-437,-198,423,-238,-1098,-10,-324,-736,668,-385,-376,442,-340,-733,442,0,0,0,0,0,0,0,0,0,0,0,0,0,0,0,5,22007,0,22062,0,0,0,0,3741113,3750616,0,0,0,0,0,1000,1000,4931132
MPCTASK: EXP,0,448,22393,-442,-296,426,-81,-1006,19,-393,-874,512,-487,-552,442,-257,-757,442,0,0,0,0,0,0,0,0,0,0,0,0,0,0,0,5,22214,0,22269,0,0,0,0,3776277,3785777,0,0,0,0,0,1000,1000,4931132
MPCTASK: EXP,0,450,22496,-433,-360,429,73,-887,17,-415,-937,359,-548,-714,442,-179,-741,442,0,0,0,0,0,0,0,0,0,0,0,0,0,0,0,5,24239,0,24295,0,0,0,0,4120574,4130223,0,0,0,0,0,1000,1000,4931132
MPCTASK: EXP,0,452,22592,-401,-432,427,275,-765,-8,-391,-930,131,-562,-858,442,-91,-720,442,0,0,0,0,0,0,0,0,0,0,0,0,0,0,0,5,20287,0,20342,0,0,0,0,3448805,3458308,0,0,0,0,0,1000,1000,4931132
MPCTASK: EXP,0,454,22694,-355,-476,422,449,-639,-13,-419,-799,-92,-529,-977,442,-23,-664,442,0,0,0,0,0,0,0,0,0,0,0,0,0,0,0,5,22329,0,22383,0,0,0,0,3795981,3805322,0,0,0,0,0,1000,1000,4931132
MPCTASK: EXP,0,456,22791,-293,-505,419,601,-508,13,-431,-596,-336,-454,-1068,442,31,-592,442,0,0,0,0,0,0,0,0,0,0,0,0,0,0,0,5,20039,0,20097,0,0,0,0,3406661,3416605,0,0,0,0,0,1000,1000,4931132
MPCTASK: EXP,0,458,22893,-227,-524,420,701,-397,50,-457,-336,-524,-347,-1126,442,60,-516,442,0,0,0,0,0,0,0,0,0,0,0,0,0,0,0,5,21771,0,21825,0,0,0,0,3701074,3710414,0,0,0,0,0,1000,1000,4931132
MPCTASK: EXP,0,460,22993,-138,-553,429,756,-288,75,-534,120,-674,-222,-1146,441,80,-453,441,0,0,0,0,0,0,0,0,0,0,0,0,0,0,0,5,20807,0,20863,0,0,0,0,3537078,3546696,0,0,0,0,0,1000,1000,4931132
MPCTASK: EXP,0,462,23095,-61,-561,438,719,-152,68,-660,584,-726,-93,-1124,441,73,-379,441,0,0,0,0,0,0,0,0,0,0,0,0,0,0,0,5,23796,0,23851,0,0,0,0,4045221,4054720,0,0,0,0,0,1000,1000,4931132
MPCTASK: EXP,0,464,23191,13,-561,445,619,-3,37,-788,1023,-677,21,-1061,441,74,-334,441,0,0,0,0,0,0,0,0,0,0,0,0,0,0,0,5,19850,0,19905,0,0,0,0,3374417,3383907,0,0,0,0,0,1000,1000,4931132
MPCTASK: EXP,0,466,23293,67,-533,451,464,187,14,-884,1308,-556,108,-957,442,50,-255,442,0,0,0,0,0,0,0,0,0,0,0,0,0,0,0,5,22296,0,22468,0,0,0,0,3790338,3819738,0,0,0,0,0,1000,1000,4931132
MPCTASK: EXP,0,468,23390,106,-478,453,256,402,-14,-753,1331,-396,159,-817,442,29,-178,442,0,0,0,0,0,0,0,0,0,0,0,0,0,0,0,5,18794,0,18851,0,0,0,0,3194953,3204763,0,0,0,0,0,1000,1000,4931132
MPCTASK: EXP,0,470,23496,131,-420,450,63,542,-38,-474,1163,-230,168,-651,442,21,-136,442,0,0,0,0,0,0,0,0,0,0,0,0,0,0,0,5,25143,0,25199,0,0,0,0,4274133,4284056,0,0,0,0,0,1000,1000,4931132
MPCTASK: EXP,0,472,23592,138,-361,445,-101,606,-33,-159,884,-74,139,-472,442,15,-115,442,0,0,0,0,0,0,0,0,0,0,0,0,0,0,0,5,20995,0,21230,0,0,0,0,3568969,3609318,0,0,0,0,0,1000,1000,4931132
MPCTASK: EXP,0,474,23695,127,-295,440,-222,619,-13,129,558,72,84,-299,442,3,-84,442,0,0,0,0,0,0,0,0,0,0,0,0,0,0,0,5,23150,0,23203,0,0,0,0,3935449,3944640,0,0,0,0,0,1000,1000,4931132
MPCTASK: EXP,0,476,23792,115,-232,442,-268,573,19,418,257,197,19,-151,442,-4,-55,442,0,0,0,0,0,0,0,0,0,0,0,0,0,0,0,5,20083,0,20136,0,0,0,0,3413963,3423092,0,0,0,0,0,1000,1000,4931132
MPCTASK: EXP,0,478,23893,99,-185,446,-267,475,22,564,44,266,-36,-46,442,-20,-29,442,0,0,0,0,0,0,0,0,0,0,0,0,0,0,0,5,21774,0,21826,0,0,0,0,3701537,3710604,0,0,0,0,0,1000,1000,4931132
MPCTASK: EXP,0,480,23991,82,-145,448,-244,376,-2,515,-19,281,-68,6,442,-35,-9,442,0,0,0,0,0,0,0,0,0,0,0,0,0,0,0,5,19905,0,20255,0,0,0,0,3383757,3443328,0,0,0,0,0,1000,1000,4931132
MPCTASK: EXP,0,482,24093,75,-123,445,-204,277,-22,372,-19,262,-76,18,442,-19,-31,442,0,0,0,0,0,0,0,0,0,0,0,0,0,0,0,5,21010,0,21062,0,0,0,0,3571661,3580609,0,0,0,0,0,1000,1000,4931132
MPCTASK: TRAJ DONE: idx=482, max=482; requesting landing
MPCTASK: LANDING: start z=0.44, hold=(0.07,-0.12)
MPCTASK: TIMING SUMMARY: max_step_cycles=4931132 deadline_cycles=8400000 overruns=0
MPCTASK: LANDING COMPLETE: t=30474 ms, x=0.086, y=-0.152, z=0.003, vz=-0.072; motors off