---
SYS: Crazyflie 2.1 Brushless is up and running!
SYS: Build 2:de14ff9f08ae (2025.09.1 +2) MODIFIED
SYS: I am 0x373930393434471500370039 and I have 1024KB of flash!
CFGBLK: v1, verification [OK]
DECK_DISCOVERY: Backend found: onewire
DECK_DISCOVERY: Backend found: deckctrl
DECK_CORE: 1 deck(s) found
DECK_CORE: Calling INIT on driver bcFlow2 for deck 0
ZR2: Z-down sensor [OK]
PMW: Motion chip id: 0x49:0xB6
IMU: BMI088: Using I2C interface.
IMU: BMI088 Gyro connection [OK].
IMU: BMI088 Accel connection [OK]
IMU: BMP390 I2C connection [OK]
ESTIMATOR: Using Kalman (2) estimator
CONTROLLER: Using PID (1) controller
MTR-DRV: Using brushless motor driver
SYS: About to run tests in system.c.
SYS: NRF51 version: 2026.04 (C21B)
EEPROM: I2C connection [OK].
STORAGE: Storage check [OK].
IMU: BMI088 gyro self-test [OK]
DECK_CORE: Deck 0 test [OK].
SYS: Self test passed!
STAB: Wait for sensor calibration...
SYS: Free heap: 15048 bytes
MPCTASK: Waiting for activation ...
STAB: Starting stabilizer loop
STAB: WARNING: stabilizer loop rate is off (1004)
SUP: Ready to fly
MPCTASK: Benchmark mode 2, maneuver 4, max_iter 5, task_pri 0
MPCTASK: Reference altitude: 0.70 m; barrier skip when z>0.75 and vz>-0.20
orced_trajectory_start=5000ms timeout=12000ms
MPCTASK: Common baseline: mpc_hz=20 model_hz=20 rho=5 base_w=0 base_qz=1 Qz=100 R=4 bridge=x10 guards=z[ref,ref+0.20] xy=free cap=0.05
MPCTASK: MPC->PID: xyz=x10, z_guard=[ref,ref+0.20], yaw=raw_rz, output_hold=200ms, safety_hold=500ms
MPCTASK: Reference origin: xy=forced_5s_start z=0.70 m
MPCTASK: Fixed baseline: w=0 qz=1 adaptive_cache=off
MPCTASK: LIMO posthoc: infeasible=nominal_fallback
MPCTASK: EXP every=2: m,s,tms,p3[mm],v3[mmps],att3[cdeg],ref3[mm],cmd3[mm],h/raw/grad/mar/thr[milli],act/ac/bind,wi/qi/cache/noa,pa/pf/du[milli],it,mpc/eval/total[us],bar/tanh/rl/cache/solve/step[cycles],overruns,post_active/post_infeasible_totals,wreq/w/qzreq/qz[milli],max_step_cycles
MPCTASK: Figure8: source=traj_fig8_12.h source_hz=100 samples=1205 laps=2 duration=24.07 s origin=forced_5s_start z_offset=0.09 m
CONTROLLER: Using OutOfTree (6) controller
MPCTASK: Trajectory origin: x=0.02 y=-0.02
MPCTASK: OOT activated at z=0.01
MPCTASK: TAKEOFF START: trigger_z=0.15 start_z=0.01 target=0.70 hold=(0.04,-0.02) ramp=0.15m/s
MPCTASK: OOT loop 1 done
MPCTASK: MPC task loop 1
MPCTASMPCTASK: OOT loop 2 done
K: x0: pos=(0.04,-0.02,0.01) vel=(0.01,-0.02,0.0)
MPCTASK: ref: (0.04,-0.0MPCTASK: OOT loop 3 done
2,0.01)
MPCTASK: MPC solve start
MPCTASK: MPC solve done, iter=5
MPCTASK: MPC time=23954 us
MPCTASK: MPC stack free=1081 words
MPCTASK: setpoint: x=0.04 y=-0.02 z=0.07 preview_z=0.07
MPCTASK: MPC task loop 2
MPCTASK: MPC task loop 3
MPCTASK: TAKEOFF COMPLETE: t=5000ms z=0.76 vz=0.05; trajectory queued origin=(0.07,-0.04)
MPCTASK: TRAJ START: z=0.76 origin=(0.07,-0.04) EXP clock reset
MPCTASK: EXP,2,2,85,71,-59,765,-12,-43,40,-195,350,-128,76,-48,700,-9,267,700,65,157,296,69,69,0,0,0,0,0,0,0,0,0,0,5,22575,11838,34494,2012452,0,0,0,3837581,5864052,0,0,0,0,0,1000,1000,5957596
MPCTASK: EXP,2,4,186,57,-70,769,-75,15,27,-825,271,-151,65,-29,700,13,331,701,69,189,400,69,69,0,0,0,0,0,0,0,0,0,0,5,22325,11977,35124,2035958,0,0,0,3795117,5971144,0,0,0,0,0,1000,1000,5971144
MPCTASK: EXP,2,6,283,43,-66,777,-127,199,19,-1431,302,-120,30,37,700,40,416,702,77,-121,411,69,69,0,0,0,0,0,0,0,0,0,0,5,22079,10514,32668,1787276,0,0,0,3753285,5553624,0,0,0,0,0,1000,1000,5971144
MPCTASK: EXP,2,8,381,69,-5,779,-104,493,-11,-1601,-10,-102,-22,156,700,130,534,702,76,-70,581,69,69,0,0,0,0,0,0,0,0,0,0,5,21375,9246,30760,1571814,0,0,0,3633581,5229252,0,0,0,0,0,1000,1000,6115261
MPCTASK: EXP,2,10,480,68,92,772,-82,781,-54,-1223,-117,-19,-77,316,700,181,640,700,61,-106,395,69,69,0,0,0,0,0,0,0,0,0,0,5,22545,7185,29799,1221463,0,0,0,3832601,5065935,0,0,0,0,0,1000,1000,6115261
MPCTASK: EXP,2,12,583,56,188,761,-39,980,-45,-823,-464,23,-115,495,700,231,710,700,52,29,326,69,69,0,0,0,0,0,0,0,0,0,0,5,21076,11629,32774,1976895,0,0,0,3582761,5571663,0,0,0,0,0,1000,1000,6115261
MPCTASK: EXP,2,14,682,35,286,754,23,1076,-32,-294,-536,140,-122,674,700,247,744,700,48,-25,244,69,69,0,0,0,0,0,0,0,0,0,0,5,22225,9153,31457,1555926,0,0,0,3778169,5347677,0,0,0,0,0,1000,1000,6115261
MPCTASK: EXP,2,16,780,15,382,755,98,1076,9,212,-688,230,-91,834,700,257,744,700,55,-20,264,69,69,0,0,0,0,0,0,0,0,0,0,5,20060,9675,29805,1644732,0,0,0,3410045,5066794,0,0,0,0,0,1000,1000,6115261
MPCTASK: EXP,2,18,886,41,476,763,229,990,29,733,-650,217,-22,963,699,287,717,699,63,-30,234,69,69,0,0,0,0,0,0,0,0,0,0,5,22649,12062,35201,2050336,0,0,0,3850241,5984169,0,0,0,0,0,1000,1000,6338055
MPCTASK: EXP,2,20,984,79,560,771,342,825,24,1221,-542,4,77,1052,699,305,654,701,71,-86,340,69,69,0,0,0,0,0,0,0,0,0,0,5,21620,11873,33649,2018395,0,0,0,3675305,5720512,0,0,0,0,0,1000,1000,6338055
MPCTASK: EXP,2,22,1082,88,578,782,397,534,10,1518,-571,-288,196,1098,699,279,523,704,82,-146,448,69,69,0,0,0,0,0,0,0,0,0,0,5,22032,9213,31680,1566172,0,0,0,3745359,5385630,0,0,0,0,0,1000,1000,6338055
MPCTASK: EXP,2,24,1181,79,548,783,405,178,-7,1596,-492,-642,318,1100,699,218,350,704,82,-174,526,69,69,0,0,0,0,0,0,0,0,0,0,5,18124,12192,30703,2072569,0,0,0,3081109,5219436,0,0,0,0,0,1000,1000,6338055
MPCTASK: EXP,2,26,1285,80,542,774,401,-113,-48,1385,-406,-940,428,1061,699,157,233,699,64,-118,475,69,69,0,0,0,0,0,0,0,0,0,0,5,24468,9694,34231,1647988,0,0,0,4159509,5819363,0,0,0,0,0,1000,1000,6338055
MPCTASK: EXP,2,28,1383,74,489,760,355,-380,-56,1039,-65,-1149,511,985,700,75,97,700,49,-65,350,69,69,0,0,0,0,0,0,0,0,0,0,5,21566,11225,32860,1908095,0,0,0,3666021,5586373,0,0,0,0,0,1000,1000,6338055
MPCTASK: EXP,2,30,1481,71,424,749,261,-567,-16,718,335,-1303,555,876,700,-15,-26,700,46,-8,281,69,69,1,1,0,0,0,0,0,1,1,0,5,22470,8554,31095,1454013,0,0,0,3819826,5286286,0,1,1,0,0,1000,1000,6338055
MPCTASK: EXP,2,32,1583,92,336,748,134,-703,22,882,723,-1601,554,742,700,-79,-185,700,48,36,295,69,69,1,1,0,0,0,0,0,1,1,0,5,20545,11453,32807,1946913,0,0,0,3492653,5577212,0,3,3,0,0,1000,1000,6338055
MPCTASK: EXP,2,34,1684,32,281,761,-84,-811,98,921,384,-1553,507,586,700,-168,-299,701,61,6,261,69,69,0,0,0,0,0,0,0,0,0,0,5,23687,9595,33350,1631015,0,0,0,4026749,5669647,0,3,3,0,0,1000,1000,6338055
MPCTASK: EXP,2,36,1781,-82,212,771,-279,-913,44,508,288,-1307,416,414,700,-292,-378,702,71,143,309,69,69,0,0,0,0,0,0,0,0,0,0,5,20814,9719,30725,1652197,0,0,0,3538353,5223435,0,3,3,0,0,1000,1000,6338055
MPCTASK: EXP,2,38,1879,-195,121,771,-442,-956,-17,117,472,-935,291,231,700,-403,-464,700,68,105,298,69,69,0,0,0,0,0,0,0,0,0,0,5,18602,9905,28576,1683809,0,0,0,3162222,4857924,0,3,3,0,0,1000,1000,6338055
MPCTASK: EXP,2,40,1985,-278,31,767,-530,-937,-39,-236,33,-444,144,43,700,-424,-532,700,59,26,228,69,69,0,0,0,0,0,0,0,0,0,0,5,22323,12236,34634,2080056,0,0,0,3794865,5887935,0,3,3,0,0,1000,1000,6485270
MPCTASK: EXP,2,42,2087,-227,-54,771,-388,-873,-1,-308,-279,-97,-10,-146,700,-291,-589,700,71,33,204,69,69,0,0,0,0,0,0,0,0,0,0,5,24241,10941,36330,1859903,0,0,0,4120866,6176128,0,3,3,0,0,1000,1000,6485270
MPCTASK: EXP,2,44,2183,-262,-120,774,-340,-810,-4,-55,-295,199,-157,-332,700,-248,-646,701,73,-6,198,69,69,0,0,0,0,0,0,0,0,0,0,5,20301,11585,32573,1969276,0,0,0,3451173,5537548,0,3,3,0,0,1000,1000,6485270
MPCTASK: EXP,2,46,2281,-332,-118,777,-309,-717,-16,273,-687,377,-282,-510,700,-215,-642,701,73,106,322,69,69,0,0,0,0,0,0,0,0,0,0,5,21353,9752,31186,1657769,0,0,0,3629986,5301660,0,3,3,0,0,1000,1000,6485270
MPCTASK: EXP,2,48,2385,-359,-163,783,-163,-746,-20,624,-1072,416,-372,-677,700,-127,-690,703,79,31,340,69,69,0,0,0,0,0,0,0,0,0,0,5,22559,12381,35009,2104802,0,0,0,3834985,5951679,0,3,3,0,0,1000,1000,6485270
MPCTASK: EXP,2,50,2487,-363,-208,780,32,-800,-73,694,-1220,353,-419,-827,700,-31,-721,700,65,110,564,69,69,0,0,0,0,0,0,0,0,0,0,5,25439,10507,36017,1786001,0,0,0,4324673,6123003,0,3,3,0,0,1000,1000,6485270
MPCTASK: EXP,2,52,2583,-324,-281,765,285,-888,-120,589,-1277,220,-416,-959,700,89,-766,700,41,21,734,69,69,0,0,0,0,0,0,0,0,0,0,5,21564,10511,32144,1786830,0,0,0,3665725,5464580,0,3,3,0,0,1000,1000,6485270
MPCTASK: EXP,2,54,2685,-272,-338,745,528,-931,-123,384,-1155,-5,-365,-1068,700,194,-775,757,20,-94,536,69,69,1,1,0,0,0,0,0,1,0,343,5,24163,9070,35192,1541689,0,0,0,4107758,5982670,0,4,3,0,0,1000,1000,6485270
MPCTASK: EXP,2,56,2783,-187,-412,729,759,-960,-56,98,-884,-282,-271,-1151,700,291,-782,700,17,0,368,69,69,1,1,0,0,0,0,0,1,1,0,5,20581,11634,33187,1977728,0,0,0,3498694,5641892,0,6,4,0,0,1000,1000,6485270
MPCTASK: EXP,2,58,2885,-103,-465,722,903,-919,95,-47,-418,-608,-143,-1208,700,344,-759,700,22,-33,216,69,69,1,1,0,0,0,0,0,1,1,0,5,23482,11126,34680,1891400,0,0,0,3991857,5895715,0,8,6,0,0,1000,1000,6485270
MPCTASK: EXP,2,60,2987,-1,-534,736,966,-868,151,-295,-25,-884,6,-1237,700,281,-834,900,36,50,251,69,69,1,1,0,0,0,0,0,1,0,1356,5,22463,11409,36045,1939330,0,0,0,3818710,6127694,0,10,7,0,0,1000,1000,6485270
MPCTASK: EXP,2,62,3084,106,-600,754,959,-766,152,-580,575,-1032,163,-1236,700,368,-687,701,54,328,471,69,69,0,0,0,0,0,0,0,0,0,0,5,22259,9991,32321,1698340,0,0,0,3783893,5494669,0,11,7,0,0,1000,1000,6485270
MPCTASK: EXP,2,64,3184,192,-654,788,806,-610,254,-695,1227,-1075,312,-1206,700,309,-615,715,88,-31,338,69,69,0,0,0,0,0,0,0,0,0,0,5,20725,11845,32640,2013689,0,0,0,3523173,5548919,0,11,7,0,0,1000,1000,6485270
MPCTASK: EXP,2,66,3286,264,-694,811,638,-436,102,-1043,1550,-1024,437,-1148,700,247,-524,715,111,-112,337,69,69,0,0,0,0,0,0,0,0,0,0,5,23230,11584,34884,1969300,0,0,0,3948997,5930346,0,11,7,0,0,1000,1000,6485270
MPCTASK: EXP,2,68,3385,311,-707,818,421,-197,-60,-1358,1819,-859,527,-1063,700,161,-401,711,106,-152,585,69,69,0,0,0,0,0,0,0,0,0,0,5,21605,11247,33058,1911856,0,0,0,3672785,5619962,0,11,7,0,0,1000,1000,6485270
MPCTASK: EXP,2,70,3488,347,-705,807,171,84,-168,-1504,1863,-657,573,-952,700,82,-271,704,73,-90,1219,69,69,0,0,0,0,0,0,0,0,0,0,5,25863,9956,36029,1692445,0,0,0,4396630,6125092,0,11,7,0,0,1000,1000,6485270
MPCTASK: EXP,2,72,3584,343,-662,786,-122,406,-204,-1429,1701,-462,571,-820,700,-12,-118,710,45,-274,1042,69,69,1,1,0,0,0,0,0,1,0,62,5,21772,10108,32807,1718240,0,0,0,3701193,5577278,0,12,7,0,0,1000,1000,6485270
MPCTASK: EXP,2,74,3682,299,-580,764,-416,717,-179,-1233,1369,-292,519,-668,700,-113,51,700,28,-138,651,69,69,0,0,0,0,0,0,0,0,0,0,5,20984,10093,31303,1715722,0,0,0,3567113,5321593,0,12,7,0,0,1000,1000,6485270
MPCTASK: EXP,2,76,3783,247,-493,747,-632,950,-106,-985,952,-142,425,-501,700,-178,194,700,26,-14,391,69,69,1,1,0,0,0,0,0,1,1,0,5,20800,10475,31348,1780658,0,0,0,3535934,5329205,0,13,8,0,0,1000,1000,6485270
MPCTASK: EXP,2,78,3886,178,-389,741,-770,1104,-21,-563,520,-9,296,-323,700,-218,312,700,36,85,326,69,69,1,1,0,0,0,0,0,1,1,0,5,23427,11649,35344,1980194,0,0,0,3982529,6008583,0,15,10,0,0,1000,1000,6485270
MPCTASK: EXP,2,80,3983,118,-299,745,-802,1131,34,-134,99,115,146,-139,700,-213,383,700,45,-8,173,69,69,1,1,0,0,0,0,0,1,1,0,5,20079,11622,31775,1975597,0,0,0,3413353,5401830,0,17,12,0,0,1000,1000,6485270
MPCTASK: EXP,2,82,4083,73,-211,756,-750,1092,46,99,-238,224,-10,47,700,-168,440,700,56,86,232,69,69,0,0,0,0,0,0,0,0,0,0,5,23853,7633,31833,1297532,0,0,0,4054985,5411700,0,17,12,0,0,1000,1000,6485270
MPCTASK: EXP,2,84,4184,42,-122,765,-645,1040,7,104,-419,293,-159,232,700,-103,501,700,65,137,290,69,69,0,0,0,0,0,0,0,0,0,0,5,20065,11844,32064,2013334,0,0,0,3411053,5450942,0,17,12,0,0,1000,1000,6485270
MPCTASK: EXP,2,86,4285,30,28,764,-510,1102,-62,-91,-528,375,-284,410,700,-20,640,700,51,177,353,69,69,0,0,0,0,0,0,0,0,0,0,5,22564,11149,33864,1895146,0,0,0,3835849,5756824,0,17,12,0,0,1000,1000,6485270
MPCTASK: EXP,2,88,4385,5,94,753,-393,1059,-90,-13,-589,433,-375,576,700,45,659,700,35,111,333,69,69,0,0,0,0,0,0,0,0,0,0,5,23021,10944,34036,1860468,0,0,0,3913641,5786158,0,17,12,0,0,1000,1000,6485270
MPCTASK: EXP,2,90,4487,-15,175,745,-256,1037,-72,-44,-784,506,-420,727,700,115,700,798,30,214,498,69,69,1,1,0,0,0,0,0,1,0,539,5,22886,11005,36197,1870845,0,0,0,3890565,6153691,0,19,13,0,0,1000,1000,6485270
MPCTASK: EXP,2,92,4584,41,240,738,-12,1001,-44,44,-827,537,-418,859,700,246,704,700,29,13,325,69,69,1,1,0,0,0,0,0,1,1,0,5,20079,11635,31788,1977775,0,0,0,3413401,5404056,0,21,14,0,0,1000,1000,6485270
MPCTASK: EXP,2,94,4685,47,318,740,128,954,63,343,-715,492,-366,968,700,298,696,700,40,-35,249,69,69,1,1,0,0,0,0,0,1,1,0,5,22186,10837,33096,1842244,0,0,0,3771550,5626409,0,23,16,0,0,1000,1000,6485270
MPCTASK: EXP,2,96,4785,88,421,746,284,903,7,633,-750,398,-272,1053,700,360,702,700,46,-36,277,69,69,1,1,0,0,0,0,0,1,1,0,5,21207,12642,33922,2149114,0,0,0,3605008,5766887,0,25,18,0,0,1000,1000,6485270
MPCTASK: EXP,2,98,4884,125,473,745,392,754,-41,682,-523,217,-143,1110,700,385,656,700,36,8,275,69,69,1,1,0,0,0,0,0,1,1,0,5,22886,8838,32541,1502525,0,0,0,3890605,5532061,0,27,20,0,0,1000,1000,6485270
MPCTASK: EXP,2,100,4983,106,429,741,393,447,-24,1004,-531,-16,6,1139,700,341,473,700,36,-72,329,69,69,1,1,0,0,0,0,0,1,1,0,5,19079,11631,30784,1977158,0,0,0,3243317,5233359,0,29,22,0,0,1000,1000,6485270
MPCTASK: EXP,2,102,5083,129,459,744,459,261,-11,957,-509,-301,163,1138,700,320,405,700,42,-32,336,69,69,1,1,0,0,0,0,0,1,1,0,5,22820,8931,31826,1518282,0,0,0,3879358,5410529,0,31,23,0,0,1000,1000,6485270
MPCTASK: EXP,2,104,5187,154,476,746,476,97,59,800,-206,-568,312,1109,700,277,326,700,46,-24,263,69,69,1,1,0,0,0,0,0,1,1,0,5,22888,13180,36148,2240436,0,0,0,3890929,6145265,0,33,25,0,0,1000,1000,6485270
MPCTASK: EXP,2,106,5286,129,454,747,371,-95,28,936,96,-660,438,1050,700,248,286,875,47,165,398,69,69,1,1,0,0,0,0,0,1,0,913,5,23260,9907,35236,1684138,0,0,0,3954041,5990246,0,35,26,0,0,1000,1000,6485270
MPCTASK: EXP,2,108,5385,163,397,746,331,-296,25,629,207,-646,528,965,700,122,81,700,46,-15,257,69,69,1,1,0,0,0,0,0,1,1,0,5,21471,11303,32847,1921404,0,0,0,3649961,5583977,0,37,28,0,0,1000,1000,6485270
MPCTASK: EXP,2,110,5483,129,387,750,165,-346,39,371,679,-661,574,855,700,-14,24,700,50,-9,247,69,69,0,0,0,0,0,0,0,0,0,0,5,21465,10390,31928,1766138,0,0,0,3649013,5427862,0,38,29,0,0,1000,1000,6485270
MPCTASK: EXP,2,112,5583,156,364,754,47,-378,18,578,887,-670,571,722,700,-60,-62,700,54,89,336,69,69,0,0,0,0,0,0,0,0,0,0,5,16985,14815,31869,2518463,0,0,0,2887248,5417753,0,38,29,0,0,1000,1000,6485270
MPCTASK: EXP,2,114,5684,163,406,762,-99,-357,-25,966,1099,-548,520,570,700,-121,-95,700,57,-55,355,69,69,0,0,0,0,0,0,0,0,0,0,5,25160,7971,33200,1354951,0,0,0,4277069,5644069,0,38,29,0,0,1000,1000,6485270
MPCTASK: EXP,2,116,5783,134,351,765,-276,-526,-95,1183,983,-293,425,403,700,-170,-223,700,46,-90,393,69,69,0,0,0,0,0,0,0,0,0,0,5,19744,10672,30485,1814112,0,0,0,3356449,5182443,0,38,29,0,0,1000,1000,6485270
MPCTASK: EXP,2,118,5885,106,335,749,-428,-647,-147,981,862,-17,296,225,700,-205,-287,751,20,58,570,69,69,1,1,0,0,0,0,0,1,0,310,5,21871,9693,32620,1647702,0,0,0,3717921,5545531,0,39,29,0,0,1000,1000,6485270
MPCTASK: EXP,2,120,5985,42,239,729,-581,-858,-103,902,476,190,146,41,700,-225,-430,700,8,149,500,69,69,1,1,0,0,0,0,0,1,1,0,5,21301,10013,31686,1702074,0,0,0,3621007,5386682,0,41,30,0,0,1000,1000,6485270
MPCTASK: EXP,2,122,6088,48,150,721,-538,-1010,45,633,76,231,-10,-145,700,-152,-531,700,21,37,286,69,69,1,1,0,0,0,0,0,1,1,0,5,21983,12332,34552,2096379,0,0,0,3737016,5873939,0,43,32,0,0,1000,1000,6485270
MPCTASK: EXP,2,124,6187,19,46,724,-509,-1095,44,357,-67,209,-159,-330,700,-105,-621,700,24,100,290,69,69,1,1,0,0,0,0,0,1,1,0,5,21065,11796,33057,2005150,0,0,0,3581021,5619721,0,45,34,0,0,1000,1000,6485270
MPCTASK: EXP,2,126,6282,-32,-42,730,-475,-1105,50,144,-388,161,-284,-508,700,-61,-674,700,30,-17,210,69,69,1,1,0,0,0,0,0,1,1,0,5,19312,9046,28431,1537756,0,0,0,3282933,4833305,0,47,36,0,0,1000,1000,6485270
MPCTASK: EXP,2,128,6384,-76,-161,740,-388,-1129,51,42,-715,65,-375,-674,700,-5,-753,700,40,62,290,69,69,1,1,0,0,0,0,0,1,1,0,5,19320,11257,30650,1913601,0,0,0,3284266,5210601,0,49,38,0,0,1000,1000,6485270
MPCTASK: EXP,2,130,6489,-106,-272,750,-249,-1123,27,-56,-981,-47,-420,-825,700,64,-810,700,50,79,349,69,69,0,0,0,0,0,0,0,0,0,0,5,25054,10960,36083,1862983,0,0,0,4259161,6134193,0,50,39,0,0,1000,1000,6485270
MPCTASK: EXP,2,132,6588,-112,-386,756,-65,-1110,-21,-208,-1142,-168,-418,-957,700,143,-854,700,52,66,425,69,69,0,0,0,0,0,0,0,0,0,0,5,21863,11668,33601,1983390,0,0,0,3716709,5712145,0,50,39,0,0,1000,1000,6485270
MPCTASK: EXP,2,134,6690,-102,-475,752,134,-1038,-66,-448,-1115,-294,-366,-1066,700,211,-855,700,39,46,476,69,69,0,0,0,0,0,0,0,0,0,0,5,24012,11365,35447,1931974,0,0,0,4081969,6026175,0,50,39,0,0,1000,1000,6485270
MPCTASK: EXP,2,136,6787,-64,-568,740,342,-947,-96,-648,-954,-425,-272,-1151,700,227,-903,827,21,-29,397,69,69,1,1,0,0,0,0,0,1,0,748,5,20391,11584,33431,1969210,0,0,0,3466401,5683376,0,52,39,0,0,1000,1000,6485270
MPCTASK: EXP,2,138,6888,-12,-632,728,533,-788,-9,-719,-697,-568,-143,-1208,700,330,-811,700,27,-45,283,69,69,1,1,0,0,0,0,0,1,1,0,5,22247,11081,33930,1883583,0,0,0,3781965,5768200,0,54,41,0,0,1000,1000,6485270
MPCTASK: EXP,2,140,6988,60,-676,727,673,-651,34,-693,-440,-680,6,-1237,700,372,-758,700,27,-26,258,69,69,1,1,0,0,0,0,0,1,1,0,5,21985,12224,34281,2077928,0,0,0,3737385,5827923,0,56,43,0,0,1000,1000,6485270
MPCTASK: EXP,2,142,7087,128,-710,725,725,-477,7,-788,38,-734,163,-1236,700,361,-677,700,25,-48,300,69,69,1,1,0,0,0,0,0,1,1,0,5,21963,10162,32342,1727403,0,0,0,3733725,5498270,0,58,45,0,0,1000,1000,6485270
MPCTASK: EXP,2,144,7187,195,-731,727,694,-302,10,-885,486,-711,312,-1206,700,326,-587,700,27,-56,309,69,69,1,1,0,0,0,0,0,1,1,0,5,21052,12064,33188,2050733,0,0,0,3578709,5642050,0,60,47,0,0,1000,1000,6485270
MPCTASK: EXP,2,146,7291,253,-740,733,591,-121,8,-931,854,-653,438,-1148,700,267,-490,700,33,-32,319,69,69,1,1,0,0,0,0,0,1,1,0,5,24188,13030,37293,2215064,0,0,0,4111829,6339805,0,62,49,0,0,1000,1000,6485270
MPCTASK: EXP,2,148,7389,305,-734,741,441,65,-11,-1019,1197,-519,528,-1063,700,198,-378,816,39,2,379,69,69,1,1,0,0,0,0,0,1,0,622,5,20110,11164,33098,1897737,0,0,0,3418733,5626723,0,64,50,0,0,1000,1000,6485270
MPCTASK: EXP,2,150,7493,336,-713,742,229,270,-27,-1118,1434,-352,574,-952,700,111,-253,746,36,55,541,69,69,1,1,0,0,0,0,0,1,0,274,5,22998,13553,37684,2303927,0,0,0,3909497,6406327,0,66,50,0,0,1000,1000,6485270
MPCTASK: EXP,2,152,7593,343,-672,739,-29,499,12,-1101,1409,-213,571,-820,700,26,-121,757,39,107,514,69,69,1,1,0,0,0,0,0,1,0,327,5,22870,13879,37789,2359496,0,0,0,3887945,6424197,0,68,50,0,0,1000,1000,6485270
MPCTASK: EXP,2,154,7693,326,-615,741,-265,696,14,-1091,1324,-66,520,-668,700,-55,12,767,41,109,480,69,69,1,1,0,0,0,0,0,1,0,371,5,25065,10852,37891,1844638,0,0,0,4260957,6441499,0,70,50,0,0,1000,1000,6485270
MPCTASK: EXP,2,156,7792,289,-547,739,-472,868,12,-1001,1139,41,425,-501,700,57,-42,874,39,-75,343,69,69,1,1,0,0,0,0,0,1,0,929,5,20845,12686,34830,2156493,0,0,0,3543669,5921224,0,72,50,0,0,1000,1000,6485270
MPCTASK: EXP,2,158,7892,241,-461,747,-649,1014,120,-608,631,125,296,-323,700,-142,236,741,47,339,490,69,69,1,1,0,0,0,0,0,1,0,215,5,22615,10208,34754,1735320,0,0,0,3844413,5908282,0,74,51,0,0,1000,1000,6485270
MPCTASK: EXP,2,160,7994,174,-365,759,-706,1061,106,-80,67,164,146,-139,700,-146,314,701,59,64,187,69,69,0,0,0,0,0,0,0,0,0,0,5,24296,11743,36270,1996295,0,0,0,4130225,6166078,0,74,51,0,0,1000,1000,6485270
MPCTASK: EXP,2,162,8094,135,-286,770,-665,1026,8,-69,-43,262,-10,47,700,-115,380,700,70,195,334,69,69,0,0,0,0,0,0,0,0,0,0,5,23617,12554,36530,2134207,0,0,0,4014701,6210184,0,74,51,0,0,1000,1000,6485270
MPCTASK: EXP,2,164,8192,96,-214,773,-623,1003,-49,-94,-185,317,-159,232,700,-72,435,700,63,132,273,69,69,0,0,0,0,0,0,0,0,0,0,5,23802,10574,34446,1797570,0,0,0,4046277,5855893,0,74,51,0,0,1000,1000,6485270
MPCTASK: EXP,2,166,8294,57,-143,770,-548,979,-79,-109,-432,331,-284,410,700,-13,481,700,54,102,277,69,69,0,0,0,0,0,0,0,0,0,0,5,24919,11852,36846,2014863,0,0,0,4236041,6263821,0,74,51,0,0,1000,1000,6485270
MPCTASK: EXP,2,168,8391,40,-72,764,-414,963,-91,-145,-678,334,-374,576,700,70,522,700,46,101,335,69,69,0,0,0,0,0,0,0,0,0,0,5,22772,10974,33816,1865394,0,0,0,3871285,5748721,0,74,51,0,0,1000,1000,6485270
MPCTASK: EXP,2,170,8494,35,-6,753,-244,955,-107,-202,-882,319,-420,727,700,161,554,700,32,181,560,69,69,0,0,0,0,0,0,0,0,0,0,5,25904,10658,36641,1811792,0,0,0,4403741,6229070,0,74,51,0,0,1000,1000,6485270
MPCTASK: EXP,2,172,8593,37,51,741,-59,945,-112,-208,-958,301,-418,859,700,241,570,738,18,220,745,69,69,1,1,0,0,0,0,0,1,0,251,5,23568,10021,34830,1703483,0,0,0,4006453,5921232,0,76,51,0,0,1000,1000,6485270
MPCTASK: EXP,2,174,8695,63,154,730,146,999,-60,-150,-930,286,-366,968,700,323,621,700,18,4,375,69,69,1,1,0,0,0,0,0,1,1,0,5,24241,13351,37666,2269581,0,0,0,4120829,6403394,0,78,52,0,0,1000,1000,6485270
MPCTASK: EXP,2,176,8787,103,229,724,329,970,0,199,-755,282,-272,1053,700,384,608,700,24,-6,296,69,69,1,1,0,0,0,0,0,1,1,0,5,18107,11458,29639,1947758,0,0,0,3078141,5038677,0,80,54,0,0,1000,1000,6485270
MPCTASK: EXP,2,178,8895,150,323,722,454,925,-24,398,-506,263,-143,1110,700,415,610,700,17,-21,256,69,69,1,1,0,0,0,0,0,1,1,0,5,24602,12639,37653,2148527,0,0,0,4182321,6401095,0,82,56,0,0,1000,1000,6485270
MPCTASK: EXP,2,180,8995,201,422,722,518,853,-27,680,-159,231,6,1139,700,416,598,700,17,-2,292,69,69,1,1,0,0,0,0,0,1,1,0,5,24827,12220,37122,2077362,0,0,0,4220501,6310781,0,84,58,0,0,1000,1000,6485270
MPCTASK: EXP,2,182,9093,260,464,722,532,661,-34,1008,191,194,163,1138,700,397,509,700,15,20,405,69,69,1,1,0,0,0,0,0,1,1,0,5,24939,10137,35151,1723230,0,0,0,4239569,5975690,0,86,60,0,0,1000,1000,6485270
MPCTASK: EXP,2,184,9194,339,496,725,520,443,-32,1171,525,121,312,1109,700,380,412,825,18,-45,432,69,69,1,1,0,0,0,0,0,1,0,695,5,22207,13477,37007,2290863,0,0,0,3775217,6291199,0,88,61,0,0,1000,1000,6485270
MPCTASK: EXP,2,186,9289,380,530,719,401,231,-44,1211,854,30,437,1051,700,307,325,819,10,-38,464,69,69,1,1,0,0,0,0,0,1,0,675,5,20540,9414,31992,1600162,0,0,0,3491709,5438781,0,90,61,0,0,1000,1000,6485270
MPCTASK: EXP,2,188,9394,420,526,723,220,-45,104,1278,1013,-76,527,966,700,233,193,872,23,113,444,69,69,1,1,0,0,0,0,0,1,0,911,5,20462,14367,36584,2442354,0,0,0,3478573,6219326,0,92,61,0,0,1000,1000,6485270
MPCTASK: EXP,2,190,9492,448,482,736,34,-332,196,1248,1095,-175,572,856,700,162,39,795,36,116,411,69,69,1,1,0,0,0,0,0,1,0,488,5,20651,10222,34279,1737587,0,0,0,3510521,5827442,0,94,61,0,0,1000,1000,6712117
MPCTASK: EXP,2,192,9592,506,481,751,-82,-469,227,919,1025,-218,569,724,700,150,-28,703,51,-1,335,69,69,0,0,0,0,0,0,0,0,0,0,5,22423,12195,34688,2073112,0,0,0,3811845,5897015,0,95,61,0,0,1000,1000,6712117
MPCTASK: EXP,2,194,9691,500,368,769,-249,-697,97,1004,1226,-246,518,573,700,81,-212,703,69,-46,323,69,69,0,0,0,0,0,0,0,0,0,0,5,22815,10652,34199,1810735,0,0,0,3878533,5813954,0,95,61,0,0,1000,1000,6712117
MPCTASK: EXP,2,196,9788,440,264,771,-475,-854,-73,679,1345,-150,423,406,700,-21,-350,700,56,34,606,69,69,0,0,0,0,0,0,0,0,0,0,5,19299,11333,30701,1926488,0,0,0,3280781,5219330,0,95,61,0,0,1000,1000,6712117
MPCTASK: EXP,2,198,9892,392,133,757,-670,-1006,-154,545,1069,-58,295,227,700,-65,-510,700,26,-88,525,69,69,0,0,0,0,0,0,0,0,0,0,5,23268,10968,34306,1864537,0,0,0,3955422,5832029,0,95,61,0,0,1000,1000,6712117
MPCTASK: EXP,2,200,9994,250,16,735,-920,-1108,-148,258,673,75,145,42,700,-174,-624,700,6,52,381,69,69,1,1,0,0,0,0,0,1,1,0,5,25200,11833,37105,2011517,0,0,0,4283853,6308009,0,97,62,0,0,1000,1000,6712117
MPCTASK: EXP,2,202,10091,140,-86,723,-1013,-1116,48,-79,-58,123,-9,-147,700,-192,-698,700,23,35,222,69,69,1,1,0,0,0,0,0,1,1,0,5,22908,10715,33939,1821404,0,0,0,3894397,5769704,0,99,63,0,0,1000,1000,6712117
MPCTASK: EXP,2,204,10194,19,-177,736,-987,-1070,171,-156,-543,131,-155,-334,700,-201,-747,859,36,-28,230,69,69,1,1,0,0,0,0,0,1,0,815,5,23244,10972,36242,1865114,0,0,0,3951385,6161182,0,101,64,0,0,1000,1000,6712117
MPCTASK: EXP,2,206,10291,-60,-262,765,-853,-1014,156,-62,-983,115,-277,-516,700,-154,-790,704,65,-58,274,69,69,0,0,0,0,0,0,0,0,0,0,5,23080,10767,33917,1830399,0,0,0,3923551,5765880,0,101,64,0,0,1000,1000,6712117
MPCTASK: EXP,2,208,10394,-137,-338,788,-683,-967,68,-25,-1364,127,-364,-687,700,-109,-809,707,88,-31,357,69,69,0,0,0,0,0,0,0,0,0,0,5,26030,10867,36967,1847315,0,0,0,4424993,6284406,0,101,64,0,0,1000,1000,6712117
MPCTASK: EXP,2,210,10491,-179,-412,795,-486,-935,-76,-118,-1507,134,-406,-842,700,-59,-810,704,80,29,754,69,69,0,0,0,0,0,0,0,0,0,0,5,22969,10606,33648,1803031,0,0,0,3904649,5720243,0,101,64,0,0,1000,1000,6712117
MPCTASK: EXP,2,212,10592,-208,-490,775,-211,-859,-209,-325,-1545,135,-401,-976,700,0,-786,705,33,-61,1756,69,69,1,1,0,0,0,0,0,1,0,52,5,23925,9075,34705,1542533,0,0,0,4067173,5899898,0,102,64,0,0,1000,1000,6712117
MPCTASK: EXP,2,214,10692,-207,-549,746,72,-752,-224,-460,-1446,80,-351,-1085,700,59,-737,708,1,-151,1586,69,69,1,1,0,0,0,0,0,1,0,111,5,20973,11656,34516,1981469,0,0,0,3565225,5867835,0,104,64,0,0,1000,1000,6712117
MPCTASK: EXP,2,216,10794,-177,-600,721,341,-622,-157,-614,-1162,-10,-261,-1163,699,111,-672,753,-10,-95,705,69,69,1,1,0,0,0,0,0,1,0,362,5,23565,12116,37172,2059682,0,0,0,4005909,6319379,0,106,64,0,0,1000,1000,6712117
MPCTASK: EXP,2,218,10889,-139,-614,706,518,-455,-69,-730,-776,-104,-145,-1206,699,129,-576,699,-7,-49,338,69,69,1,1,0,0,0,0,0,1,1,0,5,22066,9910,32050,1684580,0,0,0,3751161,5448570,0,108,66,0,0,1000,1000,6712117
MPCTASK: EXP,2,220,10993,-80,-628,700,629,-277,6,-824,-271,-149,-17,-1210,699,142,-490,699,0,-66,321,69,69,1,1,0,0,0,0,0,1,1,0,5,24377,11213,35662,1906081,0,0,0,4144033,6062610,0,110,68,0,0,1000,1000,6712117
MPCTASK: EXP,2,222,11094,-17,-615,700,630,-64,23,-894,301,-165,107,-1172,699,131,-397,699,0,-71,335,69,69,1,1,0,0,0,0,0,1,1,0,5,24753,11213,36179,1906275,0,0,0,4207794,6150573,0,112,70,0,0,1000,1000,6712117
MPCTASK: EXP,2,224,11193,40,-595,712,547,115,52,-894,683,-141,213,-1092,699,128,-335,699,12,-9,322,69,69,1,1,0,0,0,0,0,1,1,0,5,24783,10908,35764,1854181,0,0,0,4213117,6079947,0,114,72,0,0,1000,1000,6712117
MPCTASK: EXP,2,226,11291,66,-562,728,409,260,59,-778,847,-119,286,-973,700,114,-304,700,28,129,364,69,69,1,1,0,0,0,0,0,1,1,0,5,21849,11457,33702,1947609,0,0,0,3714193,5729377,0,116,74,0,0,1000,1000,6712117
MPCTASK: EXP,2,228,11394,88,-503,732,242,414,-17,-527,845,-64,320,-821,700,94,-251,700,28,-7,310,69,69,1,1,0,0,0,0,0,1,1,0,5,24676,9881,34959,1679724,0,0,0,4194817,5943089,0,118,76,0,0,1000,1000,6712117
MPCTASK: EXP,2,230,11493,87,-449,722,87,495,-77,-231,678,9,313,-648,700,69,-215,700,7,-40,299,69,69,1,1,0,0,0,0,0,1,1,0,5,22963,11795,34835,2004983,0,0,0,3903638,5921994,0,120,78,0,0,1000,1000,6712117
MPCTASK: EXP,2,232,11592,77,-404,710,-29,506,-79,43,410,94,272,-469,700,47,-183,700,-5,8,275,69,69,1,1,0,0,0,0,0,1,1,0,5,23393,10551,34018,1793637,0,0,0,3976753,5783049,0,122,80,0,0,1000,1000,6712117
MPCTASK: EXP,2,234,11694,61,-355,704,-94,488,-34,215,175,166,211,-304,700,18,-124,700,-2,74,289,69,69,1,1,0,0,0,0,0,1,1,0,5,24331,11064,35651,1880730,0,0,0,4136209,6060608,0,124,82,0,0,1000,1000,6712117
MPCTASK: EXP,2,236,11791,31,-314,703,-134,434,-2,263,-11,218,147,-171,700,-32,-40,700,3,144,357,69,69,1,1,0,0,0,0,0,1,1,0,5,19512,12076,31669,2052789,0,0,0,3317002,5383821,0,126,84,0,0,1000,1000,6712117
MPCTASK: EXP,2,238,11893,14,-284,703,-128,383,0,113,-95,246,100,-87,700,-73,67,700,3,70,267,69,69,1,1,0,0,0,0,0,1,1,0,5,21803,10888,32764,1850923,0,0,0,3706304,5570019,0,128,86,0,0,1000,1000,6712117
MPCTASK: EXP,2,240,11994,1,-260,702,-114,367,-9,-227,-68,250,79,-52,700,-98,179,700,0,-17,228,69,69,1,1,0,0,0,0,0,1,1,0,5,23916,9625,33613,1636125,0,0,0,4065669,5714291,0,130,88,0,0,1000,1000,6712117
MPCTASK: EXP,2,242,12092,-7,-243,707,-110,408,27,-674,34,248,76,-48,700,-94,280,700,7,-52,281,69,69,1,1,0,0,0,0,0,1,1,0,5,21405,9932,31728,1688247,0,0,0,3638750,5393815,0,132,90,0,0,1000,1000,6712117
MPCTASK: EXP,2,244,12193,-18,-214,712,-128,526,14,-1075,105,248,72,-41,700,-65,369,700,12,-1,393,69,69,1,1,0,0,0,0,0,1,1,0,5,20605,12213,32892,2076221,0,0,0,3502714,5592615,0,134,92,0,0,1000,1000,6712117
MPCTASK: EXP,2,246,12296,-34,-162,714,-154,705,-18,-1250,49,230,47,4,700,-28,466,796,10,31,521,69,69,1,1,0,0,0,0,0,1,0,560,5,22036,11742,35682,1996107,0,0,0,3745922,6066018,0,136,92,0,0,1000,1000,6712117
MPCTASK: EXP,2,248,12397,-48,-97,716,-151,906,64,-1064,-192,191,0,103,700,25,546,700,16,-88,344,69,69,1,1,0,0,0,0,0,1,1,0,5,26017,9529,35841,1619759,0,0,0,4422857,6093139,0,138,93,0,0,1000,1000,6712117
MPCTASK: EXP,2,250,12497,-68,-5,728,-94,1065,181,-562,-643,150,-56,248,700,98,608,829,28,121,355,69,69,1,1,0,0,0,0,0,1,0,676,5,22971,11709,36285,1990447,0,0,0,3904997,6168636,0,140,93,0,0,1000,1000,6712117
MPCTASK: EXP,2,252,12597,-69,104,744,51,1116,161,-171,-851,170,-103,422,700,175,661,828,44,141,348,69,69,1,1,0,0,0,0,0,1,0,653,5,23086,10430,35301,1772991,0,0,0,3924609,6001169,0,142,93,0,0,1000,1000,6712117
MPCTASK: EXP,2,254,12691,-57,196,766,199,1102,203,68,-848,206,-124,604,700,242,680,706,66,100,310,69,69,0,0,0,0,0,0,0,0,0,0,5,20070,9757,29896,1658593,0,0,0,3411761,5082446,0,142,93,0,0,1000,1000,6712117
MPCTASK: EXP,2,256,12798,-29,291,776,324,1062,20,292,-780,227,-109,773,700,292,690,702,76,94,288,69,69,0,0,0,0,0,0,0,0,0,0,5,25065,11876,37010,2018933,0,0,0,4260913,6291942,0,142,93,0,0,1000,1000,6712117
MPCTASK: EXP,2,258,12892,4,365,777,415,989,-96,501,-573,266,-54,916,699,314,670,699,57,58,269,69,69,0,0,0,0,0,0,0,0,0,0,5,20440,10679,31188,1815317,0,0,0,3474681,5301930,0,142,93,0,0,1000,1000,6712117
MPCTASK: EXP,2,260,12995,72,471,764,528,886,-147,777,-331,307,34,1022,699,350,654,699,35,-39,331,69,69,0,0,0,0,0,0,0,0,0,0,5,23092,10129,33290,1721713,0,0,0,3925537,5659334,0,142,93,0,0,1000,1000,6712117
MPCTASK: EXP,2,262,13091,108,524,750,543,690,-150,1072,-48,319,147,1085,699,325,575,699,20,-1,665,69,69,0,0,0,0,0,0,0,0,0,0,5,19312,10383,29764,1764926,0,0,0,3282970,5059973,0,142,93,0,0,1000,1000,6712117
MPCTASK: EXP,2,264,13195,175,581,739,557,494,-134,1151,254,281,270,1104,699,309,510,748,12,-73,621,69,69,1,1,0,0,0,0,0,1,0,308,5,22998,10106,34245,1717868,0,0,0,3909597,5821713,0,144,93,0,0,1000,1000,6712117
MPCTASK: EXP,2,266,13294,212,591,729,486,257,-75,1201,532,236,387,1081,699,250,398,760,14,36,587,69,69,1,1,0,0,0,0,0,1,0,370,5,20765,10552,33001,1793836,0,0,0,3529897,5610288,0,146,93,0,0,1000,1000,6712117
MPCTASK: EXP,2,268,13395,302,571,723,424,-44,0,1231,802,153,482,1019,699,199,282,858,22,-105,404,69,69,1,1,0,0,0,0,0,1,0,859,5,22984,8768,33107,1490344,0,0,0,3907305,5628288,0,148,93,0,0,1000,1000,6712117
MPCTASK: EXP,2,270,13497,344,578,728,256,-243,98,1151,1159,101,543,923,700,152,156,867,28,-59,341,69,69,1,1,0,0,0,0,0,1,0,880,5,23479,10965,35924,1864036,0,0,0,3991417,6107148,0,150,94,0,0,1000,1000,6712117
MPCTASK: EXP,2,272,13593,327,525,738,5,-474,98,1088,1233,92,560,798,700,42,13,700,38,232,502,69,69,1,1,0,0,0,0,0,1,1,0,5,22737,8928,31737,1517544,0,0,0,3865189,5395380,0,152,95,0,0,1000,1000,6712117
MPCTASK: EXP,2,274,13695,285,464,746,-232,-672,115,1042,1122,108,531,650,700,-58,-124,799,46,61,346,69,69,1,1,0,0,0,0,0,1,0,510,5,20665,11129,33860,1891857,0,0,0,3512922,5756332,0,154,95,0,0,1000,1000,6712117
MPCTASK: EXP,2,276,13791,217,366,753,-455,-881,58,915,877,125,457,484,700,-154,-279,700,53,4,283,69,69,0,0,0,0,0,0,0,0,0,0,5,20982,8896,29948,1512314,0,0,0,3566921,5091313,0,154,95,0,0,1000,1000,6712117
MPCTASK: EXP,2,278,13898,137,265,748,-613,-1030,-43,680,604,139,345,305,700,-224,-407,700,39,-24,265,69,69,1,1,0,0,0,0,0,1,1,0,5,22208,14243,36523,2421254,0,0,0,3775253,6209002,0,155,96,0,0,1000,1000,6712117
MPCTASK: EXP,2,280,13995,60,158,737,-704,-1124,-83,353,282,132,205,119,700,-255,-516,700,20,-13,250,69,69,1,1,0,0,0,0,0,1,1,0,5,23872,9990,34270,1698291,0,0,0,4058153,5825929,0,157,98,0,0,1000,1000,6712117
MPCTASK: EXP,2,282,14094,-7,71,733,-726,-1140,-38,115,-45,101,51,-70,700,-255,-582,700,26,2,209,69,69,1,1,0,0,0,0,0,1,0,942,5,20802,10466,33011,1779143,0,0,0,3536413,5611979,0,159,98,0,0,1000,1000,6712117
MPCTASK: EXP,2,284,14193,-94,-42,740,-702,-1126,4,-84,-324,41,-100,-258,700,-243,-665,700,40,52,242,69,69,1,1,0,0,0,0,0,1,1,0,5,22717,8586,31376,1459462,0,0,0,3861777,5334054,0,161,100,0,0,1000,1000,6712117
MPCTASK: EXP,2,286,14293,-151,-135,750,-611,-1079,27,-101,-687,-27,-236,-440,700,-185,-725,700,50,-36,243,69,69,0,0,0,0,0,0,0,0,0,0,5,20073,11575,31718,1967679,0,0,0,3412349,5392107,0,162,101,0,0,1000,1000,6712117
MPCTASK: EXP,2,288,14396,-194,-222,758,-461,-1044,-11,-11,-1032,-88,-341,-612,700,-108,-778,700,56,46,358,69,69,0,0,0,0,0,0,0,0,0,0,5,25845,8957,35221,1522530,0,0,0,4393481,5987525,0,162,101,0,0,1000,1000,6712117
MPCTASK: EXP,2,290,14496,-221,-292,759,-292,-1011,-75,0,-1224,-123,-406,-769,700,-30,-806,700,44,170,697,69,69,0,0,0,0,0,0,0,0,0,0,5,21978,12289,34335,2089045,0,0,0,3736083,5837051,0,162,101,0,0,1000,1000,6712117
MPCTASK: EXP,2,292,14596,-224,-390,744,-39,-993,-157,-91,-1313,-152,-423,-909,700,70,-844,715,12,58,1154,69,69,1,1,0,0,0,0,0,1,0,137,5,21246,10582,33625,1798787,0,0,0,3611645,5716375,0,163,101,0,0,1000,1000,6712117
MPCTASK: EXP,2,294,14702,-200,-462,726,216,-938,-139,-201,-1283,-224,-391,-1027,700,171,-848,721,0,86,1072,69,69,1,1,0,0,0,0,0,1,0,191,5,23025,15746,39845,2676839,0,0,0,3914117,6773778,0,165,101,0,0,1000,1000,6773778
MPCTASK: EXP,2,296,14796,-147,-534,712,478,-876,-84,-309,-1152,-312,-314,-1121,700,273,-842,766,-4,81,660,69,69,1,1,0,0,0,0,0,1,0,426,5,22283,10416,34163,1770559,0,0,0,3788037,5807830,0,167,101,0,0,1000,1000,6773778
MPCTASK: EXP,2,298,14896,-85,-589,702,686,-776,-4,-430,-860,-413,-198,-1189,700,338,-807,700,2,-22,342,69,69,1,1,0,0,0,0,0,1,1,0,5,22140,10954,33176,1862154,0,0,0,3763885,5640067,0,169,103,0,0,1000,1000,6773778
MPCTASK: EXP,2,300,14996,-5,-631,696,829,-655,5,-547,-446,-514,-54,-1229,700,378,-752,700,-3,-41,274,69,69,1,1,0,0,0,0,0,1,1,0,5,24002,7896,31971,1342221,0,0,0,4080337,5435213,0,171,105,0,0,1000,1000,6773778
MPCTASK: EXP,2,302,15097,67,-664,680,873,-513,-55,-675,11,-596,101,-1240,700,375,-681,700,-30,-33,353,69,69,1,1,0,0,0,0,0,1,1,0,5,22058,10150,32281,1725402,0,0,0,3749697,5487911,0,173,107,0,0,1000,1000,6773778
MPCTASK: EXP,2,304,15197,148,-690,684,834,-350,47,-763,467,-624,254,-1222,700,350,-599,700,-15,-63,314,69,69,1,1,0,0,0,0,0,1,1,0,5,24448,8248,32771,1402058,0,0,0,4156041,5571150,0,175,109,0,0,1000,1000,6773778
MPCTASK: EXP,2,306,15300,215,-699,720,716,-184,155,-837,864,-593,391,-1175,700,242,-554,887,20,-2,308,69,69,1,1,0,0,0,0,0,1,0,990,5,20460,12111,35301,2058699,0,0,0,3478197,6001278,0,177,110,0,0,1000,1000,6773778
MPCTASK: EXP,2,308,15398,268,-697,743,549,-11,118,-953,1278,-497,496,-1100,700,207,-398,764,43,34,419,69,69,1,1,0,0,0,0,0,1,0,338,5,23035,9510,33592,1616563,0,0,0,3915913,5710734,0,179,110,0,0,1000,1000,6773778
MPCTASK: EXP,2,310,15492,293,-679,767,293,192,164,-1030,1449,-387,561,-999,700,113,-276,705,67,199,454,69,69,0,0,0,0,0,0,0,0,0,0,5,19050,9054,28172,1539004,0,0,0,3238405,4789348,0,179,110,0,0,1000,1000,6773778
MPCTASK: EXP,2,312,15599,298,-638,772,75,373,-48,-1110,1510,-239,578,-875,700,21,-145,700,62,-11,558,69,69,0,0,0,0,0,0,0,0,0,0,5,26606,8352,35035,1419787,0,0,0,4522827,5956005,0,179,110,0,0,1000,1000,6773778
MPCTASK: EXP,2,314,15699,287,-585,754,-163,575,-201,-1235,1512,-63,546,-731,700,-65,-5,711,14,-74,1332,69,69,1,1,0,0,0,0,0,1,0,110,5,20686,11303,34093,1921434,0,0,0,3516488,5795982,0,180,110,0,0,1000,1000,6773778
MPCTASK: EXP,2,316,15797,248,-507,728,-431,812,-193,-1116,1219,14,467,-570,700,-145,143,754,-10,-151,711,69,69,1,1,0,0,0,0,0,1,0,361,5,21625,9131,32776,1552219,0,0,0,3676289,5571930,0,182,110,0,0,1000,1000,6773778
MPCTASK: EXP,2,318,15897,186,-423,704,-648,1002,-108,-815,791,42,351,-396,700,-206,266,700,-17,38,420,69,69,1,1,0,0,0,0,0,1,1,0,5,20815,11993,32883,2038851,0,0,0,3538589,5590086,0,184,112,0,0,1000,1000,6773778
MPCTASK: EXP,2,320,15998,109,-320,696,-768,1117,6,-366,305,87,208,-213,700,-236,368,700,-3,49,311,69,69,1,1,0,0,0,0,0,1,1,0,5,24212,9731,34017,1654124,0,0,0,4115925,5783015,0,186,114,0,0,1000,1000,6773778
MPCTASK: EXP,2,322,16096,39,-233,700,-774,1112,56,-23,-135,149,51,-26,700,-223,430,700,0,-12,197,69,69,1,1,0,0,0,0,0,1,1,0,5,19850,11406,31330,1939010,0,0,0,3374526,5326190,0,188,116,0,0,1000,1000,6773778
MPCTASK: EXP,2,324,16202,-26,-147,715,-709,1069,71,87,-494,227,-101,159,700,-184,488,700,15,68,287,69,69,1,1,0,0,0,0,0,1,1,0,5,28492,9149,37714,1555370,0,0,0,4843450,6411477,0,190,118,0,0,1000,1000,6773778
MPCTASK: EXP,2,326,16294,-74,-71,726,-586,1015,35,55,-760,284,-238,340,700,-119,535,700,26,24,298,69,69,1,1,0,0,0,0,0,1,1,0,5,20023,9950,30046,1691311,0,0,0,3403837,5107929,0,192,120,0,0,1000,1000,6773778
MPCTASK: EXP,2,328,16395,-114,0,729,-434,980,-23,-62,-969,312,-343,511,700,-47,581,700,24,57,391,69,69,1,1,0,0,0,0,0,1,1,0,5,22435,8065,30875,1370898,0,0,0,3813877,5248841,0,194,122,0,0,1000,1000,6773778
MPCTASK: EXP,2,330,16501,-126,72,723,-232,969,-77,-152,-1116,321,-408,669,700,47,620,752,8,188,717,69,69,1,1,0,0,0,0,0,1,0,336,5,22232,11879,36440,2019351,0,0,0,3779337,6194882,0,196,122,0,0,1000,1000,6773778
MPCTASK: EXP,2,332,16605,-121,145,716,2,972,-16,-124,-1154,314,-425,809,700,144,649,798,12,168,572,69,69,1,1,0,0,0,0,0,1,0,566,5,24777,11245,38812,1911461,0,0,0,4212025,6598223,0,198,122,0,0,1000,1000,6773778
MPCTASK: EXP,2,334,16699,-85,221,715,246,965,44,12,-1051,306,-393,927,700,246,665,700,15,96,419,69,69,1,1,0,0,0,0,0,1,1,0,5,22802,11073,33950,1882287,0,0,0,3876231,5772564,0,200,123,0,0,1000,1000,6773778
MPCTASK: EXP,2,336,16801,-36,281,720,452,907,112,188,-865,310,-314,1022,700,326,647,700,20,40,322,69,69,1,1,0,0,0,0,0,1,1,0,5,25948,9567,35591,1626258,0,0,0,4411157,6050505,0,202,125,0,0,1000,1000,6773778
MPCTASK: EXP,2,338,16900,33,346,722,597,839,3,316,-543,295,-198,1091,700,380,627,700,22,-38,252,69,69,1,1,0,0,0,0,0,1,1,0,5,20268,13189,33530,2242038,0,0,0,3445505,5700039,0,204,127,0,0,1000,1000,6773778
MPCTASK: EXP,2,340,17001,93,399,721,651,741,-47,453,-133,288,-54,1131,700,385,585,700,12,30,275,69,69,1,1,0,0,0,0,0,1,1,0,5,25992,8879,34943,1509290,0,0,0,4418529,5940473,0,206,129,0,0,1000,1000,6773778
MPCTASK: EXP,2,342,17098,156,449,723,648,620,-26,680,155,256,101,1142,700,374,525,700,18,65,328,69,69,1,1,0,0,0,0,0,1,1,0,5,20988,10611,31670,1803671,0,0,0,3567853,5384015,0,208,131,0,0,1000,1000,6773778
MPCTASK: EXP,2,344,17198,218,481,725,607,453,-26,894,423,194,255,1124,700,343,440,700,19,-2,342,69,69,1,1,0,0,0,0,0,1,1,0,5,22238,9484,31803,1612306,0,0,0,3780473,5406583,0,210,133,0,0,1000,1000,6773778
MPCTASK: EXP,2,346,17303,279,503,723,540,289,-52,1000,695,113,391,1077,700,300,354,700,13,-75,362,69,69,1,1,0,0,0,0,0,1,1,0,5,22934,13903,36911,2363462,0,0,0,3898698,6274925,0,212,135,0,0,1000,1000,6773778
MPCTASK: EXP,2,348,17398,321,510,719,374,78,-84,1020,1006,67,496,1002,700,155,316,844,2,28,456,69,69,1,1,0,0,0,0,0,1,0,810,5,20068,10126,31736,1721485,0,0,0,3411525,5395254,0,214,135,0,0,1000,1000,6773778
MPCTASK: EXP,2,350,17501,369,533,715,185,-91,47,1022,1255,34,561,902,700,147,174,872,15,58,443,69,69,1,1,0,0,0,0,0,1,0,930,5,21834,10599,35140,1801842,0,0,0,3711697,5973881,0,216,135,0,0,1000,1000,6773778
MPCTASK: EXP,2,352,17597,399,519,727,-31,-284,179,1125,1498,-21,578,777,700,66,57,700,27,199,545,69,69,1,1,0,0,0,0,0,1,1,0,5,21804,8813,30695,1498131,0,0,0,3706501,5218256,0,218,136,0,0,1000,1000,6773778
MPCTASK: EXP,2,354,17705,385,494,747,-296,-475,144,1180,1299,0,546,633,700,-15,-59,767,47,64,387,69,69,1,1,0,0,0,0,0,1,0,342,5,20885,13348,36991,2268999,0,0,0,3550429,6288541,0,220,136,0,0,1000,1000,6773778
MPCTASK: EXP,2,356,17801,326,424,751,-512,-690,0,1253,1166,26,467,472,700,-108,-206,700,51,-42,378,69,69,0,0,0,0,0,0,0,0,0,0,5,24991,8061,33121,1370251,0,0,0,4248381,5630709,0,220,136,0,0,1000,1000,6773778
MPCTASK: EXP,2,358,17896,249,328,740,-703,-912,-89,1041,853,96,351,298,700,-180,-353,700,22,-82,381,69,69,1,1,0,0,0,0,0,1,1,0,5,19333,9558,29204,1624727,0,0,0,3286653,4964758,0,222,137,0,0,1000,1000,6773778
MPCTASK: EXP,2,360,18001,167,231,733,-833,-1079,-19,719,445,158,208,115,700,-219,-472,700,29,24,325,69,69,1,1,0,0,0,0,0,1,1,0,5,24965,9442,34488,1605038,0,0,0,4243949,5863066,0,224,139,0,0,1000,1000,6773778
MPCTASK: EXP,2,362,18102,46,103,727,-906,-1193,-17,299,-75,203,51,-71,700,-254,-588,700,24,63,287,69,69,1,1,0,0,0,0,0,1,1,0,5,22390,10758,33573,1828653,0,0,0,3806269,5707551,0,226,141,0,0,1000,1000,6773778
MPCTASK: EXP,2,364,18205,-32,-5,731,-841,-1196,13,-24,-536,181,-102,-257,700,-220,-659,700,31,-36,241,69,69,1,1,0,0,0,0,0,1,1,0,5,25010,9187,36216,1561725,0,0,0,4251729,6156807,0,228,143,0,0,1000,1000,6773778
MPCTASK: EXP,2,366,18303,-109,-114,743,-725,-1160,36,-165,-853,132,-238,-438,700,-176,-725,700,43,58,313,69,69,1,1,0,0,0,0,0,1,1,0,5,22931,12138,35140,2063296,0,0,0,3898157,5973943,0,230,145,0,0,1000,1000,6773778
MPCTASK: EXP,2,368,18400,-146,-201,758,-562,-1104,27,-192,-1086,56,-343,-609,700,-99,-767,700,58,158,416,69,69,0,0,0,0,0,0,0,0,0,0,5,22066,9817,31952,1668798,0,0,0,3751161,5431882,0,231,145,0,0,1000,1000,6773778
MPCTASK: EXP,2,370,18503,-186,-309,764,-325,-1055,33,-148,-1296,-15,-408,-767,700,-8,-822,700,64,91,436,69,69,0,0,0,0,0,0,0,0,0,0,5,23912,10601,34583,1802145,0,0,0,4064945,5879169,0,231,145,0,0,1000,1000,6773778
MPCTASK: EXP,2,372,18602,-193,-388,763,-102,-1001,-78,-157,-1342,-95,-425,-907,700,76,-841,700,47,129,765,69,69,0,0,0,0,0,0,0,0,0,0,5,24021,9201,33466,1563957,0,0,0,4083601,5689322,0,231,145,0,0,1000,1000,6773778
MPCTASK: EXP,2,374,18703,-172,-469,748,142,-946,-156,-302,-1275,-168,-393,-1025,700,169,-848,718,17,21,1000,69,69,1,1,0,0,0,0,0,1,0,149,5,20020,12890,34694,2191151,0,0,0,3403297,5898131,0,232,145,0,0,1000,1000,6773778
MPCTASK: EXP,2,376,18806,-141,-525,731,353,-859,-147,-393,-1133,-268,-314,-1120,700,240,-826,737,2,16,783,69,69,1,1,0,0,0,0,0,1,0,265,5,26590,10226,38152,1738330,0,0,0,4520118,6485936,0,234,145,0,0,1000,1000,6773778
MPCTASK: EXP,2,378,18907,-82,-587,713,585,-744,-75,-449,-859,-396,-198,-1188,700,313,-796,700,-1,-4,383,69,69,1,1,0,0,0,0,0,1,1,0,5,22963,13081,36569,2223705,0,0,0,3903600,6216751,0,236,146,0,0,1000,1000,6773778
MPCTASK: EXP,2,380,19002,-16,-612,697,721,-613,-17,-341,-363,-524,-54,-1229,700,339,-740,700,-6,66,307,69,69,1,1,0,0,0,0,0,1,1,0,5,21646,9401,31551,1598113,0,0,0,3679665,5363727,0,238,148,0,0,1000,1000,6773778
MPCTASK: EXP,2,382,19105,58,-643,676,779,-508,-47,-441,-34,-635,101,-1240,700,347,-678,700,-33,-33,289,69,69,1,1,0,0,0,0,0,1,1,0,5,21631,11591,34083,1970385,0,0,0,3677113,5794247,0,240,150,0,0,1000,1000,6773778
MPCTASK: EXP,2,384,19204,112,-664,674,744,-390,43,-567,322,-684,255,-1222,700,310,-602,700,-25,18,320,69,69,1,1,0,0,0,0,0,1,1,0,5,22586,10885,33756,1850454,0,0,0,3839557,5738595,0,242,152,0,0,1000,1000,6773778
MPCTASK: EXP,2,386,19306,187,-684,714,671,-256,226,-711,679,-668,391,-1175,700,271,-518,841,14,-35,305,69,69,1,1,0,0,0,0,0,1,0,746,5,23368,10876,35799,1848764,0,0,0,3972573,6086068,0,244,153,0,0,1000,1000,6773778
MPCTASK: EXP,2,388,19403,238,-684,759,542,-103,205,-934,1109,-593,496,-1100,700,198,-410,704,59,-33,323,69,69,0,0,0,0,0,0,0,0,0,0,5,23233,9637,33226,1638079,0,0,0,3949542,5648471,0,245,153,0,0,1000,1000,6773778
MPCTASK: EXP,2,390,19502,277,-674,787,362,81,103,-1173,1463,-451,561,-999,700,115,-290,708,87,-45,348,69,69,0,0,0,0,0,0,0,0,0,0,5,20859,10602,31529,1802230,0,0,0,3545949,5360112,0,245,153,0,0,1000,1000,6773778
MPCTASK: EXP,2,392,19603,300,-647,785,161,279,-135,-1352,1637,-272,578,-875,700,38,-161,700,58,-1,966,69,69,0,0,0,0,0,0,0,0,0,0,5,23000,9458,32529,1607888,0,0,0,3909890,5530014,0,245,153,0,0,1000,1000,6773778
MPCTASK: EXP,2,394,19706,293,-600,754,-106,525,-291,-1380,1596,-111,546,-731,700,-50,-20,704,-3,-297,1968,70,70,1,1,0,0,0,0,0,1,0,95,5,21897,12335,35558,2096862,0,0,0,3722361,6044880,0,247,153,0,0,1000,1000,6773778
MPCTASK: EXP,2,396,19805,263,-537,715,-392,784,-274,-1209,1281,-38,467,-570,700,-128,118,726,-39,-230,1174,70,70,1,1,0,0,0,0,0,1,0,256,5,23837,9257,34954,1573762,0,0,0,4052357,5942202,0,249,153,0,0,1000,1000,6773778
MPCTASK: EXP,2,398,19907,191,-447,687,-644,1010,-124,-851,827,-2,351,-396,700,-203,251,700,-36,98,511,69,69,1,1,0,0,0,0,0,1,1,0,5,23983,12180,36551,2070539,0,0,0,4076961,6213884,0,251,154,0,0,1000,1000,6773778
MPCTASK: EXP,2,400,20005,96,-333,681,-782,1152,95,-209,16,10,208,-213,700,147,-19,859,-18,334,510,69,69,1,1,0,0,0,0,0,1,0,937,5,22200,10782,34569,1832958,0,0,0,3773910,5876693,0,253,154,0,0,1000,1000,6773778
MPCTASK: EXP,2,402,20104,21,-244,708,-694,1080,298,655,-999,137,51,-26,700,-149,361,747,8,421,675,69,69,1,1,0,0,0,0,0,1,0,270,5,20410,11791,33598,2004515,0,0,0,3469601,5712579,0,255,154,0,0,1000,1000,6773778
MPCTASK: EXP,2,404,20205,-32,-168,760,-456,887,351,893,-1592,187,-102,159,700,-58,385,709,60,159,608,69,69,0,0,0,0,0,0,0,0,0,0,5,23891,9825,34599,1670167,0,0,0,4061434,5881900,0,256,154,0,0,1000,1000,6773778
MPCTASK: EXP,2,406,20307,-45,-116,781,-241,775,56,5,-1092,122,-238,340,700,2,450,705,81,327,573,69,69,0,0,0,0,0,0,0,0,0,0,5,23500,12653,36223,2151057,0,0,0,3994785,6158044,0,256,154,0,0,1000,1000,6773778
MPCTASK: EXP,2,408,20405,-37,-69,760,-81,778,-190,-594,-675,143,-343,511,700,80,508,700,22,97,521,69,69,0,0,0,0,0,0,0,0,0,0,5,24504,10243,34816,1741207,0,0,0,4165673,5918803,0,256,154,0,0,1000,1000,6773778
MPCTASK: EXP,2,410,20502,-20,-14,731,61,857,-209,-673,-663,163,-408,669,700,173,557,736,-10,178,901,69,69,1,1,0,0,0,0,0,1,0,273,5,16914,11463,31573,1948666,0,0,0,2875401,5367411,0,258,154,0,0,1000,1000,6773778
MPCTASK: EXP,2,412,20602,3,63,716,201,967,-76,-578,-659,185,-425,809,700,258,614,700,1,87,364,69,69,1,1,0,0,0,0,0,1,1,0,5,22304,9292,31968,1579597,0,0,0,3791538,5434514,0,260,155,0,0,1000,1000,6773778
MPCTASK: EXP,2,414,20706,33,135,717,330,1018,66,-249,-682,210,-392,927,700,334,630,700,17,27,288,69,69,1,1,0,0,0,0,0,1,1,0,5,24258,11172,35502,1899026,0,0,0,4123885,6035407,0,262,157,0,0,1000,1000,6773778
MPCTASK: EXP,2,416,20804,80,223,727,441,1019,27,22,-503,240,-314,1022,700,385,644,700,27,9,248,69,69,1,1,0,0,0,0,0,1,1,0,5,23130,9899,33166,1682857,0,0,0,3932050,5638279,0,264,159,0,0,1000,1000,6773778
MPCTASK: EXP,2,418,20906,131,298,727,505,964,-35,268,-223,284,-198,1090,700,409,627,700,20,60,262,69,69,1,1,0,0,0,0,0,1,1,0,5,24205,11738,36115,1995464,0,0,0,4114729,6139758,0,266,161,0,0,1000,1000,6773778
MPCTASK: EXP,2,420,21004,180,369,724,523,870,-47,514,9,326,-54,1131,700,407,593,700,15,38,287,69,69,1,1,0,0,0,0,0,1,1,0,5,23894,9870,33836,1677807,0,0,0,4061953,5752263,0,268,163,0,0,1000,1000,6773778
MPCTASK: EXP,2,422,21107,231,433,727,509,740,-31,753,217,343,101,1142,700,387,542,700,21,40,327,69,69,1,1,0,0,0,0,0,1,1,0,5,25606,9549,36110,1623237,0,0,0,4353005,6138798,0,270,165,0,0,1000,1000,6773778
MPCTASK: EXP,2,424,21203,276,476,728,457,561,-49,920,483,354,255,1124,700,343,465,700,18,68,407,69,69,1,1,0,0,0,0,0,1,1,0,5,22533,9407,32392,1599120,0,0,0,3830557,5506763,0,272,167,0,0,1000,1000,6773778
MPCTASK: EXP,2,426,21305,309,501,725,356,364,-71,990,734,343,391,1077,700,274,374,816,10,84,480,69,69,1,1,0,0,0,0,0,1,0,658,5,22862,9967,35331,1694363,0,0,0,3886538,6006523,0,274,167,0,0,1000,1000,6773778
MPCTASK: EXP,2,428,21405,342,503,718,211,133,17,928,966,305,496,1003,700,196,266,700,18,115,402,69,69,1,1,0,0,0,0,0,1,1,0,5,25526,9341,34939,1587917,0,0,0,4339281,5939691,0,276,169,0,0,1000,1000,6773778
MPCTASK: EXP,2,430,21502,348,497,717,32,-62,5,1020,1025,272,560,903,700,110,151,700,17,176,483,69,69,1,1,0,0,0,0,0,1,1,0,5,19574,12025,31676,2044200,0,0,0,3327658,5385115,0,278,171,0,0,1000,1000,6773778
MPCTASK: EXP,2,432,21603,328,464,711,-154,-277,-69,1092,1053,249,576,779,700,14,17,780,-2,213,689,69,69,1,1,0,0,0,0,0,1,0,494,5,22680,8659,32654,1472046,0,0,0,3855445,5551656,0,280,171,0,0,1000,1000,6773778
MPCTASK: EXP,2,434,21701,295,418,707,-348,-505,21,1093,953,240,544,635,700,-69,-122,700,7,201,536,69,69,1,1,0,0,0,0,0,1,1,0,5,20109,10822,31004,1839652,0,0,0,3418585,5270734,0,282,172,0,0,1000,1000,6773778
MPCTASK: EXP,2,436,21802,237,356,712,-523,-722,99,1071,734,243,465,474,700,-143,-263,700,12,102,411,69,69,1,1,0,0,0,0,0,1,1,0,5,22267,9444,31784,1605395,0,0,0,3785374,5403414,0,284,174,0,0,1000,1000,6773778
MPCTASK: EXP,2,438,21903,165,280,721,-637,-891,33,1008,509,235,349,300,700,-197,-390,700,21,14,359,69,69,1,1,0,0,0,0,0,1,1,0,5,20288,11929,32691,2027865,0,0,0,3448757,5557518,0,286,176,0,0,1000,1000,6773778
MPCTASK: EXP,2,440,22004,94,172,718,-701,-1054,-34,723,240,209,206,117,700,-220,-518,700,11,-46,296,69,69,1,1,0,0,0,0,0,1,1,0,5,23656,9177,33284,1560012,0,0,0,4021477,5658339,0,288,178,0,0,1000,1000,6773778
MPCTASK: EXP,2,442,22105,29,75,712,-711,-1136,-32,371,-9,170,52,-71,700,-217,-604,700,5,-19,247,69,69,1,1,0,0,0,0,0,1,1,0,5,21021,13014,34484,2212215,0,0,0,3573589,5862458,0,290,180,0,0,1000,1000,6773778
MPCTASK: EXP,2,444,22205,-40,-35,714,-684,-1169,13,92,-319,127,-99,-260,700,-197,-684,700,14,-1,230,69,69,1,1,0,0,0,0,0,1,1,0,5,25296,9060,34588,1540199,0,0,0,4300217,5879948,0,292,182,0,0,1000,1000,6773778
MPCTASK: EXP,2,446,22305,-94,-129,721,-591,-1137,27,-52,-616,79,-232,-444,700,-150,-730,700,21,82,315,69,69,1,1,0,0,0,0,0,1,1,0,5,22744,11247,34311,1911914,0,0,0,3866433,5832883,0,294,184,0,0,1000,1000,6773778
MPCTASK: EXP,2,448,22404,-143,-229,730,-466,-1102,16,-106,-842,29,-334,-620,700,-101,-773,700,30,95,357,69,69,1,1,0,0,0,0,0,1,1,0,5,23879,9456,33409,1607533,0,0,0,4059217,5679568,0,296,186,0,0,1000,1000,6773778
MPCTASK: EXP,2,450,22511,-165,-315,731,-293,-1050,-30,-143,-1015,-28,-395,-782,700,-35,-787,817,25,123,461,69,69,1,1,0,0,0,0,0,1,0,646,5,24165,14966,41265,2544015,0,0,0,4108049,7015143,0,298,186,0,0,1000,1000,7015143
MPCTASK: EXP,2,452,22605,-178,-400,731,-82,-990,68,-245,-1109,-86,-409,-925,700,21,-793,890,31,152,437,69,69,1,1,0,0,0,0,0,1,0,997,5,23741,9370,35169,1592723,0,0,0,4035866,5978756,0,300,186,0,0,1000,1000,7015143
MPCTASK: EXP,2,454,22706,-174,-468,743,133,-899,181,-349,-1063,-178,-376,-1045,700,81,-749,801,43,144,384,69,69,1,1,0,0,0,0,0,1,0,510,5,21897,10749,35202,1827202,0,0,0,3722397,5984380,0,302,186,0,0,1000,1000,7015143
MPCTASK: EXP,2,456,22806,-145,-522,767,321,-789,255,-418,-800,-269,-301,-1136,699,117,-696,708,67,36,310,69,69,0,0,0,0,0,0,0,0,0,0,5,23624,10975,34719,1865709,0,0,0,4016046,5902268,0,302,186,0,0,1000,1000,7015143
MPCTASK: EXP,2,458,22902,-109,-568,779,420,-678,37,-717,-454,-317,-194,-1194,699,118,-621,704,79,35,266,69,69,0,0,0,0,0,0,0,0,0,0,5,20125,10604,30938,1802660,0,0,0,3421209,5259501,0,302,186,0,0,1000,1000,7015143
MPCTASK: EXP,2,460,23008,-68,-615,750,468,-524,-217,-1115,-39,-307,-69,-1213,699,106,-541,735,6,-139,781,69,69,1,1,0,0,0,0,0,1,0,241,5,23253,10814,37073,1838186,0,0,0,3952973,6302362,0,303,186,0,0,1000,1000,7015143
MPCTASK: EXP,2,462,23105,-13,-641,726,470,-278,-178,-1273,274,-298,59,-1192,699,103,-455,724,-9,-87,1044,69,69,1,1,0,0,0,0,0,1,0,212,5,21972,9895,34018,1682204,0,0,0,3735301,5783183,0,305,186,0,0,1000,1000,7015143
MPCTASK: EXP,2,464,23211,32,-639,730,409,-7,8,-1208,485,-283,174,-1129,699,107,-390,800,30,37,443,69,69,1,1,0,0,0,0,0,1,0,553,5,23662,11600,37879,1971885,0,0,0,4022402,6439527,0,307,186,0,0,1000,1000,7015143
MPCTASK: EXP,2,466,23307,56,-607,743,301,229,97,-1035,629,-235,261,-1025,699,82,-312,841,43,56,338,69,69,1,1,0,0,0,0,0,1,0,726,5,22158,9574,34239,1627457,0,0,0,3766805,5820709,0,309,186,0,0,1000,1000,7015143
MPCTASK: EXP,2,468,23407,65,-560,767,173,417,204,-742,603,-168,312,-885,700,63,-255,706,67,-1,262,69,69,0,0,0,0,0,0,0,0,0,0,5,24240,10908,35217,1854298,0,0,0,4120681,5987120,0,309,186,0,0,1000,1000,7015143
MPCTASK: EXP,2,470,23503,64,-493,807,76,524,175,-417,507,-70,321,-719,700,54,-216,716,107,60,208,69,69,0,0,0,0,0,0,0,0,0,0,5,20718,10525,31319,1789070,0,0,0,3521977,5324249,0,309,186,0,0,1000,1000,7015143
MPCTASK: EXP,2,472,23607,61,-434,819,6,568,-60,-218,451,59,292,-540,700,54,-190,712,107,112,237,69,69,0,0,0,0,0,0,0,0,0,0,5,22303,11516,33888,1957689,0,0,0,3791360,5761471,0,309,186,0,0,1000,1000,7015143
MPCTASK: EXP,2,474,23707,50,-369,798,-65,594,-236,44,317,172,237,-367,700,18,-134,851,51,12,242,69,69,1,1,0,0,0,0,0,1,0,769,5,19656,12460,34973,2118163,0,0,0,3341393,5945483,0,310,186,0,0,1000,1000,7015143
MPCTASK: EXP,2,476,23805,36,-313,765,-107,554,-225,355,60,264,172,-219,700,34,-133,700,20,5,281,69,69,1,1,0,0,0,0,0,1,1,0,5,24008,8636,32714,1467954,0,0,0,4081261,5561497,0,312,188,0,0,1000,1000,7015143
MPCTASK: EXP,2,478,23903,15,-274,745,-104,450,-114,555,-197,314,116,-114,700,18,-120,700,22,97,338,69,69,1,1,0,0,0,0,0,1,1,0,5,20270,10917,31260,1855721,0,0,0,3445813,5314272,0,313,189,0,0,1000,1000,7015143
MPCTASK: EXP,2,480,24004,0,-238,731,-63,343,-98,535,-277,326,84,-61,700,7,-104,700,12,163,403,69,69,1,1,0,0,0,0,0,1,1,0,5,21905,9038,31296,1536486,0,0,0,3723739,5320385,0,315,191,0,0,1000,1000,7015143
MPCTASK: EXP,2,482,24105,1,-222,718,-4,243,-93,385,-231,316,76,-49,700,34,-131,700,0,138,361,69,69,1,1,0,0,0,0,0,1,1,0,5,23038,9602,32711,1632192,0,0,0,3916477,5560941,0,317,193,0,0,1000,1000,7015143
MPCTASK: TRAJ DONE: idx=482, max=482; requesting landing
MPCTASK: LANDING: start z=0.71, hold=(0.0,-0.21)
MPCTASK: TIMING SUMMARY: max_step_cycles=7015143 deadline_cycles=8400000 overruns=0
MPCTASK: POSTHOC SUMMARY: active=318 infeasible=194
MPCTASK: LANDING COMPLETE: t=34292 ms, x=-0.022, y=-0.210, z=0.006, vz=-0.098; motors off
