SYS: Crazyflie 2.1 Brushless is up and running!
SYS: Build 2:de14ff9f08ae (2025.09.1 +2) MODIFIED
SYS: I am 0x373930393434471500370039 and I have 1024KB of flash!
CFGBLK: v1, verification [OK]
DECK_DISCOVERY: Backend found: onewire
DECK_DISCOVERY: Backend found: deckctrl
DECK_CORE: 1 deck(s) found
DECK_CORE: Calling INIT on driver bcFlow2 for deck 0
ZR2: Z-down sensor [OK]
PMW: Motion chip id: 0x49:0xB6
IMU: BMI088: Using I2C interface.
IMU: BMI088 Gyro connection [OK].
IMU: BMI088 Accel connection [OK]
IMU: BMP390 I2C connection [OK]
ESTIMATOR: Using Kalman (2) estimator
CONTROLLER: Using PID (1) controller
MTR-DRV: Using brushless motor driver
SYS: About to run tests in system.c.
SYS: NRF51 version: 2026.04 (C21B)
EEPROM: I2C connection [OK].
STORAGE: Storage check [OK].
IMU: BMI088 gyro self-test [OK]
DECK_CORE: Deck 0 test [OK].
SYS: Self test passed!
STAB: Wait for sensor calibration...
SYS: Free heap: 15048 bytes
MPCTASK: Waiting for activation ...
STAB: Starting stabilizer loop
STAB: WARNING: stabilizer loop rate is off (1004)
SUP: Ready to fly
MPCTASK: Benchmark mode 0, maneuver 4, max_iter 5, task_pri 0
MPCTASK: Reference altitude: 0.70 m; barrier skip when z>0.75 and vz>-0.20
MPCTASK: OOT takeoff: cfclient trigger>=0.15m ramp=0.15m/s forced_trajectory_start=3000ms timeout=12000ms
MPCTASK: Common baseline: mpc_hz=20 model_hz=20 rho=5 base_w=0 base_qz=1 Qz=100 R=4 bridge=x10 guards=z[ref,ref+0.20] xy=free cap=0.05
MPCTASK: MPC->PID: xyz=x10, z_guard=[ref,ref+0.20], yaw=raw_rz, output_hold=200ms, safety_hold=500ms
MPCTASK: Reference origin: xy=forced_3s_start z=0.70 m
MPCTASK: Fixed baseline: w=0 qz=1 adaptive_cache=off
MPCTASK: EXP every=2: m,s,tms,p3[mm],v3[mmps],att3[cdeg],ref3[mm],cmd3[mm],h/raw/grad/mar/thr[milli],act/ac/bind,wi/qi/cache/noa,pa/pf/du[milli],it,mpc/eval/total[us],bar/tanh/rl/cache/solve/step[cycles],overruns,post_active/post_infeasible_totals,wreq/w/qzreq/qz[milli],max_step_cycles
MPCTASK: Figure8: source=traj_fig8_12.h source_hz=100 samples=1205 laps=2 duration=24.07 s origin=forced_3s_start z_offset=0.09 m
CONTROLLER: Using OutOfTree (6) controller
MPCTASK: Trajectory origin: x=0.03 y=0.04
MPCTASK: OOT activated at z=0.01
MPCTASK: TAKEOFF START: trigger_z=0.15 start_z=0.01 target=0.70 hold=(0.03,0.01) ramp=0.15m/s
MPCTASK: OOT loop 1 done
MPCTASK:MPCTASK: OOT loop 2 done
 MPC task loop MPCTASK: OOT loop 3 done
1
MPCTASK: x0: pos=(0.03,0.01,0.01) vel=(-0.02,-0.02,0.0)
MPCTASK: ref: (0.03,0.01,0.01)
MPCTASK: MPC solve start
MPCTASK: MPC solve done, iter=5
MPCTASK: MPC time=25230 us
MPCTASK: MPC stack free=1165 words
MPCTASK: setpoint: x=0.03 y=0.01 z=0.07 preview_z=0.07
MPCTASK: MPC task loop 2
MPCTASK: MPC task loop 3
MPCTASK: TAKEOFF COMPLETE: t=3000ms z=0.42 vz=0.23; trajectory queued origin=(-0.01,0.02)
MPCTASK: TRAJ START: z=0.43 origin=(-0.01,0.02) EXP clock reset
MPCTASK: EXP,0,2,70,-15,20,442,-9,-45,225,-211,-158,-327,-11,24,700,-66,345,700,0,0,0,0,0,0,0,0,0,0,0,0,0,0,0,5,20535,0,20595,0,0,0,0,3490886,3501309,0,0,0,0,0,1000,1000,3706409
MPCTASK: EXP,0,4,174,-21,15,474,1,48,426,-927,47,-323,-22,43,700,-34,428,700,0,0,0,0,0,0,0,0,0,0,0,0,0,0,0,5,23008,0,23063,0,0,0,0,3911215,3920701,0,0,0,0,0,1000,1000,4348547
MPCTASK: EXP,0,6,271,-24,26,526,-26,275,541,-1490,261,-295,-57,110,700,-4,526,700,0,0,0,0,0,0,0,0,0,0,0,0,0,0,0,5,20432,0,20485,0,0,0,0,3473260,3482565,0,0,0,0,0,1000,1000,4348547
MPCTASK: EXP,0,8,377,-49,66,581,-91,535,494,-1610,171,-365,-110,229,700,16,620,700,0,0,0,0,0,0,0,0,0,0,0,0,0,0,0,5,25897,0,26502,0,0,0,0,4402336,4505452,0,0,0,0,0,1000,1000,4592485
MPCTASK: EXP,0,10,472,-47,116,626,-62,744,384,-1378,-80,-401,-164,388,700,78,678,700,0,0,0,0,0,0,0,0,0,0,0,0,0,0,0,5,20809,0,20863,0,0,0,0,3537251,3546664,0,0,0,0,0,1000,1000,4592485
MPCTASK: EXP,0,12,574,-12,170,655,43,887,285,-1008,-239,-425,-203,568,700,165,704,700,0,0,0,0,0,0,0,0,0,0,0,0,0,0,0,5,23057,0,23111,0,0,0,0,3919737,3929043,0,0,0,0,0,1000,1000,4592485
MPCTASK: EXP,0,14,670,-12,292,674,91,1059,221,-536,-407,-557,-210,746,700,204,775,700,0,0,0,0,0,0,0,0,0,0,0,0,0,0,0,5,20002,0,20055,0,0,0,0,3400203,3409509,0,0,0,0,0,1000,1000,4592485
MPCTASK: EXP,0,16,772,4,410,692,194,1103,213,147,-689,-660,-179,907,700,252,791,700,0,0,0,0,0,0,0,0,0,0,0,0,0,0,0,5,21628,0,22027,0,0,0,0,3676536,3744548,0,0,0,0,0,1000,1000,4592485
MPCTASK: EXP,0,18,873,29,553,724,315,1072,240,718,-780,-675,-110,1036,699,285,808,699,0,0,0,0,0,0,0,0,0,0,0,0,0,0,0,5,22675,0,22729,0,0,0,0,3854631,3863937,0,0,0,0,0,1000,1000,4592485
MPCTASK: EXP,0,20,973,36,620,756,376,865,196,1136,-700,-618,-10,1125,699,264,734,703,0,0,0,0,0,0,0,0,0,0,0,0,0,0,0,5,22597,0,22654,0,0,0,0,3841351,3851184,0,0,0,0,0,1000,1000,4592485
MPCTASK: EXP,0,22,1072,74,684,771,441,659,65,1262,-400,-546,108,1170,699,245,669,702,0,0,0,0,0,0,0,0,0,0,0,0,0,0,0,5,22039,0,22093,0,0,0,0,3746519,3755825,0,0,0,0,0,1000,1000,4592485
MPCTASK: EXP,0,24,1174,105,720,770,438,419,-33,1411,-4,-447,231,1172,699,194,572,699,0,0,0,0,0,0,0,0,0,0,0,0,0,0,0,5,24451,0,24510,0,0,0,0,4156535,4166805,0,0,0,0,0,1000,1000,4592485
MPCTASK: EXP,0,26,1271,145,725,760,392,139,-64,1481,346,-337,340,1133,699,139,446,699,0,0,0,0,0,0,0,0,0,0,0,0,0,0,0,5,19828,0,19882,0,0,0,0,3370619,3379927,0,0,0,0,0,1000,1000,4592485
MPCTASK: EXP,0,28,1373,164,711,752,271,-145,-44,1474,673,-272,423,1057,700,55,311,700,0,0,0,0,0,0,0,0,0,0,0,0,0,0,0,5,22996,0,23050,0,0,0,0,3909367,3918677,0,0,0,0,0,1000,1000,4592485
MPCTASK: EXP,0,30,1471,166,662,747,97,-430,-14,1349,902,-233,467,949,700,-40,159,700,0,0,0,0,0,0,0,0,0,0,0,0,0,0,0,5,21283,0,21337,0,0,0,0,3617947,3627261,0,0,0,0,0,1000,1000,4592485
MPCTASK: EXP,0,32,1574,155,597,747,-99,-667,18,1142,1022,-207,467,814,700,-131,18,700,0,0,0,0,0,0,0,0,0,0,0,0,0,0,0,5,23204,0,23627,0,0,0,0,3944584,4016670,0,0,0,0,0,1000,1000,4592485
MPCTASK: EXP,0,34,1672,112,506,748,-313,-869,31,945,1017,-184,419,658,700,-229,-132,700,0,0,0,0,0,0,0,0,0,0,0,0,0,0,0,5,21258,0,21334,0,0,0,0,3613723,3626862,0,0,0,0,0,1000,1000,4592485
MPCTASK: EXP,0,36,1773,13,406,746,-547,-1021,27,616,797,-140,329,486,700,-340,-258,700,0,0,0,0,0,0,0,0,0,0,0,0,0,0,0,5,21910,0,21965,0,0,0,0,3724580,3734190,0,0,0,0,0,1000,1000,4592485
MPCTASK: EXP,0,38,1869,-11,269,748,-628,-1134,58,287,427,-310,204,304,700,-341,-396,700,0,0,0,0,0,0,0,0,0,0,0,0,0,0,0,5,19056,0,19111,0,0,0,0,3239372,3248953,0,0,0,0,0,1000,1000,4592485
MPCTASK: EXP,0,40,1975,-95,164,756,-717,-1137,112,-127,369,-476,56,115,700,-388,-473,701,0,0,0,0,0,0,0,0,0,0,0,0,0,0,0,5,24611,0,24898,0,0,0,0,4183851,4232742,0,0,0,0,0,1000,1000,4965477
MPCTASK: EXP,0,42,2073,-198,91,771,-779,-1060,131,-189,-59,-856,-98,-73,700,-404,-524,709,0,0,0,0,0,0,0,0,0,0,0,0,0,0,0,5,21892,0,21946,0,0,0,0,3721591,3730921,0,0,0,0,0,1000,1000,4965477
MPCTASK: EXP,0,44,2176,-288,37,792,-721,-1002,156,58,-867,-1159,-245,-259,700,-357,-574,711,0,0,0,0,0,0,0,0,0,0,0,0,0,0,0,5,25569,0,26043,0,0,0,0,4346763,4427387,0,0,0,0,0,1000,1000,4965477
MPCTASK: EXP,0,46,2270,-379,-26,821,-605,-982,106,-215,-1092,-1053,-370,-438,700,-333,-590,718,0,0,0,0,0,0,0,0,0,0,0,0,0,0,0,5,20065,0,20119,0,0,0,0,3410911,3420241,0,0,0,0,0,1000,1000,4965477
MPCTASK: EXP,0,48,2377,-435,-86,828,-433,-914,1,-361,-1256,-713,-460,-604,700,-264,-605,716,0,0,0,0,0,0,0,0,0,0,0,0,0,0,0,5,26453,0,26509,0,0,0,0,4496841,4506518,0,0,0,0,0,1000,1000,4965477
MPCTASK: EXP,0,50,2473,-474,-134,823,-207,-847,-97,-114,-1707,-366,-506,-755,700,-167,-619,711,0,0,0,0,0,0,0,0,0,0,0,0,0,0,0,5,22155,0,22211,0,0,0,0,3766223,3775905,0,0,0,0,0,1000,1000,4965477
MPCTASK: EXP,0,52,2577,-486,-194,808,88,-827,-156,88,-1868,-50,-504,-886,700,-65,-641,705,0,0,0,0,0,0,0,0,0,0,0,0,0,0,0,5,26180,0,26235,0,0,0,0,4450495,4460006,0,0,0,0,0,1000,1000,4965477
MPCTASK: EXP,0,54,2671,-449,-237,789,426,-802,-175,149,-1768,105,-453,-995,700,53,-635,700,0,0,0,0,0,0,0,0,0,0,0,0,0,0,0,5,21272,0,21326,0,0,0,0,3616199,3625520,0,0,0,0,0,1000,1000,4965477
MPCTASK: EXP,0,56,2774,-379,-254,760,747,-751,-183,103,-1487,94,-359,-1079,700,163,-594,700,0,0,0,0,0,0,0,0,0,0,0,0,0,0,0,5,23858,0,24241,0,0,0,0,4055635,4121081,0,0,0,0,0,1000,1000,4965477
MPCTASK: EXP,0,58,2873,-292,-298,739,995,-730,-102,-33,-1015,-38,-231,-1136,700,244,-568,700,0,0,0,0,0,0,0,0,0,0,0,0,0,0,0,5,22379,0,22440,0,0,0,0,3804316,3814955,0,0,0,0,0,1000,1000,4965477
MPCTASK: EXP,0,60,2973,-209,-298,731,1121,-639,9,-141,-465,-271,-80,-1164,700,270,-493,700,0,0,0,0,0,0,0,0,0,0,0,0,0,0,0,5,20661,0,20866,0,0,0,0,3512157,3547414,0,0,0,0,0,1000,1000,4965477
MPCTASK: EXP,0,62,3077,-86,-321,736,1173,-569,100,-197,136,-480,75,-1164,700,291,-435,700,0,0,0,0,0,0,0,0,0,0,0,0,0,0,0,5,24398,0,24452,0,0,0,0,4147688,4157008,0,0,0,0,0,1000,1000,4965477
MPCTASK: EXP,0,64,3175,1,-263,754,1086,-381,143,-432,708,-654,224,-1134,700,250,-274,700,0,0,0,0,0,0,0,0,0,0,0,0,0,0,0,5,23171,0,23233,0,0,0,0,3938907,3949633,0,0,0,0,0,1000,1000,4965477
MPCTASK: EXP,0,66,3277,82,-308,781,908,-303,138,-513,1270,-663,350,-1075,700,177,-226,708,0,0,0,0,0,0,0,0,0,0,0,0,0,0,0,5,23922,0,23978,0,0,0,0,4066688,4076368,0,0,0,0,0,1000,1000,4965477
MPCTASK: EXP,0,68,3374,143,-317,805,674,-164,59,-823,1712,-594,440,-990,700,84,-123,712,0,0,0,0,0,0,0,0,0,0,0,0,0,0,0,5,21461,0,22079,0,0,0,0,3648296,3753557,0,0,0,0,0,1000,1000,4965477
MPCTASK: EXP,0,70,3475,214,-358,805,421,-25,-70,-1142,1977,-476,486,-880,700,17,-49,707,0,0,0,0,0,0,0,0,0,0,0,0,0,0,0,5,22849,0,22902,0,0,0,0,3884116,3893445,0,0,0,0,0,1000,1000,4965477
MPCTASK: EXP,0,72,3577,230,-340,788,92,218,-165,-1274,1940,-353,483,-747,700,-78,77,700,0,0,0,0,0,0,0,0,0,0,0,0,0,0,0,5,24955,0,25015,0,0,0,0,4242009,4252713,0,0,0,0,0,1000,1000,4965477
MPCTASK: EXP,0,74,3674,260,-242,767,-211,544,-169,-1148,1762,-173,432,-596,700,-138,263,700,0,0,0,0,0,0,0,0,0,0,0,0,0,0,0,5,21151,0,21205,0,0,0,0,3595607,3604932,0,0,0,0,0,1000,1000,4965477
MPCTASK: EXP,0,76,3773,174,-173,746,-567,768,-128,-1027,1347,-66,337,-429,700,-261,403,700,0,0,0,0,0,0,0,0,0,0,0,0,0,0,0,5,21070,0,21124,0,0,0,0,3581819,3591146,0,0,0,0,0,1000,1000,4965477
MPCTASK: EXP,0,78,3876,133,-80,729,-752,963,-70,-884,791,137,208,-251,700,-288,540,700,0,0,0,0,0,0,0,0,0,0,0,0,0,0,0,5,24029,0,24083,0,0,0,0,4084875,4094197,0,0,0,0,0,1000,1000,4965477
MPCTASK: EXP,0,80,3974,4,-35,723,-907,1038,-14,-581,349,301,58,-66,700,-358,597,700,0,0,0,0,0,0,0,0,0,0,0,0,0,0,0,5,21703,0,22042,0,0,0,0,3689555,3747250,0,0,0,0,0,1000,1000,4965477
MPCTASK: EXP,0,82,4077,-20,73,730,-844,1106,75,-190,-355,616,-98,120,700,-277,685,700,0,0,0,0,0,0,0,0,0,0,0,0,0,0,0,5,24223,0,24279,0,0,0,0,4117764,4127385,0,0,0,0,0,1000,1000,4965477
MPCTASK: EXP,0,84,4174,-117,161,746,-792,1089,71,91,-592,871,-247,305,700,-265,741,700,0,0,0,0,0,0,0,0,0,0,0,0,0,0,0,5,22038,0,22092,0,0,0,0,3746411,3755737,0,0,0,0,0,1000,1000,4965477
MPCTASK: EXP,0,86,4277,-195,239,761,-672,1048,38,186,-1060,1125,-372,482,700,-211,784,700,0,0,0,0,0,0,0,0,0,0,0,0,0,0,0,5,25001,0,25054,0,0,0,0,4250059,4259535,0,0,0,0,0,1000,1000,4965477
MPCTASK: EXP,0,88,4375,-256,324,772,-484,1031,0,188,-1354,1303,-462,649,700,-143,835,700,0,0,0,0,0,0,0,0,0,0,0,0,0,0,0,5,23158,0,23218,0,0,0,0,3936771,3947094,0,0,0,0,0,1000,1000,4965477
MPCTASK: EXP,0,90,4473,-290,404,769,-256,1016,-76,326,-1341,1315,-508,800,700,-73,863,700,0,0,0,0,0,0,0,0,0,0,0,0,0,0,0,5,20135,0,20188,0,0,0,0,3422752,3432072,0,0,0,0,0,1000,1000,4965477
MPCTASK: EXP,0,92,4574,-308,487,759,-31,981,-97,423,-1235,1231,-505,932,700,-7,881,700,0,0,0,0,0,0,0,0,0,0,0,0,0,0,0,5,22055,0,22109,0,0,0,0,3749319,3758644,0,0,0,0,0,1000,1000,4965477
MPCTASK: EXP,0,94,4671,-314,554,744,172,901,-106,532,-1168,1068,-454,1041,700,53,867,700,0,0,0,0,0,0,0,0,0,0,0,0,0,0,0,5,18698,0,18751,0,0,0,0,3178547,3187874,0,0,0,0,0,1000,1000,4965477
MPCTASK: EXP,0,96,4774,-311,630,733,377,800,-73,807,-1272,703,-360,1125,700,108,837,700,0,0,0,0,0,0,0,0,0,0,0,0,0,0,0,5,22229,0,22292,0,0,0,0,3778923,3789633,0,0,0,0,0,1000,1000,4965477
MPCTASK: EXP,0,98,4877,-287,685,736,576,613,7,1145,-1162,141,-231,1183,700,148,759,700,0,0,0,0,0,0,0,0,0,0,0,0,0,0,0,5,23417,0,23471,0,0,0,0,3980703,3990174,0,0,0,0,0,1000,1000,4965477
MPCTASK: EXP,0,100,4978,-244,731,751,741,376,66,1446,-1179,-320,-80,1211,700,186,664,700,0,0,0,0,0,0,0,0,0,0,0,0,0,0,0,5,24247,0,24301,0,0,0,0,4121959,4131285,0,0,0,0,0,1000,1000,4965477
MPCTASK: EXP,0,102,5073,-183,746,759,859,103,32,1380,-791,-734,76,1211,700,188,561,700,0,0,0,0,0,0,0,0,0,0,0,0,0,0,0,5,20085,0,20139,0,0,0,0,3414347,3423675,0,0,0,0,0,1000,1000,4965477
MPCTASK: EXP,0,104,5174,-119,717,752,889,-168,-34,1158,-241,-1071,224,1181,700,156,432,700,0,0,0,0,0,0,0,0,0,0,0,0,0,0,0,5,20631,0,20692,0,0,0,0,3507132,3517861,0,0,0,0,0,1000,1000,4965477
MPCTASK: EXP,0,106,5277,-77,696,744,788,-357,-7,1020,301,-1368,350,1123,700,77,322,700,0,0,0,0,0,0,0,0,0,0,0,0,0,0,0,5,23648,0,23703,0,0,0,0,4020063,4029548,0,0,0,0,0,1000,1000,4965477
MPCTASK: EXP,0,108,5381,-37,656,747,614,-522,56,1100,606,-1466,440,1038,700,-3,197,700,0,0,0,0,0,0,0,0,0,0,0,0,0,0,0,5,27360,0,27998,0,0,0,0,4651083,4759667,0,0,0,0,0,1000,1000,4965477
MPCTASK: EXP,0,110,5476,-24,598,765,397,-670,102,1078,866,-1506,486,927,700,-106,70,702,0,0,0,0,0,0,0,0,0,0,0,0,0,0,0,5,23323,0,23377,0,0,0,0,3964911,3974236,0,0,0,0,0,1000,1000,4965477
MPCTASK: EXP,0,112,5577,-14,529,776,178,-779,45,895,1118,-1626,483,795,700,-198,-40,705,0,0,0,0,0,0,0,0,0,0,0,0,0,0,0,5,23965,0,24028,0,0,0,0,4074111,4084833,0,0,0,0,0,1000,1000,4965477
MPCTASK: EXP,0,114,5676,-36,453,783,-57,-873,20,1119,910,-1756,432,643,700,-265,-182,707,0,0,0,0,0,0,0,0,0,0,0,0,0,0,0,5,22717,0,22770,0,0,0,0,3861800,3871121,0,0,0,0,0,1000,1000,4965477
MPCTASK: EXP,0,116,5776,-102,395,787,-287,-1007,17,1374,156,-1902,337,476,700,-327,-313,708,0,0,0,0,0,0,0,0,0,0,0,0,0,0,0,5,23040,0,23094,0,0,0,0,3916707,3926036,0,0,0,0,0,1000,1000,4965477
MPCTASK: EXP,0,118,5877,-167,307,799,-378,-1197,54,1230,-495,-2120,208,298,700,-341,-453,714,0,0,0,0,0,0,0,0,0,0,0,0,0,0,0,5,23409,0,23462,0,0,0,0,3979375,3988701,0,0,0,0,0,1000,1000,4965477
MPCTASK: EXP,0,120,5975,-241,204,813,-365,-1384,93,813,-1325,-2128,58,113,700,-297,-580,717,0,0,0,0,0,0,0,0,0,0,0,0,0,0,0,5,22000,0,22334,0,0,0,0,3739819,3796734,0,0,0,0,0,1000,1000,4965477
MPCTASK: EXP,0,122,6079,-299,79,828,-211,-1528,91,119,-1388,-2008,-98,-73,700,-260,-675,719,0,0,0,0,0,0,0,0,0,0,0,0,0,0,0,5,24822,0,24876,0,0,0,0,4219571,4228897,0,0,0,0,0,1000,1000,4965477
MPCTASK: EXP,0,124,6177,-298,-61,821,-14,-1520,-77,-1033,-605,-1545,-247,-257,700,-203,-700,711,0,0,0,0,0,0,0,0,0,0,0,0,0,0,0,5,23515,0,23577,0,0,0,0,3997475,4008042,0,0,0,0,0,1000,1000,4965477
MPCTASK: EXP,0,126,6274,-287,-162,786,77,-1260,-238,-1619,103,-1023,-372,-435,700,-150,-678,700,0,0,0,0,0,0,0,0,0,0,0,0,0,0,0,5,20257,0,20310,0,0,0,0,3443503,3452829,0,0,0,0,0,1000,1000,4965477
MPCTASK: EXP,0,128,6379,-269,-246,769,125,-953,-167,-1209,-134,-859,-462,-601,700,-59,-679,700,0,0,0,0,0,0,0,0,0,0,0,0,0,0,0,5,24943,0,25005,0,0,0,0,4240319,4250952,0,0,0,0,0,1000,1000,4965477
MPCTASK: EXP,0,130,6479,-223,-292,756,241,-729,-115,-697,-397,-680,-508,-752,700,48,-668,700,0,0,0,0,0,0,0,0,0,0,0,0,0,0,0,5,23915,0,23970,0,0,0,0,4065551,4075038,0,0,0,0,0,1000,1000,4965477
MPCTASK: EXP,0,132,6579,-193,-318,749,326,-587,-87,-383,-473,-462,-505,-884,700,125,-641,700,0,0,0,0,0,0,0,0,0,0,0,0,0,0,0,5,22668,0,22776,0,0,0,0,3853492,3872030,0,0,0,0,0,1000,1000,4965477
MPCTASK: EXP,0,134,6681,-169,-384,747,397,-560,-63,-223,-564,-259,-454,-994,700,178,-655,700,0,0,0,0,0,0,0,0,0,0,0,0,0,0,0,5,24156,0,24211,0,0,0,0,4106511,4115962,0,0,0,0,0,1000,1000,4965477
MPCTASK: EXP,0,136,6778,-111,-424,740,507,-507,-77,-188,-453,-99,-360,-1078,700,235,-634,700,0,0,0,0,0,0,0,0,0,0,0,0,0,0,0,5,20536,0,20589,0,0,0,0,3491107,3500269,0,0,0,0,0,1000,1000,4965477
MPCTASK: EXP,0,138,6881,-29,-462,731,608,-446,-75,-257,-284,6,-231,-1135,700,289,-600,700,0,0,0,0,0,0,0,0,0,0,0,0,0,0,0,5,23695,0,23749,0,0,0,0,4028019,4037341,0,0,0,0,0,1000,1000,4965477
MPCTASK: EXP,0,140,6978,44,-491,720,653,-377,-64,-346,-1,41,-80,-1164,700,305,-549,700,0,0,0,0,0,0,0,0,0,0,0,0,0,0,0,5,20244,0,20298,0,0,0,0,3441271,3450597,0,0,0,0,0,1000,1000,4965477
MPCTASK: EXP,0,142,7080,133,-496,715,661,-264,-34,-498,318,38,76,-1164,700,306,-462,700,0,0,0,0,0,0,0,0,0,0,0,0,0,0,0,5,22789,0,22843,0,0,0,0,3874116,3883442,0,0,0,0,0,1000,1000,4965477
MPCTASK: EXP,0,144,7179,196,-491,716,594,-143,-3,-586,646,29,224,-1134,700,265,-371,700,0,0,0,0,0,0,0,0,0,0,0,0,0,0,0,5,21821,0,21882,0,0,0,0,3709547,3719985,0,0,0,0,0,1000,1000,4965477
MPCTASK: EXP,0,146,7284,258,-511,719,472,-54,6,-695,944,18,350,-1076,700,207,-301,700,0,0,0,0,0,0,0,0,0,0,0,0,0,0,0,5,25780,0,25833,0,0,0,0,4382559,4391722,0,0,0,0,0,1000,1000,4965477
MPCTASK: EXP,0,148,7381,302,-515,722,299,71,-7,-904,1234,24,440,-990,700,130,-208,700,0,0,0,0,0,0,0,0,0,0,0,0,0,0,0,5,23869,0,23922,0,0,0,0,4057563,4066726,0,0,0,0,0,1000,1000,4965477
MPCTASK: EXP,0,150,7480,327,-500,724,87,232,-33,-1046,1409,41,486,-880,700,43,-96,700,0,0,0,0,0,0,0,0,0,0,0,0,0,0,0,5,22626,0,22690,0,0,0,0,3846415,3857426,0,0,0,0,0,1000,1000,4965477
MPCTASK: EXP,0,152,7578,325,-484,719,-155,396,-72,-1154,1462,73,483,-747,700,-48,10,700,0,0,0,0,0,0,0,0,0,0,0,0,0,0,0,5,20100,0,20153,0,0,0,0,3417051,3426213,0,0,0,0,0,1000,1000,4965477
MPCTASK: EXP,0,154,7683,305,-430,712,-412,617,-69,-1171,1313,132,432,-596,700,-133,149,700,0,0,0,0,0,0,0,0,0,0,0,0,0,0,0,5,23358,0,23791,0,0,0,0,3970743,4044605,0,0,0,0,0,1000,1000,4965477
MPCTASK: EXP,0,156,7780,281,-343,713,-597,830,-25,-1105,1110,234,337,-429,700,-182,297,700,0,0,0,0,0,0,0,0,0,0,0,0,0,0,0,5,20996,0,21050,0,0,0,0,3569348,3578670,0,0,0,0,0,1000,1000,4965477
MPCTASK: EXP,0,158,7883,220,-274,714,-764,964,5,-799,818,291,208,-251,700,-231,392,700,0,0,0,0,0,0,0,0,0,0,0,0,0,0,0,5,24725,0,24779,0,0,0,0,4203167,4212492,0,0,0,0,0,1000,1000,4965477
MPCTASK: EXP,0,160,7979,206,-188,716,-798,1042,9,-492,497,406,58,-66,700,-199,480,700,0,0,0,0,0,0,0,0,0,0,0,0,0,0,0,5,20693,0,20992,0,0,0,0,3517739,3568842,0,0,0,0,0,1000,1000,4965477
MPCTASK: EXP,0,162,8081,141,-103,719,-833,1055,-12,-301,238,585,-98,120,700,-193,553,700,0,0,0,0,0,0,0,0,0,0,0,0,0,0,0,5,21250,0,21303,0,0,0,0,3612351,3621677,0,0,0,0,0,1000,1000,4965477
MPCTASK: EXP,0,164,8181,120,-36,718,-763,1035,-58,-202,-81,797,-247,305,700,-121,597,700,0,0,0,0,0,0,0,0,0,0,0,0,0,0,0,5,21124,0,21176,0,0,0,0,3590912,3600074,0,0,0,0,0,1000,1000,4965477
MPCTASK: EXP,0,166,8283,47,36,709,-730,1026,-96,-181,-313,1016,-372,482,700,-101,647,700,0,0,0,0,0,0,0,0,0,0,0,0,0,0,0,5,23989,0,24044,0,0,0,0,4078091,4087699,0,0,0,0,0,1000,1000,4965477
MPCTASK: EXP,0,168,8380,41,161,704,-580,1088,-76,-122,-527,1259,-462,649,700,-5,746,700,0,0,0,0,0,0,0,0,0,0,0,0,0,0,0,5,20895,0,20948,0,0,0,0,3551991,3561155,0,0,0,0,0,1000,1000,4965477
MPCTASK: EXP,0,170,8482,1,245,704,-474,1091,-16,-65,-553,1335,-508,800,700,32,786,700,0,0,0,0,0,0,0,0,0,0,0,0,0,0,0,5,22793,0,22847,0,0,0,0,3874667,3883988,0,0,0,0,0,1000,1000,4965477
MPCTASK: EXP,0,172,8583,-41,306,703,-370,1044,-30,76,-791,1332,-505,931,700,71,784,700,0,0,0,0,0,0,0,0,0,0,0,0,0,0,0,5,23802,0,23855,0,0,0,0,4046223,4055387,0,0,0,0,0,1000,1000,4965477
MPCTASK: EXP,0,174,8683,-67,396,701,-221,1030,-74,246,-947,1308,-454,1041,700,111,807,700,0,0,0,0,0,0,0,0,0,0,0,0,0,0,0,5,23454,0,23508,0,0,0,0,3987200,3996527,0,0,0,0,0,1000,1000,4965477
MPCTASK: EXP,0,176,8783,-90,457,699,-85,965,-46,424,-972,1183,-359,1125,700,129,783,700,0,0,0,0,0,0,0,0,0,0,0,0,0,0,0,5,23745,0,23798,0,0,0,0,4036587,4045750,0,0,0,0,0,1000,1000,4965477
MPCTASK: EXP,0,178,8880,-106,540,699,93,864,-35,782,-1027,905,-231,1183,700,149,747,700,0,0,0,0,0,0,0,0,0,0,0,0,0,0,0,5,20105,0,20159,0,0,0,0,3417787,3427108,0,0,0,0,0,1000,1000,4965477
MPCTASK: EXP,0,180,8982,-109,595,703,264,664,-20,1404,-1218,646,-80,1211,700,171,650,700,0,0,0,0,0,0,0,0,0,0,0,0,0,0,0,5,23037,0,23091,0,0,0,0,3916283,3925605,0,0,0,0,0,1000,1000,4965477
MPCTASK: EXP,0,182,9083,-88,627,706,446,389,-22,1515,-988,221,76,1211,700,170,545,700,0,0,0,0,0,0,0,0,0,0,0,0,0,0,0,5,24250,0,24304,0,0,0,0,4122351,4131677,0,0,0,0,0,1000,1000,4965477
MPCTASK: EXP,0,184,9180,-56,642,697,563,137,-79,1560,-750,-146,224,1181,700,151,432,700,0,0,0,0,0,0,0,0,0,0,0,0,0,0,0,5,20856,0,20909,0,0,0,0,3545395,3554558,0,0,0,0,0,1000,1000,4965477
MPCTASK: EXP,0,186,9280,-10,624,687,617,-195,-35,1309,-204,-617,349,1123,700,112,298,700,0,0,0,0,0,0,0,0,0,0,0,0,0,0,0,5,20124,0,20177,0,0,0,0,3420927,3430253,0,0,0,0,0,1000,1000,4965477
MPCTASK: EXP,0,188,9381,4,588,678,527,-413,-29,1176,301,-953,439,1038,700,24,167,700,0,0,0,0,0,0,0,0,0,0,0,0,0,0,0,5,21701,0,21838,0,0,0,0,3689052,3712626,0,0,0,0,0,1000,1000,4965477
MPCTASK: EXP,0,190,9482,58,558,682,391,-599,66,1360,549,-1443,484,929,700,-26,35,700,0,0,0,0,0,0,0,0,0,0,0,0,0,0,0,5,23222,0,23276,0,0,0,0,3947659,3956991,0,0,0,0,0,1000,1000,4965477
MPCTASK: EXP,0,192,9582,50,507,701,187,-785,147,1606,531,-1646,481,797,700,-106,-119,700,0,0,0,0,0,0,0,0,0,0,0,0,0,0,0,5,23381,0,23434,0,0,0,0,3974636,3983810,0,0,0,0,0,1000,1000,4965477
MPCTASK: EXP,0,194,9678,15,436,735,-21,-1029,179,1793,63,-1717,430,645,700,-172,-284,700,0,0,0,0,0,0,0,0,0,0,0,0,0,0,0,5,18198,0,18252,0,0,0,0,3093656,3102993,0,0,0,0,0,1000,1000,4965477
MPCTASK: EXP,0,196,9779,-28,339,755,-147,-1249,129,1127,12,-1669,335,478,700,-229,-401,700,0,0,0,0,0,0,0,0,0,0,0,0,0,0,0,5,20130,0,20184,0,0,0,0,3422063,3431415,0,0,0,0,0,1000,1000,4965477
MPCTASK: EXP,0,198,9883,-86,209,752,-252,-1363,-15,42,359,-1382,207,300,700,-292,-482,700,0,0,0,0,0,0,0,0,0,0,0,0,0,0,0,5,23601,0,23658,0,0,0,0,4012124,4021892,0,0,0,0,0,1000,1000,4965477
MPCTASK: EXP,0,200,9980,-140,80,743,-356,-1306,-57,-916,686,-1030,57,114,700,-336,-531,700,0,0,0,0,0,0,0,0,0,0,0,0,0,0,0,5,20622,0,20937,0,0,0,0,3505695,3559362,0,0,0,0,0,1000,1000,4965477
MPCTASK: EXP,0,202,10082,-176,-19,748,-425,-1034,-11,-1040,427,-728,-97,-74,700,-318,-551,700,0,0,0,0,0,0,0,0,0,0,0,0,0,0,0,5,22047,0,22101,0,0,0,0,3748003,3757360,0,0,0,0,0,1000,1000,4965477
MPCTASK: EXP,0,204,10181,-217,-70,748,-439,-829,-54,-597,-62,-488,-243,-262,700,-279,-565,700,0,0,0,0,0,0,0,0,0,0,0,0,0,0,0,5,21991,0,22045,0,0,0,0,3738443,3747808,0,0,0,0,0,1000,1000,4965477
MPCTASK: EXP,0,206,10285,-258,-117,746,-389,-723,-58,-153,-470,-244,-365,-443,700,-230,-586,700,0,0,0,0,0,0,0,0,0,0,0,0,0,0,0,5,25648,0,25702,0,0,0,0,4359968,4369329,0,0,0,0,0,1000,1000,4965477
MPCTASK: EXP,0,208,10383,-270,-155,745,-270,-682,-59,127,-726,-55,-451,-614,700,-160,-594,700,0,0,0,0,0,0,0,0,0,0,0,0,0,0,0,5,22795,0,22848,0,0,0,0,3875139,3884341,0,0,0,0,0,1000,1000,4965477
MPCTASK: EXP,0,210,10481,-274,-219,743,-94,-699,-73,236,-889,107,-494,-769,700,-85,-612,700,0,0,0,0,0,0,0,0,0,0,0,0,0,0,0,5,20632,0,20687,0,0,0,0,3507412,3516778,0,0,0,0,0,1000,1000,4965477
MPCTASK: EXP,0,212,10581,-251,-271,732,92,-704,-106,163,-873,183,-489,-904,700,-15,-596,700,0,0,0,0,0,0,0,0,0,0,0,0,0,0,0,5,21023,0,21077,0,0,0,0,3573731,3583092,0,0,0,0,0,1000,1000,4965477
MPCTASK: EXP,0,214,10686,-206,-342,716,281,-713,-106,-51,-762,187,-438,-1013,700,49,-580,700,0,0,0,0,0,0,0,0,0,0,0,0,0,0,0,5,25656,0,26217,0,0,0,0,4361391,4456930,0,0,0,0,0,1000,1000,4965477
MPCTASK: EXP,0,216,10781,-145,-396,699,439,-665,-94,-338,-530,123,-349,-1091,699,96,-530,699,0,0,0,0,0,0,0,0,0,0,0,0,0,0,0,5,19794,0,19848,0,0,0,0,3365020,3374224,0,0,0,0,0,1000,1000,4965477
MPCTASK: EXP,0,218,10884,-69,-454,686,547,-568,-48,-681,-151,27,-233,-1134,699,127,-470,699,0,0,0,0,0,0,0,0,0,0,0,0,0,0,0,5,24028,0,24082,0,0,0,0,4084627,4093988,0,0,0,0,0,1000,1000,4965477
MPCTASK: EXP,0,220,10979,2,-496,686,566,-404,23,-977,246,-62,-104,-1137,699,129,-397,699,0,0,0,0,0,0,0,0,0,0,0,0,0,0,0,5,19156,0,19214,0,0,0,0,3256395,3266556,0,0,0,0,0,1000,1000,4965477
MPCTASK: EXP,0,222,11082,76,-524,697,520,-216,70,-1144,672,-108,19,-1099,699,126,-334,699,0,0,0,0,0,0,0,0,0,0,0,0,0,0,0,5,22029,0,22090,0,0,0,0,3744884,3755413,0,0,0,0,0,1000,1000,4965477
MPCTASK: EXP,0,224,11182,134,-530,708,402,-5,56,-1249,1011,-124,125,-1020,699,115,-278,699,0,0,0,0,0,0,0,0,0,0,0,0,0,0,0,5,21209,0,21263,0,0,0,0,3605483,3614844,0,0,0,0,0,1000,1000,4965477
MPCTASK: EXP,0,226,11282,168,-515,712,232,207,3,-1159,1130,-123,199,-900,700,101,-240,700,0,0,0,0,0,0,0,0,0,0,0,0,0,0,0,5,21964,0,22017,0,0,0,0,3733715,3743081,0,0,0,0,0,1000,1000,4965477
MPCTASK: EXP,0,228,11382,187,-476,711,57,399,-34,-898,1044,-89,232,-749,700,81,-193,700,0,0,0,0,0,0,0,0,0,0,0,0,0,0,0,5,21877,0,21930,0,0,0,0,3718904,3728107,0,0,0,0,0,1000,1000,4965477
MPCTASK: EXP,0,230,11484,191,-427,706,-96,531,-46,-518,820,-20,225,-575,700,64,-153,700,0,0,0,0,0,0,0,0,0,0,0,0,0,0,0,5,23561,0,23623,0,0,0,0,4005291,4015960,0,0,0,0,0,1000,1000,4965477
MPCTASK: EXP,0,232,11580,185,-364,700,-209,600,-25,-143,557,82,184,-397,700,45,-100,700,0,0,0,0,0,0,0,0,0,0,0,0,0,0,0,5,20253,0,20509,0,0,0,0,3442911,3486578,0,0,0,0,0,1000,1000,4965477
MPCTASK: EXP,0,234,11686,166,-324,704,-276,568,23,130,298,188,123,-231,700,15,-54,700,0,0,0,0,0,0,0,0,0,0,0,0,0,0,0,5,25950,0,26004,0,0,0,0,4411323,4420685,0,0,0,0,0,1000,1000,4965477
MPCTASK: EXP,0,236,11780,174,-260,707,-263,546,17,224,188,301,60,-99,700,0,47,700,0,0,0,0,0,0,0,0,0,0,0,0,0,0,0,5,20034,0,20088,0,0,0,0,3405547,3414908,0,0,0,0,0,1000,1000,4965477
MPCTASK: EXP,0,238,11881,155,-234,710,-277,472,2,91,163,366,12,-14,700,-50,147,700,0,0,0,0,0,0,0,0,0,0,0,0,0,0,0,5,21217,0,21278,0,0,0,0,3606931,3617437,0,0,0,0,0,1000,1000,4965477
MPCTASK: EXP,0,240,11981,147,-220,707,-277,433,-21,-275,211,409,-8,19,700,-76,249,700,0,0,0,0,0,0,0,0,0,0,0,0,0,0,0,5,20074,0,20134,0,0,0,0,3412495,3422850,0,0,0,0,0,1000,1000,4965477
MPCTASK: EXP,0,242,12084,146,-164,704,-286,520,-26,-654,350,463,-11,23,700,-72,383,700,0,0,0,0,0,0,0,0,0,0,0,0,0,0,0,5,23072,0,23266,0,0,0,0,3922295,3955190,0,0,0,0,0,1000,1000,4965477
MPCTASK: EXP,0,244,12183,128,-142,706,-337,603,-4,-986,320,471,-15,31,700,-50,454,700,0,0,0,0,0,0,0,0,0,0,0,0,0,0,0,5,23292,0,23346,0,0,0,0,3959599,3968964,0,0,0,0,0,1000,1000,4965477
MPCTASK: EXP,0,246,12282,126,-80,709,-352,768,3,-1090,200,489,-40,77,700,1,551,700,0,0,0,0,0,0,0,0,0,0,0,0,0,0,0,5,22018,0,22080,0,0,0,0,3743091,3753716,0,0,0,0,0,1000,1000,4965477
MPCTASK: EXP,0,248,12384,102,-26,708,-366,892,-17,-885,-39,480,-87,176,700,44,603,700,0,0,0,0,0,0,0,0,0,0,0,0,0,0,0,5,22875,0,22929,0,0,0,0,3888776,3898137,0,0,0,0,0,1000,1000,4965477
MPCTASK: EXP,0,250,12484,76,21,705,-330,956,-20,-602,-370,482,-143,321,700,99,625,700,0,0,0,0,0,0,0,0,0,0,0,0,0,0,0,5,24028,0,24082,0,0,0,0,4084635,4094000,0,0,0,0,0,1000,1000,4965477
MPCTASK: EXP,0,252,12582,61,88,705,-230,1001,-13,-399,-665,523,-190,495,700,163,654,700,0,0,0,0,0,0,0,0,0,0,0,0,0,0,0,5,22322,0,22376,0,0,0,0,3794643,3804008,0,0,0,0,0,1000,1000,4965477
MPCTASK: EXP,0,254,12682,62,199,705,-89,1082,-30,-250,-763,564,-211,676,700,220,716,700,0,0,0,0,0,0,0,0,0,0,0,0,0,0,0,5,22044,0,22100,0,0,0,0,3747283,3756932,0,0,0,0,0,1000,1000,4965477
MPCTASK: EXP,0,256,12782,107,238,702,95,1005,-51,-12,-658,679,-196,846,700,299,678,700,0,0,0,0,0,0,0,0,0,0,0,0,0,0,0,5,21021,0,21075,0,0,0,0,3573456,3582820,0,0,0,0,0,1000,1000,4965477
MPCTASK: EXP,0,258,12882,128,310,695,203,974,-77,105,-534,762,-142,989,699,322,670,699,0,0,0,0,0,0,0,0,0,0,0,0,0,0,0,5,21355,0,21414,0,0,0,0,3630227,3640462,0,0,0,0,0,1000,1000,4965477
MPCTASK: EXP,0,260,12981,144,390,683,264,913,-102,474,-265,705,-53,1094,699,305,641,699,0,0,0,0,0,0,0,0,0,0,0,0,0,0,0,5,21092,0,21148,0,0,0,0,3585527,3595180,0,0,0,0,0,1000,1000,4965477
MPCTASK: EXP,0,262,13081,159,454,684,287,769,-1,790,-161,439,59,1157,699,277,577,699,0,0,0,0,0,0,0,0,0,0,0,0,0,0,0,5,20975,0,21037,0,0,0,0,3565671,3576343,0,0,0,0,0,1000,1000,4965477
MPCTASK: EXP,0,264,13183,155,510,693,262,572,29,1199,-67,121,182,1177,699,213,493,699,0,0,0,0,0,0,0,0,0,0,0,0,0,0,0,5,21919,0,21974,0,0,0,0,3726296,3735656,0,0,0,0,0,1000,1000,4965477
MPCTASK: EXP,0,266,13288,189,510,698,268,287,28,1301,150,-117,299,1154,699,174,359,699,0,0,0,0,0,0,0,0,0,0,0,0,0,0,0,5,27205,0,27259,0,0,0,0,4624751,4634112,0,0,0,0,0,1000,1000,4965477
MPCTASK: EXP,0,268,13381,200,557,699,209,110,-15,1308,288,-259,394,1092,699,104,299,699,0,0,0,0,0,0,0,0,0,0,0,0,0,0,0,5,21152,0,21206,0,0,0,0,3595844,3605048,0,0,0,0,0,1000,1000,4965477
MPCTASK: EXP,0,270,13481,213,613,696,100,-29,-42,1410,828,-421,455,996,700,10,242,700,0,0,0,0,0,0,0,0,0,0,0,0,0,0,0,5,20849,0,20903,0,0,0,0,3544255,3553616,0,0,0,0,0,1000,1000,4965477
MPCTASK: EXP,0,272,13585,187,615,692,-105,-254,-51,1542,866,-364,473,871,700,-91,131,700,0,0,0,0,0,0,0,0,0,0,0,0,0,0,0,5,23060,0,23113,0,0,0,0,3919956,3929320,0,0,0,0,0,1000,1000,4965477
MPCTASK: EXP,0,274,13682,164,564,686,-274,-536,-74,1601,857,-277,444,723,700,-169,-28,700,0,0,0,0,0,0,0,0,0,0,0,0,0,0,0,5,21149,0,21203,0,0,0,0,3595223,3604588,0,0,0,0,0,1000,1000,4965477
MPCTASK: EXP,0,276,13781,69,504,674,-502,-805,-74,1356,661,-49,369,557,700,-285,-165,700,0,0,0,0,0,0,0,0,0,0,0,0,0,0,0,5,20069,0,20123,0,0,0,0,3411691,3421053,0,0,0,0,0,1000,1000,4965477
MPCTASK: EXP,0,278,13883,-14,433,663,-639,-1009,-18,943,366,208,257,378,700,-347,-275,700,0,0,0,0,0,0,0,0,0,0,0,0,0,0,0,5,20681,0,20742,0,0,0,0,3515759,3526238,0,0,0,0,0,1000,1000,4965477
MPCTASK: EXP,0,280,13987,-111,336,662,-718,-1143,61,504,92,355,117,191,700,-393,-380,700,0,0,0,0,0,0,0,0,0,0,0,0,0,0,0,5,23327,0,23760,0,0,0,0,3965388,4039132,0,0,0,0,0,1000,1000,4965477
MPCTASK: EXP,0,282,14086,-195,229,673,-716,-1190,136,177,-293,402,-36,2,700,-392,-470,700,0,0,0,0,0,0,0,0,0,0,0,0,0,0,0,5,23790,0,23845,0,0,0,0,4044339,4053701,0,0,0,0,0,1000,1000,4965477
MPCTASK: EXP,0,284,14186,-269,117,692,-648,-1185,156,-35,-605,382,-188,-186,700,-362,-547,700,0,0,0,0,0,0,0,0,0,0,0,0,0,0,0,5,23830,0,23884,0,0,0,0,4050924,4060288,0,0,0,0,0,1000,1000,4965477
MPCTASK: EXP,0,286,14288,-325,10,712,-529,-1149,123,-118,-863,328,-324,-368,700,-304,-614,700,0,0,0,0,0,0,0,0,0,0,0,0,0,0,0,5,25425,0,25479,0,0,0,0,4322200,4331563,0,0,0,0,0,1000,1000,4965477
MPCTASK: EXP,0,288,14383,-363,-96,729,-372,-1109,69,-133,-1061,250,-429,-539,700,-231,-675,700,0,0,0,0,0,0,0,0,0,0,0,0,0,0,0,5,20197,0,20249,0,0,0,0,3433287,3442490,0,0,0,0,0,1000,1000,4965477
MPCTASK: EXP,0,290,14487,-385,-195,735,-183,-1067,-3,-118,-1238,167,-493,-697,700,-143,-723,700,0,0,0,0,0,0,0,0,0,0,0,0,0,0,0,5,24980,0,25034,0,0,0,0,4246607,4255968,0,0,0,0,0,1000,1000,4965477
MPCTASK: EXP,0,292,14586,-386,-288,730,40,-1026,-60,-112,-1347,70,-511,-836,700,-47,-758,700,0,0,0,0,0,0,0,0,0,0,0,0,0,0,0,5,23808,0,23865,0,0,0,0,4047351,4057176,0,0,0,0,0,1000,1000,4965477
MPCTASK: EXP,0,294,14687,-360,-374,721,289,-975,-87,-223,-1331,-52,-479,-954,700,52,-771,700,0,0,0,0,0,0,0,0,0,0,0,0,0,0,0,5,25176,0,25236,0,0,0,0,4279691,4290359,0,0,0,0,0,1000,1000,4965477
MPCTASK: EXP,0,296,14785,-300,-460,708,545,-916,-91,-359,-1172,-181,-401,-1048,700,156,-775,700,0,0,0,0,0,0,0,0,0,0,0,0,0,0,0,5,23009,0,23070,0,0,0,0,3911500,3922097,0,0,0,0,0,1000,1000,4965477
MPCTASK: EXP,0,298,14883,-235,-538,693,744,-828,-75,-550,-862,-310,-285,-1116,700,220,-755,700,0,0,0,0,0,0,0,0,0,0,0,0,0,0,0,5,21022,0,21077,0,0,0,0,3573743,3583108,0,0,0,0,0,1000,1000,4965477
MPCTASK: EXP,0,300,14984,-147,-600,688,887,-695,-2,-732,-440,-409,-142,-1156,700,267,-710,700,0,0,0,0,0,0,0,0,0,0,0,0,0,0,0,5,21994,0,22049,0,0,0,0,3739039,3748401,0,0,0,0,0,1000,1000,4965477
MPCTASK: EXP,0,302,15087,-71,-647,692,915,-531,52,-847,23,-484,13,-1167,700,262,-643,700,0,0,0,0,0,0,0,0,0,0,0,0,0,0,0,5,25048,0,25101,0,0,0,0,4258019,4267217,0,0,0,0,0,1000,1000,4965477
MPCTASK: EXP,0,304,15184,12,-691,704,881,-375,84,-941,461,-498,167,-1149,700,241,-574,700,0,0,0,0,0,0,0,0,0,0,0,0,0,0,0,5,21021,0,21078,0,0,0,0,3573595,3583411,0,0,0,0,0,1000,1000,4965477
MPCTASK: EXP,0,306,15284,85,-713,716,770,-190,59,-1092,904,-455,303,-1102,700,185,-478,700,0,0,0,0,0,0,0,0,0,0,0,0,0,0,0,5,22036,0,22090,0,0,0,0,3746031,3755396,0,0,0,0,0,1000,1000,4965477
MPCTASK: EXP,0,308,15388,147,-720,722,604,10,-1,-1215,1244,-352,409,-1027,700,118,-372,700,0,0,0,0,0,0,0,0,0,0,0,0,0,0,0,5,25566,0,25621,0,0,0,0,4346167,4355531,0,0,0,0,0,1000,1000,4965477
MPCTASK: EXP,0,310,15487,185,-700,723,379,243,-43,-1294,1435,-231,473,-927,700,32,-242,700,0,0,0,0,0,0,0,0,0,0,0,0,0,0,0,5,23751,0,23804,0,0,0,0,4037508,4046873,0,0,0,0,0,1000,1000,4965477
MPCTASK: EXP,0,312,15582,200,-657,716,126,483,-91,-1293,1481,-95,490,-803,700,-56,-102,700,0,0,0,0,0,0,0,0,0,0,0,0,0,0,0,5,19026,0,19080,0,0,0,0,3234324,3243686,0,0,0,0,0,1000,1000,4965477
MPCTASK: EXP,0,314,15683,195,-584,708,-135,733,-87,-1244,1401,50,458,-658,700,-141,56,700,0,0,0,0,0,0,0,0,0,0,0,0,0,0,0,5,21070,0,21125,0,0,0,0,3581847,3591211,0,0,0,0,0,1000,1000,4965477
MPCTASK: EXP,0,316,15784,145,-507,701,-400,932,-60,-1009,1176,134,380,-497,700,-234,184,700,0,0,0,0,0,0,0,0,0,0,0,0,0,0,0,5,22300,0,22354,0,0,0,0,3790955,3800316,0,0,0,0,0,1000,1000,4965477
MPCTASK: EXP,0,318,15887,86,-420,696,-598,1061,-10,-567,782,187,263,-323,700,-290,286,700,0,0,0,0,0,0,0,0,0,0,0,0,0,0,0,5,24571,0,24625,0,0,0,0,4177007,4186369,0,0,0,0,0,1000,1000,4965477
MPCTASK: EXP,0,320,15983,3,-325,697,-726,1108,27,-192,350,224,120,-140,700,-328,372,700,0,0,0,0,0,0,0,0,0,0,0,0,0,0,0,5,20008,0,20064,0,0,0,0,3401423,3411010,0,0,0,0,0,1000,1000,4965477
MPCTASK: EXP,0,322,16084,-55,-240,704,-731,1080,60,44,-61,279,-35,45,700,-308,433,700,0,0,0,0,0,0,0,0,0,0,0,0,0,0,0,5,21336,0,21391,0,0,0,0,3627063,3636424,0,0,0,0,0,1000,1000,4965477
MPCTASK: EXP,0,324,16183,-110,-154,715,-673,1038,55,74,-380,335,-189,231,700,-267,495,700,0,0,0,0,0,0,0,0,0,0,0,0,0,0,0,5,20797,0,21023,0,0,0,0,3535319,3573907,0,0,0,0,0,1000,1000,4965477
MPCTASK: EXP,0,326,16287,-146,-85,723,-553,985,11,0,-658,386,-326,412,700,-193,539,700,0,0,0,0,0,0,0,0,0,0,0,0,0,0,0,5,24664,0,24720,0,0,0,0,4192695,4202347,0,0,0,0,0,1000,1000,4965477
MPCTASK: EXP,0,328,16382,-167,-15,725,-395,961,-21,-121,-863,423,-431,584,700,-106,587,700,0,0,0,0,0,0,0,0,0,0,0,0,0,0,0,5,19114,0,19168,0,0,0,0,3249292,3258653,0,0,0,0,0,1000,1000,4965477
MPCTASK: EXP,0,330,16488,-172,51,719,-204,957,-59,-225,-1003,437,-496,741,700,-9,627,700,0,0,0,0,0,0,0,0,0,0,0,0,0,0,0,5,25995,0,26049,0,0,0,0,4418947,4428309,0,0,0,0,0,1000,1000,4965477
MPCTASK: EXP,0,332,16581,-160,115,711,2,968,-69,-288,-1052,445,-512,881,700,87,658,700,0,0,0,0,0,0,0,0,0,0,0,0,0,0,0,5,18654,0,19101,0,0,0,0,3171013,3247272,0,0,0,0,0,1000,1000,4965477
MPCTASK: EXP,0,334,16687,-129,185,702,210,986,-66,-210,-999,459,-480,1000,700,178,678,700,0,0,0,0,0,0,0,0,0,0,0,0,0,0,0,5,23935,0,24037,0,0,0,0,4069019,4086428,0,0,0,0,0,1000,1000,4965477
MPCTASK: EXP,0,336,16782,-70,262,695,413,989,-46,0,-802,476,-402,1095,700,264,686,700,0,0,0,0,0,0,0,0,0,0,0,0,0,0,0,5,19727,0,19784,0,0,0,0,3353535,3363397,0,0,0,0,0,1000,1000,4965477
MPCTASK: EXP,0,338,16884,-4,337,690,564,949,-25,214,-572,464,-286,1163,700,323,675,700,0,0,0,0,0,0,0,0,0,0,0,0,0,0,0,5,21992,0,22046,0,0,0,0,3738435,3747796,0,0,0,0,0,1000,1000,4965477
MPCTASK: EXP,0,340,16984,80,410,690,668,865,-3,508,-168,444,-142,1203,700,360,642,700,0,0,0,0,0,0,0,0,0,0,0,0,0,0,0,5,22198,0,22252,0,0,0,0,3773532,3782894,0,0,0,0,0,1000,1000,4965477
MPCTASK: EXP,0,342,17087,142,456,693,667,714,-3,666,189,428,13,1215,700,344,576,700,0,0,0,0,0,0,0,0,0,0,0,0,0,0,0,5,23764,0,23817,0,0,0,0,4039776,4048978,0,0,0,0,0,1000,1000,4965477
MPCTASK: EXP,0,344,17187,221,460,697,635,493,-9,808,635,461,167,1197,700,318,462,700,0,0,0,0,0,0,0,0,0,0,0,0,0,0,0,5,23229,0,23286,0,0,0,0,3948935,3958704,0,0,0,0,0,1000,1000,4965477
MPCTASK: EXP,0,346,17287,257,486,691,494,330,-78,894,917,505,303,1150,700,238,373,700,0,0,0,0,0,0,0,0,0,0,0,0,0,0,0,5,24231,0,24285,0,0,0,0,4119255,4128617,0,0,0,0,0,1000,1000,4965477
MPCTASK: EXP,0,348,17384,286,533,692,309,182,-38,957,1219,490,409,1075,700,141,315,700,0,0,0,0,0,0,0,0,0,0,0,0,0,0,0,5,21041,0,21097,0,0,0,0,3576999,3586714,0,0,0,0,0,1000,1000,4965477
MPCTASK: EXP,0,350,17487,309,515,688,90,-47,-48,945,1483,434,473,974,700,43,193,700,0,0,0,0,0,0,0,0,0,0,0,0,0,0,0,5,22196,0,22250,0,0,0,0,3773127,3782493,0,0,0,0,0,1000,1000,4965477
MPCTASK: EXP,0,352,17594,262,504,680,-231,-242,-46,988,1490,469,490,850,700,-101,81,700,0,0,0,0,0,0,0,0,0,0,0,0,0,0,0,5,29896,0,29951,0,0,0,0,5082095,5091729,0,0,0,0,0,1000,1000,5091729
MPCTASK: EXP,0,354,17687,203,523,669,-491,-381,-36,1051,1144,618,458,706,700,-208,7,700,0,0,0,0,0,0,0,0,0,0,0,0,0,0,0,5,22962,0,23017,0,0,0,0,3903455,3912820,0,0,0,0,0,1000,1000,5091729
MPCTASK: EXP,0,356,17784,100,495,664,-702,-589,-10,1219,749,795,380,544,700,-311,-115,700,0,0,0,0,0,0,0,0,0,0,0,0,0,0,0,5,19880,0,19942,0,0,0,0,3379632,3390296,0,0,0,0,0,1000,1000,5091729
MPCTASK: EXP,0,358,17887,3,427,664,-788,-842,44,1359,236,909,263,370,700,-359,-267,700,0,0,0,0,0,0,0,0,0,0,0,0,0,0,0,5,22581,0,22635,0,0,0,0,3838763,3848128,0,0,0,0,0,1000,1000,5091729
MPCTASK: EXP,0,360,17987,-107,322,672,-805,-1086,71,1174,-140,896,120,188,700,-395,-416,700,0,0,0,0,0,0,0,0,0,0,0,0,0,0,0,5,21339,0,21392,0,0,0,0,3627495,3636701,0,0,0,0,0,1000,1000,5091729
MPCTASK: EXP,0,362,18088,-185,212,679,-727,-1238,77,721,-490,777,-35,1,700,-374,-524,700,0,0,0,0,0,0,0,0,0,0,0,0,0,0,0,5,22578,0,22638,0,0,0,0,3838215,3848549,0,0,0,0,0,1000,1000,5091729
MPCTASK: EXP,0,364,18188,-252,82,686,-614,-1317,78,229,-722,589,-189,-184,700,-333,-620,700,0,0,0,0,0,0,0,0,0,0,0,0,0,0,0,5,21803,0,21856,0,0,0,0,3706503,3715710,0,0,0,0,0,1000,1000,5091729
MPCTASK: EXP,0,366,18290,-291,-40,702,-451,-1291,110,-171,-915,366,-326,-365,700,-258,-683,700,0,0,0,0,0,0,0,0,0,0,0,0,0,0,0,5,23187,0,23242,0,0,0,0,3941760,3951269,0,0,0,0,0,1000,1000,5091729
MPCTASK: EXP,0,368,18391,-315,-156,716,-277,-1223,83,-347,-1028,160,-431,-536,700,-173,-735,700,0,0,0,0,0,0,0,0,0,0,0,0,0,0,0,5,24862,0,24979,0,0,0,0,4226335,4246469,0,0,0,0,0,1000,1000,5091729
MPCTASK: EXP,0,370,18491,-316,-247,724,-83,-1122,29,-355,-1090,-18,-496,-694,700,-76,-763,700,0,0,0,0,0,0,0,0,0,0,0,0,0,0,0,5,25448,0,25503,0,0,0,0,4326079,4335754,0,0,0,0,0,1000,1000,5091729
MPCTASK: EXP,0,372,18588,-308,-349,722,107,-1060,-43,-341,-1094,-155,-512,-834,700,11,-799,700,0,0,0,0,0,0,0,0,0,0,0,0,0,0,0,5,20768,0,21195,0,0,0,0,3530573,3603277,0,0,0,0,0,1000,1000,5091729
MPCTASK: EXP,0,374,18689,-276,-434,716,313,-974,-57,-445,-1077,-286,-480,-953,700,105,-804,700,0,0,0,0,0,0,0,0,0,0,0,0,0,0,0,5,22239,0,22295,0,0,0,0,3780523,3790231,0,0,0,0,0,1000,1000,5091729
MPCTASK: EXP,0,376,18788,-229,-511,707,513,-876,-46,-503,-979,-401,-402,-1048,700,187,-795,700,0,0,0,0,0,0,0,0,0,0,0,0,0,0,0,5,21999,0,22100,0,0,0,0,3739655,3756973,0,0,0,0,0,1000,1000,5091729
MPCTASK: EXP,0,378,18890,-161,-571,703,691,-760,-12,-578,-740,-493,-286,-1116,700,253,-762,700,0,0,0,0,0,0,0,0,0,0,0,0,0,0,0,5,23382,0,23549,0,0,0,0,3974822,4003316,0,0,0,0,0,1000,1000,5091729
MPCTASK: EXP,0,380,18987,-90,-618,703,795,-623,14,-709,-357,-531,-142,-1156,700,280,-705,700,0,0,0,0,0,0,0,0,0,0,0,0,0,0,0,5,20013,0,20073,0,0,0,0,3402061,3412410,0,0,0,0,0,1000,1000,5091729
MPCTASK: EXP,0,382,19088,-24,-659,705,817,-474,17,-801,9,-540,13,-1167,700,272,-639,700,0,0,0,0,0,0,0,0,0,0,0,0,0,0,0,5,21714,0,21767,0,0,0,0,3691287,3700490,0,0,0,0,0,1000,1000,5091729
MPCTASK: EXP,0,384,19189,51,-689,710,792,-313,27,-899,406,-509,167,-1149,700,248,-560,700,0,0,0,0,0,0,0,0,0,0,0,0,0,0,0,5,23270,0,23323,0,0,0,0,3955668,3964880,0,0,0,0,0,1000,1000,5091729
MPCTASK: EXP,0,386,19291,122,-697,718,702,-127,19,-995,809,-434,303,-1102,700,201,-458,700,0,0,0,0,0,0,0,0,0,0,0,0,0,0,0,5,24523,0,24705,0,0,0,0,4168687,4199770,0,0,0,0,0,1000,1000,5091729
MPCTASK: EXP,0,388,19386,179,-690,722,546,69,-8,-1078,1136,-326,409,-1027,700,132,-344,700,0,0,0,0,0,0,0,0,0,0,0,0,0,0,0,5,19534,0,19726,0,0,0,0,3320679,3353544,0,0,0,0,0,1000,1000,5091729
MPCTASK: EXP,0,390,19490,213,-665,722,335,278,-51,-1184,1371,-192,473,-927,700,44,-214,700,0,0,0,0,0,0,0,0,0,0,0,0,0,0,0,5,23898,0,23951,0,0,0,0,4062583,4071787,0,0,0,0,0,1000,1000,5091729
MPCTASK: EXP,0,392,19587,224,-615,716,84,507,-83,-1210,1449,-60,490,-803,700,-48,-69,700,0,0,0,0,0,0,0,0,0,0,0,0,0,0,0,5,21307,0,21362,0,0,0,0,3622072,3631576,0,0,0,0,0,1000,1000,5091729
MPCTASK: EXP,0,394,19691,214,-536,705,-177,749,-89,-1175,1390,62,458,-658,700,-138,90,700,0,0,0,0,0,0,0,0,0,0,0,0,0,0,0,5,24477,0,24531,0,0,0,0,4161095,4170298,0,0,0,0,0,1000,1000,5091729
MPCTASK: EXP,0,396,19789,162,-452,692,-448,953,-66,-956,1141,114,380,-497,700,-231,227,700,0,0,0,0,0,0,0,0,0,0,0,0,0,0,0,5,22000,0,22431,0,0,0,0,3739912,3813278,0,0,0,0,0,1000,1000,5091729
MPCTASK: EXP,0,398,19890,99,-359,687,-641,1081,0,-511,730,136,263,-323,700,-288,332,700,0,0,0,0,0,0,0,0,0,0,0,0,0,0,0,5,23367,0,23426,0,0,0,0,3972267,3982618,0,0,0,0,0,1000,1000,5091729
MPCTASK: EXP,0,400,19988,24,-243,686,-746,1147,35,-126,285,179,120,-140,700,-314,438,700,0,0,0,0,0,0,0,0,0,0,0,0,0,0,0,5,22423,0,22483,0,0,0,0,3811752,3822134,0,0,0,0,0,1000,1000,5091729
MPCTASK: EXP,0,402,20093,-44,-169,695,-750,1090,75,89,-113,213,-35,45,700,-302,485,700,0,0,0,0,0,0,0,0,0,0,0,0,0,0,0,5,26480,0,26532,0,0,0,0,4501423,4510625,0,0,0,0,0,1000,1000,5091729
MPCTASK: EXP,0,404,20185,-102,-84,708,-700,1054,81,98,-408,251,-189,231,700,-266,549,700,0,0,0,0,0,0,0,0,0,0,0,0,0,0,0,5,18941,0,18995,0,0,0,0,3219763,3229282,0,0,0,0,0,1000,1000,5091729
MPCTASK: EXP,0,406,20289,-147,2,720,-568,1005,43,14,-683,275,-326,412,700,-195,608,700,0,0,0,0,0,0,0,0,0,0,0,0,0,0,0,5,22282,0,22593,0,0,0,0,3787864,3840893,0,0,0,0,0,1000,1000,5091729
MPCTASK: EXP,0,408,20390,-170,74,722,-404,975,-15,-98,-881,271,-431,584,700,-108,654,700,0,0,0,0,0,0,0,0,0,0,0,0,0,0,0,5,23799,0,23853,0,0,0,0,4045723,4055082,0,0,0,0,0,1000,1000,5091729
MPCTASK: EXP,0,410,20490,-184,137,717,-220,955,-65,-192,-1045,250,-495,741,700,-19,686,700,0,0,0,0,0,0,0,0,0,0,0,0,0,0,0,5,23185,0,23518,0,0,0,0,3941287,3998034,0,0,0,0,0,1000,1000,5091729
MPCTASK: EXP,0,412,20588,-182,192,713,-28,946,-53,-204,-1111,239,-512,881,700,67,702,700,0,0,0,0,0,0,0,0,0,0,0,0,0,0,0,5,21219,0,21509,0,0,0,0,3607215,3656718,0,0,0,0,0,1000,1000,5091729
MPCTASK: EXP,0,414,20685,-150,260,705,200,947,-67,-146,-1094,245,-480,1000,700,165,718,700,0,0,0,0,0,0,0,0,0,0,0,0,0,0,0,5,18402,0,18456,0,0,0,0,3128287,3137490,0,0,0,0,0,1000,1000,5091729
MPCTASK: EXP,0,416,20788,-99,327,696,408,928,-63,16,-894,280,-402,1095,700,247,716,700,0,0,0,0,0,0,0,0,0,0,0,0,0,0,0,5,21244,0,21305,0,0,0,0,3611455,3621930,0,0,0,0,0,1000,1000,5091729
MPCTASK: EXP,0,418,20889,-36,381,692,568,861,-17,221,-616,316,-286,1163,700,304,685,700,0,0,0,0,0,0,0,0,0,0,0,0,0,0,0,5,22920,0,22974,0,0,0,0,3896331,3905696,0,0,0,0,0,1000,1000,5091729
MPCTASK: EXP,0,420,20988,38,440,690,671,783,-13,359,-228,378,-142,1203,700,331,652,700,0,0,0,0,0,0,0,0,0,0,0,0,0,0,0,5,22107,0,22161,0,0,0,0,3758199,3767401,0,0,0,0,0,1000,1000,5091729
MPCTASK: EXP,0,422,21089,96,474,692,668,649,-1,533,139,409,13,1215,700,313,581,700,0,0,0,0,0,0,0,0,0,0,0,0,0,0,0,5,22315,0,22369,0,0,0,0,3793459,3802958,0,0,0,0,0,1000,1000,5091729
MPCTASK: EXP,0,424,21189,170,532,695,640,540,-8,755,453,328,167,1197,700,290,526,700,0,0,0,0,0,0,0,0,0,0,0,0,0,0,0,5,21821,0,22465,0,0,0,0,3709539,3819161,0,0,0,0,0,1000,1000,5091729
MPCTASK: EXP,0,426,21291,210,584,704,518,392,16,1067,734,171,303,1150,700,219,453,700,0,0,0,0,0,0,0,0,0,0,0,0,0,0,0,5,24074,0,24699,0,0,0,0,4092539,4198946,0,0,0,0,0,1000,1000,5091729
MPCTASK: EXP,0,428,21387,233,610,707,354,183,-15,1352,839,39,408,1076,700,140,349,700,0,0,0,0,0,0,0,0,0,0,0,0,0,0,0,5,20636,0,20697,0,0,0,0,3507895,3518614,0,0,0,0,0,1000,1000,5091729
MPCTASK: EXP,0,430,21491,230,619,701,163,-49,-76,1473,1000,-98,472,975,700,32,237,700,0,0,0,0,0,0,0,0,0,0,0,0,0,0,0,5,24050,0,24480,0,0,0,0,4088264,4161649,0,0,0,0,0,1000,1000,5091729
MPCTASK: EXP,0,432,21588,211,597,692,-61,-317,-84,1497,1072,-194,488,852,700,-71,100,700,0,0,0,0,0,0,0,0,0,0,0,0,0,0,0,5,21423,0,21477,0,0,0,0,3641848,3651209,0,0,0,0,0,1000,1000,5091729
MPCTASK: EXP,0,434,21689,150,574,681,-320,-557,-78,1474,1080,-148,456,708,700,-200,-22,700,0,0,0,0,0,0,0,0,0,0,0,0,0,0,0,5,21925,0,22127,0,0,0,0,3727168,3761731,0,0,0,0,0,1000,1000,5091729
MPCTASK: EXP,0,436,21787,81,499,668,-541,-824,-64,1252,910,53,378,547,700,-295,-173,700,0,0,0,0,0,0,0,0,0,0,0,0,0,0,0,5,20820,0,21274,0,0,0,0,3539320,3616678,0,0,0,0,0,1000,1000,5091729
MPCTASK: EXP,0,438,21889,14,409,662,-689,-1033,8,869,578,307,261,373,700,-343,-303,700,0,0,0,0,0,0,0,0,0,0,0,0,0,0,0,5,22981,0,23405,0,0,0,0,3906731,3978968,0,0,0,0,0,1000,1000,5091729
MPCTASK: EXP,0,440,21989,-27,283,665,-710,-1183,69,478,157,422,119,189,700,-327,-436,700,0,0,0,0,0,0,0,0,0,0,0,0,0,0,0,5,22996,0,23053,0,0,0,0,3909147,3919000,0,0,0,0,0,1000,1000,5091729
MPCTASK: EXP,0,442,22091,-102,178,674,-713,-1211,99,91,-142,432,-35,1,700,-327,-513,700,0,0,0,0,0,0,0,0,0,0,0,0,0,0,0,5,23876,0,24474,0,0,0,0,4058899,4160698,0,0,0,0,0,1000,1000,5091729
MPCTASK: EXP,0,444,22188,-168,68,691,-661,-1189,131,-100,-448,355,-187,-187,700,-299,-584,700,0,0,0,0,0,0,0,0,0,0,0,0,0,0,0,5,21693,0,22126,0,0,0,0,3687811,3761514,0,0,0,0,0,1000,1000,5091729
MPCTASK: EXP,0,446,22287,-221,-22,709,-556,-1122,110,-152,-732,253,-320,-372,700,-250,-624,700,0,0,0,0,0,0,0,0,0,0,0,0,0,0,0,5,20815,0,21262,0,0,0,0,3538551,3614690,0,0,0,0,0,1000,1000,5091729
MPCTASK: EXP,0,448,22387,-253,-110,726,-404,-1062,62,-106,-946,151,-422,-547,700,-184,-657,700,0,0,0,0,0,0,0,0,0,0,0,0,0,0,0,5,21229,0,21282,0,0,0,0,3608819,3618022,0,0,0,0,0,1000,1000,5091729
MPCTASK: EXP,0,450,22490,-272,-197,733,-227,-1021,-9,-71,-1075,67,-482,-709,700,-115,-679,700,0,0,0,0,0,0,0,0,0,0,0,0,0,0,0,5,22907,0,22959,0,0,0,0,3894071,3903274,0,0,0,0,0,1000,1000,5091729
MPCTASK: EXP,0,452,22589,-273,-286,728,-28,-982,-67,-182,-1090,-10,-496,-853,700,-51,-681,700,0,0,0,0,0,0,0,0,0,0,0,0,0,0,0,5,22498,0,22555,0,0,0,0,3824691,3834425,0,0,0,0,0,1000,1000,5091729
MPCTASK: EXP,0,454,22693,-256,-366,717,173,-915,-84,-385,-1016,-115,-464,-973,700,4,-656,700,0,0,0,0,0,0,0,0,0,0,0,0,0,0,0,5,26546,0,26606,0,0,0,0,4512763,4523497,0,0,0,0,0,1000,1000,5091729
MPCTASK: EXP,0,456,22787,-208,-435,707,376,-806,-67,-587,-806,-226,-389,-1064,699,63,-608,699,0,0,0,0,0,0,0,0,0,0,0,0,0,0,0,5,21081,0,21323,0,0,0,0,3583655,3625078,0,0,0,0,0,1000,1000,5091729
MPCTASK: EXP,0,458,22889,-158,-488,697,508,-655,-40,-811,-458,-313,-282,-1121,699,85,-533,699,0,0,0,0,0,0,0,0,0,0,0,0,0,0,0,5,22263,0,22318,0,0,0,0,3784587,3794082,0,0,0,0,0,1000,1000,5091729
MPCTASK: EXP,0,460,22988,-89,-529,694,590,-472,0,-1001,-46,-349,-156,-1141,699,99,-453,699,0,0,0,0,0,0,0,0,0,0,0,0,0,0,0,5,21353,0,21405,0,0,0,0,3629891,3639098,0,0,0,0,0,1000,1000,5091729
MPCTASK: EXP,0,462,23088,-32,-543,700,570,-249,27,-1166,392,-332,-28,-1120,699,84,-362,699,0,0,0,0,0,0,0,0,0,0,0,0,0,0,0,5,22460,0,22513,0,0,0,0,3818111,3827317,0,0,0,0,0,1000,1000,5091729
MPCTASK: EXP,0,464,23187,24,-543,707,493,-23,28,-1172,718,-284,86,-1056,699,85,-307,699,0,0,0,0,0,0,0,0,0,0,0,0,0,0,0,5,21177,0,21232,0,0,0,0,3599899,3609546,0,0,0,0,0,1000,1000,5091729
MPCTASK: EXP,0,466,23291,58,-525,712,353,186,7,-1055,892,-230,174,-952,699,58,-242,699,0,0,0,0,0,0,0,0,0,0,0,0,0,0,0,5,23625,0,23687,0,0,0,0,4016303,4026919,0,0,0,0,0,1000,1000,5091729
MPCTASK: EXP,0,468,23387,83,-474,707,200,392,-38,-828,879,-149,224,-813,700,42,-175,700,0,0,0,0,0,0,0,0,0,0,0,0,0,0,0,5,20171,0,20223,0,0,0,0,3428947,3438021,0,0,0,0,0,1000,1000,5091729
MPCTASK: EXP,0,470,23493,90,-414,701,49,541,-31,-533,741,-58,233,-646,700,30,-129,700,0,0,0,0,0,0,0,0,0,0,0,0,0,0,0,5,27304,0,27363,0,0,0,0,4641683,4652233,0,0,0,0,0,1000,1000,5091729
MPCTASK: EXP,0,472,23590,93,-336,698,-59,634,-9,-159,511,36,204,-468,700,34,-89,700,0,0,0,0,0,0,0,0,0,0,0,0,0,0,0,5,24011,0,24064,0,0,0,0,4081483,4090907,0,0,0,0,0,1000,1000,5091729
MPCTASK: EXP,0,474,23689,83,-264,696,-129,642,5,236,274,133,149,-294,700,30,-62,700,0,0,0,0,0,0,0,0,0,0,0,0,0,0,0,5,22422,0,22480,0,0,0,0,3811631,3821675,0,0,0,0,0,1000,1000,5091729
MPCTASK: EXP,0,476,23790,65,-206,702,-160,571,31,505,44,217,84,-147,700,16,-40,700,0,0,0,0,0,0,0,0,0,0,0,0,0,0,0,5,22979,0,23408,0,0,0,0,3906432,3979402,0,0,0,0,0,1000,1000,5091729
MPCTASK: EXP,0,478,23891,53,-177,709,-147,441,30,611,-84,281,28,-42,700,2,-33,700,0,0,0,0,0,0,0,0,0,0,0,0,0,0,0,5,25407,0,25503,0,0,0,0,4319160,4335538,0,0,0,0,0,1000,1000,5091729
MPCTASK: EXP,0,480,23991,42,-143,709,-122,340,-11,503,-86,318,-3,11,700,-12,-14,700,0,0,0,0,0,0,0,0,0,0,0,0,0,0,0,5,24322,0,24372,0,0,0,0,4134599,4143313,0,0,0,0,0,1000,1000,5091729
MPCTASK: EXP,0,482,24089,45,-143,703,-86,225,-40,315,-48,326,-11,23,700,9,-54,700,0,0,0,0,0,0,0,0,0,0,0,0,0,0,0,5,22302,0,22352,0,0,0,0,3791328,3799982,0,0,0,0,0,1000,1000,5091729
MPCTASK: TRAJ DONE: idx=482, max=482; requesting landing
MPCTASK: LANDING: start z=0.69, hold=(0.04,-0.14)
MPCTASK: TIMING SUMMARY: max_step_cycles=5091729 deadline_cycles=8400000 overruns=0
MPCTASK: LANDING COMPLETE: t=32180 ms, x=0.062, y=-0.153, z=-0.001, vz=-0.083; motors off