SYS: Crazyflie 2.1 Brushless is up and running!
SYS: Build 2:de14ff9f08ae (2025.09.1 +2) MODIFIED
SYS: I am 0x373930393434471500370039 and I have 1024KB of flash!
CFGBLK: v1, verification [OK]
DECK_DISCOVERY: Backend found: onewire
DECK_DISCOVERY: Backend found: deckctrl
DECK_CORE: 1 deck(s) found
DECK_CORE: Calling INIT on driver bcFlow2 for deck 0
ZR2: Z-down sensor [OK]
PMW: Motion chip id: 0x49:0xB6
IMU: BMI088: Using I2C interface.
IMU: BMI088 Gyro connection [OK].
IMU: BMI088 Accel connection [OK]
IMU: BMP390 I2C connection [OK]
ESTIMATOR: Using Kalman (2) estimator
CONTROLLER: Using PID (1) controller
MTR-DRV: Using brushless motor driver
SYS: About to run tests in system.c.
SYS: NRF51 version: 2026.04 (C21B)
EEPROM: I2C connection [OK].
STORAGE: Storage check [OK].
IMU: BMI088 gyro self-test [OK]
DECK_CORE: Deck 0 test [OK].
SYS: Self test passed!
STAB: Wait for sensor calibration...
SYS: Free heap: 15048 bytes
MPCTASK: Waiting for activation ...
STAB: Starting stabilizer loop
STAB: WARNING: stabilizer loop rate is off (1004)
SUP: Ready to fly
MPCTASK: Benchmark mode 1, maneuver 4, max_iter 5, task_pri 0
MPCTASK: Reference altitude: 0.70 m; barrier skip when z>0.75 and vz>-0.20
MPCTASK: OOT takeoff: cfclient trigger>=0.15m ramp=0.15m/s figure8_start=2000ms_at_measured_z target=0.70m timeout=12000ms
MPCTASK: Common baseline: mpc_hz=20 model_hz=20 rho=5 base_w=0 base_qz=1 Qz=100 R=4 bridge=x10 guards=z[ref,ref+0.20] xy=free cap=0.05
MPCTASK: MPC->PID: xyz=x10, z_guard=[ref,ref+0.20], yaw=raw_rz, output_hold=200ms, safety_hold=500ms
MPCTASK: Reference origin: xyz=measured_at_forced_timed_start target_z=0.70 m
MPCTASK: Fixed baseline: w=0 qz=1 adaptive_cache=off
MPCTASK: MPC-CBF analytic LTV rows: always_on=1 horizon=20 gate=off floor_z=0.70 margin=0
MPCTASK: EXP every=2: m,s,tms,p3[mm],v3[mmps],att3[cdeg],ref3[mm],cmd3[mm],h/raw/grad/mar/thr[milli],act/ac/bind,wi/qi/cache/noa,pa/pf/du[milli],it,mpc/eval/total[us],bar/tanh/rl/cache/solve/step[cycles],overruns,post_active/post_infeasible_totals,wreq/w/qzreq/qz[milli],max_step_cycles
MPCTASK: Figure8: source=traj_fig8_12.h source_hz=100 samples=1205 laps=2 duration=24.07 s origin=forced_timed_start start_delay=2000ms z_baseline=measured_at_start
CONTROLLER: Using OutOfTree (6) controller
MPCTASK: Trajectory origin: x=0.02 y=0.06 z=0.01
MPCTASK: OOT activated at z=0.01
MPCTASK: TAKEOFF START: trigger_z=0.15 start_z=0.01 target=0.70 hold=(0.03,0.08) ramp=0.15m/s
MPCTASK: OOT loop 1 done
MPCTASK: MPC task loop 1
MPCTASK: x0: pos=(0.03,0.08,0.01) vel=(0.0,-0.03,0.0)
MPCTASK: OOT loop 2 done
MPCTASK: ref: (0.03,0.08,0.01)
MPCTASK: SAFE TV mode=1: h=-0.MPCTASK: OOT loop 3 done
685 raw=0.014 grad=1.0 margin=0.0 thr=0.0 active0=1 active_count=20 eval=0 us
MPCTASK: Cache level changed: 0 -> 1
MPCTASK: MPC solve start
MPCTASK: MPC solve done, iter=5
MPCTASK: MPC time=25147 us
MPCTASK: MPC stack free=1103 words
MPCTASK: setpoint: x=0.03 y=0.08 z=0.07 preview_z=0.07
MPCTASK: MPC task loop 2
MPCTASK: MPC task loop 3
MPCTASK: TAKEOFF COMPLETE: t=2000ms z=0.39 vz=0.27; trajectory queued origin=(0.07,0.0,0.39)
MPCTASK: TRAJ START: z=0.39 origin=(0.07,0.0,0.39) EXP clock reset; Z metric begins at t+3s
MPCTASK: EXP,1,2,76,60,10,408,-125,137,278,-470,256,-718,71,7,391,-38,392,591,-291,408,1000,0,0,1,20,20,0,0,0,0,0,0,0,5,25110,0,25291,0,0,0,0,4268657,4299552,0,0,0,0,0,1000,1000,4765890
MPCTASK: EXP,1,4,173,39,24,435,-153,238,314,-1011,153,-909,60,27,391,-15,489,591,-264,435,1000,0,0,1,20,20,0,0,0,0,0,0,0,5,22937,0,23132,0,0,0,0,3899240,3932796,0,0,0,0,0,1000,1000,4765890
MPCTASK: EXP,1,6,281,17,55,472,-180,479,338,-1624,531,-1211,25,93,391,-2,606,591,-227,472,1000,0,0,1,20,20,0,0,0,0,0,0,0,5,30267,0,30780,0,0,0,0,5145389,5232663,0,0,0,0,0,1000,1000,5232663
MPCTASK: EXP,1,8,375,3,126,506,-181,788,347,-1291,315,-1640,-27,213,391,52,698,591,-193,506,1000,0,0,1,20,20,0,0,0,0,0,0,0,5,23772,0,23953,0,0,0,0,4041140,4072019,0,0,0,0,0,1000,1000,5232663
MPCTASK: EXP,1,10,473,-22,246,530,-149,1012,325,-436,-408,-2075,-81,372,391,124,767,591,-169,530,1000,0,0,1,20,20,0,0,0,0,0,0,0,5,22872,0,23068,0,0,0,0,3888023,3921723,0,0,0,0,0,1000,1000,5232663
MPCTASK: EXP,1,12,576,-46,369,560,-21,1003,402,483,-1464,-2335,-119,551,391,224,751,591,-139,560,1000,0,0,1,20,20,0,0,0,0,0,0,0,5,26064,0,26245,0,0,0,0,4430864,4461751,0,0,0,0,0,1000,1000,5232663
MPCTASK: EXP,1,14,672,-56,466,622,147,684,490,2194,-2082,-2387,-127,730,391,287,584,591,-77,622,1000,0,0,1,20,20,0,0,0,0,0,0,0,5,22119,0,22659,0,0,0,0,3760100,3852072,0,0,0,0,0,1000,1000,5232663
MPCTASK: EXP,1,16,777,-45,508,707,263,114,455,4108,-2653,-2252,-96,890,391,327,270,591,7,707,1000,0,0,1,20,20,0,0,0,0,0,0,0,5,24931,0,25252,0,0,0,0,4238308,4292995,0,0,0,0,0,1000,1000,5232663
MPCTASK: EXP,1,18,875,-19,474,709,149,-623,-197,7229,-2922,-2689,-27,1019,390,243,-295,590,-30,669,1019,0,0,1,20,20,0,0,0,0,0,0,0,5,23789,0,23970,0,0,0,0,4044128,4074988,0,0,0,0,0,1000,1000,5232663
MPCTASK: EXP,1,20,973,20,223,458,-464,-1475,-2034,11734,-3599,-2833,72,1108,390,-85,-1605,415,-648,51,1019,0,0,1,20,20,0,0,0,0,0,0,0,5,21807,0,21987,0,0,0,0,3707064,3737818,0,0,0,0,0,1000,1000,5232663
SUP: Locked, reboot required
MPCTASK: EXP,1,22,1076,-403,306,203,-1209,-1785,-3575,15442,-2522,-2948,191,1154,390,-1459,-4545,390,-1211,-511,1019,0,0,1,20,20,0,0,0,0,0,0,0,5,24939,0,25388,0,0,0,0,4239621,4316081,0,0,0,0,0,1000,1000,5232663
MPCTASK: EXP,1,24,1176,-443,503,133,-240,304,-944,-17530,-2764,-1933,314,1156,390,1056,9052,390,-755,-55,1019,0,0,1,20,20,0,0,0,0,0,0,0,5,23554,0,24009,0,0,0,0,4004188,4081659,0,0,0,0,0,1000,1000,5232663
MPCTASK: EXP,1,26,1279,-428,448,29,-314,222,-1683,17711,-4833,-4855,424,1117,390,1376,4358,390,-1007,-307,1019,0,0,1,20,20,0,0,0,0,0,0,0,5,27025,0,27224,0,0,0,0,4594254,4628272,0,0,0,0,0,1000,1000,5232663
MPCTASK: EXP,1,28,1374,-351,362,-96,-117,233,-1871,16586,-710,-5494,506,1041,391,-4358,-7593,391,-1170,-470,1019,0,0,1,20,20,0,0,0,0,0,0,0,5,23054,0,23252,0,0,0,0,3919044,3952890,0,0,0,0,0,1000,1000,5232663
MPCTASK: EXP,1,30,1475,-343,242,-176,263,134,-1454,-17953,-320,-6391,551,933,391,20410,33260,391,-1167,-467,1019,0,0,1,20,20,0,0,0,0,0,0,0,5,22976,0,23922,0,0,0,0,3905948,4066964,0,0,0,0,0,1000,1000,5232663
MPCTASK: EXP,1,32,1574,-33,172,-137,776,223,-792,16842,-881,-7082,550,798,391,-10751,-15380,391,-996,-296,1019,0,0,1,20,20,0,0,0,0,0,0,0,5,22479,0,22660,0,0,0,0,3821396,3852296,0,0,0,0,0,1000,1000,5232663
MPCTASK: EXP,1,34,1675,337,231,24,1551,460,211,17047,-479,-6887,502,642,391,-8430,-13012,391,-675,24,1000,0,0,1,20,20,0,0,0,0,0,0,0,5,22836,0,23357,0,0,0,0,3882085,3970744,0,0,0,0,0,1000,1000,5232663
MPCTASK: EXP,1,36,1772,664,350,203,1852,689,899,17045,-628,-6875,412,470,391,-9792,-15448,391,-496,203,1000,0,0,1,20,20,0,0,0,0,0,0,0,5,20620,0,20818,0,0,0,0,3505405,3539135,0,0,0,0,0,1000,1000,5232663
MPCTASK: EXP,1,38,1874,842,441,315,1862,775,1014,17088,-546,-6889,287,287,391,-9445,-15058,391,-384,315,1000,0,0,1,20,20,0,0,0,0,0,0,0,5,21569,0,21896,0,0,0,0,3666640,3722267,0,0,0,0,0,1000,1000,5232663
MPCTASK: EXP,1,40,1972,1014,531,437,1913,866,1078,17089,-479,-6876,140,99,391,-8461,-13834,399,-262,437,1000,0,0,1,20,20,0,0,0,0,0,0,0,5,20938,0,21118,0,0,0,0,3559352,3590233,0,0,0,0,0,1000,1000,5232663
MPCTASK: EXP,1,42,2078,1194,626,561,2010,982,1102,17052,-416,-6869,-14,-90,391,-7111,-12076,507,-138,561,1000,0,0,1,20,20,0,0,0,0,0,0,0,5,26494,0,27081,0,0,0,0,4503924,4603843,0,0,0,0,0,1000,1000,5232663
MPCTASK: EXP,1,44,2176,1392,731,680,2153,1129,1083,16983,-354,-6866,-162,-276,391,-5674,-10202,591,-19,680,1000,0,0,1,20,20,0,0,0,0,0,0,0,5,25075,0,25267,0,0,0,0,4262675,4295530,0,0,0,0,0,1000,1000,5232663
MPCTASK: EXP,1,46,2275,1583,844,820,2244,1255,1114,16953,-298,-6861,-287,-454,391,-4889,-9247,591,120,820,1000,0,0,1,20,20,0,0,0,0,0,0,0,5,22972,0,23298,0,0,0,0,3905220,3960768,0,0,0,0,0,1000,1000,5232663
MPCTASK: EXP,1,48,2376,1788,969,957,2363,1401,1117,16905,-244,-6858,-377,-620,391,-4064,-8229,591,257,957,1000,0,0,1,20,20,0,0,0,0,0,0,0,5,24870,0,25051,0,0,0,0,4227776,4258691,0,0,0,0,0,1000,1000,5232663
MPCTASK: EXP,1,50,2474,1999,1103,1102,2479,1553,1122,16859,-190,-6854,-423,-771,391,-3363,-7368,591,402,1102,1000,0,0,1,20,20,0,0,0,0,0,0,0,5,22178,0,22666,0,0,0,0,3770180,3853392,0,0,0,0,0,1000,1000,5232663
MPCTASK: EXP,1,52,2572,2221,1249,1250,2603,1712,1119,16811,-137,-6851,-421,-902,391,-2729,-6583,591,550,1250,1000,0,0,1,20,17,0,0,0,0,0,0,0,5,20644,0,21141,0,0,0,0,3509260,3593924,0,0,0,0,0,1000,1000,5232663
MPCTASK: EXP,1,54,2673,2485,1426,1366,2792,1927,1049,16724,-77,-6846,-370,-1011,391,-1949,-5590,591,666,1366,1000,0,0,1,20,15,0,0,0,0,0,0,0,5,20720,0,21126,0,0,0,0,3522192,3591400,0,0,0,0,0,1000,1000,5232663
MPCTASK: EXP,1,56,2777,2740,1605,1511,2940,2114,1025,16668,-24,-6842,-276,-1095,391,-1420,-4914,591,811,1511,1000,0,0,1,20,13,0,0,0,0,0,0,0,5,25870,0,26051,0,0,0,0,4397700,4428611,0,0,0,0,0,1000,1000,5232663
MPCTASK: EXP,1,58,2875,3023,1809,1639,3118,2328,968,16597,29,-6838,-147,-1152,391,-870,-4198,591,939,1639,1000,0,0,1,20,12,0,0,0,0,0,0,0,5,23696,0,23876,0,0,0,0,4028180,4059024,0,0,0,0,0,1000,1000,5232663
MPCTASK: EXP,1,60,2977,3315,2031,1723,3317,2566,867,16512,87,-6830,2,-1181,391,-327,-3469,591,1023,1723,1000,0,0,1,20,12,0,0,0,0,0,0,0,5,26241,0,26420,0,0,0,0,4460804,4491369,0,0,0,0,0,1000,1000,5232663
MPCTASK: EXP,1,62,3080,3664,2301,1856,3526,2826,787,16435,146,-6824,159,-1180,391,189,-2782,591,1156,1856,1000,0,0,1,20,11,0,0,0,0,0,0,0,5,27529,0,27961,0,0,0,0,4679952,4753589,0,0,0,0,0,1000,1000,5232663
MPCTASK: EXP,1,64,3175,3979,2540,2008,3693,3033,749,16384,191,-6821,307,-1150,391,565,-2273,591,1308,2008,1000,0,0,1,20,10,0,0,0,0,0,0,0,5,22481,0,22660,0,0,0,0,3821684,3852249,0,0,0,0,0,1000,1000,5232663
MPCTASK: EXP,1,66,3277,4360,2858,2076,3930,3331,601,16289,254,-6810,433,-1092,391,1087,-1570,591,1376,2076,1000,0,0,1,20,10,0,0,0,0,0,0,0,5,25010,0,25189,0,0,0,0,4251624,4282189,0,0,0,0,0,1000,1000,5232663
MPCTASK: EXP,1,68,3375,4743,3176,2177,4146,3603,492,16216,308,-6802,523,-1006,391,1538,-976,591,1477,2177,1000,0,0,1,20,9,0,0,0,0,0,0,0,5,23093,0,23271,0,0,0,0,3925640,3956209,0,0,0,0,0,1000,1000,5232663
MPCTASK: EXP,1,70,3478,5113,3475,2322,4330,3836,431,16165,352,-6798,569,-896,391,1925,-488,591,1622,2322,1000,0,0,1,20,9,0,0,0,0,0,0,0,5,25371,0,25550,0,0,0,0,4312956,4343521,0,0,0,0,0,1000,1000,5232663
MPCTASK: EXP,1,72,3577,5559,3875,2357,4585,4167,246,16070,414,-6784,566,-764,391,2460,181,591,1657,2357,1000,0,0,1,20,9,0,0,0,0,0,0,0,5,24855,0,25041,0,0,0,0,4225302,4257091,0,0,0,0,0,1000,1000,5232663
MPCTASK: EXP,1,74,3681,5992,4250,2451,4806,4449,123,16003,463,-6776,515,-612,391,2933,733,591,1751,2451,1000,0,0,1,20,8,0,0,0,0,0,0,0,5,28575,0,28754,0,0,0,0,4857636,4888209,0,0,0,0,0,1000,1000,5232663
MPCTASK: EXP,1,76,3778,6395,4603,2534,5005,4705,9,15945,507,-6769,420,-445,391,3372,1225,591,1834,2534,1000,0,0,1,20,8,0,0,0,0,0,0,0,5,25684,0,26117,0,0,0,0,4366077,4439877,0,0,0,0,0,1000,1000,5232663
MPCTASK: EXP,1,78,3878,6873,5002,2702,5214,4968,-71,15897,549,-6765,292,-267,391,3865,1721,591,1988,2688,1019,0,0,1,20,8,0,0,0,0,0,0,0,5,24589,0,25409,0,0,0,0,4180005,4319529,0,0,0,0,0,1000,1000,5232663
MPCTASK: EXP,1,80,3978,7299,5351,2890,5382,5186,-120,15865,583,-6764,141,-82,391,4301,2128,591,2166,2866,1019,0,0,1,20,7,0,0,0,0,0,0,0,5,25536,0,25867,0,0,0,0,4341120,4397447,0,0,0,0,0,1000,1000,5232663
MPCTASK: EXP,1,82,4080,7741,5713,3074,5554,5406,-183,15831,615,-6762,-15,104,391,4760,2537,591,2337,3037,1019,0,0,1,20,7,0,0,0,0,0,0,0,5,26979,0,27401,0,0,0,0,4586485,4658456,0,0,0,0,0,1000,1000,5232663
MPCTASK: EXP,1,84,4177,8214,6151,3128,5766,5693,-345,15768,660,-6752,-164,288,391,5285,3049,591,2359,3059,1019,0,0,1,20,7,0,0,0,0,0,0,0,5,23848,0,24659,0,0,0,0,4054152,4192113,0,0,0,0,0,1000,1000,5232663
MPCTASK: EXP,1,86,4278,8866,6801,3075,6077,6120,-643,15664,728,-6732,-289,466,391,6006,3799,591,2246,2946,1019,0,0,1,20,7,0,0,0,0,0,0,0,5,24602,0,25014,0,0,0,0,4182260,4252436,0,0,0,0,0,1000,1000,5232663
MPCTASK: EXP,1,88,4379,9419,7311,3143,6305,6422,-811,15605,771,-6722,-379,632,391,6576,4331,591,2280,2980,1019,0,0,1,20,7,0,0,0,0,0,0,0,5,25483,0,26014,0,0,0,0,4332036,4422476,0,0,0,0,0,1000,1000,5232663
MPCTASK: EXP,1,90,4479,10064,7974,3047,6596,6827,-1116,15510,832,-6702,-425,783,391,7250,5032,591,2124,2824,1019,0,0,1,20,7,0,0,0,0,0,0,0,5,25380,0,25559,0,0,0,0,4314628,4345193,0,0,0,0,0,1000,1000,5232663
MPCTASK: EXP,1,92,4579,10669,8605,2935,6862,7199,-1407,15424,885,-6683,-422,915,391,7861,5671,591,1953,2653,1019,0,0,1,20,7,0,0,0,0,0,0,0,5,25672,0,26047,0,0,0,0,4364146,4427992,0,0,0,0,0,1000,1000,5232663
MPCTASK: EXP,1,94,4679,11325,9203,3029,7100,7511,-1573,15376,924,-6676,-371,1025,391,8454,6220,591,2015,2715,1019,0,0,1,20,6,0,0,0,0,0,0,0,5,25449,0,25630,0,0,0,0,4326236,4357116,0,0,0,0,0,1000,1000,5232663
MPCTASK: EXP,1,96,4778,12050,9976,2855,7403,7938,-1929,15280,983,-6654,-276,1109,391,9130,6962,591,1770,2470,1019,0,0,1,20,6,0,0,0,0,0,0,0,5,24800,0,24979,0,0,0,0,4215968,4246533,0,0,0,0,0,1000,1000,5232663
MPCTASK: EXP,1,98,4879,12806,10791,2645,7709,8374,-2305,15184,1041,-6630,-148,1166,391,9810,7726,591,1484,2184,1019,0,0,1,20,6,0,0,0,0,0,0,0,5,25886,0,26069,0,0,0,0,4400572,4ESTKALMAN: State out of bounds, resetting
431795,0,0,0,0,0,1000,1000,5232663
MPCTASK: EXP,1,100,4979,-2,0,2985,-82,-25,-1180,0,0,0,2,1195,391,-87,-167,591,2049,2749,1019,0,0,1,20,6,0,0,0,0,0,0,0,5,25586,0,26022,0,0,0,0,4349544,4423701,0,0,0,0,0,1000,1000,5232663
MPCTASK: EXP,1,102,5078,-20,-6,2816,-238,-71,-3320,-2,-8,0,159,1195,391,-185,-231,591,1452,2152,1019,0,0,1,20,6,0,0,0,0,0,0,0,5,24885,0,25066,0,0,0,0,4230388,4261263,0,0,0,0,0,1000,1000,5232663
MPCTASK: EXP,1,104,5178,-50,-15,2319,-376,-113,-5318,0,-1,0,307,1165,391,-293,-298,591,556,1256,1019,0,0,1,20,6,0,0,0,0,0,0,0,5,25098,0,25284,0,0,0,0,4266572,4298292,0,0,0,0,0,1000,1000,5232663
MPCTASK: EXP,1,106,5280,-161,-48,2065,-798,-240,-6132,
