SYS: Crazyflie 2.1 Brushless is up and running!
SYS: Build 2:de14ff9f08ae (2025.09.1 +2) MODIFIED
SYS: I am 0x373930393434471500370039 and I have 1024KB of flash!
CFGBLK: v1, verification [OK]
DECK_DISCOVERY: Backend found: onewire
DECK_DISCOVERY: Backend found: deckctrl
DECK_CORE: 1 deck(s) found
DECK_CORE: Calling INIT on driver bcFlow2 for deck 0
ZR2: Z-down sensor [OK]
PMW: Motion chip id: 0x49:0xB6
IMU: BMI088: Using I2C interface.
IMU: BMI088 Gyro connection [OK].
IMU: BMI088 Accel connection [OK]
IMU: BMP390 I2C connection [OK]
ESTIMATOR: Using Kalman (2) estimator
CONTROLLER: Using PID (1) controller
MTR-DRV: Using brushless motor driver
SYS: About to run tests in system.c.
SYS: NRF51 version: 2026.04 (C21B)
EEPROM: I2C connection [OK].
STORAGE: Storage check [OK].
IMU: BMI088 gyro self-test [OK]
DECK_CORE: Deck 0 test [OK].
SYS: Self test passed!
STAB: Wait for sensor calibration...
SYS: Free heap: 15048 bytes
MPCTASK: Waiting for activation ...
STAB: Starting stabilizer loop
STAB: WARNING: stabilizer loop rate is off (1004)
SUP: Ready to fly
MPCTASK: Benchmark mode 2, maneuver 4, max_iter 5, task_pri 0
MPCTASK: Reference altitude: 0.70 m; barrier skip when z>0.75 and vz>-0.20
MPCTASK: OOT takeoff: cfclient trigger>=0.15m ramp=0.15m/s figure8_start=2000ms_at_measured_z target=0.70m timeout=12000ms
MPCTASK: Common baseline: mpc_hz=20 model_hz=20 rho=5 base_w=0 base_qz=1 Qz=100 R=4 bridge=x10 guards=z[ref,ref+0.20] xy=free cap=0.05
MPCTASK: MPC->PID: xyz=x10, z_guard=[ref,ref+0.20], yaw=raw_rz, output_hold=200ms, safety_hold=500ms
MPCTASK: Reference origin: xyz=measured_at_forced_timed_start target_z=0.70 m
MPCTASK: Fixed baseline: w=0 qz=1 adaptive_cache=off
MPCTASK: LIMO posthoc: infeasible=nominal_fallback
MPCTASK: EXP every=2: m,s,tms,p3[mm],v3[mmps],att3[cdeg],ref3[mm],cmd3[mm],h/raw/grad/mar/thr[milli],act/ac/bind,wi/qi/cache/noa,pa/pf/du[milli],it,mpc/eval/total[us],bar/tanh/rl/cache/solve/step[cycles],overruns,post_active/post_infeasible_totals,wreq/w/qzreq/qz[milli],max_step_cycles
MPCTASK: Figure8: source=traj_fig8_12.h source_hz=100 samples=1205 laps=2 duration=24.07 s origin=forced_timed_start start_delay=2000ms z_baseline=measured_at_start
CONTROLLER: Using OutOfTree (6) controller
MPCTASK: Trajectory origin: x=0.02 y=-0.09 z=0.01
MPCTASK: OOT activated at z=0.01
MPCTASK: TAKEOFF START: trigger_z=0.15 start_z=0.01 target=0.70 hold=(0.02,-0.15) ramp=0.15m/s
MPCTASK: OOT loop 1 done
MPCTASMPCTASK: OOT loop 2 done
K: MPC task loop 1
MPCTASK: x0: pos=(0.02,-0.15,0.01) vel=(-0.0,0.02,0.0)
MPCTASK: ref: (0.MPCTASK: OOT loop 3 done
02,-0.15,0.01)
MPCTASK: MPC solve start
MPCTASK: MPC solve done, iter=5
MPCTASK: MPC time=22958 us
MPCTASK: MPC stack free=1059 words
MPCTASK: setpoint: x=0.02 y=-0.15 z=0.07 preview_z=0.07
MPCTASK: MPC task loop 2
MPCTASK: MPC task loop 3
MPCTASK: TAKEOFF COMPLETE: t=2000ms z=0.12 vz=0.17; trajectory queued origin=(0.13,-0.15,0.12)
MPCTASK: TRAJ START: z=0.12 origin=(0.13,-0.15,0.12) EXP clock reset; Z metric begins at t+3s
MPCTASK: EXP,2,2,84,136,-143,132,96,169,207,227,719,-533,132,-150,125,54,207,131,-567,-312,1255,73,73,1,1,0,0,0,0,0,1,1,0,5,23902,8946,33072,1520750,0,0,0,4063201,5622339,0,2,2,0,0,1000,1000,5866406
MPCTASK: EXP,2,4,187,144,-119,149,-8,198,58,-523,977,-440,121,-131,125,59,305,130,-550,-147,1468,72,72,1,1,0,0,0,0,0,1,1,0,5,26826,9504,36402,1615606,0,0,0,4560301,6188427,0,4,4,0,0,1000,1000,6188427
MPCTASK: EXP,2,6,284,131,-99,150,-175,324,-114,-1297,1178,-418,86,-64,125,56,393,125,-572,-665,1626,72,72,1,1,0,0,0,0,0,1,1,0,5,23197,10302,33570,1751177,0,0,0,3943409,5706981,0,6,6,0,0,1000,1000,6188427
MPCTASK: EXP,2,8,386,100,-58,134,-319,559,-194,-1447,624,-623,33,54,125,84,479,125,-604,-680,2072,73,73,1,1,0,0,0,0,0,1,1,0,5,24813,9662,34872,1642418,0,0,0,4218197,5928474,0,8,8,0,0,1000,1000,6188427
MPCTASK: EXP,2,10,482,67,7,109,-328,806,-147,-1186,-121,-862,-20,213,125,137,553,125,-620,-614,1741,74,74,1,1,0,0,0,0,0,1,1,0,5,19204,12541,31819,2131869,0,0,0,3264607,5409232,0,10,10,0,0,1000,1000,6188427
MPCTASK: EXP,2,12,581,34,113,96,-246,1035,3,-723,-615,-983,-58,393,125,194,633,125,-603,-262,1412,74,74,1,1,0,0,0,0,0,1,1,0,5,23216,7799,31087,1325754,0,0,0,3946633,5284947,0,12,12,0,0,1000,1000,6230466
MPCTASK: EXP,2,14,685,23,151,127,-67,818,240,58,-1272,-476,-66,571,125,276,528,130,-572,-495,1405,73,73,1,1,0,0,0,0,0,1,1,0,5,23657,10867,34915,1847457,0,0,0,4021485,5935509,0,14,14,0,0,1000,1000,6230466
MPCTASK: EXP,2,16,786,43,225,116,195,797,-1,-165,-1293,-794,-35,732,125,350,554,125,-583,-662,1529,74,74,1,1,0,0,0,0,0,1,1,0,5,23591,11075,34852,1882730,0,0,0,4010389,5924980,0,16,16,0,0,1000,1000,6230466
MPCTASK: EXP,2,18,886,71,287,112,392,743,-18,-46,-968,-654,33,861,125,385,531,125,-590,-508,1393,74,74,1,1,0,0,0,0,0,1,1,0,5,24668,10940,35680,1859656,0,0,0,4193437,6065645,0,18,18,0,0,1000,1000,6230466
MPCTASK: EXP,2,20,979,129,387,100,560,793,-30,213,-688,-904,133,950,125,418,548,125,-606,-340,1350,74,74,1,1,0,0,0,0,0,1,1,0,5,21062,7785,28919,1323517,0,0,0,3580389,4916306,0,20,20,0,0,1000,1000,6508521
MPCTASK: EXP,2,22,1087,196,479,110,643,734,114,867,-310,-907,252,995,125,421,512,125,-589,-376,1328,74,74,1,1,0,0,0,0,0,1,1,0,5,26017,10747,36845,1826874,0,0,0,4422933,6263641,0,22,22,0,0,1000,1000,6508521
MPCTASK: EXP,2,24,1183,257,554,126,618,576,131,1291,177,-790,375,997,125,375,453,126,-573,-560,1406,73,73,1,1,0,0,0,0,0,1,1,0,5,22733,9617,32631,1634797,0,0,0,3864601,5547262,0,24,24,0,0,1000,1000,6508521
MPCTASK: EXP,2,26,1285,297,609,144,493,385,84,1560,637,-558,485,958,125,296,374,129,-555,-676,1516,73,73,1,1,0,0,0,0,0,1,1,0,5,23926,10908,34909,1854297,0,0,0,4067204,5934471,0,26,26,0,0,1000,1000,6508521
MPCTASK: EXP,2,28,1380,320,636,154,272,159,71,1159,1282,-1608,567,882,125,135,311,132,-545,-608,2120,72,72,1,1,0,0,0,0,0,1,1,0,5,21959,8207,30241,1395084,0,0,0,3732829,5140934,0,28,27,0,0,1000,1000,6508521
MPCTASK: EXP,2,30,1486,278,652,149,-122,61,-94,485,1611,-1402,612,774,125,-17,302,125,-568,-857,1960,72,72,1,1,0,0,0,0,0,1,1,0,5,24951,10759,36031,1828883,0,0,0,4241717,6125344,0,30,29,0,0,1000,1000,6508521
MPCTASK: EXP,2,32,1585,200,663,130,-477,-40,-119,1221,826,-818,611,639,125,-135,168,125,-593,-493,1831,73,73,1,1,0,0,0,0,0,1,1,0,5,24593,9191,33861,1562375,0,0,0,4180653,5756476,0,32,31,0,0,1000,1000,6508521
MPCTASK: EXP,2,34,1681,140,646,114,-587,-326,-82,1838,16,-376,563,483,125,-179,5,125,-601,-1002,2175,74,74,1,1,0,0,0,0,0,1,1,0,5,19092,11894,31060,2021913,0,0,0,3245541,5280240,0,34,33,0,0,1000,1000,6508521
MPCTASK: EXP,2,36,1786,105,582,108,-561,-708,-13,1817,-233,-331,473,311,125,-182,-170,125,-594,-922,2067,74,74,1,1,0,0,0,0,0,1,1,0,5,24284,11611,35966,1973804,0,0,0,4128214,6114438,0,36,35,0,0,1000,1000,6508521
MPCTASK: EXP,2,38,1884,72,492,117,-506,-1000,92,1263,-248,-439,348,129,125,-173,-303,125,-582,-487,1520,74,74,1,1,0,0,0,0,0,1,1,0,5,23606,10520,34309,1788271,0,0,0,4012890,5832569,0,38,37,0,0,1000,1000,6508521
MPCTASK: EXP,2,40,1982,35,389,129,-458,-1141,149,520,-207,-554,201,-59,125,-154,-393,128,-570,-323,1093,73,73,1,1,0,0,0,0,0,1,1,0,5,23288,7929,31290,1347899,0,0,0,3958881,5319377,0,40,39,0,0,1000,1000,6508521
MPCTASK: EXP,2,42,2086,0,281,144,-402,-1166,167,147,-246,-665,46,-248,125,-118,-477,132,-555,-239,1107,73,73,1,1,0,0,0,0,0,1,1,0,5,24992,10213,35277,1736109,0,0,0,4248537,5997229,0,42,41,0,0,1000,1000,6508521
MPCTASK: EXP,2,44,2187,-24,181,159,-316,-1126,131,16,-311,-670,-101,-434,125,-61,-542,135,-540,-246,1044,72,72,1,1,0,0,0,0,0,1,1,0,5,25613,11063,36749,1880646,0,0,0,4354221,6247453,0,44,43,0,0,1000,1000,6508521
MPCTASK: EXP,2,46,2285,-28,88,170,-185,-1075,72,-18,-307,-598,-226,-613,125,22,-592,136,-529,-209,1132,72,72,1,1,0,0,0,0,0,1,1,0,5,23457,9978,33784,1696148,0,0,0,3987693,5743390,0,46,45,0,0,1000,1000,6508521
MPCTASK: EXP,2,48,2386,-34,-2,172,-104,-1036,20,70,-365,-481,-316,-779,125,93,-646,135,-527,-253,1027,71,71,1,1,0,0,0,0,0,1,1,0,5,25393,9443,34909,1605364,0,0,0,4316781,5934567,0,48,47,0,0,1000,1000,6508521
MPCTASK: EXP,2,50,2483,-39,-101,172,-25,-1050,-1,208,-579,-483,-362,-930,125,164,-711,134,-527,-341,1023,71,71,1,1,0,0,0,0,0,1,1,0,5,23084,9283,32962,1578146,0,0,0,3924101,5603546,0,50,49,0,0,1000,1000,6508521
MPCTASK: EXP,2,52,2589,-31,-175,174,97,-1000,2,136,-739,-654,-360,-1061,125,232,-723,135,-525,-267,1282,71,71,1,1,0,0,0,0,0,1,1,0,5,27153,11358,38582,1930750,0,0,0,4615925,6559099,0,52,51,0,0,1000,1000,6559099
MPCTASK: EXP,2,54,2685,-22,-288,167,205,-1053,-72,21,-925,-760,-309,-1170,125,286,-781,130,-547,-473,1262,72,72,1,1,0,0,0,0,0,1,1,0,5,23020,10700,33929,1818982,0,0,0,3913325,5767942,0,54,53,0,0,1000,1000,6559099
MPCTASK: EXP,2,56,2787,-18,-357,166,296,-962,-46,-199,-998,-984,-215,-1254,125,322,-761,131,-543,-368,1524,72,72,1,1,0,0,0,0,0,1,1,0,5,24013,11941,36172,2029854,0,0,0,4082214,6149693,0,56,55,0,0,1000,1000,6559099
MPCTASK: EXP,2,58,2883,6,-475,157,423,-1011,-53,-481,-822,-972,-86,-1311,125,339,-787,128,-553,-299,1352,72,72,1,1,0,0,0,0,0,1,1,0,5,20033,12537,32645,2131214,0,0,0,3405505,5549617,0,58,57,0,0,1000,1000,6559099
MPCTASK: EXP,2,60,2981,22,-572,160,483,-887,24,-1112,-469,-1095,63,-1339,125,315,-740,132,-539,-477,1257,72,72,1,1,0,0,0,0,0,1,1,0,5,23847,7005,31258,1190745,0,0,0,4053905,5313945,0,60,59,0,0,1000,1000,6559099
MPCTASK: EXP,2,62,3085,28,-627,170,483,-603,84,-1410,-127,-1238,220,-1339,125,260,-639,137,-529,-429,1532,72,72,1,1,0,0,0,0,0,1,1,0,5,23487,10648,34209,1810219,0,0,0,3992849,5815652,0,62,61,0,0,1000,1000,6559099
MPCTASK: EXP,2,64,3186,67,-683,174,513,-391,46,-1356,24,-1196,368,-1309,125,236,-577,137,-525,-458,1510,71,71,1,1,0,0,0,0,0,1,1,0,5,23483,11478,35035,1951097,0,0,0,3992117,5956982,0,64,63,0,0,1000,1000,6559099
MPCTASK: EXP,2,66,3285,96,-707,181,488,-148,45,-1358,356,-1122,494,-1250,125,177,-474,138,-518,-534,1437,71,71,1,1,0,0,0,0,0,1,1,0,5,19309,15621,35009,2655522,0,0,0,3282545,5951561,0,66,65,0,0,1000,1000,6559099
MPCTASK: EXP,2,68,3381,149,-713,182,450,84,8,-1303,749,-936,584,-1165,125,131,-369,137,-517,-584,1396,71,71,1,1,0,0,0,0,0,1,1,0,5,23366,7270,30709,1235793,0,0,0,3972013,5220545,0,68,67,0,0,1000,1000,6559099
MPCTASK: EXP,2,70,3484,178,-701,183,315,299,3,-1163,1041,-861,630,-1055,125,62,-262,138,-516,-440,1401,71,71,1,1,0,0,0,0,0,1,1,0,5,21232,11695,33000,1988070,0,0,0,3609409,5610181,0,70,69,0,0,1000,1000,6559099
MPCTASK: EXP,2,72,3583,201,-652,182,142,538,-9,-998,1266,-771,627,-922,125,-7,-127,137,-519,-386,1445,71,71,1,1,0,0,0,0,0,1,1,0,5,23609,8839,32521,1502577,0,0,0,4013461,5528626,0,72,71,0,0,1000,1000,6559099
MPCTASK: EXP,2,74,3681,195,-610,185,-56,677,0,-917,1239,-746,576,-771,125,-73,-21,138,-514,-332,1500,71,71,1,1,0,0,0,0,0,1,1,0,5,19950,10113,30276,1719181,0,0,0,3391317,5146985,0,74,73,0,0,1000,1000,6559099
MPCTASK: EXP,2,76,3782,206,-513,183,-212,906,-24,-976,1222,-522,481,-604,125,-104,146,136,-521,-398,1441,71,71,1,1,0,0,0,0,0,1,1,0,5,22937,8885,32252,1510524,0,0,0,3899313,5482889,0,76,75,0,0,1000,1000,6577281
MPCTASK: EXP,2,78,3883,167,-432,185,-406,1037,-4,-777,1132,-467,353,-426,125,-153,256,138,-515,-455,1253,71,71,1,1,0,0,0,0,0,1,1,0,5,20296,11785,32153,2003261,0,0,0,3450265,5466109,0,78,77,0,0,1000,1000,6577281
MPCTASK: EXP,2,80,3985,114,-323,185,-571,1165,14,-484,713,-371,202,-241,125,-175,371,138,-514,-346,1043,71,71,1,1,0,0,0,0,0,1,1,0,5,25120,9390,34584,1596350,0,0,0,4270424,5879357,0,80,79,0,0,1000,1000,6577281
MPCTASK: EXP,2,82,4086,54,-269,193,-603,1067,26,-175,298,-401,45,-54,125,-160,383,141,-506,-269,862,71,71,1,1,0,0,0,0,0,1,1,0,5,23299,12622,35994,2145645,0,0,0,3960697,6118930,0,82,81,0,0,1000,1000,6577281
MPCTASK: EXP,2,84,4180,-3,-160,187,-618,1104,-100,-297,62,-151,-103,130,125,-142,487,135,-532,-285,925,71,71,1,1,0,0,0,0,0,1,1,0,5,19507,10510,30202,1786641,0,0,0,3316142,5134533,0,84,83,0,0,1000,1000,6577281
MPCTASK: EXP,2,86,4286,-36,-107,180,-516,998,-99,-219,-317,87,-228,307,125,-64,490,133,-539,-293,946,71,71,1,1,0,0,0,0,0,1,1,0,5,23911,11091,35074,1885382,0,0,0,4064737,5962705,0,86,85,0,0,1000,1000,6577281
MPCTASK: EXP,2,88,4381,-64,-26,170,-373,967,-27,-27,-772,94,-318,474,125,27,521,133,-534,-394,1139,72,72,1,1,0,0,0,0,0,1,1,0,5,20444,10164,30791,1727817,0,0,0,3475409,5234707,0,88,87,0,0,1000,1000,6577281
MPCTASK: EXP,2,90,4481,-79,51,172,-147,914,56,10,-1177,36,-364,625,125,136,547,136,-527,-383,1411,71,71,1,1,0,0,0,0,0,1,1,0,5,23265,7894,31234,1341876,0,0,0,3955063,5309866,0,90,89,0,0,1000,1000,6577281
MPCTASK: EXP,2,92,4580,-64,123,175,119,873,31,-120,-1243,-24,-361,756,125,247,569,136,-524,-354,1569,71,71,1,1,0,0,0,0,0,1,1,0,5,20246,9992,30311,1698694,0,0,0,3441733,5153027,0,92,91,0,0,1000,1000,6577281
MPCTASK: EXP,2,94,4688,-42,197,179,315,846,29,-27,-1042,41,-310,866,125,312,575,137,-520,-409,1260,71,71,1,1,0,0,0,0,0,1,1,0,5,28147,8689,37068,1477014,0,0,0,4784814,6301728,0,94,93,0,0,1000,1000,6577281
MPCTASK: EXP,2,96,4784,8,258,181,519,775,22,157,-853,140,-215,950,125,385,552,138,-518,-411,1098,71,71,1,1,0,0,0,0,0,1,1,0,5,24748,8266,33086,1405095,0,0,0,4207105,5624788,0,96,95,0,0,1000,1000,6577281
MPCTASK: EXP,2,98,4889,65,323,181,634,697,20,370,-449,222,-87,1008,125,412,523,138,-518,-320,929,71,71,1,1,0,0,0,0,0,1,1,0,5,26029,12588,38689,2139846,0,0,0,4424841,6577270,0,98,97,0,0,1000,1000,6577281
MPCTASK: EXP,2,100,4981,139,397,180,709,649,13,535,-127,217,63,1036,125,433,507,137,-519,-338,964,71,71,1,1,0,0,0,0,0,1,1,0,5,20486,10168,30726,1728365,0,0,0,3482529,5223484,0,100,99,0,0,1000,1000,6577281
MPCTASK: EXP,2,102,5085,209,443,185,705,501,17,681,327,329,220,1036,125,411,442,138,-514,-360,1025,71,71,1,1,0,0,0,0,0,1,1,0,5,25106,9006,34187,1530915,0,0,0,4267941,5811936,0,102,101,0,0,1000,1000,6577281
MPCTASK: EXP,2,104,5184,258,496,185,573,399,-12,787,788,413,368,1006,125,335,393,138,-516,-391,1090,71,71,1,1,0,0,0,0,0,1,1,0,5,23443,9981,33500,1696822,0,0,0,3985161,5695020,0,104,103,0,0,1000,1000,6577281
MPCTASK: EXP,2,106,5286,286,537,177,378,261,-74,982,1033,489,494,948,125,241,320,133,-537,-428,1369,71,71,1,1,0,0,0,0,0,1,1,0,5,26509,9555,36137,1624368,0,0,0,4506333,6143293,0,106,105,0,0,1000,1000,6577281
MPCTASK: EXP,2,108,5384,289,567,168,147,82,-91,1204,1133,523,584,862,125,132,230,130,-549,-470,1739,72,72,1,1,0,0,0,0,0,1,1,0,5,24090,9920,34089,1686307,0,0,0,4095281,5795181,0,108,107,0,0,1000,1000,6577281
MPCTASK: EXP,2,110,5486,274,571,164,-72,-149,-63,1364,1090,522,630,752,125,27,112,130,-548,-536,1780,72,72,1,1,0,0,0,0,0,1,1,0,5,23991,11007,35433,1870977,0,0,0,4078481,6023740,0,110,109,0,0,1000,1000,6577281
MPCTASK: EXP,2,112,5580,236,549,164,-274,-406,-33,1429,931,487,627,619,125,-68,-19,131,-542,-563,1724,72,72,1,1,0,0,0,0,0,1,1,0,5,20199,9755,30026,1658173,0,0,0,3433813,5104586,0,112,111,0,0,1000,1000,6577281
MPCTASK: EXP,2,114,5684,198,508,161,-403,-639,-26,1433,739,397,576,468,125,-130,-152,130,-543,-555,1738,72,72,1,1,0,0,0,0,0,1,1,0,5,25598,8579,34249,1458376,0,0,0,4351514,5822481,0,114,113,0,0,1000,1000,6577281
MPCTASK: EXP,2,116,5782,158,443,159,-489,-867,-4,1363,539,320,481,301,125,-166,-288,131,-541,-576,1552,72,72,1,1,0,0,0,0,0,1,1,0,5,23005,8838,31917,1502386,0,0,0,3910693,5425899,0,116,115,0,0,1000,1000,6577281
MPCTASK: EXP,2,118,5883,120,351,164,-509,-1055,50,1053,313,198,353,123,125,-167,-413,134,-535,-462,1243,72,72,1,1,0,0,0,0,0,1,1,0,5,22592,9918,32582,1686028,0,0,0,3840569,5539178,0,118,117,0,0,1000,1000,6577281
MPCTASK: EXP,2,120,5984,73,238,171,-534,-1201,59,625,141,14,202,-61,125,-165,-527,136,-528,-344,1024,72,72,1,1,0,0,0,0,0,1,1,0,5,20007,13099,33285,2226821,0,0,0,3401258,5658538,0,120,119,0,0,1000,1000,6577281
MPCTASK: EXP,2,122,6080,42,142,182,-474,-1178,70,113,-59,-217,45,-248,125,-115,-577,140,-517,-241,832,71,71,1,1,0,0,0,0,0,1,1,0,5,19682,10129,29884,1721782,0,0,0,3345961,5080326,0,122,121,0,0,1000,1000,6577281
MPCTASK: EXP,2,124,6181,21,45,181,-387,-1156,12,-83,-222,-460,-103,-432,125,-48,-636,137,-518,-261,881,71,71,1,1,0,0,0,0,0,1,1,0,5,21322,9660,31055,1642156,0,0,0,3624634,5279421,0,124,123,0,0,1000,1000,6577281
MPCTASK: EXP,2,126,6284,11,-62,184,-240,-1085,-13,-218,-363,-659,-228,-610,125,43,-692,137,-518,-224,1073,71,71,1,1,0,0,0,0,0,1,1,0,5,24019,9652,33744,1640771,0,0,0,4083277,5736630,0,126,125,0,0,1000,1000,6577281
MPCTASK: EXP,2,128,6382,14,-160,180,-90,-1035,-44,-100,-597,-783,-318,-777,125,147,-756,135,-528,-345,1040,71,71,1,1,0,0,0,0,0,1,1,0,5,22493,9416,31981,1600634,0,0,0,3823686,5436901,0,128,127,0,0,1000,1000,6577281
MPCTASK: EXP,2,130,6484,8,-238,177,0,-998,-68,349,-700,-869,-364,-927,125,207,-810,133,-536,-294,1273,71,71,1,1,0,0,0,0,0,1,1,0,5,24631,9197,34020,1563439,0,0,0,4187221,5783573,0,130,129,0,0,1000,1000,6577281
MPCTASK: EXP,2,132,6583,9,-338,168,85,-1085,-78,189,-614,-791,-361,-1059,125,251,-862,131,-547,-375,1072,72,72,1,1,0,0,0,0,0,1,1,0,5,24224,8918,33320,1516057,0,0,0,4117913,5664391,0,132,131,0,0,1000,1000,6577281
MPCTASK: EXP,2,134,6687,8,-458,162,149,-1089,-30,-244,-602,-657,-310,-1169,125,283,-893,131,-543,-381,1054,72,72,1,1,0,0,0,0,0,1,1,0,5,26132,10387,36592,1765744,0,0,0,4442353,6220683,0,134,133,0,0,1000,1000,6577281
MPCTASK: EXP,2,136,6780,8,-562,161,193,-1023,-33,-646,-518,-434,-215,-1253,125,283,-886,130,-544,-365,1075,72,72,1,1,0,0,0,0,0,1,1,0,5,22023,7943,30040,1350267,0,0,0,3743701,5106826,0,136,135,0,0,1000,1000,6577281
MPCTASK: EXP,2,138,6886,3,-636,166,208,-855,1,-994,-518,-322,-87,-1311,125,265,-833,133,-533,-430,1248,72,72,1,1,0,0,0,0,0,1,1,0,5,25837,9916,35826,1685604,0,0,0,4392125,6090422,0,138,137,0,0,1000,1000,6577281
MPCTASK: EXP,2,140,6983,12,-711,165,266,-633,-28,-1167,-569,-112,63,-1339,125,256,-771,132,-539,-511,1388,72,72,1,1,0,0,0,0,0,1,1,0,5,22183,8207,32212,1395139,0,0,0,3770914,5476118,0,140,139,0,0,1000,1000,6577281
MPCTASK: EXP,2,142,7084,21,-754,160,308,-392,-62,-1317,-476,34,220,-1339,125,221,-681,129,-551,-514,1772,72,72,1,1,0,0,0,0,0,1,1,0,5,22702,10766,33541,1830118,0,0,0,3859325,5702034,0,142,141,0,0,1000,1000,6577281
MPCTASK: EXP,2,144,7184,47,-780,152,358,-152,-58,-1261,-351,91,368,-1309,125,195,-592,127,-559,-516,1709,72,72,1,1,0,0,0,0,0,1,1,0,5,23372,9906,33525,1683896,0,0,0,3973260,5699460,0,144,143,0,0,1000,1000,6577281
MPCTASK: EXP,2,146,7285,67,-786,145,367,36,-42,-1072,-142,15,494,-1251,125,148,-505,125,-563,-475,1479,73,73,1,1,0,0,0,0,0,1,1,0,5,23871,10514,34595,1787318,0,0,0,4058056,5881240,0,146,145,0,0,1000,1000,6577281
MPCTASK: EXP,2,148,7387,97,-775,139,347,221,-7,-836,132,-125,584,-1165,125,102,-412,125,-561,-431,1242,73,73,1,1,0,0,0,0,0,1,1,0,5,23192,12866,36132,2187131,0,0,0,3942433,6142498,0,148,147,0,0,1000,1000,6577281
MPCTASK: EXP,2,150,7480,112,-750,141,265,343,18,-710,349,-270,630,-1055,125,39,-315,126,-558,-348,1236,73,73,1,1,0,0,0,0,0,1,1,0,5,19297,10435,29804,1773803,0,0,0,3280465,5066858,0,150,149,0,0,1000,1000,6577281
MPCTASK: EXP,2,152,7587,121,-710,143,152,478,19,-777,668,-387,627,-922,125,-31,-202,127,-556,-428,1156,73,73,1,1,0,0,0,0,0,1,1,0,5,25770,11007,36858,1871208,0,0,0,4380725,6265891,0,152,151,0,0,1000,1000,6577281
MPCTASK: EXP,2,154,7684,121,-664,149,17,593,37,-738,845,-486,576,-771,125,-86,-96,129,-550,-290,1377,72,72,1,1,0,0,0,0,0,1,1,0,5,20102,13317,33493,2263929,0,0,0,3417249,5693817,0,154,153,0,0,1000,1000,6577281
MPCTASK: EXP,2,156,7786,113,-609,158,-109,693,24,-881,930,-516,481,-604,125,-125,18,131,-541,-397,1231,72,72,1,1,0,0,0,0,0,1,1,0,5,24839,9810,34882,1667594,0,0,0,4222557,5930085,0,156,155,0,0,1000,1000,6577281
MPCTASK: EXP,2,158,7884,97,-546,161,-235,817,-16,-959,991,-472,353,-426,125,-151,126,131,-541,-348,1425,72,72,1,1,0,0,0,0,0,1,1,0,5,24134,9457,33662,1607546,0,0,0,4102713,5722682,0,158,157,0,0,1000,1000,6577281
MPCTASK: EXP,2,160,7983,66,-470,157,-362,941,-18,-806,686,-359,202,-241,125,-155,222,130,-546,-424,1158,72,72,1,1,0,0,0,0,0,1,1,0,5,21486,11039,32597,1876590,0,0,0,3652506,5541519,0,160,159,0,0,1000,1000,6577281
MPCTASK: EXP,2,162,8084,28,-380,152,-438,1022,-37,-566,453,-176,45,-54,125,-147,313,128,-555,-300,1222,72,72,1,1,0,0,0,0,0,1,1,0,5,22005,11086,33362,1884574,0,0,0,3740817,5671686,0,162,161,0,0,1000,1000,6577281
MPCTASK: EXP,2,164,8187,-23,-276,145,-499,1073,-72,-400,232,60,-103,130,125,-132,393,125,-569,-277,1131,73,73,1,1,0,0,0,0,0,1,1,0,5,24395,8981,33758,1526705,0,0,0,4147042,5738914,0,164,163,0,0,1000,1000,6577281
MPCTASK: EXP,2,166,8288,-58,-187,136,-435,1048,-65,-29,-440,114,-228,307,125,-51,427,125,-576,-329,1107,73,73,1,1,0,0,0,0,0,1,1,0,5,23205,11777,35053,2001969,0,0,0,3944717,5959105,0,166,165,0,0,1000,1000,6577281
MPCTASK: EXP,2,168,8385,-93,-106,133,-309,949,1,191,-889,67,-318,474,125,37,447,125,-566,-298,1403,73,73,1,1,0,0,0,0,0,1,1,0,5,22013,8688,30780,1476823,0,0,0,3742237,5232769,0,168,167,0,0,1000,1000,6577281
MPCTASK: EXP,2,170,8488,-122,-17,132,-136,914,5,-22,-1249,101,-364,624,125,111,501,125,-567,-606,1457,73,73,1,1,0,0,0,0,0,1,1,0,5,23840,9188,33103,1561900,0,0,0,4052697,5627572,0,170,169,0,0,1000,1000,6577281
MPCTASK: EXP,2,172,8584,-124,53,133,72,872,4,-209,-1237,176,-361,756,125,190,525,125,-566,-441,1684,73,73,1,1,0,0,0,0,0,1,1,0,5,21061,8614,29748,1464217,0,0,0,3580285,5057272,0,172,171,0,0,1000,1000,6577281
MPCTASK: EXP,2,174,8693,-98,130,132,313,884,0,-236,-1177,185,-310,866,125,280,552,125,-568,-438,1630,73,73,1,1,0,0,0,0,0,1,1,0,5,25224,13427,38723,2282411,0,0,0,4288089,6583073,0,174,173,0,0,1000,1000,6583073
MPCTASK: EXP,2,176,8787,-65,206,137,478,863,46,22,-945,259,-215,950,125,327,547,126,-562,-436,1283,73,73,1,1,0,0,0,0,0,1,1,0,5,23147,9447,32667,1605936,0,0,0,3934869,5553498,0,176,175,0,0,1000,1000,6583073
MPCTASK: EXP,2,178,8886,-8,302,127,627,892,-17,234,-704,228,-86,1007,125,371,568,125,-575,-426,1171,73,73,1,1,0,0,0,0,0,1,1,0,5,21202,9770,31047,1660981,0,0,0,3604253,5277932,0,178,177,0,0,1000,1000,6583073
MPCTASK: EXP,2,180,8988,44,381,132,672,795,41,633,-283,269,63,1036,125,364,528,125,-567,-399,1094,73,73,1,1,0,0,0,0,0,1,1,0,5,23532,10171,33775,1729040,0,0,0,4000249,5741715,0,180,179,0,0,1000,1000,6583073
MPCTASK: EXP,2,182,9088,107,450,136,684,649,44,927,50,295,220,1036,125,351,472,126,-563,-442,1264,73,73,1,1,0,0,0,0,0,1,1,0,5,25330,8295,33701,1410176,0,0,0,4306054,5729261,0,182,181,0,0,1000,1000,6583073
MPCTASK: EXP,2,184,9188,174,505,141,662,470,20,1110,427,336,368,1006,125,319,402,126,-558,-535,1326,73,73,1,1,0,0,0,0,0,1,1,0,5,22235,12205,34522,2074869,0,0,0,3779797,5868801,0,184,183,0,0,1000,1000,6583073
MPCTASK: EXP,2,186,9286,246,536,143,596,254,-16,1224,864,351,493,948,125,278,306,126,-559,-580,1448,73,73,1,1,0,0,0,0,0,1,1,0,5,21978,9724,31774,1652948,0,0,0,3736241,5401769,0,186,185,0,0,1000,1000,6583073
MPCTASK: EXP,2,188,9385,282,559,141,400,54,-53,1295,1238,400,583,863,125,186,213,125,-569,-489,1789,73,73,1,1,0,0,0,0,0,1,1,0,5,20091,9824,30125,1669903,0,0,0,3415465,5121275,0,188,187,0,0,1000,1000,6583073
MPCTASK: EXP,2,190,9484,305,560,133,178,-175,-72,1377,1375,411,629,754,125,99,96,125,-581,-519,2031,73,73,1,1,0,0,0,0,0,1,1,0,5,22035,8186,30298,1391496,0,0,0,3745829,5150764,0,190,189,0,0,1000,1000,6583073
MPCTASK: EXP,2,192,9588,292,547,126,-64,-386,-73,1415,1426,468,625,621,125,0,-19,125,-587,-574,1997,73,73,1,1,0,0,0,0,0,1,1,0,5,22433,10925,33568,1857251,0,0,0,3813402,5706689,0,192,191,0,0,1000,1000,6583073
MPCTASK: EXP,2,194,9685,250,501,117,-347,-670,-55,1386,1197,524,574,470,125,-98,-167,125,-593,-715,1707,74,74,1,1,0,0,0,0,0,1,1,0,5,21943,8784,30803,1493204,0,0,0,3730357,5236601,0,194,193,0,0,1000,1000,6583073
MPCTASK: EXP,2,196,9788,198,437,118,-515,-884,16,1204,826,552,479,303,125,-151,-295,125,-581,-614,1447,74,74,1,1,0,0,0,0,0,1,1,0,5,22284,11282,33642,1917832,0,0,0,3788298,5719120,0,196,195,0,0,1000,1000,6583073
MPCTASK: EXP,2,198,9888,140,340,118,-617,-1086,26,946,490,531,351,125,125,-180,-431,125,-581,-502,1293,74,74,1,1,0,0,0,0,0,1,1,0,5,25521,8595,34192,1461164,0,0,0,4338494,5812597,0,198,197,0,0,1000,1000,6583073
MPCTASK: EXP,2,200,9988,82,244,122,-655,-1190,38,550,183,440,202,-60,125,-183,-525,125,-577,-390,1091,73,73,1,1,0,0,0,0,0,1,1,0,5,22438,11472,33986,1950212,0,0,0,3814453,5777616,0,200,199,0,0,1000,1000,6583073
MPCTASK: EXP,2,202,10090,35,134,141,-558,-1167,116,75,-256,122,46,-249,125,-124,-582,130,-558,-308,925,73,73,1,1,0,0,0,0,0,1,1,0,5,22084,11869,34027,2017578,0,0,0,3753809,5784590,0,202,201,0,0,1000,1000,6583073
MPCTASK: EXP,2,204,10183,5,37,149,-421,-1112,71,-33,-447,-243,-99,-437,125,-55,-638,130,-550,-346,976,72,72,1,1,0,0,0,0,0,1,1,0,5,18807,7566,27647,1286117,0,0,0,3197121,4700181,0,204,203,0,0,1000,1000,6583073
MPCTASK: EXP,2,206,10290,-18,-54,152,-292,-1060,32,-8,-513,-592,-221,-618,125,4,-684,130,-547,-325,1065,72,72,1,1,0,0,0,0,0,1,1,0,5,27216,7490,34781,1273272,0,0,0,4626541,5912885,0,206,205,0,0,1000,1000,6583073
MPCTASK: EXP,2,208,10389,-29,-127,152,-180,-998,-2,223,-585,-907,-307,-789,125,68,-716,128,-548,-296,1136,72,72,1,1,0,0,0,0,0,1,1,0,5,21490,11275,32846,1916671,0,0,0,3653242,5583902,0,208,207,0,0,1000,1000,6583073
MPCTASK: EXP,2,210,10491,-39,-223,151,-53,-1059,0,477,-986,-1100,-350,-944,125,140,-778,129,-548,-433,1266,72,72,1,1,0,0,0,0,0,1,1,0,5,23956,9909,33941,1684558,0,0,0,4072590,5770033,0,210,209,0,0,1000,1000,6583073
MPCTASK: EXP,2,212,10588,-51,-347,143,62,-1201,-47,140,-1019,-890,-345,-1079,125,163,-824,125,-565,-253,1545,73,73,1,1,0,0,0,0,0,1,1,0,5,20029,11727,31830,1993534,0,0,0,3404745,5411287,0,212,211,0,0,1000,1000,6583073
MPCTASK: EXP,2,214,10696,-36,-473,142,208,-1185,-45,-762,-631,-507,-294,-1188,125,184,-801,125,-566,-286,1310,73,73,1,1,0,0,0,0,0,1,1,0,5,27465,11800,39652,2005905,0,0,0,4669018,6740892,0,214,213,0,0,1000,1000,6740892
MPCTASK: EXP,2,216,10788,-8,-566,148,325,-952,14,-1263,-545,-178,-205,-1266,125,207,-722,128,-551,-577,1391,72,72,1,1,0,0,0,0,0,1,1,0,5,21574,9872,31518,1678135,0,0,0,3667441,5358213,0,216,215,0,0,1000,1000,6740892
MPCTASK: EXP,2,218,10887,24,-656,146,386,-746,-44,-1465,-315,177,-89,-1309,125,201,-660,126,-562,-692,1645,72,72,1,1,0,0,0,0,0,1,1,0,5,20813,9233,30164,1569448,0,0,0,3538129,5127993,0,218,217,0,0,1000,1000,6740892
MPCTASK: EXP,2,220,10989,57,-724,135,383,-491,-97,-1743,-50,382,39,-1313,125,178,-585,125,-583,-860,2419,73,73,1,1,0,0,0,0,0,1,1,0,5,21309,11349,32731,1929259,0,0,0,3622427,5564297,0,220,219,0,0,1000,1000,6740892
MPCTASK: EXP,2,222,11089,76,-754,128,309,-148,-63,-1869,120,455,164,-1275,125,138,-486,125,-583,-875,2421,73,73,1,1,0,0,0,0,0,1,1,0,5,21666,10775,32814,1831763,0,0,0,3683233,5578336,0,222,221,0,0,1000,1000,6740892
MPCTASK: EXP,2,224,11190,83,-745,118,193,210,-61,-1744,357,464,269,-1195,125,98,-399,125,-593,-922,2037,73,73,1,1,0,0,0,0,0,1,1,0,5,21474,9945,31738,1690570,0,0,0,3650366,5395738,0,224,223,0,0,1000,1000,6740892
MPCTASK: EXP,2,226,11287,78,-707,113,60,500,-14,-1203,379,313,343,-1075,125,74,-352,125,-589,-542,1514,74,74,1,1,0,0,0,0,0,1,1,0,5,21474,8251,29797,1402532,0,0,0,3650609,5065598,0,226,225,0,0,1000,1000,6740892
MPCTASK: EXP,2,228,11389,74,-650,118,-19,654,81,-563,207,198,377,-924,125,69,-323,125,-581,-354,1132,74,74,1,1,0,0,0,0,0,1,1,0,5,22526,8896,31494,1512285,0,0,0,3829366,5354106,0,228,227,0,0,1000,1000,6740892
MPCTASK: EXP,2,230,11490,70,-597,127,-37,649,100,-74,51,153,370,-750,125,75,-318,125,-572,-271,955,73,73,1,1,0,0,0,0,0,1,1,0,5,23032,10424,33530,1771997,0,0,0,3915237,5700243,0,230,229,0,0,1000,1000,6740892
MPCTASK: EXP,2,232,11593,70,-549,135,-22,569,85,304,-53,118,329,-572,125,85,-315,127,-564,-281,1067,73,73,1,1,0,0,0,0,0,1,1,0,5,21627,14018,35718,2383049,0,0,0,3676377,6072060,0,232,231,0,0,1000,1000,6740892
MPCTASK: EXP,2,234,11690,69,-506,141,-8,467,37,327,-46,136,267,-406,125,70,-269,127,-558,-273,1088,73,73,1,1,0,0,0,0,0,1,1,0,5,23241,8817,32131,1498771,0,0,0,3950849,5462425,0,234,233,0,0,1000,1000,6740892
MPCTASK: EXP,2,236,11793,65,-465,143,-22,410,4,192,77,166,204,-274,125,29,-179,127,-556,-230,1161,73,73,1,1,0,0,0,0,0,1,1,0,5,22592,12954,35630,2202209,0,0,0,3840613,6057168,0,236,235,0,0,1000,1000,6740892
MPCTASK: EXP,2,238,11889,64,-433,142,-27,362,-1,-25,76,168,156,-189,125,-7,-65,126,-558,-248,971,73,73,1,1,0,0,0,0,0,1,1,0,5,23214,8528,31822,1449620,0,0,0,3946337,5409885,0,238,237,0,0,1000,1000,6740892
MPCTASK: EXP,2,240,11991,60,-400,139,-45,378,-29,-524,205,262,135,-155,125,-43,74,125,-566,-271,1200,73,73,1,1,0,0,0,0,0,1,1,0,5,22899,10544,33515,1792372,0,0,0,3892745,5697702,0,240,239,0,0,1000,1000,6740892
MPCTASK: EXP,2,242,12087,53,-360,137,-111,490,-46,-970,484,357,132,-151,125,-62,203,125,-572,-370,1604,73,73,1,1,0,0,0,0,0,1,1,0,5,20114,9222,29410,1567655,0,0,0,3419281,4999844,0,242,241,0,0,1000,1000,6740892
MPCTASK: EXP,2,244,12190,34,-303,136,-208,668,-29,-1134,354,394,128,-143,125,-52,312,125,-569,-493,1509,73,73,1,1,0,0,0,0,0,1,1,0,5,20098,12781,32954,2172781,0,0,0,3416741,5602136,0,244,243,0,0,1000,1000,6740892
MPCTASK: EXP,2,246,12291,1,-217,123,-306,878,-133,-1088,131,497,103,-98,125,-34,432,125,-603,-617,1692,73,73,1,1,0,0,0,0,0,1,1,0,5,25137,7996,33213,1359223,0,0,0,4273189,5646335,0,246,245,0,0,1000,1000,6740892
MPCTASK: EXP,2,248,12391,-33,-123,114,-331,1033,-57,-623,-264,528,56,0,125,16,501,125,-596,-172,1437,74,74,1,1,0,0,0,0,0,1,1,0,5,21648,10392,32120,1766555,0,0,0,3679977,5460435,0,248,247,0,0,1000,1000,6740892
MPCTASK: EXP,2,250,12489,-61,-42,115,-230,1007,14,-142,-840,392,0,146,125,96,518,125,-584,-451,1259,74,74,1,1,0,0,0,0,0,1,1,0,5,21325,9431,30828,1603189,0,0,0,3625131,5240928,0,250,249,0,0,1000,1000,6740892
MPCTASK: EXP,2,252,12594,-79,41,122,-45,947,91,186,-1375,172,-46,320,125,194,522,125,-577,-646,1476,73,73,1,1,0,0,0,0,0,1,1,0,5,21418,13998,35491,2379504,0,0,0,3640977,6033549,0,252,251,0,0,1000,1000,6740892
MPCTASK: EXP,2,254,12694,-62,114,128,239,847,68,162,-1472,-11,-67,501,125,301,521,125,-571,-537,1699,73,73,1,1,0,0,0,0,0,1,1,0,5,25387,9959,35660,1693003,0,0,0,4315621,6062213,0,254,253,0,0,1000,1000,6740892
MPCTASK: EXP,2,256,12794,-24,195,121,478,825,-16,32,-1195,-127,-52,671,125,372,547,125,-581,-609,1454,73,73,1,1,0,0,0,0,0,1,1,0,5,21049,14396,35517,2447205,0,0,0,3578273,6038092,0,256,255,0,0,1000,1000,6740892
MPCTASK: EXP,2,258,12894,20,264,125,610,761,24,177,-767,-70,1,813,125,403,527,125,-574,-416,1222,73,73,1,1,0,0,0,0,0,1,1,0,5,25205,10331,35608,1756164,0,0,0,4284705,6053472,0,258,257,0,0,1000,1000,6740892
MPCTASK: EXP,2,260,12990,75,340,122,684,726,16,343,-460,-12,90,919,125,416,517,125,-577,-365,1073,73,73,1,1,0,0,0,0,0,1,1,0,5,20549,11225,31847,1908107,0,0,0,3493317,5414002,0,260,259,0,0,1000,1000,6740892
MPCTASK: EXP,2,262,13091,150,418,118,743,685,1,563,-55,23,203,982,125,419,499,125,-581,-394,1121,73,73,1,1,0,0,0,0,0,1,1,0,5,23255,9044,32372,1537446,0,0,0,3953197,5503260,0,262,261,0,0,1000,1000,6740892
MPCTASK: EXP,2,264,13194,220,475,125,708,541,40,895,367,62,326,1002,125,390,432,125,-574,-433,1296,73,73,1,1,0,0,0,0,0,1,1,0,5,22437,12171,34787,2069031,0,0,0,3814265,5913803,0,264,263,0,0,1000,1000,6740892
MPCTASK: EXP,2,266,13292,294,527,131,647,392,22,1187,719,35,443,979,125,352,358,125,-568,-561,1382,73,73,1,1,0,0,0,0,0,1,1,0,5,25235,7476,32784,1270924,0,0,0,4289866,5573397,0,266,265,0,0,1000,1000,6740892
MPCTASK: EXP,2,268,13395,363,566,136,527,208,11,1396,1103,-40,538,917,125,299,274,125,-563,-609,1527,73,73,1,1,0,0,0,0,0,1,1,0,5,23989,11621,35689,1975519,0,0,0,4078065,6067207,0,268,267,0,0,1000,1000,6740892
MPCTASK: EXP,2,270,13491,397,577,137,300,-37,-26,1563,1354,-77,599,821,125,206,158,125,-567,-592,1820,73,73,1,1,0,0,0,0,0,1,1,0,5,23545,7690,31309,1307297,0,0,0,4002565,5322488,0,270,269,0,0,1000,1000,6740892
MPCTASK: EXP,2,272,13587,410,560,130,39,-312,-74,1578,1493,-102,617,696,125,109,27,125,-584,-582,2113,73,73,1,1,0,0,0,0,0,1,1,0,5,18251,8467,27234,1439235,0,0,0,3102470,4629916,0,272,271,0,0,1000,1000,6740892
MPCTASK: EXP,2,274,13695,404,527,124,-203,-551,-66,1492,1389,-92,588,548,125,30,-99,125,-588,-574,1977,73,73,1,1,0,0,0,0,0,1,1,0,5,25948,10014,36035,1702198,0,0,0,4411197,6126017,0,274,273,0,0,1000,1000,6740892
MPCTASK: EXP,2,276,13790,366,459,117,-454,-818,-61,1394,1166,-96,514,382,125,-48,-250,125,-595,-706,1632,74,74,1,1,0,0,0,0,0,1,1,0,5,21842,8435,30604,1433840,0,0,0,3713125,5202766,0,276,275,0,0,1000,1000,6740892
MPCTASK: EXP,2,278,13891,308,359,113,-652,-1062,-5,1005,815,-83,401,203,125,-109,-391,125,-587,-482,1366,74,74,1,1,0,0,0,0,0,1,1,0,5,23790,7198,31061,1223545,0,0,0,4044233,5280399,0,278,277,0,0,1000,1000,6740892
MPCTASK: EXP,2,280,13998,238,258,121,-752,-1153,88,417,350,-136,261,16,125,-127,-480,125,-578,-341,1047,73,73,1,1,0,0,0,0,0,1,1,0,5,24992,13515,38579,2297419,0,0,0,4248481,6558512,0,280,279,0,0,1000,1000,6740892
MPCTASK: EXP,2,282,14097,169,160,137,-753,-1139,152,160,-102,-300,107,-173,125,-108,-556,130,-562,-287,910,73,73,1,1,0,0,0,0,0,1,1,0,5,26753,10872,37698,1848157,0,0,0,4547918,6408698,0,282,281,0,0,1000,1000,6740892
MPCTASK: EXP,2,284,14195,125,85,152,-609,-1041,117,58,-504,-453,-44,-361,125,-33,-590,133,-547,-330,1014,72,72,1,1,0,0,0,0,0,1,1,0,5,21552,13641,35655,2318885,0,0,0,3663865,6061347,0,284,283,0,0,1000,1000,6740892
MPCTASK: EXP,2,286,14294,90,-2,155,-446,-1018,-1,91,-692,-604,-179,-543,125,42,-655,130,-544,-372,1131,72,72,1,1,0,0,0,0,0,1,1,0,5,25194,9194,34467,1562853,0,0,0,4282922,5859514,0,286,285,0,0,1000,1000,6740892
MPCTASK: EXP,2,288,14393,70,-86,149,-277,-997,-77,88,-751,-811,-285,-714,125,126,-697,125,-565,-419,1235,72,72,1,1,0,0,0,0,0,1,1,0,5,22768,9772,33026,1661129,0,0,0,3870422,5614585,0,288,287,0,0,1000,1000,6740892
MPCTASK: EXP,2,290,14497,47,-184,130,-174,-994,-119,-195,-398,-804,-349,-872,125,156,-738,125,-593,-321,1278,73,73,1,1,0,0,0,0,0,1,1,0,5,24205,12402,36679,2108309,0,0,0,4114717,6235640,0,290,289,0,0,1000,1000,6740892
MPCTASK: EXP,2,292,14596,32,-314,114,-89,-1073,-77,-167,-540,-630,-367,-1011,125,215,-836,125,-601,-423,1159,74,74,1,1,0,0,0,0,0,1,1,0,5,22673,12715,35599,2161573,0,0,0,3854212,6051840,0,292,291,0,0,1000,1000,6740892
MPCTASK: EXP,2,294,14694,22,-423,118,20,-1052,37,-218,-883,-480,-335,-1129,125,271,-880,125,-581,-376,1429,74,74,1,1,0,0,0,0,0,1,1,0,5,23491,9544,33108,1622373,0,0,0,3993417,5628401,0,294,293,0,0,1000,1000,6740892
MPCTASK: EXP,2,296,14790,17,-505,137,129,-926,109,-462,-923,-369,-257,-1224,125,299,-849,128,-562,-464,1195,73,73,1,1,0,0,0,0,0,1,1,0,5,19652,10397,30122,1767409,0,0,0,3340769,5120809,0,296,295,0,0,1000,1000,6740892
MPCTASK: EXP,2,298,14891,37,-603,138,261,-870,7,-750,-754,-19,-141,-1291,125,323,-844,125,-561,-424,1144,73,73,1,1,0,0,0,0,0,1,1,0,5,21259,9383,30714,1594901,0,0,0,3614017,5221548,0,298,297,0,0,1000,1000,6740892
MPCTASK: EXP,2,300,14995,74,-701,135,383,-769,-33,-1078,-608,248,1,-1331,125,344,-824,125,-571,-539,1396,73,73,1,1,0,0,0,0,0,1,1,0,5,23168,11619,34869,1975163,0,0,0,3938397,5927810,0,300,299,0,0,1000,1000,6740892
MPCTASK: EXP,2,302,15094,107,-763,135,435,-538,-16,-1290,-416,311,157,-1342,125,330,-748,125,-567,-494,1729,73,73,1,1,0,0,0,0,0,1,1,0,5,23611,9596,33279,1631133,0,0,0,4013737,5657498,0,302,301,0,0,1000,1000,6740892
MPCTASK: EXP,2,304,15197,144,-799,134,456,-287,-12,-1264,-222,273,311,-1324,125,302,-660,125,-568,-517,1641,73,73,1,1,0,0,0,0,0,1,1,0,5,21213,15529,37057,2639846,0,0,0,3606217,6299805,0,304,303,0,0,1000,1000,6740892
MPCTASK: EXP,2,306,15290,170,-808,130,413,-41,-27,-1207,72,176,447,-1277,125,240,-553,125,-575,-568,1538,73,73,1,1,0,0,0,0,0,1,1,0,5,20981,8773,29827,1491347,0,0,0,3566613,5070572,0,306,305,0,0,1000,1000,6740892
MPCTASK: EXP,2,308,15395,202,-800,125,354,171,-15,-1064,336,87,553,-1202,125,186,-450,125,-577,-469,1495,73,73,1,1,0,0,0,0,0,1,1,0,5,23082,10895,34049,1851951,0,0,0,3923813,5788384,0,308,307,0,0,1000,1000,6740892
MPCTASK: EXP,2,310,15498,221,-781,126,244,324,12,-945,546,-31,617,-1102,125,115,-349,125,-573,-393,1432,73,73,1,1,0,0,0,0,0,1,1,0,5,27148,10620,37841,1805316,0,0,0,4615126,6433057,0,310,309,0,0,1000,1000,6740892
MPCTASK: EXP,2,312,15598,231,-735,127,102,513,5,-926,823,-126,634,-978,125,37,-219,125,-572,-380,1441,73,73,1,1,0,0,0,0,0,1,1,0,5,23304,14391,37769,2446452,0,0,0,3961681,6420740,0,312,311,0,0,1000,1000,6740892
MPCTASK: EXP,2,314,15696,230,-681,131,-50,653,20,-846,919,-266,602,-833,125,-26,-105,125,-568,-341,1447,73,73,1,1,0,0,0,0,0,1,1,0,5,24982,10688,35751,1816921,0,0,0,4246893,6077719,0,314,313,0,0,1000,1000,6740892
MPCTASK: EXP,2,316,15791,218,-620,136,-190,762,30,-817,1002,-333,524,-672,125,-80,8,125,-563,-353,1454,73,73,1,1,0,0,0,0,0,1,1,0,5,20282,10036,30390,1706101,0,0,0,3447717,5220392,0,316,315,0,0,1000,1000,6740892
MPCTASK: EXP,2,318,15891,189,-542,137,-356,895,1,-820,1024,-316,407,-498,125,-129,129,125,-562,-386,1447,73,73,1,1,0,0,0,0,0,1,1,0,5,22640,7666,30379,1303192,0,0,0,3848589,5164412,0,318,317,0,0,1000,1000,6740892
MPCTASK: EXP,2,320,15991,150,-456,139,-478,999,10,-633,674,-316,264,-316,125,-137,233,126,-560,-393,1111,73,73,1,1,0,0,0,0,0,1,1,0,5,19294,11259,30627,1914034,0,0,0,3280045,5206702,0,320,319,0,0,1000,1000,6740892
MPCTASK: EXP,2,322,16093,108,-373,143,-516,1024,-3,-466,502,-291,108,-129,125,-132,309,126,-557,-259,1301,73,73,1,1,0,0,0,0,0,1,1,0,5,23723,9507,33310,1615971,0,0,0,4032866,5662773,0,322,321,0,0,1000,1000,6740892
MPCTASK: EXP,2,324,16193,56,-278,136,-567,1068,-32,-356,170,-339,-45,56,125,-112,388,125,-569,-346,999,73,73,1,1,0,0,0,0,0,1,1,0,5,19589,12749,32504,2167264,0,0,0,3330088,5525763,0,324,323,0,0,1000,1000,6740892
MPCTASK: EXP,2,326,16296,16,-209,134,-505,986,-30,-125,-216,-319,-181,237,125,-47,406,125,-571,-315,953,73,73,1,1,0,0,0,0,0,1,1,0,5,25046,9068,34188,1541443,0,0,0,4257682,5812143,0,326,325,0,0,1000,1000,6740892
MPCTASK: EXP,2,328,16399,-30,-120,127,-432,966,-61,-131,-661,-250,-287,409,125,14,467,125,-584,-364,1249,73,73,1,1,0,0,0,0,0,1,1,0,5,24967,12617,37656,2144844,0,0,0,4244170,6401624,0,328,327,0,0,1000,1000,6740892
MPCTASK: EXP,2,330,16495,-62,-39,123,-281,939,-70,-142,-917,-90,-351,566,125,83,501,125,-590,-392,1741,73,73,1,1,0,0,0,0,0,1,1,0,5,23504,10028,33612,1704650,0,0,0,3995605,5714159,0,330,329,0,0,1000,1000,6740892
MPCTASK: EXP,2,332,16596,-84,24,121,-116,842,58,-29,-1111,-78,-368,706,125,160,489,125,-578,-512,1371,73,73,1,1,0,0,0,0,0,1,1,0,5,22222,11746,34041,1996733,0,0,0,3777677,5787028,0,332,331,0,0,1000,1000,6740892
MPCTASK: EXP,2,334,16697,-82,101,119,136,821,28,4,-1601,-183,-336,825,125,268,513,125,-580,-670,1837,73,73,1,1,0,0,0,0,0,1,1,0,5,24736,10010,35448,1701736,0,0,0,4204960,6026203,0,334,333,0,0,1000,1000,6740892
MPCTASK: EXP,2,336,16798,-56,186,118,389,833,-4,-64,-1291,-134,-258,920,125,336,546,125,-582,-577,1636,74,74,1,1,0,0,0,0,0,1,1,0,5,25933,11218,37224,1907056,0,0,0,4408453,6328129,0,336,335,0,0,1000,1000,6740892
MPCTASK: EXP,2,338,16895,10,265,111,654,826,-40,53,-973,-1,-141,988,125,418,552,125,-596,-487,1402,74,74,1,1,0,0,0,0,0,1,1,0,5,24638,9016,33728,1532566,0,0,0,4188454,5733865,0,338,337,0,0,1000,1000,6740892
MPCTASK: EXP,2,340,16995,76,372,112,737,887,9,303,-315,144,1,1028,125,420,583,125,-587,-328,1067,74,74,1,1,0,0,0,0,0,1,1,0,5,19053,14466,33667,2459176,0,0,0,3238805,5723474,0,340,339,0,0,1000,1000,6740892
MPCTASK: EXP,2,342,17093,160,472,119,785,850,59,788,94,254,157,1040,125,430,565,125,-580,-358,1280,73,73,1,1,0,0,0,0,0,1,1,0,5,23062,8621,31757,1465606,0,0,0,3920529,5398868,0,342,341,0,0,1000,1000,6740892
MPCTASK: EXP,2,344,17189,211,542,141,659,659,101,1127,607,395,311,1021,125,358,497,129,-558,-482,1331,73,73,1,1,0,0,0,0,0,1,1,0,5,17304,10746,28123,1826860,0,0,0,2941525,4781017,0,344,343,0,0,1000,1000,6740892
MPCTASK: EXP,2,346,17297,251,576,150,522,368,6,1585,1239,2120,447,974,125,160,-28,125,-549,-1769,3031,72,72,1,1,0,0,0,0,0,1,0,916,5,23608,9936,34991,1689124,0,0,0,4013246,5948546,0,346,343,0,0,1000,1000,6740892
MPCTASK: EXP,2,348,17401,283,588,131,408,35,-282,1000,2298,4350,553,900,125,164,216,125,-624,-796,2343,74,74,1,1,0,0,0,0,0,1,1,0,5,26638,12275,38986,2086742,0,0,0,4528441,6627808,0,348,345,0,0,1000,1000,6740892
MPCTASK: EXP,2,350,17497,288,559,79,167,-338,-541,-191,2337,5317,617,799,125,-287,437,125,-728,-1629,4240,78,78,1,1,0,0,0,0,0,1,0,775,5,23248,10760,35307,1829076,0,0,0,3952145,6002153,0,350,345,0,0,1000,1000,6740892
MPCTASK: EXP,2,352,17595,292,520,23,-201,-494,-174,-839,1021,4684,634,675,125,40,25,125,-711,-4216,2032,77,77,1,1,0,0,0,0,0,1,1,0,5,19686,14068,34175,2391404,0,0,0,3346609,5809829,0,352,346,0,0,1000,1000,6740892
MPCTASK: EXP,2,354,17696,334,551,6,0,-225,20,-389,694,3568,602,531,125,68,86,125,-693,-997,2271,78,78,1,1,0,0,0,0,0,1,1,0,5,24223,9971,34266,1694837,0,0,0,4117833,5825289,0,354,348,0,0,1000,1000,6740892
MPCTASK: EXP,2,356,17790,418,590,-1,291,-117,38,596,779,2287,524,369,125,204,70,125,-701,-306,1693,78,78,1,1,0,0,0,0,0,1,1,0,5,19201,8817,28097,1498876,0,0,0,3264014,4776536,0,356,350,0,0,1000,1000,6740892
MPCTASK: EXP,2,358,17893,407,542,22,-79,-455,263,1232,1368,1015,407,195,125,82,-126,125,-677,-412,1856,77,77,1,1,0,0,0,0,0,1,1,0,5,22950,8870,31895,1507967,0,0,0,3901566,5422147,0,358,352,0,0,1000,1000,6740892
MPCTASK: EXP,2,360,17996,362,487,60,-409,-733,316,1532,1115,113,264,13,125,3,-277,125,-639,-498,1812,76,76,1,1,0,0,0,0,0,1,1,0,5,24646,10437,35164,1774211,0,0,0,4189758,5977851,0,360,354,0,0,1000,1000,6740892
MPCTASK: EXP,2,362,18093,286,392,106,-666,-1015,344,1276,385,-442,108,-173,125,-29,-414,131,-593,-143,1608,74,74,1,1,0,0,0,0,0,1,1,0,5,21621,9639,31333,1638538,0,0,0,3675493,5326669,0,362,356,0,0,1000,1000,6740892
MPCTASK: EXP,2,364,18190,203,295,141,-741,-1132,287,626,-371,-871,-45,-359,125,-18,-483,139,-558,0,1276,73,73,1,1,0,0,0,0,0,1,1,0,5,17273,11398,28744,1937696,0,0,0,2936213,4886491,0,364,358,0,0,1000,1000,6740892
MPCTASK: EXP,2,366,18299,136,189,166,-647,-1158,198,-97,-696,-1230,-181,-540,125,24,-529,142,-533,-183,1190,72,72,1,1,0,0,0,0,0,1,1,0,5,25990,12126,38190,2061377,0,0,0,4418253,6492262,0,366,360,0,0,1000,1000,6740892
MPCTASK: EXP,2,368,18396,73,66,173,-535,-1156,95,-686,-629,-1451,-287,-712,125,57,-583,139,-526,-313,1107,71,71,1,1,0,0,0,0,0,1,1,0,5,23674,11315,35069,1923506,0,0,0,4024389,5961809,0,368,362,0,0,1000,1000,6740892
MPCTASK: EXP,2,370,18497,49,-24,186,-319,-999,96,-669,-741,-1580,-351,-869,125,147,-606,142,-513,-380,1052,71,71,1,1,0,0,0,0,0,1,1,0,5,24802,9893,34769,1681786,0,0,0,4216150,5910743,0,370,364,0,0,1000,1000,6740892
MPCTASK: EXP,2,372,18598,24,-107,192,-174,-907,53,-358,-980,-1637,-368,-1009,125,214,-640,142,-507,-441,1145,71,71,1,1,0,0,0,0,0,1,1,0,5,25018,11058,36151,1879934,0,0,0,4253121,6145678,0,372,366,0,0,1000,1000,6740892
MPCTASK: EXP,2,374,18696,12,-168,196,-8,-832,28,41,-1321,-1606,-336,-1128,125,288,-666,142,-503,-399,1424,71,71,1,1,0,0,0,0,0,1,1,0,5,22972,11930,34975,2027901,0,0,0,3905133,5945850,0,374,368,0,0,1000,1000,6740892
MPCTASK: EXP,2,376,18797,3,-241,191,157,-892,-37,321,-1450,-1531,-258,-1223,125,327,-709,138,-516,-459,1738,71,71,1,1,0,0,0,0,0,1,1,0,5,23688,12240,36144,2080650,0,0,0,4026937,6144614,0,376,370,0,0,1000,1000,6740892
MPCTASK: EXP,2,378,18899,25,-339,182,366,-1000,-62,124,-1301,-1432,-141,-1291,125,373,-752,135,-529,-594,1459,71,71,1,1,0,0,0,0,0,1,1,0,5,25226,11991,37291,2038364,0,0,0,4288397,6339393,0,378,372,0,0,1000,1000,6740892
MPCTASK: EXP,2,380,18992,52,-420,186,511,-985,-7,-260,-929,-1417,1,-1331,125,381,-731,138,-515,-285,1302,71,71,1,1,0,0,0,0,0,1,1,0,5,19964,10999,31038,1869816,0,0,0,3393737,5276618,0,380,374,0,0,1000,1000,6740892
MPCTASK: EXP,2,382,19092,113,-535,187,645,-983,-30,-731,-415,-1021,157,-1342,125,386,-729,138,-518,-73,1333,71,71,1,1,0,0,0,0,0,1,1,0,5,22438,8775,31286,1491614,0,0,0,3814482,5318722,0,382,376,0,0,1000,1000,6740892
MPCTASK: EXP,2,384,19196,161,-629,187,624,-812,-66,-1570,445,-518,311,-1324,125,320,-646,136,-525,-494,1757,71,71,1,1,0,0,0,0,0,1,1,0,5,22586,10892,33560,1851501,0,0,0,3839493,5705339,0,384,378,0,0,1000,1000,6740892
MPCTASK: EXP,2,386,19297,201,-700,178,494,-506,-101,-2005,744,-158,447,-1277,125,245,-545,132,-542,-1031,2370,71,71,1,1,0,0,0,0,0,1,1,0,5,22408,11566,34047,1966232,0,0,0,3809277,5787971,0,386,380,0,0,1000,1000,6740892
MPCTASK: EXP,2,388,19396,211,-725,165,275,-116,-146,-2203,1033,118,553,-1203,125,15,-292,268,-563,-1216,2880,72,72,1,1,0,0,0,0,0,1,0,716,5,21284,10221,33044,1737359,0,0,0,3618265,5617612,0,388,381,0,0,1000,1000,6740892
MPCTASK: EXP,2,390,19495,202,-706,153,5,314,-113,-2113,1181,245,617,-1102,125,-84,-147,282,-569,-1004,2738,72,72,1,1,0,0,0,0,0,1,0,784,5,22737,8266,32064,1405148,0,0,0,3865369,5450991,0,390,381,0,0,1000,1000,7152174
MPCTASK: EXP,2,392,19596,159,-652,147,-320,732,46,-1731,1167,178,634,-978,125,-146,-58,129,-552,-708,1671,72,72,1,1,0,0,0,0,0,1,1,0,5,20603,11203,32189,1904407,0,0,0,3502311,5472278,0,392,383,0,0,1000,1000,7152174
MPCTASK: EXP,2,394,19698,94,-566,154,-554,996,73,-1018,764,-36,602,-833,125,-243,73,132,-545,-285,1380,72,72,1,1,0,0,0,0,0,1,1,0,5,23517,10965,34561,1864076,0,0,0,3997693,5875399,0,394,385,0,0,1000,1000,7152174
MPCTASK: EXP,2,396,19797,29,-479,166,-646,1069,60,-450,340,-130,524,-672,125,-294,161,135,-533,-328,951,72,72,1,1,0,0,0,0,0,1,1,0,5,22288,11150,33509,1895353,0,0,0,3788926,5696743,0,396,387,0,0,1000,1000,7152174
MPCTASK: EXP,2,398,19899,-22,-412,172,-640,995,23,-76,143,-62,407,-498,125,-307,204,135,-527,-194,1076,71,71,1,1,0,0,0,0,0,1,1,0,5,23296,11338,35108,1927394,0,0,0,3960289,5968519,0,398,389,0,0,1000,1000,7152174
MPCTASK: EXP,2,400,19998,-71,-341,172,-613,947,1,-89,-181,-157,264,-316,125,-284,268,134,-527,-239,940,71,71,1,1,0,0,0,0,0,1,1,0,5,22522,11960,34554,2033214,0,0,0,3828529,5874206,0,400,391,0,0,1000,1000,7152174
MPCTASK: EXP,2,402,20096,-118,-269,172,-531,899,23,-172,-370,-275,108,-129,125,-245,335,135,-527,-281,975,71,71,1,1,0,0,0,0,0,1,1,0,5,23337,9646,33057,1639649,0,0,0,3967314,5619747,0,402,393,0,0,1000,1000,7152174
MPCTASK: EXP,2,404,20200,-161,-180,172,-413,915,-5,-469,-480,-251,-45,56,125,-193,433,134,-529,-284,1066,71,71,1,1,0,0,0,0,0,1,1,0,5,23927,12112,36483,2059016,0,0,0,4067421,6202325,0,404,395,0,0,1000,1000,7152174
MPCTASK: EXP,2,406,20296,-183,-75,168,-279,1033,-39,-593,-517,-162,-181,237,125,-120,547,132,-539,-257,1272,72,72,1,1,0,0,0,0,0,1,1,0,5,23071,8969,32492,1524616,0,0,0,3921917,5523847,0,406,397,0,0,1000,1000,7152174
MPCTASK: EXP,2,408,20396,-197,-6,169,-175,1030,-12,-394,-610,-28,-287,409,125,-46,576,133,-533,-308,1132,72,72,1,1,0,0,0,0,0,1,1,0,5,20981,11352,32416,1929663,0,0,0,3566790,5510787,0,408,399,0,0,1000,1000,7152174
MPCTASK: EXP,2,410,20506,-203,92,163,-17,1042,-24,-213,-809,60,-351,566,125,43,629,131,-541,-291,1413,72,72,1,1,0,0,0,0,0,1,1,0,5,27468,14668,42447,2493387,0,0,0,4669566,7216118,0,410,401,0,0,1000,1000,7216118
MPCTASK: EXP,2,412,20597,-179,175,162,179,1001,-10,-66,-784,155,-368,706,125,141,646,131,-539,-328,1274,72,72,1,1,0,0,0,0,0,1,1,0,5,23081,10695,34044,1818192,0,0,0,3923601,5787480,0,412,403,0,0,1000,1000,7216118
MPCTASK: EXP,2,414,20698,-150,255,155,324,955,-44,-34,-710,197,-336,825,125,212,663,128,-553,-333,1286,72,72,1,1,0,0,0,0,0,1,1,0,5,24356,9489,33926,1613036,0,0,0,4140345,5767514,0,414,405,0,0,1000,1000,7216118
MPCTASK: EXP,2,416,20794,-108,354,146,447,967,-54,136,-551,213,-258,920,125,269,690,125,-564,-360,1125,72,72,1,1,0,0,0,0,0,1,1,0,5,21063,9936,31071,1688988,0,0,0,3580561,5282131,0,416,407,0,0,1000,1000,7216118
MPCTASK: EXP,2,418,20899,-70,426,149,508,843,-5,498,-488,266,-141,988,125,298,647,128,-551,-300,1138,72,72,1,1,0,0,0,0,0,1,1,0,5,26023,9783,36327,1663007,0,0,0,4423877,6175640,0,418,409,0,0,1000,1000,7216118
MPCTASK: EXP,2,420,20996,-7,497,143,621,713,-26,793,-345,256,1,1028,125,333,601,125,-561,-412,1225,73,73,1,1,0,0,0,0,0,1,1,0,5,20870,11848,32791,2014003,0,0,0,3547929,5574511,0,420,411,0,0,1000,1000,7216118
MPCTASK: EXP,2,422,21097,71,569,141,700,589,-40,936,-7,208,157,1040,125,348,564,125,-566,-486,1301,73,73,1,1,0,0,0,0,0,1,1,0,5,22629,10844,33930,1843434,0,0,0,3846877,5768162,0,422,413,0,0,1000,1000,7216118
MPCTASK: EXP,2,424,21202,116,600,140,704,461,-73,207,-1278,193,311,1022,125,1133,1195,226,-574,-2083,2930,73,73,1,1,0,0,0,0,0,1,0,972,5,22995,13266,38658,2255036,0,0,0,3909081,6571934,0,424,413,0,0,1000,1000,7216118
MPCTASK: EXP,2,426,21294,156,657,139,880,484,-245,780,-3346,984,447,975,125,616,562,125,-609,-3951,1990,73,73,1,1,0,0,0,0,0,1,1,0,5,22334,8248,31348,1402048,0,0,0,3796642,5329230,0,426,414,0,0,1000,1000,7216118
MPCTASK: EXP,2,428,21400,219,691,116,1241,688,-424,-1642,-3114,3903,552,900,125,130,2022,183,-668,-2469,3101,75,75,1,1,0,0,0,0,0,1,0,1175,5,24519,10564,36147,1795787,0,0,0,4168077,6145159,0,428,415,0,0,1000,1000,7216118
MPCTASK: EXP,2,430,21499,234,715,104,952,893,-626,-2905,-3322,5820,616,800,125,478,956,125,-720,-3105,2895,77,77,1,1,0,0,0,0,0,1,1,0,5,25650,10013,35735,1702009,0,0,0,4360445,6075014,0,430,417,0,0,1000,1000,7216118
MPCTASK: EXP,2,432,21599,264,685,76,394,1019,-588,-2677,-1035,5867,633,677,125,147,756,125,-740,-2675,3621,78,78,1,1,0,0,0,0,0,1,1,0,5,23150,12636,35859,2148114,0,0,0,3935453,6096031,0,432,418,0,0,1000,1000,7216118
MPCTASK: EXP,2,434,21694,236,598,24,96,493,-547,-672,1159,4935,600,533,125,-28,314,125,-784,-2055,2944,80,80,1,1,0,0,0,0,0,1,1,0,5,21488,9459,31026,1607829,0,0,0,3652917,5274480,0,434,420,0,0,1000,1000,7216118
SUP: Locked, reboot required
MPCTASK: EXP,2,436,21800,224,591,-10,-22,162,-553,-226,1648,2834,522,372,125,-106,180,125,-821,-3479,2613,81,81,1,1,0,0,0,0,0,1,1,0,5,22932,12648,36411,2150059,0,0,0,3898377,6189837,0,436,421,0,0,1000,1000,7216118
MPCTASK: EXP,2,438,21896,199,584,0,-32,-379,-199,988,1995,1250,406,197,125,-107,-91,125,-739,-1551,2879,78,78,1,1,0,0,0,0,0,1,1,0,5,22390,9896,32359,1682206,0,0,0,3806085,5501061,0,438,423,0,0,1000,1000,7216118
MPCTASK: EXP,2,440,21999,12,566,-16,-374,-623,-155,1235,1665,751,263,14,125,-282,-168,125,-747,-932,2389,79,79,1,1,0,0,0,0,0,1,1,0,5,22588,12011,35292,2041947,0,0,0,3839929,6000101,0,440,425,0,0,1000,1000,7216118
MPCTASK: EXP,2,442,22099,19,531,21,-442,-517,81,948,1457,664,108,-173,125,-229,-181,125,-678,-634,1993,77,77,1,1,0,0,0,0,0,1,1,0,5,24829,10495,35976,1784074,0,0,0,4220794,6115973,0,442,427,0,0,1000,1000,7216118
MPCTASK: EXP,2,444,22197,26,496,20,-445,-555,25,879,1310,560,-42,-362,125,-173,-215,125,-679,-616,2072,77,77,1,1,0,0,0,0,0,1,1,0,5,23226,9935,33233,1688810,0,0,0,3948461,5649738,0,444,429,0,0,1000,1000,7216118
MPCTASK: EXP,2,446,22296,45,468,30,-407,-514,71,748,1149,441,-176,-547,125,-96,-209,125,-669,-537,1903,77,77,1,1,0,0,0,0,0,1,1,0,5,22691,10014,33190,1702437,0,0,0,3857545,5642387,0,446,431,0,0,1000,1000,7216118
MPCTASK: EXP,2,448,22398,39,432,34,-408,-531,69,651,1043,370,-278,-722,125,-57,-214,125,-665,-509,1847,77,77,1,1,0,0,0,0,0,1,1,0,5,22085,11940,34097,2029705,0,0,0,3754341,5796664,0,448,433,0,0,1000,1000,7216118
MPCTASK: EXP,2,450,22499,31,398,23,-402,-547,4,579,968,320,-338,-884,125,-30,-206,125,-676,-532,1904,77,77,1,1,0,0,0,0,0,1,1,0,5,25493,9625,35191,1636066,0,0,0,4333778,5982548,0,450,435,0,0,1000,1000,7216118
MPCTASK: EXP,2,452,22596,71,415,25,-281,-392,9,415,823,226,-352,-1028,125,52,-98,125,-674,-496,1809,77,77,1,1,0,0,0,0,0,1,1,0,5,19978,13048,33098,2218043,0,0,0,3396162,5626669,0,452,437,0,0,1000,1000,7216118
MPCTASK: EXP,2,454,22695,96,426,18,-203,-293,-17,297,730,169,-319,-1148,125,93,-3,125,-684,-497,1802,77,77,1,1,0,0,0,0,0,1,1,0,5,23086,8720,31884,1482286,0,0,0,3924669,5420294,0,454,439,0,0,1000,1000,7216118
MPCTASK: EXP,2,456,22795,109,421,14,-151,-264,-24,236,662,129,-245,-1239,125,103,62,125,-690,-494,1780,77,77,1,1,0,0,0,0,0,1,1,0,5,19330,12052,31454,2048671,0,0,0,3286009,5347262,0,456,441,0,0,1000,1000,7216118
MPCTASK: EXP,2,458,22897,115,431,11,-122,-192,-20,151,618,110,-138,-1296,125,90,151,125,-692,-488,1753,78,78,1,1,0,0,0,0,0,1,1,0,5,23943,9321,33336,1584482,0,0,0,4070253,5667190,0,458,443,0,0,1000,1000,7216118
MPCTASK: EXP,2,460,22996,114,425,11,-109,-180,-12,116,590,99,-12,-1316,125,64,200,125,-691,-482,1730,78,78,1,1,0,0,0,0,0,1,1,0,5,21782,10046,32689,1707657,0,0,0,3702853,5557335,0,460,445,0,0,1000,1000,7216118
MPCTASK: EXP,2,462,23100,110,414,10,-103,-181,-8,96,571,92,115,-1295,125,38,226,125,-690,-478,1716,78,78,1,1,0,0,0,0,0,1,1,0,5,23948,10894,34914,1852005,0,0,0,4071049,5935518,0,462,447,0,0,1000,1000,7216118
MPCTASK: EXP,2,464,23198,119,422,11,-67,-124,0,42,535,78,230,-1232,125,55,247,125,-688,-468,1685,78,78,1,1,0,0,0,0,0,1,1,0,5,21644,12123,33841,2060911,0,0,0,3679309,5753076,0,464,449,0,0,1000,1000,7216118
MPCTASK: EXP,2,466,23295,115,415,11,-64,-122,0,29,526,75,318,-1127,125,48,248,125,-688,-466,1680,78,78,1,1,0,0,0,0,0,1,1,0,5,24026,7151,31254,1215574,0,0,0,4084269,5313232,0,466,451,0,0,1000,1000,7216118
MPCTASK: EXP,2,468,23400,121,419,10,-34,-88,-4,-2,500,68,368,-988,125,66,253,125,-690,-464,1670,78,78,1,1,0,0,0,0,0,1,1,0,5,21791,13666,35538,2322981,0,0,0,3704525,6041532,0,468,453,0,0,1000,1000,7216118
MPCTASK: EXP,2,470,23499,124,427,8,-18,-50,-10,-30,488,63,377,-821,125,87,252,125,-693,-466,1674,78,78,1,1,0,0,0,0,0,1,1,0,5,23905,11150,35209,1895327,0,0,0,4063857,5985657,0,470,455,0,0,1000,1000,7216118
MPCTASK: EXP,2,472,23597,125,429,9,-5,-33,-5,-46,476,59,348,-643,125,109,242,125,-691,-463,1664,78,78,1,1,0,0,0,0,0,1,1,0,5,21629,11087,32787,1884654,0,0,0,3676898,5573921,0,472,457,0,0,1000,1000,7216118
MPCTASK: EXP,2,474,23700,125,427,9,0,-34,-4,-48,471,58,293,-470,125,117,236,125,-691,-462,1659,78,78,1,1,0,0,0,0,0,1,1,0,5,24935,11264,36271,1914850,0,0,0,4238894,6166049,0,474,459,0,0,1000,1000,7216118
MPCTASK: EXP,2,476,23797,125,423,9,6,-37,-2,-47,466,58,228,-322,125,113,246,125,-690,-459,1652,78,78,1,1,0,0,0,0,0,1,1,0,5,22468,10582,33125,1798965,0,0,0,3819461,5631389,0,476,461,0,0,1000,1000,7216118
MPCTASK: EXP,2,478,23896,125,423,9,11,-28,-2,-55,463,56,172,-217,125,99,271,125,-690,-459,1650,78,78,1,1,0,0,0,0,0,1,1,0,5,20928,10157,31157,1726647,0,0,0,3557733,5296842,0,478,463,0,0,1000,1000,7216118
MPCTASK: EXP,2,480,23996,125,423,9,14,-21,-1,-60,462,55,140,-163,125,88,287,125,-690,-458,1649,78,78,1,1,0,0,0,0,0,1,1,0,5,21066,10736,31872,1825055,0,0,0,3581125,5418309,0,480,465,0,0,1000,1000,7216118
MPCTASK: EXP,2,482,24098,123,425,9,11,-8,-3,-69,463,52,133,-151,125,99,271,125,-690,-459,1652,78,78,1,1,0,0,0,0,0,1,1,0,5,24222,9560,33852,1625123,0,0,0,4117681,5754864,0,482,467,0,0,1000,1000,7216118
MPCTASK: TRAJ DONE: idx=482, max=482; requesting landing
MPCTASK: LANDING: start z=0.0, hold=(0.12,0.42)
MPCTASK: TIMING SUMMARY: max_step_cycles=7216118 deadline_cycles=8400000 overruns=0
MPCTASK: POSTHOC SUMMARY: active=483 infeasible=468
MPCTASK: LANDING COMPLETE: t=26580 ms, x=0.124, y=0.425, z=0.010, vz=-0.003; motors off