SYS: Crazyflie 2.1 Brushless is up and running!
SYS: Build 2:de14ff9f08ae (2025.09.1 +2) MODIFIED
SYS: I am 0x373930393434471500370039 and I have 1024KB of flash!
CFGBLK: v1, verification [OK]
DECK_DISCOVERY: Backend found: onewire
DECK_DISCOVERY: Backend found: deckctrl
DECK_CORE: 1 deck(s) found
DECK_CORE: Calling INIT on driver bcFlow2 for deck 0
ZR2: Z-down sensor [OK]
PMW: Motion chip id: 0x49:0xB6
IMU: BMI088: Using I2C interface.
IMU: BMI088 Gyro connection [OK].
IMU: BMI088 Accel connection [OK]
IMU: BMP390 I2C connection [OK]
ESTIMATOR: Using Kalman (2) estimator
CONTROLLER: Using PID (1) controller
MTR-DRV: Using brushless motor driver
SYS: About to run tests in system.c.
SYS: NRF51 version: 2026.04 (C21B)
EEPROM: I2C connection [OK].
STORAGE: Storage check [OK].
IMU: BMI088 gyro self-test [OK]
DECK_CORE: Deck 0 test [OK].
SYS: Self test passed!
STAB: Wait for sensor calibration...
SYS: Free heap: 15048 bytes
MPCTASK: Waiting for activation ...
STAB: Starting stabilizer loop
STAB: WARNING: stabilizer loop rate is off (1004)
SUP: Ready to fly
MPCTASK: Benchmark mode 0, maneuver 4, max_iter 5, task_pri 0
MPCTASK: Reference altitude: 0.70 m; barrier skip when z>0.75 and vz>-0.20
MPCTASK: OOT takeoff: cfclient trigger>=0.15m ramp=0.15m/s forced_trajectory_start=2000ms timeout=12000ms
MPCTASK: Common baseline: mpc_hz=20 model_hz=20 rho=5 base_w=0 base_qz=1 Qz=100 R=4 bridge=x10 guards=z[ref,ref+0.20] xy=free cap=0.05
MPCTASK: MPC->PID: xyz=x10, z_guard=[ref,ref+0.20], yaw=raw_rz, output_hold=200ms, safety_hold=500ms
MPCTASK: Reference origin: xy=forced_3s_start z=0.70 m
MPCTASK: Fixed baseline: w=0 qz=1 adaptive_cache=off
MPCTASK: EXP every=2: m,s,tms,p3[mm],v3[mmps],att3[cdeg],ref3[mm],cmd3[mm],h/raw/grad/mar/thr[milli],act/ac/bind,wi/qi/cache/noa,pa/pf/du[milli],it,mpc/eval/total[us],bar/tanh/rl/cache/solve/step[cycles],overruns,post_active/post_infeasible_totals,wreq/w/qzreq/qz[milli],max_step_cycles
MPCTASK: Figure8: source=traj_fig8_12.h source_hz=100 samples=1205 laps=2 duration=24.07 s origin=forced_3s_start z_offset=0.09 m
CONTROLLER: Using OutOfTree (6) controller
MPCTASK: Trajectory origin: x=0.03 y=0.01
MPCTASK: OOT activated at z=0.01
MPCTASK: TAKEOFF START: trigger_z=0.15 start_z=0.01 target=0.70 hold=(0.04,0.04) ramp=0.15m/s
MPCTASK: OOT loop 1 done
MPCTASK: MPCMPCTASK: OOT loop 2 done
 task loop 1
MPCTASK: x0: pos=(0.04,0.05,0.01) vel=(0.02,0.08,-0.0)
MPCTASK: ref: (0.04,0MPCTASK: OOT loop 3 done
.04,0.01)
MPCTASK: MPC solve start
MPCTASK: MPC solve done, iter=5
MPCTASK: MPC time=22258 us
MPCTASK: MPC stack free=1167 words
MPCTASK: setpoint: x=0.04 y=0.04 z=0.07 preview_z=0.07
MPCTASK: MPC task loop 2
MPCTASK: MPC task loop 3
MPCTASK: TAKEOFF COMPLETE: t=2000ms z=0.18 vz=0.25; trajectory queued origin=(0.07,0.03)
MPCTASK: TRAJ START: z=0.18 origin=(0.07,0.03) EXP clock reset
MPCTASK: EXP,0,2,74,66,42,198,-160,169,270,52,196,-644,75,32,700,-40,403,700,0,0,0,0,0,0,0,0,0,0,0,0,0,0,0,5,23600,0,23654,0,0,0,0,4012047,4021349,0,0,0,0,0,1000,1000,4070092
MPCTASK: EXP,0,4,170,57,66,233,-155,225,530,-566,161,-504,64,51,700,-1,492,700,0,0,0,0,0,0,0,0,0,0,0,0,0,0,0,5,20072,0,20130,0,0,0,0,3412079,3422048,0,0,0,0,0,1000,1000,4070092
MPCTASK: EXP,0,6,274,40,100,303,-177,420,834,-1038,122,-514,29,118,700,37,591,700,0,0,0,0,0,0,0,0,0,0,0,0,0,0,0,5,23653,0,23706,0,0,0,0,4020907,4030211,0,0,0,0,0,1000,1000,4070092
MPCTASK: EXP,0,8,373,23,142,384,-173,588,871,-1142,-30,-600,-22,238,700,83,664,700,0,0,0,0,0,0,0,0,0,0,0,0,0,0,0,5,22836,0,23115,0,0,0,0,3882131,3929750,0,0,0,0,0,1000,1000,4070092
MPCTASK: EXP,0,10,476,3,222,478,-142,791,733,-1183,-218,-567,-77,397,700,126,759,700,0,0,0,0,0,0,0,0,0,0,0,0,0,0,0,5,24976,0,25032,0,0,0,0,4245868,4255557,0,0,0,0,0,1000,1000,4255557
MPCTASK: EXP,0,12,570,-4,310,542,-77,943,558,-947,-431,-445,-115,576,700,176,820,700,0,0,0,0,0,0,0,0,0,0,0,0,0,0,0,5,20114,0,20167,0,0,0,0,3419287,3428592,0,0,0,0,0,1000,1000,4425969
MPCTASK: EXP,0,14,677,-1,417,587,24,1062,415,-515,-698,-288,-123,755,700,232,869,700,0,0,0,0,0,0,0,0,0,0,0,0,0,0,0,5,27397,0,27451,0,0,0,0,4657527,4666828,0,0,0,0,0,1000,1000,4666828
MPCTASK: EXP,0,16,773,6,495,627,135,1056,365,-24,-786,-116,-92,915,700,266,856,700,0,0,0,0,0,0,0,0,0,0,0,0,0,0,0,5,22606,0,22661,0,0,0,0,3842980,3852502,0,0,0,0,0,1000,1000,4666828
MPCTASK: EXP,0,18,875,24,604,666,266,1003,290,551,-793,-151,-23,1044,699,293,843,699,0,0,0,0,0,0,0,0,0,0,0,0,0,0,0,5,23986,0,24040,0,0,0,0,4077491,4086797,0,0,0,0,0,1000,1000,4666828
MPCTASK: EXP,0,20,973,61,683,694,397,850,221,1003,-658,-90,76,1133,699,311,786,699,0,0,0,0,0,0,0,0,0,0,0,0,0,0,0,5,23209,0,23263,0,0,0,0,3945459,3954761,0,0,0,0,0,1000,1000,4666828
MPCTASK: EXP,0,22,1076,93,749,717,459,650,154,1277,-346,-156,195,1179,699,286,716,699,0,0,0,0,0,0,0,0,0,0,0,0,0,0,0,5,25932,0,25985,0,0,0,0,4408227,4417535,0,0,0,0,0,1000,1000,4666828
MPCTASK: EXP,0,24,1173,134,793,727,482,437,87,1434,-52,-204,318,1181,699,254,630,699,0,0,0,0,0,0,0,0,0,0,0,0,0,0,0,5,22785,0,22838,0,0,0,0,3873355,3882503,0,0,0,0,0,1000,1000,4666828
MPCTASK: EXP,0,26,1278,170,809,731,439,160,42,1553,355,-222,428,1142,699,193,511,699,0,0,0,0,0,0,0,0,0,0,0,0,0,0,0,5,26819,0,27010,0,0,0,0,4559191,4591858,0,0,0,0,0,1000,1000,4666828
MPCTASK: EXP,0,28,1372,213,794,734,348,-134,34,1523,647,-262,510,1066,700,136,373,700,0,0,0,0,0,0,0,0,0,0,0,0,0,0,0,5,21807,0,21860,0,0,0,0,3707151,3716302,0,0,0,0,0,1000,1000,4666828
MPCTASK: EXP,0,30,1473,235,760,735,194,-404,27,1458,945,-286,555,958,700,54,233,700,0,0,0,0,0,0,0,0,0,0,0,0,0,0,0,5,22455,0,22508,0,0,0,0,3817351,3826501,0,0,0,0,0,1000,1000,4666828
MPCTASK: EXP,0,32,1572,227,697,737,-14,-660,22,1308,1115,-252,554,823,700,-39,83,700,0,0,0,0,0,0,0,0,0,0,0,0,0,0,0,5,21147,0,21204,0,0,0,0,3594919,3604782,0,0,0,0,0,1000,1000,4666828
MPCTASK: EXP,0,34,1673,196,571,736,-258,-947,21,1056,1072,-224,506,667,700,-133,-107,700,0,0,0,0,0,0,0,0,0,0,0,0,0,0,0,5,20758,0,21174,0,0,0,0,3528786,3599632,0,0,0,0,0,1000,1000,4666828
MPCTASK: EXP,0,36,1773,143,456,737,-459,-1112,44,608,873,-239,416,495,700,-206,-243,700,0,0,0,0,0,0,0,0,0,0,0,0,0,0,0,5,20865,0,21534,0,0,0,0,3546940,3660794,0,0,0,0,0,1000,1000,4666828
MPCTASK: EXP,0,38,1876,96,320,738,-597,-1203,64,176,582,-409,291,312,700,-239,-368,700,0,0,0,0,0,0,0,0,0,0,0,0,0,0,0,5,23472,0,23525,0,0,0,0,3990267,3999425,0,0,0,0,0,1000,1000,4666828
MPCTASK: EXP,0,40,1975,-1,218,747,-712,-1183,98,-196,438,-595,144,124,700,-300,-436,700,0,0,0,0,0,0,0,0,0,0,0,0,0,0,0,5,21627,0,21681,0,0,0,0,3676555,3685880,0,0,0,0,0,1000,1000,4666828
MPCTASK: EXP,0,42,2078,-76,132,764,-754,-1079,154,-415,110,-782,-10,-65,700,-297,-481,704,0,0,0,0,0,0,0,0,0,0,0,0,0,0,0,5,25013,0,25067,0,0,0,0,4252023,4261357,0,0,0,0,0,1000,1000,4666828
MPCTASK: EXP,0,44,2172,-138,77,785,-717,-963,121,-293,-266,-838,-158,-251,700,-262,-507,708,0,0,0,0,0,0,0,0,0,0,0,0,0,0,0,5,19099,0,19153,0,0,0,0,3246747,3256072,0,0,0,0,0,1000,1000,4666828
MPCTASK: EXP,0,46,2277,-224,5,795,-661,-910,22,-157,-773,-779,-283,-429,700,-225,-556,708,0,0,0,0,0,0,0,0,0,0,0,0,0,0,0,5,23760,0,23822,0,0,0,0,4039108,4049699,0,0,0,0,0,1000,1000,4666828
MPCTASK: EXP,0,48,2373,-285,-63,800,-531,-900,-16,21,-1264,-632,-373,-596,700,-159,-604,708,0,0,0,0,0,0,0,0,0,0,0,0,0,0,0,5,19707,0,20000,0,0,0,0,3350040,3400002,0,0,0,0,0,1000,1000,4666828
MPCTASK: EXP,0,50,2476,-351,-124,806,-316,-883,-53,150,-1517,-337,-419,-746,700,-98,-634,708,0,0,0,0,0,0,0,0,0,0,0,0,0,0,0,5,22014,0,22068,0,0,0,0,3742367,3751693,0,0,0,0,0,1000,1000,4666828
MPCTASK: EXP,0,52,2574,-386,-201,798,-69,-910,-110,298,-1708,113,-417,-878,700,-18,-675,704,0,0,0,0,0,0,0,0,0,0,0,0,0,0,0,5,19936,0,20725,0,0,0,0,3389076,3523366,0,0,0,0,0,1000,1000,4666828
MPCTASK: EXP,0,54,2676,-395,-271,783,217,-901,-143,51,-1744,523,-366,-986,700,59,-670,700,0,0,0,0,0,0,0,0,0,0,0,0,0,0,0,5,22952,0,23006,0,0,0,0,3901715,3911036,0,0,0,0,0,1000,1000,4666828
MPCTASK: EXP,0,56,2774,-364,-327,763,492,-836,-148,-127,-1635,734,-272,-1070,700,144,-645,700,0,0,0,0,0,0,0,0,0,0,0,0,0,0,0,5,20323,0,20763,0,0,0,0,3454771,3529814,0,0,0,0,0,1000,1000,4666828
MPCTASK: EXP,0,58,2879,-326,-370,747,748,-721,-96,-292,-1411,704,-143,-1127,700,203,-595,700,0,0,0,0,0,0,0,0,0,0,0,0,0,0,0,5,25882,0,25936,0,0,0,0,4399803,4409263,0,0,0,0,0,1000,1000,4666828
MPCTASK: EXP,0,60,2975,-267,-387,741,949,-577,-12,-394,-1027,493,6,-1156,700,240,-520,700,0,0,0,0,0,0,0,0,0,0,0,0,0,0,0,5,21246,0,21301,0,0,0,0,3611676,3621150,0,0,0,0,0,1000,1000,4666828
MPCTASK: EXP,0,62,3077,-202,-404,742,1057,-453,50,-448,-570,231,163,-1155,700,244,-448,700,0,0,0,0,0,0,0,0,0,0,0,0,0,0,0,5,24050,0,24103,0,0,0,0,4088347,4097509,0,0,0,0,0,1000,1000,4666828
MPCTASK: EXP,0,64,3176,-135,-410,756,1066,-318,121,-481,-51,-62,311,-1125,700,213,-364,700,0,0,0,0,0,0,0,0,0,0,0,0,0,0,0,5,21244,0,21298,0,0,0,0,3611335,3620660,0,0,0,0,0,1000,1000,4666828
MPCTASK: EXP,0,66,3278,-82,-430,772,980,-222,112,-576,464,-245,437,-1067,700,148,-292,704,0,0,0,0,0,0,0,0,0,0,0,0,0,0,0,5,23557,0,23611,0,0,0,0,4004600,4013924,0,0,0,0,0,1000,1000,4666828
MPCTASK: EXP,0,68,3377,-24,-422,787,840,-80,77,-780,944,-354,527,-981,700,76,-184,707,0,0,0,0,0,0,0,0,0,0,0,0,0,0,0,5,23214,0,23268,0,0,0,0,3946207,3955533,0,0,0,0,0,1000,1000,4666828
MPCTASK: EXP,0,70,3476,27,-412,802,646,79,28,-933,1325,-377,573,-871,700,2,-74,710,0,0,0,0,0,0,0,0,0,0,0,0,0,0,0,5,21987,0,22047,0,0,0,0,3737551,3748179,0,0,0,0,0,1000,1000,4666828
MPCTASK: EXP,0,72,3576,65,-376,805,407,279,-26,-1024,1563,-353,570,-739,700,-71,55,709,0,0,0,0,0,0,0,0,0,0,0,0,0,0,0,5,20658,0,20712,0,0,0,0,3511648,3520972,0,0,0,0,0,1000,1000,4666828
MPCTASK: EXP,0,74,3678,64,-328,798,124,486,-90,-1046,1556,-301,519,-587,700,-154,186,705,0,0,0,0,0,0,0,0,0,0,0,0,0,0,0,5,23041,0,23095,0,0,0,0,3916999,3926324,0,0,0,0,0,1000,1000,4666828
MPCTASK: EXP,0,76,3774,21,-259,783,-168,698,-117,-1014,1321,-221,424,-420,700,-243,326,700,0,0,0,0,0,0,0,0,0,0,0,0,0,0,0,5,19306,0,19360,0,0,0,0,3282015,3291344,0,0,0,0,0,1000,1000,4666828
MPCTASK: EXP,0,78,3876,-34,-193,773,-385,868,-95,-990,1025,-131,296,-242,700,-304,443,700,0,0,0,0,0,0,0,0,0,0,0,0,0,0,0,5,21441,0,21494,0,0,0,0,3644799,3653961,0,0,0,0,0,1000,1000,4666828
MPCTASK: EXP,0,80,3977,-109,-73,755,-571,1068,-100,-788,576,88,145,-58,700,-348,592,700,0,0,0,0,0,0,0,0,0,0,0,0,0,0,0,5,21308,0,21362,0,0,0,0,3622411,3631734,0,0,0,0,0,1000,1000,4666828
MPCTASK: EXP,0,82,4077,-193,14,748,-669,1155,-40,-364,161,270,-11,128,700,-362,664,700,0,0,0,0,0,0,0,0,0,0,0,0,0,0,0,5,21676,0,21730,0,0,0,0,3684863,3694184,0,0,0,0,0,1000,1000,4666828
MPCTASK: EXP,0,84,4179,-242,124,747,-637,1178,0,39,-368,457,-159,313,700,-308,737,700,0,0,0,0,0,0,0,0,0,0,0,0,0,0,0,5,23420,0,23479,0,0,0,0,3981191,3991508,0,0,0,0,0,1000,1000,4666828
MPCTASK: EXP,0,86,4278,-310,255,763,-571,1176,78,351,-891,585,-285,491,700,-253,818,701,0,0,0,0,0,0,0,0,0,0,0,0,0,0,0,5,23002,0,23062,0,0,0,0,3910159,3920625,0,0,0,0,0,1000,1000,4666828
MPCTASK: EXP,0,88,4377,-402,358,781,-425,1089,54,455,-1307,453,-375,657,700,-211,855,705,0,0,0,0,0,0,0,0,0,0,0,0,0,0,0,5,20615,0,20670,0,0,0,0,3504363,3513846,0,0,0,0,0,1000,1000,4666828
MPCTASK: EXP,0,90,4480,-450,437,793,-202,985,14,550,-1811,196,-421,808,700,-119,858,707,0,0,0,0,0,0,0,0,0,0,0,0,0,0,0,5,23202,0,23256,0,0,0,0,3944287,3953615,0,0,0,0,0,1000,1000,4666828
MPCTASK: EXP,0,92,4579,-475,496,792,87,847,-46,479,-1980,-194,-418,940,700,-29,843,705,0,0,0,0,0,0,0,0,0,0,0,0,0,0,0,5,22906,0,22959,0,0,0,0,3893963,3903130,0,0,0,0,0,1000,1000,4666828
MPCTASK: EXP,0,94,4683,-463,536,782,386,715,-94,385,-2003,-561,-367,1050,700,70,805,700,0,0,0,0,0,0,0,0,0,0,0,0,0,0,0,5,26990,0,27043,0,0,0,0,4588251,4597418,0,0,0,0,0,1000,1000,4666828
MPCTASK: EXP,0,96,4775,-412,563,761,736,548,-118,380,-1875,-822,-272,1134,700,183,742,700,0,0,0,0,0,0,0,0,0,0,0,0,0,0,0,5,18583,0,18636,0,0,0,0,3159008,3168170,0,0,0,0,0,1000,1000,4666828
MPCTASK: EXP,0,98,4880,-352,576,741,1005,385,-109,346,-1428,-945,-144,1191,700,250,668,700,0,0,0,0,0,0,0,0,0,0,0,0,0,0,0,5,23062,0,23114,0,0,0,0,3920428,3929590,0,0,0,0,0,1000,1000,4666828
MPCTASK: EXP,0,100,4983,-183,528,727,1295,190,-39,252,-750,-937,6,1220,700,368,548,700,0,0,0,0,0,0,0,0,0,0,0,0,0,0,0,5,25608,0,26455,0,0,0,0,4353375,4497413,0,0,0,0,0,1000,1000,4666828
MPCTASK: EXP,0,102,5083,-111,527,718,1279,124,43,117,213,-837,163,1219,700,317,489,700,0,0,0,0,0,0,0,0,0,0,0,0,0,0,0,5,25386,0,25446,0,0,0,0,4315539,4325977,0,0,0,0,0,1000,1000,4666828
MPCTASK: EXP,0,104,5178,1,525,732,1176,88,140,246,698,-768,312,1190,700,295,418,700,0,0,0,0,0,0,0,0,0,0,0,0,0,0,0,5,19895,0,19948,0,0,0,0,3382072,3391246,0,0,0,0,0,1000,1000,4666828
MPCTASK: EXP,0,106,5282,100,499,767,997,15,183,422,1214,-679,437,1131,700,237,320,705,0,0,0,0,0,0,0,0,0,0,0,0,0,0,0,5,24864,0,24917,0,0,0,0,4226819,4235986,0,0,0,0,0,1000,1000,4666828
MPCTASK: EXP,0,108,5380,144,473,786,727,-66,71,509,1618,-489,527,1046,700,131,224,707,0,0,0,0,0,0,0,0,0,0,0,0,0,0,0,5,23087,0,23140,0,0,0,0,3924675,3933841,0,0,0,0,0,1000,1000,4666828
MPCTASK: EXP,0,110,5480,200,427,793,467,-176,-30,610,1678,-335,573,936,700,58,100,705,0,0,0,0,0,0,0,0,0,0,0,0,0,0,0,5,22059,0,22114,0,0,0,0,3749963,3759557,0,0,0,0,0,1000,1000,4666828
MPCTASK: EXP,0,112,5580,210,423,777,124,-265,-145,755,1704,-185,570,803,700,-50,18,700,0,0,0,0,0,0,0,0,0,0,0,0,0,0,0,5,21513,0,21566,0,0,0,0,3657171,3666334,0,0,0,0,0,1000,1000,4666828
MPCTASK: EXP,0,114,5682,179,381,760,-211,-425,-142,923,1524,-107,519,651,700,-159,-106,700,0,0,0,0,0,0,0,0,0,0,0,0,0,0,0,5,24024,0,24078,0,0,0,0,4083999,4093321,0,0,0,0,0,1000,1000,4666828
MPCTASK: EXP,0,116,5780,108,320,741,-526,-625,-95,973,1128,-103,424,485,700,-262,-239,700,0,0,0,0,0,0,0,0,0,0,0,0,0,0,0,5,22211,0,22265,0,0,0,0,3775791,3785112,0,0,0,0,0,1000,1000,4666828
MPCTASK: EXP,0,118,5883,35,282,732,-704,-760,-42,950,637,-227,296,307,700,-315,-333,700,0,0,0,0,0,0,0,0,0,0,0,0,0,0,0,5,23822,0,24107,0,0,0,0,4049695,4098338,0,0,0,0,0,1000,1000,4666828
MPCTASK: EXP,0,120,5980,-1,172,731,-734,-971,43,993,-46,-602,145,122,700,-276,-493,700,0,0,0,0,0,0,0,0,0,0,0,0,0,0,0,5,20692,0,20746,0,0,0,0,3517623,3526948,0,0,0,0,0,1000,1000,4666828
MPCTASK: EXP,0,122,6086,-97,94,743,-740,-1090,97,537,-372,-839,-11,-64,700,-289,-563,700,0,0,0,0,0,0,0,0,0,0,0,0,0,0,0,5,27031,0,27084,0,0,0,0,4595111,4604436,0,0,0,0,0,1000,1000,4681802
MPCTASK: EXP,0,124,6183,-165,14,751,-670,-1103,59,-58,-578,-1021,-159,-249,700,-251,-600,700,0,0,0,0,0,0,0,0,0,0,0,0,0,0,0,5,23978,0,24032,0,0,0,0,4076171,4085497,0,0,0,0,0,1000,1000,4681802
MPCTASK: EXP,0,126,6284,-240,-28,762,-580,-1028,78,-288,-889,-997,-285,-427,700,-208,-602,701,0,0,0,0,0,0,0,0,0,0,0,0,0,0,0,5,25027,0,25081,0,0,0,0,4254379,4263817,0,0,0,0,0,1000,1000,4681802
MPCTASK: EXP,0,128,6378,-307,-132,782,-411,-989,35,-297,-1278,-839,-375,-593,700,-142,-657,704,0,0,0,0,0,0,0,0,0,0,0,0,0,0,0,5,18893,0,18947,0,0,0,0,3211679,3221004,0,0,0,0,0,1000,1000,4681802
MPCTASK: EXP,0,130,6483,-342,-201,785,-195,-927,-45,-287,-1527,-640,-421,-744,700,-57,-676,703,0,0,0,0,0,0,0,0,0,0,0,0,0,0,0,5,23893,0,23947,0,0,0,0,4061708,4071035,0,0,0,0,0,1000,1000,4681802
MPCTASK: EXP,0,132,6585,-350,-269,777,61,-875,-131,-231,-1656,-466,-418,-876,700,36,-689,700,0,0,0,0,0,0,0,0,0,0,0,0,0,0,0,5,25724,0,25784,0,0,0,0,4372892,4383373,0,0,0,0,0,1000,1000,4681802
MPCTASK: EXP,0,134,6684,-328,-317,762,331,-815,-152,-201,-1659,-372,-367,-985,700,132,-678,700,0,0,0,0,0,0,0,0,0,0,0,0,0,0,0,5,24629,0,25074,0,0,0,0,4186715,4262654,0,0,0,0,0,1000,1000,4681802
MPCTASK: EXP,0,136,6784,-272,-372,737,651,-746,-155,-191,-1410,-323,-272,-1070,700,235,-661,700,0,0,0,0,0,0,0,0,0,0,0,0,0,0,0,5,24028,0,24220,0,0,0,0,4084651,4117500,0,0,0,0,0,1000,1000,4681802
MPCTASK: EXP,0,138,6884,-209,-414,717,882,-675,-79,-208,-1045,-364,-144,-1127,700,300,-629,700,0,0,0,0,0,0,0,0,0,0,0,0,0,0,0,5,24868,0,24921,0,0,0,0,4227483,4236646,0,0,0,0,0,1000,1000,4681802
MPCTASK: EXP,0,140,6985,-118,-448,711,1045,-593,10,-287,-593,-456,6,-1156,700,347,-578,700,0,0,0,0,0,0,0,0,0,0,0,0,0,0,0,5,25644,0,25704,0,0,0,0,4359359,4369832,0,0,0,0,0,1000,1000,4681802
MPCTASK: EXP,0,142,7083,-61,-448,711,1065,-454,46,-450,-65,-568,163,-1155,700,318,-479,700,0,0,0,0,0,0,0,0,0,0,0,0,0,0,0,5,24058,0,24112,0,0,0,0,4089635,4099246,0,0,0,0,0,1000,1000,4681802
MPCTASK: EXP,0,144,7180,35,-472,723,1005,-319,99,-576,557,-555,312,-1125,700,285,-400,700,0,0,0,0,0,0,0,0,0,0,0,0,0,0,0,5,20168,0,20222,0,0,0,0,3428412,3437733,0,0,0,0,0,1000,1000,4681802
MPCTASK: EXP,0,146,7285,115,-481,739,868,-178,86,-697,1028,-513,437,-1067,700,229,-309,700,0,0,0,0,0,0,0,0,0,0,0,0,0,0,0,5,25937,0,25991,0,0,0,0,4409239,4418565,0,0,0,0,0,1000,1000,4681802
MPCTASK: EXP,0,148,7380,177,-482,755,667,-27,48,-866,1410,-426,527,-982,700,151,-207,700,0,0,0,0,0,0,0,0,0,0,0,0,0,0,0,5,20985,0,21045,0,0,0,0,3567291,3577782,0,0,0,0,0,1000,1000,4681802
MPCTASK: EXP,0,150,7484,221,-469,758,451,137,-31,-1005,1621,-323,573,-871,700,75,-97,700,0,0,0,0,0,0,0,0,0,0,0,0,0,0,0,5,23351,0,23715,0,0,0,0,3969589,4031549,0,0,0,0,0,1000,1000,4681802
MPCTASK: EXP,0,152,7588,246,-448,754,149,338,-86,-1082,1644,-208,570,-739,700,-11,20,700,0,0,0,0,0,0,0,0,0,0,0,0,0,0,0,5,27661,0,27715,0,0,0,0,4702351,4711673,0,0,0,0,0,1000,1000,4711673
MPCTASK: EXP,0,154,7688,244,-413,740,-126,533,-112,-1119,1491,-113,519,-587,700,-86,140,700,0,0,0,0,0,0,0,0,0,0,0,0,0,0,0,5,27295,0,27350,0,0,0,0,4640143,4649653,0,0,0,0,0,1000,1000,4711673
MPCTASK: EXP,0,156,7780,218,-333,727,-375,764,-93,-1086,1189,-22,424,-420,700,-147,291,700,0,0,0,0,0,0,0,0,0,0,0,0,0,0,0,5,19437,0,20048,0,0,0,0,3304311,3408316,0,0,0,0,0,1000,1000,4711673
MPCTASK: EXP,0,158,7884,219,-281,721,-492,889,-40,-880,895,43,296,-242,700,-141,376,700,0,0,0,0,0,0,0,0,0,0,0,0,0,0,0,5,23340,0,23396,0,0,0,0,3967732,3977338,0,0,0,0,0,1000,1000,4711673
MPCTASK: EXP,0,160,7984,132,-159,722,-675,1059,18,-582,609,101,145,-57,700,-198,513,700,0,0,0,0,0,0,0,0,0,0,0,0,0,0,0,5,21288,0,23157,0,0,0,0,3618880,3936785,0,0,0,0,0,1000,1000,4711673
MPCTASK: EXP,0,162,8086,66,-82,727,-732,1089,45,-230,133,144,-11,129,700,-191,572,700,0,0,0,0,0,0,0,0,0,0,0,0,0,0,0,5,25155,0,25482,0,0,0,0,4276367,4332108,0,0,0,0,0,1000,1000,4711673
MPCTASK: EXP,0,164,8178,18,108,734,-714,1203,28,-100,-194,344,-159,313,700,-150,743,700,0,0,0,0,0,0,0,0,0,0,0,0,0,0,0,5,18290,0,18343,0,0,0,0,3109179,3118342,0,0,0,0,0,1000,1000,4711673
MPCTASK: EXP,0,166,8286,-41,190,738,-644,1152,-47,40,-531,465,-285,491,700,-106,783,700,0,0,0,0,0,0,0,0,0,0,0,0,0,0,0,5,25261,0,25315,0,0,0,0,4294439,4303764,0,0,0,0,0,1000,1000,4711673
MPCTASK: EXP,0,168,8377,-104,287,735,-550,1122,-78,148,-672,564,-375,657,700,-69,828,700,0,0,0,0,0,0,0,0,0,0,0,0,0,0,0,5,17113,0,17167,0,0,0,0,2909107,2918433,0,0,0,0,0,1000,1000,4711673
MPCTASK: EXP,0,170,8484,-134,370,739,-382,1038,-22,519,-1090,592,-421,808,700,21,825,700,0,0,0,0,0,0,0,0,0,0,0,0,0,0,0,5,24231,0,24285,0,0,0,0,4119239,4128561,0,0,0,0,0,1000,1000,4711673
MPCTASK: EXP,0,172,8583,-146,468,743,-142,955,-25,596,-1416,555,-418,940,700,118,850,700,0,0,0,0,0,0,0,0,0,0,0,0,0,0,0,5,23222,0,23284,0,0,0,0,3947655,3958280,0,0,0,0,0,1000,1000,4711673
MPCTASK: EXP,0,174,8684,-150,528,737,97,821,-88,679,-1437,412,-367,1049,700,188,822,700,0,0,0,0,0,0,0,0,0,0,0,0,0,0,0,5,23544,0,23600,0,0,0,0,4002363,4011977,0,0,0,0,0,1000,1000,4711673
MPCTASK: EXP,0,176,8784,-93,525,723,402,598,-106,632,-1388,204,-272,1134,700,302,723,700,0,0,0,0,0,0,0,0,0,0,0,0,0,0,0,5,23550,0,23604,0,0,0,0,4003499,4012821,0,0,0,0,0,1000,1000,4711673
MPCTASK: EXP,0,178,8884,-34,564,707,654,465,-84,579,-1096,-119,-143,1191,700,367,673,700,0,0,0,0,0,0,0,0,0,0,0,0,0,0,0,5,23638,0,24076,0,0,0,0,4018399,4093036,0,0,0,0,0,1000,1000,4711673
MPCTASK: EXP,0,180,8983,33,575,691,825,294,-36,567,-805,-403,6,1220,700,409,587,700,0,0,0,0,0,0,0,0,0,0,0,0,0,0,0,5,23245,0,23306,0,0,0,0,3951583,3962183,0,0,0,0,0,1000,1000,4711673
MPCTASK: EXP,0,182,9084,130,538,689,938,76,42,587,-293,-606,163,1219,700,432,456,700,0,0,0,0,0,0,0,0,0,0,0,0,0,0,0,5,23657,0,23711,0,0,0,0,4021653,4030973,0,0,0,0,0,1000,1000,4711673
MPCTASK: EXP,0,184,9186,264,532,695,979,-30,88,517,437,-747,311,1190,700,443,377,700,0,0,0,0,0,0,0,0,0,0,0,0,0,0,0,5,25158,0,25212,0,0,0,0,4276787,4286113,0,0,0,0,0,1000,1000,4711673
MPCTASK: EXP,0,186,9284,325,505,716,793,-128,128,480,1074,-741,437,1132,700,354,282,700,0,0,0,0,0,0,0,0,0,0,0,0,0,0,0,5,23400,0,23454,0,0,0,0,3977936,3987258,0,0,0,0,0,1000,1000,4711673
MPCTASK: EXP,0,188,9381,325,497,733,484,-184,76,564,1504,-671,526,1047,700,201,209,700,0,0,0,0,0,0,0,0,0,0,0,0,0,0,0,5,21127,0,21188,0,0,0,0,3591463,3602063,0,0,0,0,0,1000,1000,4711673
MPCTASK: EXP,0,190,9483,354,463,742,209,-259,23,583,1638,-711,572,937,700,107,110,700,0,0,0,0,0,0,0,0,0,0,0,0,0,0,0,5,22623,0,22676,0,0,0,0,3845819,3854988,0,0,0,0,0,1000,1000,4711673
MPCTASK: EXP,0,192,9579,426,436,741,19,-321,-19,772,1574,-811,569,805,700,84,14,700,0,0,0,0,0,0,0,0,0,0,0,0,0,0,0,5,18687,0,18741,0,0,0,0,3176703,3186040,0,0,0,0,0,1000,1000,4711673
MPCTASK: EXP,0,194,9680,434,466,741,-242,-344,-31,958,1561,-768,517,654,700,14,-27,700,0,0,0,0,0,0,0,0,0,0,0,0,0,0,0,5,19997,0,20050,0,0,0,0,3399367,3408546,0,0,0,0,0,1000,1000,4711673
MPCTASK: EXP,0,196,9785,366,388,735,-561,-549,-83,1255,1435,-744,422,487,700,-99,-189,700,0,0,0,0,0,0,0,0,0,0,0,0,0,0,0,5,23800,0,23953,0,0,0,0,4045767,4072123,0,0,0,0,0,1000,1000,4711673
MPCTASK: EXP,0,198,9885,232,322,719,-872,-768,-128,1258,715,-470,294,309,700,-209,-329,700,0,0,0,0,0,0,0,0,0,0,0,0,0,0,0,5,22584,0,23027,0,0,0,0,3839151,3914590,0,0,0,0,0,1000,1000,4711673
MPCTASK: EXP,0,200,9983,106,251,698,-998,-965,-132,871,44,-138,145,123,700,-262,-428,700,0,0,0,0,0,0,0,0,0,0,0,0,0,0,0,5,20779,0,21227,0,0,0,0,3532391,3608641,0,0,0,0,0,1000,1000,4711673
MPCTASK: EXP,0,202,10085,-39,194,686,-1021,-1053,-24,412,-448,131,-10,-65,700,-300,-479,700,0,0,0,0,0,0,0,0,0,0,0,0,0,0,0,5,21858,0,22090,0,0,0,0,3715676,3755306,0,0,0,0,0,1000,1000,4711673
MPCTASK: EXP,0,204,10185,-134,100,698,-881,-1073,84,208,-996,254,-156,-253,700,-259,-545,700,0,0,0,0,0,0,0,0,0,0,0,0,0,0,0,5,22129,0,22320,0,0,0,0,3761731,3794364,0,0,0,0,0,1000,1000,4711673
MPCTASK: EXP,0,206,10287,-204,10,710,-694,-1061,26,201,-1218,460,-278,-435,700,-202,-596,700,0,0,0,0,0,0,0,0,0,0,0,0,0,0,0,5,24232,0,24285,0,0,0,0,4119300,4128502,0,0,0,0,0,1000,1000,4711673
MPCTASK: EXP,0,208,10384,-249,-87,719,-449,-1054,-7,267,-1642,699,-364,-606,700,-108,-642,700,0,0,0,0,0,0,0,0,0,0,0,0,0,0,0,5,21611,0,21737,0,0,0,0,3673735,3695322,0,0,0,0,0,1000,1000,4711673
MPCTASK: EXP,0,210,10485,-262,-184,717,-133,-1054,-44,266,-1743,717,-406,-761,700,-11,-671,700,0,0,0,0,0,0,0,0,0,0,0,0,0,0,0,5,22109,0,22162,0,0,0,0,3758371,3767578,0,0,0,0,0,1000,1000,4711673
MPCTASK: EXP,0,212,10585,-239,-287,706,199,-1040,-81,-22,-1554,557,-402,-895,700,83,-679,700,0,0,0,0,0,0,0,0,0,0,0,0,0,0,0,5,22762,0,22817,0,0,0,0,3869439,3878934,0,0,0,0,0,1000,1000,4711673
MPCTASK: EXP,0,214,10686,-189,-362,678,494,-954,-105,-337,-1191,322,-351,-1004,700,164,-638,700,0,0,0,0,0,0,0,0,0,0,0,0,0,0,0,5,24083,0,24143,0,0,0,0,4094028,4104379,0,0,0,0,0,1000,1000,4711673
MPCTASK: EXP,0,216,10783,-118,-430,669,705,-823,3,-587,-733,25,-262,-1082,699,221,-581,699,0,0,0,0,0,0,0,0,0,0,0,0,0,0,0,5,21227,0,21366,0,0,0,0,3608418,3632358,0,0,0,0,0,1000,1000,4711673
MPCTASK: EXP,0,218,10884,-43,-480,668,805,-651,77,-808,-192,-233,-146,-1125,699,240,-503,699,0,0,0,0,0,0,0,0,0,0,0,0,0,0,0,5,20956,0,21010,0,0,0,0,3562451,3571654,0,0,0,0,0,1000,1000,4711673
MPCTASK: EXP,0,220,10985,42,-516,685,809,-459,142,-984,359,-395,-17,-1129,699,240,-423,699,0,0,0,0,0,0,0,0,0,0,0,0,0,0,0,5,21275,0,21329,0,0,0,0,3616579,3625945,0,0,0,0,0,1000,1000,4711673
MPCTASK: EXP,0,222,11084,115,-531,705,713,-245,140,-1154,911,-460,107,-1091,699,214,-342,699,0,0,0,0,0,0,0,0,0,0,0,0,0,0,0,5,19970,0,20023,0,0,0,0,3394800,3404002,0,0,0,0,0,1000,1000,4711673
MPCTASK: EXP,0,224,11185,192,-529,727,569,-23,92,-1221,1305,-421,212,-1011,699,208,-280,699,0,0,0,0,0,0,0,0,0,0,0,0,0,0,0,5,22259,0,22313,0,0,0,0,3783891,3793257,0,0,0,0,0,1000,1000,4711673
MPCTASK: EXP,0,226,11285,235,-506,730,362,202,-13,-1075,1411,-370,286,-892,700,192,-237,700,0,0,0,0,0,0,0,0,0,0,0,0,0,0,0,5,21563,0,21773,0,0,0,0,3665540,3701498,0,0,0,0,0,1000,1000,4711673
MPCTASK: EXP,0,228,11388,270,-462,727,156,393,-54,-755,1220,-274,320,-740,700,182,-191,700,0,0,0,0,0,0,0,0,0,0,0,0,0,0,0,5,24606,0,24660,0,0,0,0,4182887,4192248,0,0,0,0,0,1000,1000,4711673
MPCTASK: EXP,0,230,11484,276,-417,719,-31,503,-50,-376,919,-159,313,-567,700,161,-158,700,0,0,0,0,0,0,0,0,0,0,0,0,0,0,0,5,20608,0,20662,0,0,0,0,3503271,3512632,0,0,0,0,0,1000,1000,4711673
MPCTASK: EXP,0,232,11584,260,-360,712,-175,552,-36,-39,591,-20,272,-388,700,131,-113,700,0,0,0,0,0,0,0,0,0,0,0,0,0,0,0,5,21243,0,21297,0,0,0,0,3611095,3620457,0,0,0,0,0,1000,1000,4711673
MPCTASK: EXP,0,234,11688,242,-314,710,-246,525,0,192,262,114,210,-223,700,104,-61,700,0,0,0,0,0,0,0,0,0,0,0,0,0,0,0,5,23763,0,24836,0,0,0,0,4039611,4222200,0,0,0,0,0,1000,1000,4711673
MPCTASK: EXP,0,236,11784,219,-270,716,-268,473,29,233,62,224,147,-90,700,63,25,700,0,0,0,0,0,0,0,0,0,0,0,0,0,0,0,5,20628,0,20682,0,0,0,0,3506647,3516009,0,0,0,0,0,1000,1000,4711673
MPCTASK: EXP,0,238,11884,207,-237,719,-250,423,12,59,15,286,99,-5,700,26,137,700,0,0,0,0,0,0,0,0,0,0,0,0,0,0,0,5,21055,0,21109,0,0,0,0,3579123,3588485,0,0,0,0,0,1000,1000,4711673
MPCTASK: EXP,0,240,11988,196,-219,716,-236,405,-26,-319,92,314,78,28,700,0,247,700,0,0,0,0,0,0,0,0,0,0,0,0,0,0,0,5,25135,0,25189,0,0,0,0,4272951,4282314,0,0,0,0,0,1000,1000,4711673
MPCTASK: EXP,0,242,12084,187,-198,713,-242,459,-27,-750,194,324,76,32,700,2,352,700,0,0,0,0,0,0,0,0,0,0,0,0,0,0,0,5,20665,0,21269,0,0,0,0,3512887,3615832,0,0,0,0,0,1000,1000,4711673
MPCTASK: EXP,0,244,12185,175,-166,717,-268,587,6,-1110,197,314,71,39,700,32,444,700,0,0,0,0,0,0,0,0,0,0,0,0,0,0,0,5,20630,0,20685,0,0,0,0,3507108,3516641,0,0,0,0,0,1000,1000,4711673
MPCTASK: EXP,0,246,12286,153,-103,721,-298,774,-7,-1205,118,296,46,85,700,64,545,700,0,0,0,0,0,0,0,0,0,0,0,0,0,0,0,5,21040,0,21094,0,0,0,0,3576844,3586046,0,0,0,0,0,1000,1000,4711673
MPCTASK: EXP,0,248,12385,135,-38,720,-291,929,-25,-939,-135,265,0,184,700,117,610,700,0,0,0,0,0,0,0,0,0,0,0,0,0,0,0,5,20440,0,20493,0,0,0,0,3474611,3483972,0,0,0,0,0,1000,1000,4711673
MPCTASK: EXP,0,250,12487,132,34,712,-221,1024,-70,-634,-377,293,-56,329,700,190,657,700,0,0,0,0,0,0,0,0,0,0,0,0,0,0,0,5,22649,0,23043,0,0,0,0,3850115,3917263,0,0,0,0,0,1000,1000,4711673
MPCTASK: EXP,0,252,12586,135,146,704,-119,1116,-49,-318,-515,363,-103,503,700,262,723,700,0,0,0,0,0,0,0,0,0,0,0,0,0,0,0,5,21019,0,21073,0,0,0,0,3573064,3582428,0,0,0,0,0,1000,1000,4711673
MPCTASK: EXP,0,254,12687,137,238,704,-4,1126,-15,-65,-631,436,-124,685,700,315,747,700,0,0,0,0,0,0,0,0,0,0,0,0,0,0,0,5,22129,0,22183,0,0,0,0,3761792,3771156,0,0,0,0,0,1000,1000,4711673
MPCTASK: EXP,0,256,12784,133,317,704,83,1080,-32,113,-608,543,-109,854,700,339,749,700,0,0,0,0,0,0,0,0,0,0,0,0,0,0,0,5,20211,0,20265,0,0,0,0,3435743,3445105,0,0,0,0,0,1000,1000,4711673
MPCTASK: EXP,0,258,12888,172,397,705,232,1005,-57,554,-726,632,-55,997,699,399,716,699,0,0,0,0,0,0,0,0,0,0,0,0,0,0,0,5,23593,0,23961,0,0,0,0,4010739,4073394,0,0,0,0,0,1000,1000,4711673
MPCTASK: EXP,0,260,12987,163,495,705,277,900,-12,834,-242,555,33,1103,699,346,693,699,0,0,0,0,0,0,0,0,0,0,0,0,0,0,0,5,22180,0,22234,0,0,0,0,3770499,3779865,0,0,0,0,0,1000,1000,4711673
MPCTASK: EXP,0,262,13086,211,606,709,361,769,14,1336,-319,443,146,1166,699,371,654,699,0,0,0,0,0,0,0,0,0,0,0,0,0,0,0,5,21877,0,21931,0,0,0,0,3718995,3728357,0,0,0,0,0,1000,1000,4711673
MPCTASK: EXP,0,264,13183,231,647,714,390,482,-12,1595,-145,263,270,1185,699,329,548,699,0,0,0,0,0,0,0,0,0,0,0,0,0,0,0,5,19084,0,19138,0,0,0,0,3244151,3253513,0,0,0,0,0,1000,1000,4711673
MPCTASK: EXP,0,266,13284,289,652,710,425,168,-48,1578,120,13,386,1162,699,312,416,699,0,0,0,0,0,0,0,0,0,0,0,0,0,0,0,5,20545,0,20610,0,0,0,0,3492699,3503821,0,0,0,0,0,1000,1000,4711673
MPCTASK: EXP,0,268,13384,307,638,700,339,-142,-44,1434,462,-191,481,1100,699,230,285,699,0,0,0,0,0,0,0,0,0,0,0,0,0,0,0,5,20268,0,20328,0,0,0,0,3445447,3455801,0,0,0,0,0,1000,1000,4711673
MPCTASK: EXP,0,270,13488,318,588,689,196,-433,-24,1283,713,-366,542,1004,700,144,132,700,0,0,0,0,0,0,0,0,0,0,0,0,0,0,0,5,22356,0,22411,0,0,0,0,3800499,3810051,0,0,0,0,0,1000,1000,4711673
MPCTASK: EXP,0,272,13588,283,508,683,-28,-691,4,980,909,-442,560,880,700,14,-19,700,0,0,0,0,0,0,0,0,0,0,0,0,0,0,0,5,23027,0,23081,0,0,0,0,3914479,3923841,0,0,0,0,0,1000,1000,4711673
MPCTASK: EXP,0,274,13687,257,431,683,-231,-827,11,687,1066,-469,531,731,700,-83,-140,700,0,0,0,0,0,0,0,0,0,0,0,0,0,0,0,5,21473,0,21831,0,0,0,0,3650435,3711428,0,0,0,0,0,1000,1000,4711673
MPCTASK: EXP,0,276,13787,202,345,687,-455,-916,40,373,1017,-356,457,565,700,-177,-244,700,0,0,0,0,0,0,0,0,0,0,0,0,0,0,0,5,21774,0,21836,0,0,0,0,3701387,3712063,0,0,0,0,0,1000,1000,4711673
MPCTASK: EXP,0,278,13888,137,242,692,-636,-968,37,132,815,-127,344,386,700,-242,-354,700,0,0,0,0,0,0,0,0,0,0,0,0,0,0,0,5,23036,0,23093,0,0,0,0,3916059,3925945,0,0,0,0,0,1000,1000,4711673
MPCTASK: EXP,0,280,13990,34,168,694,-785,-960,30,65,307,132,204,200,700,-293,-430,700,0,0,0,0,0,0,0,0,0,0,0,0,0,0,0,5,24616,0,24672,0,0,0,0,4184727,4194257,0,0,0,0,0,1000,1000,4711673
MPCTASK: EXP,0,282,14091,-58,91,701,-811,-956,72,217,-258,367,51,10,700,-292,-514,700,0,0,0,0,0,0,0,0,0,0,0,0,0,0,0,5,24851,0,25245,0,0,0,0,4224479,4291822,0,0,0,0,0,1000,1000,4711673
MPCTASK: EXP,0,284,14190,-139,21,714,-725,-955,75,372,-781,521,-101,-177,700,-250,-582,700,0,0,0,0,0,0,0,0,0,0,0,0,0,0,0,5,22999,0,23054,0,0,0,0,3909855,3919225,0,0,0,0,0,1000,1000,4711673
MPCTASK: EXP,0,286,14287,-202,-55,729,-572,-969,37,491,-1054,544,-236,-359,700,-190,-648,700,0,0,0,0,0,0,0,0,0,0,0,0,0,0,0,5,20610,0,20667,0,0,0,0,3503619,3513393,0,0,0,0,0,1000,1000,4711673
MPCTASK: EXP,0,288,14393,-248,-145,731,-378,-1015,-28,479,-1271,503,-342,-531,700,-110,-719,700,0,0,0,0,0,0,0,0,0,0,0,0,0,0,0,5,27145,0,27199,0,0,0,0,4614475,4623836,0,0,0,0,0,1000,1000,4711673
MPCTASK: EXP,0,290,14488,-256,-241,725,-121,-1057,-75,370,-1408,386,-406,-688,700,0,-778,700,0,0,0,0,0,0,0,0,0,0,0,0,0,0,0,5,22294,0,22558,0,0,0,0,3789827,3834931,0,0,0,0,0,1000,1000,4711673
MPCTASK: EXP,0,292,14594,-244,-339,710,148,-1082,-112,151,-1419,210,-424,-828,700,110,-821,700,0,0,0,0,0,0,0,0,0,0,0,0,0,0,0,5,26937,0,26991,0,0,0,0,4579179,4588544,0,0,0,0,0,1000,1000,4711673
MPCTASK: EXP,0,294,14688,-211,-417,693,413,-1040,-81,-94,-1286,-37,-392,-946,700,212,-825,700,0,0,0,0,0,0,0,0,0,0,0,0,0,0,0,5,22091,0,22145,0,0,0,0,3755383,3764745,0,0,0,0,0,1000,1000,4711673
MPCTASK: EXP,0,296,14789,-141,-495,687,665,-967,-1,-339,-1024,-299,-314,-1040,700,314,-813,700,0,0,0,0,0,0,0,0,0,0,0,0,0,0,0,5,23272,0,23326,0,0,0,0,3956143,3965504,0,0,0,0,0,1000,1000,4711673
MPCTASK: EXP,0,298,14887,-75,-548,690,814,-853,56,-548,-658,-510,-198,-1108,700,366,-768,700,0,0,0,0,0,0,0,0,0,0,0,0,0,0,0,5,20988,0,21041,0,0,0,0,3567955,3577158,0,0,0,0,0,1000,1000,4711673
MPCTASK: EXP,0,300,14988,19,-603,697,915,-689,76,-743,-153,-684,-55,-1148,700,403,-706,700,0,0,0,0,0,0,0,0,0,0,0,0,0,0,0,5,21150,0,21204,0,0,0,0,3595500,3604865,0,0,0,0,0,1000,1000,4711673
MPCTASK: EXP,0,302,15087,101,-645,711,904,-518,98,-864,355,-741,100,-1159,700,390,-634,700,0,0,0,0,0,0,0,0,0,0,0,0,0,0,0,5,21068,0,21121,0,0,0,0,3581307,3590669,0,0,0,0,0,1000,1000,4711673
MPCTASK: EXP,0,304,15186,183,-664,722,829,-323,59,-940,757,-722,254,-1141,700,357,-539,700,0,0,0,0,0,0,0,0,0,0,0,0,0,0,0,5,20062,0,20116,0,0,0,0,3410515,3419876,0,0,0,0,0,1000,1000,4711673
MPCTASK: EXP,0,306,15289,241,-666,730,703,-139,13,-1004,1077,-634,390,-1094,700,295,-435,700,0,0,0,0,0,0,0,0,0,0,0,0,0,0,0,5,23010,0,23064,0,0,0,0,3911607,3921102,0,0,0,0,0,1000,1000,4711673
MPCTASK: EXP,0,308,15387,308,-665,731,503,74,-46,-1068,1380,-455,496,-1019,700,224,-321,700,0,0,0,0,0,0,0,0,0,0,0,0,0,0,0,5,21004,0,21058,0,0,0,0,3570659,3580024,0,0,0,0,0,1000,1000,4711673
MPCTASK: EXP,0,310,15489,336,-644,727,260,281,-74,-1112,1495,-290,560,-918,700,131,-200,700,0,0,0,0,0,0,0,0,0,0,0,0,0,0,0,5,22384,0,22439,0,0,0,0,3805212,3814573,0,0,0,0,0,1000,1000,4711673
MPCTASK: EXP,0,312,15592,345,-592,712,-1,511,-117,-1127,1504,-121,577,-794,700,37,-55,700,0,0,0,0,0,0,0,0,0,0,0,0,0,0,0,5,25755,0,25816,0,0,0,0,4378287,4388813,0,0,0,0,0,1000,1000,4711673
MPCTASK: EXP,0,314,15688,326,-539,704,-242,698,-82,-1101,1357,-14,545,-650,700,-47,73,700,0,0,0,0,0,0,0,0,0,0,0,0,0,0,0,5,21999,0,22052,0,0,0,0,3739679,3748882,0,0,0,0,0,1000,1000,4711673
MPCTASK: EXP,0,316,15794,259,-457,694,-520,907,-53,-938,1051,56,467,-489,700,-152,214,700,0,0,0,0,0,0,0,0,0,0,0,0,0,0,0,5,27124,0,27178,0,0,0,0,4611060,4620420,0,0,0,0,0,1000,1000,4711673
MPCTASK: EXP,0,318,15888,197,-372,691,-683,1033,1,-589,670,113,350,-315,700,-201,319,700,0,0,0,0,0,0,0,0,0,0,0,0,0,0,0,5,21970,0,22023,0,0,0,0,3734863,3744066,0,0,0,0,0,1000,1000,4711673
MPCTASK: EXP,0,320,15991,139,-286,695,-747,1075,48,-233,241,163,207,-132,700,-206,397,700,0,0,0,0,0,0,0,0,0,0,0,0,0,0,0,5,25255,0,25316,0,0,0,0,4293271,4303789,0,0,0,0,0,1000,1000,4711673
MPCTASK: EXP,0,322,16090,79,-202,702,-743,1059,56,-35,-72,203,51,54,700,-190,464,700,0,0,0,0,0,0,0,0,0,0,0,0,0,0,0,5,22620,0,22675,0,0,0,0,3845439,3854809,0,0,0,0,0,1000,1000,4711673
MPCTASK: EXP,0,324,16193,18,-137,710,-690,1005,45,-6,-356,222,-102,240,700,-154,506,700,0,0,0,0,0,0,0,0,0,0,0,0,0,0,0,5,25919,0,25974,0,0,0,0,4406223,4415588,0,0,0,0,0,1000,1000,4711673
MPCTASK: EXP,0,326,16290,-22,-62,718,-579,974,30,-75,-635,252,-238,421,700,-89,560,700,0,0,0,0,0,0,0,0,0,0,0,0,0,0,0,5,23011,0,23064,0,0,0,0,3911671,3920994,0,0,0,0,0,1000,1000,4711673
MPCTASK: EXP,0,328,16391,-51,33,722,-431,992,-15,-183,-845,291,-344,592,700,-9,636,700,0,0,0,0,0,0,0,0,0,0,0,0,0,0,0,5,24248,0,24302,0,0,0,0,4121967,4131334,0,0,0,0,0,1000,1000,4711673
MPCTASK: EXP,0,330,16489,-65,106,721,-260,990,-72,-273,-942,388,-408,750,700,73,682,700,0,0,0,0,0,0,0,0,0,0,0,0,0,0,0,5,21438,0,21499,0,0,0,0,3644383,3654986,0,0,0,0,0,1000,1000,4711673
MPCTASK: EXP,0,332,16590,-71,176,712,-98,1006,-122,-342,-886,575,-425,890,700,136,719,700,0,0,0,0,0,0,0,0,0,0,0,0,0,0,0,5,21239,0,21295,0,0,0,0,3610539,3620213,0,0,0,0,0,1000,1000,4711673
MPCTASK: EXP,0,334,16689,-73,228,699,39,1004,-116,-262,-831,742,-393,1009,700,187,721,700,0,0,0,0,0,0,0,0,0,0,0,0,0,0,0,5,21102,0,21159,0,0,0,0,3587295,3597089,0,0,0,0,0,1000,1000,4711673
MPCTASK: EXP,0,336,16796,-68,321,689,172,1036,-89,2,-829,825,-315,1103,700,229,744,700,0,0,0,0,0,0,0,0,0,0,0,0,0,0,0,5,28156,0,28217,0,0,0,0,4786463,4796950,0,0,0,0,0,1000,1000,4796950
MPCTASK: EXP,0,338,16892,-48,402,680,300,985,-66,412,-652,844,-198,1172,700,253,722,700,0,0,0,0,0,0,0,0,0,0,0,0,0,0,0,5,22109,0,22294,0,0,0,0,3758576,3790072,0,0,0,0,0,1000,1000,4796950
MPCTASK: EXP,0,340,16993,-35,481,682,388,874,0,743,-606,734,-55,1212,700,258,682,700,0,0,0,0,0,0,0,0,0,0,0,0,0,0,0,5,23652,0,23758,0,0,0,0,4020727,4039022,0,0,0,0,0,1000,1000,4796950
MPCTASK: EXP,0,342,17093,-24,550,693,461,704,18,1223,-656,494,100,1223,700,245,609,700,0,0,0,0,0,0,0,0,0,0,0,0,0,0,0,5,24032,0,24085,0,0,0,0,4085371,4094574,0,0,0,0,0,1000,1000,4796950
MPCTASK: EXP,0,344,17194,-1,598,699,524,468,5,1380,-440,176,254,1205,700,214,520,700,0,0,0,0,0,0,0,0,0,0,0,0,0,0,0,5,24730,0,24792,0,0,0,0,4203936,4214612,0,0,0,0,0,1000,1000,4796950
MPCTASK: EXP,0,346,17291,18,625,704,544,217,21,1666,-434,-156,390,1158,700,182,401,700,0,0,0,0,0,0,0,0,0,0,0,0,0,0,0,5,20972,0,21032,0,0,0,0,3533424,3575484,0,0,0,0,0,1000,1000,4796950
MPCTASK: EXP,0,348,17393,49,635,706,549,-113,10,1648,-218,-549,496,1083,700,132,276,700,0,0,0,0,0,0,0,0,0,0,0,0,0,0,0,5,23042,0,23095,0,0,0,0,3916931,3926297,0,0,0,0,0,1000,1000,4796950
MPCTASK: EXP,0,350,17492,118,619,706,525,-360,6,1391,425,-941,560,983,700,89,165,700,0,0,0,0,0,0,0,0,0,0,0,0,0,0,0,5,22295,0,22352,0,0,0,0,3790171,3799984,0,0,0,0,0,1000,1000,4796950
MPCTASK: EXP,0,352,17591,169,569,701,352,-587,0,1409,1073,-1222,577,859,700,15,24,700,0,0,0,0,0,0,0,0,0,0,0,0,0,0,0,5,21271,0,21333,0,0,0,0,3616043,3626668,0,0,0,0,0,1000,1000,4796950
MPCTASK: EXP,0,354,17694,109,493,703,7,-825,9,1422,945,-1168,545,714,700,-120,-136,700,0,0,0,0,0,0,0,0,0,0,0,0,0,0,0,5,22896,0,22951,0,0,0,0,3892300,3901851,0,0,0,0,0,1000,1000,4796950
MPCTASK: EXP,0,356,17790,31,400,701,-266,-1035,6,817,767,-941,467,553,700,-241,-253,700,0,0,0,0,0,0,0,0,0,0,0,0,0,0,0,5,20068,0,20123,0,0,0,0,3411563,3420929,0,0,0,0,0,1000,1000,4796950
MPCTASK: EXP,0,358,17890,-34,294,698,-458,-1099,-26,29,818,-643,350,379,700,-321,-335,700,0,0,0,0,0,0,0,0,0,0,0,0,0,0,0,5,20056,0,20110,0,0,0,0,3409427,3418788,0,0,0,0,0,1000,1000,4796950
MPCTASK: EXP,0,360,17996,-115,215,696,-608,-1047,-5,-287,456,-294,207,196,700,-364,-396,700,0,0,0,0,0,0,0,0,0,0,0,0,0,0,0,5,26005,0,26066,0,0,0,0,4420783,4431290,0,0,0,0,0,1000,1000,4796950
MPCTASK: EXP,0,362,18092,-211,159,703,-681,-942,29,-175,-162,84,51,10,700,-376,-438,700,0,0,0,0,0,0,0,0,0,0,0,0,0,0,0,5,20928,0,21252,0,0,0,0,3557764,3612921,0,0,0,0,0,1000,1000,4796950
MPCTASK: EXP,0,364,18194,-305,87,714,-631,-889,46,156,-781,528,-102,-176,700,-343,-504,700,0,0,0,0,0,0,0,0,0,0,0,0,0,0,0,5,22055,0,22110,0,0,0,0,3749327,3758692,0,0,0,0,0,1000,1000,4796950
MPCTASK: EXP,0,366,18297,-360,19,729,-464,-876,40,419,-1206,884,-238,-357,700,-264,-565,700,0,0,0,0,0,0,0,0,0,0,0,0,0,0,0,5,24578,0,24631,0,0,0,0,4178171,4187376,0,0,0,0,0,1000,1000,4796950
MPCTASK: EXP,0,368,18394,-387,-48,733,-261,-893,-30,574,-1377,1064,-344,-528,700,-171,-618,700,0,0,0,0,0,0,0,0,0,0,0,0,0,0,0,5,21510,0,21563,0,0,0,0,3656588,3665789,0,0,0,0,0,1000,1000,4796950
MPCTASK: EXP,0,370,18497,-388,-133,725,7,-936,-105,624,-1432,1058,-408,-686,700,-56,-679,700,0,0,0,0,0,0,0,0,0,0,0,0,0,0,0,5,24523,0,24576,0,0,0,0,4168783,4177990,0,0,0,0,0,1000,1000,4796950
MPCTASK: EXP,0,372,18596,-358,-219,703,297,-982,-146,509,-1423,875,-425,-826,700,70,-726,700,0,0,0,0,0,0,0,0,0,0,0,0,0,0,0,5,24229,0,24282,0,0,0,0,4118775,4127977,0,0,0,0,0,1000,1000,4796950
MPCTASK: EXP,0,374,18696,-303,-298,676,591,-1006,-126,329,-1302,539,-393,-944,700,195,-751,700,0,0,0,0,0,0,0,0,0,0,0,0,0,0,0,5,22126,0,22357,0,0,0,0,3761435,3800858,0,0,0,0,0,1000,1000,4796950
MPCTASK: EXP,0,376,18798,-227,-377,664,837,-996,-26,44,-1040,115,-315,-1039,700,299,-756,700,0,0,0,0,0,0,0,0,0,0,0,0,0,0,0,5,23809,0,24285,0,0,0,0,4047491,4128577,0,0,0,0,0,1000,1000,4796950
MPCTASK: EXP,0,378,18895,-113,-447,661,1039,-938,51,-238,-632,-293,-198,-1107,700,394,-735,700,0,0,0,0,0,0,0,0,0,0,0,0,0,0,0,5,21613,0,21667,0,0,0,0,3674155,3683516,0,0,0,0,0,1000,1000,4796950
MPCTASK: EXP,0,380,18998,-9,-520,668,1114,-854,116,-459,-105,-612,-55,-1148,700,428,-706,700,0,0,0,0,0,0,0,0,0,0,0,0,0,0,0,5,25041,0,25095,0,0,0,0,4256751,4266112,0,0,0,0,0,1000,1000,4796950
MPCTASK: EXP,0,382,19095,121,-597,686,1125,-747,152,-724,500,-780,100,-1159,700,450,-665,700,0,0,0,0,0,0,0,0,0,0,0,0,0,0,0,5,21994,0,22047,0,0,0,0,3738831,3748038,0,0,0,0,0,1000,1000,4796950
MPCTASK: EXP,0,384,19197,225,-662,714,1010,-593,158,-988,1105,-815,254,-1141,700,414,-601,700,0,0,0,0,0,0,0,0,0,0,0,0,0,0,0,5,22583,0,22774,0,0,0,0,3839064,3871715,0,0,0,0,0,1000,1000,4796950
MPCTASK: EXP,0,386,19294,316,-704,733,828,-384,68,-1272,1628,-731,390,-1094,700,348,-505,700,0,0,0,0,0,0,0,0,0,0,0,0,0,0,0,5,20139,0,20193,0,0,0,0,3423603,3432964,0,0,0,0,0,1000,1000,4796950
MPCTASK: EXP,0,388,19398,368,-709,738,558,-106,-60,-1475,1941,-591,496,-1019,700,250,-374,700,0,0,0,0,0,0,0,0,0,0,0,0,0,0,0,5,24234,0,24292,0,0,0,0,4119823,4129753,0,0,0,0,0,1000,1000,4796950
MPCTASK: EXP,0,390,19495,401,-687,726,253,197,-151,-1421,1916,-457,560,-918,700,153,-234,700,0,0,0,0,0,0,0,0,0,0,0,0,0,0,0,5,22067,0,22121,0,0,0,0,3751387,3760748,0,0,0,0,0,1000,1000,4796950
MPCTASK: EXP,0,392,19599,399,-638,707,-75,497,-160,-1315,1742,-309,577,-794,700,45,-80,700,0,0,0,0,0,0,0,0,0,0,0,0,0,0,0,5,24870,0,24925,0,0,0,0,4227852,4237217,0,0,0,0,0,1000,1000,4796950
MPCTASK: EXP,0,394,19694,360,-551,689,-391,787,-118,-1142,1419,-167,545,-650,700,-64,88,700,0,0,0,0,0,0,0,0,0,0,0,0,0,0,0,5,20325,0,20907,0,0,0,0,3455267,3554227,0,0,0,0,0,1000,1000,4796950
MPCTASK: EXP,0,396,19795,317,-472,681,-610,970,-29,-830,1017,-52,467,-489,700,-130,212,700,0,0,0,0,0,0,0,0,0,0,0,0,0,0,0,5,21335,0,21392,0,0,0,0,3626807,3636620,0,0,0,0,0,1000,1000,4796950
MPCTASK: EXP,0,398,19896,237,-377,683,-775,1082,44,-426,607,37,350,-315,700,-193,318,700,0,0,0,0,0,0,0,0,0,0,0,0,0,0,0,5,22904,0,22957,0,0,0,0,3893503,3902710,0,0,0,0,0,1000,1000,4796950
MPCTASK: EXP,0,400,19998,175,-280,695,-823,1098,90,-84,214,133,207,-132,700,-199,399,700,0,0,0,0,0,0,0,0,0,0,0,0,0,0,0,5,24027,0,24082,0,0,0,0,4084595,4093956,0,0,0,0,0,1000,1000,4796950
MPCTASK: EXP,0,402,20095,101,-185,711,-822,1073,94,59,-115,199,51,54,700,-193,474,700,0,0,0,0,0,0,0,0,0,0,0,0,0,0,0,5,21378,0,21845,0,0,0,0,3634267,3713845,0,0,0,0,0,1000,1000,4796950
MPCTASK: EXP,0,404,20192,52,-93,720,-742,1036,35,75,-370,242,-102,240,700,-145,541,700,0,0,0,0,0,0,0,0,0,0,0,0,0,0,0,5,19315,0,19369,0,0,0,0,3283567,3292933,0,0,0,0,0,1000,1000,4796950
MPCTASK: EXP,0,406,20295,1,-22,727,-638,984,4,-16,-648,262,-238,421,700,-85,588,700,0,0,0,0,0,0,0,0,0,0,0,0,0,0,0,5,21393,0,21789,0,0,0,0,3636716,3704290,0,0,0,0,0,1000,1000,4796950
MPCTASK: EXP,0,408,20397,-22,46,728,-472,954,-48,-147,-836,278,-344,592,700,0,634,700,0,0,0,0,0,0,0,0,0,0,0,0,0,0,0,5,23245,0,23299,0,0,0,0,3951635,3961001,0,0,0,0,0,1000,1000,4796950
MPCTASK: EXP,0,410,20500,-36,112,721,-292,949,-87,-231,-924,328,-408,750,700,83,672,700,0,0,0,0,0,0,0,0,0,0,0,0,0,0,0,5,26577,0,26637,0,0,0,0,4517927,4528270,0,0,0,0,0,1000,1000,4796950
MPCTASK: EXP,0,412,20596,-27,185,707,-99,969,-120,-267,-863,434,-425,890,700,167,711,700,0,0,0,0,0,0,0,0,0,0,0,0,0,0,0,5,23245,0,23299,0,0,0,0,3951559,3960921,0,0,0,0,0,1000,1000,4796950
MPCTASK: EXP,0,414,20693,22,265,693,114,996,-104,-209,-782,552,-393,1008,700,271,740,700,0,0,0,0,0,0,0,0,0,0,0,0,0,0,0,5,20238,0,20301,0,0,0,0,3440407,3451160,0,0,0,0,0,1000,1000,4796950
MPCTASK: EXP,0,416,20798,45,353,684,252,1008,-52,36,-729,583,-315,1103,700,326,756,700,0,0,0,0,0,0,0,0,0,0,0,0,0,0,0,5,23961,0,24017,0,0,0,0,4073308,4082954,0,0,0,0,0,1000,1000,4796950
MPCTASK: EXP,0,418,20896,93,450,683,411,976,-16,486,-771,506,-198,1171,700,390,746,700,0,0,0,0,0,0,0,0,0,0,0,0,0,0,0,5,22773,0,22828,0,0,0,0,3871387,3880755,0,0,0,0,0,1000,1000,4796950
MPCTASK: EXP,0,420,20996,117,527,686,498,851,-23,848,-553,422,-55,1212,700,391,704,700,0,0,0,0,0,0,0,0,0,0,0,0,0,0,0,5,23260,0,23314,0,0,0,0,3954063,3963425,0,0,0,0,0,1000,1000,4796950
MPCTASK: EXP,0,422,21095,149,588,689,563,660,-37,1268,-456,250,100,1223,700,382,622,700,0,0,0,0,0,0,0,0,0,0,0,0,0,0,0,5,21555,0,22070,0,0,0,0,3664187,3751923,0,0,0,0,0,1000,1000,4796950
MPCTASK: EXP,0,424,21197,179,625,697,558,388,13,1434,31,-109,254,1205,700,323,516,700,0,0,0,0,0,0,0,0,0,0,0,0,0,0,0,5,22278,0,22332,0,0,0,0,3787087,3796453,0,0,0,0,0,1000,1000,4796950
MPCTASK: EXP,0,426,21295,246,627,701,552,87,18,1620,133,-386,390,1158,700,309,374,700,0,0,0,0,0,0,0,0,0,0,0,0,0,0,0,5,21113,0,21167,0,0,0,0,3589159,3598523,0,0,0,0,0,1000,1000,4796950
MPCTASK: EXP,0,428,21400,246,647,699,398,-147,-24,1518,527,-715,495,1084,700,197,286,700,0,0,0,0,0,0,0,0,0,0,0,0,0,0,0,5,25588,0,25642,0,0,0,0,4349793,4359156,0,0,0,0,0,1000,1000,4796950
MPCTASK: EXP,0,430,21495,226,607,694,190,-431,-30,1510,572,-894,559,984,700,82,133,700,0,0,0,0,0,0,0,0,0,0,0,0,0,0,0,5,20250,0,20873,0,0,0,0,3442404,3548467,0,0,0,0,0,1000,1000,4796950
MPCTASK: EXP,0,432,21598,186,550,688,-33,-677,-33,1287,737,-1035,576,860,700,-44,-4,700,0,0,0,0,0,0,0,0,0,0,0,0,0,0,0,5,21924,0,21982,0,0,0,0,3726999,3736936,0,0,0,0,0,1000,1000,4796950
MPCTASK: EXP,0,434,21695,120,435,678,-261,-922,-30,884,619,-1052,543,716,700,-160,-175,700,0,0,0,0,0,0,0,0,0,0,0,0,0,0,0,5,20130,0,20184,0,0,0,0,3422055,3431420,0,0,0,0,0,1000,1000,4796950
MPCTASK: EXP,0,436,21803,84,256,678,-394,-1147,55,377,539,-970,465,555,700,-215,-370,700,0,0,0,0,0,0,0,0,0,0,0,0,0,0,0,5,27330,0,27384,0,0,0,0,4646060,4655430,0,0,0,0,0,1000,1000,4796950
MPCTASK: EXP,0,438,21897,7,177,687,-541,-1098,90,-314,601,-718,349,381,700,-294,-409,700,0,0,0,0,0,0,0,0,0,0,0,0,0,0,0,5,22250,0,22307,0,0,0,0,3782415,3792212,0,0,0,0,0,1000,1000,4796950
MPCTASK: EXP,0,440,22000,-59,87,704,-629,-990,97,-507,360,-456,206,198,700,-317,-469,700,0,0,0,0,0,0,0,0,0,0,0,0,0,0,0,5,24573,0,24627,0,0,0,0,4177215,4186582,0,0,0,0,0,1000,1000,4796950
MPCTASK: EXP,0,442,22097,-133,12,716,-660,-897,69,-242,-151,-229,51,9,700,-311,-536,700,0,0,0,0,0,0,0,0,0,0,0,0,0,0,0,5,21224,0,21278,0,0,0,0,3608001,3617360,0,0,0,0,0,1000,1000,4796950
MPCTASK: EXP,0,444,22198,-190,-48,727,-596,-839,39,29,-546,-47,-99,-178,700,-268,-586,700,0,0,0,0,0,0,0,0,0,0,0,0,0,0,0,5,23016,0,23073,0,0,0,0,3912639,3922381,0,0,0,0,0,1000,1000,4796950
MPCTASK: EXP,0,446,22297,-242,-111,735,-482,-823,-4,229,-842,93,-233,-363,700,-215,-631,700,0,0,0,0,0,0,0,0,0,0,0,0,0,0,0,5,22212,0,22274,0,0,0,0,3775838,3786600,0,0,0,0,0,1000,1000,4796950
MPCTASK: EXP,0,448,22399,-272,-186,736,-311,-849,-51,324,-1081,178,-335,-539,700,-139,-678,700,0,0,0,0,0,0,0,0,0,0,0,0,0,0,0,5,23706,0,23760,0,0,0,0,4029684,4039149,0,0,0,0,0,1000,1000,4796950
MPCTASK: EXP,0,450,22494,-278,-265,725,-99,-885,-111,284,-1169,193,-395,-701,700,-57,-709,700,0,0,0,0,0,0,0,0,0,0,0,0,0,0,0,5,19100,0,19155,0,0,0,0,3246871,3256368,0,0,0,0,0,1000,1000,4796950
MPCTASK: EXP,0,452,22601,-250,-336,706,148,-889,-136,115,-1133,131,-409,-844,700,38,-707,700,0,0,0,0,0,0,0,0,0,0,0,0,0,0,0,5,25933,0,25988,0,0,0,0,4408619,4417980,0,0,0,0,0,1000,1000,4796950
MPCTASK: EXP,0,454,22698,-196,-400,688,395,-852,-95,-125,-987,3,-376,-964,700,128,-677,700,0,0,0,0,0,0,0,0,0,0,0,0,0,0,0,5,22973,0,23027,0,0,0,0,3905268,3914641,0,0,0,0,0,1000,1000,4796950
MPCTASK: EXP,0,456,22798,-131,-455,674,585,-764,-41,-421,-642,-135,-302,-1055,699,186,-617,699,0,0,0,0,0,0,0,0,0,0,0,0,0,0,0,5,21960,0,22015,0,0,0,0,3733155,3742704,0,0,0,0,0,1000,1000,4796950
MPCTASK: EXP,0,458,22896,-40,-495,672,715,-617,27,-687,-216,-256,-195,-1113,699,232,-533,699,0,0,0,0,0,0,0,0,0,0,0,0,0,0,0,5,19999,0,20404,0,0,0,0,3399788,3468799,0,0,0,0,0,1000,1000,4796950
MPCTASK: EXP,0,460,23001,59,-541,678,762,-463,67,-916,273,-300,-69,-1132,699,258,-462,699,0,0,0,0,0,0,0,0,0,0,0,0,0,0,0,5,25577,0,25636,0,0,0,0,4347972,4358170,0,0,0,0,0,1000,1000,4796950
MPCTASK: EXP,0,462,23094,145,-553,691,700,-246,82,-1144,802,-267,58,-1111,699,246,-366,699,0,0,0,0,0,0,0,0,0,0,0,0,0,0,0,5,19462,0,19594,0,0,0,0,3308444,3331065,0,0,0,0,0,1000,1000,4796950
MPCTASK: EXP,0,464,23198,209,-549,701,549,-10,39,-1264,1143,-196,173,-1048,699,231,-298,699,0,0,0,0,0,0,0,0,0,0,0,0,0,0,0,5,22673,0,22727,0,0,0,0,3854307,3863656,0,0,0,0,0,1000,1000,4796950
MPCTASK: EXP,0,466,23297,252,-515,708,352,235,1,-1184,1292,-105,261,-944,699,197,-212,699,0,0,0,0,0,0,0,0,0,0,0,0,0,0,0,5,21916,0,21970,0,0,0,0,3725639,3734932,0,0,0,0,0,1000,1000,4796950
MPCTASK: EXP,0,468,23399,278,-472,704,145,435,-50,-901,1198,-23,311,-804,700,173,-156,700,0,0,0,0,0,0,0,0,0,0,0,0,0,0,0,5,23887,0,23940,0,0,0,0,4060712,4069786,0,0,0,0,0,1000,1000,4796950
MPCTASK: EXP,0,470,23498,296,-409,698,-32,583,-41,-552,973,90,320,-638,700,167,-112,700,0,0,0,0,0,0,0,0,0,0,0,0,0,0,0,5,22261,0,22314,0,0,0,0,3784331,3793506,0,0,0,0,0,1000,1000,4796950
MPCTASK: EXP,0,472,23597,287,-348,692,-185,648,-20,-176,709,204,291,-459,700,153,-91,700,0,0,0,0,0,0,0,0,0,0,0,0,0,0,0,5,21668,0,21721,0,0,0,0,3683479,3692701,0,0,0,0,0,1000,1000,4796950
MPCTASK: EXP,0,474,23698,262,-276,693,-284,653,14,206,372,321,236,-286,700,138,-64,700,0,0,0,0,0,0,0,0,0,0,0,0,0,0,0,5,23248,0,23300,0,0,0,0,3952015,3961069,0,0,0,0,0,1000,1000,4796950
MPCTASK: EXP,0,476,23803,241,-231,697,-309,564,39,486,100,413,171,-138,700,126,-56,700,0,0,0,0,0,0,0,0,0,0,0,0,0,0,0,5,27552,0,27938,0,0,0,0,4683827,4749544,0,0,0,0,0,1000,1000,4796950
MPCTASK: EXP,0,478,23897,220,-190,706,-289,456,34,581,-68,473,116,-33,700,110,-35,700,0,0,0,0,0,0,0,0,0,0,0,0,0,0,0,5,20850,0,20902,0,0,0,0,3544447,3553381,0,0,0,0,0,1000,1000,4796950
MPCTASK: EXP,0,480,24000,204,-164,708,-246,343,1,497,-136,478,83,20,700,99,-26,700,0,0,0,0,0,0,0,0,0,0,0,0,0,0,0,5,24522,0,24572,0,0,0,0,4168660,4177374,0,0,0,0,0,1000,1000,4796950
MPCTASK: EXP,0,482,24095,200,-154,706,-190,245,-21,319,-105,451,76,32,700,121,-55,700,0,0,0,0,0,0,0,0,0,0,0,0,0,0,0,5,20134,0,20185,0,0,0,0,3422791,3431601,0,0,0,0,0,1000,1000,4796950
MPCTASK: TRAJ DONE: idx=482, max=482; requesting landing
MPCTASK: LANDING: start z=0.70, hold=(0.19,-0.15)
MPCTASK: TIMING SUMMARY: max_step_cycles=4796950 deadline_cycles=8400000 overruns=0
MPCTASK: LANDING COMPLETE: t=31344 ms, x=0.244, y=-0.124, z=-0.016, vz=-0.076; motors off
