SYS: Crazyflie 2.1 Brushless is up and running!
SYS: Build 2:de14ff9f08ae (2025.09.1 +2) MODIFIED
SYS: I am 0x373930393434471500370039 and I have 1024KB of flash!
CFGBLK: v1, verification [OK]
DECK_DISCOVERY: Backend found: onewire
DECK_DISCOVERY: Backend found: deckctrl
DECK_CORE: 1 deck(s) found
DECK_CORE: Calling INIT on driver bcFlow2 for deck 0
ZR2: Z-down sensor [OK]
PMW: Motion chip id: 0x49:0xB6
IMU: BMI088: Using I2C interface.
IMU: BMI088 Gyro connection [OK].
IMU: BMI088 Accel connection [OK]
IMU: BMP390 I2C connection [OK]
ESTIMATOR: Using Kalman (2) estimator
CONTROLLER: Using PID (1) controller
MTR-DRV: Using brushless motor driver
SYS: About to run tests in system.c.
SYS: NRF51 version: 2026.04 (C21B)
EEPROM: I2C connection [OK].
STORAGE: Storage check [OK].
IMU: BMI088 gyro self-test [OK]
DECK_CORE: Deck 0 test [OK].
SYS: Self test passed!
STAB: Wait for sensor calibration...
SYS: Free heap: 15048 bytes
MPCTASK: Waiting for activation ...
STAB: Starting stabilizer loop
ESTKALMAN: State out of bounds, resetting
STAB: WARNING: stabilizer loop rate is off (1004)
SUP: Ready to fly
MPCTASK: Benchmark mode 0, maneuver 4, max_iter 5, task_pri 0
MPCTASK: Reference altitude: 0.70 m; barrier skip when z>0.75 and vz>-0.20
MPCTASK: OOT takeoff: cfclient trigger>=0.15m ramp=0.15m/s forced_trajectory_start=5000ms timeout=12000ms
MPCTASK: Common baseline: mpc_hz=20 model_hz=20 rho=5 base_w=0 base_qz=1 Qz=100 R=4 bridge=x10 guards=z[ref,ref+0.20] xy=free cap=0.05
MPCTASK: MPC->PID: xyz=x10, z_guard=[ref,ref+0.20], yaw=raw_rz, output_hold=200ms, safety_hold=500ms
MPCTASK: Reference origin: xy=forced_5s_start z=0.70 m
MPCTASK: Fixed baseline: w=0 qz=1 adaptive_cache=off
MPCTASK: EXP every=2: m,s,tms,p3[mm],v3[mmps],att3[cdeg],ref3[mm],cmd3[mm],h/raw/grad/mar/thr[milli],act/ac/bind,wi/qi/cache/noa,pa/pf/du[milli],it,mpc/eval/total[us],bar/tanh/rl/cache/solve/step[cycles],overruns,post_active/post_infeasible_totals,wreq/w/qzreq/qz[milli],max_step_cycles
MPCTASK: Figure8: source=traj_fig8_12.h source_hz=100 samples=1205 laps=2 duration=24.07 s origin=forced_5s_start z_offset=0.09 m
CONTROLLER: Using OutOfTree (6) controller
MPCTASK: Trajectory origin: x=0.02 y=0.01
MPCTASK: OOT activated at z=0.0
MPCTASK: TAKEOFF START: trigger_z=0.15 start_z=0.0 target=0.70 hold=(0.01,0.04) ramp=0.15m/s
MPCTASK: OOT loop 1 done
MPCTASK: MPC task loop 1MPCTASK: OOT loop 2 done

MPCTASK: x0: pos=(0.01,0.04,0.0) vel=(0.0,0.08,-0.0)
MPCTASK: ref: (0.01,0.04,0.0)MPCTASK: OOT loop 3 done

MPCTASK: MPC solve start
MPCTASK: MPC solve done, iter=5
MPCTASK: MPC time=25743 us
MPCTASK: MPC stack free=1165 words
MPCTASK: setpoint: x=0.01 y=0.04 z=0.07 preview_z=0.07
MPCTASK: MPC task loop 2
MPCTASK: MPC task loop 3
MPCTASK: TAKEOFF COMPLETE: t=5000ms z=0.77 vz=0.0; trajectory queued origin=(-0.11,0.14)
MPCTASK: TRAJ START: z=0.77 origin=(-0.11,0.14) EXP clock reset
MPCTASK: EXP,0,2,73,-103,144,771,306,-172,4,565,-260,200,-110,147,700,-69,389,701,0,0,0,0,0,0,0,0,0,0,0,0,0,0,0,5,22427,0,22488,0,0,0,0,3812547,3822963,0,0,0,0,0,1000,1000,4175248
MPCTASK: EXP,0,4,176,-96,108,763,292,-210,-11,-558,167,104,-121,166,700,-49,442,700,0,0,0,0,0,0,0,0,0,0,0,0,0,0,0,5,25522,0,26226,0,0,0,0,4338651,4458638,0,0,0,0,0,1000,1000,4458638
MPCTASK: EXP,0,6,278,-55,147,766,249,34,21,-1445,453,19,-156,233,700,4,581,700,0,0,0,0,0,0,0,0,0,0,0,0,0,0,0,5,26833,0,27200,0,0,0,0,4561427,4623970,0,0,0,0,0,1000,1000,4623970
MPCTASK: EXP,0,8,375,-34,203,775,169,328,42,-1605,549,-23,-209,352,700,45,701,703,0,0,0,0,0,0,0,0,0,0,0,0,0,0,0,5,23791,0,24167,0,0,0,0,4044392,4108356,0,0,0,0,0,1000,1000,4623970
MPCTASK: EXP,0,10,474,-27,294,779,84,657,14,-1413,400,-82,-263,511,700,75,814,703,0,0,0,0,0,0,0,0,0,0,0,0,0,0,0,5,24318,0,24375,0,0,0,0,4134055,4143807,0,0,0,0,0,1000,1000,4623970
MPCTASK: EXP,0,12,572,-69,394,773,-6,888,1,-799,-24,-149,-302,690,700,76,886,701,0,0,0,0,0,0,0,0,0,0,0,0,0,0,0,5,21925,0,21977,0,0,0,0,3727132,3736278,0,0,0,0,0,1000,1000,4623970
MPCTASK: EXP,0,14,675,-59,525,763,57,1016,-56,-216,-508,-234,-309,869,700,136,947,700,0,0,0,0,0,0,0,0,0,0,0,0,0,0,0,5,23612,0,23982,0,0,0,0,4013979,4077064,0,0,0,0,0,1000,1000,4623970
MPCTASK: EXP,0,16,776,-48,572,768,145,960,10,208,-559,-265,-278,1030,700,164,905,700,0,0,0,0,0,0,0,0,0,0,0,0,0,0,0,5,24412,0,24629,0,0,0,0,4150031,4187086,0,0,0,0,0,1000,1000,4623970
MPCTASK: EXP,0,18,875,-85,683,778,180,880,60,751,-654,-396,-209,1158,699,134,884,704,0,0,0,0,0,0,0,0,0,0,0,0,0,0,0,5,23179,0,23233,0,0,0,0,3940444,3949748,0,0,0,0,0,1000,1000,4623970
MPCTASK: EXP,0,20,982,-109,740,795,242,681,64,1182,-1010,-731,-109,1247,699,118,797,712,0,0,0,0,0,0,0,0,0,0,0,0,0,0,0,5,30257,0,30310,0,0,0,0,5143523,5152832,0,0,0,0,0,1000,1000,5152832
MPCTASK: EXP,0,22,1076,-123,793,814,330,429,71,1444,-1126,-1076,9,1293,699,89,703,717,0,0,0,0,0,0,0,0,0,0,0,0,0,0,0,5,24534,0,24596,0,0,0,0,4170727,4181394,0,0,0,0,0,1000,1000,5152832
MPCTASK: EXP,0,24,1175,-114,813,816,407,174,-3,1445,-967,-1311,132,1295,699,49,600,713,0,0,0,0,0,0,0,0,0,0,0,0,0,0,0,5,23824,0,24088,0,0,0,0,4049868,4095126,0,0,0,0,0,1000,1000,5152832
MPCTASK: EXP,0,26,1277,-98,780,800,440,-128,-99,1273,-511,-1472,242,1256,699,-9,460,705,0,0,0,0,0,0,0,0,0,0,0,0,0,0,0,5,25792,0,26212,0,0,0,0,4384651,4456214,0,0,0,0,0,1000,1000,5152832
MPCTASK: EXP,0,28,1373,-167,681,766,301,-446,-143,854,-46,-1485,324,1180,700,-163,286,700,0,0,0,0,0,0,0,0,0,0,0,0,0,0,0,5,22002,0,22056,0,0,0,0,3740335,3749644,0,0,0,0,0,1000,1000,5152832
MPCTASK: EXP,0,30,1475,-203,636,741,174,-579,-113,696,237,-1509,369,1072,700,-276,177,700,0,0,0,0,0,0,0,0,0,0,0,0,0,0,0,5,24030,0,24260,0,0,0,0,4084979,4124404,0,0,0,0,0,1000,1000,5152832
MPCTASK: EXP,0,32,1577,-164,603,736,123,-651,-56,936,401,-1728,368,937,700,-304,66,700,0,0,0,0,0,0,0,0,0,0,0,0,0,0,0,5,24598,0,24660,0,0,0,0,4181475,4192286,0,0,0,0,0,1000,1000,5152832
MPCTASK: EXP,0,34,1681,-183,539,746,-36,-804,4,1244,193,-1928,320,781,700,-353,-82,700,0,0,0,0,0,0,0,0,0,0,0,0,0,0,0,5,28944,0,28998,0,0,0,0,4920439,4929753,0,0,0,0,0,1000,1000,5152832
MPCTASK: EXP,0,36,1781,-190,421,765,-113,-1056,100,1317,-172,-2001,230,609,700,-360,-272,704,0,0,0,0,0,0,0,0,0,0,0,0,0,0,0,5,28661,0,28719,0,0,0,0,4872203,4882380,0,0,0,0,0,1000,1000,5152832
MPCTASK: EXP,0,38,1876,-251,329,782,-203,-1222,130,700,-135,-1927,105,427,700,-407,-364,708,0,0,0,0,0,0,0,0,0,0,0,0,0,0,0,5,24043,0,24103,0,0,0,0,4086941,4097657,0,0,0,0,0,1000,1000,5152832
MPCTASK: EXP,0,40,1978,-308,240,779,-269,-1232,43,-381,391,-1700,-42,238,700,-458,-383,704,0,0,0,0,0,0,0,0,0,0,0,0,0,0,0,5,24225,0,24518,0,0,0,0,4118189,4168258,0,0,0,0,0,1000,1000,5152832
MPCTASK: EXP,0,42,2075,-352,146,779,-338,-1029,46,-898,447,-1365,-197,49,700,-452,-395,704,0,0,0,0,0,0,0,0,0,0,0,0,0,0,0,5,21904,0,21957,0,0,0,0,3723519,3732845,0,0,0,0,0,1000,1000,5152832
MPCTASK: EXP,0,44,2181,-413,77,787,-375,-861,54,-552,-131,-1086,-344,-137,700,-420,-436,707,0,0,0,0,0,0,0,0,0,0,0,0,0,0,0,5,27559,0,27613,0,0,0,0,4684911,4694241,0,0,0,0,0,1000,1000,5152832
MPCTASK: EXP,0,46,2278,-449,23,797,-299,-774,23,-194,-715,-767,-469,-315,700,-345,-474,708,0,0,0,0,0,0,0,0,0,0,0,0,0,0,0,5,25009,0,25071,0,0,0,0,4251379,4262084,0,0,0,0,0,1000,1000,5152832
MPCTASK: EXP,0,48,2381,-485,-42,809,-176,-765,-8,70,-1035,-439,-559,-481,700,-274,-524,711,0,0,0,0,0,0,0,0,0,0,0,0,0,0,0,5,25804,0,26051,0,0,0,0,4386571,4428777,0,0,0,0,0,1000,1000,5152832
MPCTASK: EXP,0,50,2487,-476,-101,809,23,-770,-76,188,-1202,-164,-605,-632,700,-169,-557,708,0,0,0,0,0,0,0,0,0,0,0,0,0,0,0,5,32560,0,32614,0,0,0,0,5535067,5544396,0,0,0,0,0,1000,1000,5544396
MPCTASK: EXP,0,52,2583,-441,-167,799,248,-789,-134,181,-1193,-23,-603,-763,700,-60,-581,703,0,0,0,0,0,0,0,0,0,0,0,0,0,0,0,5,27598,0,28006,0,0,0,0,4691612,4760993,0,0,0,0,0,1000,1000,5544396
MPCTASK: EXP,0,54,2678,-391,-232,778,471,-796,-146,76,-1060,-23,-552,-872,700,38,-592,700,0,0,0,0,0,0,0,0,0,0,0,0,0,0,0,5,24108,0,24170,0,0,0,0,4098295,4109012,0,0,0,0,0,1000,1000,5544396
MPCTASK: EXP,0,56,2778,-314,-310,758,682,-795,-118,-109,-865,-153,-458,-956,700,131,-599,700,0,0,0,0,0,0,0,0,0,0,0,0,0,0,0,5,23516,0,23572,0,0,0,0,3997707,4007372,0,0,0,0,0,1000,1000,5544396
MPCTASK: EXP,0,58,2877,-234,-383,742,828,-753,-61,-373,-515,-339,-329,-1013,700,184,-583,700,0,0,0,0,0,0,0,0,0,0,0,0,0,0,0,5,23020,0,23076,0,0,0,0,3913271,3923014,0,0,0,0,0,1000,1000,5544396
MPCTASK: EXP,0,60,2977,-111,-415,734,945,-620,-2,-539,-57,-529,-179,-1042,700,243,-514,700,0,0,0,0,0,0,0,0,0,0,0,0,0,0,0,5,22817,0,22871,0,0,0,0,3878851,3888181,0,0,0,0,0,1000,1000,5544396
MPCTASK: EXP,0,62,3081,3,-427,739,952,-450,66,-641,463,-674,-22,-1041,700,253,-421,700,0,0,0,0,0,0,0,0,0,0,0,0,0,0,0,5,26651,0,26705,0,0,0,0,4530516,4539841,0,0,0,0,0,1000,1000,5544396
MPCTASK: EXP,0,64,3181,101,-457,753,877,-330,101,-680,926,-731,125,-1011,700,227,-354,700,0,0,0,0,0,0,0,0,0,0,0,0,0,0,0,5,25596,0,25789,0,0,0,0,4351103,4384126,0,0,0,0,0,1000,1000,5544396
MPCTASK: EXP,0,66,3281,168,-471,771,664,-151,70,-886,1418,-707,251,-953,700,140,-248,703,0,0,0,0,0,0,0,0,0,0,0,0,0,0,0,5,25542,0,25595,0,0,0,0,4342095,4351262,0,0,0,0,0,1000,1000,5544396
MPCTASK: EXP,0,68,3376,225,-473,778,438,31,-11,-1027,1718,-613,341,-867,700,59,-142,702,0,0,0,0,0,0,0,0,0,0,0,0,0,0,0,5,20961,0,21015,0,0,0,0,3563155,3572481,0,0,0,0,0,1000,1000,5544396
MPCTASK: EXP,0,70,3481,252,-460,778,164,238,-75,-1182,1859,-463,387,-757,700,-41,-19,700,0,0,0,0,0,0,0,0,0,0,0,0,0,0,0,5,26163,0,26225,0,0,0,0,4447563,4458264,0,0,0,0,0,1000,1000,5544396
MPCTASK: EXP,0,72,3579,268,-423,768,-86,453,-128,-1236,1834,-303,384,-624,700,-118,109,700,0,0,0,0,0,0,0,0,0,0,0,0,0,0,0,5,23696,0,23750,0,0,0,0,4028308,4037575,0,0,0,0,0,1000,1000,5544396
MPCTASK: EXP,0,74,3680,246,-364,757,-405,701,-108,-1179,1572,-142,333,-473,700,-213,253,700,0,0,0,0,0,0,0,0,0,0,0,0,0,0,0,5,24006,0,24062,0,0,0,0,4080967,4090683,0,0,0,0,0,1000,1000,5544396
MPCTASK: EXP,0,76,3779,194,-271,750,-656,927,-69,-1046,1226,-5,238,-306,700,-291,406,700,0,0,0,0,0,0,0,0,0,0,0,0,0,0,0,5,23072,0,23126,0,0,0,0,3922239,3931564,0,0,0,0,0,1000,1000,5544396
MPCTASK: EXP,0,78,3883,137,-189,744,-824,1061,-33,-667,846,105,109,-128,700,-334,504,700,0,0,0,0,0,0,0,0,0,0,0,0,0,0,0,5,27159,0,27216,0,0,0,0,4616867,4626808,0,0,0,0,0,1000,1000,5544396
MPCTASK: EXP,0,80,3981,83,-125,746,-894,1088,18,-287,388,188,-40,56,700,-329,558,700,0,0,0,0,0,0,0,0,0,0,0,0,0,0,0,5,25202,0,25383,0,0,0,0,4284123,4315342,0,0,0,0,0,1000,1000,5544396
MPCTASK: EXP,0,82,4080,26,-69,752,-866,1022,44,-3,-85,277,-197,243,700,-291,584,700,0,0,0,0,0,0,0,0,0,0,0,0,0,0,0,5,23751,0,23804,0,0,0,0,4037611,4046774,0,0,0,0,0,1000,1000,5544396
MPCTASK: EXP,0,84,4182,-23,28,764,-785,1014,42,-46,-365,360,-346,427,700,-241,665,700,0,0,0,0,0,0,0,0,0,0,0,0,0,0,0,5,25771,0,25824,0,0,0,0,4380951,4390276,0,0,0,0,0,1000,1000,5544396
MPCTASK: EXP,0,86,4283,-67,98,765,-674,988,-38,-112,-540,460,-471,605,700,-183,713,700,0,0,0,0,0,0,0,0,0,0,0,0,0,0,0,5,26430,0,26488,0,0,0,0,4493079,4503048,0,0,0,0,0,1000,1000,5544396
MPCTASK: EXP,0,88,4382,-92,165,762,-550,981,-80,-182,-603,613,-561,771,700,-118,756,700,0,0,0,0,0,0,0,0,0,0,0,0,0,0,0,5,25355,0,25647,0,0,0,0,4310364,4360198,0,0,0,0,0,1000,1000,5544396
MPCTASK: EXP,0,90,4482,-120,226,750,-422,980,-150,-311,-688,753,-607,922,700,-62,791,700,0,0,0,0,0,0,0,0,0,0,0,0,0,0,0,5,24752,0,25202,0,0,0,0,4207731,4284449,0,0,0,0,0,1000,1000,5544396
MPCTASK: EXP,0,92,4583,-129,305,736,-268,1027,-113,-312,-796,900,-604,1054,700,6,834,700,0,0,0,0,0,0,0,0,0,0,0,0,0,0,0,5,26789,0,26842,0,0,0,0,4554071,4563234,0,0,0,0,0,1000,1000,5544396
MPCTASK: EXP,0,94,4683,-128,407,728,-92,1091,-74,-129,-962,924,-553,1164,700,75,880,700,0,0,0,0,0,0,0,0,0,0,0,0,0,0,0,5,26216,0,26575,0,0,0,0,4456583,4517821,0,0,0,0,0,1000,1000,5544396
MPCTASK: EXP,0,96,4784,-130,532,725,73,1116,-76,482,-1079,780,-458,1248,700,122,899,700,0,0,0,0,0,0,0,0,0,0,0,0,0,0,0,5,27470,0,27523,0,0,0,0,4669883,4679054,0,0,0,0,0,1000,1000,5544396
MPCTASK: EXP,0,98,4883,-128,612,726,235,967,-62,1020,-964,512,-330,1305,700,141,844,700,0,0,0,0,0,0,0,0,0,0,0,0,0,0,0,5,26958,0,27012,0,0,0,0,4582835,4592157,0,0,0,0,0,1000,1000,5544396
MPCTASK: EXP,0,100,4982,-126,679,727,370,748,-27,1188,-928,236,-179,1334,700,137,780,700,0,0,0,0,0,0,0,0,0,0,0,0,0,0,0,5,25924,0,25977,0,0,0,0,4406894,4416058,0,0,0,0,0,1000,1000,5544396
MPCTASK: EXP,0,102,5082,-117,713,725,461,495,-19,1186,-635,-92,-22,1334,700,103,686,700,0,0,0,0,0,0,0,0,0,0,0,0,0,0,0,5,25715,0,25777,0,0,0,0,4357375,4382249,0,0,0,0,0,1000,1000,5544396
MPCTASK: EXP,0,104,5185,-75,772,723,533,293,-9,1423,-426,-479,125,1304,700,86,605,700,0,0,0,0,0,0,0,0,0,0,0,0,0,0,0,5,26841,0,26896,0,0,0,0,4562915,4572523,0,0,0,0,0,1000,1000,5544396
MPCTASK: EXP,0,106,5282,-57,767,726,507,5,2,1396,-159,-763,251,1246,700,20,478,700,0,0,0,0,0,0,0,0,0,0,0,0,0,0,0,5,24959,0,25012,0,0,0,0,4242992,4252154,0,0,0,0,0,1000,1000,5544396
MPCTASK: EXP,0,108,5381,-52,719,725,405,-292,-5,1420,181,-1056,341,1160,700,-70,314,700,0,0,0,0,0,0,0,0,0,0,0,0,0,0,0,5,23432,0,23487,0,0,0,0,3983315,3992900,0,0,0,0,0,1000,1000,5544396
MPCTASK: EXP,0,110,5482,-9,662,724,317,-549,0,1476,317,-1284,387,1050,700,-108,146,700,0,0,0,0,0,0,0,0,0,0,0,0,0,0,0,5,24639,0,24709,0,0,0,0,4188415,4200621,0,0,0,0,0,1000,1000,5544396
MPCTASK: EXP,0,112,5585,-19,571,730,149,-832,38,1310,336,-1413,384,917,700,-188,-17,700,0,0,0,0,0,0,0,0,0,0,0,0,0,0,0,5,26847,0,26901,0,0,0,0,4563891,4573220,0,0,0,0,0,1000,1000,5544396
MPCTASK: EXP,0,114,5682,-68,502,730,-60,-962,22,623,783,-1390,333,766,700,-316,-91,700,0,0,0,0,0,0,0,0,0,0,0,0,0,0,0,5,24999,0,25053,0,0,0,0,4249759,4259073,0,0,0,0,0,1000,1000,5544396
MPCTASK: EXP,0,116,5782,-121,399,730,-287,-981,11,-87,1211,-1164,238,599,700,-426,-170,700,0,0,0,0,0,0,0,0,0,0,0,0,0,0,0,5,25144,0,25197,0,0,0,0,4274463,4283626,0,0,0,0,0,1000,1000,5544396
MPCTASK: EXP,0,118,5884,-171,342,733,-482,-859,0,-278,889,-812,109,421,700,-466,-207,700,0,0,0,0,0,0,0,0,0,0,0,0,0,0,0,5,26660,0,26720,0,0,0,0,4531742,4542448,0,0,0,0,0,1000,1000,5544396
MPCTASK: EXP,0,120,5985,-237,320,736,-605,-726,-6,-48,397,-385,-40,236,700,-485,-231,700,0,0,0,0,0,0,0,0,0,0,0,0,0,0,0,5,26930,0,26984,0,0,0,0,4577979,4587443,0,0,0,0,0,1000,1000,5544396
MPCTASK: EXP,0,122,6082,-336,250,740,-683,-752,-27,468,-126,79,-197,49,700,-497,-338,700,0,0,0,0,0,0,0,0,0,0,0,0,0,0,0,5,25015,0,25068,0,0,0,0,4252307,4261749,0,0,0,0,0,1000,1000,5544396
MPCTASK: EXP,0,124,6184,-439,151,748,-651,-879,-22,824,-864,488,-346,-135,700,-468,-465,700,0,0,0,0,0,0,0,0,0,0,0,0,0,0,0,5,26562,0,27044,0,0,0,0,4515477,4597520,0,0,0,0,0,1000,1000,5544396
MPCTASK: EXP,0,126,6282,-500,65,754,-464,-977,-42,724,-1304,688,-471,-312,700,-391,-541,700,0,0,0,0,0,0,0,0,0,0,0,0,0,0,0,5,24662,0,24724,0,0,0,0,4192416,4203134,0,0,0,0,0,1000,1000,5544396
MPCTASK: EXP,0,128,6384,-520,-17,743,-206,-1029,-117,538,-1382,717,-561,-479,700,-288,-594,700,0,0,0,0,0,0,0,0,0,0,0,0,0,0,0,5,26208,0,26262,0,0,0,0,4455183,4464509,0,0,0,0,0,1000,1000,5544396
MPCTASK: EXP,0,130,6484,-509,-114,721,77,-1069,-142,308,-1370,601,-607,-630,700,-169,-644,700,0,0,0,0,0,0,0,0,0,0,0,0,0,0,0,5,26041,0,26094,0,0,0,0,4426907,4436074,0,0,0,0,0,1000,1000,5544396
MPCTASK: EXP,0,132,6581,-470,-206,693,366,-1069,-134,80,-1294,359,-604,-762,700,-45,-674,700,0,0,0,0,0,0,0,0,0,0,0,0,0,0,0,5,24012,0,24066,0,0,0,0,4082035,4091361,0,0,0,0,0,1000,1000,5544396
MPCTASK: EXP,0,134,6682,-400,-304,678,636,-1046,-52,-145,-1096,48,-553,-871,700,75,-697,700,0,0,0,0,0,0,0,0,0,0,0,0,0,0,0,5,24628,0,24995,0,0,0,0,4186663,4249185,0,0,0,0,0,1000,1000,5544396
MPCTASK: EXP,0,136,6783,-321,-379,674,830,-963,31,-376,-751,-280,-458,-955,700,157,-679,700,0,0,0,0,0,0,0,0,0,0,0,0,0,0,0,5,25147,0,25565,0,0,0,0,4274823,4346232,0,0,0,0,0,1000,1000,5544396
MPCTASK: EXP,0,138,6885,-212,-447,680,968,-850,95,-580,-300,-566,-330,-1013,700,226,-643,700,0,0,0,0,0,0,0,0,0,0,0,0,0,0,0,5,26997,0,27551,0,0,0,0,4589389,4683978,0,0,0,0,0,1000,1000,5544396
MPCTASK: EXP,0,140,6978,-108,-491,693,1005,-686,137,-712,198,-781,-179,-1041,700,247,-575,700,0,0,0,0,0,0,0,0,0,0,0,0,0,0,0,5,21238,0,21292,0,0,0,0,3610315,3619637,0,0,0,0,0,1000,1000,5544396
MPCTASK: EXP,0,142,7083,12,-524,711,983,-506,137,-820,716,-868,-22,-1041,700,254,-492,700,0,0,0,0,0,0,0,0,0,0,0,0,0,0,0,5,26491,0,26548,0,0,0,0,4503403,4513170,0,0,0,0,0,1000,1000,5544396
MPCTASK: EXP,0,144,7181,95,-549,734,839,-324,119,-925,1200,-846,125,-1011,700,200,-402,700,0,0,0,0,0,0,0,0,0,0,0,0,0,0,0,5,23294,0,23348,0,0,0,0,3959899,3969355,0,0,0,0,0,1000,1000,5544396
MPCTASK: EXP,0,146,7282,163,-560,746,642,-123,34,-1065,1549,-742,251,-953,700,124,-295,700,0,0,0,0,0,0,0,0,0,0,0,0,0,0,0,5,24574,0,24628,0,0,0,0,4177428,4186748,0,0,0,0,0,1000,1000,5544396
MPCTASK: EXP,0,148,7384,203,-555,749,388,92,-56,-1160,1752,-591,341,-868,700,28,-178,700,0,0,0,0,0,0,0,0,0,0,0,0,0,0,0,5,27180,0,27234,0,0,0,0,4620443,4629769,0,0,0,0,0,1000,1000,5544396
MPCTASK: EXP,0,150,7479,232,-524,740,115,336,-118,-1205,1759,-401,387,-757,700,-60,-42,700,0,0,0,0,0,0,0,0,0,0,0,0,0,0,0,5,21749,0,22129,0,0,0,0,3697291,3762065,0,0,0,0,0,1000,1000,5544396
MPCTASK: EXP,0,152,7584,217,-474,725,-190,577,-134,-1180,1627,-220,384,-625,700,-169,99,700,0,0,0,0,0,0,0,0,0,0,0,0,0,0,0,5,24838,0,24892,0,0,0,0,4222355,4231681,0,0,0,0,0,1000,1000,5544396
MPCTASK: EXP,0,154,7683,169,-416,713,-476,784,-92,-1088,1329,-72,333,-473,700,-273,230,700,0,0,0,0,0,0,0,0,0,0,0,0,0,0,0,5,24923,0,24977,0,0,0,0,4236919,4246243,0,0,0,0,0,1000,1000,5544396
MPCTASK: EXP,0,156,7788,113,-330,708,-686,969,-23,-855,952,65,238,-306,700,-340,360,700,0,0,0,0,0,0,0,0,0,0,0,0,0,0,0,5,29839,0,29893,0,0,0,0,5072567,5081890,0,0,0,0,0,1000,1000,5544396
MPCTASK: EXP,0,158,7884,31,-223,709,-834,1096,27,-470,513,184,109,-128,700,-392,477,700,0,0,0,0,0,0,0,0,0,0,0,0,0,0,0,5,26100,0,26155,0,0,0,0,4436919,4446369,0,0,0,0,0,1000,1000,5544396
MPCTASK: EXP,0,160,7983,-18,-141,717,-841,1094,59,-79,84,305,-40,56,700,-371,536,700,0,0,0,0,0,0,0,0,0,0,0,0,0,0,0,5,24242,0,24295,0,0,0,0,4121036,4130356,0,0,0,0,0,1000,1000,5544396
MPCTASK: EXP,0,162,8084,-76,-40,726,-796,1077,46,75,-236,400,-197,243,700,-339,614,700,0,0,0,0,0,0,0,0,0,0,0,0,0,0,0,5,25491,0,25665,0,0,0,0,4333431,4363194,0,0,0,0,0,1000,1000,5544396
MPCTASK: EXP,0,164,8184,-110,39,736,-682,1023,34,89,-459,454,-346,427,700,-271,666,700,0,0,0,0,0,0,0,0,0,0,0,0,0,0,0,5,25980,0,26037,0,0,0,0,4416543,4426377,0,0,0,0,0,1000,1000,5544396
MPCTASK: EXP,0,166,8286,-153,101,740,-565,964,-14,13,-673,496,-471,605,700,-206,701,700,0,0,0,0,0,0,0,0,0,0,0,0,0,0,0,5,27717,0,27773,0,0,0,0,4711737,4721515,0,0,0,0,0,1000,1000,5544396
MPCTASK: EXP,0,168,8385,-169,171,735,-395,944,-88,-181,-796,611,-561,771,700,-122,753,700,0,0,0,0,0,0,0,0,0,0,0,0,0,0,0,5,25967,0,26021,0,0,0,0,4414252,4423576,0,0,0,0,0,1000,1000,5544396
MPCTASK: EXP,0,170,8485,-169,240,723,-222,970,-131,-394,-857,823,-607,922,700,-35,805,700,0,0,0,0,0,0,0,0,0,0,0,0,0,0,0,5,26018,0,26071,0,0,0,0,4422995,4432158,0,0,0,0,0,1000,1000,5544396
MPCTASK: EXP,0,172,8584,-160,300,707,-57,1006,-146,-385,-831,1008,-604,1054,700,37,831,700,0,0,0,0,0,0,0,0,0,0,0,0,0,0,0,5,25346,0,25400,0,0,0,0,4308727,4318048,0,0,0,0,0,1000,1000,5544396
MPCTASK: EXP,0,174,8684,-141,379,693,90,1052,-110,-119,-732,1076,-553,1164,700,97,851,700,0,0,0,0,0,0,0,0,0,0,0,0,0,0,0,5,26004,0,26154,0,0,0,0,4420751,4446346,0,0,0,0,0,1000,1000,5544396
MPCTASK: EXP,0,176,8783,-117,476,685,226,1045,-50,156,-585,1034,-458,1248,700,139,864,700,0,0,0,0,0,0,0,0,0,0,0,0,0,0,0,5,23000,0,23058,0,0,0,0,3909883,3919817,0,0,0,0,0,1000,1000,5544396
MPCTASK: EXP,0,178,8885,-87,560,685,328,977,-20,558,-477,926,-330,1305,700,163,838,700,0,0,0,0,0,0,0,0,0,0,0,0,0,0,0,5,25256,0,25308,0,0,0,0,4293383,4302546,0,0,0,0,0,1000,1000,5544396
MPCTASK: EXP,0,180,8989,-74,623,689,395,816,-4,1026,-518,775,-179,1334,700,159,767,700,0,0,0,0,0,0,0,0,0,0,0,0,0,0,0,5,28519,0,28583,0,0,0,0,4848111,4859102,0,0,0,0,0,1000,1000,5544396
MPCTASK: EXP,0,182,9084,-50,688,702,458,654,44,1245,-391,547,-22,1334,700,142,704,700,0,0,0,0,0,0,0,0,0,0,0,0,0,0,0,5,23695,0,23748,0,0,0,0,4028059,4037222,0,0,0,0,0,1000,1000,5544396
MPCTASK: EXP,0,184,9186,-18,733,709,501,371,27,1521,-200,98,125,1304,700,107,597,700,0,0,0,0,0,0,0,0,0,0,0,0,0,0,0,5,25920,0,25975,0,0,0,0,4406395,4415866,0,0,0,0,0,1000,1000,5544396
MPCTASK: EXP,0,186,9285,3,737,706,456,95,-66,1498,193,-410,250,1246,700,34,477,700,0,0,0,0,0,0,0,0,0,0,0,0,0,0,0,5,25290,0,25350,0,0,0,0,4299235,4309666,0,0,0,0,0,1000,1000,5544396
MPCTASK: EXP,0,188,9386,26,749,697,359,-150,-53,1614,200,-820,340,1161,700,-19,358,700,0,0,0,0,0,0,0,0,0,0,0,0,0,0,0,5,25242,0,25429,0,0,0,0,4291127,4323036,0,0,0,0,0,1000,1000,5544396
MPCTASK: EXP,0,190,9483,19,719,698,234,-436,16,1765,197,-1090,386,1051,700,-102,204,700,0,0,0,0,0,0,0,0,0,0,0,0,0,0,0,5,22955,0,23008,0,0,0,0,3902339,3911509,0,0,0,0,0,1000,1000,5544396
MPCTASK: EXP,0,192,9584,-7,652,704,45,-744,43,1363,542,-1264,382,919,700,-218,60,700,0,0,0,0,0,0,0,0,0,0,0,0,0,0,0,5,23257,0,23316,0,0,0,0,3953603,3963930,0,0,0,0,0,1000,1000,5544396
MPCTASK: EXP,0,194,9684,-58,551,700,-180,-937,3,736,917,-1154,331,768,700,-342,-67,700,0,0,0,0,0,0,0,0,0,0,0,0,0,0,0,5,23276,0,23330,0,0,0,0,3956796,3966131,0,0,0,0,0,1000,1000,5544396
MPCTASK: EXP,0,196,9785,-124,466,696,-419,-983,0,260,944,-928,236,601,700,-439,-155,700,0,0,0,0,0,0,0,0,0,0,0,0,0,0,0,5,24308,0,24366,0,0,0,0,4132183,4142234,0,0,0,0,0,1000,1000,5544396
MPCTASK: EXP,0,198,9884,-209,392,697,-602,-976,27,98,475,-649,108,423,700,-495,-234,700,0,0,0,0,0,0,0,0,0,0,0,0,0,0,0,5,22616,0,22669,0,0,0,0,3844612,3853797,0,0,0,0,0,1000,1000,5544396
MPCTASK: EXP,0,200,9987,-306,310,710,-677,-959,81,140,-108,-318,-41,237,700,-517,-316,700,0,0,0,0,0,0,0,0,0,0,0,0,0,0,0,5,25156,0,25375,0,0,0,0,4276463,4313787,0,0,0,0,0,1000,1000,5544396
MPCTASK: EXP,0,202,10086,-371,238,723,-625,-947,62,196,-527,-48,-196,48,700,-484,-383,700,0,0,0,0,0,0,0,0,0,0,0,0,0,0,0,5,24284,0,24337,0,0,0,0,4128155,4137350,0,0,0,0,0,1000,1000,5544396
MPCTASK: EXP,0,204,10185,-425,155,742,-515,-961,37,303,-816,152,-342,-139,700,-433,-452,700,0,0,0,0,0,0,0,0,0,0,0,0,0,0,0,5,22862,0,22916,0,0,0,0,3886571,3895770,0,0,0,0,0,1000,1000,5544396
MPCTASK: EXP,0,206,10286,-457,63,745,-350,-995,-35,342,-1005,290,-464,-321,700,-359,-519,700,0,0,0,0,0,0,0,0,0,0,0,0,0,0,0,5,24011,0,24073,0,0,0,0,4081715,4092460,0,0,0,0,0,1000,1000,5544396
MPCTASK: EXP,0,208,10388,-464,-19,736,-165,-1024,-102,309,-1109,329,-550,-491,700,-277,-559,700,0,0,0,0,0,0,0,0,0,0,0,0,0,0,0,5,25709,0,26036,0,0,0,0,4370411,4426042,0,0,0,0,0,1000,1000,5544396
MPCTASK: EXP,0,210,10489,-454,-135,721,77,-1063,-106,171,-1125,251,-593,-647,700,-184,-608,700,0,0,0,0,0,0,0,0,0,0,0,0,0,0,0,5,25672,0,25924,0,0,0,0,4364194,4407185,0,0,0,0,0,1000,1000,5544396
MPCTASK: EXP,0,212,10587,-407,-235,707,322,-1059,-83,-91,-1052,87,-588,-781,700,-84,-615,700,0,0,0,0,0,0,0,0,0,0,0,0,0,0,0,5,24932,0,24989,0,0,0,0,4238443,4248180,0,0,0,0,0,1000,1000,5544396
MPCTASK: EXP,0,214,10686,-358,-302,694,503,-984,-59,-361,-827,-94,-537,-890,700,-25,-572,700,0,0,0,0,0,0,0,0,0,0,0,0,0,0,0,5,23739,0,23792,0,0,0,0,4035591,4044794,0,0,0,0,0,1000,1000,5544396
MPCTASK: EXP,0,216,10790,-272,-387,688,676,-857,-3,-715,-432,-290,-448,-968,699,35,-520,699,0,0,0,0,0,0,0,0,0,0,0,0,0,0,0,5,27604,0,27657,0,0,0,0,4692559,4701920,0,0,0,0,0,1000,1000,5544396
MPCTASK: EXP,0,218,10886,-190,-447,691,741,-673,47,-1050,52,-422,-332,-1011,699,52,-438,699,0,0,0,0,0,0,0,0,0,0,0,0,0,0,0,5,23499,0,23821,0,0,0,0,3994655,4049541,0,0,0,0,0,1000,1000,5544396
MPCTASK: EXP,0,220,10984,-108,-491,698,722,-452,60,-1239,554,-488,-203,-1015,699,48,-356,699,0,0,0,0,0,0,0,0,0,0,0,0,0,0,0,5,21952,0,22006,0,0,0,0,3731731,3741093,0,0,0,0,0,1000,1000,5544396
MPCTASK: EXP,0,222,11090,-46,-506,709,631,-219,54,-1379,914,-491,-78,-977,699,27,-273,699,0,0,0,0,0,0,0,0,0,0,0,0,0,0,0,5,28153,0,28424,0,0,0,0,4785944,4832174,0,0,0,0,0,1000,1000,5544396
MPCTASK: EXP,0,224,11187,16,-501,718,490,43,21,-1377,1197,-431,26,-897,699,18,-202,699,0,0,0,0,0,0,0,0,0,0,0,0,0,0,0,5,24095,0,24148,0,0,0,0,4096059,4105262,0,0,0,0,0,1000,1000,5544396
MPCTASK: EXP,0,226,11286,50,-479,718,293,284,-30,-1199,1258,-347,100,-778,700,0,-159,700,0,0,0,0,0,0,0,0,0,0,0,0,0,0,0,5,23209,0,23263,0,0,0,0,3945560,3954762,0,0,0,0,0,1000,1000,5544396
MPCTASK: EXP,0,228,11387,80,-419,713,112,509,-54,-865,1083,-229,133,-626,700,-7,-93,700,0,0,0,0,0,0,0,0,0,0,0,0,0,0,0,5,24489,0,24542,0,0,0,0,4163027,4172229,0,0,0,0,0,1000,1000,5544396
MPCTASK: EXP,0,230,11486,95,-351,705,-37,647,-47,-432,812,-72,126,-453,700,-16,-40,700,0,0,0,0,0,0,0,0,0,0,0,0,0,0,0,5,23415,0,23468,0,0,0,0,3980467,3989670,0,0,0,0,0,1000,1000,5544396
MPCTASK: EXP,0,232,11588,82,-277,705,-164,696,-6,1,557,98,85,-274,700,-43,11,700,0,0,0,0,0,0,0,0,0,0,0,0,0,0,0,5,24818,0,24931,0,0,0,0,4218893,4238263,0,0,0,0,0,1000,1000,5544396
MPCTASK: EXP,0,234,11686,72,-220,705,-224,636,6,304,282,272,24,-108,700,-64,59,700,0,0,0,0,0,0,0,0,0,0,0,0,0,0,0,5,22925,0,22981,0,0,0,0,3897167,3906822,0,0,0,0,0,1000,1000,5544396
MPCTASK: EXP,0,236,11787,60,-159,710,-240,576,13,312,147,395,-38,23,700,-99,158,700,0,0,0,0,0,0,0,0,0,0,0,0,0,0,0,5,23697,0,23752,0,0,0,0,4028455,4037821,0,0,0,0,0,1000,1000,5544396
MPCTASK: EXP,0,238,11889,42,-131,712,-251,505,0,167,153,450,-86,108,700,-150,259,700,0,0,0,0,0,0,0,0,0,0,0,0,0,0,0,5,26129,0,26182,0,0,0,0,4441723,4450925,0,0,0,0,0,1000,1000,5544396
MPCTASK: EXP,0,240,11991,28,-112,709,-257,450,-17,-212,156,457,-107,142,700,-180,360,700,0,0,0,0,0,0,0,0,0,0,0,0,0,0,0,5,27181,0,27241,0,0,0,0,4620759,4631167,0,0,0,0,0,1000,1000,5544396
MPCTASK: EXP,0,242,12092,18,-95,704,-270,478,-27,-693,212,438,-110,146,700,-178,460,700,0,0,0,0,0,0,0,0,0,0,0,0,0,0,0,5,28681,0,28993,0,0,0,0,4875740,4928859,0,0,0,0,0,1000,1000,5544396
MPCTASK: EXP,0,244,12189,4,-68,704,-297,593,-2,-1072,209,400,-114,153,700,-150,545,700,0,0,0,0,0,0,0,0,0,0,0,0,0,0,0,5,25878,0,25933,0,0,0,0,4399131,4408689,0,0,0,0,0,1000,1000,5544396
MPCTASK: EXP,0,246,12287,-13,-37,710,-318,722,13,-1153,101,350,-139,199,700,-110,606,700,0,0,0,0,0,0,0,0,0,0,0,0,0,0,0,5,24036,0,24091,0,0,0,0,4086007,4095650,0,0,0,0,0,1000,1000,5544396
MPCTASK: EXP,0,248,12386,-43,30,713,-317,887,-1,-915,-187,285,-186,298,700,-64,678,700,0,0,0,0,0,0,0,0,0,0,0,0,0,0,0,5,22126,0,22465,0,0,0,0,3761251,3819209,0,0,0,0,0,1000,1000,5544396
MPCTASK: EXP,0,250,12486,-58,104,711,-247,990,-21,-616,-507,247,-242,444,700,4,727,700,0,0,0,0,0,0,0,0,0,0,0,0,0,0,0,5,22756,0,23132,0,0,0,0,3868367,3932541,0,0,0,0,0,1000,1000,5544396
MPCTASK: EXP,0,252,12588,-60,199,709,-118,1065,-23,-336,-736,242,-289,617,700,81,779,700,0,0,0,0,0,0,0,0,0,0,0,0,0,0,0,5,24452,0,24750,0,0,0,0,4156831,4207658,0,0,0,0,0,1000,1000,5544396
MPCTASK: EXP,0,254,12688,-47,271,709,24,1068,-22,-159,-805,265,-310,799,700,150,794,700,0,0,0,0,0,0,0,0,0,0,0,0,0,0,0,5,24291,0,24344,0,0,0,0,4129319,4138521,0,0,0,0,0,1000,1000,5544396
MPCTASK: EXP,0,256,12794,-22,370,707,183,1061,-24,55,-647,384,-295,969,700,201,814,700,0,0,0,0,0,0,0,0,0,0,0,0,0,0,0,5,28330,0,28385,0,0,0,0,4816003,4825368,0,0,0,0,0,1000,1000,5544396
MPCTASK: EXP,0,258,12895,14,456,705,298,1023,-59,184,-433,565,-241,1111,699,230,817,699,0,0,0,0,0,0,0,0,0,0,0,0,0,0,0,5,29538,0,29912,0,0,0,0,5021403,5085117,0,0,0,0,0,1000,1000,5544396
MPCTASK: EXP,0,260,12992,72,475,693,385,865,-102,396,-83,709,-152,1217,699,246,730,699,0,0,0,0,0,0,0,0,0,0,0,0,0,0,0,5,26409,0,26671,0,0,0,0,4489576,4534256,0,0,0,0,0,1000,1000,5544396
MPCTASK: EXP,0,262,13091,106,522,687,379,754,-59,420,228,818,-39,1280,699,211,681,699,0,0,0,0,0,0,0,0,0,0,0,0,0,0,0,5,25671,0,25927,0,0,0,0,4364044,4407610,0,0,0,0,0,1000,1000,5544396
MPCTASK: EXP,0,264,13193,117,593,686,303,653,-39,844,329,705,83,1299,699,149,622,699,0,0,0,0,0,0,0,0,0,0,0,0,0,0,0,5,27219,0,27272,0,0,0,0,4627019,4636222,0,0,0,0,0,1000,1000,5544396
MPCTASK: EXP,0,266,13292,139,597,688,252,388,-18,1230,407,492,200,1276,699,93,486,699,0,0,0,0,0,0,0,0,0,0,0,0,0,0,0,5,26476,0,26529,0,0,0,0,4500799,4510000,0,0,0,0,0,1000,1000,5544396
MPCTASK: EXP,0,268,13392,174,634,692,198,183,9,1220,620,150,295,1214,699,39,405,699,0,0,0,0,0,0,0,0,0,0,0,0,0,0,0,5,27238,0,27292,0,0,0,0,4630419,4639622,0,0,0,0,0,1000,1000,5544396
MPCTASK: EXP,0,270,13491,126,642,690,-15,-57,-6,1365,783,-64,356,1118,700,-102,294,700,0,0,0,0,0,0,0,0,0,0,0,0,0,0,0,5,24963,0,25224,0,0,0,0,4243628,4288200,0,0,0,0,0,1000,1000,5544396
MPCTASK: EXP,0,272,13595,115,612,685,-163,-300,-35,1180,864,-102,374,994,700,-189,171,700,0,0,0,0,0,0,0,0,0,0,0,0,0,0,0,5,29287,0,29348,0,0,0,0,4978815,4989284,0,0,0,0,0,1000,1000,5544396
MPCTASK: EXP,0,274,13694,11,560,674,-445,-516,-58,879,999,-23,345,846,700,-358,53,700,0,0,0,0,0,0,0,0,0,0,0,0,0,0,0,5,26650,0,26865,0,0,0,0,4530416,4567190,0,0,0,0,0,1000,1000,5544396
MPCTASK: EXP,0,276,13793,-84,529,665,-663,-640,-57,1003,667,109,271,679,700,-457,-59,700,0,0,0,0,0,0,0,0,0,0,0,0,0,0,0,5,26591,0,26789,0,0,0,0,4520372,4554293,0,0,0,0,0,1000,1000,5544396
MPCTASK: EXP,0,278,13894,-215,482,661,-786,-816,-33,1210,-135,406,158,501,700,-524,-175,700,0,0,0,0,0,0,0,0,0,0,0,0,0,0,0,5,26393,0,26633,0,0,0,0,4486575,4527633,0,0,0,0,0,1000,1000,5544396
MPCTASK: EXP,0,280,13992,-331,398,664,-744,-1014,63,913,-535,494,18,314,700,-547,-293,700,0,0,0,0,0,0,0,0,0,0,0,0,0,0,0,5,24728,0,24782,0,0,0,0,4203751,4213118,0,0,0,0,0,1000,1000,5544396
MPCTASK: EXP,0,282,14094,-417,338,677,-638,-1071,113,564,-802,486,-135,124,700,-528,-347,700,0,0,0,0,0,0,0,0,0,0,0,0,0,0,0,5,26190,0,26382,0,0,0,0,4452191,4484922,0,0,0,0,0,1000,1000,5544396
MPCTASK: EXP,0,284,14194,-484,225,695,-501,-1133,117,296,-979,446,-287,-63,700,-482,-440,700,0,0,0,0,0,0,0,0,0,0,0,0,0,0,0,5,26192,0,26644,0,0,0,0,4452519,4529645,0,0,0,0,0,1000,1000,5544396
MPCTASK: EXP,0,286,14293,-525,112,707,-348,-1164,78,79,-1122,377,-422,-245,700,-413,-520,700,0,0,0,0,0,0,0,0,0,0,0,0,0,0,0,5,25646,0,25906,0,0,0,0,4359711,4404134,0,0,0,0,0,1000,1000,5544396
MPCTASK: EXP,0,288,14393,-550,-1,712,-134,-1129,22,-113,-1204,249,-528,-416,700,-321,-579,700,0,0,0,0,0,0,0,0,0,0,0,0,0,0,0,5,25178,0,25231,0,0,0,0,4280203,4289406,0,0,0,0,0,1000,1000,5544396
MPCTASK: EXP,0,290,14501,-553,-104,711,72,-1087,-5,-139,-1232,85,-592,-574,700,-225,-628,700,0,0,0,0,0,0,0,0,0,0,0,0,0,0,0,5,33583,0,33639,0,0,0,0,5709123,5718772,0,0,0,0,0,1000,1000,5718772
MPCTASK: EXP,0,292,14593,-531,-168,706,291,-997,-31,-176,-1191,-137,-610,-713,700,-123,-629,700,0,0,0,0,0,0,0,0,0,0,0,0,0,0,0,5,25925,0,26355,0,0,0,0,4407216,4480439,0,0,0,0,0,1000,1000,5718772
MPCTASK: EXP,0,294,14694,-483,-250,698,500,-966,-33,-198,-1135,-345,-578,-832,700,-19,-650,700,0,0,0,0,0,0,0,0,0,0,0,0,0,0,0,5,26508,0,26569,0,0,0,0,4506323,4516786,0,0,0,0,0,1000,1000,5718772
MPCTASK: EXP,0,296,14793,-413,-324,681,726,-890,-37,-303,-897,-598,-500,-926,700,77,-643,700,0,0,0,0,0,0,0,0,0,0,0,0,0,0,0,5,25518,0,25572,0,0,0,0,4337903,4347265,0,0,0,0,0,1000,1000,5718772
MPCTASK: EXP,0,298,14895,-330,-376,680,879,-793,43,-378,-597,-782,-384,-994,700,147,-610,700,0,0,0,0,0,0,0,0,0,0,0,0,0,0,0,5,27891,0,27945,0,0,0,0,4741347,4750714,0,0,0,0,0,1000,1000,5718772
MPCTASK: EXP,0,300,14995,-253,-427,691,944,-699,100,-434,-272,-905,-241,-1034,700,171,-571,700,0,0,0,0,0,0,0,0,0,0,0,0,0,0,0,5,27767,0,27821,0,0,0,0,4720366,4729573,0,0,0,0,0,1000,1000,5718772
MPCTASK: EXP,0,302,15093,-162,-465,706,979,-597,108,-553,79,-946,-85,-1045,700,184,-513,700,0,0,0,0,0,0,0,0,0,0,0,0,0,0,0,5,25174,0,25375,0,0,0,0,4279439,4313799,0,0,0,0,0,1000,1000,5718772
MPCTASK: EXP,0,304,15195,-53,-501,720,942,-439,72,-787,677,-886,68,-1026,700,169,-428,700,0,0,0,0,0,0,0,0,0,0,0,0,0,0,0,5,25957,0,26011,0,0,0,0,4412604,4421964,0,0,0,0,0,1000,1000,5718772
MPCTASK: EXP,0,306,15298,45,-527,732,831,-262,31,-1021,1226,-750,204,-979,700,127,-331,700,0,0,0,0,0,0,0,0,0,0,0,0,0,0,0,5,29709,0,29763,0,0,0,0,5050351,5059712,0,0,0,0,0,1000,1000,5718772
MPCTASK: EXP,0,308,15394,104,-531,744,611,-42,-12,-1188,1581,-587,310,-905,700,43,-216,700,0,0,0,0,0,0,0,0,0,0,0,0,0,0,0,5,25912,0,25965,0,0,0,0,4404943,4414146,0,0,0,0,0,1000,1000,5718772
MPCTASK: EXP,0,310,15496,155,-511,738,364,201,-100,-1257,1713,-398,374,-804,700,-35,-83,700,0,0,0,0,0,0,0,0,0,0,0,0,0,0,0,5,24914,0,25396,0,0,0,0,4235207,4317378,0,0,0,0,0,1000,1000,5718772
MPCTASK: EXP,0,312,15596,176,-472,723,79,449,-150,-1296,1720,-194,391,-680,700,-127,57,700,0,0,0,0,0,0,0,0,0,0,0,0,0,0,0,5,26263,0,26323,0,0,0,0,4464579,4474929,0,0,0,0,0,1000,1000,5718772
MPCTASK: EXP,0,314,15695,168,-403,707,-218,708,-138,-1224,1578,-10,359,-536,700,-220,212,700,0,0,0,0,0,0,0,0,0,0,0,0,0,0,0,5,24564,0,24866,0,0,0,0,4175772,4227166,0,0,0,0,0,1000,1000,5718772
MPCTASK: EXP,0,316,15795,122,-329,698,-502,916,-68,-1057,1293,114,281,-374,700,-311,346,700,0,0,0,0,0,0,0,0,0,0,0,0,0,0,0,5,24203,0,24258,0,0,0,0,4114431,4123794,0,0,0,0,0,1000,1000,5718772
MPCTASK: EXP,0,318,15896,54,-236,693,-720,1068,-4,-642,855,197,164,-200,700,-376,458,700,0,0,0,0,0,0,0,0,0,0,0,0,0,0,0,5,24231,0,24285,0,0,0,0,4119175,4128536,0,0,0,0,0,1000,1000,5718772
MPCTASK: EXP,0,320,15998,-15,-117,693,-829,1151,33,-185,387,274,21,-18,700,-399,566,700,0,0,0,0,0,0,0,0,0,0,0,0,0,0,0,5,27016,0,27074,0,0,0,0,4592719,4602608,0,0,0,0,0,1000,1000,5718772
MPCTASK: EXP,0,322,16095,-77,-32,700,-831,1111,70,116,-31,327,-134,168,700,-378,620,700,0,0,0,0,0,0,0,0,0,0,0,0,0,0,0,5,23892,0,23946,0,0,0,0,4061535,4071027,0,0,0,0,0,1000,1000,5718772
MPCTASK: EXP,0,324,16194,-151,51,715,-784,1046,83,192,-424,361,-288,354,700,-348,673,700,0,0,0,0,0,0,0,0,0,0,0,0,0,0,0,5,22979,0,23041,0,0,0,0,3906319,3917086,0,0,0,0,0,1000,1000,5718772
MPCTASK: EXP,0,326,16295,-196,126,727,-650,982,48,96,-746,395,-425,535,700,-275,722,700,0,0,0,0,0,0,0,0,0,0,0,0,0,0,0,5,23559,0,23613,0,0,0,0,4005102,4014306,0,0,0,0,0,1000,1000,5718772
MPCTASK: EXP,0,328,16397,-223,205,732,-473,959,-23,-77,-960,461,-530,706,700,-186,780,700,0,0,0,0,0,0,0,0,0,0,0,0,0,0,0,5,25972,0,26025,0,0,0,0,4415047,4424250,0,0,0,0,0,1000,1000,5718772
MPCTASK: EXP,0,330,16496,-236,264,725,-281,949,-111,-289,-1034,567,-594,864,700,-100,819,700,0,0,0,0,0,0,0,0,0,0,0,0,0,0,0,5,24395,0,24449,0,0,0,0,4146968,4156328,0,0,0,0,0,1000,1000,5718772
MPCTASK: EXP,0,332,16598,-224,334,707,-69,984,-162,-337,-1044,676,-611,1004,700,-6,858,700,0,0,0,0,0,0,0,0,0,0,0,0,0,0,0,5,27161,0,27224,0,0,0,0,4617407,4628145,0,0,0,0,0,1000,1000,5718772
MPCTASK: EXP,0,334,16696,-201,412,691,135,1017,-136,-79,-987,741,-579,1123,700,80,876,700,0,0,0,0,0,0,0,0,0,0,0,0,0,0,0,5,23213,0,23267,0,0,0,0,3946175,3955542,0,0,0,0,0,1000,1000,5718772
MPCTASK: EXP,0,336,16797,-162,495,677,328,999,-85,230,-750,835,-501,1218,700,143,877,700,0,0,0,0,0,0,0,0,0,0,0,0,0,0,0,5,24596,0,24650,0,0,0,0,4181203,4190560,0,0,0,0,0,1000,1000,5718772
MPCTASK: EXP,0,338,16898,-123,540,673,446,882,5,397,-454,892,-385,1286,700,174,828,700,0,0,0,0,0,0,0,0,0,0,0,0,0,0,0,5,25828,0,26223,0,0,0,0,4390700,4457902,0,0,0,0,0,1000,1000,5718772
MPCTASK: EXP,0,340,16995,-83,612,679,509,792,34,602,-338,718,-241,1326,700,186,794,700,0,0,0,0,0,0,0,0,0,0,0,0,0,0,0,5,22833,0,23229,0,0,0,0,3881479,3948961,0,0,0,0,0,1000,1000,5718772
MPCTASK: EXP,0,342,17098,-50,686,688,538,672,22,949,-195,442,-85,1337,700,166,744,700,0,0,0,0,0,0,0,0,0,0,0,0,0,0,0,5,24773,0,25061,0,0,0,0,4211388,4260524,0,0,0,0,0,1000,1000,5718772
MPCTASK: EXP,0,344,17197,-22,731,688,519,465,-2,1242,111,189,68,1319,700,111,656,700,0,0,0,0,0,0,0,0,0,0,0,0,0,0,0,5,24026,0,24217,0,0,0,0,4084458,4116967,0,0,0,0,0,1000,1000,5718772
MPCTASK: EXP,0,346,17298,-5,756,698,428,234,6,1346,375,-62,204,1272,700,37,554,700,0,0,0,0,0,0,0,0,0,0,0,0,0,0,0,5,24969,0,25420,0,0,0,0,4244535,4321433,0,0,0,0,0,1000,1000,5718772
MPCTASK: EXP,0,348,17399,-20,767,699,278,-13,-24,1593,411,-311,310,1197,700,-64,430,700,0,0,0,0,0,0,0,0,0,0,0,0,0,0,0,5,26603,0,26983,0,0,0,0,4522347,4587164,0,0,0,0,0,1000,1000,5718772
MPCTASK: EXP,0,350,17496,-46,766,697,134,-245,-59,1655,456,-481,374,1097,700,-175,317,700,0,0,0,0,0,0,0,0,0,0,0,0,0,0,0,5,24335,0,24396,0,0,0,0,4136832,4147422,0,0,0,0,0,1000,1000,5718772
MPCTASK: EXP,0,352,17592,-102,716,686,-84,-553,-78,1416,625,-558,391,973,700,-312,167,700,0,0,0,0,0,0,0,0,0,0,0,0,0,0,0,5,20160,0,20214,0,0,0,0,3427064,3436428,0,0,0,0,0,1000,1000,5718772
MPCTASK: EXP,0,354,17695,-182,654,678,-300,-778,-59,1155,571,-453,359,828,700,-437,36,700,0,0,0,0,0,0,0,0,0,0,0,0,0,0,0,5,22693,0,23103,0,0,0,0,3857711,3927616,0,0,0,0,0,1000,1000,5718772
MPCTASK: EXP,0,356,17795,-279,583,669,-481,-948,-32,946,389,-219,281,667,700,-540,-86,700,0,0,0,0,0,0,0,0,0,0,0,0,0,0,0,5,22977,0,23029,0,0,0,0,3905855,3915058,0,0,0,0,0,1000,1000,5718772
MPCTASK: EXP,0,358,17901,-377,484,667,-573,-1092,10,570,-114,75,164,493,700,-589,-204,700,0,0,0,0,0,0,0,0,0,0,0,0,0,0,0,5,27807,0,27861,0,0,0,0,4727127,4736492,0,0,0,0,0,1000,1000,5718772
MPCTASK: EXP,0,360,17998,-468,371,674,-567,-1163,94,179,-447,302,21,310,700,-607,-306,700,0,0,0,0,0,0,0,0,0,0,0,0,0,0,0,5,25628,0,25685,0,0,0,0,4356595,4366410,0,0,0,0,0,1000,1000,5718772
MPCTASK: EXP,0,362,18097,-519,275,700,-463,-1125,161,-68,-709,441,-134,124,700,-563,-372,700,0,0,0,0,0,0,0,0,0,0,0,0,0,0,0,5,24836,0,24890,0,0,0,0,4222071,4231274,0,0,0,0,0,1000,1000,5718772
MPCTASK: EXP,0,364,18196,-551,163,720,-329,-1099,116,-73,-831,489,-288,-61,700,-497,-457,700,0,0,0,0,0,0,0,0,0,0,0,0,0,0,0,5,23544,0,23695,0,0,0,0,4002431,4028188,0,0,0,0,0,1000,1000,5718772
MPCTASK: EXP,0,366,18297,-573,48,726,-189,-1086,11,-75,-906,451,-425,-242,700,-421,-539,700,0,0,0,0,0,0,0,0,0,0,0,0,0,0,0,5,24029,0,24082,0,0,0,0,4084699,4094068,0,0,0,0,0,1000,1000,5718772
MPCTASK: EXP,0,368,18398,-573,-28,722,-21,-1016,-38,-82,-958,312,-530,-414,700,-324,-573,700,0,0,0,0,0,0,0,0,0,0,0,0,0,0,0,5,25113,0,25166,0,0,0,0,4269128,4278330,0,0,0,0,0,1000,1000,5718772
MPCTASK: EXP,0,370,18495,-555,-115,715,166,-985,-50,10,-1022,107,-594,-571,700,-214,-619,700,0,0,0,0,0,0,0,0,0,0,0,0,0,0,0,5,22583,0,23080,0,0,0,0,3838971,3923564,0,0,0,0,0,1000,1000,5718772
MPCTASK: EXP,0,372,18597,-520,-194,707,367,-956,-40,14,-1045,-131,-611,-711,700,-103,-649,700,0,0,0,0,0,0,0,0,0,0,0,0,0,0,0,5,24490,0,24550,0,0,0,0,4163188,4173542,0,0,0,0,0,1000,1000,5718772
MPCTASK: EXP,0,374,18702,-455,-268,699,582,-934,-33,-35,-986,-359,-579,-830,700,12,-664,700,0,0,0,0,0,0,0,0,0,0,0,0,0,0,0,5,28590,0,28644,0,0,0,0,4860307,4869679,0,0,0,0,0,1000,1000,5718772
MPCTASK: EXP,0,376,18802,-365,-347,685,782,-905,-39,-222,-743,-573,-501,-925,700,115,-667,700,0,0,0,0,0,0,0,0,0,0,0,0,0,0,0,5,28156,0,28212,0,0,0,0,4786376,4796184,0,0,0,0,0,1000,1000,5718772
MPCTASK: EXP,0,378,18897,-269,-415,682,916,-831,26,-400,-394,-772,-385,-993,700,187,-644,700,0,0,0,0,0,0,0,0,0,0,0,0,0,0,0,5,24184,0,24238,0,0,0,0,4111331,4120534,0,0,0,0,0,1000,1000,5718772
MPCTASK: EXP,0,380,18998,-173,-465,693,968,-709,98,-535,-22,-935,-241,-1033,700,220,-593,700,0,0,0,0,0,0,0,0,0,0,0,0,0,0,0,5,25390,0,25451,0,0,0,0,4316194,4326791,0,0,0,0,0,1000,1000,5718772
MPCTASK: EXP,0,382,19101,-68,-513,709,968,-578,119,-686,424,-998,-85,-1045,700,228,-532,700,0,0,0,0,0,0,0,0,0,0,0,0,0,0,0,5,27522,0,27576,0,0,0,0,4678772,4687974,0,0,0,0,0,1000,1000,5718772
MPCTASK: EXP,0,384,19197,26,-550,726,889,-417,93,-880,917,-960,68,-1027,700,198,-450,700,0,0,0,0,0,0,0,0,0,0,0,0,0,0,0,5,23763,0,23818,0,0,0,0,4039679,4049203,0,0,0,0,0,1000,1000,5718772
MPCTASK: EXP,0,386,19297,108,-564,737,739,-210,27,-1089,1374,-835,204,-980,700,142,-339,700,0,0,0,0,0,0,0,0,0,0,0,0,0,0,0,5,23789,0,23842,0,0,0,0,4044012,4053214,0,0,0,0,0,1000,1000,5718772
MPCTASK: EXP,0,388,19397,168,-560,743,515,28,-42,-1205,1659,-660,310,-905,700,61,-216,700,0,0,0,0,0,0,0,0,0,0,0,0,0,0,0,5,23742,0,23802,0,0,0,0,4035944,4046427,0,0,0,0,0,1000,1000,5718772
MPCTASK: EXP,0,390,19498,207,-537,737,260,271,-110,-1239,1738,-469,374,-804,700,-26,-85,700,0,0,0,0,0,0,0,0,0,0,0,0,0,0,0,5,23981,0,24035,0,0,0,0,4076767,4086132,0,0,0,0,0,1000,1000,5718772
MPCTASK: EXP,0,392,19598,224,-487,721,-16,525,-159,-1263,1724,-251,391,-680,700,-116,65,700,0,0,0,0,0,0,0,0,0,0,0,0,0,0,0,5,24314,0,24778,0,0,0,0,4133223,4212392,0,0,0,0,0,1000,1000,5718772
MPCTASK: EXP,0,394,19696,207,-417,706,-313,772,-129,-1189,1560,-75,359,-536,700,-215,217,700,0,0,0,0,0,0,0,0,0,0,0,0,0,0,0,5,23375,0,23429,0,0,0,0,3973727,3982928,0,0,0,0,0,1000,1000,5718772
MPCTASK: EXP,0,396,19802,158,-332,697,-582,977,-64,-945,1237,41,281,-374,700,-302,353,700,0,0,0,0,0,0,0,0,0,0,0,0,0,0,0,5,27268,0,27626,0,0,0,0,4635507,4696433,0,0,0,0,0,1000,1000,5718772
MPCTASK: EXP,0,398,19902,103,-225,694,-760,1114,5,-497,797,135,164,-200,700,-347,470,700,0,0,0,0,0,0,0,0,0,0,0,0,0,0,0,5,26859,0,26912,0,0,0,0,4565943,4575146,0,0,0,0,0,1000,1000,5718772
MPCTASK: EXP,0,400,20003,43,-139,700,-839,1124,59,-92,369,204,21,-18,700,-358,538,700,0,0,0,0,0,0,0,0,0,0,0,0,0,0,0,5,28165,0,28221,0,0,0,0,4787959,4797592,0,0,0,0,0,1000,1000,5718772
MPCTASK: EXP,0,402,20099,-29,-44,706,-856,1097,48,68,20,263,-134,168,700,-355,612,700,0,0,0,0,0,0,0,0,0,0,0,0,0,0,0,5,24910,0,25197,0,0,0,0,4234616,4283616,0,0,0,0,0,1000,1000,5718772
MPCTASK: EXP,0,404,20198,-77,37,719,-782,1040,55,108,-343,326,-288,354,700,-300,666,700,0,0,0,0,0,0,0,0,0,0,0,0,0,0,0,5,23445,0,23745,0,0,0,0,3985464,4036666,0,0,0,0,0,1000,1000,5718772
MPCTASK: EXP,0,406,20302,-112,125,726,-652,1006,16,35,-595,371,-425,535,700,-225,729,700,0,0,0,0,0,0,0,0,0,0,0,0,0,0,0,5,26915,0,26967,0,0,0,0,4575372,4584575,0,0,0,0,0,1000,1000,5718772
MPCTASK: EXP,0,408,20400,-133,193,724,-489,969,-42,-68,-785,388,-530,706,700,-137,769,700,0,0,0,0,0,0,0,0,0,0,0,0,0,0,0,5,25752,0,25806,0,0,0,0,4377723,4387089,0,0,0,0,0,1000,1000,5718772
MPCTASK: EXP,0,410,20501,-141,258,720,-300,950,-67,-145,-942,418,-594,864,700,-41,803,700,0,0,0,0,0,0,0,0,0,0,0,0,0,0,0,5,27261,0,27315,0,0,0,0,4634291,4643678,0,0,0,0,0,1000,1000,5718772
MPCTASK: EXP,0,412,20599,-131,312,710,-94,929,-83,-147,-956,462,-611,1004,700,51,814,700,0,0,0,0,0,0,0,0,0,0,0,0,0,0,0,5,24763,0,24823,0,0,0,0,4209628,4219964,0,0,0,0,0,1000,1000,5718772
MPCTASK: EXP,0,414,20705,-97,388,700,115,940,-87,-116,-877,543,-579,1123,700,139,842,700,0,0,0,0,0,0,0,0,0,0,0,0,0,0,0,5,29459,0,29871,0,0,0,0,5007932,5078051,0,0,0,0,0,1000,1000,5718772
MPCTASK: EXP,0,416,20798,-59,436,687,269,900,-94,-45,-558,712,-501,1217,700,190,827,700,0,0,0,0,0,0,0,0,0,0,0,0,0,0,0,5,23750,0,23803,0,0,0,0,4037445,4046646,0,0,0,0,0,1000,1000,5718772
MPCTASK: EXP,0,418,20900,-18,493,677,358,862,-63,93,-325,851,-384,1286,700,218,803,700,0,0,0,0,0,0,0,0,0,0,0,0,0,0,0,5,26020,0,26074,0,0,0,0,4423211,4432573,0,0,0,0,0,1000,1000,5718772
MPCTASK: EXP,0,420,20998,21,567,675,408,810,-40,461,-122,837,-241,1326,700,218,774,700,0,0,0,0,0,0,0,0,0,0,0,0,0,0,0,5,24402,0,24467,0,0,0,0,4148335,4159541,0,0,0,0,0,1000,1000,5718772
MPCTASK: EXP,0,422,21103,43,639,677,385,693,14,767,211,788,-85,1337,700,171,726,700,0,0,0,0,0,0,0,0,0,0,0,0,0,0,0,5,27956,0,28011,0,0,0,0,4752439,4761983,0,0,0,0,0,1000,1000,5718772
MPCTASK: EXP,0,424,21202,50,683,684,314,512,29,939,387,754,68,1319,700,96,652,700,0,0,0,0,0,0,0,0,0,0,0,0,0,0,0,5,26860,0,27231,0,0,0,0,4565999,4629337,0,0,0,0,0,1000,1000,5718772
MPCTASK: EXP,0,426,21302,46,716,691,205,319,23,1083,512,563,204,1273,700,11,561,700,0,0,0,0,0,0,0,0,0,0,0,0,0,0,0,5,27343,0,27605,0,0,0,0,4648367,4692986,0,0,0,0,0,1000,1000,5718772
MPCTASK: EXP,0,428,21399,61,749,692,143,147,-14,1398,519,297,309,1198,700,-47,469,700,0,0,0,0,0,0,0,0,0,0,0,0,0,0,0,5,23807,0,23861,0,0,0,0,4047144,4056346,0,0,0,0,0,1000,1000,5718772
MPCTASK: EXP,0,430,21501,45,753,689,2,-136,-30,1504,684,93,373,1098,700,-149,342,700,0,0,0,0,0,0,0,0,0,0,0,0,0,0,0,5,24995,0,25049,0,0,0,0,4249085,4258449,0,0,0,0,0,1000,1000,5718772
MPCTASK: EXP,0,432,21601,-23,706,684,-202,-428,-66,1451,744,42,390,975,700,-282,188,700,0,0,0,0,0,0,0,0,0,0,0,0,0,0,0,5,25667,0,25720,0,0,0,0,4363351,4372554,0,0,0,0,0,1000,1000,5718772
MPCTASK: EXP,0,434,21702,-115,647,672,-404,-689,-73,1353,492,-17,357,831,700,-403,31,700,0,0,0,0,0,0,0,0,0,0,0,0,0,0,0,5,26561,0,26614,0,0,0,0,4515301,4524502,0,0,0,0,0,1000,1000,5718772
MPCTASK: EXP,0,436,21803,-210,580,664,-529,-927,-26,1420,-1,-123,279,670,700,-472,-119,700,0,0,0,0,0,0,0,0,0,0,0,0,0,0,0,5,26938,0,26991,0,0,0,0,4579287,4588490,0,0,0,0,0,1000,1000,5718772
MPCTASK: EXP,0,438,21904,-303,470,662,-543,-1169,10,856,-555,-231,162,495,700,-498,-258,700,0,0,0,0,0,0,0,0,0,0,0,0,0,0,0,5,27629,0,27863,0,0,0,0,4696867,4736763,0,0,0,0,0,1000,1000,5718772
MPCTASK: EXP,0,440,22002,-366,369,669,-433,-1228,109,70,-605,-367,20,312,700,-486,-324,700,0,0,0,0,0,0,0,0,0,0,0,0,0,0,0,5,25602,0,26025,0,0,0,0,4352247,4424296,0,0,0,0,0,1000,1000,5718772
MPCTASK: EXP,0,442,22101,-406,247,679,-333,-1209,140,-339,-513,-403,-134,123,700,-456,-406,700,0,0,0,0,0,0,0,0,0,0,0,0,0,0,0,5,24623,0,25008,0,0,0,0,4185851,4251423,0,0,0,0,0,1000,1000,5718772
MPCTASK: EXP,0,444,22203,-430,160,694,-249,-1121,143,-435,-493,-428,-286,-64,700,-407,-448,700,0,0,0,0,0,0,0,0,0,0,0,0,0,0,0,5,25667,0,25904,0,0,0,0,4363392,4403726,0,0,0,0,0,1000,1000,5718772
MPCTASK: EXP,0,446,22304,-449,53,712,-152,-1040,105,-298,-523,-434,-419,-249,700,-348,-509,700,0,0,0,0,0,0,0,0,0,0,0,0,0,0,0,5,26297,0,26351,0,0,0,0,4470275,4479749,0,0,0,0,0,1000,1000,5718772
MPCTASK: EXP,0,448,22403,-451,-37,723,-44,-996,61,-108,-648,-440,-521,-425,700,-276,-555,700,0,0,0,0,0,0,0,0,0,0,0,0,0,0,0,5,25291,0,25345,0,0,0,0,4299471,4308828,0,0,0,0,0,1000,1000,5718772
MPCTASK: EXP,0,450,22504,-445,-124,726,73,-975,0,-71,-745,-456,-581,-587,700,-208,-582,700,0,0,0,0,0,0,0,0,0,0,0,0,0,0,0,5,26763,0,27198,0,0,0,0,4549723,4623803,0,0,0,0,0,1000,1000,5718772
MPCTASK: EXP,0,452,22605,-417,-185,719,212,-930,-55,-160,-767,-491,-595,-730,700,-137,-565,700,0,0,0,0,0,0,0,0,0,0,0,0,0,0,0,5,27432,0,27706,0,0,0,0,4663376,4710183,0,0,0,0,0,1000,1000,5718772
MPCTASK: EXP,0,454,22705,-372,-276,710,380,-887,-57,-309,-697,-544,-563,-850,700,-68,-557,700,0,0,0,0,0,0,0,0,0,0,0,0,0,0,0,5,27488,0,27542,0,0,0,0,4672747,4682109,0,0,0,0,0,1000,1000,5718772
MPCTASK: EXP,0,456,22805,-310,-331,700,523,-781,-41,-512,-482,-600,-488,-941,699,-17,-498,699,0,0,0,0,0,0,0,0,0,0,0,0,0,0,0,5,27496,0,27550,0,0,0,0,4674184,4683548,0,0,0,0,0,1000,1000,5718772
MPCTASK: EXP,0,458,22903,-232,-378,700,623,-637,14,-782,-125,-629,-381,-998,699,15,-417,699,0,0,0,0,0,0,0,0,0,0,0,0,0,0,0,5,25834,0,25897,0,0,0,0,4391743,4402502,0,0,0,0,0,1000,1000,5718772
MPCTASK: EXP,0,460,23002,-167,-405,705,644,-463,38,-944,236,-632,-255,-1018,699,15,-333,699,0,0,0,0,0,0,0,0,0,0,0,0,0,0,0,5,24374,0,24434,0,0,0,0,4143623,4153973,0,0,0,0,0,1000,1000,5718772
MPCTASK: EXP,0,462,23103,-84,-429,707,606,-248,5,-1043,677,-570,-127,-997,699,12,-252,699,0,0,0,0,0,0,0,0,0,0,0,0,0,0,0,5,24998,0,25054,0,0,0,0,4249631,4259266,0,0,0,0,0,1000,1000,5718772
MPCTASK: EXP,0,464,23204,-17,-428,713,499,-31,0,-1132,1002,-458,-12,-934,699,13,-193,699,0,0,0,0,0,0,0,0,0,0,0,0,0,0,0,5,26220,0,26274,0,0,0,0,4457255,4466611,0,0,0,0,0,1000,1000,5718772
MPCTASK: EXP,0,466,23306,34,-403,714,346,194,-25,-1058,1140,-328,75,-830,699,-1,-118,699,0,0,0,0,0,0,0,0,0,0,0,0,0,0,0,5,27570,0,27623,0,0,0,0,4686827,4695961,0,0,0,0,0,1000,1000,5718772
MPCTASK: EXP,0,468,23404,62,-362,712,182,379,-43,-858,1094,-201,125,-690,700,-17,-62,700,0,0,0,0,0,0,0,0,0,0,0,0,0,0,0,5,25004,0,25057,0,0,0,0,4250579,4259812,0,0,0,0,0,1000,1000,5718772
MPCTASK: EXP,0,470,23504,78,-311,705,17,521,-57,-603,932,-45,134,-524,700,-24,-21,700,0,0,0,0,0,0,0,0,0,0,0,0,0,0,0,5,25610,0,25661,0,0,0,0,4353527,4362542,0,0,0,0,0,1000,1000,5718772
MPCTASK: EXP,0,472,23602,83,-235,699,-117,629,-38,-280,717,113,105,-345,700,-27,22,700,0,0,0,0,0,0,0,0,0,0,0,0,0,0,0,5,23815,0,23875,0,0,0,0,4048355,4058838,0,0,0,0,0,1000,1000,5718772
MPCTASK: EXP,0,474,23705,74,-182,696,-211,628,-10,97,434,247,50,-172,700,-33,34,700,0,0,0,0,0,0,0,0,0,0,0,0,0,0,0,5,26856,0,26915,0,0,0,0,4565319,4575609,0,0,0,0,0,1000,1000,5718772
MPCTASK: EXP,0,476,23805,54,-130,699,-258,570,21,365,166,362,-14,-24,700,-50,55,700,0,0,0,0,0,0,0,0,0,0,0,0,0,0,0,5,25857,0,25909,0,0,0,0,4395615,4404608,0,0,0,0,0,1000,1000,5718772
MPCTASK: EXP,0,478,23907,45,-86,705,-242,479,31,501,14,438,-70,80,700,-60,80,700,0,0,0,0,0,0,0,0,0,0,0,0,0,0,0,5,28884,0,28935,0,0,0,0,4910219,4918994,0,0,0,0,0,1000,1000,5718772
MPCTASK: EXP,0,480,24002,36,-62,710,-214,370,3,458,-7,458,-102,134,700,-71,87,700,0,0,0,0,0,0,0,0,0,0,0,0,0,0,0,5,24249,0,24300,0,0,0,0,4122327,4131196,0,0,0,0,0,1000,1000,5718772
MPCTASK: EXP,0,482,24102,23,-37,706,-196,291,-24,316,19,451,-110,146,700,-65,71,700,0,0,0,0,0,0,0,0,0,0,0,0,0,0,0,5,24103,0,24160,0,0,0,0,4097531,4107332,0,0,0,0,0,1000,1000,5718772
MPCTASK: TRAJ DONE: idx=482, max=482; requesting landing
MPCTASK: LANDING: start z=0.70, hold=(0.02,-0.03)
MPCTASK: TIMING SUMMARY: max_step_cycles=5718772 deadline_cycles=8400000 overruns=0
