---
SYS: Crazyflie 2.1 Brushless is up and running!
SYS: Build 2:de14ff9f08ae (2025.09.1 +2) MODIFIED
SYS: I am 0x373930393434471500370039 and I have 1024KB of flash!
CFGBLK: v1, verification [OK]
DECK_DISCOVERY: Backend found: onewire
DECK_DISCOVERY: Backend found: deckctrl
DECK_CORE: 1 deck(s) found
DECK_CORE: Calling INIT on driver bcFlow2 for deck 0
ZR2: Z-down sensor [OK]
PMW: Motion chip id: 0x49:0xB6
IMU: BMI088: Using I2C interface.
IMU: BMI088 Gyro connection [OK].
IMU: BMI088 Accel connection [OK]
IMU: BMP390 I2C connection [OK]
ESTIMATOR: Using Kalman (2) estimator
CONTROLLER: Using PID (1) controller
MTR-DRV: Using brushless motor driver
SYS: About to run tests in system.c.
SYS: NRF51 version: 2026.04 (C21B)
EEPROM: I2C connection [OK].
STORAGE: Storage check [OK].
IMU: BMI088 gyro self-test [OK]
DECK_CORE: Deck 0 test [OK].
SYS: Self test passed!
STAB: Wait for sensor calibration...
SYS: Free heap: 15048 bytes
MPCTASK: Waiting for activation ...
STAB: Starting stabilizer loop
STAB: WARNING: stabilizer loop rate is off (1004)
SUP: Ready to fly
MPCTASK: Benchmark mode 2, maneuver 4, max_iter 5, task_pri 0
MPCTASK: Reference altitude: 0.70 m; barrier skip when z>0.75 and vz>-0.20
MPCTASK: Common baseline: mpc_hz=20 model_hz=20 rho=5 base_w=0 base_qz=1 Qz=100 R=4 bridge=x10 guards=z[ref,ref+0.20] xy=free cap=0.05
MPCTASK: MPC->PID: xyz=x10, z_guard=[ref,ref+0.20], yaw=raw_rz, output_hold=200ms, safety_hold=500ms
MPCTASK: Reference origin: xy=OOT_activation z=0.70 m
MPCTASK: Fixed baseline: w=0 qz=1 adaptive_cache=off
MPCTASK: LIMO posthoc: infeasible=nominal_fallback
MPCTASK: EXP every=2: m,s,tms,p3[mm],v3[mmps],att3[cdeg],ref3[mm],cmd3[mm],h/raw/grad/mar/thr[milli],act/ac/bind,wi/qi/cache/noa,pa/pf/du[milli],it,mpc/eval/total[us],bar/tanh/rl/cache/solve/step[cycles],overruns,post_active/post_infeasible_totals,wreq/w/qzreq/qz[milli],max_step_cycles
MPCTASK: Figure8: source=traj_fig8_12.h source_hz=100 samples=1205 laps=2 duration=24.07 s origin=OOT_activation z_offset=0.09 m
CONTROLLER: Using OutOfTree (6) controller
MPCTASK: Trajectory origin: x=0.06 y=-0.01
MPCTASK: OOT activated at z=0.55
MPCTASK: OOT loop 1 done
MPCTASK: OOT loop 2 done
MPCTASK: OOT loop 3 done
MPCTASK: MPC task loop 1
MPCTASK: Benchmark reset: mode=2 maneuver=4
MPCTASK: x0: pos=(0.06,-0.01,0.55) vel=(-0.19,0.11,-0.02)
MPCTASK: ref: (0.06,-0.01,0.70)
MPCTASK: MPC solve start
MPCTASK: MPC solve done, iter=5
MPCTASK: MPC time=28803 us
MPCTASK: MPC stack free=1091 words
MPCTASK: setpoint: x=-0.06 y=0.30 z=0.70 preview_z=0.63
MPCTASK: MPC task loop 2
MPCTASK: MPC task loop 3
MPCTASK: EXP,2,2,93,51,-13,551,-204,78,-38,401,-78,36,66,-16,700,-48,302,700,-155,-48,412,69,69,1,1,0,0,0,0,0,1,1,0,5,26286,13444,39807,2285377,0,0,0,4468479,6767323,0,2,2,0,0,1000,1000,7461964
MPCTASK: EXP,2,4,188,-1,-1,538,-220,32,-224,305,-331,73,55,2,700,-30,315,700,-206,36,791,69,69,1,1,0,0,0,0,0,1,1,0,5,22040,12115,34227,2059455,0,0,0,3746692,5818632,0,4,4,0,0,1000,1000,7461964
MPCTASK: EXP,2,6,286,-13,-5,513,-143,-8,-256,-106,-409,45,20,69,700,31,344,700,-237,142,899,69,69,1,1,0,0,0,0,0,1,1,0,5,22841,9534,32667,1620595,0,0,0,3882984,5553462,0,6,6,0,0,1000,1000,7461964
MPCTASK: EXP,2,8,390,-14,-31,507,-41,78,31,-1027,-438,37,-32,189,700,107,388,700,-192,-73,672,69,69,1,1,0,0,0,0,0,1,1,0,5,24791,12044,36915,2047341,0,0,0,4214359,6275550,0,8,8,0,0,1000,1000,7461964
MPCTASK: EXP,2,10,488,-12,-21,518,39,284,136,-1406,-487,14,-87,348,700,172,450,700,-181,2,798,69,69,1,1,0,0,0,0,0,1,1,0,5,23093,11699,34873,1988858,0,0,0,3925823,5928399,0,10,10,0,0,1000,1000,7461964
MPCTASK: EXP,2,12,594,-2,22,534,129,537,128,-1385,-558,-25,-125,527,700,235,519,700,-165,-74,707,69,69,1,1,0,0,0,0,0,1,1,0,5,30375,9959,40407,1692940,0,0,0,5163608,6869361,0,12,12,0,0,1000,1000,7461964
MPCTASK: EXP,2,14,691,15,90,540,232,757,82,-1075,-586,-81,-132,706,700,289,574,700,-159,-143,551,69,69,1,1,0,0,0,0,0,1,1,0,5,23794,13747,37611,2336826,0,0,0,4044948,6394085,0,14,14,0,0,1000,1000,7461964
MPCTASK: EXP,2,16,789,46,201,545,353,945,92,-608,-567,-260,-101,866,700,337,634,700,-154,-36,469,69,69,1,1,0,0,0,0,0,1,1,0,5,25014,10675,35763,1814662,0,0,0,4252320,6079722,0,16,16,0,0,1000,1000,7461964
MPCTASK: EXP,2,18,891,75,261,554,428,946,135,-7,-492,-11,-32,995,699,352,600,699,-145,-86,383,69,69,1,1,0,0,0,0,0,1,1,0,5,24568,11379,36021,1934318,0,0,0,4176472,6123719,0,18,18,0,0,1000,1000,7461964
MPCTASK: EXP,2,20,993,122,356,571,504,916,169,443,-323,-24,67,1084,699,362,586,699,-128,-63,370,69,69,1,1,0,0,0,0,0,1,1,0,5,24548,13493,38111,2293597,0,0,0,4173056,6478972,0,20,20,0,0,1000,1000,7461964
MPCTASK: EXP,2,22,1094,173,461,588,532,830,159,857,-61,-204,186,1130,699,345,563,699,-111,-36,468,69,69,1,1,0,0,0,0,0,1,1,0,5,26953,12162,39529,2067504,0,0,0,4581832,6719957,0,22,22,0,0,1000,1000,7461964
MPCTASK: EXP,2,24,1190,211,503,612,500,606,160,1238,213,-86,308,1132,699,299,464,699,-87,-28,529,69,69,1,1,0,0,0,0,0,1,1,0,5,24836,11135,36043,1892796,0,0,0,4222060,6127465,0,24,24,0,0,1000,1000,7461964
MPCTASK: EXP,2,26,1290,252,545,630,431,378,111,1433,497,-157,418,1093,699,240,369,699,-69,-148,544,69,69,1,1,0,0,0,0,0,1,1,0,5,23193,11919,35182,2026140,0,0,0,3942612,5981084,0,26,26,0,0,1000,1000,7461964
MPCTASK: EXP,2,28,1393,292,553,639,328,108,42,1530,758,-220,501,1017,700,180,248,700,-60,-47,651,69,69,1,1,0,0,0,0,0,1,1,0,5,24984,13251,38307,2252578,0,0,0,4247116,6512290,0,28,28,0,0,1000,1000,7461964
MPCTASK: EXP,2,30,1490,305,543,642,160,-158,9,1441,984,-162,545,909,700,93,128,700,-57,-5,650,69,69,1,1,0,0,0,0,0,1,1,0,5,25954,10140,36170,1723757,0,0,0,4412164,6148961,0,30,30,0,0,1000,1000,7461964
MPCTASK: EXP,2,32,1591,318,503,638,-28,-425,3,1339,1153,-129,544,774,700,18,-9,700,-61,-44,572,69,69,1,1,0,0,0,0,0,1,1,0,5,23239,13599,36920,2311850,0,0,0,3950501,6276752,0,32,32,0,0,1000,1000,7461964
MPCTASK: EXP,2,34,1689,316,415,634,-252,-703,11,1122,1160,-95,497,618,700,-52,-174,700,-65,-120,471,69,69,1,1,0,0,0,0,0,1,1,0,5,24238,10282,34592,1747872,0,0,0,4120436,5880796,0,34,34,0,0,1000,1000,7461964
MPCTASK: EXP,2,36,1794,276,329,634,-464,-896,58,794,1031,115,406,446,700,-122,-306,700,-65,-101,417,69,69,1,1,0,0,0,0,0,1,1,0,5,24501,14398,39080,2447573,0,0,0,4165116,6643829,0,36,36,0,0,1000,1000,7461964
MPCTASK: EXP,2,38,1890,200,229,640,-645,-1038,97,547,740,304,281,263,700,-183,-433,700,-59,-45,363,69,69,1,1,0,0,0,0,0,1,1,0,5,23257,12194,35525,2073046,0,0,0,3953712,6039251,0,38,38,0,0,1000,1000,7461964
MPCTASK: EXP,2,40,1993,77,121,647,-770,-1141,108,286,323,574,134,75,700,-249,-545,700,-52,-43,259,69,69,1,1,0,0,0,0,0,1,1,0,5,26409,12079,38678,2053270,0,0,0,4489436,6575355,0,40,40,0,0,1000,1000,7461964
MPCTASK: EXP,2,42,2092,11,5,660,-775,-1173,141,124,-205,434,-20,-114,700,-222,-641,700,-39,-31,236,69,69,1,1,0,0,0,0,0,1,1,0,5,24366,13805,38244,2346665,0,0,0,4142180,6501541,0,42,42,0,0,1000,1000,7461964
MPCTASK: EXP,2,44,2193,-56,-98,682,-712,-1150,155,-27,-549,285,-167,-300,700,-185,-710,700,-17,-21,279,69,69,1,1,0,0,0,0,0,1,1,0,5,24912,13382,38367,2274804,0,0,0,4235020,6522327,0,44,44,0,0,1000,1000,7461964
MPCTASK: EXP,2,46,2295,-109,-204,703,-599,-1118,121,-108,-880,112,-292,-478,700,-123,-772,700,3,5,326,69,69,1,1,0,0,0,0,0,1,1,0,5,24291,16081,40445,2733687,0,0,0,4129448,6875876,0,46,46,0,0,1000,1000,7461964
MPCTASK: EXP,2,48,2393,-168,-277,721,-460,-1035,68,-153,-1109,14,-382,-645,700,-69,-792,700,21,30,380,69,69,1,1,0,0,0,0,0,1,1,0,5,25150,13487,39010,2292578,0,0,0,4275388,6631795,0,48,48,0,0,1000,1000,7461964
MPCTASK: EXP,2,50,2496,-189,-378,724,-248,-1009,-20,-168,-1319,-36,-429,-795,700,21,-839,760,20,95,597,69,69,1,1,0,0,0,0,0,1,0,366,5,27486,11548,41142,1963022,0,0,0,4672444,6994163,0,50,48,0,0,1000,1000,7461964
MPCTASK: EXP,2,52,2595,-189,-465,722,14,-951,27,-290,-1328,-42,-426,-927,700,116,-856,789,22,151,565,69,69,1,1,0,0,0,0,0,1,0,506,5,24792,13323,40712,2264950,0,0,0,4214656,6921025,0,52,48,0,0,1000,1000,7461964
MPCTASK: EXP,2,54,2696,-163,-529,725,266,-854,67,-389,-1185,-70,-375,-1035,700,202,-839,872,25,23,395,69,69,1,1,0,0,0,0,0,1,0,914,5,27449,11269,41435,1915526,0,0,0,4666368,7043965,0,54,48,0,0,1000,1000,7461964
MPCTASK: EXP,2,56,2793,-137,-550,732,461,-693,159,-500,-918,-181,-281,-1119,700,251,-768,843,32,-25,298,69,69,1,1,0,0,0,0,0,1,0,743,5,24446,11179,39064,1900293,0,0,0,4155849,6640853,0,56,48,0,0,1000,1000,7461964
MPCTASK: EXP,2,58,2893,-59,-612,755,649,-587,308,-622,-546,-115,-153,-1176,700,313,-733,706,55,-2,303,69,69,0,0,0,0,0,0,0,0,0,0,5,24565,13973,38610,2375287,0,0,0,4175948,6563771,0,57,48,0,0,1000,1000,7461964
MPCTASK: EXP,2,60,2990,9,-647,785,716,-464,229,-611,-227,-91,-3,-1205,700,330,-682,712,85,54,264,69,69,0,0,0,0,0,0,0,0,0,0,5,22965,12121,35160,2060385,0,0,0,3904104,5977288,0,57,48,0,0,1000,1000,7461964
MPCTASK: EXP,2,62,3094,88,-671,797,740,-359,17,-663,81,-54,153,-1204,700,330,-617,708,97,-9,207,69,69,0,0,0,0,0,0,0,0,0,0,5,25110,14884,40062,2530063,0,0,0,4268660,6810492,0,57,48,0,0,1000,1000,7461964
MPCTASK: EXP,2,64,3191,158,-686,799,711,-243,-81,-799,462,1,302,-1174,700,300,-536,705,83,-20,256,69,69,0,0,0,0,0,0,0,0,0,0,5,25976,10787,36835,1833631,0,0,0,4415900,6262098,0,57,48,0,0,1000,1000,7461964
MPCTASK: EXP,2,66,3287,211,-688,798,595,-85,-104,-942,779,25,427,-1116,700,238,-435,704,77,37,347,69,69,0,0,0,0,0,0,0,0,0,0,5,22651,9746,32464,1656672,0,0,0,3850520,5519116,0,57,48,0,0,1000,1000,7461964
MPCTASK: EXP,2,68,3390,266,-680,788,448,90,-136,-1043,1049,57,517,-1030,700,177,-326,700,61,81,524,69,69,0,0,0,0,0,0,0,0,0,0,5,25986,9704,35758,1649571,0,0,0,4417560,6078893,0,57,48,0,0,1000,1000,7461964
MPCTASK: EXP,2,70,3492,286,-656,776,238,281,-148,-1104,1217,28,563,-920,700,87,-204,700,46,173,903,69,69,0,0,0,0,0,0,0,0,0,0,5,25378,12554,37999,2134097,0,0,0,4314101,6459961,0,57,48,0,0,1000,1000,7461964
MPCTASK: EXP,2,72,3593,291,-614,756,10,484,-170,-1104,1262,9,561,-788,700,4,-75,700,22,156,1155,69,69,0,0,0,0,0,0,0,0,0,0,5,27587,10626,38573,1806404,0,0,0,4689644,6557468,0,57,48,0,0,1000,1000,7461964
MPCTASK: EXP,2,74,3694,263,-553,737,-230,688,-147,-1038,1179,-38,509,-636,700,-84,60,739,8,37,736,69,69,1,1,0,0,0,0,0,1,0,265,5,25928,11752,39495,1997631,0,0,0,4407704,6714167,0,59,48,0,0,1000,1000,7461964
MPCTASK: EXP,2,76,3792,217,-496,719,-444,857,-75,-867,945,-111,415,-469,700,-154,172,700,3,3,391,69,69,1,1,0,0,0,0,0,1,1,0,5,24414,13608,38093,2313302,0,0,0,4150212,6475845,0,61,49,0,0,1000,1000,7461964
MPCTASK: EXP,2,78,3894,147,-408,716,-619,1019,74,-687,640,-158,286,-291,700,-211,296,700,16,-50,263,69,69,1,1,0,0,0,0,0,1,1,0,5,26857,12658,39586,2151745,0,0,0,4565588,6729665,0,63,51,0,0,1000,1000,7461964
MPCTASK: EXP,2,80,3994,96,-318,722,-677,1096,61,-390,237,-142,136,-107,700,-206,385,700,22,-31,216,69,69,1,1,0,0,0,0,0,1,1,0,5,26646,11466,38584,1949123,0,0,0,4529692,6559373,0,65,53,0,0,1000,1000,7461964
MPCTASK: EXP,2,82,4100,12,-223,729,-704,1122,51,-144,-81,-156,-20,79,700,-210,462,700,29,-13,179,69,69,1,1,0,0,0,0,0,1,1,0,5,31257,12103,44049,2057402,0,0,0,5313508,7488390,0,67,55,0,0,1000,1000,7488390
MPCTASK: EXP,2,84,4194,5,-124,741,-599,1109,73,-21,-435,-18,-169,264,700,-121,530,700,41,181,352,69,69,1,1,0,0,0,0,0,1,1,0,5,27186,11529,38787,1959841,0,0,0,4621466,6593802,0,69,57,0,0,1000,1000,7488390
MPCTASK: EXP,2,86,4290,-40,-29,753,-510,1084,62,41,-643,41,-294,442,700,-66,590,700,53,154,329,69,69,0,0,0,0,0,0,0,0,0,0,5,22770,11660,34513,1982121,0,0,0,3870724,5867309,0,70,58,0,0,1000,1000,7488390
MPCTASK: EXP,2,88,4393,-80,58,760,-397,1053,-13,-14,-753,47,-385,608,700,-12,640,700,58,180,376,69,69,0,0,0,0,0,0,0,0,0,0,5,23792,13229,37094,2248910,0,0,0,4044467,6306160,0,70,58,0,0,1000,1000,7488390
MPCTASK: EXP,2,90,4492,-109,141,758,-264,1029,-70,-60,-899,-63,-430,759,700,49,679,700,44,43,361,69,69,0,0,0,0,0,0,0,0,0,0,5,22970,12783,35977,2173003,0,0,0,3904884,6116135,0,70,58,0,0,1000,1000,7488390
MPCTASK: EXP,2,92,4597,-119,212,751,-83,995,-75,-51,-1144,-311,-428,891,700,131,693,700,36,-101,411,69,69,0,0,0,0,0,0,0,0,0,0,5,27588,13679,41586,2325445,0,0,0,4689856,7069762,0,70,58,0,0,1000,1000,7488390
MPCTASK: EXP,2,94,4695,-78,322,746,175,990,-37,106,-1122,-632,-376,1001,700,121,612,796,38,-42,388,69,69,1,1,0,0,0,0,0,1,0,579,5,25119,12485,39694,2122237,0,0,0,4270232,6747984,0,72,58,0,0,1000,1000,7488390
MPCTASK: EXP,2,96,4790,-55,389,742,347,868,46,646,-804,-766,-282,1085,700,272,674,700,42,87,309,69,69,1,1,0,0,0,0,0,1,1,0,5,24248,10319,34639,1754211,0,0,0,4121944,5888935,0,74,59,0,0,1000,1000,7488390
MPCTASK: EXP,2,98,4894,1,372,748,487,610,78,630,-599,-671,-153,1142,700,317,560,700,48,-39,233,69,69,1,1,0,0,0,0,0,1,1,0,5,23932,14551,38554,2473492,0,0,0,4068416,6554245,0,76,61,0,0,1000,1000,7488390
MPCTASK: EXP,2,100,4995,39,396,746,545,482,-23,454,-430,-570,-3,1171,700,317,504,700,42,114,302,69,69,1,1,0,0,0,0,0,1,1,0,5,27967,11795,39834,2005146,0,0,0,4754256,6772019,0,78,63,0,0,1000,1000,7488390
MPCTASK: EXP,2,102,5090,36,426,744,516,380,-32,468,-201,-462,153,1170,700,254,447,700,37,216,409,69,69,1,1,0,0,0,0,0,1,1,0,5,23224,11508,34812,1956326,0,0,0,3948024,5918085,0,80,65,0,0,1000,1000,7488390
MPCTASK: EXP,2,104,5194,83,444,742,532,271,-9,540,-12,-405,302,1141,700,226,376,700,40,8,249,69,69,1,1,0,0,0,0,0,1,1,0,5,24997,13278,38397,2257185,0,0,0,4249433,6528573,0,82,67,0,0,1000,1000,7488390
MPCTASK: EXP,2,106,5295,79,410,744,438,96,4,648,303,-301,428,1082,700,132,250,700,44,145,344,69,69,1,1,0,0,0,0,0,1,1,0,5,26710,11960,38741,2033022,0,0,0,4540636,6585993,0,84,69,0,0,1000,1000,7488390
MPCTASK: EXP,2,108,5391,119,408,748,371,-18,10,716,500,-286,518,997,700,81,159,700,48,27,270,69,69,1,1,0,0,0,0,0,1,1,0,5,23542,11503,35118,1955527,0,0,0,4001976,5970288,0,86,71,0,0,1000,1000,7488390
MPCTASK: EXP,2,110,5497,152,396,753,263,-146,-9,825,752,-260,564,887,700,24,59,700,51,112,336,69,69,0,0,0,0,0,0,0,0,0,0,5,28097,12345,40731,2098609,0,0,0,4776440,6924389,0,86,71,0,0,1000,1000,7488390
MPCTASK: EXP,2,112,5595,169,373,753,121,-286,-42,915,916,-180,561,754,700,-35,-43,700,45,174,431,69,69,0,0,0,0,0,0,0,0,0,0,5,26221,12270,38561,2085849,0,0,0,4457371,6555415,0,86,71,0,0,1000,1000,7488390
MPCTASK: EXP,2,114,5695,132,294,748,-90,-503,-80,970,1031,-39,510,602,700,-136,-203,759,32,170,534,69,69,1,1,0,0,0,0,0,1,0,337,5,25991,10712,38796,1820976,0,0,0,4418348,6595332,0,87,71,0,0,1000,1000,7488390
MPCTASK: EXP,2,116,5789,77,277,734,-305,-607,-91,786,886,129,415,436,700,-215,-273,700,16,-52,335,69,69,1,1,0,0,0,0,0,1,1,0,5,22628,10005,32705,1700821,0,0,0,3846685,5559837,0,89,72,0,0,1000,1000,7488390
MPCTASK: EXP,2,118,5893,49,179,726,-453,-814,28,732,680,156,286,258,700,-241,-418,700,26,-47,269,69,69,1,1,0,0,0,0,0,1,1,0,5,23909,12765,36748,2170098,0,0,0,4064532,6247255,0,91,74,0,0,1000,1000,7488390
MPCTASK: EXP,2,120,5995,13,97,724,-527,-922,9,582,334,199,136,73,700,-232,-523,700,24,10,269,69,69,1,1,0,0,0,0,0,1,1,0,5,26231,12258,38561,2083815,0,0,0,4459196,6555503,0,93,76,0,0,1000,1000,7488390
MPCTASK: EXP,2,122,6090,-16,12,722,-531,-995,1,414,39,206,-20,-113,700,-195,-608,700,22,68,282,69,69,1,1,0,0,0,0,0,1,1,0,5,22973,10546,33591,1792637,0,0,0,3905440,5710576,0,95,78,0,0,1000,1000,7488390
MPCTASK: EXP,2,124,6197,-12,-58,725,-448,-1015,28,301,-152,163,-169,-298,700,-112,-665,700,25,170,358,69,69,1,1,0,0,0,0,0,1,1,0,5,27196,13253,40524,2252881,0,0,0,4572840,6889132,0,97,80,0,0,1000,1000,7488390
MPCTASK: EXP,2,126,6297,-55,-136,733,-407,-1018,27,204,-387,182,-294,-476,700,-61,-716,700,33,-20,214,69,69,1,1,0,0,0,0,0,1,1,0,5,28139,12378,40809,2104070,0,0,0,4783508,6937605,0,99,82,0,0,1000,1000,7488390
MPCTASK: EXP,2,128,6397,-84,-212,738,-306,-1008,2,187,-722,206,-385,-642,700,10,-759,700,38,34,293,69,69,1,1,0,0,0,0,0,1,1,0,5,27934,12524,40843,2129040,0,0,0,4748772,6943304,0,101,84,0,0,1000,1000,7488390
MPCTASK: EXP,2,130,6503,-103,-294,743,-167,-1004,-15,132,-915,201,-430,-793,700,82,-796,859,40,109,383,69,69,1,1,0,0,0,0,0,1,0,837,5,27061,14098,46600,2396567,0,0,0,4600440,7922133,0,103,85,0,0,1000,1000,7922133
MPCTASK: EXP,2,132,6604,-103,-384,743,8,-1003,-29,50,-1061,187,-428,-925,700,160,-829,792,37,64,418,69,69,1,1,0,0,0,0,0,1,0,501,5,27234,14008,44543,2381272,0,0,0,4629656,7572486,0,105,85,0,0,1000,1000,7922133
MPCTASK: EXP,2,134,6697,-85,-452,745,224,-942,84,-165,-1052,163,-376,-1034,700,241,-820,869,45,181,416,69,69,1,1,0,0,0,0,0,1,0,868,5,23873,11339,37141,1927551,0,0,0,4058393,6313987,0,107,85,0,0,1000,1000,7922133
MPCTASK: EXP,2,136,6802,-51,-504,757,415,-837,178,-317,-927,126,-282,-1119,700,304,-784,703,57,175,364,69,69,0,0,0,0,0,0,0,0,0,0,5,27487,15083,42638,2564065,0,0,0,4672591,7248573,0,108,85,0,0,1000,1000,7922133
MPCTASK: EXP,2,138,6899,13,-558,776,580,-735,177,-489,-644,101,-153,-1176,700,355,-742,708,76,0,224,69,69,0,0,0,0,0,0,0,0,0,0,5,25871,13745,39684,2336598,0,0,0,4398028,6746381,0,108,85,0,0,1000,1000,7922133
MPCTASK: EXP,2,140,6995,73,-598,783,647,-620,-6,-580,-309,87,-3,-1205,700,362,-688,703,82,0,217,69,69,0,0,0,0,0,0,0,0,0,0,5,23929,12059,36060,2049926,0,0,0,4067815,6130209,0,108,85,0,0,1000,1000,7922133
MPCTASK: EXP,2,142,7099,148,-626,779,679,-480,-107,-756,45,94,153,-1204,700,358,-610,700,58,-30,279,69,69,0,0,0,0,0,0,0,0,0,0,5,25802,12905,38777,2193849,0,0,0,4386344,6592115,0,108,85,0,0,1000,1000,7922133
MPCTASK: EXP,2,144,7200,208,-646,771,633,-317,-120,-882,388,103,302,-1174,700,319,-522,700,47,-50,332,69,69,0,0,0,0,0,0,0,0,0,0,5,26481,13189,40141,2242035,0,0,0,4501668,6823924,0,108,85,0,0,1000,1000,7922133
MPCTASK: EXP,2,146,7298,262,-641,765,530,-117,-98,-998,715,124,428,-1116,700,261,-407,700,45,-23,372,69,69,0,0,0,0,0,0,0,0,0,0,5,26996,11530,38601,1960148,0,0,0,4589232,6562345,0,108,85,0,0,1000,1000,7922133
MPCTASK: EXP,2,148,7399,302,-627,756,373,81,-105,-1047,975,133,518,-1031,700,186,-290,700,35,67,473,69,69,0,0,0,0,0,0,0,0,0,0,5,27195,12031,39561,2045081,0,0,0,4623100,6725373,0,108,85,0,0,1000,1000,7922133
MPCTASK: EXP,2,150,7500,323,-593,746,177,284,-109,-1049,1134,122,564,-920,700,103,-163,734,24,187,730,69,69,1,1,0,0,0,0,0,1,0,223,5,25777,11097,38687,1886550,0,0,0,4381888,6576726,0,109,85,0,0,1000,1000,7922133
MPCTASK: EXP,2,152,7603,321,-544,728,-48,488,-117,-1027,1179,101,561,-788,700,13,-29,738,5,162,813,69,69,1,1,0,0,0,0,0,1,0,269,5,26442,12494,42313,2123909,0,0,0,4495018,7193357,0,111,85,0,0,1000,1000,7922133
MPCTASK: EXP,2,154,7702,291,-472,719,-290,698,-37,-925,1112,77,510,-636,700,-77,113,828,11,93,486,69,69,1,1,0,0,0,0,0,1,0,720,5,26886,12020,42016,2043312,0,0,0,4570612,7142911,0,113,85,0,0,1000,1000,7922133
MPCTASK: EXP,2,156,7799,237,-396,716,-514,868,71,-788,906,44,415,-469,700,-156,241,700,16,-19,310,69,69,1,1,0,0,0,0,0,1,1,0,5,26782,11652,38508,1980855,0,0,0,4552880,6546453,0,115,87,0,0,1000,1000,7922133
MPCTASK: EXP,2,158,7894,163,-290,721,-675,1018,77,-606,558,30,286,-291,700,-210,375,700,21,-41,248,69,69,1,1,0,0,0,0,0,1,1,0,5,22484,11783,34347,2003074,0,0,0,3822195,5839006,0,117,89,0,0,1000,1000,7922133
MPCTASK: EXP,2,160,8000,95,-210,723,-733,1063,14,-322,201,8,136,-106,700,-219,451,700,23,-24,217,69,69,1,1,0,0,0,0,0,1,1,0,5,25888,11378,37902,1934328,0,0,0,4400996,6443455,0,119,91,0,0,1000,1000,7922133
MPCTASK: EXP,2,162,8098,19,-103,726,-739,1100,4,-148,-199,35,-20,80,700,-206,544,700,26,-8,213,69,69,1,1,0,0,0,0,0,1,1,0,5,24735,10998,35804,1869602,0,0,0,4204848,6086793,0,121,93,0,0,1000,1000,7922133
MPCTASK: EXP,2,164,8199,-38,-19,730,-657,1076,9,-38,-532,69,-169,264,700,-159,600,700,30,49,275,69,69,1,1,0,0,0,0,0,1,1,0,5,23746,12071,36348,2051866,0,0,0,4036792,6179287,0,123,95,0,0,1000,1000,7922133
MPCTASK: EXP,2,166,8302,-123,137,738,-585,1145,13,26,-832,102,-294,442,700,-132,724,700,38,-51,291,69,69,1,1,0,0,0,0,0,1,1,0,5,26042,13313,39434,2263022,0,0,0,4427008,6703919,0,125,97,0,0,1000,1000,7922133
MPCTASK: EXP,2,168,8398,-173,225,745,-427,1087,4,179,-1083,59,-384,608,700,-67,758,783,45,116,423,69,69,1,1,0,0,0,0,0,1,0,448,5,24467,10054,36353,1709093,0,0,0,4159208,6180073,0,127,97,0,0,1000,1000,7922133
MPCTASK: EXP,2,170,8498,-157,290,751,-142,997,90,150,-1234,-2,-430,759,700,66,767,700,51,164,438,69,69,0,0,0,0,0,0,0,0,0,0,5,24355,10867,35304,1847214,0,0,0,4071657,6001685,0,128,97,0,0,1000,1000,7922133
MPCTASK: EXP,2,172,8598,-151,353,757,83,912,52,253,-1175,-119,-428,891,700,151,758,700,57,161,429,69,69,0,0,0,0,0,0,0,0,0,0,5,23356,12116,35547,2059650,0,0,0,3970448,6043023,0,128,97,0,0,1000,1000,7922133
MPCTASK: EXP,2,174,8697,-112,419,752,292,833,-73,308,-1101,-187,-376,1000,700,242,749,700,37,142,562,69,69,0,0,0,0,0,0,0,0,0,0,5,23778,10792,34639,1834552,0,0,0,4042048,5888673,0,128,97,0,0,1000,1000,7922133
MPCTASK: EXP,2,176,8806,-73,470,740,469,732,-112,348,-950,-185,-282,1085,700,301,719,785,18,34,471,69,69,1,1,0,0,0,0,0,1,0,485,5,26859,15800,43974,2685885,0,0,0,4565924,7475683,0,130,97,0,0,1000,1000,7922133
MPCTASK: EXP,2,178,8899,11,545,731,662,667,-33,420,-635,-178,-153,1142,700,372,706,700,25,38,322,69,69,1,1,0,0,0,0,0,1,1,0,5,22498,13021,35593,2213572,0,0,0,3824664,6050867,0,132,99,0,0,1000,1000,7922133
MPCTASK: EXP,2,180,9001,43,607,731,691,566,18,623,-290,-167,-3,1171,700,351,666,700,31,-34,251,69,69,1,1,0,0,0,0,0,1,1,0,5,23847,12923,36841,2196813,0,0,0,4053848,6263000,0,134,101,0,0,1000,1000,7922133
MPCTASK: EXP,2,182,9103,113,626,735,715,404,-9,774,45,-165,153,1170,700,342,581,700,33,-50,283,69,69,1,1,0,0,0,0,0,1,1,0,5,23710,14478,38262,2461180,0,0,0,4030728,6604635,0,136,103,0,0,1000,1000,7922133
MPCTASK: EXP,2,184,9202,186,628,737,679,229,-28,839,449,-176,302,1141,700,310,482,700,31,-52,296,69,69,1,1,0,0,0,0,0,1,1,0,5,25065,10961,37868,1863369,0,0,0,4260952,6437565,0,138,105,0,0,1000,1000,7922133
MPCTASK: EXP,2,186,9305,245,607,738,568,38,-37,916,784,-165,427,1083,700,254,359,700,31,30,340,69,69,1,1,0,0,0,0,0,1,1,0,5,25034,15499,40734,2634776,0,0,0,4255560,6924956,0,140,107,0,0,1000,1000,7922133
MPCTASK: EXP,2,188,9406,303,574,736,421,-155,-59,944,1037,-145,517,998,700,197,230,820,24,53,425,69,69,1,1,0,0,0,0,0,1,0,660,5,26915,11861,40480,2016245,0,0,0,4575428,6881762,0,142,107,0,0,1000,1000,7922133
MPCTASK: EXP,2,190,9506,330,534,733,177,-365,86,899,1254,-77,562,888,700,102,95,837,33,119,438,69,69,1,1,0,0,0,0,0,1,0,722,5,22883,15284,39830,2598205,0,0,0,3889991,6771085,0,144,107,0,0,1000,1000,7922133
MPCTASK: EXP,2,192,9604,328,457,740,-80,-579,139,788,1289,-1,559,756,700,9,-54,791,40,40,389,69,69,1,1,0,0,0,0,0,1,0,473,5,26593,10608,39067,1803239,0,0,0,4520700,6641483,0,146,107,0,0,1000,1000,7922133
MPCTASK: EXP,2,194,9704,308,378,755,-296,-725,155,588,1117,64,508,605,700,-60,-183,701,55,105,357,69,69,0,0,0,0,0,0,0,0,0,0,5,24413,13362,38558,2271454,0,0,0,4150168,6554906,0,147,107,0,0,1000,1000,7922133
MPCTASK: EXP,2,196,9804,259,294,769,-475,-825,85,489,894,108,413,438,700,-123,-302,703,69,57,279,69,69,0,0,0,0,0,0,0,0,0,0,5,24979,13052,38261,2218856,0,0,0,4246215,6504502,0,147,107,0,0,1000,1000,7922133
MPCTASK: EXP,2,198,9905,197,204,768,-604,-905,-57,498,649,127,285,260,700,-164,-423,700,57,-15,247,69,69,0,0,0,0,0,0,0,0,0,0,5,23964,15060,39094,2560132,0,0,0,4073796,6646019,0,147,107,0,0,1000,1000,7922133
MPCTASK: EXP,2,200,10000,125,115,758,-689,-978,-108,436,292,158,135,74,700,-185,-524,700,36,-1,242,69,69,0,0,0,0,0,0,0,0,0,0,5,23717,11153,34943,1895928,0,0,0,4031748,5940317,0,147,107,0,0,1000,1000,7922133
MPCTASK: EXP,2,202,10104,72,41,747,-682,-1012,-95,356,-65,179,-19,-114,700,-159,-594,700,27,46,257,69,69,1,1,0,0,0,0,0,1,1,0,5,24579,14428,39078,2452705,0,0,0,4178324,6643400,0,148,108,0,0,1000,1000,7922133
MPCTASK: EXP,2,204,10203,0,-52,741,-646,-1051,-57,294,-397,184,-165,-302,700,-137,-669,700,29,8,243,69,69,1,1,0,0,0,0,0,1,1,0,5,25202,12395,37670,2106180,0,0,0,4284268,6403855,0,150,110,0,0,1000,1000,7922133
MPCTASK: EXP,2,206,10305,-38,-128,744,-527,-1050,-34,254,-677,172,-287,-484,700,-76,-712,700,37,160,376,69,69,1,1,0,0,0,0,0,1,1,0,5,25210,14181,39463,2410759,0,0,0,4285528,6708823,0,152,112,0,0,1000,1000,7922133
MPCTASK: EXP,2,208,10405,-77,-221,745,-387,-1061,-47,120,-954,181,-374,-655,700,-16,-749,788,35,150,459,69,69,1,1,0,0,0,0,0,1,0,482,5,23463,13797,40099,2345488,0,0,0,3988684,6816945,0,154,113,0,0,1000,1000,7922133
MPCTASK: EXP,2,210,10505,-94,-301,742,-200,-1034,-52,32,-1052,184,-416,-810,700,46,-757,762,31,162,532,69,69,1,1,0,0,0,0,0,1,0,362,5,25127,12785,39894,2173337,0,0,0,4271516,6782068,0,156,113,0,0,1000,1000,7922133
MPCTASK: EXP,2,212,10606,-91,-382,744,-6,-1001,26,-194,-1040,174,-411,-944,700,104,-745,825,44,133,406,69,69,1,1,0,0,0,0,0,1,0,660,5,23668,13819,39493,2349014,0,0,0,4023601,6714000,0,158,113,0,0,1000,1000,7922133
MPCTASK: EXP,2,214,10707,-70,-468,748,207,-905,103,-426,-879,169,-361,-1053,700,156,-711,860,48,0,273,69,69,1,1,0,0,0,0,0,1,0,814,5,27630,12164,40903,2067888,0,0,0,4696900,6953589,0,160,113,0,0,1000,1000,7922133
MPCTASK: EXP,2,216,10800,-24,-529,762,367,-747,224,-828,-489,175,-271,-1131,699,184,-630,706,62,5,290,69,69,0,0,0,0,0,0,0,0,0,0,5,23230,10488,33786,1782912,0,0,0,3949012,5743725,0,160,113,0,0,1000,1000,7922133
MPCTASK: EXP,2,218,10903,17,-563,782,425,-581,133,-986,-234,185,-155,-1174,699,183,-548,708,82,-25,257,69,69,0,0,0,0,0,0,0,0,0,0,5,24162,12466,37049,2119192,0,0,0,4107372,6298476,0,160,113,0,0,1000,1000,7922133
MPCTASK: EXP,2,220,11005,71,-593,785,441,-390,-85,-1116,101,191,-27,-1178,699,176,-467,701,67,-62,389,69,69,0,0,0,0,0,0,0,0,0,0,5,26180,11242,37491,1911083,0,0,0,4450460,6373625,0,160,113,0,0,1000,1000,7922133
MPCTASK: EXP,2,222,11108,112,-601,774,397,-177,-164,-1221,361,186,97,-1140,699,159,-387,699,41,-16,831,69,69,0,0,0,0,0,0,0,0,0,0,5,26525,13498,40443,2294594,0,0,0,4509180,6875466,0,160,113,0,0,1000,1000,7922133
MPCTASK: EXP,2,224,11203,139,-583,760,299,67,-159,-1200,559,165,203,-1060,699,140,-314,699,28,49,877,69,69,0,0,0,0,0,0,0,0,0,0,5,24199,11359,35625,1930913,0,0,0,4113655,6056369,0,160,113,0,0,1000,1000,7922133
MPCTASK: EXP,2,226,11310,157,-538,744,192,293,-146,-1026,632,133,276,-941,700,132,-256,763,15,-37,529,69,69,1,1,0,0,0,0,0,1,0,375,5,26091,12338,41366,2097368,0,0,0,4435429,7032361,0,161,113,0,0,1000,1000,7922133
MPCTASK: EXP,2,228,11407,159,-489,722,48,477,-111,-630,559,90,310,-789,700,109,-210,700,0,-32,299,69,69,1,1,0,0,0,0,0,1,1,0,5,22941,13549,36955,2303278,0,0,0,3899933,6282504,0,163,115,0,0,1000,1000,7922133
MPCTASK: EXP,2,230,11505,150,-429,711,-56,574,-50,-246,388,71,303,-616,700,90,-170,700,1,-16,256,69,69,1,1,0,0,0,0,0,1,1,0,5,23377,12635,36085,2147891,0,0,0,3974061,6134491,0,165,117,0,0,1000,1000,7922133
MPCTASK: EXP,2,232,11606,130,-391,705,-123,557,-18,119,173,62,262,-437,700,72,-156,700,2,17,236,69,69,1,1,0,0,0,0,0,1,1,0,5,25192,11523,36787,1958782,0,0,0,4282448,6253975,0,167,119,0,0,1000,1000,7922133
MPCTASK: EXP,2,234,11708,110,-352,708,-148,507,15,251,6,67,201,-272,700,45,-109,700,8,171,382,69,69,1,1,0,0,0,0,0,1,1,0,5,26866,11539,38485,1961571,0,0,0,4567128,6542538,0,169,121,0,0,1000,1000,7922133
MPCTASK: EXP,2,236,11810,108,-299,712,-120,469,21,285,-107,83,137,-139,700,28,-13,700,12,198,420,69,69,1,1,0,0,0,0,0,1,1,0,5,28447,11083,39602,1884061,0,0,0,4835920,6732357,0,171,123,0,0,1000,1000,7922133
MPCTASK: EXP,2,238,11915,89,-259,717,-119,421,17,172,-24,72,90,-54,700,-24,99,700,17,99,282,69,69,1,1,0,0,0,0,0,1,1,0,5,27955,15887,43915,2700723,0,0,0,4752252,7465613,0,173,125,0,0,1000,1000,7922133
MPCTASK: EXP,2,240,12009,71,-226,720,-128,402,3,-129,26,65,69,-20,700,-60,213,700,20,49,234,69,69,1,1,0,0,0,0,0,1,1,0,5,25170,13550,38793,2303450,0,0,0,4278788,6594881,0,175,127,0,0,1000,1000,7922133
MPCTASK: EXP,2,242,12106,47,-199,721,-154,430,-11,-535,106,60,66,-16,700,-71,317,700,18,-20,258,69,69,1,1,0,0,0,0,0,1,1,0,5,24226,11320,35619,1924322,0,0,0,4118428,6055288,0,177,129,0,0,1000,1000,7922133
MPCTASK: EXP,2,244,12205,27,-164,721,-180,527,-29,-887,120,47,62,-9,700,-47,402,700,16,16,355,69,69,1,1,0,0,0,0,0,1,1,0,5,23187,11551,34809,1963468,0,0,0,3941676,5917679,0,179,131,0,0,1000,1000,7922133
MPCTASK: EXP,2,246,12309,2,-118,720,-205,676,-36,-1090,14,4,37,36,700,-14,490,839,13,12,440,69,69,1,1,0,0,0,0,0,1,0,770,5,25535,10831,39080,1841321,0,0,0,4340852,6643784,0,181,131,0,0,1000,1000,7922133
MPCTASK: EXP,2,248,12408,-21,-50,723,-193,879,113,-1065,-188,-44,-10,135,700,32,583,700,23,-51,329,69,69,1,1,0,0,0,0,0,1,1,0,5,27004,10539,37614,1791580,0,0,0,4590508,6394461,0,183,132,0,0,1000,1000,7922133
MPCTASK: EXP,2,250,12508,-47,51,739,-147,1069,211,-773,-432,-100,-66,280,700,82,675,790,39,-23,283,69,69,1,1,0,0,0,0,0,1,0,457,5,23654,11402,37064,1938305,0,0,0,4020957,6300979,0,185,132,0,0,1000,1000,7922133
MPCTASK: EXP,2,252,12610,-55,142,753,-52,1135,130,-350,-697,-114,-113,454,700,149,712,700,53,-14,235,69,69,0,0,0,0,0,0,0,0,0,0,5,27610,11337,39016,1927361,0,0,0,4693612,6632934,0,186,132,0,0,1000,1000,7922133
MPCTASK: EXP,2,254,12709,-50,244,765,78,1149,89,-12,-810,-105,-134,636,700,211,739,701,65,4,248,69,69,0,0,0,0,0,0,0,0,0,0,5,27188,11877,39133,2019022,0,0,0,4621736,6653017,0,186,132,0,0,1000,1000,7922133
MPCTASK: EXP,2,256,12804,-38,333,775,202,1090,0,335,-901,-114,-119,805,700,258,731,701,75,15,280,69,69,0,0,0,0,0,0,0,0,0,0,5,22156,11845,34071,2013637,0,0,0,3766328,5792064,0,186,132,0,0,1000,1000,7922133
MPCTASK: EXP,2,258,12909,21,468,769,380,1050,-116,714,-761,-175,-64,948,699,324,751,699,45,-4,308,69,69,0,0,0,0,0,0,0,0,0,0,5,26198,11799,38428,2005861,0,0,0,4453432,6532836,0,186,132,0,0,1000,1000,7922133
MPCTASK: EXP,2,260,13005,67,534,758,490,858,-141,980,-568,-191,24,1054,699,345,691,699,30,-3,505,69,69,0,0,0,0,0,0,0,0,0,0,5,24772,9775,34878,1661673,0,0,0,4211140,5929604,0,186,132,0,0,1000,1000,7922133
MPCTASK: EXP,2,262,13110,129,576,744,576,628,-141,1085,-320,-214,137,1117,699,358,604,749,16,-50,593,69,69,1,1,0,0,0,0,0,1,0,306,5,25362,12570,39733,2136787,0,0,0,4311449,6754856,0,188,132,0,0,1000,1000,7922133
MPCTASK: EXP,2,264,13209,131,615,728,520,404,-95,1106,12,-216,260,1136,699,281,521,747,9,151,712,69,69,1,1,0,0,0,0,0,1,0,308,5,25821,10864,38911,1846797,0,0,0,4389440,6614840,0,190,132,0,0,1000,1000,7922133
MPCTASK: EXP,2,266,13306,185,619,723,495,142,28,1111,284,-235,377,1113,699,242,403,699,23,-17,373,69,69,1,1,0,0,0,0,0,1,1,0,5,22627,12542,35241,2131964,0,0,0,3846477,5991192,0,192,133,0,0,1000,1000,7922133
MPCTASK: EXP,2,268,13411,224,594,730,400,-99,135,952,574,-238,472,1051,699,177,280,881,30,-33,296,69,69,1,1,0,0,0,0,0,1,0,936,5,27885,11486,40506,1952595,0,0,0,4740324,6886057,0,194,134,0,0,1000,1000,7922133
MPCTASK: EXP,2,270,13511,258,551,740,278,-284,85,939,852,-249,533,955,700,182,261,900,40,44,309,69,69,1,1,0,0,0,0,0,1,0,1110,5,26039,12948,41099,2201056,0,0,0,4426608,6987048,0,196,135,0,0,1000,1000,7922133
MPCTASK: EXP,2,272,13613,229,494,755,45,-464,122,762,953,-178,550,831,700,0,30,700,55,1,309,69,69,0,0,0,0,0,0,0,0,0,0,5,27585,13580,41235,2308663,0,0,0,4689252,7010025,0,197,135,0,0,1000,1000,7922133
MPCTASK: EXP,2,274,13710,218,427,768,-127,-599,127,627,956,-147,521,682,700,-76,-95,704,68,252,432,69,69,0,0,0,0,0,0,0,0,0,0,5,26181,11029,37278,1874870,0,0,0,4450692,6337360,0,197,135,0,0,1000,1000,7922133
MPCTASK: EXP,2,276,13805,204,352,774,-257,-702,-25,678,873,-116,447,516,700,-117,-219,700,69,263,475,69,69,0,0,0,0,0,0,0,0,0,0,5,23348,9568,32985,1626603,0,0,0,3969152,5607549,0,197,135,0,0,1000,1000,7922133
MPCTASK: EXP,2,278,13911,153,291,764,-409,-787,-145,722,789,-53,335,337,700,-172,-323,700,35,17,375,69,69,0,0,0,0,0,0,0,0,0,0,5,27347,10890,38311,1851208,0,0,0,4648852,6513017,0,197,135,0,0,1000,1000,7922133
MPCTASK: EXP,2,280,14011,116,207,748,-514,-907,-162,634,573,-18,195,151,700,-185,-433,836,15,55,387,69,69,1,1,0,0,0,0,0,1,0,740,5,24299,12116,38296,2059658,0,0,0,4130764,6510504,0,198,135,0,0,1000,1000,7922133
MPCTASK: EXP,2,282,14109,60,105,730,-597,-1022,-96,483,282,21,41,-38,700,-190,-545,700,11,2,270,69,69,1,1,0,0,0,0,0,1,1,0,5,24380,12329,36781,2095974,0,0,0,4144517,6252876,0,200,137,0,0,1000,1000,7922133
MPCTASK: EXP,2,284,14209,7,80,728,-601,-983,7,281,-90,100,-110,-226,700,-158,-555,700,28,24,228,69,69,1,1,0,0,0,0,0,1,1,0,5,24229,12222,36523,2077755,0,0,0,4118876,6209007,0,202,139,0,0,1000,1000,7922133
MPCTASK: EXP,2,286,14314,-38,-14,732,-544,-1021,-13,273,-457,122,-246,-408,700,-102,-634,700,30,-3,242,69,69,1,1,0,0,0,0,0,1,1,0,5,26061,14626,40763,2486214,0,0,0,4430308,6929715,0,204,141,0,0,1000,1000,7922133
MPCTASK: EXP,2,288,14410,-83,-113,731,-439,-1052,-53,235,-780,153,-351,-580,700,-39,-706,700,21,86,370,69,69,1,1,0,0,0,0,0,1,1,0,5,23198,13858,37349,2355750,0,0,0,3943462,6349569,0,206,143,0,0,1000,1000,7922133
MPCTASK: EXP,2,290,14516,-112,-204,730,-282,-1062,-61,177,-990,164,-416,-737,700,34,-756,795,18,131,505,69,69,1,1,0,0,0,0,0,1,0,543,5,29166,11884,42444,2020136,0,0,0,4958152,7215548,0,208,143,0,0,1000,1000,7922133
MPCTASK: EXP,2,292,14613,-117,-305,732,-67,-1068,56,-6,-1108,141,-433,-877,700,125,-797,867,32,112,413,69,69,1,1,0,0,0,0,0,1,0,880,5,22437,14511,39583,2466812,0,0,0,3814249,6729221,0,210,143,0,0,1000,1000,7922133
MPCTASK: EXP,2,294,14714,-108,-377,743,149,-1002,145,-156,-1073,108,-401,-995,700,203,-796,868,43,187,416,69,69,1,1,0,0,0,0,0,1,0,856,5,24812,12805,40741,2176868,0,0,0,4217928,6926010,0,212,143,0,0,1000,1000,7922133
MPCTASK: EXP,2,296,14810,-70,-460,759,365,-936,230,-300,-951,80,-324,-1089,700,281,-792,705,59,32,320,69,69,0,0,0,0,0,0,0,0,0,0,5,24530,11371,36186,1933027,0,0,0,4169936,6151703,0,212,143,0,0,1000,1000,7922133
MPCTASK: EXP,2,298,14914,-18,-525,782,504,-838,133,-511,-691,56,-208,-1157,700,324,-762,708,82,34,225,69,69,0,0,0,0,0,0,0,0,0,0,5,26905,13453,40807,2286967,0,0,0,4573745,6937331,0,212,143,0,0,1000,1000,7922133
MPCTASK: EXP,2,300,15010,50,-591,783,602,-741,-80,-662,-414,49,-64,-1197,700,354,-728,701,67,-22,246,69,69,0,0,0,0,0,0,0,0,0,0,5,24220,12788,37077,2173903,0,0,0,4117380,6303239,0,212,143,0,0,1000,1000,7922133
MPCTASK: EXP,2,302,15114,114,-634,768,643,-590,-181,-853,-69,51,91,-1208,700,351,-659,700,32,-35,483,69,69,0,0,0,0,0,0,0,0,0,0,5,27043,13451,40563,2286518,0,0,0,4597284,6895757,0,212,143,0,0,1000,1000,7922133
MPCTASK: EXP,2,304,15208,184,-671,756,633,-409,-152,-1022,277,62,244,-1190,700,329,-576,700,25,-76,503,69,69,0,0,0,0,0,0,0,0,0,0,5,22907,11356,34720,1930362,0,0,0,3894124,5902516,0,212,143,0,0,1000,1000,7922133
MPCTASK: EXP,2,306,15312,239,-686,742,551,-197,-131,-1120,587,72,381,-1143,700,279,-474,750,16,-22,592,69,69,1,1,0,0,0,0,0,1,0,311,5,23714,11488,38854,1952842,0,0,0,4031300,6605304,0,214,143,0,0,1000,1000,7922133
MPCTASK: EXP,2,308,15410,286,-681,735,415,32,-56,-1155,849,87,486,-1068,700,211,-357,801,24,-12,435,69,69,1,1,0,0,0,0,0,1,0,565,5,23155,12119,36939,2060108,0,0,0,3936264,6279691,0,216,143,0,0,1000,1000,7922133
MPCTASK: EXP,2,310,15513,307,-652,731,219,271,10,-1134,1035,89,551,-967,700,122,-223,840,31,171,475,69,69,1,1,0,0,0,0,0,1,0,752,5,25073,13269,40001,2255663,0,0,0,4262332,6800332,0,218,143,0,0,1000,1000,7922133
MPCTASK: EXP,2,312,15613,311,-600,735,5,498,90,-1039,1097,88,568,-843,700,34,-84,700,35,181,434,69,69,1,1,0,0,0,0,0,1,1,0,5,25618,13016,38706,2212585,0,0,0,4355036,6580155,0,220,145,0,0,1000,1000,7922133
MPCTASK: EXP,2,314,15714,291,-542,740,-194,663,21,-935,1088,69,536,-699,700,-48,37,834,40,126,414,69,69,1,1,0,0,0,0,0,1,0,709,5,25227,12575,39233,2137747,0,0,0,4288400,6669664,0,222,146,0,0,1000,1000,7922133
MPCTASK: EXP,2,316,15813,243,-472,736,-388,800,-45,-803,949,24,457,-538,700,-99,129,862,27,98,408,69,69,1,1,0,0,0,0,0,1,0,868,5,25389,11730,39232,1994134,0,0,0,4316032,6669510,0,224,146,0,0,1000,1000,7922133
MPCTASK: EXP,2,318,15913,192,-400,736,-559,928,100,-679,677,-9,341,-364,700,-175,266,700,36,-41,239,69,69,1,1,0,0,0,0,0,1,1,0,5,27114,11799,38985,2005653,0,0,0,4609320,6627509,0,226,148,0,0,1000,1000,7922133
MPCTASK: EXP,2,320,16013,115,-322,745,-669,1005,94,-456,315,-50,198,-181,700,-210,354,700,45,-13,202,69,69,1,1,0,0,0,0,0,1,1,0,5,23407,14426,38164,2452314,0,0,0,3979101,6487984,0,228,150,0,0,1000,1000,7922133
MPCTASK: EXP,2,322,16113,49,-239,746,-691,1032,-20,-250,13,-46,41,5,700,-205,428,700,42,29,221,69,69,1,1,0,0,0,0,0,1,0,726,5,25039,10203,38261,1734467,0,0,0,4256540,6504549,0,230,151,0,0,1000,1000,7922133
MPCTASK: EXP,2,324,16211,-15,-151,745,-664,1042,-56,-159,-307,-17,-111,191,700,-178,501,700,34,12,231,69,69,1,1,0,0,0,0,0,1,0,870,5,22229,12760,36932,2169085,0,0,0,3778740,6278498,0,232,151,0,0,1000,1000,7922133
MPCTASK: EXP,2,326,16310,-68,-73,745,-575,1025,-55,-136,-602,7,-248,372,700,-124,554,700,34,39,283,69,69,1,1,0,0,0,0,0,1,1,0,5,22450,13082,35602,2223782,0,0,0,3816356,6052516,0,234,153,0,0,1000,1000,7922133
MPCTASK: EXP,2,328,16415,-85,46,745,-405,1075,-53,-176,-892,39,-353,543,700,-26,651,808,34,148,438,69,69,1,1,0,0,0,0,0,1,0,584,5,28485,10118,40591,1719885,0,0,0,4842313,6900590,0,236,154,0,0,1000,1000,7922133
MPCTASK: EXP,2,330,16515,-89,143,740,-212,1083,-66,-51,-912,36,-418,701,700,63,702,779,26,200,534,69,69,1,1,0,0,0,0,0,1,0,448,5,24596,12599,40165,2141722,0,0,0,4181252,6828112,0,238,154,0,0,1000,1000,7922133
MPCTASK: EXP,2,332,16613,-99,224,737,-25,1053,35,-18,-989,21,-435,841,700,43,630,895,37,187,441,69,69,1,1,0,0,0,0,0,1,0,1017,5,24232,12661,39206,2152248,0,0,0,4119408,6665059,0,240,154,0,0,1000,1000,7922133
MPCTASK: EXP,2,334,16713,-144,315,745,89,1020,134,207,-907,0,-403,960,700,147,735,755,45,218,452,69,69,1,1,0,0,0,0,0,1,0,289,5,24256,11801,39085,2006076,0,0,0,4123456,6644501,0,242,155,0,0,1000,1000,7922133
MPCTASK: EXP,2,336,16813,-120,379,758,247,904,107,402,-997,42,-324,1054,700,219,715,700,58,166,372,69,69,0,0,0,0,0,0,0,0,0,0,5,22252,16192,38512,2752567,0,0,0,3782792,6547159,0,242,155,0,0,1000,1000,7922133
MPCTASK: EXP,2,338,16913,-82,427,763,394,788,-21,500,-802,17,-208,1123,700,255,670,700,59,55,296,69,69,0,0,0,0,0,0,0,0,0,0,5,22993,15446,38508,2625721,0,0,0,3908736,6546420,0,242,155,0,0,1000,1000,7922133
MPCTASK: EXP,2,340,17008,-23,490,754,523,689,-135,610,-617,-36,-64,1163,700,293,634,700,27,-13,281,69,69,0,0,0,0,0,0,0,0,0,0,5,24593,9156,34162,1556481,0,0,0,4180784,5807715,0,242,155,0,0,1000,1000,7922133
MPCTASK: EXP,2,342,17112,-60,479,742,475,464,-138,820,-300,-33,91,1174,700,196,507,746,15,200,690,69,69,1,1,0,0,0,0,0,1,0,290,5,23254,11542,37581,1961968,0,0,0,3953040,6388908,0,243,155,0,0,1000,1000,7922133
MPCTASK: EXP,2,344,17213,-15,541,731,524,352,-93,786,-346,-78,245,1156,700,193,469,700,12,-32,338,69,69,1,1,0,0,0,0,0,1,1,0,5,24490,12447,37386,2115801,0,0,0,4163204,6355616,0,245,156,0,0,1000,1000,7922133
MPCTASK: EXP,2,346,17310,53,550,730,575,152,54,887,56,-155,381,1109,700,180,369,700,30,-63,290,69,69,1,1,0,0,0,0,0,1,1,0,5,24003,10175,34250,1729661,0,0,0,4080396,5822594,0,247,158,0,0,1000,1000,7922133
MPCTASK: EXP,2,348,17414,108,535,733,532,-26,-3,955,470,-176,486,1034,700,135,255,700,32,-45,318,69,69,1,1,0,0,0,0,0,1,1,0,5,24579,13627,38553,2316573,0,0,0,4178252,6554493,0,249,160,0,0,1000,1000,7922133
MPCTASK: EXP,2,350,17513,156,520,730,424,-182,-69,939,844,-161,551,934,700,77,154,700,16,-16,354,69,69,1,1,0,0,0,0,0,1,1,0,5,24426,13024,37699,2214102,0,0,0,4152292,6408781,0,251,162,0,0,1000,1000,7922133
MPCTASK: EXP,2,352,17617,197,469,730,266,-373,-56,952,1106,-108,568,810,700,20,19,791,19,113,510,69,69,1,1,0,0,0,0,0,1,0,521,5,25850,12517,40309,2127834,0,0,0,4394276,6852733,0,253,162,0,0,1000,1000,7922133
MPCTASK: EXP,2,354,17718,216,407,726,45,-568,19,865,1229,-60,536,665,700,-48,-115,814,26,147,502,69,69,1,1,0,0,0,0,0,1,0,630,5,28856,10973,41495,1865253,0,0,0,4905400,7054153,0,255,162,0,0,1000,1000,7922133
MPCTASK: EXP,2,356,17819,217,307,728,-175,-765,72,676,1176,-61,457,504,700,-102,-264,883,28,-57,355,69,69,1,1,0,0,0,0,0,1,0,960,5,26949,13460,42394,2288048,0,0,0,4581232,7207076,0,257,162,0,0,1000,1000,7922133
MPCTASK: EXP,2,358,17917,200,197,732,-382,-916,143,472,973,-67,341,330,700,-143,-405,856,32,2,314,69,69,1,1,0,0,0,0,0,1,0,811,5,25989,12949,40637,2201171,0,0,0,4418086,6908452,0,259,162,0,0,1000,1000,7922133
MPCTASK: EXP,2,360,18015,148,109,748,-565,-982,249,288,733,-27,198,147,700,-184,-503,754,48,-15,293,69,69,1,1,0,0,0,0,0,1,0,260,5,23132,13512,38964,2296919,0,0,0,3932351,6623846,0,261,162,0,0,1000,1000,7922133
MPCTASK: EXP,2,362,18114,61,15,770,-687,-1014,193,183,323,31,41,-38,700,-213,-592,707,70,-11,189,69,69,0,0,0,0,0,0,0,0,0,0,5,23726,14264,38064,2424723,0,0,0,4003238,6470954,0,261,162,0,0,1000,1000,7922133
MPCTASK: EXP,2,364,18215,-2,-61,780,-691,-1004,21,205,-183,70,-112,-225,700,-183,-659,704,80,11,166,69,69,0,0,0,0,0,0,0,0,0,0,5,24958,14177,39211,2410047,0,0,0,4242740,6665987,0,261,162,0,0,1000,1000,7922133
MPCTASK: EXP,2,366,18314,-59,-122,781,-637,-988,-87,238,-546,107,-248,-406,700,-137,-703,700,63,23,242,69,69,0,0,0,0,0,0,0,0,0,0,5,25011,12672,37759,2154179,0,0,0,4251744,6419133,0,261,162,0,0,1000,1000,7922133
MPCTASK: EXP,2,368,18413,-96,-208,778,-479,-993,-122,219,-921,101,-353,-577,700,-51,-758,700,54,67,455,69,69,0,0,0,0,0,0,0,0,0,0,5,24523,11636,36228,1977978,0,0,0,4168848,6158787,0,261,162,0,0,1000,1000,7922133
MPCTASK: EXP,2,370,18508,-129,-288,768,-306,-994,-150,160,-1121,107,-418,-735,700,25,-798,700,38,32,733,69,69,0,0,0,0,0,0,0,0,0,0,5,21259,10968,32297,1864513,0,0,0,3613968,5490439,0,261,162,0,0,1000,1000,7922133
MPCTASK: EXP,2,372,18613,-135,-355,755,-107,-975,-164,44,-1256,110,-435,-875,700,110,-813,700,22,88,1149,69,69,0,0,0,0,0,0,0,0,0,0,5,24007,12803,36881,2176413,0,0,0,4081076,6269865,0,261,162,0,0,1000,1000,7922133
MPCTASK: EXP,2,374,18717,-129,-436,738,141,-928,-150,-141,-1238,98,-403,-993,700,196,-818,724,8,20,933,69,69,1,1,0,0,0,0,0,1,0,191,5,25359,12581,39983,2138554,0,0,0,4310977,6797223,0,263,162,0,0,1000,1000,7922133
MPCTASK: EXP,2,376,18817,-88,-502,721,376,-851,-114,-317,-1055,89,-324,-1088,700,276,-800,794,-1,-43,518,69,69,1,1,0,0,0,0,0,1,0,558,5,26686,11464,40454,1948922,0,0,0,4536448,6877207,0,265,162,0,0,1000,1000,7922133
MPCTASK: EXP,2,378,18910,-34,-550,712,563,-729,-13,-462,-779,76,-208,-1156,700,334,-753,700,10,4,321,69,69,1,1,0,0,0,0,0,1,1,0,5,22845,10510,33428,1786616,0,0,0,3883640,5682901,0,267,164,0,0,1000,1000,7922133
MPCTASK: EXP,2,380,19015,23,-575,712,671,-592,24,-587,-467,65,-64,-1197,700,356,-683,700,12,-22,263,69,69,1,1,0,0,0,0,0,1,1,0,5,27703,10976,38751,1865937,0,0,0,4709380,6587697,0,269,166,0,0,1000,1000,7922133
MPCTASK: EXP,2,382,19115,104,-607,712,726,-441,-14,-680,-63,84,91,-1208,700,365,-611,700,9,-27,291,69,69,1,1,0,0,0,0,0,1,1,0,5,26747,11873,38693,2018254,0,0,0,4546844,6577827,0,271,168,0,0,1000,1000,7922133
MPCTASK: EXP,2,384,19214,165,-623,714,689,-290,-20,-763,317,96,245,-1190,700,329,-527,700,10,39,338,69,69,1,1,0,0,0,0,0,1,1,0,5,24017,13190,37282,2242308,0,0,0,4082852,6338058,0,273,170,0,0,1000,1000,7922133
MPCTASK: EXP,2,386,19315,223,-624,720,598,-129,-8,-837,653,99,381,-1143,700,276,-428,700,18,42,340,69,69,1,1,0,0,0,0,0,1,1,0,5,24906,14106,39091,2397959,0,0,0,4233988,6645603,0,275,172,0,0,1000,1000,7922133
MPCTASK: EXP,2,388,19414,262,-618,721,467,13,-25,-902,918,85,486,-1068,700,204,-330,700,16,94,399,69,69,1,1,0,0,0,0,0,1,1,0,5,26914,10681,37668,1815647,0,0,0,4575248,6403545,0,277,174,0,0,1000,1000,7922133
MPCTASK: EXP,2,390,19518,293,-599,717,263,197,-59,-972,1123,58,551,-967,700,119,-213,790,5,166,598,69,69,1,1,0,0,0,0,0,1,0,533,5,26162,12461,40882,2118266,0,0,0,4447396,6950025,0,279,174,0,0,1000,1000,7922133
MPCTASK: EXP,2,392,19609,297,-563,715,16,404,61,-1012,1187,25,568,-843,700,23,-83,700,15,222,542,69,69,1,1,0,0,0,0,0,1,1,0,5,21092,11389,32566,1935912,0,0,0,3585599,5536318,0,281,175,0,0,1000,1000,7922133
MPCTASK: EXP,2,394,19711,271,-498,721,-222,611,95,-956,1110,-18,536,-699,700,-70,58,700,21,109,406,69,69,1,1,0,0,0,0,0,1,1,0,5,23107,11677,34854,1984965,0,0,0,3928048,5925385,0,283,177,0,0,1000,1000,7922133
MPCTASK: EXP,2,396,19815,236,-442,721,-381,739,-18,-874,958,-59,457,-538,700,-128,167,700,17,18,358,69,69,1,1,0,0,0,0,0,1,1,0,5,25690,12623,38626,2145886,0,0,0,4367220,6566609,0,285,179,0,0,1000,1000,7922133
MPCTASK: EXP,2,398,19912,182,-354,712,-538,892,-76,-775,715,-82,341,-364,700,-180,296,700,-2,-13,339,69,69,1,1,0,0,0,0,0,1,1,0,5,23287,12262,35621,2084434,0,0,0,3958601,6055565,0,287,181,0,0,1000,1000,7922133
MPCTASK: EXP,2,400,20013,126,-267,701,-635,1009,-62,-603,418,-84,198,-181,700,-200,405,700,-11,12,318,69,69,1,1,0,0,0,0,0,1,1,0,5,25915,10497,36486,1784264,0,0,0,4405440,6202692,0,289,183,0,0,1000,1000,7922133
MPCTASK: EXP,2,402,20114,54,-174,696,-692,1084,-8,-370,104,-78,41,5,700,-207,496,700,-5,-31,251,69,69,1,1,0,0,0,0,0,1,1,0,5,24050,13677,37926,2325079,0,0,0,4088324,6447457,0,291,185,0,0,1000,1000,7922133
MPCTASK: EXP,2,404,20213,3,-95,701,-666,1098,34,-190,-245,-53,-112,191,700,-168,557,700,1,19,237,69,69,1,1,0,0,0,0,0,1,1,0,5,25947,11267,37285,1915180,0,0,0,4410917,6338473,0,293,187,0,0,1000,1000,7922133
MPCTASK: EXP,2,406,20314,-49,12,710,-569,1097,38,-41,-603,-12,-248,372,700,-109,629,700,10,30,291,69,69,1,1,0,0,0,0,0,1,1,0,5,25026,12174,37274,2069433,0,0,0,4254354,6336716,0,295,189,0,0,1000,1000,7922133
MPCTASK: EXP,2,408,20411,-81,100,718,-428,1069,15,-14,-801,14,-353,543,700,-35,680,700,18,113,377,69,69,1,1,0,0,0,0,0,1,1,0,5,21861,12717,34651,2161826,0,0,0,3716388,5890746,0,297,191,0,0,1000,1000,7922133
MPCTASK: EXP,2,410,20515,-101,187,721,-261,1045,-22,-22,-1005,27,-418,701,700,49,723,842,17,146,482,69,69,1,1,0,0,0,0,0,1,0,783,5,24952,12372,38873,2103127,0,0,0,4241632,6608616,0,299,192,0,0,1000,1000,7922133
MPCTASK: EXP,2,412,20616,-110,257,721,-88,1009,-21,32,-1073,35,-435,841,700,122,740,795,17,226,601,69,69,1,1,0,0,0,0,0,1,0,549,5,23476,14157,39467,2406669,0,0,0,3990726,6709621,0,301,192,0,0,1000,1000,7922133
MPCTASK: EXP,2,414,20714,-95,341,724,144,973,94,146,-1073,26,-402,959,700,211,753,700,24,103,397,69,69,1,1,0,0,0,0,0,1,1,0,5,26558,10610,37447,1803583,0,0,0,4514820,6366117,0,303,193,0,0,1000,1000,7922133
MPCTASK: EXP,2,416,20810,-85,429,737,311,908,198,479,-809,-11,-324,1054,700,250,745,900,37,212,412,69,69,1,1,0,0,0,0,0,1,0,1115,5,21098,10826,33312,1840265,0,0,0,3586512,5663070,0,305,193,0,0,1000,1000,7922133
MPCTASK: EXP,2,418,20915,-31,496,755,473,788,200,591,-710,-50,-208,1122,700,310,714,703,55,172,348,69,69,0,0,0,0,0,0,0,0,0,0,5,24310,13686,38160,2326568,0,0,0,4132564,6487197,0,306,193,0,0,1000,1000,7922133
MPCTASK: EXP,2,420,21014,60,498,774,635,578,150,724,-470,-128,-64,1163,700,371,607,706,74,-35,224,69,69,0,0,0,0,0,0,0,0,0,0,5,26278,10639,37124,1808591,0,0,0,4467160,6311133,0,306,193,0,0,1000,1000,7922133
MPCTASK: EXP,2,422,21117,139,529,780,694,446,-35,770,-104,-215,91,1174,700,384,542,702,73,40,272,69,69,0,0,0,0,0,0,0,0,0,0,5,23851,15984,39908,2717174,0,0,0,4054666,6784497,0,306,193,0,0,1000,1000,7922133
MPCTASK: EXP,2,424,21213,197,550,772,665,298,-144,857,267,-247,245,1156,700,347,463,700,43,2,405,69,69,0,0,0,0,0,0,0,0,0,0,5,23836,12944,36851,2200268,0,0,0,4052044,6264656,0,306,193,0,0,1000,1000,7922133
MPCTASK: EXP,2,426,21313,260,555,759,590,129,-162,902,591,-223,381,1109,700,301,367,700,27,-51,425,69,69,0,0,0,0,0,0,0,0,0,0,5,24021,12979,37169,2206361,0,0,0,4083528,6318781,0,306,193,0,0,1000,1000,7922133
MPCTASK: EXP,2,428,21416,309,556,748,448,-29,-139,901,896,-178,486,1035,700,234,272,774,20,50,478,69,69,1,1,0,0,0,0,0,1,0,423,5,25842,11304,39409,1921675,0,0,0,4393008,6699609,0,307,193,0,0,1000,1000,7922133
MPCTASK: EXP,2,430,21514,342,533,730,261,-209,-143,948,1131,-107,550,935,700,154,154,743,1,59,741,69,69,1,1,0,0,0,0,0,1,0,296,5,22548,13205,37843,2244701,0,0,0,3833156,6433440,0,309,193,0,0,1000,1000,7922133
MPCTASK: EXP,2,432,21613,339,489,717,3,-418,-40,950,1226,-25,566,811,700,50,17,776,9,185,640,69,69,1,1,0,0,0,0,0,1,0,461,5,24504,9819,37093,1669310,0,0,0,4165680,6305782,0,311,193,0,0,1000,1000,7922133
MPCTASK: EXP,2,434,21713,327,418,719,-224,-619,43,836,1156,24,534,667,700,-30,-124,700,19,114,446,69,69,1,1,0,0,0,0,0,1,1,0,5,23522,12841,36435,2182988,0,0,0,3998553,6193919,0,313,194,0,0,1000,1000,7922133
MPCTASK: EXP,2,436,21814,287,350,728,-435,-757,111,643,1003,17,455,506,700,-105,-238,700,28,81,357,69,69,1,1,0,0,0,0,0,1,1,0,5,25492,10951,37106,1861554,0,0,0,4333532,6308194,0,315,196,0,0,1000,1000,7922133
MPCTASK: EXP,2,438,21914,217,266,731,-603,-858,-5,548,765,3,339,332,700,-168,-355,700,30,11,297,69,69,1,1,0,0,0,0,0,1,1,0,5,25785,11898,37755,2022703,0,0,0,4383256,6418329,0,317,198,0,0,1000,1000,7922133
MPCTASK: EXP,2,440,22014,134,235,720,-716,-865,-89,497,349,70,196,149,700,-202,-403,700,2,-29,278,69,69,1,1,0,0,0,0,0,1,1,0,5,26674,10916,37662,1855577,0,0,0,4534416,6402569,0,319,200,0,0,1000,1000,7922133
MPCTASK: EXP,2,442,22114,59,159,713,-746,-932,-55,486,9,112,42,-39,700,-207,-491,700,2,-1,276,69,69,1,1,0,0,0,0,0,1,1,0,5,24034,12703,36808,2159450,0,0,0,4085712,6257543,0,321,202,0,0,1000,1000,7922133
MPCTASK: EXP,2,444,22216,14,96,714,-677,-962,5,394,-350,153,-109,-227,700,-156,-544,700,14,74,290,69,69,1,1,0,0,0,0,0,1,1,0,5,27542,11077,38693,1883140,0,0,0,4682124,6577808,0,323,204,0,0,1000,1000,7922133
MPCTASK: EXP,2,446,22314,-46,1,724,-597,-1016,34,325,-613,171,-242,-412,700,-119,-617,700,24,62,297,69,69,1,1,0,0,0,0,0,1,1,0,5,22309,14212,36595,2415815,0,0,0,3792482,6221179,0,325,206,0,0,1000,1000,7922133
MPCTASK: EXP,2,448,22413,-37,-77,730,-394,-1025,3,247,-860,155,-344,-588,700,-11,-653,700,30,174,428,69,69,1,1,0,0,0,0,0,1,1,0,5,23211,12747,36030,2166821,0,0,0,3945888,6125251,0,327,208,0,0,1000,1000,7922133
MPCTASK: EXP,2,450,22518,-62,-179,727,-251,-1051,-54,145,-795,150,-405,-750,700,35,-695,700,16,91,384,69,69,1,1,0,0,0,0,0,1,1,0,5,27534,12400,40005,2107833,0,0,0,4680631,6801008,0,329,210,0,0,1000,1000,7922133
MPCTASK: EXP,2,452,22616,-72,-273,722,-96,-1044,-69,-23,-877,138,-419,-893,700,83,-707,700,8,60,414,69,69,1,1,0,0,0,0,0,1,1,0,5,26534,11605,38212,1972692,0,0,0,4510612,6496011,0,331,211,0,0,1000,1000,7922133
MPCTASK: EXP,2,454,22717,-72,-356,721,67,-981,33,-343,-841,114,-386,-1013,700,122,-677,700,21,-6,306,69,69,1,1,0,0,0,0,0,1,1,0,5,28297,11144,39512,1894333,0,0,0,4810345,6717049,0,333,213,0,0,1000,1000,7922133
MPCTASK: EXP,2,456,22815,-54,-424,724,204,-863,6,-578,-716,91,-311,-1104,699,145,-624,699,24,76,327,69,69,1,1,0,0,0,0,0,1,1,0,5,25708,11844,38067,2013395,0,0,0,4370216,6471583,0,335,215,0,0,1000,1000,7922133
MPCTASK: EXP,2,458,22916,-8,-491,723,331,-725,-50,-840,-465,88,-204,-1162,699,167,-562,699,12,-55,321,69,69,1,1,0,0,0,0,0,1,1,0,5,26017,12440,38530,2114721,0,0,0,4422908,6550172,0,337,217,0,0,1000,1000,7922133
MPCTASK: EXP,2,460,23019,31,-527,718,389,-526,-64,-1048,-176,87,-79,-1181,699,163,-474,699,5,-53,420,69,69,1,1,0,0,0,0,0,1,1,0,5,26928,14169,41170,2408692,0,0,0,4577812,6999046,0,339,219,0,0,1000,1000,7922133
MPCTASK: EXP,2,462,23116,80,-544,714,402,-295,-51,-1185,156,104,49,-1160,699,156,-386,811,3,-35,494,69,69,1,1,0,0,0,0,0,1,0,643,5,26929,10232,39032,1739370,0,0,0,4577764,6635583,0,341,219,0,0,1000,1000,7922133
MPCTASK: EXP,2,464,23213,106,-531,715,321,-15,92,-1161,446,104,164,-1097,699,136,-309,699,15,111,434,69,69,1,1,0,0,0,0,0,1,1,0,5,21475,14304,35850,2431583,0,0,0,3650644,6094597,0,343,220,0,0,1000,1000,7922133
MPCTASK: EXP,2,466,23318,127,-501,727,213,224,171,-997,566,83,251,-993,699,110,-231,842,27,51,345,69,69,1,1,0,0,0,0,0,1,0,741,5,25669,11802,39791,2006187,0,0,0,4363688,6764613,0,345,220,0,0,1000,1000,7922133
MPCTASK: EXP,2,468,23416,133,-456,739,99,395,164,-671,550,54,302,-853,700,91,-183,833,39,-3,254,69,69,1,1,0,0,0,0,0,1,0,677,5,25560,12019,38713,2043164,0,0,0,4345052,6581185,0,347,220,0,0,1000,1000,7922133
MPCTASK: EXP,2,470,23514,137,-396,752,2,516,212,-321,444,37,311,-687,700,89,-146,702,52,2,235,69,69,0,0,0,0,0,0,0,0,0,0,5,23067,13931,37068,2368243,0,0,0,3921340,6301624,0,348,220,0,0,1000,1000,7922133
MPCTASK: EXP,2,472,23613,135,-343,770,-60,546,160,-5,310,29,282,-508,700,95,-136,706,70,14,183,69,69,0,0,0,0,0,0,0,0,0,0,5,22929,12509,35785,2126557,0,0,0,3897759,6083641,0,348,220,0,0,1000,1000,7922133
MPCTASK: EXP,2,474,23714,121,-279,780,-100,538,-11,353,110,12,227,-335,700,96,-118,702,78,8,197,69,69,0,0,0,0,0,0,0,0,0,0,5,24107,12069,36242,2051634,0,0,0,4098097,6161222,0,348,220,0,0,1000,1000,7922133
MPCTASK: EXP,2,476,23817,102,-229,780,-115,468,-116,549,-76,1,162,-187,700,82,-97,700,56,174,368,69,69,0,0,0,0,0,0,0,0,0,0,5,26886,11032,38073,1875383,0,0,0,4570480,6472572,0,348,220,0,0,1000,1000,7922133
MPCTASK: EXP,2,478,23915,86,-210,771,-99,340,-142,586,-197,-4,106,-82,700,65,-94,700,42,220,511,69,69,0,0,0,0,0,0,0,0,0,0,5,25063,11754,36883,1998231,0,0,0,4260621,6270229,0,348,220,0,0,1000,1000,7922133
MPCTASK: EXP,2,480,24015,76,-190,752,-66,238,-165,417,-215,-12,74,-28,700,55,-82,700,19,160,410,69,69,0,0,0,0,0,0,0,0,0,0,5,24868,12176,37117,2069812,0,0,0,4227480,6310150,0,348,220,0,0,1000,1000,7922133
MPCTASK: EXP,2,482,24114,73,-203,736,-33,135,-134,159,-141,-16,66,-16,700,70,-122,700,9,65,258,69,69,1,1,0,0,0,0,0,1,1,0,5,23594,11601,35266,1972186,0,0,0,4010889,5995179,0,350,222,0,0,1000,1000,7922133
MPCTASK: TRAJ DONE: idx=482, max=482; requesting landing
MPCTASK: LANDING: start z=0.73, hold=(0.07,-0.20)
MPCTASK: TIMING SUMMARY: max_step_cycles=7922133 deadline_cycles=8400000 overruns=0
MPCTASK: POSTHOC SUMMARY: active=351 infeasible=223
MPCTASK: LANDING COMPLETE: t=29396 ms, x=0.074, y=-0.215, z=-0.002, vz=-0.082; motors off