s up and running!
SYS: Build 2:de14ff9f08ae (2025.09.1 +2) MODIFIED
SYS: I am 0x373930393434471500370039 and I have 1024KB of flash!
CFGBLK: v1, verification [OK]
DECK_DISCOVERY: Backend found: onewire
DECK_DISCOVERY: Backend found: deckctrl
DECK_CORE: 1 deck(s) found
DECK_CORE: Calling INIT on driver bcFlow2 for deck 0
ZR2: Z-down sensor [OK]
PMW: Motion chip id: 0x49:0xB6
IMU: BMI088: Using I2C interface.
IMU: BMI088 Gyro connection [OK].
IMU: BMI088 Accel connection [OK]
IMU: BMP390 I2C connection [OK]
ESTIMATOR: Using Kalman (2) estimator
CONTROLLER: Using PID (1) controller
MTR-DRV: Using brushless motor driver
SYS: About to run tests in system.c.
SYS: NRF51 version: 2026.04 (C21B)
EEPROM: I2C connection [OK].
STORAGE: Storage check [OK].
IMU: BMI088 gyro self-test [OK]
DECK_CORE: Deck 0 test [OK].
SYS: Self test passed!
STAB: Wait for sensor calibration...
SYS: Free heap: 15048 bytes
MPCTASK: Waiting for activation ...
STAB: Starting stabilizer loop
STAB: WARNING: stabilizer loop rate is off (1004)
SUP: Ready to fly
MPCTASK: Benchmark mode 2, maneuver 4, max_iter 5, task_pri 0
MPCTASK: Reference altitude: 0.70 m; barrier skip when z>0.75 and vz>-0.20
MPCTASK: OOT takeoff: cfclient trigger>=0.15m ramp=0.15m/s forced_trajectory_start=3000ms timeout=12000ms
MPCTASK: Common baseline: mpc_hz=20 model_hz=20 rho=5 base_w=0 base_qz=1 Qz=100 R=4 bridge=x10 guards=z[ref,ref+0.20] xy=free cap=0.05
MPCTASK: MPC->PID: xyz=x10, z_guard=[ref,ref+0.20], yaw=raw_rz, output_hold=200ms, safety_hold=500ms
MPCTASK: Reference origin: xy=forced_3s_start z=0.70 m
MPCTASK: Fixed baseline: w=0 qz=1 adaptive_cache=off
MPCTASK: LIMO posthoc: infeasible=nominal_fallback
MPCTASK: EXP every=2: m,s,tms,p3[mm],v3[mmps],att3[cdeg],ref3[mm],cmd3[mm],h/raw/grad/mar/thr[milli],act/ac/bind,wi/qi/cache/noa,pa/pf/du[milli],it,mpc/eval/total[us],bar/tanh/rl/cache/solve/step[cycles],overruns,post_active/post_infeasible_totals,wreq/w/qzreq/qz[milli],max_step_cycles
MPCTASK: Figure8: source=traj_fig8_12.h source_hz=100 samples=1205 laps=2 duration=24.07 s origin=forced_3s_start z_offset=0.09 m
CONTROLLER: Using OutOfTree (6) controller
MPCTASK: Trajectory origin: x=-0.04 y=-0.09
MPCTASK: OOT activated at z=0.01
MPCTASK: TAKEOFF START: trigger_z=0.15 start_z=0.01 target=0.70 hold=(-0.03,-0.12) ramp=0.15m/s
MPCTASK: OOT loop 1 done
MPCTASK: MPC task loop 1
MPCTASK: x0: pos=(-0.MPCTASK: OOT loop 2 done
03,-0.12,0.01) vel=(0.01,-0.0,0.0)
MPCTASK: ref: (-0.03,-0MPCTASK: OOT loop 3 done
.12,0.01)
MPCTASK: MPC solve start
MPCTASK: MPC solve done, iter=5
MPCTASK: MPC time=27918 us
MPCTASK: MPC stack free=1081 words
MPCTASK: setpoint: x=-0.03 y=-0.12 z=0.07 preview_z=0.07
MPCTASK: MPC task loop 2
MPCTASK: MPC task loop 3
MPCTASK: TAKEOFF COMPLETE: t=3000ms z=0.41 vz=0.24; trajectory queued origin=(-0.06,-0.09)
MPCTASK: TRAJ START: z=0.42 origin=(-0.06,-0.09) EXP clock reset
MPCTASK: EXP,2,2,85,-63,-109,435,-13,-94,244,7,-185,-530,-66,-97,700,-116,191,700,-264,-22,569,69,69,1,1,0,0,0,0,0,1,1,0,5,22308,12170,34554,2068830,0,0,0,3792249,5874229,0,2,2,0,0,1000,1000,5874229
MPCTASK: EXP,2,4,183,-39,-94,464,62,10,388,-771,53,-555,-77,-78,700,-49,296,700,-235,251,784,69,69,1,1,0,0,0,0,0,1,1,0,5,22243,9874,32191,1678616,0,0,0,3781297,5472501,0,4,4,0,0,1000,1000,5874229
MPCTASK: EXP,2,6,285,-25,-91,514,46,210,528,-1349,426,-509,-112,-11,700,-8,384,700,-185,-28,756,69,69,1,1,0,0,0,0,0,1,1,0,5,22450,12531,35054,2130184,0,0,0,3816435,5959213,0,6,6,0,0,1000,1000,6268086
MPCTASK: EXP,2,8,384,-5,-74,570,30,430,512,-1484,386,-497,-165,107,700,51,451,700,-129,99,761,69,69,1,1,0,0,0,0,0,1,1,0,5,21686,10970,33165,1864708,0,0,0,3686589,5638018,0,8,8,0,0,1000,1000,6268086
MPCTASK: EXP,2,10,485,-5,-21,619,-2,666,415,-1478,263,-474,-219,266,700,89,533,700,-80,69,638,69,69,1,1,0,0,0,0,0,1,1,0,5,22934,11350,34746,1929412,0,0,0,3898671,5906822,0,10,10,0,0,1000,1000,6268086
MPCTASK: EXP,2,12,584,-4,59,652,-7,889,306,-1190,26,-445,-258,445,700,130,603,871,-47,-72,481,69,69,1,1,0,0,0,0,0,1,0,965,5,21671,10584,34076,1799232,0,0,0,3684030,5793082,0,12,10,0,0,1000,1000,6268086
MPCTASK: EXP,2,14,686,-9,171,678,20,1093,375,-691,-279,-423,-265,624,700,166,674,845,-21,196,470,69,69,1,1,0,0,0,0,0,1,0,790,5,23989,10452,36112,1776703,0,0,0,4078037,6139186,0,14,10,0,0,1000,1000,6594450
MPCTASK: EXP,2,16,788,0,274,726,120,1140,535,85,-650,-371,-234,785,700,214,673,769,26,223,452,69,69,1,1,0,0,0,0,0,1,0,314,5,24727,10909,37292,1854583,0,0,0,4203474,6339730,0,16,10,0,0,1000,1000,6594450
MPCTASK: EXP,2,18,885,6,377,783,209,1070,474,562,-676,-374,-165,913,699,218,661,720,83,82,437,69,69,0,0,0,0,0,0,0,0,0,0,5,23590,10579,34238,1798282,0,0,0,4010185,5820501,0,16,10,0,0,1000,1000,6594450
MPCTASK: EXP,2,20,982,37,481,829,287,981,250,860,-494,-360,-65,1002,699,213,647,725,129,-14,257,69,69,0,0,0,0,0,0,0,0,0,0,5,20126,11622,31817,1975717,0,0,0,3421349,5409094,0,16,10,0,0,1000,1000,6594450
MPCTASK: EXP,2,22,1080,63,530,844,323,785,28,1187,-265,-336,53,1048,699,186,563,722,144,34,276,69,69,0,0,0,0,0,0,0,0,0,0,5,19018,10575,29661,1797624,0,0,0,3232929,5042424,0,16,10,0,0,1000,1000,6594450
MPCTASK: EXP,2,24,1185,113,551,841,360,521,-91,1436,-9,-314,176,1050,699,166,442,717,123,-89,557,69,69,0,0,0,0,0,0,0,0,0,0,5,22828,10482,33454,1781938,0,0,0,3880777,5687360,0,16,10,0,0,1000,1000,6594450
MPCTASK: EXP,2,26,1285,130,568,828,303,241,-126,1488,306,-312,286,1011,699,92,327,712,103,-134,722,69,69,0,0,0,0,0,0,0,0,0,0,5,22440,9981,32542,1696782,0,0,0,3814845,5532234,0,16,10,0,0,1000,1000,6594450
MPCTASK: EXP,2,28,1385,140,555,811,194,-51,-131,1511,564,-311,368,935,700,10,187,707,85,41,988,69,69,0,0,0,0,0,0,0,0,0,0,5,22121,10515,32705,1787541,0,0,0,3760421,5560003,0,16,10,0,0,1000,1000,6594450
MPCTASK: EXP,2,30,1486,121,483,796,25,-387,-120,1485,771,-333,413,827,700,-98,0,703,72,-1,821,69,69,0,0,0,0,0,0,0,0,0,0,5,21543,11853,33464,2014877,0,0,0,3662221,5688983,0,16,10,0,0,1000,1000,6594450
MPCTASK: EXP,2,32,1586,102,413,781,-148,-648,-95,1146,838,-363,412,692,700,-189,-142,700,62,-37,399,69,69,0,0,0,0,0,0,0,0,0,0,5,22912,10131,33613,1722122,0,0,0,3894881,5714316,0,16,10,0,0,1000,1000,6594450
MPCTASK: EXP,2,34,1687,16,310,768,-385,-869,-52,867,789,-360,364,536,700,-317,-300,700,57,-44,279,69,69,0,0,0,0,0,0,0,0,0,0,5,23198,11614,34880,1974242,0,0,0,3943470,5929587,0,16,10,0,0,1000,1000,6594450
MPCTASK: EXP,2,36,1784,-46,201,761,-536,-1014,-4,533,539,-404,274,364,700,-384,-432,700,60,-28,230,69,69,0,0,0,0,0,0,0,0,0,0,5,21572,10123,32228,1720758,0,0,0,3667177,5478910,0,16,10,0,0,1000,1000,6594450
MPCTASK: EXP,2,38,1890,-113,104,763,-635,-1064,55,164,415,-500,149,182,700,-431,-525,700,63,1,193,69,69,0,0,0,0,0,0,0,0,0,0,5,26582,10475,37126,1780631,0,0,0,4518809,6311484,0,16,10,0,0,1000,1000,6594450
MPCTASK: EXP,2,40,1985,-198,-21,775,-712,-1094,107,-11,144,-659,1,-6,700,-461,-639,705,75,7,142,69,69,0,0,0,0,0,0,0,0,0,0,5,22004,10845,32998,1843622,0,0,0,3740593,5609782,0,16,10,0,0,1000,1000,6594450
MPCTASK: EXP,2,42,2084,-221,-58,788,-661,-1005,47,-101,-88,-914,-153,-195,700,-410,-651,708,88,67,174,69,69,0,0,0,0,0,0,0,0,0,0,5,20250,9802,30122,1666378,0,0,0,3442385,5120809,0,16,10,0,0,1000,1000,6594450
MPCTASK: EXP,2,44,2184,-309,-160,798,-662,-991,52,-131,-242,-1075,-300,-382,700,-409,-727,710,98,15,170,69,69,0,0,0,0,0,0,0,0,0,0,5,21018,9633,30720,1637553,0,0,0,3572929,5222534,0,16,10,0,0,1000,1000,6594450
MPCTASK: EXP,2,46,2290,-398,-218,810,-608,-930,45,-229,-830,-1018,-425,-560,700,-368,-752,713,110,97,293,69,69,0,0,0,0,0,0,0,0,0,0,5,24982,12110,37168,2058683,0,0,0,4246797,6318775,0,16,10,0,0,1000,1000,6594450
MPCTASK: EXP,2,48,2387,-447,-283,818,-425,-888,9,-206,-1347,-802,-515,-726,700,-281,-782,714,118,-111,340,69,69,0,0,0,0,0,0,0,0,0,0,5,24012,9919,34009,1686274,0,0,0,4082089,5781698,0,16,10,0,0,1000,1000,6594450
MPCTASK: EXP,2,50,2489,-492,-326,824,-203,-833,-33,-201,-1557,-535,-561,-877,700,-206,-779,714,117,-146,495,69,69,0,0,0,0,0,0,0,0,0,0,5,21969,13023,35064,2213770,0,0,0,3734685,5960894,0,16,10,0,0,1000,1000,6594450
MPCTASK: EXP,2,52,2587,-491,-376,813,68,-780,-123,-151,-1625,-221,-559,-1008,700,-104,-780,708,88,-88,1014,69,69,0,0,0,0,0,0,0,0,0,0,5,22362,10720,33153,1822276,0,0,0,3801485,5635987,0,16,10,0,0,1000,1000,6594450
MPCTASK: EXP,2,54,2689,-476,-422,793,345,-731,-154,-77,-1591,-41,-508,-1117,700,-11,-771,701,62,28,1426,69,69,0,0,0,0,0,0,0,0,0,0,5,23947,12160,36175,2066977,0,0,0,4070937,6149812,0,16,10,0,0,1000,1000,6594450
MPCTASK: EXP,2,56,2789,-425,-435,772,640,-654,-120,-51,-1388,-45,-414,-1201,700,83,-725,700,48,-112,725,69,69,0,0,0,0,0,0,0,0,0,0,5,23692,11125,35023,1891205,0,0,0,4027510,5954060,0,16,10,0,0,1000,1000,6594450
MPCTASK: EXP,2,58,2889,-355,-461,759,865,-609,-69,-43,-998,-141,-285,-1258,700,150,-689,700,45,-33,358,69,69,0,0,0,0,0,0,0,0,0,0,5,23142,11747,34963,1996860,0,0,0,3934033,5943810,0,16,10,0,0,1000,1000,6594450
MPCTASK: EXP,2,60,2989,-291,-492,750,985,-569,-12,-125,-548,-291,-135,-1287,700,164,-648,700,47,-27,245,69,69,0,0,0,0,0,0,0,0,0,0,5,25465,10416,35956,1770613,0,0,0,4329013,6112546,0,16,10,0,0,1000,1000,6594450
MPCTASK: EXP,2,62,3089,-255,-533,750,978,-522,48,-257,-96,-437,21,-1286,700,118,-606,700,50,-17,180,69,69,0,0,0,0,0,0,0,0,0,0,5,23005,12664,35737,2152667,0,0,0,3910749,6075299,0,17,10,0,0,1000,1000,6594450
MPCTASK: EXP,2,64,3185,-190,-538,760,939,-408,86,-483,271,-571,169,-1256,700,83,-514,700,60,-24,203,69,69,0,0,0,0,0,0,0,0,0,0,5,20996,10039,31248,1706531,0,0,0,3569225,5312349,0,17,10,0,0,1000,1000,6594450
MPCTASK: EXP,2,66,3289,-116,-553,775,851,-284,84,-677,748,-612,295,-1198,700,34,-424,704,75,-27,224,69,69,0,0,0,0,0,0,0,0,0,0,5,23712,11226,35250,1908259,0,0,0,4030953,5992438,0,17,10,0,0,1000,1000,6594450
MPCTASK: EXP,2,68,3385,-53,-553,794,696,-117,65,-928,1202,-588,385,-1112,700,-34,-313,709,94,-62,275,69,69,0,0,0,0,0,0,0,0,0,0,5,21097,10845,32015,1843605,0,0,0,3586533,5442502,0,17,10,0,0,1000,1000,6594450
MPCTASK: EXP,2,70,3487,-16,-538,800,474,82,-10,-1048,1497,-523,431,-1002,700,-120,-193,708,98,67,461,69,69,0,0,0,0,0,0,0,0,0,0,5,23218,10372,33663,1763163,0,0,0,3946953,5722701,0,17,10,0,0,1000,1000,6594450
MPCTASK: EXP,2,72,3587,-7,-495,798,211,312,-76,-1087,1534,-440,428,-869,700,-210,-55,705,83,99,685,69,69,0,0,0,0,0,0,0,0,0,0,5,22144,10754,33107,1828173,0,0,0,3764441,5628367,0,17,10,0,0,1000,1000,6594450
MPCTASK: EXP,2,74,3688,-15,-432,785,-54,541,-117,-1005,1430,-337,377,-718,700,-290,87,700,61,-51,663,69,69,0,0,0,0,0,0,0,0,0,0,5,21694,12276,34039,2086943,0,0,0,3687966,5786800,0,17,10,0,0,1000,1000,6594450
MPCTASK: EXP,2,76,3786,-53,-366,768,-305,733,-101,-876,1121,-255,282,-551,700,-357,213,700,48,-80,379,69,69,0,0,0,0,0,0,0,0,0,0,5,23046,9721,32839,1652588,0,0,0,3917805,5582829,0,17,10,0,0,1000,1000,6594450
MPCTASK: EXP,2,78,3886,-109,-283,756,-485,902,-100,-942,789,-92,153,-373,700,-409,351,700,36,7,381,69,69,0,0,0,0,0,0,0,0,0,0,5,20472,11587,33010,1969766,0,0,0,3480139,5611828,0,17,10,0,0,1000,1000,6594450
MPCTASK: EXP,2,80,3986,-160,-193,745,-606,1048,-80,-737,539,24,3,-188,700,-428,464,700,29,-41,289,69,69,1,1,0,0,0,0,0,1,1,0,5,22181,9972,32235,1695216,0,0,0,3770653,5479870,0,18,11,0,0,1000,1000,6594450
MPCTASK: EXP,2,82,4090,-299,-57,742,-745,1190,3,-320,-24,-24,-153,-1,700,-483,583,769,42,316,459,69,69,1,1,0,0,0,0,0,1,0,383,5,21632,13258,35864,2253733,0,0,0,3677501,6096937,0,20,12,0,0,1000,1000,6594450
MPCTASK: EXP,2,84,4184,-360,76,753,-671,1213,102,136,-739,-89,-302,182,700,-418,674,700,53,-45,238,69,69,0,0,0,0,0,0,0,0,0,0,5,18153,11840,30064,2012767,0,0,0,3085957,5111033,0,21,12,0,0,1000,1000,6594450
MPCTASK: EXP,2,86,4290,-401,226,774,-519,1204,135,257,-887,-265,-427,360,700,-349,770,706,74,-44,248,69,69,0,0,0,0,0,0,0,0,0,0,5,23395,12500,35964,2124885,0,0,0,3977069,6113972,0,21,12,0,0,1000,1000,6594450
MPCTASK: EXP,2,88,4391,-441,320,802,-350,1082,156,737,-1439,-594,-517,526,700,-250,757,718,102,305,614,69,69,0,0,0,0,0,0,0,0,0,0,5,23871,11701,35778,1988983,0,0,0,4058017,6082343,0,21,12,0,0,1000,1000,6594450
MPCTASK: EXP,2,90,4493,-465,406,830,-84,865,163,1102,-2236,-824,-563,677,700,-113,720,726,130,-141,595,69,69,0,0,0,0,0,0,0,0,0,0,5,24636,13818,38524,2348885,0,0,0,4188181,6549126,0,21,12,0,0,1000,1000,6594450
MPCTASK: EXP,2,92,4589,-449,467,849,276,603,60,1055,-2695,-982,-560,809,700,42,673,726,149,-144,953,69,69,0,0,0,0,0,0,0,0,0,0,5,24201,10289,34562,1748987,0,0,0,4114143,5875625,0,21,12,0,0,1000,1000,6594450
MPCTASK: EXP,2,94,4687,-385,482,823,681,328,-195,710,-2316,-1173,-509,919,700,175,607,708,84,77,1015,69,69,0,0,0,0,0,0,0,0,0,0,5,20762,12414,33246,2110376,0,0,0,3529493,5651768,0,21,12,0,0,1000,1000,6594450
MPCTASK: EXP,2,96,4791,-316,462,770,992,114,-348,150,-1306,-1091,-414,1003,700,239,541,731,0,111,1045,70,70,1,1,0,0,0,0,0,1,0,218,5,24577,9817,35864,1668845,0,0,0,4177978,6096902,0,23,12,0,0,1000,1000,6594450
MPCTASK: EXP,2,98,4889,-145,436,698,1280,54,-357,-260,-385,-795,-286,1060,700,363,487,700,-73,233,767,70,70,1,1,0,0,0,0,0,1,1,0,5,22030,12044,34398,2047365,0,0,0,3745105,5847672,0,25,13,0,0,1000,1000,6594450
MPCTASK: EXP,2,100,4990,-58,368,677,1214,26,-70,-361,513,-593,-135,1089,700,328,393,700,-36,22,356,69,69,1,1,0,0,0,0,0,1,1,0,5,26900,7686,34658,1306440,0,0,0,4572925,5891977,0,27,15,0,0,1000,1000,6594450
MPCTASK: EXP,2,102,5090,53,383,695,1064,131,181,-318,949,-554,21,1089,700,302,377,700,-4,-47,346,69,69,1,1,0,0,0,0,0,1,1,0,5,23578,11535,35185,1960832,0,0,0,4008177,5981624,0,29,17,0,0,1000,1000,6594450
MPCTASK: EXP,2,104,5190,50,320,738,764,72,266,-76,1249,-472,169,1059,700,157,253,781,38,148,434,69,69,1,1,0,0,0,0,0,1,0,405,5,24143,9889,35124,1680956,0,0,0,4104189,5971087,0,31,17,0,0,1000,1000,6594450
MPCTASK: EXP,2,106,5292,169,292,771,606,54,230,-13,1329,-300,295,1001,700,141,169,708,71,-46,364,69,69,0,0,0,0,0,0,0,0,0,0,5,20842,14600,35510,2481916,0,0,0,3543133,6036937,0,31,17,0,0,1000,1000,6594450
MPCTASK: EXP,2,108,5389,201,303,787,368,60,64,158,1631,-117,385,915,700,36,114,707,87,-149,451,69,69,0,0,0,0,0,0,0,0,0,0,5,24008,8831,32908,1501174,0,0,0,4081237,5594469,0,31,17,0,0,1000,1000,6594450
MPCTASK: EXP,2,110,5491,164,273,787,38,-25,-76,341,1599,61,431,805,700,-108,9,702,72,-165,689,69,69,0,0,0,0,0,0,0,0,0,0,5,22965,11846,34879,2013841,0,0,0,3903845,5929582,0,31,17,0,0,1000,1000,6594450
MPCTASK: EXP,2,112,5589,182,273,775,-161,-94,-127,648,1492,179,428,672,700,-169,-77,700,49,-172,751,69,69,0,0,0,0,0,0,0,0,0,0,5,23641,9392,33103,1596590,0,0,0,4019038,5627514,0,31,17,0,0,1000,1000,6594450
MPCTASK: EXP,2,114,5686,141,279,762,-440,-232,-101,928,1299,323,377,521,700,-269,-169,700,41,-119,476,69,69,0,0,0,0,0,0,0,0,0,0,5,19638,10086,29795,1714641,0,0,0,3338401,5065214,0,31,17,0,0,1000,1000,6594450
MPCTASK: EXP,2,116,5788,70,258,753,-655,-420,-68,1130,956,430,282,354,700,-350,-280,700,40,-95,388,69,69,0,0,0,0,0,0,0,0,0,0,5,20988,10046,31263,1707818,0,0,0,3567977,5314871,0,31,17,0,0,1000,1000,6594450
MPCTASK: EXP,2,118,5886,66,155,745,-697,-701,-45,1230,635,395,153,176,700,-326,-461,753,36,6,488,69,69,1,1,0,0,0,0,0,1,0,307,5,18813,10330,30281,1756056,0,0,0,3198070,5147803,0,33,17,0,0,1000,1000,6594450
MPCTASK: EXP,2,120,5987,3,104,745,-771,-870,35,956,448,403,3,-8,700,-346,-548,700,45,-48,297,69,69,1,1,0,0,0,0,0,1,1,0,5,21884,9203,31171,1564422,0,0,0,3720301,5299162,0,35,18,0,0,1000,1000,6594450
MPCTASK: EXP,2,122,6090,-71,33,756,-797,-1009,148,692,42,349,-153,-195,700,-338,-633,701,56,-33,237,69,69,0,0,0,0,0,0,0,0,0,0,5,22355,11359,33788,1931031,0,0,0,3800217,5744110,0,35,18,0,0,1000,1000,6594450
MPCTASK: EXP,2,124,6190,-168,-34,769,-793,-1055,73,451,-339,238,-302,-380,700,-335,-684,702,69,108,280,69,69,0,0,0,0,0,0,0,0,0,0,5,25969,7617,33659,1294891,0,0,0,4414705,5722071,0,35,18,0,0,1000,1000,6594450
MPCTASK: EXP,2,126,6287,-231,-94,774,-708,-1035,-34,249,-413,-105,-427,-557,700,-308,-715,700,67,-14,218,69,69,0,0,0,0,0,0,0,0,0,0,5,18655,11755,30612,1998348,0,0,0,3171233,5204151,0,35,18,0,0,1000,1000,6594450
MPCTASK: EXP,2,128,6392,-308,-201,776,-646,-1084,-44,211,-859,-469,-517,-724,700,-266,-794,701,67,251,467,69,69,0,0,0,0,0,0,0,0,0,0,5,25523,9541,35427,1621904,0,0,0,4338809,6022632,0,35,18,0,0,1000,1000,6594450
MPCTASK: EXP,2,130,6490,-359,-292,781,-438,-1073,-61,-82,-1333,-722,-563,-875,700,-184,-824,701,69,-121,460,69,69,0,0,0,0,0,0,0,0,0,0,5,21285,11010,32363,1871543,0,0,0,3618409,5501852,0,35,18,0,0,1000,1000,6594450
MPCTASK: EXP,2,132,6590,-390,-381,781,-189,-1034,-58,-397,-1548,-714,-560,-1007,700,-103,-836,701,69,-41,707,69,69,0,0,0,0,0,0,0,0,0,0,5,22971,10014,33054,1702342,0,0,0,3904905,5619299,0,35,18,0,0,1000,1000,6594450
MPCTASK: EXP,2,134,6690,-384,-475,774,93,-975,-96,-539,-1507,-554,-509,-1116,700,-14,-848,700,55,-106,773,69,69,0,0,0,0,0,0,0,0,0,0,5,22526,10516,33112,1787665,0,0,0,3829298,5629127,0,35,18,0,0,1000,1000,6594450
MPCTASK: EXP,2,136,6788,-358,-524,758,339,-845,-141,-693,-1367,-358,-414,-1200,700,51,-802,700,30,-164,738,69,69,0,0,0,0,0,0,0,0,0,0,5,21439,9650,31157,1640450,0,0,0,3644461,5296791,0,35,18,0,0,1000,1000,6594450
MPCTASK: EXP,2,138,6888,-331,-564,738,553,-669,-135,-686,-1110,-227,-286,-1258,700,92,-741,755,11,-44,590,69,69,1,1,0,0,0,0,0,1,0,342,5,20431,8341,30583,1417898,0,0,0,3473157,5199296,0,37,18,0,0,1000,1000,6594450
MPCTASK: EXP,2,140,6989,-250,-595,723,768,-504,-57,-635,-757,-165,-135,-1286,700,151,-677,700,11,-49,305,69,69,1,1,0,0,0,0,0,1,1,0,5,21558,9249,30879,1572287,0,0,0,3664789,5249530,0,39,20,0,0,1000,1000,6594450
MPCTASK: EXP,2,142,7090,-191,-613,717,849,-354,19,-547,-289,-206,21,-1286,700,142,-605,700,17,-40,252,69,69,1,1,0,0,0,0,0,1,1,0,5,21373,11645,33089,1979464,0,0,0,3633366,5625291,0,41,22,0,0,1000,1000,6594450
MPCTASK: EXP,2,144,7190,-106,-602,721,871,-195,49,-541,174,-262,169,-1256,700,132,-502,700,21,-38,246,69,69,1,1,0,0,0,0,0,1,1,0,5,21945,9783,31939,1662949,0,0,0,3730605,5429714,0,43,24,0,0,1000,1000,6594450
MPCTASK: EXP,2,146,7290,-53,-576,732,765,-42,79,-543,678,-275,295,-1198,700,61,-389,700,32,-32,243,69,69,1,1,0,0,0,0,0,1,1,0,5,20555,11617,32245,1974866,0,0,0,3494377,5481703,0,45,26,0,0,1000,1000,6594450
MPCTASK: EXP,2,148,7393,19,-558,743,634,79,65,-582,1029,-236,385,-1113,700,12,-288,896,43,-10,311,69,69,1,1,0,0,0,0,0,1,0,1005,5,22083,12830,35733,2180929,0,0,0,3754153,6074690,0,47,27,0,0,1000,1000,6594450
MPCTASK: EXP,2,150,7494,48,-542,756,402,198,78,-729,1384,-155,431,-1002,700,-86,-186,700,56,81,428,69,69,0,0,0,0,0,0,0,0,0,0,5,23951,12820,36840,2179265,0,0,0,4071569,6262873,0,48,27,0,0,1000,1000,6594450
MPCTASK: EXP,2,152,7589,56,-508,771,127,360,117,-904,1384,-72,428,-870,700,-178,-62,704,71,69,386,69,69,0,0,0,0,0,0,0,0,0,0,5,22051,8889,31250,1511014,0,0,0,3748557,5312658,0,48,27,0,0,1000,1000,6594450
MPCTASK: EXP,2,154,7694,6,-488,771,-141,483,-68,-1095,1384,9,377,-718,700,-295,38,700,57,-87,489,69,69,0,0,0,0,0,0,0,0,0,0,5,21818,12834,34977,2181655,0,0,0,3709030,5946161,0,48,27,0,0,1000,1000,6594450
MPCTASK: EXP,2,156,7789,-22,-414,757,-361,694,-140,-1055,1183,29,282,-551,700,-358,176,700,29,-33,596,69,69,0,0,0,0,0,0,0,0,0,0,5,23017,7123,30884,1210762,0,0,0,3912852,5250345,0,48,27,0,0,1000,1000,6594450
MPCTASK: EXP,2,158,7896,-30,-338,740,-503,867,-104,-833,787,-65,153,-373,700,-354,292,700,19,-24,345,69,69,1,1,0,0,0,0,0,1,1,0,5,25802,12203,38081,2074370,0,0,0,4386125,6473832,0,50,28,0,0,1000,1000,6594450
MPCTASK: EXP,2,160,7992,-66,-181,735,-613,1083,27,-496,508,-168,3,-188,700,-361,463,700,35,38,281,69,69,1,1,0,0,0,0,0,1,1,0,5,24455,9872,34407,1678205,0,0,0,4157381,5849343,0,52,30,0,0,1000,1000,6594450
MPCTASK: EXP,2,162,8090,-110,-83,738,-652,1110,51,37,184,-350,-153,-1,700,-337,525,700,38,105,282,69,69,1,1,0,0,0,0,0,1,1,0,5,19586,12098,31756,2056666,0,0,0,3329449,5398571,0,54,32,0,0,1000,1000,6594450
MPCTASK: EXP,2,164,8195,-188,7,753,-651,1056,106,244,-468,-456,-302,182,700,-303,573,700,53,79,275,69,69,0,0,0,0,0,0,0,0,0,0,5,25943,10931,36943,1858157,0,0,0,4410297,6280498,0,55,33,0,0,1000,1000,6594450
MPCTASK: EXP,2,166,8290,-260,65,770,-545,945,83,172,-1098,-454,-427,360,700,-239,592,703,70,-73,292,69,69,0,0,0,0,0,0,0,0,0,0,5,21228,10776,32073,1831777,0,0,0,3608737,5452570,0,55,33,0,0,1000,1000,6594450
MPCTASK: EXP,2,168,8393,-313,135,782,-370,884,-9,-79,-1336,-369,-517,526,700,-174,634,703,80,-48,413,69,69,0,0,0,0,0,0,0,0,0,0,5,24560,9397,34167,1597343,0,0,0,4175126,5808554,0,55,33,0,0,1000,1000,6594450
MPCTASK: EXP,2,170,8496,-324,194,772,-138,859,-128,-273,-1361,-276,-563,677,700,-80,663,700,46,101,1014,69,69,0,0,0,0,0,0,0,0,0,0,5,24037,13537,37648,2301159,0,0,0,4086173,6400240,0,55,33,0,0,1000,1000,6594450
MPCTASK: EXP,2,172,8593,-306,255,749,125,860,-185,-235,-1315,-177,-560,809,700,23,680,714,12,-50,1171,69,69,1,1,0,0,0,0,0,1,0,131,5,23994,8016,34659,1362678,0,0,0,4079001,5892030,0,56,33,0,0,1000,1000,6594450
MPCTASK: EXP,2,174,8695,-263,304,725,389,834,-147,-80,-1143,-63,-509,919,700,123,668,754,-4,-90,672,69,69,1,1,0,0,0,0,0,1,0,359,5,23850,10788,36565,1833717,0,0,0,4054545,6216184,0,58,33,0,0,1000,1000,6594450
MPCTASK: EXP,2,176,8790,-183,360,709,629,795,-56,68,-812,45,-414,1003,700,220,652,700,-2,-27,343,69,69,1,1,0,0,0,0,0,1,1,0,5,21925,9125,31122,1551166,0,0,0,3727110,5290886,0,60,34,0,0,1000,1000,6594450
MPCTASK: EXP,2,178,8893,-115,387,706,750,693,61,253,-381,131,-286,1060,700,254,592,700,6,-33,225,69,69,1,1,0,0,0,0,0,1,1,0,5,20991,13638,34702,2318259,0,0,0,3568493,5899566,0,62,36,0,0,1000,1000,6594450
MPCTASK: EXP,2,180,8991,-35,415,714,786,587,67,372,48,176,-135,1089,700,262,530,700,14,-16,218,69,69,1,1,0,0,0,0,0,1,1,0,5,24405,7525,32392,1279085,0,0,0,4148858,5506601,0,64,38,0,0,1000,1000,6594450
MPCTASK: EXP,2,182,9096,85,450,724,808,491,43,525,529,191,21,1089,700,280,469,700,24,12,276,69,69,1,1,0,0,0,0,0,1,1,0,5,25049,12213,37640,2076155,0,0,0,4258233,6398793,0,66,40,0,0,1000,1000,6722729
MPCTASK: EXP,2,184,9190,151,460,736,667,342,18,604,950,227,169,1059,700,220,380,700,36,60,345,69,69,1,1,0,0,0,0,0,1,1,0,5,23241,8044,31358,1367390,0,0,0,3950849,5330961,0,68,42,0,0,1000,1000,6722729
MPCTASK: EXP,2,186,9294,191,466,739,470,195,-25,715,1224,243,294,1001,700,129,287,762,34,133,521,69,69,1,1,0,0,0,0,0,1,0,358,5,20704,11988,34798,2037827,0,0,0,3519682,5915631,0,70,42,0,0,1000,1000,6722729
MPCTASK: EXP,2,188,9390,223,476,737,232,38,34,867,1283,248,384,916,700,44,187,806,37,-19,394,69,69,1,1,0,0,0,0,0,1,0,568,5,21053,8690,30817,1477254,0,0,0,3578885,5238884,0,72,42,0,0,1000,1000,6722729
MPCTASK: EXP,2,190,9497,224,459,743,-7,-168,81,1046,1275,222,430,806,700,-110,113,900,43,235,512,69,69,1,1,0,0,0,0,0,1,0,1068,5,25138,11348,37637,1929096,0,0,0,4273441,6398308,0,74,42,0,0,1000,1000,6722729
MPCTASK: EXP,2,192,9595,192,408,752,-266,-415,144,1041,1226,206,426,674,700,-170,-85,700,52,82,368,69,69,0,0,0,0,0,0,0,0,0,0,5,24808,9997,35013,1699468,0,0,0,4217289,5952274,0,75,42,0,0,1000,1000,6722729
MPCTASK: EXP,2,194,9694,150,355,765,-483,-612,172,948,1059,204,375,523,700,-256,-217,705,65,95,330,69,69,0,0,0,0,0,0,0,0,0,0,5,20059,14470,34599,2459829,0,0,0,3409959,5881850,0,75,42,0,0,1000,1000,6722729
MPCTASK: EXP,2,196,9794,84,276,771,-633,-774,-8,923,843,228,280,356,700,-325,-352,700,69,118,344,69,69,0,0,0,0,0,0,0,0,0,0,5,24001,10042,34156,1706959,0,0,0,4080141,5806503,0,75,42,0,0,1000,1000,6722729
MPCTASK: EXP,2,198,9893,21,186,766,-738,-922,-86,773,630,256,152,178,700,-362,-477,700,49,-31,283,69,69,0,0,0,0,0,0,0,0,0,0,5,23680,10110,34144,1718468,0,0,0,4025581,5804605,0,75,42,0,0,1000,1000,6722729
MPCTASK: EXP,2,200,9992,-13,40,754,-762,-1101,-99,590,270,219,2,-7,700,-340,-639,700,34,-26,265,69,69,0,0,0,0,0,0,0,0,0,0,5,23303,8528,31900,1449719,0,0,0,3961345,5423130,0,75,42,0,0,1000,1000,6722729
MPCTASK: EXP,2,202,10097,-87,-59,743,-786,-1154,-79,132,104,158,-152,-196,700,-570,-492,700,27,2,222,69,69,1,1,0,0,0,0,0,1,0,784,5,21244,13949,37599,2371193,0,0,0,3611404,6391890,0,77,42,0,0,1000,1000,6722729
MPCTASK: EXP,2,204,10193,-127,-194,737,-738,-1164,-40,-329,-3,-185,-298,-384,700,-323,-782,700,29,70,294,69,69,1,1,0,0,0,0,0,1,1,0,5,23745,9144,33304,1554410,0,0,0,4036505,5661808,0,79,44,0,0,1000,1000,6722729
MPCTASK: EXP,2,206,10296,-212,-291,744,-741,-1066,16,-524,-230,-630,-420,-566,700,-243,-747,877,44,183,378,69,69,1,1,0,0,0,0,0,1,0,1186,5,20871,13455,36743,2287303,0,0,0,3548149,6246423,0,81,45,0,0,1000,1000,6722729
MPCTASK: EXP,2,208,10396,-300,-350,750,-652,-944,34,-360,-1098,-873,-506,-736,700,-263,-811,700,50,282,596,69,69,0,0,0,0,0,0,0,0,0,0,5,24621,10011,34751,1701725,0,0,0,4185401,5907697,0,82,45,0,0,1000,1000,6722729
MPCTASK: EXP,2,210,10495,-352,-365,776,-403,-816,102,-217,-1742,-889,-549,-892,700,-184,-763,705,76,6,523,69,69,0,0,0,0,0,0,0,0,0,0,5,20054,12505,32990,2125797,0,0,0,3408956,5608382,0,82,45,0,0,1000,1000,6722729
MPCTASK: EXP,2,212,10597,-386,-417,780,-155,-779,-41,-277,-1588,-653,-544,-1026,700,-149,-730,701,72,-139,562,69,69,0,0,0,0,0,0,0,0,0,0,5,26106,8458,34634,1437730,0,0,0,4437977,5887764,0,82,45,0,0,1000,1000,6722729
MPCTASK: EXP,2,214,10695,-389,-470,762,89,-699,-171,-522,-1390,-334,-493,-1135,700,-108,-679,700,27,-137,1008,69,69,0,0,0,0,0,0,0,0,0,0,5,20468,11473,32406,1950418,0,0,0,3479625,5509139,0,82,45,0,0,1000,1000,6722729
MPCTASK: EXP,2,216,10798,-370,-501,731,333,-555,-199,-573,-1216,-89,-404,-1213,699,-65,-599,728,-8,-134,957,69,69,1,1,0,0,0,0,0,1,0,230,5,23521,9769,35583,1660765,0,0,0,3998521,6049224,0,84,45,0,0,1000,1000,6722729
MPCTASK: EXP,2,218,10893,-322,-523,705,547,-394,-141,-644,-803,52,-288,-1256,699,-31,-512,699,-23,-64,390,69,69,1,1,0,0,0,0,0,1,1,0,5,18012,12714,31176,2161297,0,0,0,3062053,5300006,0,86,46,0,0,1000,1000,6722729
MPCTASK: EXP,2,220,10994,-215,-531,692,730,-219,8,-719,-288,119,-159,-1260,699,28,-424,699,-7,176,472,69,69,1,1,0,0,0,0,0,1,1,0,5,23374,8635,32090,1467823,0,0,0,3973369,5455361,0,88,48,0,0,1000,1000,6722729
MPCTASK: EXP,2,222,11096,-148,-509,697,711,-35,49,-802,429,193,-34,-1222,699,9,-331,699,-2,-27,330,69,69,1,1,0,0,0,0,0,1,1,0,5,22134,10943,33529,1860087,0,0,0,3762673,5700091,0,90,50,0,0,1000,1000,6722729
MPCTASK: EXP,2,224,11194,-79,-438,709,602,190,47,-809,849,274,70,-1142,699,7,-223,699,9,-34,308,69,69,1,1,0,0,0,0,0,1,1,0,5,22316,8950,31339,1521261,0,0,0,3793717,5327641,0,92,52,0,0,1000,1000,6722729
MPCTASK: EXP,2,226,11299,-57,-390,717,396,331,12,-624,1101,412,144,-1023,700,-35,-185,700,17,6,402,69,69,1,1,0,0,0,0,0,1,1,0,5,24072,12680,37187,2155533,0,0,0,4092109,6321802,0,94,54,0,0,1000,1000,6722729
MPCTASK: EXP,2,228,11394,-80,-311,718,133,466,-10,-361,1013,479,177,-871,700,-103,-125,700,16,-63,369,69,69,1,1,0,0,0,0,0,1,1,0,5,21911,9283,31845,1578132,0,0,0,3724789,5413759,0,96,56,0,0,1000,1000,6722729
MPCTASK: EXP,2,230,11498,-68,-270,712,-2,479,-53,8,623,534,170,-698,700,-101,-118,700,1,-43,290,69,69,1,1,0,0,0,0,0,1,1,0,5,23084,11884,35380,2020139,0,0,0,3924257,6014666,0,98,58,0,0,1000,1000,6722729
MPCTASK: EXP,2,232,11596,-130,-193,700,-168,493,-50,269,328,580,129,-519,700,-170,-63,700,-9,9,286,69,69,1,1,0,0,0,0,0,1,1,0,5,22946,10016,33036,1702675,0,0,0,3900634,5616174,0,100,60,0,0,1000,1000,6722729
MPCTASK: EXP,2,234,11694,-136,-93,696,-171,488,-2,633,-50,668,68,-353,700,-168,23,700,-4,-45,300,69,69,1,1,0,0,0,0,0,1,1,0,5,18541,13105,31731,2227789,0,0,0,3151865,5394334,0,102,62,0,0,1000,1000,6722729
MPCTASK: EXP,2,236,11794,-165,-59,702,-158,346,11,800,-62,744,5,-221,700,-214,77,700,2,68,368,69,69,1,1,0,0,0,0,0,1,1,0,5,22371,9949,32398,1691261,0,0,0,3802861,5507780,0,104,64,0,0,1000,1000,6722729
MPCTASK: EXP,2,238,11895,-216,-40,698,-182,229,-35,416,-108,779,-42,-136,700,-289,172,700,-8,-14,266,69,69,1,1,0,0,0,0,0,1,1,0,5,21104,11001,32554,1870036,0,0,0,3587529,5534358,0,106,66,0,0,1000,1000,6722729
MPCTASK: EXP,2,240,11998,-270,-48,692,-196,145,-17,62,-313,822,-63,-102,700,-337,245,700,-11,-23,260,69,69,1,1,0,0,0,0,0,1,1,0,5,24526,10537,35139,1791209,0,0,0,4169321,5973679,0,108,68,0,0,1000,1000,6722729
MPCTASK: EXP,2,242,12095,-321,-47,683,-189,162,-35,-442,-346,833,-66,-98,700,-359,329,700,-23,-15,288,69,69,1,1,0,0,0,0,0,1,1,0,5,21112,11576,33134,1967889,0,0,0,3588899,5632855,0,110,70,0,0,1000,1000,6722729
MPCTASK: EXP,2,244,12191,-371,-39,687,-196,257,9,-812,-390,656,-70,-91,700,-344,396,700,-12,-71,336,69,69,1,1,0,0,0,0,0,1,1,0,5,20435,8524,29244,1448981,0,0,0,3473774,4971607,0,112,72,0,0,1000,1000,6722729
MPCTASK: EXP,2,246,12297,-421,0,694,-170,428,14,-1017,-732,459,-95,-45,700,-304,483,700,-5,-22,391,69,69,1,1,0,0,0,0,0,1,1,0,5,21409,12644,34230,2149384,0,0,0,3639357,5819159,0,114,74,0,0,1000,1000,6722729
MPCTASK: EXP,2,248,12396,-457,57,700,-84,611,5,-994,-873,272,-142,53,700,-250,567,700,0,0,383,69,69,1,1,0,0,0,0,0,1,1,0,5,23315,9335,33424,1586979,0,0,0,3963386,5682127,0,116,76,0,0,1000,1000,6722729
MPCTASK: EXP,2,250,12497,-488,121,702,29,771,-3,-804,-1069,2,-198,199,700,-186,624,700,1,6,433,69,69,1,1,0,0,0,0,0,1,1,0,5,21051,13312,34580,2263014,0,0,0,3578603,5878566,0,118,78,0,0,1000,1000,6722729
MPCTASK: EXP,2,252,12596,-519,191,705,178,845,-3,-321,-1476,-231,-245,372,700,-109,644,807,4,-148,548,69,69,1,1,0,0,0,0,0,1,0,625,5,23992,7582,33811,1288872,0,0,0,4078581,5747911,0,120,78,0,0,1000,1000,6722729
MPCTASK: EXP,2,254,12699,-497,284,712,426,857,39,222,-1373,-208,-266,554,700,-21,653,825,12,-55,471,69,69,1,1,0,0,0,0,0,1,0,699,5,20878,12705,36169,2159649,0,0,0,3549225,6148830,0,122,78,0,0,1000,1000,6722729
MPCTASK: EXP,2,256,12797,-463,358,716,636,785,76,341,-1214,-174,-251,724,700,-57,543,893,16,10,405,69,69,1,1,0,0,0,0,0,1,0,1030,5,22298,9366,33655,1592247,0,0,0,3790469,5721555,0,124,78,0,0,1000,1000,6722729
MPCTASK: EXP,2,258,12901,-408,431,729,831,678,226,723,-997,-218,-197,866,699,106,601,773,29,186,461,69,69,1,1,0,0,0,0,0,1,0,381,5,24822,11575,37331,1967765,0,0,0,4219545,6346223,0,126,78,0,0,1000,1000,6722729
MPCTASK: EXP,2,260,12994,-349,472,756,928,498,275,747,-687,-252,-108,972,699,131,543,706,56,60,336,69,69,0,0,0,0,0,0,0,0,0,0,5,20063,10885,31018,1850259,0,0,0,3410749,5273095,0,127,78,0,0,1000,1000,6722729
MPCTASK: EXP,2,262,13098,-282,502,776,955,360,138,752,-268,-323,4,1035,699,119,479,707,76,-32,229,69,69,0,0,0,0,0,0,0,0,0,0,5,23630,11283,34991,1918031,0,0,0,4016908,5948462,0,127,78,0,0,1000,1000,6722729
MPCTASK: EXP,2,264,13197,-209,512,780,923,212,-10,806,170,-373,127,1054,699,89,392,703,78,-35,248,69,69,0,0,0,0,0,0,0,0,0,0,5,22766,8966,31802,1524140,0,0,0,3870161,5406388,0,127,78,0,0,1000,1000,6722729
MPCTASK: EXP,2,266,13300,-131,514,778,843,58,-62,891,510,-374,244,1031,699,55,296,700,65,92,343,69,69,0,0,0,0,0,0,0,0,0,0,5,23932,11199,35201,1903642,0,0,0,4068417,5984151,0,127,78,0,0,1000,1000,6722729
MPCTASK: EXP,2,268,13398,-70,485,772,698,-131,-86,956,819,-367,339,969,699,-7,170,699,55,36,348,69,69,0,0,0,0,0,0,0,0,0,0,5,22297,11329,33697,1925735,0,0,0,3790494,5728577,0,127,78,0,0,1000,1000,6722729
MPCTASK: EXP,2,270,13495,-23,440,768,508,-320,-83,980,1062,-387,400,873,700,-79,36,700,51,167,541,69,69,0,0,0,0,0,0,0,0,0,0,5,20709,9902,30690,1683302,0,0,0,3520494,5217353,0,127,78,0,0,1000,1000,6722729
MPCTASK: EXP,2,272,13598,-5,365,756,267,-528,-104,941,1182,-445,418,749,700,-168,-115,700,35,57,613,69,69,0,0,0,0,0,0,0,0,0,0,5,23207,9962,33239,1693398,0,0,0,3945149,5650742,0,127,78,0,0,1000,1000,6722729
MPCTASK: EXP,2,274,13698,21,288,744,61,-683,-88,696,1197,-528,389,601,700,-224,-239,754,27,-57,520,69,69,1,1,0,0,0,0,0,1,0,323,5,22437,9689,33358,1647102,0,0,0,3814225,5670809,0,129,78,0,0,1000,1000,6722729
MPCTASK: EXP,2,276,13798,5,195,735,-203,-803,-6,572,1236,-738,315,434,700,-173,-244,803,34,-110,412,69,69,1,1,0,0,0,0,0,1,0,702,5,19335,12607,33156,2143050,0,0,0,3286896,5636740,0,131,78,0,0,1000,1000,6722729
MPCTASK: EXP,2,278,13898,-89,130,736,-484,-840,38,216,647,-1087,202,256,700,-397,-436,700,36,114,354,69,69,1,1,0,0,0,0,0,1,1,0,5,22012,10649,32742,1810202,0,0,0,3742053,5566329,0,133,79,0,0,1000,1000,6722729
MPCTASK: EXP,2,280,13998,-169,52,732,-548,-821,-105,-431,-669,-1541,62,69,700,-149,-299,775,11,321,581,69,69,1,1,0,0,0,0,0,1,0,695,5,20918,10144,32390,1724329,0,0,0,3555950,5506355,0,135,79,0,0,1000,1000,6722729
MPCTASK: EXP,2,282,14104,-255,5,726,-483,-804,-246,170,-1539,-1788,-91,-120,700,289,4,718,-23,-68,1314,69,69,1,1,0,0,0,0,0,1,0,267,5,23594,13387,38157,2275690,0,0,0,4010873,6486891,0,137,79,0,0,1000,1000,6722729
MPCTASK: EXP,2,284,14200,-293,-84,724,-177,-871,-257,-468,-2521,-1982,-243,-308,700,359,-135,710,-26,137,1679,69,69,1,1,0,0,0,0,0,1,0,224,5,22321,10302,34505,1751344,0,0,0,3794445,5865890,0,139,79,0,0,1000,1000,6722729
MPCTASK: EXP,2,286,14303,-295,-178,700,242,-853,-369,-1528,-2342,-1778,-378,-490,700,402,-230,709,-72,-13,2067,70,70,1,1,0,0,0,0,0,1,0,244,5,22956,12141,37743,2064000,0,0,0,3902533,6416386,0,141,79,0,0,1000,1000,6722729
MPCTASK: EXP,2,288,14402,-221,-213,640,712,-565,-492,-2196,-1634,-1237,-484,-661,700,733,19,700,-157,-617,2875,71,71,1,1,0,0,0,0,0,1,0,240,5,23938,9988,36639,1697912,0,0,0,4069254,6228787,0,143,79,0,0,1000,1000,6722729
MPCTASK: EXP,2,290,14503,-105,-206,567,1096,-116,-534,-2222,-1171,-892,-548,-819,700,386,-385,700,-238,-1371,3782,71,71,1,1,0,0,0,0,0,1,1,0,5,24993,12872,37940,2188153,0,0,0,4248681,6449941,0,145,80,0,0,1000,1000,6722729
MPCTASK: EXP,2,292,14598,-7,-154,515,1306,346,-451,-1714,-494,-627,-566,-958,700,481,-254,700,-274,-1404,2519,71,71,1,1,0,0,0,0,0,1,1,0,5,24220,8320,32613,1414344,0,0,0,4117305,5544297,0,147,82,0,0,1000,1000,6722729
MPCTASK: EXP,2,294,14700,125,-60,471,1315,586,-307,122,494,-424,-534,-1077,700,549,-202,700,-290,-136,1218,70,70,1,1,0,0,0,0,0,1,1,0,5,23302,11227,34941,1908475,0,0,0,3961365,5939961,0,149,84,0,0,1000,1000,6722729
MPCTASK: EXP,2,296,14794,247,4,476,1132,391,64,1418,776,-281,-456,-1171,700,572,-239,700,-223,-85,918,69,69,1,1,0,0,0,0,0,1,1,0,5,20595,8854,29529,1505029,0,0,0,3501096,5020004,0,151,86,0,0,1000,1000,6722729
MPCTASK: EXP,2,298,14898,351,55,508,914,49,341,1845,1017,-215,-340,-1239,700,563,-273,700,-191,-99,881,69,69,1,1,0,0,0,0,0,1,1,0,5,21076,11631,32783,1977299,0,0,0,3582797,5603073,0,153,88,0,0,1000,1000,6722729
MPCTASK: EXP,2,300,15000,370,45,555,590,-344,555,1715,982,-142,-197,-1279,700,468,-325,860,-144,-102,800,69,69,1,1,0,0,0,0,0,1,0,1003,5,21053,12768,34874,2170410,0,0,0,3578881,5928651,0,155,89,0,0,1000,1000,6722729
MPCTASK: EXP,2,302,15099,404,7,605,382,-624,602,1227,766,-142,-41,-1290,700,408,-347,839,-94,18,643,69,69,1,1,0,0,0,0,0,1,0,820,5,21779,11090,33817,1885147,0,0,0,3702390,5748987,0,157,89,0,0,1000,1000,6722729
MPCTASK: EXP,2,304,15203,421,-77,659,199,-840,679,547,683,-207,112,-1271,700,329,-369,836,-40,285,541,69,69,1,1,0,0,0,0,0,1,0,718,5,23924,11074,36897,1882509,0,0,0,4066886,6272610,0,159,89,0,0,1000,1000,6722729
MPCTASK: EXP,2,306,15306,432,-174,717,56,-903,692,-253,746,-258,248,-1224,700,243,-355,776,17,348,517,69,69,1,1,0,0,0,0,0,1,0,332,5,28109,10435,39798,1773890,0,0,0,4778501,6765867,0,161,89,0,0,1000,1000,6765867
MPCTASK: EXP,2,308,15395,425,-278,781,-82,-831,614,-1043,947,-254,354,-1150,700,140,-311,724,81,333,514,69,69,0,0,0,0,0,0,0,0,0,0,5,22031,7602,29814,1292270,0,0,0,3745213,5068489,0,162,89,0,0,1000,1000,6765867
MPCTASK: EXP,2,310,15499,402,-368,847,-218,-658,438,-1728,1173,-183,418,-1049,700,31,-239,736,147,102,565,69,69,0,0,0,0,0,0,0,0,0,0,5,21721,12204,34005,2074459,0,0,0,3692502,5780825,0,162,89,0,0,1000,1000,6765867
MPCTASK: EXP,2,312,15598,373,-428,889,-364,-411,199,-2256,1356,-30,435,-925,700,-70,-141,740,189,-105,557,69,69,0,0,0,0,0,0,0,0,0,0,5,21763,10915,32748,1855420,0,0,0,3699594,5567251,0,162,89,0,0,1000,1000,6765867
MPCTASK: EXP,2,314,15700,335,-444,907,-530,-79,4,-2313,1259,72,403,-781,700,-151,-24,738,207,-134,817,69,69,0,0,0,0,0,0,0,0,0,0,5,21060,13169,34299,2210289,0,0,0,3580117,5830919,0,162,89,0,0,1000,1000,6765867
MPCTASK: EXP,2,316,15798,288,-423,904,-683,279,-120,-2153,966,159,325,-619,700,-209,113,733,180,-310,1148,69,69,0,0,0,0,0,0,0,0,0,0,5,19988,12628,32685,2146582,0,0,0,3397909,5556424,0,162,89,0,0,1000,1000,6765867
MPCTASK: EXP,2,318,15899,222,-362,888,-824,648,-166,-1906,672,312,208,-445,700,-264,269,727,154,-277,1031,69,69,0,0,0,0,0,0,0,0,0,0,5,22418,11659,34156,1981833,0,0,0,3810997,5806625,0,162,89,0,0,1000,1000,6765867
MPCTASK: EXP,2,320,15999,157,-284,868,-904,938,-173,-1416,340,472,65,-263,700,-284,396,721,133,15,617,69,69,0,0,0,0,0,0,0,0,0,0,5,23242,10357,33669,1760610,0,0,0,3951125,5723823,0,162,89,0,0,1000,1000,6765867
MPCTASK: EXP,2,322,16100,108,-177,853,-904,1125,-127,-763,113,680,-90,-76,700,-266,502,718,127,86,286,69,69,0,0,0,0,0,0,0,0,0,0,5,24183,10483,34735,1781964,0,0,0,4111093,5905146,0,162,89,0,0,1000,1000,6765867
MPCTASK: EXP,2,324,16201,64,-42,842,-869,1218,-91,-207,49,814,-244,109,700,-235,605,717,123,87,206,69,69,0,0,0,0,0,0,0,0,0,0,5,24573,11171,35813,1898913,0,0,0,4177279,6088283,0,162,89,0,0,1000,1000,6765867
MPCTASK: EXP,2,326,16299,36,115,836,-801,1280,-97,48,-204,862,-381,290,700,-166,722,715,116,60,222,69,69,0,0,0,0,0,0,0,0,0,0,5,21683,12164,33916,2067795,0,0,0,3686030,5765763,0,162,89,0,0,1000,1000,6765867
MPCTASK: EXP,2,328,16400,-28,216,836,-719,1202,-84,579,-424,835,-486,461,700,-128,740,715,119,17,200,69,69,0,0,0,0,0,0,0,0,0,0,5,22199,11241,33509,1910964,0,0,0,3773714,5696615,0,162,89,0,0,1000,1000,6765867
MPCTASK: EXP,2,330,16502,-113,267,842,-626,1031,-54,676,-858,759,-550,619,700,-94,714,718,131,-9,247,69,69,0,0,0,0,0,0,0,0,0,0,5,22959,12199,35228,2073804,0,0,0,3902866,5988878,0,162,89,0,0,1000,1000,6765867
MPCTASK: EXP,2,332,16605,-160,346,840,-425,909,-76,743,-1423,447,-567,759,700,-13,709,717,125,45,500,69,69,0,0,0,0,0,0,0,0,0,0,5,27426,11142,38637,1893984,0,0,0,4662393,6568310,0,162,89,0,0,1000,1000,6765867
MPCTASK: EXP,2,334,16700,-174,439,837,-122,774,-66,937,-1822,-90,-535,878,700,94,695,719,124,19,646,69,69,0,0,0,0,0,0,0,0,0,0,5,22933,10708,33718,1820319,0,0,0,3898473,5732162,0,162,89,0,0,1000,1000,6765867
MPCTASK: EXP,2,336,16801,-164,487,826,198,547,-112,993,-2010,-660,-457,973,700,200,630,713,103,-297,896,69,69,0,0,0,0,0,0,0,0,0,0,5,22577,11689,34339,1987092,0,0,0,3838025,5837735,0,162,89,0,0,1000,1000,6765867
MPCTASK: EXP,2,338,16902,-96,505,810,582,278,-122,944,-1997,-974,-341,1041,700,329,533,707,85,-307,947,69,69,0,0,0,0,0,0,0,0,0,0,5,24002,11865,35939,2017052,0,0,0,4080289,6109740,0,162,89,0,0,1000,1000,6765867
MPCTASK: EXP,2,340,16998,-28,504,775,859,50,-215,582,-1232,-1087,-197,1081,700,367,456,733,31,215,729,69,69,1,1,0,0,0,0,0,1,0,198,5,21147,9665,32134,1643034,0,0,0,3594897,5462724,0,163,89,0,0,1000,1000,6765867
MPCTASK: EXP,2,342,17100,77,470,731,1013,-99,-238,138,-228,-1048,-41,1092,700,390,372,700,-16,206,459,69,69,1,1,0,0,0,0,0,1,1,0,5,22095,11928,34097,2027604,0,0,0,3756093,5796508,0,165,90,0,0,1000,1000,6765867
MPCTASK: EXP,2,344,17202,181,505,707,992,-58,-111,136,476,-1068,112,1074,700,372,355,700,-14,58,361,69,69,1,1,0,0,0,0,0,1,1,0,5,23282,11732,35089,1994477,0,0,0,3958013,5965140,0,167,92,0,0,1000,1000,6765867
MPCTASK: EXP,2,346,17300,311,460,716,887,-125,62,377,1001,-1078,248,1027,700,352,244,700,16,59,419,69,69,1,1,0,0,0,0,0,1,1,0,5,19652,13538,33569,2301531,0,0,0,3340849,5706810,0,169,94,0,0,1000,1000,6765867
MPCTASK: EXP,2,348,17403,353,435,739,593,-174,147,523,1650,-1029,354,952,700,220,157,753,39,-63,502,69,69,1,1,0,0,0,0,0,1,0,282,5,25146,9999,37202,1699726,0,0,0,4274737,6324409,0,171,94,0,0,1000,1000,6765867
MPCTASK: EXP,2,350,17500,397,382,768,284,-262,194,639,1749,-878,418,852,700,123,33,706,68,-98,493,69,69,0,0,0,0,0,0,0,0,0,0,5,21486,11339,33033,1927522,0,0,0,3652473,5615689,0,171,94,0,0,1000,1000,6765867
MPCTASK: EXP,2,352,17598,387,344,785,-24,-345,80,710,1748,-695,435,728,700,3,-65,707,85,33,549,69,69,0,0,0,0,0,0,0,0,0,0,5,21992,9758,31819,1658813,0,0,0,3738550,5409451,0,171,94,0,0,1000,1000,6765867
MPCTASK: EXP,2,354,17699,453,245,786,-205,-484,-56,594,1813,-526,403,583,700,-17,-210,702,75,-167,872,69,69,0,0,0,0,0,0,0,0,0,0,5,21687,10873,32632,1848219,0,0,0,3686717,5547468,0,171,94,0,0,1000,1000,6765867
MPCTASK: EXP,2,356,17799,376,167,772,-571,-576,-135,311,1799,-312,325,422,700,-164,-313,700,45,-313,1083,69,69,0,0,0,0,0,0,0,0,0,0,5,22219,10658,32945,1811756,0,0,0,3777037,5600723,0,171,94,0,0,1000,1000,6765867
MPCTASK: EXP,2,358,17903,235,84,751,-956,-647,-155,287,1386,-94,208,248,700,-330,-432,700,20,-182,749,69,69,0,0,0,0,0,0,0,0,0,0,5,24088,11415,35710,1940517,0,0,0,4094797,6070826,0,171,94,0,0,1000,1000,6765867
MPCTASK: EXP,2,360,17999,141,89,731,-1135,-625,-142,255,628,231,65,65,700,-362,-445,700,3,253,520,69,69,1,1,0,0,0,0,0,1,1,0,5,22255,9803,32131,1666540,0,0,0,3783193,5462378,0,173,95,0,0,1000,1000,6765867
MPCTASK: EXP,2,362,18099,-7,36,722,-1237,-683,-42,504,32,605,-90,-120,700,-525,-431,841,13,297,501,69,69,1,1,0,0,0,0,0,1,0,1122,5,19301,11477,32719,1951038,0,0,0,3281069,5562222,0,175,96,0,0,1000,1000,6765867
MPCTASK: EXP,2,364,18198,-57,-8,729,-1060,-727,59,615,-767,1018,-244,-306,700,-315,-588,700,29,-47,286,69,69,1,1,0,0,0,0,0,1,1,0,5,22942,9227,32242,1568451,0,0,0,3900141,5481083,0,177,97,0,0,1000,1000,6765867
MPCTASK: EXP,2,366,18301,-131,-58,758,-843,-762,212,691,-876,1189,-381,-487,700,-256,-639,704,58,123,345,69,69,0,0,0,0,0,0,0,0,0,0,5,22778,11266,34114,1915135,0,0,0,3872225,5799451,0,178,97,0,0,1000,1000,6765867
MPCTASK: EXP,2,368,18403,-193,-152,778,-660,-840,164,457,-942,1266,-486,-659,700,-203,-707,708,78,245,405,69,69,0,0,0,0,0,0,0,0,0,0,5,25286,10890,36246,1851230,0,0,0,4298562,6161886,0,178,97,0,0,1000,1000,6765867
MPCTASK: EXP,2,370,18500,-229,-221,784,-472,-856,-5,595,-1138,1220,-550,-816,700,-122,-759,704,83,7,359,69,69,0,0,0,0,0,0,0,0,0,0,5,23025,10849,33948,1844241,0,0,0,3914153,5771159,0,178,97,0,0,1000,1000,6765867
MPCTASK: EXP,2,372,18603,-239,-291,780,-234,-889,-105,659,-1283,1057,-567,-956,700,-28,-797,700,59,35,717,69,69,0,0,0,0,0,0,0,0,0,0,5,25158,11504,36731,1955705,0,0,0,4276830,6244459,0,178,97,0,0,1000,1000,6765867
MPCTASK: EXP,2,374,18703,-228,-383,763,26,-956,-167,511,-1277,821,-535,-1075,700,63,-843,700,29,-137,832,69,69,0,0,0,0,0,0,0,0,0,0,5,25554,10687,36448,1816702,0,0,0,4344153,6196207,0,178,97,0,0,1000,1000,6765867
MPCTASK: EXP,2,376,18800,-190,-474,743,287,-988,-152,179,-1163,527,-457,-1170,700,151,-863,764,13,-109,571,69,69,1,1,0,0,0,0,0,1,0,382,5,21003,11127,33721,1891490,0,0,0,3570353,5732658,0,179,97,0,0,1000,1000,6765867
MPCTASK: EXP,2,378,18904,-127,-561,726,518,-959,-100,-211,-878,235,-341,-1238,700,224,-857,700,6,-33,376,69,69,1,1,0,0,0,0,0,1,1,0,5,26287,10851,37409,1844630,0,0,0,4468658,6359490,0,181,98,0,0,1000,1000,6765867
MPCTASK: EXP,2,380,18995,-65,-617,716,650,-839,9,-441,-360,-31,-197,-1278,700,243,-807,700,16,9,275,69,69,1,1,0,0,0,0,0,1,1,0,5,20981,7891,28946,1341423,0,0,0,3566669,4920933,0,183,100,0,0,1000,1000,6765867
MPCTASK: EXP,2,382,19100,17,-691,722,701,-727,63,-707,90,-217,-41,-1290,700,249,-766,700,22,-6,296,69,69,1,1,0,0,0,0,0,1,1,0,5,22269,10579,32922,1798416,0,0,0,3785601,5596846,0,185,102,0,0,1000,1000,6765867
MPCTASK: EXP,2,384,19200,87,-734,733,663,-551,60,-1003,533,-329,112,-1272,700,216,-681,700,33,-55,327,69,69,1,1,0,0,0,0,0,1,1,0,5,22248,10626,33378,1806304,0,0,0,3782173,5674498,0,187,104,0,0,1000,1000,6765867
MPCTASK: EXP,2,386,19306,155,-771,743,563,-355,22,-1211,942,-346,248,-1225,700,165,-591,799,43,-52,374,69,69,1,1,0,0,0,0,0,1,0,530,5,27189,10994,39941,1868900,0,0,0,4621993,6790054,0,189,104,0,0,1000,1000,6790054
MPCTASK: EXP,2,388,19403,193,-783,756,356,-103,118,-1166,1312,-303,354,-1150,700,70,-484,700,56,222,468,69,69,0,0,0,0,0,0,0,0,0,0,5,25093,11772,36934,2001052,0,0,0,4265821,6278812,0,190,104,0,0,1000,1000,6790054
MPCTASK: EXP,2,390,19500,211,-770,769,135,133,97,-1213,1310,-255,418,-1049,700,-18,-360,703,69,205,438,69,69,0,0,0,0,0,0,0,0,0,0,5,22302,10735,33107,1824811,0,0,0,3791249,5628306,0,190,104,0,0,1000,1000,6790054
MPCTASK: EXP,2,392,19599,207,-738,769,-63,341,-74,-1316,1361,-99,435,-925,700,-110,-228,700,54,74,558,69,69,0,0,0,0,0,0,0,0,0,0,5,22226,10332,32626,1756342,0,0,0,3778313,5546579,0,190,104,0,0,1000,1000,6790054
MPCTASK: EXP,2,394,19702,175,-690,753,-295,565,-185,-1362,1323,68,403,-781,700,-209,-90,700,16,-33,972,69,69,0,0,0,0,0,0,0,0,0,0,5,22318,13374,35761,2273529,0,0,0,3793970,6079579,0,190,104,0,0,1000,1000,6790054
MPCTASK: EXP,2,396,19800,132,-623,734,-519,799,-167,-1232,1046,182,325,-619,700,-239,4,761,1,-137,620,69,69,1,1,0,0,0,0,0,1,0,383,5,23254,8202,33926,1394367,0,0,0,3952962,5767497,0,192,104,0,0,1000,1000,6790054
MPCTASK: EXP,2,398,19902,56,-533,719,-714,1008,-73,-868,641,258,208,-445,700,-347,175,700,4,149,476,69,69,1,1,0,0,0,0,0,1,1,0,5,22269,13243,35585,2251306,0,0,0,3785581,6049533,0,194,106,0,0,1000,1000,6790054
MPCTASK: EXP,2,400,19999,-28,-422,716,-809,1131,9,-331,167,331,65,-263,700,-377,282,700,16,33,274,69,69,1,1,0,0,0,0,0,1,1,0,5,24100,7143,31700,1214248,0,0,0,4096809,5389153,0,196,108,0,0,1000,1000,6790054
MPCTASK: EXP,2,402,20100,-105,-303,720,-804,1161,29,20,-211,411,-90,-76,700,-370,377,700,20,4,207,69,69,1,1,0,0,0,0,0,1,1,0,5,21020,11806,32903,2006891,0,0,0,3573393,5593725,0,198,110,0,0,1000,1000,6790054
MPCTASK: EXP,2,404,20201,-165,-211,732,-722,1106,26,182,-492,484,-244,109,700,-327,432,700,32,89,292,69,69,1,1,0,0,0,0,0,1,1,0,5,22939,10951,34144,1861540,0,0,0,3899485,5804557,0,200,112,0,0,1000,1000,6790054
MPCTASK: EXP,2,406,20304,-214,-103,738,-599,1075,2,195,-745,542,-381,290,700,-263,506,700,38,97,335,69,69,1,1,0,0,0,0,0,1,1,0,5,24969,11015,36434,1872445,0,0,0,4244711,6193945,0,202,114,0,0,1000,1000,6790054
MPCTASK: EXP,2,408,20402,-248,-33,737,-444,1009,-83,54,-877,675,-486,461,700,-195,546,700,21,-44,344,69,69,1,1,0,0,0,0,0,1,1,0,5,24953,10232,35400,1739325,0,0,0,4242009,6018176,0,204,116,0,0,1000,1000,6790054
MPCTASK: EXP,2,410,20503,-265,27,719,-284,973,-177,-66,-803,906,-550,619,700,-145,591,774,-15,36,612,69,69,1,1,0,0,0,0,0,1,0,675,5,24957,9277,35509,1577085,0,0,0,4242597,6036547,0,206,116,0,0,1000,1000,6790054
MPCTASK: EXP,2,412,20602,-277,88,708,-118,961,-44,-66,-852,1041,-567,759,700,-57,591,700,0,169,493,69,69,1,1,0,0,0,0,0,1,1,0,5,22632,12197,34901,2073477,0,0,0,3847286,5933255,0,208,117,0,0,1000,1000,6790054
MPCTASK: EXP,2,414,20705,-275,164,708,47,964,36,0,-905,1020,-535,878,700,11,615,700,8,161,444,69,69,1,1,0,0,0,0,0,1,1,0,5,25798,11188,37060,1901934,0,0,0,4385501,6300293,0,210,119,0,0,1000,1000,6790054
MPCTASK: EXP,2,416,20807,-276,227,713,168,929,0,154,-807,900,-457,972,700,37,605,700,13,82,373,69,69,1,1,0,0,0,0,0,1,1,0,5,26768,12442,39731,2114892,0,0,0,4550561,6754238,0,212,121,0,0,1000,1000,6790054
MPCTASK: EXP,2,418,20902,-233,349,714,336,957,-7,326,-759,729,-340,1041,700,95,645,700,12,-26,326,69,69,1,1,0,0,0,0,0,1,1,0,5,20467,14222,34761,2417611,0,0,0,3479310,5909573,0,214,123,0,0,1000,1000,6790054
MPCTASK: EXP,2,420,20998,-220,413,718,420,838,-2,726,-679,516,-197,1081,700,96,595,700,18,75,334,69,69,1,1,0,0,0,0,0,1,1,0,5,22403,8287,31092,1408489,0,0,0,3808454,5285963,0,216,125,0,0,1000,1000,6790054
MPCTASK: EXP,2,422,21104,-201,472,722,489,684,-21,879,-558,258,-41,1092,700,78,535,700,18,11,337,69,69,1,1,0,0,0,0,0,1,1,0,5,24936,10957,35966,1862712,0,0,0,4238878,6114230,0,218,127,0,0,1000,1000,6790054
MPCTASK: EXP,2,424,21207,-192,520,721,512,503,-63,1177,-481,28,112,1074,700,67,473,851,8,-114,441,69,69,1,1,0,0,0,0,0,1,0,898,5,24992,12630,39088,2146984,0,0,0,4248609,6645146,0,220,128,0,0,1000,1000,6790054
MPCTASK: EXP,2,426,21304,-147,576,724,571,309,-52,1387,-406,-242,248,1028,700,80,427,785,13,-162,529,69,69,1,1,0,0,0,0,0,1,0,528,5,21282,14272,36674,2426136,0,0,0,3617905,6234523,0,222,128,0,0,1000,1000,6790054
MPCTASK: EXP,2,428,21397,-154,565,725,508,-23,22,1598,-224,-502,353,953,700,-54,215,747,25,-52,609,69,69,1,1,0,0,0,0,0,1,0,292,5,20876,8027,30227,1364469,0,0,0,3548701,5138666,0,224,128,0,0,1000,1000,6790054
MPCTASK: EXP,2,430,21504,-138,535,725,473,-322,11,1329,-172,-727,417,853,700,11,192,809,25,-45,482,69,69,1,1,0,0,0,0,0,1,0,718,5,21670,11357,35942,1930743,0,0,0,3683869,6110226,0,226,128,0,0,1000,1000,6790054
MPCTASK: EXP,2,432,21604,-147,499,719,391,-493,-42,533,-17,-904,434,730,700,-171,13,700,10,169,414,69,69,1,1,0,0,0,0,0,1,1,0,5,26021,10757,36850,1828505,0,0,0,4423541,6264706,0,228,129,0,0,1000,1000,6790054
MPCTASK: EXP,2,434,21705,-67,448,708,410,-543,-78,248,377,-1123,401,586,700,-149,-74,700,-7,313,523,69,69,1,1,0,0,0,0,0,1,1,0,5,26244,10759,37228,1829016,0,0,0,4461437,6328877,0,230,131,0,0,1000,1000,6790054
MPCTASK: EXP,2,436,21799,-62,406,712,229,-589,-8,830,888,-1244,323,425,700,-219,-188,700,11,-66,352,69,69,1,1,0,0,0,0,0,1,1,0,5,21761,10156,31999,1726496,0,0,0,3699174,5439902,0,232,133,0,0,1000,1000,6790054
MPCTASK: EXP,2,438,21904,-113,384,723,-52,-683,42,1272,815,-1199,206,250,700,-308,-288,700,23,-98,366,69,69,1,1,0,0,0,0,0,1,1,0,5,23380,12374,35826,2103529,0,0,0,3974457,6090637,0,234,135,0,0,1000,1000,6790054
MPCTASK: EXP,2,440,22004,-106,309,730,-174,-860,-11,1164,643,-970,64,67,700,-298,-401,700,27,-46,385,69,69,1,1,0,0,0,0,0,1,1,0,5,26694,9765,36781,1659998,0,0,0,4537772,6252853,0,236,136,0,0,1000,1000,6790054
MPCTASK: EXP,2,442,22103,-191,224,726,-397,-1002,9,485,551,-548,-90,-121,700,-366,-477,700,26,139,375,69,69,1,1,0,0,0,0,0,1,1,0,5,24930,10261,35905,1744204,0,0,0,4238089,6103914,0,238,137,0,0,1000,1000,6790054
MPCTASK: EXP,2,444,22200,-262,147,720,-507,-1024,9,205,79,-95,-242,-309,700,-368,-534,700,20,189,380,69,69,1,1,0,0,0,0,0,1,1,0,5,21995,10973,33054,1865434,0,0,0,3739089,5619222,0,240,139,0,0,1000,1000,6790054
MPCTASK: EXP,2,446,22305,-350,62,720,-522,-1036,-17,203,-584,332,-375,-494,700,-353,-593,700,17,24,314,69,69,1,1,0,0,0,0,0,1,1,0,5,25254,9837,35553,1672279,0,0,0,4293257,6044126,0,242,141,0,0,1000,1000,6790054
MPCTASK: EXP,2,448,22399,-396,-3,730,-387,-1004,4,282,-955,626,-477,-670,700,-292,-616,700,30,-68,322,69,69,1,1,0,0,0,0,0,1,1,0,5,18310,11524,29906,1958853,0,0,0,3112629,5084138,0,244,143,0,0,1000,1000,6790054
MPCTASK: EXP,2,450,22506,-430,-99,737,-214,-1016,-22,293,-1235,868,-537,-832,700,-341,-543,772,32,-35,457,69,69,1,1,0,0,0,0,0,1,0,434,5,24907,10551,36493,1793563,0,0,0,4234017,6203879,0,246,144,0,0,1000,1000,6790054
MPCTASK: EXP,2,452,22606,-433,-188,734,18,-1008,-66,228,-1329,952,-551,-975,700,-153,-664,765,20,-147,534,69,69,1,1,0,0,0,0,0,1,0,386,5,23962,10617,36478,1804837,0,0,0,4073333,6201386,0,248,144,0,0,1000,1000,6790054
MPCTASK: EXP,2,454,22704,-395,-285,723,281,-983,-54,-46,-1149,859,-519,-1095,700,-71,-663,804,12,-13,477,69,69,1,1,0,0,0,0,0,1,0,594,5,22998,10388,34492,1765868,0,0,0,3909689,5863739,0,250,144,0,0,1000,1000,6790054
MPCTASK: EXP,2,456,22806,-343,-355,716,507,-892,22,-239,-987,613,-444,-1186,699,-4,-622,699,16,-77,330,69,69,1,1,0,0,0,0,0,1,1,0,5,22340,11257,35254,1913612,0,0,0,3797573,5993196,0,252,146,0,0,1000,1000,6790054
MPCTASK: EXP,2,458,22906,-279,-432,711,664,-808,13,-465,-603,323,-337,-1243,699,30,-584,699,11,8,304,69,69,1,1,0,0,0,0,0,1,1,0,5,25192,10637,35903,1808143,0,0,0,4282553,6103613,0,254,148,0,0,1000,1000,6790054
MPCTASK: EXP,2,460,23004,-202,-497,709,739,-686,-4,-793,-99,52,-211,-1263,699,43,-531,699,8,94,408,69,69,1,1,0,0,0,0,0,1,1,0,5,23569,9907,33806,1684224,0,0,0,4006597,5747059,0,256,150,0,0,1000,1000,6790054
MPCTASK: EXP,2,462,23107,-122,-554,713,722,-515,9,-1113,451,-151,-83,-1242,699,39,-474,699,13,-61,397,69,69,1,1,0,0,0,0,0,1,1,0,5,25860,10109,36043,1718591,0,0,0,4396013,6127411,0,258,152,0,0,1000,1000,6790054
MPCTASK: EXP,2,464,23207,-54,-585,722,617,-292,18,-1300,872,-262,31,-1179,699,-11,-479,813,22,-24,450,69,69,1,1,0,0,0,0,0,1,0,632,5,23308,9763,35210,1659527,0,0,0,3962325,5985730,0,260,153,0,0,1000,1000,6790054
MPCTASK: EXP,2,466,23311,8,-588,726,472,-47,7,-1189,1130,-294,119,-1075,699,21,-376,699,26,-105,378,69,69,1,1,0,0,0,0,0,1,1,0,5,27360,10947,38621,1860930,0,0,0,4651153,6565631,0,262,154,0,0,1000,1000,6790054
MPCTASK: EXP,2,468,23405,43,-567,731,269,182,50,-950,1127,-282,169,-935,700,3,-323,700,31,-68,330,69,69,1,1,0,0,0,0,0,1,1,0,5,20544,11512,32257,1956873,0,0,0,3492493,5483895,0,264,155,0,0,1000,1000,6790054
MPCTASK: EXP,2,470,23509,58,-516,738,68,365,101,-493,1032,-193,178,-769,700,72,-372,897,38,-64,310,69,69,1,1,0,0,0,0,0,1,0,1017,5,23388,10625,36667,1806193,0,0,0,3975977,6233508,0,266,155,0,0,1000,1000,6790054
MPCTASK: EXP,2,472,23604,47,-495,750,-102,412,194,-167,591,-73,149,-590,700,-25,-296,701,50,167,358,69,69,0,0,0,0,0,0,0,0,0,0,5,21908,9526,31678,1619436,0,0,0,3724273,5385436,0,267,155,0,0,1000,1000,6790054
MPCTASK: EXP,2,474,23704,21,-446,769,-175,426,180,171,43,56,94,-417,700,-26,-278,706,69,52,200,69,69,0,0,0,0,0,0,0,0,0,0,5,19933,11292,31291,1919614,0,0,0,3388397,5319632,0,267,155,0,0,1000,1000,6790054
MPCTASK: EXP,2,476,23804,9,-408,783,-163,390,0,194,-29,211,29,-269,700,-36,-245,703,83,163,284,69,69,0,0,0,0,0,0,0,0,0,0,5,21124,10052,31245,1708724,0,0,0,3591134,5311724,0,267,155,0,0,1000,1000,6790054
MPCTASK: EXP,2,478,23905,3,-373,776,-142,359,-127,154,-50,339,-26,-164,700,-50,-204,700,50,220,362,69,69,0,0,0,0,0,0,0,0,0,0,5,22439,9612,32190,1633877,0,0,0,3814617,5472462,0,267,155,0,0,1000,1000,6790054
MPCTASK: EXP,2,480,24004,3,-357,759,-111,309,-169,133,-81,399,-58,-110,700,-51,-189,700,25,211,387,69,69,0,0,0,0,0,0,0,0,0,0,5,21317,9991,31374,1698493,0,0,0,3623801,5346036,0,267,155,0,0,1000,1000,6790054
MPCTASK: EXP,2,482,24107,21,-351,740,-60,260,-157,47,-7,407,-66,-98,700,-18,-213,700,9,164,330,69,69,1,1,0,0,0,0,0,1,1,0,5,23511,10986,34566,1867635,0,0,0,3996737,5876321,0,269,157,0,0,1000,1000,6790054
MPCTASK: TRAJ DONE: idx=482, max=482; requesting landing
MPCTASK: LANDING: start z=0.73, hold=(0.03,-0.35)
MPCTASK: TIMING SUMMARY: max_step_cycles=6790054 deadline_cycles=8400000 overruns=0
MPCTASK: POSTHOC SUMMARY: active=270 infeasible=158
MPCTASK: LANDING COMPLETE: t=32418 ms, x=0.035, y=-0.345, z=-0.001, vz=-0.085; motors off