SYS: Crazyflie 2.1 Brushless is up and running!
SYS: Build 2:de14ff9f08ae (2025.09.1 +2) MODIFIED
SYS: I am 0x373930393434471500370039 and I have 1024KB of flash!
CFGBLK: v1, verification [OK]
DECK_DISCOVERY: Backend found: onewire
DECK_DISCOVERY: Backend found: deckctrl
DECK_CORE: 1 deck(s) found
DECK_CORE: Calling INIT on driver bcFlow2 for deck 0
ZR2: Z-down sensor [OK]
PMW: Motion chip id: 0x49:0xB6
IMU: BMI088: Using I2C interface.
IMU: BMI088 Gyro connection [OK].
IMU: BMI088 Accel connection [OK]
IMU: BMP390 I2C connection [OK]
ESTIMATOR: Using Kalman (2) estimator
CONTROLLER: Using PID (1) controller
MTR-DRV: Using brushless motor driver
SYS: About to run tests in system.c.
SYS: NRF51 version: 2026.04 (C21B)
EEPROM: I2C connection [OK].
STORAGE: Storage check [OK].
IMU: BMI088 gyro self-test [OK]
DECK_CORE: Deck 0 test [OK].
SYS: Self test passed!
STAB: Wait for sensor calibration...
SYS: Free heap: 15048 bytes
MPCTASK: Waiting for activation ...
STAB: Starting stabilizer loop
STAB: WARNING: stabilizer loop rate is off (1004)
SUP: Ready to fly
MPCTASK: Benchmark mode 3, maneuver 4, max_iter 5, task_pri 0
MPCTASK: Reference altitude: 0.70 m; barrier skip when z>0.75 and vz>-0.20
MPCTASK: OOT takeoff: cfclient trigger>=0.15m ramp=0.15m/s figure8_start=3000ms_at_measured_z target=0.70m timeout=12000ms
MPCTASK: Common baseline: mpc_hz=20 model_hz=20 rho=5 base_w=0 base_qz=1 Qz=100 R=4 bridge=x10 guards=z[ref,ref+0.20] xy=free cap=0.05
MPCTASK: MPC->PID: xyz=x10, z_guard=[ref,ref+0.20], yaw=raw_rz, output_hold=200ms, safety_hold=500ms
MPCTASK: Reference origin: xyz=measured_at_forced_3s_start target_z=0.70 m
MPCTASK: LIMO adaptive: cache=16x4 evals=1 timing=bar/rl/cache_cycles
MPCTASK: EXP every=2: m,s,tms,p3[mm],v3[mmps],att3[cdeg],ref3[mm],cmd3[mm],h/raw/grad/mar/thr[milli],act/ac/bind,wi/qi/cache/noa,pa/pf/du[milli],it,mpc/eval/total[us],bar/tanh/rl/cache/solve/step[cycles],overruns,post_active/post_infeasible_totals,wreq/w/qzreq/qz[milli],max_step_cycles
MPCTASK: Figure8: source=traj_fig8_12.h source_hz=100 samples=1205 laps=2 duration=24.07 s origin=forced_3s_start start_delay=3000ms z_baseline=measured_at_start
CONTROLLER: Using OutOfTree (6) controller
MPCTASK: Trajectory origin: x=0.01 y=-0.09
MPCTASK: OOT activated at z=0.01
MPCTASK: TAKEOFF START: trigger_z=0.15 start_z=0.01 target=0.70 hold=(0.0,-0.13) ramp=0.15m/s
MPCTASK: OOT loop 1 done
MPCTAMPCTASK: OOT loop 2 done
SK: MPC task loop 1
MPCTASK: x0MPCTASK: OOT loop 3 done
: pos=(0.0,-0.13,0.01) vel=(0.0,0.0,0.0)
MPCTASK: ref: (0.0,-0.13,0.01)
MPCTASK: SAFE TV mode=3: h=0.0 raw=0.0 grad=0.0 margin=0.0 thr=0.0 active0=0 active_count=0 eval=9819 us
MPCTASK: MPC solve start
MPCTASK: MPC solve done, iter=5
MPCTASK: MPC time=24734 us
MPCTASK: MPC stack free=898 words
MPCTASK: setpoint: x=0.0 y=-0.13 z=0.07 preview_z=0.07
MPCTASK: MPC task loop 2
MPCTASK: MPC task loop 3
MPCTASK: Cache level changed: 0 -> 1
MPCTASK: TAKEOFF COMPLETE: t=3000ms z=0.43 vz=0.27; trajectory queued origin=(-0.08,-0.15,0.43)
MPCTASK: TRAJ START: z=0.43 origin=(-0.08,-0.15,0.43) EXP clock reset; Z metric begins at t+3s
MPCTASK: EXP,3,2,88,-103,-173,451,6,-216,265,-169,-155,1130,-89,-152,436,-110,7,437,-248,-85,1183,69,300,1,3,3,15,3,1,1,0,0,0,5,24774,11496,37690,1954235,0,1947,112693,4211546,6407383,0,0,0,987,1000,1399,1400,6407383
MPCTASK: EXP,3,4,184,-117,-212,479,-7,-178,189,-970,-188,1432,-100,-133,436,-91,37,443,-220,122,1880,69,300,1,3,3,15,3,1,1,0,0,0,5,21167,11300,32836,1920909,0,2603,24323,3598397,5582225,0,0,0,987,1000,1399,1400,6407383
MPCTASK: EXP,3,6,284,-144,-240,501,-84,-25,135,-1430,-187,1586,-134,-66,436,-87,68,446,-198,-195,2193,69,300,1,3,3,15,3,1,1,0,0,0,5,22199,9540,33103,1621761,0,1731,120666,3773805,5627497,0,0,0,990,1000,1399,1400,6444340
MPCTASK: EXP,3,8,381,-185,-234,511,-161,208,37,-1463,-349,1508,-187,52,437,-109,112,446,-188,-298,2159,69,300,1,3,3,15,3,1,1,0,0,0,5,21090,9143,31042,1554214,0,1731,114208,3585117,5277244,0,0,0,992,1000,1399,1400,6501521
MPCTASK: EXP,3,10,483,-251,-213,508,-217,411,-53,-1090,-591,1147,-242,211,436,-143,134,442,-202,-164,2170,69,300,1,3,3,15,3,1,1,0,0,0,5,21677,10838,33170,1842388,0,2775,87721,3685029,5639001,0,0,0,994,1000,1399,1400,6501521
MPCTASK: EXP,3,12,583,-311,-181,497,-198,554,-89,-740,-794,716,-280,391,436,-160,158,438,-220,-56,1723,69,300,1,3,3,15,3,1,1,0,0,0,5,21414,10848,32604,1844131,0,1733,24376,3640269,5542757,0,0,0,996,1000,1399,1400,6501521
MPCTASK: EXP,3,14,685,-369,-156,493,-121,619,-18,-463,-979,204,-288,570,436,-179,157,438,-210,-7,2175,69,300,1,3,3,15,3,1,1,0,0,0,5,24578,8646,34497,1469833,0,1731,150867,4178181,5864621,0,0,0,997,1000,1399,1400,6501521
MPCTASK: EXP,3,16,789,-410,-125,498,16,620,17,-201,-1331,-381,-257,730,436,-153,140,441,-201,-115,2217,69,300,1,3,3,15,3,1,1,0,0,0,5,25916,11641,38257,1979040,0,1731,31905,4405625,6503690,0,0,0,998,1000,1399,1400,6503690
MPCTASK: EXP,3,18,886,-437,-68,510,205,608,43,-43,-1517,-826,-188,859,436,-141,144,444,-189,-293,2168,69,300,1,3,3,15,3,1,1,0,0,0,5,24892,10625,36108,1806104,0,1731,77018,4231597,6138433,0,0,0,998,1000,1399,1400,6503690
MPCTASK: EXP,3,20,983,-432,-15,517,408,557,12,68,-1417,-1123,-87,948,436,-115,137,445,-182,-268,2150,69,300,1,3,3,15,3,1,1,0,0,0,5,22002,9438,32154,1604356,0,1731,98244,3740285,5466320,0,0,0,998,1000,1399,1400,6503690
MPCTASK: EXP,3,22,1086,-396,7,511,581,442,-62,286,-1071,-1304,31,994,436,-95,79,441,-201,-188,2119,69,300,1,3,3,15,3,1,1,0,0,0,5,24689,10597,35554,1801437,0,1731,23120,4197049,6044250,0,0,0,999,1000,1399,1400,6503690
MPCTASK: EXP,3,24,1183,-336,0,496,702,281,-86,452,-601,-1397,153,996,436,-88,-13,436,-220,-102,1461,69,300,1,3,3,15,3,1,1,0,0,0,5,20985,10780,32914,1832502,0,42500,69203,3567333,5595538,0,0,0,999,1000,1399,1400,6503690
MPCTASK: EXP,3,26,1286,-250,-39,481,769,115,-59,360,36,-1431,263,957,436,-83,-111,436,-230,97,749,69,300,1,3,3,15,3,1,1,0,0,0,5,22930,12141,36281,2064024,0,1732,181236,3897877,6167916,0,0,0,999,1000,1399,1400,6503690
MPCTASK: EXP,3,28,1390,-194,-11,479,643,102,39,356,815,-1554,346,880,436,-143,-110,436,-220,-168,1852,69,300,1,3,3,15,3,1,1,0,0,0,5,25740,10653,38122,1811013,0,1731,142744,4375725,6480733,0,0,0,999,1000,1399,1400,6503690
MPCTASK: EXP,3,30,1484,-139,-12,499,417,45,147,552,1189,-1558,390,772,436,-209,-157,443,-200,-128,2189,69,300,1,3,3,15,3,1,1,0,0,0,5,21384,10117,32282,1719732,0,1850,32754,3635262,5488076,0,0,0,999,1000,1399,1400,6503690
MPCTASK: EXP,3,32,1587,-119,-16,518,156,22,139,236,1644,-1470,389,638,436,-314,-154,447,-181,-160,2272,69,300,1,3,3,15,3,1,1,0,0,0,5,24483,10566,36077,1796218,0,98200,25503,4162078,6133138,0,0,0,999,1000,1399,1400,6503690
MPCTASK: EXP,3,34,1683,-165,-11,530,-139,34,52,562,1262,-1285,342,482,436,-395,-208,448,-169,41,2207,69,300,1,3,3,15,3,1,1,0,0,0,5,21006,9896,31494,1682335,0,14451,23424,3571009,5354078,0,0,0,998,1000,1399,1400,6503690
MPCTASK: EXP,3,36,1786,-187,33,529,-338,21,-38,641,942,-986,251,310,436,-443,-185,445,-178,-143,2119,69,300,1,3,3,15,3,1,1,0,0,0,5,22860,10650,34169,1810418,0,1731,87681,3886101,5808665,0,0,0,998,1000,1399,1400,6503690
MPCTASK: EXP,3,38,1888,-207,-24,523,-447,-173,-63,1099,222,-794,126,127,436,-396,-361,443,-189,15,2188,69,300,1,3,3,15,3,1,1,0,0,0,5,24596,9889,35450,1680954,0,24343,25559,4181216,6026519,0,0,0,997,1000,1399,1400,6503690
MPCTASK: EXP,3,40,1986,-239,-70,517,-458,-381,-111,1076,-188,-636,-20,-60,436,-367,-466,441,-204,-216,2148,69,300,1,3,3,15,3,1,1,0,0,0,5,21550,12081,34148,2053651,0,1731,65427,3663477,5805334,0,0,0,996,1000,1399,1400,6503690
MPCTASK: EXP,3,42,2089,-284,-129,507,-418,-583,-146,1041,-601,-637,-175,-250,436,-324,-579,438,-221,-231,2185,69,300,1,3,3,15,3,1,1,0,0,0,5,23182,12377,36336,2104005,0,1731,72119,3940829,6177340,0,0,0,995,1000,1399,1400,6503690
MPCTASK: EXP,3,44,2184,-327,-203,498,-316,-780,-83,834,-971,-984,-322,-436,436,-264,-692,436,-218,-154,2123,69,300,1,3,3,15,3,1,1,0,0,0,5,19639,10002,30028,1700353,0,1903,39938,3338497,5104847,0,0,0,995,1000,1399,1400,6503690
MPCTASK: EXP,3,46,2285,-358,-276,499,-152,-946,21,768,-1295,-1348,-447,-614,436,-182,-807,438,-200,-218,2122,69,300,1,3,3,15,3,1,1,0,0,0,5,21467,9534,31544,1620595,0,1733,23289,3649197,5362412,0,0,0,995,1000,1399,1400,6503690
MPCTASK: EXP,3,48,2385,-368,-376,509,75,-1140,76,694,-1780,-1510,-538,-781,436,-61,-949,443,-190,-54,2303,69,300,1,3,3,15,3,1,1,0,0,0,5,22119,9496,32125,1614222,0,1731,64255,3760201,5461370,0,0,0,996,1000,1399,1400,6503690
MPCTASK: EXP,3,50,2486,-365,-464,520,324,-1254,25,220,-1865,-1463,-584,-931,436,43,-988,445,-179,-134,2319,69,300,1,3,3,15,3,1,1,0,0,0,5,20860,10030,32232,1704995,0,1731,24123,3546041,5479501,0,0,0,996,1000,1399,1400,6503690
MPCTASK: EXP,3,52,2587,-337,-564,515,537,-1240,-137,-781,-1167,-1254,-581,-1063,436,76,-956,438,-212,46,2261,69,300,1,3,3,15,3,1,1,0,0,0,5,21937,10892,33096,1851542,0,1731,23120,3729281,5626484,0,0,0,997,1000,1399,1400,6503690
MPCTASK: EXP,3,54,2690,-271,-640,499,720,-1022,-155,-1338,-573,-1167,-531,-1172,436,146,-890,436,-231,-295,2343,69,300,1,3,3,15,3,1,1,0,0,0,5,23814,11235,36303,1909863,0,2603,155028,4048202,6171496,0,0,0,997,1000,1399,1400,6503690
MPCTASK: EXP,3,56,2785,-195,-708,480,839,-767,-149,-1315,-250,-1150,-436,-1256,436,203,-839,436,-249,-319,2349,69,300,1,3,3,15,3,1,1,0,0,0,5,22037,8660,31469,1471960,0,1731,23964,3746274,5349747,0,0,0,997,1000,1399,1400,6503690
MPCTASK: EXP,3,58,2888,-113,-737,464,908,-513,-112,-1203,52,-1126,-308,-1312,436,242,-762,436,-258,-286,2241,69,300,1,3,3,15,3,1,1,0,0,0,5,23959,10427,35201,1772463,0,1731,115962,4072941,5984328,0,0,0,997,1000,1399,1400,6503690
MPCTASK: EXP,3,60,2989,-10,-744,452,917,-231,-59,-929,407,-1051,-158,-1341,436,265,-673,436,-259,-210,2134,69,300,1,3,3,15,3,1,1,0,0,0,5,25517,9013,35001,1532213,0,1731,33091,4337778,5950205,0,0,0,997,1000,1399,1400,6503690
MPCTASK: EXP,3,62,3090,93,-724,446,868,-14,-20,-670,754,-924,-1,-1340,436,274,-574,436,-257,-168,1835,69,300,1,3,3,15,3,1,1,0,0,0,5,25183,10975,36894,1865607,0,1731,34219,4281045,6272184,0,0,0,998,1000,1399,1400,6503690
MPCTASK: EXP,3,64,3185,177,-693,447,732,152,5,-495,1068,-760,147,-1310,436,241,-477,436,-252,-198,2150,69,300,1,3,3,15,3,1,1,0,0,0,5,20759,10143,31592,1724270,0,2640,23433,3528877,5370733,0,0,0,998,1000,1399,1400,6503690
MPCTASK: EXP,3,66,3287,215,-611,450,521,350,6,-402,1363,-585,272,-1252,436,153,-321,436,-249,-231,2256,69,300,1,3,3,15,3,1,1,0,0,0,5,22623,10238,33698,1740278,0,1769,55190,3845766,5728745,0,0,0,998,1000,1399,1400,6503690
MPCTASK: EXP,3,68,3388,270,-543,453,275,468,-9,-242,1458,-344,362,-1167,436,90,-215,436,-248,-196,2340,69,300,1,3,3,15,3,1,1,0,0,0,5,23034,11074,34635,1882390,0,1731,66463,3915685,5887943,0,0,0,998,1000,1399,1400,6503690
MPCTASK: EXP,3,70,3490,297,-452,453,34,580,-24,-219,1492,-114,408,-1056,436,21,-82,436,-251,-183,2383,69,300,1,3,3,15,3,1,1,0,0,0,5,25828,9169,36717,1558671,0,2031,139702,4390709,6241897,0,0,0,998,1000,1399,1400,6503690
MPCTASK: EXP,3,72,3586,301,-391,454,-197,616,-12,-189,1381,19,405,-924,436,-42,-3,436,-247,-114,2330,69,300,1,3,3,15,3,1,1,0,0,0,5,23011,9508,33083,1616317,0,1731,73238,3911665,5624181,0,0,0,997,1000,1399,1400,6503690
MPCTASK: EXP,3,74,3689,284,-322,456,-391,660,-3,-230,1223,131,354,-772,436,-97,88,436,-244,-65,2272,69,300,1,3,3,15,3,1,1,0,0,0,5,23428,9976,34210,1695751,0,1899,52222,3982625,5815756,0,0,0,997,1000,1399,1400,6503690
MPCTASK: EXP,3,76,3791,247,-256,456,-565,690,-3,-234,979,188,260,-605,436,-144,165,436,-244,-150,2170,69,300,1,3,3,15,3,1,1,0,0,0,5,22398,13073,36433,2222327,0,1731,126730,3807593,6193643,0,0,0,996,1000,1399,1400,6503690
MPCTASK: EXP,3,78,3891,191,-192,459,-688,702,14,-185,570,189,131,-427,436,-171,228,436,-240,-98,1463,69,300,1,3,3,15,3,1,1,0,0,0,5,25225,10569,36142,1796633,0,1731,36001,4288093,6144243,0,0,0,995,1000,1399,1400,6503690
MPCTASK: EXP,3,80,3987,162,-166,461,-672,657,13,-169,256,141,-18,-243,436,-134,237,436,-238,-38,1149,69,300,1,3,3,15,3,1,1,0,0,0,5,21550,9815,32130,1668502,0,1731,106814,3663381,5462221,0,0,0,994,1000,1399,1400,6503690
MPCTASK: EXP,3,82,4090,102,-130,461,-687,650,11,-252,32,187,-176,-56,436,-136,273,436,-238,-1,891,69,300,1,3,3,15,3,1,1,0,0,0,5,20868,10939,34501,1859463,0,1731,178459,3547541,5865236,0,0,0,994,1000,1399,1400,6503690
MPCTASK: EXP,3,84,4189,42,-70,469,-647,660,55,-57,-200,417,-324,128,436,-116,300,436,-230,-92,1352,69,300,1,3,3,15,3,1,1,0,0,0,5,23295,9575,33526,1627659,0,1731,89159,3960193,5699414,0,0,0,994,1000,1399,1400,6503690
MPCTASK: EXP,3,86,4292,-7,5,478,-572,659,108,240,-331,693,-450,306,436,-101,339,438,-221,-18,907,69,300,1,3,3,15,3,1,1,0,0,0,5,26389,8755,36108,1488212,0,1731,75479,4486037,6138405,0,0,0,995,1000,1399,1400,6503690
MPCTASK: EXP,3,88,4389,-82,35,492,-563,558,110,197,-232,758,-540,472,436,-147,322,441,-207,-33,1033,69,300,1,3,3,15,3,1,1,0,0,0,5,24841,8509,33891,1446454,0,1731,69142,4222909,5761620,0,0,0,996,1000,1399,1400,6503690
MPCTASK: EXP,3,90,4491,-107,81,500,-464,539,44,-31,-515,668,-586,623,436,-109,361,441,-199,-28,1064,69,300,1,3,3,15,3,1,1,0,0,0,5,21189,13160,35054,2237149,0,1731,97378,3602025,5959234,0,0,0,997,1000,1399,1400,6503690
MPCTASK: EXP,3,92,4586,-135,82,504,-350,452,-21,-96,-704,405,-583,755,436,-77,319,440,-200,-134,1625,69,300,1,3,3,15,3,1,1,0,0,0,5,20540,9986,30845,1697531,0,1732,31577,3491609,5243682,0,0,0,998,1000,1399,1400,6503690
MPCTASK: EXP,3,94,4693,-143,75,504,-181,379,-41,-200,-941,-19,-532,864,436,-21,272,440,-203,-161,2108,69,300,1,3,3,15,3,1,1,0,0,0,5,24089,11960,37532,2033127,0,1956,78287,4095061,6380585,0,0,0,998,1000,1399,1400,6503690
MPCTASK: EXP,3,96,4790,-188,74,505,-74,333,-20,-254,-1082,-447,-437,949,436,-20,224,442,-198,-74,2179,69,300,1,3,3,15,3,1,1,0,0,0,5,24470,9750,34491,1657426,0,1731,23120,4159830,5863521,0,0,0,998,1000,1399,1400,6503690
MPCTASK: EXP,3,98,4890,-161,124,504,197,359,-38,121,-1557,-819,-308,1006,436,81,211,443,-203,-320,2236,69,300,1,3,3,15,3,1,1,0,0,0,5,20461,10475,32710,1780548,0,228510,52570,3478322,5560780,0,0,0,998,1000,1399,1400,6503690
MPCTASK: EXP,3,100,4988,-134,153,498,430,272,-72,345,-1353,-1027,-158,1035,436,121,170,439,-216,-145,2242,69,300,1,3,3,15,3,1,1,0,0,0,5,21422,8550,31396,1453355,0,1731,218867,3641713,5337404,0,0,0,998,1000,1399,1400,6503690
MPCTASK: EXP,3,102,5095,-71,176,479,612,189,-120,117,-524,-1177,-1,1034,436,133,162,436,-244,-76,1422,69,300,1,3,3,15,3,1,1,0,0,0,5,24031,13786,38332,2343568,0,1731,65122,4085182,6516461,0,0,0,998,1000,1399,1400,6516461
MPCTASK: EXP,3,104,5190,-6,185,464,642,143,-57,94,308,-1213,147,1004,436,91,142,436,-246,4,862,69,300,1,3,3,15,3,1,1,0,0,0,5,22030,8562,32016,1455443,0,31165,188696,3745053,5442714,0,0,0,998,1000,1399,1400,6516461
MPCTASK: EXP,3,106,5291,87,193,471,529,154,98,-47,1286,-1173,272,946,436,31,144,438,-228,-98,2213,69,300,1,3,3,15,3,1,1,0,0,0,5,20040,10955,31874,1862224,0,1731,63398,3406686,5418788,0,0,0,998,1000,1399,1400,6516461
MPCTASK: EXP,3,108,5390,126,209,491,287,197,140,69,1817,-987,362,861,436,-54,135,445,-208,-358,2217,69,300,1,3,3,15,3,1,1,0,0,0,5,21958,8428,32221,1432696,0,1731,289484,3732865,5477725,0,0,0,998,1000,1399,1400,6516461
MPCTASK: EXP,3,110,5494,158,251,503,27,224,11,484,1699,-668,408,750,436,-120,129,446,-196,-346,2283,69,300,1,3,3,15,3,1,1,0,0,0,5,23928,11284,35890,1918228,0,1731,92501,4067676,6101396,0,0,0,998,1000,1399,1400,6516461
MPCTASK: EXP,3,112,5590,126,234,503,-276,101,-42,782,1728,-386,406,618,436,-240,22,444,-204,-394,2297,69,300,1,3,3,15,3,1,1,0,0,0,5,21343,8864,31790,1506762,0,1731,246847,3628257,5404438,0,0,0,998,1000,1399,1400,6516461
MPCTASK: EXP,3,114,5693,84,214,492,-537,-63,-114,867,1204,30,354,466,436,-296,-83,437,-230,-102,2234,69,300,1,3,3,15,3,1,1,0,0,0,5,22379,11143,34092,1894193,0,1731,23120,3804326,5795602,0,0,0,997,1000,1399,1400,6516461
MPCTASK: EXP,3,116,5792,43,223,477,-647,-196,-129,1047,485,392,260,299,436,-286,-144,436,-247,-37,2235,69,300,1,3,3,15,3,1,1,0,0,0,5,22118,10140,33420,1723720,0,1731,90509,3759982,5681401,0,0,0,994,1000,1399,1400,6516461
MPCTASK: EXP,3,118,5892,-32,160,464,-698,-453,-116,1192,-26,426,131,121,436,-293,-296,436,-258,2,2282,69,300,1,3,3,15,3,1,1,0,0,0,5,21040,12161,33984,2067283,0,1731,110627,3576729,5777305,0,0,0,993,1000,1399,1400,6516461
MPCTASK: EXP,3,120,5992,-71,99,456,-566,-669,-109,1299,-774,228,-18,-62,436,-207,-430,436,-265,-299,2250,69,300,1,3,3,15,3,1,1,0,0,0,5,22609,9931,33613,1688184,0,1731,64224,3843573,5714297,0,0,0,992,1000,1399,1400,6516461
MPCTASK: EXP,3,122,6091,-112,10,449,-411,-891,-76,915,-925,-334,-176,-249,436,-148,-554,436,-265,-165,2165,69,300,1,3,3,15,3,1,1,0,0,0,5,19306,11668,32450,1983348,0,36851,193406,3281857,5516565,0,0,0,992,1000,1399,1400,6516461
MPCTASK: EXP,3,124,6189,-142,-74,448,-251,-1041,-13,788,-1184,-954,-324,-434,436,-68,-670,436,-253,-129,2203,69,300,1,3,3,15,3,1,1,0,0,0,5,20515,8048,31317,1368142,0,1731,212643,3487453,5323965,0,0,0,993,1000,1399,1400,6516461
MPCTASK: EXP,3,126,6293,-168,-174,452,-69,-1206,44,759,-1417,-1555,-450,-612,436,16,-809,436,-247,-264,2171,69,300,1,3,3,15,3,1,1,0,0,0,5,21873,11535,34177,1960905,0,1731,108127,3718409,5810133,0,0,0,994,1000,1399,1400,6516461
MPCTASK: EXP,3,128,6392,-182,-292,468,134,-1392,152,602,-1718,-1886,-540,-778,436,125,-953,436,-231,-291,2210,69,300,1,3,3,15,3,1,1,0,0,0,5,23064,9428,33351,1602713,0,1731,122509,3920733,5669713,0,0,0,995,1000,1399,1400,6516461
MPCTASK: EXP,3,130,6493,-164,-437,495,404,-1572,172,441,-2080,-2013,-586,-929,436,272,-1110,440,-204,-352,2282,69,300,1,3,3,15,3,1,1,0,0,0,5,21647,11068,33707,1881346,0,2127,24273,3679817,5730308,0,0,0,996,1000,1399,1400,6516461
MPCTASK: EXP,3,132,6594,-132,-582,512,660,-1682,59,-71,-1965,-1973,-583,-1061,436,352,-1203,442,-187,1,1331,69,300,1,3,3,15,3,1,1,0,0,0,5,23694,10163,34913,1727671,0,1732,157081,4027741,5935409,0,0,0,997,1000,1399,1400,6516461
MPCTASK: EXP,3,134,6693,-73,-709,511,867,-1624,-53,-955,-772,-1843,-532,-1170,436,365,-1174,436,-199,19,2294,69,300,1,3,3,15,3,1,1,0,0,0,5,22024,11308,33924,1922252,0,1736,77867,3744129,5767217,0,0,0,998,1000,1399,1400,6516461
MPCTASK: EXP,3,136,6791,-14,-810,501,915,-1373,-138,-1933,420,-1516,-437,-1255,436,319,-1057,436,-225,-36,1480,69,300,1,3,3,15,3,1,1,0,0,0,5,21555,9511,31722,1616759,0,1731,87430,3664273,5392925,0,0,0,998,1000,1399,1400,6516461
MPCTASK: EXP,3,138,6895,62,-902,489,846,-931,-180,-2313,1229,-1200,-308,-1312,436,282,-938,436,-246,-897,3275,69,300,1,3,3,15,3,1,1,0,0,0,5,23110,10932,34968,1858417,0,1731,50006,3928489,5944685,0,0,0,998,1000,1399,1400,6516461
MPCTASK: EXP,3,140,6991,112,-942,468,669,-442,-222,-1967,1344,-1214,-158,-1341,436,226,-822,436,-275,-675,2981,69,300,1,3,3,15,3,1,1,0,0,0,5,21852,8469,31177,1439642,0,1905,122609,3714832,5300460,0,0,0,997,1000,1399,1400,6516461
MPCTASK: EXP,3,142,7093,146,-919,439,481,11,-217,-1423,1189,-1164,-1,-1340,436,167,-671,436,-303,-423,2611,69,300,1,3,3,15,3,1,1,0,0,0,5,21494,11680,33765,1985632,0,2026,76521,3653797,5740037,0,0,0,997,1000,1399,1400,6516461
MPCTASK: EXP,3,144,7190,161,-860,418,282,364,-148,-980,1075,-935,147,-1311,436,85,-515,436,-311,-225,2263,69,300,1,3,3,15,3,1,1,0,0,0,5,20866,9385,31043,1595439,0,1731,83257,3547109,5277337,0,0,0,996,1000,1399,1400,6516461
MPCTASK: EXP,3,146,7292,174,-786,405,103,592,-71,-619,979,-626,272,-1252,436,13,-378,436,-308,-243,2158,69,300,1,3,3,15,3,1,1,0,0,0,5,19320,11420,32083,1941372,0,1732,144085,3284242,5454205,0,0,0,995,1000,1399,1400,6516461
MPCTASK: EXP,3,148,7394,181,-714,406,-59,709,9,-402,975,-295,362,-1167,436,-57,-271,436,-293,-208,2166,69,300,1,3,3,15,3,1,1,0,0,0,5,24768,9459,34809,1608012,0,2603,75054,4210421,5917587,0,0,0,995,1000,1399,1400,6516461
MPCTASK: EXP,3,150,7489,180,-647,410,-207,757,16,-293,989,0,408,-1057,436,-118,-186,436,-289,-132,2217,69,300,1,3,3,15,3,1,1,0,0,0,5,20800,8469,30399,1439682,0,1731,168696,3536027,5167848,0,0,0,995,1000,1399,1400,6516461
MPCTASK: EXP,3,152,7591,160,-563,419,-361,807,25,-294,996,248,406,-924,436,-186,-80,436,-280,-95,2072,69,300,1,3,3,15,3,1,1,0,0,0,5,21498,9147,31704,1554868,0,1731,156462,3654585,5389832,0,0,0,995,1000,1399,1400,6516461
MPCTASK: EXP,3,154,7693,139,-490,424,-486,826,15,-305,891,416,354,-772,436,-227,3,436,-275,-13,1430,69,300,1,3,3,15,3,1,1,0,0,0,5,19667,12540,33616,2131781,0,1731,217097,3343187,5714848,0,0,0,994,1000,1399,1400,6516461
MPCTASK: EXP,3,156,7792,93,-427,426,-610,830,-7,-335,759,487,260,-605,436,-277,73,436,-275,-53,1505,69,300,1,3,3,15,3,1,1,0,0,0,5,25035,7243,33231,1231160,0,1731,139764,4255889,5649467,0,0,0,992,1000,1399,1400,6516461
MPCTASK: EXP,3,158,7891,44,-366,424,-691,831,-12,-281,497,509,131,-427,436,-293,129,436,-277,-108,1571,69,300,1,3,3,15,3,1,1,0,0,0,5,20910,11086,32517,1884656,0,1731,65426,3554641,5528004,0,0,0,990,1000,1399,1400,6516461
MPCTASK: EXP,3,160,7992,-6,-285,425,-712,859,9,-195,185,583,-18,-243,436,-285,204,436,-274,-72,1392,69,300,1,3,3,15,3,1,1,0,0,0,5,21889,9307,31842,1582076,0,1731,87321,3721133,5413279,0,0,0,987,1000,1399,1400,6516461
MPCTASK: EXP,3,162,8090,-67,-220,425,-712,825,-10,14,18,622,-176,-56,436,-287,232,436,-276,-41,1299,69,300,1,3,3,15,3,1,1,0,0,0,5,21862,7198,30554,1223597,0,1731,231966,3716361,5194179,0,0,0,987,1000,1399,1400,6516461
MPCTASK: EXP,3,164,8187,-125,-169,427,-680,761,23,36,-55,719,-324,128,436,-290,247,436,-272,2,769,69,300,1,3,3,15,3,1,1,0,0,0,5,20963,6989,28229,1187952,0,1731,24074,3563745,4799164,0,0,0,989,1000,1399,1400,6516461
MPCTASK: EXP,3,166,8295,-181,-108,429,-633,721,13,132,-331,808,-450,306,436,-270,271,436,-270,-95,1456,69,300,1,3,3,15,3,1,1,0,0,0,5,22291,12315,35886,2093478,0,1731,89296,3789454,6100648,0,0,0,992,1000,1399,1400,6516461
MPCTASK: EXP,3,168,8393,-251,-69,433,-559,639,12,205,-858,608,-540,472,436,-234,257,436,-266,-179,2047,69,300,1,3,3,15,3,1,1,0,0,0,5,23710,9447,33786,1605840,0,63340,23294,4030565,5743588,0,0,0,994,1000,1399,1400,6516461
MPCTASK: EXP,3,170,8494,-314,-34,440,-412,563,23,125,-1246,321,-586,623,436,-207,256,436,-259,-255,2187,69,300,1,3,3,15,3,1,1,0,0,0,5,21942,11929,34243,2027964,0,1731,23120,3729925,5821420,0,0,0,996,1000,1399,1400,6516461
MPCTASK: EXP,3,172,8591,-344,-2,446,-188,510,1,5,-1371,81,-583,755,436,-149,253,436,-253,-173,2307,69,300,1,3,3,15,3,1,1,0,0,0,5,21884,9587,31965,1629686,0,39969,23290,3720333,5434239,0,0,0,997,1000,1399,1400,6516461
MPCTASK: EXP,3,174,8693,-351,27,441,34,474,-51,-119,-1225,-71,-531,864,436,-105,256,436,-268,-177,2300,69,300,1,3,3,15,3,1,1,0,0,0,5,21091,10906,32650,1853955,0,1731,23120,3585302,5550531,0,0,0,998,1000,1399,1400,6516461
MPCTASK: EXP,3,176,8791,-336,62,432,245,455,-51,-5,-1128,-233,-437,949,436,-50,247,436,-278,-136,2284,69,300,1,3,3,15,3,1,1,0,0,0,5,20698,10171,31202,1728964,0,2607,32829,3518709,5304272,0,0,0,998,1000,1399,1400,6516461
MPCTASK: EXP,3,178,8891,-297,88,420,445,398,-35,122,-863,-297,-308,1006,436,-6,211,436,-286,-206,2129,69,300,1,3,3,15,3,1,1,0,0,0,5,19601,11272,31559,1916229,0,1731,94134,3332118,5365083,0,0,0,998,1000,1399,1400,6516461
MPCTASK: EXP,3,180,8995,-245,110,416,568,331,2,208,-430,-277,-158,1035,436,8,175,436,-283,-142,1625,69,300,1,3,3,15,3,1,1,0,0,0,5,25505,10085,36107,1714417,0,1731,23120,4335797,6138335,0,0,0,999,1000,1399,1400,6516461
MPCTASK: EXP,3,182,9093,-163,140,415,655,281,12,397,-85,-319,-1,1034,436,47,142,436,-284,-126,1582,69,300,1,3,3,15,3,1,1,0,0,0,5,20674,11151,32749,1895570,0,1731,87958,3514506,5567395,0,0,0,999,1000,1399,1400,6516461
MPCTASK: EXP,3,184,9195,-110,148,423,601,167,78,493,481,-381,147,1005,436,-10,85,436,-276,-142,1384,69,300,1,3,3,15,3,1,1,0,0,0,5,25059,10062,35691,1710343,0,1731,74764,4260021,6067580,0,0,0,999,1000,1399,1400,6516461
MPCTASK: EXP,3,186,9295,-63,155,435,465,84,95,488,860,-380,272,947,436,-67,28,436,-264,-188,1901,69,300,1,3,3,15,3,1,1,0,0,0,5,22835,12298,35877,2090589,0,1731,64577,3881717,6099078,0,0,0,999,1000,1399,1400,6935979
MPCTASK: EXP,3,188,9394,-36,157,451,261,9,89,352,1377,-402,362,862,436,-181,8,436,-248,-291,2164,69,300,1,3,3,15,3,1,1,0,0,0,5,26113,7330,34684,1245976,0,1905,187554,4439042,5896334,0,0,0,998,1000,1399,1400,6935979
MPCTASK: EXP,3,190,9494,-39,155,460,-41,-22,57,258,1699,-455,407,752,436,-315,-21,436,-239,-312,2323,69,300,1,3,3,15,3,1,1,0,0,0,5,22008,11516,34502,1957782,0,1731,102828,3741238,5865436,0,0,0,998,1000,1399,1400,6935979
MPCTASK: EXP,3,192,9598,-75,147,463,-338,-79,25,674,1158,-431,404,620,436,-385,-115,436,-236,-211,2162,69,300,1,3,3,15,3,1,1,0,0,0,5,26418,9584,38092,1629170,0,1731,128708,4490949,6475564,0,0,0,998,1000,1399,1400,6935979
MPCTASK: EXP,3,194,9692,-123,117,456,-522,-222,-33,776,690,-398,352,469,436,-432,-207,436,-250,-59,1532,69,300,1,3,3,15,3,1,1,0,0,0,5,21896,9368,32345,1592489,0,1843,161496,3722194,5498699,0,0,0,998,1000,1399,1400,6935979
MPCTASK: EXP,3,196,9792,-199,105,451,-626,-342,-36,990,15,-273,258,302,436,-457,-287,436,-256,-210,2133,69,300,1,3,3,15,3,1,1,0,0,0,5,20949,11256,33198,1913493,0,1731,87684,3561305,5643795,0,0,0,997,1000,1399,1400,6935979
MPCTASK: EXP,3,198,9894,-260,75,449,-600,-493,-27,1013,-327,-239,129,123,436,-455,-374,436,-255,-1,1843,69,300,1,3,3,15,3,1,1,0,0,0,5,22154,11100,33754,1886928,0,1731,61114,3766153,5738267,0,0,0,997,1000,1399,1400,6935979
MPCTASK: EXP,3,200,9996,-298,14,448,-501,-665,-43,951,-582,-328,-19,-62,436,-401,-482,436,-259,-25,1889,69,300,1,3,3,15,3,1,1,0,0,0,5,23380,11093,35010,1885852,0,1731,67799,3974396,5951821,0,0,0,996,1000,1399,1400,6935979
MPCTASK: EXP,3,202,10094,-332,-66,442,-389,-833,-71,717,-688,-442,-174,-251,436,-352,-586,436,-271,-99,1924,69,300,1,3,3,15,3,1,1,0,0,0,5,20915,11050,33185,1878448,0,1731,23120,3555361,5641544,0,0,0,995,1000,1399,1400,6935979
MPCTASK: EXP,3,204,10194,-352,-157,436,-254,-949,-20,322,-689,-455,-320,-438,436,-291,-652,436,-267,-168,1772,69,300,1,3,3,15,3,1,1,0,0,0,5,24463,8140,33123,1383790,0,1731,65417,4158653,5631031,0,0,0,995,1000,1399,1400,6935979
MPCTASK: EXP,3,206,10294,-367,-259,435,-124,-1006,15,219,-738,-467,-442,-620,436,-237,-741,436,-264,-102,1625,69,300,1,3,3,15,3,1,1,0,0,0,5,19742,10972,31590,1865241,0,42466,24647,3356073,5370472,0,0,0,995,1000,1399,1400,6935979
MPCTASK: EXP,3,208,10400,-376,-348,443,9,-1015,18,24,-913,-426,-529,-791,436,-178,-780,436,-256,-141,2086,69,300,1,3,3,15,3,1,1,0,0,0,5,27854,8434,37001,1433699,0,1731,98561,4735102,6290115,0,0,0,996,1000,1399,1400,6935979
MPCTASK: EXP,3,210,10492,-379,-427,444,127,-952,-26,-499,-794,-289,-571,-946,436,-157,-740,436,-260,-132,1852,69,300,1,3,3,15,3,1,1,0,0,0,5,19586,9187,30007,1561638,0,1731,187060,3329469,5101216,0,0,0,996,1000,1399,1400,6935979
MPCTASK: EXP,3,212,10596,-372,-488,445,227,-787,-26,-868,-621,-232,-566,-1081,436,-139,-682,436,-260,-56,1712,69,300,1,3,3,15,3,1,1,0,0,0,5,24256,9063,34155,1540524,0,2129,24271,4123477,5806487,0,0,0,997,1000,1399,1400,6935979
MPCTASK: EXP,3,214,10696,-356,-542,439,311,-603,-52,-905,-549,-154,-516,-1189,436,-126,-632,436,-270,-25,1760,69,300,1,3,3,15,3,1,1,0,0,0,5,20651,11134,32562,1892795,0,25237,24663,3510669,5535740,0,0,0,997,1000,1399,1400,6935979
MPCTASK: EXP,3,216,10800,-332,-569,434,382,-395,-55,-976,-461,11,-427,-1268,436,-120,-546,436,-276,-169,2203,69,300,1,3,3,15,3,1,1,0,0,0,5,26312,10149,36909,1725304,0,1731,51880,4473105,6274584,0,0,0,997,1000,1399,1400,6935979
MPCTASK: EXP,3,218,10894,-294,-571,427,436,-170,-52,-959,-241,218,-311,-1310,436,-117,-448,436,-282,-173,2202,69,300,1,3,3,15,3,1,1,0,0,0,5,20065,10166,31041,1728066,0,1731,115186,3410909,5277023,0,0,0,997,1000,1399,1400,6935979
MPCTASK: EXP,3,220,11001,-262,-555,422,432,41,-12,-800,-8,359,-182,-1314,436,-133,-365,436,-280,-149,2020,69,300,1,3,3,15,3,1,1,0,0,0,5,26616,11016,38097,1872719,0,1852,55982,4524793,6476592,0,0,0,997,1000,1399,1400,6935979
MPCTASK: EXP,3,222,11101,-228,-512,421,400,227,10,-667,150,479,-57,-1276,436,-137,-277,436,-278,-119,1645,69,300,1,3,3,15,3,1,1,0,0,0,5,25187,10924,36763,1856933,0,1731,88897,4281757,6250178,0,0,0,997,1000,1399,1400,6935979
MPCTASK: EXP,3,224,11199,-193,-484,422,336,325,24,-469,420,608,48,-1196,436,-144,-253,436,-277,-56,1178,69,300,1,3,3,15,3,1,1,0,0,0,5,24511,11019,35909,1873090,0,1731,23120,4166697,6104531,0,0,0,997,1000,1399,1400,6935979
MPCTASK: EXP,3,226,11296,-177,-442,432,224,394,56,-318,511,725,121,-1077,436,-156,-238,436,-267,-31,1021,69,300,1,3,3,15,3,1,1,0,0,0,5,21771,10902,32941,1853321,0,1731,23120,3701014,5600175,0,0,0,997,1000,1399,1400,6935979
MPCTASK: EXP,3,228,11399,-171,-387,433,108,449,15,-98,577,838,155,-925,436,-176,-229,436,-266,-153,1539,69,300,1,3,3,15,3,1,1,0,0,0,5,22366,10534,35888,1790752,0,1732,115030,3802133,6101049,0,0,0,997,1000,1399,1400,6935979
MPCTASK: EXP,3,230,11496,-168,-337,437,15,434,23,193,435,969,148,-752,436,-174,-217,436,-262,-35,1067,69,300,1,3,3,15,3,1,1,0,0,0,5,20214,11857,32505,2015595,0,1731,23120,3436229,5525899,0,0,0,996,1000,1399,1400,6935979
MPCTASK: EXP,3,232,11596,-195,-294,441,-95,383,35,338,389,1100,107,-573,436,-216,-207,436,-258,-37,1061,69,300,1,3,3,15,3,1,1,0,0,0,5,22059,9214,32573,1566339,0,1731,121897,3749817,5537452,0,0,0,995,1000,1399,1400,6935979
MPCTASK: EXP,3,234,11695,-214,-264,448,-144,295,48,576,188,1209,46,-408,437,-239,-195,437,-251,-93,1391,69,300,1,3,3,15,3,1,1,0,0,0,5,22275,8991,31531,1528229,0,1731,23120,3786734,5360408,0,0,0,993,1000,1399,1400,6935979
MPCTASK: EXP,3,236,11795,-215,-266,453,-104,147,23,583,-54,1229,-17,-275,436,-241,-175,436,-246,31,830,69,300,1,3,3,15,3,1,1,0,0,0,5,22541,8899,31722,1512770,0,1731,24071,3831946,5392849,0,0,0,991,1000,1399,1400,6935979
MPCTASK: EXP,3,238,11901,-217,-239,450,-62,91,-42,437,-94,1209,-64,-191,436,-272,-66,436,-257,-41,1283,69,300,1,3,3,15,3,1,1,0,0,0,5,24880,11325,36849,1925098,0,1731,87451,4229402,6264436,0,0,0,990,1000,1399,1400,6935979
MPCTASK: EXP,3,240,11996,-237,-253,445,-69,10,-39,-66,-121,1129,-86,-156,436,-309,10,436,-262,-52,1175,69,300,1,3,2,15,3,1,1,0,0,0,5,22779,9950,32997,1691401,0,1731,23120,3872345,5609563,0,0,0,989,1000,1399,1400,6935979
MPCTASK: EXP,3,242,12100,-254,-274,442,-77,24,-3,-641,-69,962,-88,-153,436,-314,68,436,-258,-46,1264,69,300,1,3,3,15,3,1,1,0,0,0,5,20059,16040,36800,2726664,0,1731,24272,3409849,6255965,0,0,0,990,1000,1399,1400,6935979
MPCTASK: EXP,3,244,12195,-282,-280,446,-133,139,11,-1045,-42,828,-93,-145,436,-296,92,436,-253,-227,2122,69,300,1,3,3,15,3,1,1,0,0,0,5,21414,9377,31564,1593999,0,1731,84989,3640369,5365952,0,0,0,991,1000,1399,1400,6935979
MPCTASK: EXP,3,246,12300,-320,-270,449,-184,304,-32,-1248,-212,729,-118,-99,436,-285,138,436,-257,-191,2278,69,300,1,3,3,15,3,1,1,0,0,0,5,24313,11090,36469,1885135,0,18933,57926,4133190,6199729,0,0,0,992,1000,1399,1400,6935979
MPCTASK: EXP,3,248,12396,-355,-242,447,-187,499,-52,-1192,-488,630,-165,0,436,-250,186,436,-263,-275,2187,69,300,1,3,3,15,3,1,1,0,0,0,5,22099,9649,32961,1640213,0,1731,121394,3756657,5603411,0,0,0,993,1000,1399,1400,6935979
MPCTASK: EXP,3,250,12497,-390,-183,442,-127,686,-48,-807,-895,437,-221,144,436,-200,242,436,-267,-132,2057,69,300,1,3,3,15,3,1,1,0,0,0,5,22670,10189,33908,1732005,0,1742,24666,3853733,5764356,0,0,0,994,1000,1399,1400,6935979
MPCTASK: EXP,3,252,12601,-399,-104,441,39,809,-21,-386,-1098,260,-268,318,436,-133,292,436,-262,-243,2144,69,300,1,3,3,15,3,1,1,0,0,0,5,26096,9656,36408,1641382,0,1731,23120,4436206,6189477,0,0,0,995,1000,1399,1400,6935979
MPCTASK: EXP,3,254,12698,-393,-35,439,224,830,-16,-70,-1167,144,-289,499,436,-68,312,436,-263,-256,2169,69,300,1,3,3,15,3,1,1,0,0,0,5,22147,10389,33257,1766157,0,1731,100206,3765009,5653799,0,0,0,996,1000,1399,1400,6935979
MPCTASK: EXP,3,256,12793,-366,24,435,402,780,-26,219,-1015,58,-274,669,436,-15,301,436,-269,-182,2189,69,300,1,3,3,15,3,1,1,0,0,0,5,20545,8045,29127,1367575,0,1731,23120,3492425,4951725,0,0,0,997,1000,1399,1400,6935979
MPCTASK: EXP,3,258,12901,-314,83,431,579,688,-7,497,-863,-30,-220,812,436,45,274,436,-269,-186,2127,69,300,1,3,3,15,3,1,1,0,0,0,5,21815,12566,37074,2136133,0,91352,238977,3708489,6302724,0,0,0,997,1000,1399,1400,6935979
MPCTASK: EXP,3,260,12997,-253,121,430,700,537,8,651,-547,-178,-130,918,436,76,220,436,-269,-146,1716,69,300,1,3,3,15,3,1,1,0,0,0,5,21851,10030,32396,1704814,0,1731,65369,3714605,5507370,0,0,0,998,1000,1399,1400,6935979
MPCTASK: EXP,3,262,13098,-174,167,432,774,409,30,741,-183,-284,-17,981,436,95,186,436,-267,-164,1701,69,300,1,3,3,15,3,1,1,0,0,0,5,21619,10079,32484,1713382,0,1731,46935,3675173,5522325,0,0,0,998,1000,1399,1400,6935979
MPCTASK: EXP,3,264,13196,-101,176,437,757,235,27,710,285,-305,105,1000,436,75,121,436,-262,-124,1500,69,300,1,3,3,15,3,1,1,0,0,0,5,21771,8603,30997,1462488,0,60963,23289,3700921,5269532,0,0,0,998,1000,1399,1400,6935979
MPCTASK: EXP,3,266,13299,-30,163,439,661,75,10,585,761,-319,222,977,436,44,40,436,-260,-67,1518,69,300,1,3,3,15,3,1,1,0,0,0,5,19878,12350,34039,2099490,0,2027,233323,3379145,5786661,0,0,0,998,1000,1399,1400,6935979
MPCTASK: EXP,3,268,13400,19,163,441,488,-32,14,694,983,-310,317,915,436,-12,-27,436,-258,-118,2177,69,300,1,3,3,15,3,1,1,0,0,0,5,23262,9142,32966,1554043,0,1731,24460,3954473,5604159,0,0,0,998,1000,1399,1400,6935979
MPCTASK: EXP,3,270,13502,55,161,448,280,-122,26,564,1388,-379,377,819,436,-106,-62,436,-251,-304,2196,69,300,1,3,3,15,3,1,1,0,0,0,5,23439,12066,35951,2051059,0,1731,37606,3984645,6111755,0,0,0,998,1000,1399,1400,7208792
MPCTASK: EXP,3,272,13605,95,158,455,38,-148,69,279,1668,-482,395,694,436,-170,-71,436,-244,-300,2312,69,300,1,3,3,15,3,1,1,0,0,0,5,26962,11458,39086,1947786,0,1887,23120,4583493,6644791,0,0,0,998,1000,1399,1400,7208792
MPCTASK: EXP,3,274,13700,76,107,459,-244,-259,22,564,1342,-493,366,546,436,-245,-194,436,-240,-232,2242,69,300,1,3,3,15,3,1,1,0,0,0,5,22217,10588,33909,1799866,0,1731,164821,3776749,5764691,0,0,0,998,1000,1399,1400,7208792
MPCTASK: EXP,3,276,13804,50,60,457,-446,-370,-1,611,996,-547,292,380,436,-282,-295,436,-242,-213,2118,69,300,1,3,3,15,3,1,1,0,0,0,5,25572,10517,37115,1787806,0,2589,23432,4347057,6309498,0,0,0,997,1000,1399,1400,7208792
MPCTASK: EXP,3,278,13903,-28,16,457,-641,-480,9,660,486,-581,180,201,436,-347,-376,436,-242,-149,1578,69,300,1,3,3,15,3,1,1,0,0,0,5,24408,11590,36848,1970188,0,1731,40777,4149164,6264330,0,0,0,996,1000,1399,1400,7208792
MPCTASK: EXP,3,280,13999,-88,-22,458,-682,-558,3,708,-103,-694,40,14,436,-321,-460,436,-241,29,1263,69,300,1,3,3,15,3,1,1,0,0,0,5,23500,8911,32952,1514734,0,1731,68519,3995045,5601772,0,0,0,995,1000,1399,1400,7208792
MPCTASK: EXP,3,282,14100,-182,-78,463,-679,-696,0,916,-735,-796,-113,-174,436,-327,-566,436,-236,-195,2109,69,300,1,3,3,15,3,1,1,0,0,0,5,20494,11520,33973,1958265,0,1731,278923,3483865,5775568,0,0,0,993,1000,1399,1400,7208792
MPCTASK: EXP,3,284,14201,-225,-148,468,-510,-832,-22,671,-1173,-1029,-265,-362,436,-240,-657,436,-235,-158,2206,69,300,1,3,3,15,3,1,1,0,0,0,5,22661,10433,34168,1773542,0,1731,24277,3852297,5808648,0,0,0,993,1000,1399,1400,7208792
MPCTASK: EXP,3,286,14298,-249,-248,468,-289,-996,-9,471,-1418,-1284,-401,-544,436,-135,-778,436,-233,-187,2289,69,300,1,3,3,15,3,1,1,0,0,0,5,20005,8329,30310,1415827,0,1731,47646,3400829,5152826,0,0,0,994,1000,1399,1400,7208792
MPCTASK: EXP,3,288,14402,-257,-321,468,-41,-1056,-7,207,-1427,-1285,-506,-716,436,-39,-819,436,-233,-268,2219,69,300,1,3,3,15,3,1,1,0,0,0,5,23084,8664,33421,1472732,0,1731,208815,3924281,5681656,0,0,0,995,1000,1399,1400,7208792
MPCTASK: EXP,3,290,14502,-213,-441,461,233,-1121,-59,-312,-1042,-1064,-571,-873,436,65,-879,436,-250,59,2239,69,300,1,3,3,15,3,1,1,0,0,0,5,21386,11370,33267,1932719,0,1731,23120,3635657,5655610,0,0,0,996,1000,1399,1400,7208792
MPCTASK: EXP,3,292,14601,-163,-528,448,407,-1003,-90,-867,-449,-747,-588,-1013,436,128,-845,436,-269,-90,2093,69,300,1,3,3,15,3,1,1,0,0,0,5,22314,8867,32248,1507216,0,1731,159007,3793245,5482157,0,0,0,997,1000,1399,1400,7208792
MPCTASK: EXP,3,294,14700,-102,-588,438,505,-771,-101,-1216,-170,-396,-557,-1131,436,184,-773,436,-281,-312,2223,69,300,1,3,3,15,3,1,1,0,0,0,5,21030,8442,31931,1435049,0,1731,245636,3575113,5428452,0,0,0,997,1000,1399,1400,7208792
MPCTASK: EXP,3,296,14800,-49,-613,428,533,-474,-83,-1251,-43,-110,-479,-1225,436,214,-671,436,-288,-256,2325,69,300,1,3,3,15,3,1,1,0,0,0,5,20784,10392,31445,1766604,0,1731,23120,3533273,5345684,0,0,0,997,1000,1399,1400,7208792
MPCTASK: EXP,3,298,14901,11,-620,419,548,-212,-56,-997,39,47,-363,-1293,436,235,-589,436,-291,-233,2169,69,300,1,3,3,15,3,1,1,0,0,0,5,20030,9929,30474,1687757,0,1731,65415,3404889,5180659,0,0,0,997,1000,1399,1400,7208792
MPCTASK: EXP,3,300,15004,70,-598,416,536,6,-21,-721,216,111,-220,-1333,436,236,-492,436,-288,-152,1937,69,300,1,3,3,15,3,1,1,0,0,0,5,23903,9080,33587,1543380,0,1731,81029,4063310,5710023,0,0,0,998,1000,1399,1400,7208792
MPCTASK: EXP,3,302,15105,115,-563,415,475,166,13,-457,344,105,-64,-1344,436,210,-402,436,-284,-93,1422,69,300,1,3,3,15,3,1,1,0,0,0,5,23599,10091,34224,1715370,0,1731,53667,4011868,5818128,0,0,0,998,1000,1399,1400,7208792
MPCTASK: EXP,3,304,15204,165,-524,418,409,261,26,-287,569,124,89,-1326,436,176,-327,436,-281,-112,1514,69,300,1,3,3,15,3,1,1,0,0,0,5,24593,9043,34151,1537187,0,1731,23120,4180729,5805746,0,0,0,998,1000,1399,1400,7208792
MPCTASK: EXP,3,306,15304,220,-499,426,330,289,41,-193,778,149,226,-1279,436,154,-278,436,-273,-63,1436,69,300,1,3,3,15,3,1,1,0,0,0,5,21458,10317,32746,1753659,0,1731,84794,3647741,5567051,0,0,0,998,1000,1399,1400,7208792
MPCTASK: EXP,3,308,15404,287,-457,432,252,343,31,-278,1034,165,331,-1204,436,134,-193,436,-267,-226,2131,69,300,1,3,3,15,3,1,1,0,0,0,5,21476,11327,33523,1925527,0,1731,100207,3650893,5698956,0,0,0,998,1000,1399,1400,7208792
MPCTASK: EXP,3,310,15502,296,-410,434,47,406,-2,-289,1197,156,396,-1103,436,51,-108,436,-265,-47,2281,69,300,1,3,3,15,3,1,1,0,0,0,5,21398,9897,31562,1682307,0,1731,23120,3637713,5365605,0,0,0,998,1000,1399,1400,7208792
MPCTASK: EXP,3,312,15602,305,-361,435,-125,453,-9,-219,1102,207,412,-979,436,8,-39,436,-266,-32,2167,69,300,1,3,3,15,3,1,1,0,0,0,5,22122,9287,32208,1578803,0,1731,95468,3760637,5475479,0,0,0,998,1000,1399,1400,7208792
MPCTASK: EXP,3,314,15704,281,-313,430,-321,484,-39,-229,1102,382,380,-835,436,-70,27,436,-277,-166,2253,69,300,1,3,3,15,3,1,1,0,0,0,5,21570,11659,33748,1981983,0,1731,23120,3666841,5737358,0,0,0,997,1000,1399,1400,7208792
MPCTASK: EXP,3,316,15804,217,-256,425,-552,529,-21,-319,936,708,302,-674,436,-169,110,436,-278,-218,2138,69,300,1,3,3,15,3,1,1,0,0,0,5,22498,9563,33105,1625643,0,1731,131317,3824661,5627895,0,0,0,996,1000,1399,1400,7208792
MPCTASK: EXP,3,318,15900,154,-221,426,-713,528,33,-236,728,1022,186,-500,436,-235,138,436,-273,-172,1831,69,300,1,3,3,15,3,1,1,0,0,0,5,19664,9122,29578,1550525,0,1854,112459,3342869,5028405,0,0,0,994,1000,1399,1400,7208792
MPCTASK: EXP,3,320,16005,77,-186,432,-811,510,54,-162,226,1046,42,-317,436,-241,175,436,-267,-38,925,69,300,1,3,3,15,3,1,1,0,0,0,5,23887,10328,34936,1755777,0,1731,100131,4060665,5939299,0,0,0,992,1000,1399,1400,7208792
MPCTASK: EXP,3,322,16101,22,-180,432,-768,459,2,-289,-152,799,-113,-130,436,-225,172,436,-267,-104,1537,69,300,1,3,3,15,3,1,1,0,0,0,5,19203,10653,30608,1810930,0,1731,105655,3264458,5203371,0,0,0,990,1000,1399,1400,7208792
MPCTASK: EXP,3,324,16204,-65,-153,435,-743,486,17,-394,-634,453,-267,55,436,-205,203,436,-264,58,1037,69,300,1,3,3,15,3,1,1,0,0,0,5,23463,9545,33936,1622617,0,1731,135278,3988585,5769215,0,0,0,992,1000,1399,1400,7208792
MPCTASK: EXP,3,326,16304,-150,-129,445,-629,501,63,-353,-1074,50,-403,236,436,-178,226,436,-254,-129,2187,69,300,1,3,3,15,3,1,1,0,0,0,5,21215,12120,34151,2060342,0,1731,115989,3606489,5805751,0,0,0,993,1000,1399,1400,7208792
MPCTASK: EXP,3,328,16403,-204,-88,454,-420,535,45,-351,-1450,-259,-509,407,436,-110,255,436,-245,-290,2223,69,300,1,3,3,15,3,1,1,0,0,0,5,21390,10380,32539,1764572,0,1732,108248,3636281,5531799,0,0,0,995,1000,1399,1400,7208792
MPCTASK: EXP,3,330,16506,-219,-45,456,-146,547,-31,-338,-1417,-430,-573,565,436,-23,279,436,-249,-283,2291,69,300,1,3,3,15,3,1,1,0,0,0,5,21941,11284,33893,1918259,0,1737,90713,3729862,5761797,0,0,0,996,1000,1399,1400,7208792
MPCTASK: EXP,3,332,16602,-210,0,444,99,573,-89,-362,-1141,-572,-590,705,436,47,312,436,-273,-203,2294,69,300,1,3,3,15,3,1,1,0,0,0,5,21119,9214,30784,1566331,0,15334,40109,3590273,5233403,0,0,0,997,1000,1399,1400,7208792
MPCTASK: EXP,3,334,16710,-172,40,424,338,558,-86,-79,-1036,-665,-558,823,436,143,296,436,-292,-174,2271,69,300,1,3,3,15,3,1,1,0,0,0,5,26983,10569,39094,1796604,0,96105,144203,4587067,6645984,0,0,0,997,1000,1399,1400,7208792
MPCTASK: EXP,3,336,16803,-109,113,414,562,571,-21,85,-841,-707,-480,918,436,233,324,436,-289,-204,2125,69,300,1,3,3,15,3,1,1,0,0,0,5,21390,9543,31675,1622349,0,1732,73653,3636266,5384855,0,0,0,998,1000,1399,1400,7208792
MPCTASK: EXP,3,338,16904,-44,142,414,689,489,28,240,-460,-633,-363,986,436,264,285,436,-285,-142,1451,69,300,1,3,3,15,3,1,1,0,0,0,5,20961,10785,32704,1833489,0,1731,117019,3563326,5559749,0,0,0,998,1000,1399,1400,7208792
MPCTASK: EXP,3,340,17003,54,164,419,768,375,52,333,93,-488,-220,1027,436,299,238,436,-280,-112,1283,69,300,1,3,3,15,3,1,1,0,0,0,5,23399,8130,32030,1381980,0,1731,60804,3977713,5445111,0,0,0,998,1000,1399,1400,7208792
MPCTASK: EXP,3,342,17103,139,183,427,731,291,49,362,572,-323,-63,1038,436,287,196,436,-272,-145,1431,69,300,1,3,3,15,3,1,1,0,0,0,5,21990,9166,32027,1558138,0,1731,125645,3738197,5444695,0,0,0,998,1000,1399,1400,7208792
MPCTASK: EXP,3,344,17204,190,202,434,568,218,24,396,994,-138,89,1020,436,212,161,436,-265,-217,2126,69,300,1,3,3,15,3,1,1,0,0,0,5,22738,9416,32974,1600618,0,1731,116956,3865357,5605653,0,0,0,998,1000,1399,1400,7208792
MPCTASK: EXP,3,346,17303,296,209,438,486,131,1,492,1253,-3,226,973,436,227,98,436,-261,-285,2169,69,300,1,3,3,15,3,1,1,0,0,0,5,19717,9631,30494,1637157,0,2640,23432,3351948,5184021,0,0,0,998,1000,1399,1400,7208792
MPCTASK: EXP,3,348,17406,325,213,436,245,28,-27,533,1401,101,331,898,436,141,45,436,-269,-176,2364,69,300,1,3,3,15,3,1,1,0,0,0,5,22899,9541,33952,1621859,0,48460,109958,3892669,5771892,0,0,0,998,1000,1399,1400,7208792
MPCTASK: EXP,3,350,17506,347,241,429,20,-18,-50,606,1476,143,396,797,436,63,23,436,-280,-312,2370,69,300,1,3,3,15,3,1,1,0,0,0,5,21080,11835,33555,2011857,0,1885,23120,3583605,5704463,0,0,0,998,1000,1399,1400,7208792
MPCTASK: EXP,3,352,17607,325,237,424,-254,-141,-35,726,1317,107,413,673,436,-34,-48,436,-282,-268,2285,69,300,1,3,3,15,3,1,1,0,0,0,5,24535,9417,35069,1600823,0,1732,165970,4170829,5961786,0,0,0,997,1000,1399,1400,7208792
MPCTASK: EXP,3,354,17705,307,215,419,-433,-286,-14,793,1047,32,380,529,436,-81,-137,436,-283,-129,2240,69,300,1,3,3,15,3,1,1,0,0,0,5,20866,10797,32092,1835424,0,1731,49404,3547223,5455690,0,0,0,996,1000,1399,1400,7208792
MPCTASK: EXP,3,356,17803,276,155,418,-570,-465,23,733,777,-49,302,368,436,-116,-257,436,-281,-50,1363,69,300,1,3,3,15,3,1,1,0,0,0,5,21253,8923,30442,1516942,0,1731,23120,3612817,5175210,0,0,0,995,1000,1399,1400,7208792
MPCTASK: EXP,3,358,17902,213,105,420,-689,-578,33,606,568,-66,186,194,436,-160,-332,436,-279,-146,1627,69,300,1,3,3,15,3,1,1,0,0,0,5,18992,10392,29868,1766507,0,1732,59505,3228593,5077628,0,0,0,994,1000,1399,1400,7208792
MPCTASK: EXP,3,360,18005,158,87,425,-724,-595,56,506,161,-31,42,11,436,-152,-352,436,-274,-140,1523,69,300,1,3,3,15,3,1,1,0,0,0,5,22402,10187,33223,1731582,0,1839,84852,3808225,5648132,0,0,0,993,1000,1399,1400,7208792
MPCTASK: EXP,3,362,18106,80,30,434,-719,-670,70,525,-169,-66,-113,-175,436,-152,-425,436,-265,-146,1419,69,300,1,3,3,15,3,1,1,0,0,0,5,20888,10422,31942,1771707,0,1733,23284,3550873,5430394,0,0,0,993,1000,1399,1400,7208792
MPCTASK: EXP,3,364,18206,7,-43,443,-675,-755,51,418,-476,-163,-267,-361,436,-149,-508,436,-256,-81,1297,69,300,1,3,3,15,3,1,1,0,0,0,5,20326,10836,32167,1842087,0,1840,55594,3455252,5468330,0,0,0,994,1000,1399,1400,7208792
MPCTASK: EXP,3,366,18301,-31,-124,448,-548,-813,-8,240,-603,-297,-403,-542,436,-100,-579,436,-252,39,873,69,300,1,3,3,15,3,1,1,0,0,0,5,19397,7455,28033,1267222,0,30079,149819,3297497,4765636,0,0,0,996,1000,1399,1400,7208792
MPCTASK: EXP,3,368,18405,-72,-180,448,-450,-816,-44,220,-666,-403,-509,-713,436,-78,-615,436,-260,-71,1592,69,300,1,3,3,15,3,1,1,0,0,0,5,21700,9013,31861,1532200,0,1731,65611,3688897,5416560,0,0,0,996,1000,1399,1400,7208792
MPCTASK: EXP,3,370,18509,-128,-252,445,-333,-814,20,-67,-804,-714,-573,-871,436,-62,-639,436,-254,-162,1913,69,300,1,3,3,15,3,1,1,0,0,0,5,23833,10269,35073,1745735,0,2634,53667,4051462,5962479,0,0,0,997,1000,1399,1400,7208792
MPCTASK: EXP,3,372,18608,-172,-322,457,-209,-787,121,-184,-927,-1021,-590,-1011,436,-43,-666,436,-242,-135,1865,69,300,1,3,3,15,3,1,1,0,0,0,5,24375,9300,34735,1580909,0,1765,47273,4143713,5904982,0,0,0,997,1000,1399,1400,7208792
MPCTASK: EXP,3,374,18705,-201,-380,470,-61,-772,115,96,-1227,-1089,-558,-1130,436,-3,-718,436,-229,-124,2207,69,300,1,3,3,15,3,1,1,0,0,0,5,22540,8546,31935,1452604,0,1732,121997,3831673,5429009,0,0,0,998,1000,1399,1400,7208792
MPCTASK: EXP,3,376,18807,-218,-445,484,73,-800,62,-95,-1219,-966,-480,-1224,436,4,-727,436,-215,-36,2208,69,300,1,3,3,15,3,1,1,0,0,0,5,23252,10113,34234,1719193,0,2033,99624,3952757,5819917,0,0,0,998,1000,1399,1400,7208792
MPCTASK: EXP,3,378,18910,-218,-525,481,215,-748,-73,-650,-715,-707,-363,-1293,436,-17,-712,436,-232,-142,1851,69,300,1,3,3,15,3,1,1,0,0,0,5,26009,9554,36466,1624072,0,1732,130961,4421354,6199330,0,0,0,998,1000,1399,1400,7208792
MPCTASK: EXP,3,380,19007,-216,-581,471,281,-605,-104,-853,-491,-489,-220,-1333,436,-36,-673,436,-249,-118,2182,69,300,1,3,3,15,3,1,1,0,0,0,5,22855,9953,33554,1691853,0,57035,24271,3885318,5704211,0,0,0,998,1000,1399,1400,7208792
MPCTASK: EXP,3,382,19106,-205,-620,465,322,-426,-75,-1010,-300,-303,-63,-1344,436,-63,-604,436,-249,-124,2225,69,300,1,3,3,15,3,1,1,0,0,0,5,23047,8841,32942,1502853,0,2047,89960,3917865,5600105,0,0,0,998,1000,1399,1400,7208792
MPCTASK: EXP,3,384,19209,-201,-637,460,313,-235,-70,-1074,-88,-144,89,-1326,436,-113,-524,436,-253,-154,2238,69,300,1,3,3,15,3,1,1,0,0,0,5,23862,9992,34701,1670652,0,2129,24276,4056429,5899182,0,0,0,998,1000,1399,1400,7208792
MPCTASK: EXP,3,386,19302,-190,-644,454,269,-17,-67,-1039,163,144,226,-1279,436,-172,-435,436,-259,-202,2185,69,300,1,3,3,15,3,1,1,0,0,0,5,18910,8183,27600,1391028,0,1731,63734,3214529,4692128,0,0,0,998,1000,1399,1400,7208792
MPCTASK: EXP,3,388,19409,-189,-624,447,180,178,-63,-925,324,449,331,-1204,436,-237,-341,436,-265,-186,2151,69,300,1,3,3,15,3,1,1,0,0,0,5,23831,10747,34847,1826889,0,1737,23274,4051117,5923977,0,0,0,998,1000,1399,1400,7208792
MPCTASK: EXP,3,390,19509,-201,-593,441,59,347,-73,-1037,423,742,396,-1104,436,-312,-225,436,-273,-154,2234,69,300,1,3,3,15,3,1,1,0,0,0,5,24090,9841,34512,1672875,0,1731,75274,4095339,5867152,0,0,0,998,1000,1399,1400,7208792
MPCTASK: EXP,3,392,19608,-226,-547,435,-71,505,-61,-813,403,811,413,-979,436,-379,-141,436,-277,-190,2110,69,300,1,3,3,15,3,1,1,0,0,0,5,21822,11224,33933,1908083,0,2162,24272,3709593,5768653,0,0,0,997,1000,1399,1400,7208792
MPCTASK: EXP,3,394,19701,-258,-490,425,-194,610,-55,-477,362,710,380,-835,436,-433,-61,436,-285,-75,1517,69,300,1,3,3,15,3,1,1,0,0,0,5,16657,10095,27101,1716085,0,1731,35150,2831593,4607232,0,0,0,997,1000,1399,1400,7208792
MPCTASK: EXP,3,396,19806,-306,-431,422,-290,667,-6,-324,81,571,302,-674,436,-461,10,436,-279,-97,1513,69,300,1,3,3,15,3,1,1,0,0,0,5,19999,11183,32014,1901014,0,42644,78201,3399653,5442477,0,0,0,997,1000,1399,1400,7208792
MPCTASK: EXP,3,398,19904,-330,-383,425,-283,679,21,-294,-60,451,186,-500,436,-447,62,436,-274,-3,838,69,300,1,3,3,15,3,1,1,0,0,0,5,20300,9169,29987,1558682,0,1731,65363,3450901,5097840,0,0,0,997,1000,1399,1400,7208792
MPCTASK: EXP,3,400,20011,-363,-318,433,-274,720,42,-274,-234,280,42,-317,436,-425,137,436,-266,-53,1160,69,300,1,3,3,15,3,1,1,0,0,0,5,23685,11280,36174,1917564,0,1731,24271,4026413,6149735,0,0,0,996,1000,1399,1400,7208792
MPCTASK: EXP,3,402,20109,-383,-269,437,-216,713,25,-207,-365,156,-113,-130,436,-377,169,436,-262,5,819,69,300,1,3,3,15,3,1,1,0,0,0,5,24527,9654,34921,1641168,0,1732,23296,4169581,5936728,0,0,0,996,1000,1399,1400,7208792
MPCTASK: EXP,3,404,20207,-398,-206,437,-143,733,-18,-287,-460,110,-267,55,436,-326,233,436,-266,17,880,69,300,1,3,3,15,3,1,1,0,0,0,5,23392,9031,32941,1535212,0,1731,23120,3976705,5599916,0,0,0,995,1000,1399,1400,7208792
MPCTASK: EXP,3,406,20304,-400,-157,434,-56,745,-41,-299,-517,95,-403,236,436,-261,281,436,-273,8,1019,69,300,1,3,3,15,3,1,1,0,0,0,5,19203,9447,30017,1605939,0,32444,83153,3264433,5102949,0,0,0,995,1000,1399,1400,7208792
MPCTASK: EXP,3,408,20410,-387,-93,432,65,757,-15,-101,-642,48,-509,407,436,-178,311,436,-270,-63,1434,69,300,1,3,3,15,3,1,1,0,0,0,5,23514,10567,35054,1796318,0,1732,77408,3997229,5959225,0,0,0,996,1000,1399,1400,7208792
MPCTASK: EXP,3,410,20504,-368,-37,431,198,725,-10,4,-703,43,-573,565,436,-94,319,436,-270,40,983,69,300,1,3,3,15,3,1,1,0,0,0,5,20476,8271,29622,1406027,0,46396,24644,3480797,5035836,0,0,0,997,1000,1399,1400,7208792
MPCTASK: EXP,3,412,20609,-334,32,432,333,723,0,30,-666,41,-590,704,436,-15,366,436,-267,-22,1191,69,300,1,3,3,15,3,1,1,0,0,0,5,23542,9907,34373,1684007,0,1731,23120,4002081,5843509,0,0,0,997,1000,1399,1400,7208792
MPCTASK: EXP,3,414,20712,-280,83,431,468,667,-8,163,-542,55,-558,823,436,59,360,436,-270,-54,1288,69,300,1,3,3,15,3,1,1,0,0,0,5,25220,9937,36176,1689248,0,1731,149942,4287289,6150257,0,0,0,998,1000,1399,1400,7208792
MPCTASK: EXP,3,416,20810,-212,134,426,579,591,-21,236,-357,74,-479,918,436,125,346,436,-277,-21,1054,69,300,1,3,3,15,3,1,1,0,0,0,5,22859,9356,32946,1590548,0,1731,100748,3886041,5601037,0,0,0,998,1000,1399,1400,7208792
MPCTASK: EXP,3,418,20910,-134,174,422,662,513,-17,320,-161,108,-363,986,436,169,323,436,-280,-45,1198,69,300,1,3,3,15,3,1,1,0,0,0,5,22283,10273,33933,1746330,0,2071,210288,3788101,5768738,0,0,0,998,1000,1399,1400,7208792
MPCTASK: EXP,3,420,21014,-48,206,422,710,418,2,429,82,119,-220,1027,436,202,281,436,-277,-131,1605,69,300,1,3,3,15,3,1,1,0,0,0,5,24806,11570,37861,1966838,0,125591,48117,4216885,6436495,0,0,0,998,1000,1399,1400,7208792
MPCTASK: EXP,3,422,21112,41,209,423,730,284,15,461,362,108,-63,1038,436,230,210,436,-276,-131,1577,69,300,1,3,3,15,3,1,1,0,0,0,5,23101,9216,33186,1566745,0,1731,65384,3927121,5641745,0,0,0,998,1000,1399,1400,7208792
MPCTASK: EXP,3,424,21212,125,233,427,643,195,23,405,763,102,89,1020,436,203,179,436,-272,-145,1803,69,300,1,3,3,15,3,1,1,0,0,0,5,20965,11763,33361,1999594,0,1732,84944,3564069,5671513,0,0,0,998,1000,1399,1400,7208792
MPCTASK: EXP,3,426,21312,177,245,431,483,110,8,492,1016,136,225,973,436,148,127,436,-268,-19,1716,69,300,1,3,3,15,3,1,1,0,0,0,5,23146,8542,33535,1451923,0,1885,266744,3934729,5700965,0,0,0,998,1000,1399,1400,7208792
MPCTASK: EXP,3,428,21411,217,250,432,307,13,-9,580,1115,152,331,899,436,94,67,436,-268,0,1920,69,300,1,3,3,15,3,1,1,0,0,0,5,20579,11109,32207,1888570,0,2607,23430,3498359,5475254,0,0,0,998,1000,1399,1400,7208792
MPCTASK: EXP,3,430,21512,245,243,433,123,-103,-5,642,1162,139,395,799,436,40,-5,436,-267,-4,2053,69,300,1,3,3,15,3,1,1,0,0,0,5,23082,9317,33184,1583766,0,1731,87474,3923737,5641276,0,0,0,998,1000,1399,1400,7208792
MPCTASK: EXP,3,432,21609,296,228,434,11,-215,-2,645,1172,111,411,675,436,44,-76,436,-266,-9,2101,69,300,1,3,3,15,3,1,1,0,0,0,5,19051,10260,30005,1744135,0,1731,93905,3238566,5100795,0,0,0,997,1000,1399,1400,7208792
MPCTASK: EXP,3,434,21713,301,210,431,-152,-308,-14,638,1247,119,379,531,436,-5,-140,436,-271,-10,2323,69,300,1,3,3,15,3,1,1,0,0,0,5,24553,9615,34436,1634410,0,1731,23120,4173961,5854225,0,0,0,997,1000,1399,1400,7208792
MPCTASK: EXP,3,436,21811,262,172,431,-383,-429,-1,616,1062,165,300,370,436,-79,-225,436,-269,-209,2171,69,300,1,3,3,15,3,1,1,0,0,0,5,21164,10167,32359,1728397,0,1732,151370,3597767,5501240,0,0,0,995,1000,1399,1400,7208792
MPCTASK: EXP,3,438,21912,201,151,428,-563,-501,9,622,702,232,184,196,436,-139,-277,436,-271,-118,1648,69,300,1,3,3,15,3,1,1,0,0,0,5,21898,9838,32689,1672396,0,1905,72925,3722625,5557145,0,0,0,994,1000,1399,1400,7208792
MPCTASK: EXP,3,440,22012,143,99,430,-649,-605,27,569,340,249,41,12,436,-153,-354,436,-269,-86,1389,69,300,1,3,3,15,3,1,1,0,0,0,5,21413,12262,34190,2084462,0,1731,23120,3640265,5812268,0,0,0,993,1000,1399,1400,7208792
MPCTASK: EXP,3,442,22113,84,15,432,-672,-723,12,379,74,254,-112,-175,436,-158,-446,436,-267,-98,1462,69,300,1,3,3,15,3,1,1,0,0,0,5,23626,9900,34748,1682982,0,1731,87667,4016361,5907341,0,0,0,994,1000,1399,1400,7208792
MPCTASK: EXP,3,444,22208,38,-61,437,-626,-769,25,153,-203,262,-264,-364,436,-130,-505,436,-262,-17,940,69,300,1,3,3,15,3,1,1,0,0,0,5,21419,7887,29826,1340832,0,1731,23125,3641145,5070524,0,0,0,995,1000,1399,1400,7208792
MPCTASK: EXP,3,446,22312,-10,-122,442,-548,-755,17,91,-482,193,-397,-548,436,-100,-533,436,-257,-108,1479,69,300,1,3,3,15,3,1,1,0,0,0,5,22674,10224,33685,1738030,0,1734,23288,3854462,5726589,0,0,0,996,1000,1399,1400,7208792
MPCTASK: EXP,3,448,22410,-61,-187,447,-447,-753,9,102,-784,-75,-499,-724,436,-69,-568,436,-252,-177,1878,69,300,1,3,3,15,3,1,1,0,0,0,5,19987,11561,32398,1965258,0,1731,46809,3397665,5507704,0,0,0,997,1000,1399,1400,7208792
MPCTASK: EXP,3,450,22511,-91,-237,449,-287,-717,9,-41,-885,-451,-560,-886,436,-36,-562,436,-250,-166,2116,69,300,1,3,3,15,3,1,1,0,0,0,5,23051,10156,33491,1726415,0,1888,24056,3918610,5693418,0,0,0,997,1000,1399,1400,7208792
MPCTASK: EXP,3,452,22612,-105,-293,454,-118,-689,52,-103,-881,-755,-574,-1030,436,0,-566,436,-245,-75,1656,69,300,1,3,3,15,3,1,1,0,0,0,5,21049,10826,33150,1840246,0,1731,84335,3578253,5635608,0,0,0,998,1000,1399,1400,7208792
MPCTASK: EXP,3,454,22715,-118,-333,456,9,-639,18,-99,-789,-916,-541,-1149,436,8,-551,436,-243,-43,1436,69,300,1,3,3,15,3,1,1,0,0,0,5,25451,9527,35780,1619642,0,1732,88282,4326729,6082801,0,0,0,998,1000,1399,1400,7208792
MPCTASK: EXP,3,456,22810,-115,-377,455,113,-603,-18,-119,-504,-956,-466,-1240,436,-17,-531,436,-248,-130,1457,69,300,1,3,3,15,3,1,1,0,0,0,5,20505,11039,31891,1876638,0,1907,35643,3485809,5421541,0,0,0,998,1000,1399,1400,7208792
MPCTASK: EXP,3,458,22914,-109,-425,453,161,-542,-32,-464,-135,-873,-359,-1298,436,-45,-500,436,-252,-17,1119,69,300,1,3,3,15,3,1,1,0,0,0,5,23727,11045,35749,1877498,0,1731,45204,4033549,6077377,0,0,0,998,1000,1399,1400,7208792
MPCTASK: EXP,3,460,23010,-108,-460,452,154,-431,-42,-588,-44,-719,-234,-1318,436,-79,-462,436,-256,-101,1656,69,300,1,3,3,15,3,1,1,0,0,0,5,20544,10415,31592,1770483,0,2026,84362,3492418,5370704,0,0,0,998,1000,1399,1400,7208792
MPCTASK: EXP,3,462,23110,-115,-487,450,117,-291,-41,-812,129,-469,-105,-1296,436,-128,-411,436,-258,-164,2126,69,300,1,3,3,15,3,1,1,0,0,0,5,19900,10619,31173,1805112,0,1905,87210,3382889,5299739,0,0,0,998,1000,1399,1400,7208792
MPCTASK: EXP,3,464,23212,-125,-498,447,58,-112,-38,-997,214,-251,9,-1233,436,-158,-368,436,-260,-137,2210,69,300,1,3,3,15,3,1,1,0,0,0,5,20072,13044,34427,2217430,0,1731,200061,3412273,5852791,0,0,0,998,1000,1399,1400,7208792
MPCTASK: EXP,3,466,23314,-139,-490,444,-9,62,-51,-805,238,-100,96,-1129,436,-189,-334,436,-265,-112,2032,69,300,1,3,3,15,3,1,1,0,0,0,5,24993,8482,35160,1441897,0,1731,264294,4248693,5977264,0,0,0,998,1000,1399,1400,7208792
MPCTASK: EXP,3,468,23412,-161,-472,439,-80,197,-41,-608,228,7,146,-989,436,-214,-313,436,-268,-99,1666,69,300,1,3,3,15,3,1,1,0,0,0,5,20527,10906,31709,1853940,0,1906,23981,3489473,5390648,0,0,0,997,1000,1399,1400,7208792
MPCTASK: EXP,3,470,23512,-186,-445,433,-144,291,-37,-327,109,13,155,-823,436,-213,-320,436,-274,-119,1517,69,300,1,3,3,15,3,1,1,0,0,0,5,21625,8997,31053,1529282,0,1731,50953,3676092,5279138,0,0,0,997,1000,1399,1400,7208792
MPCTASK: EXP,3,472,23611,-213,-411,434,-158,330,2,-23,-198,-50,127,-644,436,-197,-318,436,-265,-47,1219,69,300,1,3,3,15,3,1,1,0,0,0,5,21518,9042,31040,1537037,0,1731,48409,3657989,5276941,0,0,0,996,1000,1399,1400,7208792
MPCTASK: EXP,3,474,23720,-235,-375,437,-129,319,30,240,-355,-173,72,-471,436,-186,-311,436,-262,-102,1450,69,300,1,3,3,15,3,1,1,0,0,0,5,27728,11386,40066,1935497,0,1731,138524,4713645,6811326,0,0,0,996,1000,1399,1400,7208792
MPCTASK: EXP,3,476,23815,-244,-357,446,-51,235,48,412,-582,-230,7,-323,437,-167,-307,437,-253,-11,964,69,300,1,3,3,15,3,1,1,0,0,0,5,21666,11521,34405,1958545,0,1732,121947,3683100,5848829,0,0,0,995,1000,1399,1400,7208792
MPCTASK: EXP,3,478,23914,-245,-348,448,45,145,3,355,-575,-232,-48,-218,436,-162,-286,436,-251,-34,1175,69,300,1,3,3,15,3,1,1,0,0,0,5,22538,8644,31978,1469406,0,1903,31658,3831317,5436344,0,0,0,995,1000,1399,1400,7208792
MPCTASK: EXP,3,480,24013,-230,-353,442,138,66,-40,120,-399,-237,-80,-165,436,-151,-278,436,-265,-62,1392,69,300,1,3,3,15,3,1,1,0,0,0,5,19163,11483,31292,1952027,0,1731,24012,3257578,5319623,0,0,0,994,1000,1399,1400,7208792
MPCTASK: EXP,3,482,24119,-211,-356,433,195,40,-46,-57,-154,-304,-88,-153,436,-113,-311,436,-276,-48,1378,69,300,1,3,3,15,3,1,1,0,0,0,5,25285,11501,37835,1955036,0,1731,155984,4298435,6431932,0,0,0,994,1000,1399,1400,7208792
MPCTASK: TRAJ DONE: idx=482, max=482; requesting landing
MPCTASK: LANDING: start z=0.43, hold=(-0.20,-0.35)
MPCTASK: TIMING SUMMARY: max_step_cycles=7208792 deadline_cycles=8400000 overruns=0
MPCTASK: LANDING COMPLETE: t=30418 ms, x=-0.239, y=-0.318, z=0.009, vz=-0.027; motors off
