SYS: Crazyflie 2.1 Brushless is up and running!
SYS: Build 2:de14ff9f08ae (2025.09.1 +2) MODIFIED
SYS: I am 0x373930393434471500370039 and I have 1024KB of flash!
CFGBLK: v1, verification [OK]
DECK_DISCOVERY: Backend found: onewire
DECK_DISCOVERY: Backend found: deckctrl
DECK_CORE: 1 deck(s) found
DECK_CORE: Calling INIT on driver bcFlow2 for deck 0
ZR2: Z-down sensor [OK]
PMW: Motion chip id: 0x49:0xB6
IMU: BMI088: Using I2C interface.
IMU: BMI088 Gyro connection [OK].
IMU: BMI088 Accel connection [OK]
IMU: BMP390 I2C connection [OK]
ESTIMATOR: Using Kalman (2) estimator
CONTROLLER: Using PID (1) controller
MTR-DRV: Using brushless motor driver
SYS: About to run tests in system.c.
SYS: NRF51 version: 2026.04 (C21B)
EEPROM: I2C connection [OK].
STORAGE: Storage check [OK].
IMU: BMI088 gyro self-test [OK]
DECK_CORE: Deck 0 test [OK].
SYS: Self test passed!
STAB: Wait for sensor calibration...
SYS: Free heap: 15048 bytes
MPCTASK: Waiting for activation ...
STAB: Starting stabilizer loop
STAB: WARNING: stabilizer loop rate is off (1004)
MPCTASK: Benchmark mode 3, maneuver 4, max_iter 5, task_pri 0
MPCTASK: Reference altitude: 0.70 m; barrier skip when z>0.75 and vz>-0.20
MPCTASK: OOT takeoff: cfclient trigger>=0.15m ramp=0.15m/s figure8_start=2000ms_at_measured_z target=0.70m timeout=12000ms
MPCTASK: Common baseline: mpc_hz=20 model_hz=20 rho=5 base_w=0 base_qz=1 Qz=100 R=4 bridge=x10 guards=z[ref,ref+0.20] xy=free cap=0.05
MPCTASK: MPC->PID: xyz=x10, z_guard=[ref,ref+0.20], yaw=raw_rz, output_hold=200ms, safety_hold=500ms
MPCTASK: Reference origin: xyz=measured_at_forced_timed_start target_z=0.70 m
MPCTASK: LIMO adaptive: cache=16x4 evals=1 timing=bar/rl/cache_cycles
MPCTASK: EXP every=2: m,s,tms,p3[mm],v3[mmps],att3[cdeg],ref3[mm],cmd3[mm],h/raw/grad/mar/thr[milli],act/ac/bind,wi/qi/cache/noa,pa/pf/du[milli],it,mpc/eval/total[us],bar/tanh/rl/cache/solve/step[cycles],overruns,post_active/post_infeasible_totals,wreq/w/qzreq/qz[milli],max_step_cycles
MPCTASK: Figure8: source=traj_fig8_12.h source_hz=100 samples=1205 laps=2 duration=24.07 s origin=forced_timed_start start_delay=2000ms z_baseline=measured_at_start
CONTROLLER: Using OutOfTree (6) controller
MPCTASK: Trajectory origin: x=-0.03 y=0.07 z=0.01
MPCTASK: OOT activated at z=0.01
SUP: Ready to fly
MPCTASK: TAKEOFF START: trigger_z=0.15 start_z=0.01 target=0.70 hold=(-0.04,0.05) ramp=0.15m/s
MPCTASK: OOT loop 1 done
MPCTASK: MPC MPCTASK: OOT loop 2 done
task loop 1
MPCTASK: OOT loop 3 done
MPCTASK: x0: pos=(-0.04,0.05,0.01) vel=(0.0,-0.03,-0.0)
MPCTASK: ref: (-0.04,0.05,0.01)
MPCTASK: SAFE TV mode=3: h=0.0 raw=0.0 grad=0.0 margin=0.0 thr=0.0 active0=0 active_count=0 eval=8888 us
MPCTASK: MPC solve start
MPCTASK: MPC solve done, iter=5
MPCTASK: MPC time=26973 us
MPCTASK: MPC stack free=871 words
MPCTASK: setpoint: x=-0.04 y=0.05 z=0.07 preview_z=0.07
MPCTASK: MPC task loop 2
MPCTASK: MPC task loop 3
MPCTASK: Cache level changed: 0 -> 1
MPCTASK: TAKEOFF COMPLETE: t=2000ms z=0.17 vz=0.16; trajectory queued origin=(-0.07,0.04,0.17)
MPCTASK: TRAJ START: z=0.17 origin=(-0.07,0.04,0.17) EXP clock reset; Z metric begins at t+3s
MPCTASK: EXP,3,2,87,-68,46,181,189,49,203,14,58,-436,-77,49,172,-52,295,174,-518,-229,1908,71,300,1,3,3,15,3,1,1,0,0,0,5,25687,10418,37127,1771072,0,1790,151250,4366741,6311706,0,0,0,987,1000,1399,1400,6311706
MPCTASK: EXP,3,4,187,-45,50,201,171,66,102,-486,421,-328,-88,68,172,-14,329,178,-498,-171,1466,70,300,1,3,3,15,3,1,1,0,0,0,5,24842,10049,35988,1708237,0,1790,65357,4222993,6118050,0,0,0,987,1000,1399,1400,6311706
MPCTASK: EXP,3,6,288,-42,64,197,63,182,-131,-1056,785,-193,-122,135,172,-23,382,173,-528,-407,2675,71,300,1,3,3,15,3,1,1,0,0,0,5,24495,9857,34805,1675655,0,1790,23105,4164070,5917213,0,0,0,987,1000,1399,1400,6311706
MPCTASK: EXP,3,8,389,-50,112,182,-67,432,-138,-933,340,-173,-175,254,172,5,453,172,-544,-289,2487,71,300,1,3,3,15,3,1,1,0,0,0,5,22253,12639,35724,2148538,0,1790,92007,3782974,6073207,0,0,0,988,1000,1399,1400,6311706
MPCTASK: EXP,3,10,492,-65,162,178,-103,559,-48,-489,-144,-168,-230,413,172,40,481,172,-531,-239,1904,71,300,1,3,3,15,3,1,1,0,0,0,5,25621,12383,40023,2105124,0,1790,24240,4355497,6804000,0,0,0,990,1000,1399,1400,6804000
MPCTASK: EXP,3,12,584,-96,220,175,-95,610,5,-147,-625,-281,-268,592,172,47,502,172,-524,-363,2245,71,300,1,3,3,15,3,1,1,0,0,0,5,21416,9507,32023,1616140,0,1968,36688,3640585,5443921,0,0,0,992,1000,1399,1400,6804000
MPCTASK: EXP,3,14,688,-97,269,174,42,574,17,94,-809,-348,-276,771,172,91,492,172,-525,-296,2382,71,300,1,3,3,15,3,1,1,0,0,0,5,25727,9552,36043,1623689,0,1790,66397,4373421,6127307,0,0,0,994,1000,1399,1400,6804000
MPCTASK: EXP,3,16,787,-85,307,178,187,490,28,218,-838,-423,-245,932,172,129,464,172,-521,-286,2384,71,300,1,3,3,15,3,1,1,0,0,0,5,23951,10235,34598,1739790,0,2094,46700,4071641,5881838,0,0,0,995,1000,1399,1400,6804000
MPCTASK: EXP,3,18,887,-56,344,182,334,411,39,273,-703,-539,-176,1060,172,154,440,172,-517,-367,2243,71,300,1,3,3,15,3,1,1,0,0,0,5,24844,8391,34522,1426328,0,144244,24632,4223521,5868836,0,0,0,996,1000,1399,1400,6804000
MPCTASK: EXP,3,20,987,-5,379,184,456,342,24,352,-321,-690,-76,1150,171,173,420,171,-515,-281,2213,71,300,1,3,3,15,3,1,1,0,0,0,5,21500,11264,34807,1914798,0,1791,165338,3654861,5917325,0,0,0,997,1000,1399,1400,6804000
MPCTASK: EXP,3,22,1089,36,395,189,467,227,45,511,47,-703,42,1195,171,149,361,172,-510,-245,1906,71,300,1,3,3,15,3,1,1,0,0,0,5,26281,9914,36459,1685238,0,1790,23099,4467549,6198206,0,0,0,997,1000,1399,1400,6804000
MPCTASK: EXP,3,24,1186,87,395,194,446,95,47,484,313,-690,165,1197,171,125,295,173,-505,-307,2197,71,300,1,3,3,15,3,1,1,0,0,0,5,21953,10203,33250,1734574,0,2214,24252,3731811,5652654,0,0,0,997,1000,1399,1400,6804000
MPCTASK: EXP,3,26,1286,114,391,198,321,-3,32,419,675,-614,275,1158,172,53,243,174,-501,-266,2193,71,300,1,3,3,15,3,1,1,0,0,0,5,23464,9586,33574,1629493,0,1790,66684,3988954,5707709,0,0,0,998,1000,1399,1400,6804000
MPCTASK: EXP,3,28,1388,125,384,196,142,-75,8,447,875,-527,358,1082,172,-31,186,173,-503,-252,2395,71,300,1,3,3,15,3,1,1,0,0,0,5,24009,10531,35571,1790114,0,1790,98373,4081589,6047178,0,0,0,998,1000,1399,1400,6804000
MPCTASK: EXP,3,30,1488,130,379,196,-19,-126,-9,492,971,-409,402,974,172,-98,140,172,-505,-293,2445,71,300,1,3,3,15,3,1,1,0,0,0,5,25687,9012,34996,1531960,0,1790,23105,4366671,5949415,0,0,0,997,1000,1399,1400,6804000
MPCTASK: EXP,3,32,1589,114,371,192,-205,-188,-13,527,989,-245,401,839,172,-173,91,172,-510,-302,2459,71,300,1,3,3,15,3,1,1,0,0,0,5,25907,10411,36953,1769741,0,1790,85720,4404069,6282137,0,0,0,997,1000,1399,1400,6804000
MPCTASK: EXP,3,34,1690,79,356,195,-385,-264,17,626,877,-55,353,683,172,-236,27,173,-504,-388,2293,71,300,1,3,3,15,3,1,1,0,0,0,5,24451,11359,37875,1930684,0,1790,297066,4156653,6438935,0,0,0,996,1000,1399,1400,6804000
MPCTASK: EXP,3,36,1787,33,323,198,-518,-387,26,735,674,80,263,511,172,-283,-62,173,-501,-280,2316,71,300,1,3,3,15,3,1,1,0,0,0,5,18919,13239,32794,2250501,0,1790,23409,3216146,5575163,0,0,0,995,1000,1399,1400,6804000
MPCTASK: EXP,3,38,1891,-16,262,203,-609,-540,20,597,468,109,138,329,172,-312,-160,175,-496,-266,2196,70,300,1,3,3,15,3,1,1,0,0,0,5,28181,9191,37796,1562424,0,1790,48809,4790702,6425374,0,0,0,993,1000,1399,1400,6804000
MPCTASK: EXP,3,40,1988,-65,216,207,-627,-600,8,518,208,120,-8,140,172,-299,-219,175,-492,-310,2199,70,300,1,3,3,15,3,1,1,0,0,0,5,21809,10183,34316,1731055,0,1790,345960,3707417,5833823,0,0,0,991,1000,1399,1400,6804000
MPCTASK: EXP,3,42,2090,-132,159,204,-630,-672,-22,542,-228,213,-163,-48,172,-293,-294,174,-499,-217,1934,70,300,1,3,3,15,3,1,1,0,0,0,5,26270,9381,36891,1594654,0,1791,143762,4465717,6271599,0,0,0,991,1000,1399,1400,6804000
MPCTASK: EXP,3,44,2187,-185,103,200,-550,-717,-11,481,-600,-58,-311,-234,172,-238,-355,173,-501,-77,1851,70,300,1,3,3,15,3,1,1,0,0,0,5,20752,10582,32772,1798783,0,1790,157391,3527733,5571342,0,0,0,992,1000,1399,1400,6804000
MPCTASK: EXP,3,46,2289,-225,50,204,-371,-787,57,819,-1308,-654,-436,-413,172,-133,-450,177,-495,-332,2445,70,300,1,3,3,15,3,1,1,0,0,0,5,25990,9060,35853,1540188,0,1790,23099,4418329,6095094,0,0,0,994,1000,1399,1400,6804000
MPCTASK: EXP,3,48,2392,-248,-33,213,-117,-976,60,817,-1931,-1178,-526,-579,172,-7,-580,180,-486,-658,2596,70,300,1,3,3,15,3,1,1,0,0,0,5,25875,11070,39086,1881773,0,1790,242864,4398645,6644631,0,0,0,995,1000,1399,1400,6804000
MPCTASK: EXP,3,50,2490,-246,-119,226,172,-1141,68,582,-2126,-1845,-572,-730,172,118,-682,184,-473,-767,2661,69,300,1,3,3,15,3,1,1,0,0,0,5,22873,13546,37049,2302770,0,1790,23099,3888389,6298490,0,0,0,996,1000,1399,1400,6804000
MPCTASK: EXP,3,52,2590,-214,-259,229,487,-1365,22,278,-1885,-1833,-570,-861,172,220,-814,183,-470,-396,2647,69,300,1,3,3,15,3,1,1,0,0,0,5,22976,11984,36131,2037246,0,1790,64053,3905861,6142486,0,0,0,997,1000,1399,1400,6804000
MPCTASK: EXP,3,54,2687,-198,-371,233,608,-1351,-15,-781,-848,-1621,-519,-970,172,179,-778,183,-469,-161,2479,69,300,1,3,3,15,3,1,1,0,0,0,5,23680,9056,33114,1539413,0,1790,23099,4025506,5629507,0,0,0,997,1000,1399,1400,6804000
MPCTASK: EXP,3,56,2787,-128,-493,225,745,-1163,-45,-1488,-124,-1369,-425,-1054,172,217,-741,179,-483,-587,2501,70,300,1,3,3,15,3,1,1,0,0,0,5,23029,9931,34129,1688111,0,1948,66977,3914881,5802014,0,0,0,997,1000,1399,1400,6804000
MPCTASK: EXP,3,58,2886,-75,-577,223,747,-848,-26,-1614,332,-1375,-296,-1111,172,204,-671,179,-481,-655,2635,70,300,1,3,3,15,3,1,1,0,0,0,5,23298,9876,33440,1678922,0,1790,23099,3960569,5684792,0,0,0,997,1000,1399,1400,6804000
MPCTASK: EXP,3,60,2987,-35,-627,221,674,-513,-33,-1511,606,-1428,-146,-1139,172,160,-582,179,-484,-602,2644,70,300,1,3,3,15,3,1,1,0,0,0,5,21602,10495,33173,1784008,0,2085,157944,3672241,5639571,0,0,0,997,1000,1399,1400,6804000
MPCTASK: EXP,3,62,3087,0,-654,214,575,-228,-55,-1233,765,-1438,10,-1139,172,108,-504,177,-496,-456,2603,70,300,1,3,3,15,3,1,1,0,0,0,5,23501,9915,33682,1685565,0,1790,23099,3995078,5725959,0,0,0,997,1000,1399,1400,6804000
MPCTASK: EXP,3,64,3191,21,-653,208,429,39,-46,-1097,962,-1426,158,-1109,172,26,-396,175,-500,-380,2557,70,300,1,3,3,15,3,1,1,0,0,0,5,25200,11161,38082,1897240,0,1944,226465,4283989,6473986,0,0,0,997,1000,1399,1400,6804000
MPCTASK: EXP,3,66,3289,35,-641,202,260,264,-38,-1009,1109,-1366,284,-1051,172,-59,-292,174,-505,-310,2547,70,300,1,3,3,15,3,1,1,0,0,0,5,24717,8972,34852,1525176,0,1790,115927,4201594,5924787,0,0,0,996,1000,1399,1400,6804000
MPCTASK: EXP,3,68,3391,45,-597,199,88,496,-15,-888,1166,-1248,374,-965,172,-134,-165,172,-503,-347,2445,70,300,1,3,3,15,3,1,1,0,0,0,5,24109,10794,35718,1834935,0,1790,116246,4098447,6072164,0,0,0,996,1000,1399,1400,6804000
MPCTASK: EXP,3,70,3488,49,-539,199,-71,676,-14,-771,1132,-1076,420,-855,172,-191,-45,172,-503,-349,2441,70,300,1,3,3,15,3,1,1,0,0,0,5,22310,8451,32606,1435703,0,1790,291431,3792642,5543419,0,0,0,996,1000,1399,1400,6804000
MPCTASK: EXP,3,72,3596,33,-469,200,-235,815,-8,-622,1057,-904,417,-722,172,-252,64,173,-501,-368,2391,70,300,1,3,3,15,3,1,1,0,0,0,5,24465,14667,40145,2493353,0,2704,83682,4158989,6824729,0,0,0,996,1000,1399,1400,6824729
MPCTASK: EXP,3,74,3691,23,-388,204,-341,910,5,-481,868,-669,366,-571,172,-270,165,174,-495,-361,2289,70,300,1,3,3,15,3,1,1,0,0,0,5,24789,8134,35066,1382653,0,2181,24247,4214002,5961372,0,0,0,995,1000,1399,1400,6824729
MPCTASK: EXP,3,76,3783,-8,-303,210,-443,966,36,-374,694,-395,271,-404,172,-295,259,177,-489,-327,2230,70,300,1,3,3,15,3,1,1,0,0,0,5,17640,10295,28300,1750006,0,1998,23947,2998609,4811185,0,0,0,994,1000,1399,1400,6824729
MPCTASK: EXP,3,78,3887,-60,-223,214,-535,983,0,-409,532,-85,143,-226,172,-329,342,176,-485,-294,2209,70,300,1,3,3,15,3,1,1,0,0,0,5,22079,8442,32362,1435048,0,1790,34660,3753352,5501802,0,0,0,992,1000,1399,1400,6824729
MPCTASK: EXP,3,80,3986,-98,-142,213,-549,992,-38,-446,272,228,-7,-41,172,-312,418,174,-494,-285,2199,70,300,1,3,3,15,3,1,1,0,0,0,5,20559,9000,30628,1530046,0,1790,159165,3494945,5206780,0,0,0,988,1000,1399,1400,6824729
MPCTASK: EXP,3,82,4090,-148,-54,206,-564,1007,-65,-228,155,497,-164,145,172,-317,479,172,-506,-215,2202,70,300,1,3,3,15,3,1,1,0,0,0,5,24179,9830,34933,1671002,0,1790,83498,4110417,5938702,0,0,0,987,1000,1399,1400,6824729
MPCTASK: EXP,3,84,4186,-195,34,197,-550,994,-65,24,-93,628,-312,329,172,-293,524,172,-515,-235,2157,71,300,1,3,3,15,3,1,1,0,0,0,5,20123,9932,30988,1688364,0,2089,135361,3420769,5267885,0,0,0,988,1000,1399,1400,6824729
MPCTASK: EXP,3,86,4290,-258,131,193,-523,966,0,305,-482,572,-438,507,172,-283,566,172,-506,-320,2206,71,300,1,3,3,15,3,1,1,0,0,0,5,26865,8264,35396,1404747,0,1790,23099,4567041,6017489,0,0,0,990,1000,1399,1400,6824729
MPCTASK: EXP,3,88,4392,-303,194,204,-400,814,81,429,-862,363,-528,673,172,-227,555,175,-495,-379,2254,70,300,1,3,3,15,3,1,1,0,0,0,5,25315,10581,36411,1798531,0,1790,65413,4303329,6189900,0,0,0,993,1000,1399,1400,6824729
MPCTASK: EXP,3,90,4489,-317,253,204,-170,695,35,397,-1096,174,-574,824,172,-139,549,175,-495,-295,2442,70,300,1,3,3,15,3,1,1,0,0,0,5,22890,10377,33789,1764140,0,1790,66725,3891182,5744280,0,0,0,995,1000,1399,1400,6824729
MPCTASK: EXP,3,92,4588,-317,305,200,37,602,-18,258,-1040,89,-571,956,172,-76,555,173,-503,-316,2462,70,300,1,3,3,15,3,1,1,0,0,0,5,22485,7815,32864,1328508,0,1790,218335,3822413,5586936,0,0,0,996,1000,1399,1400,6824729
MPCTASK: EXP,3,94,4688,-294,359,196,238,554,-13,202,-898,53,-520,1066,172,-14,568,172,-506,-346,2366,71,300,1,3,3,15,3,1,1,0,0,0,5,22182,10853,33508,1844841,0,2085,56640,3770809,5696532,0,0,0,997,1000,1399,1400,6824729
MPCTASK: EXP,3,96,4790,-256,403,203,396,486,39,279,-629,85,-425,1150,172,26,553,174,-496,-291,2259,70,300,1,3,3,15,3,1,1,0,0,0,5,22276,11037,34558,1876269,0,1909,43418,3786777,5875029,0,0,0,997,1000,1399,1400,6824729
MPCTASK: EXP,3,98,4888,-209,438,205,488,409,33,290,-277,146,-296,1208,172,36,531,174,-494,-242,2130,70,300,1,3,3,15,3,1,1,0,0,0,5,22919,8976,32962,1525848,0,1791,157899,3896081,5603580,0,0,0,998,1000,1399,1400,6824729
MPCTASK: EXP,3,100,4988,-164,467,204,503,332,8,338,25,212,-146,1236,172,23,499,173,-495,-240,2109,70,300,1,3,3,15,3,1,1,0,0,0,5,21490,10751,32635,1827619,0,2044,42938,3653258,5548026,0,0,0,998,1000,1399,1400,6824729
MPCTASK: EXP,3,102,5089,-132,481,202,437,217,-8,452,317,274,10,1236,172,-27,438,172,-499,-222,1903,70,300,1,3,3,15,3,1,1,0,0,0,5,22637,8604,34214,1462512,0,1791,367402,3848241,5816444,0,0,0,998,1000,1399,1400,6824729
MPCTASK: EXP,3,104,5188,-86,506,202,379,159,-3,432,559,258,159,1206,172,-63,413,172,-498,-282,2251,70,300,1,3,3,15,3,1,1,0,0,0,5,22182,10419,32882,1771054,0,1790,24038,3770745,5590154,0,0,0,998,1000,1399,1400,6824729
MPCTASK: EXP,3,106,5287,-45,523,204,293,84,-3,593,769,194,284,1148,172,-101,364,173,-496,-345,2271,70,300,1,3,3,15,3,1,1,0,0,0,5,21586,9296,31287,1580160,0,1944,23099,3669558,5318968,0,0,0,997,1000,1399,1400,6824729
MPCTASK: EXP,3,108,5390,-12,523,205,166,-29,5,604,1014,66,374,1062,172,-151,304,174,-494,-306,2413,70,300,1,3,3,15,3,1,1,0,0,0,5,23969,9954,35227,1692021,0,1791,198836,4074644,5988701,0,0,0,997,1000,1399,1400,6824729
MPCTASK: EXP,3,110,5487,-13,517,206,-38,-135,17,696,1043,-72,420,952,172,-231,235,174,-493,-332,2405,70,300,1,3,3,15,3,1,1,0,0,0,5,24013,7077,31914,1203079,0,1790,64231,4082089,5425494,0,0,0,997,1000,1399,1400,6824729
MPCTASK: EXP,3,112,5591,-42,504,207,-246,-247,13,824,862,-201,417,819,172,-310,159,174,-492,-295,2348,70,300,1,3,3,15,3,1,1,0,0,0,5,22940,11889,35343,2021190,0,2663,63537,3899721,6008351,0,0,0,997,1000,1399,1400,6824729
MPCTASK: EXP,3,114,5689,-72,480,208,-370,-364,10,858,551,-354,366,668,172,-335,80,174,-491,-371,2268,70,300,1,3,3,15,3,1,1,0,0,0,5,23558,8638,33217,1468353,0,1790,89482,4004786,5646940,0,0,0,997,1000,1399,1400,6824729
MPCTASK: EXP,3,116,5791,-98,419,207,-423,-547,-17,815,303,-485,271,501,172,-340,-35,173,-495,-327,2313,70,300,1,3,3,15,3,1,1,0,0,0,5,22598,12692,35974,2157613,0,1793,23259,3841529,6115672,0,0,0,996,1000,1399,1400,6824729
MPCTASK: EXP,3,118,5895,-144,369,209,-485,-632,11,570,302,-538,143,323,172,-370,-96,174,-490,-207,1768,70,300,1,3,3,15,3,1,1,0,0,0,5,26579,12749,40415,2167143,0,55088,83800,4518353,6870607,0,0,0,995,1000,1399,1400,6870607
MPCTASK: EXP,3,120,5990,-206,302,213,-555,-721,33,491,24,-547,-7,138,172,-381,-180,176,-486,-294,2192,70,300,1,3,3,15,3,1,1,0,0,0,5,24220,9124,34618,1550917,0,2186,24246,4117317,5885112,0,0,0,994,1000,1399,1400,6870607
MPCTASK: EXP,3,122,6090,-248,251,222,-503,-728,53,386,-286,-549,-164,-48,172,-348,-220,179,-477,-175,1443,70,300,1,3,3,15,3,1,1,0,0,0,5,23824,10098,34932,1716625,0,82213,69289,4049985,5938548,0,0,0,994,1000,1399,1400,6870607
MPCTASK: EXP,3,124,6189,-292,191,224,-440,-747,8,320,-443,-608,-312,-233,172,-321,-271,178,-475,-194,1718,70,300,1,3,3,15,3,1,1,0,0,0,5,22645,10375,33736,1763678,0,1791,36158,3849505,5735117,0,0,0,995,1000,1399,1400,6870607
MPCTASK: EXP,3,126,6296,-314,124,224,-311,-797,-8,528,-817,-928,-438,-410,172,-224,-366,179,-477,-60,2366,70,300,1,3,3,15,3,1,1,0,0,0,5,26799,12754,40516,2168105,0,1790,92790,4555757,6887919,0,0,0,995,1000,1399,1400,6887919
MPCTASK: EXP,3,128,6387,-349,50,230,-174,-942,44,1009,-1485,-1313,-528,-577,172,-133,-512,184,-469,-206,2485,69,300,1,3,3,15,3,1,1,0,0,0,5,22653,7996,31457,1359343,0,1999,84041,3850969,5347763,0,0,0,996,1000,1399,1400,6887919
MPCTASK: EXP,3,130,6488,-356,-57,240,105,-1203,59,926,-2349,-1372,-574,-728,172,22,-668,189,-459,-863,2694,69,300,1,3,3,15,3,1,1,0,0,0,5,21706,10253,32607,1743030,0,1936,87444,3689861,5543258,0,0,0,997,1000,1399,1400,6887919
MPCTASK: EXP,3,132,6589,-337,-197,240,404,-1402,-65,-7,-1835,-1333,-571,-859,172,81,-739,186,-472,-434,2638,69,300,1,3,3,15,3,1,1,0,0,0,5,22689,9666,33347,1643224,0,1793,23261,3856999,5668987,0,0,0,997,1000,1399,1400,6887919
MPCTASK: EXP,3,134,6693,-294,-311,235,601,-1297,-85,-1192,-653,-1234,-520,-969,172,82,-673,180,-481,-183,2464,69,300,1,3,3,15,3,1,1,0,0,0,5,22940,13485,36940,2292271,0,1790,63808,3899786,6279872,0,0,0,997,1000,1399,1400,6887919
MPCTASK: EXP,3,136,6788,-242,-411,228,671,-1014,-84,-1573,-42,-1117,-425,-1053,172,95,-616,180,-488,-598,2796,69,300,1,3,3,15,3,1,1,0,0,0,5,20584,10104,31594,1717643,0,1790,108012,3499127,5371198,0,0,0,997,1000,1399,1400,6887919
MPCTASK: EXP,3,138,6892,-193,-469,221,668,-684,-80,-1397,142,-1150,-296,-1111,172,92,-545,178,-494,-552,2645,70,300,1,3,3,15,3,1,1,0,0,0,5,25224,9510,35593,1616683,0,1790,23408,4288017,6050886,0,0,0,998,1000,1399,1400,6887919
MPCTASK: EXP,3,140,6988,-146,-494,212,642,-385,-72,-1084,230,-1141,-146,-1139,172,80,-470,175,-501,-481,2392,70,300,1,3,3,15,3,1,1,0,0,0,5,21157,10484,32151,1782165,0,1791,63309,3596517,5465751,0,0,0,997,1000,1399,1400,6887919
MPCTASK: EXP,3,142,7088,-96,-500,201,602,-157,-76,-826,393,-1045,10,-1139,172,55,-389,172,-513,-406,2325,70,300,1,3,3,15,3,1,1,0,0,0,5,23913,6361,31484,1081387,0,1790,181919,4065173,5352322,0,0,0,997,1000,1399,1400,6887919
MPCTASK: EXP,3,144,7190,-60,-489,199,491,42,-48,-832,716,-852,159,-1109,172,-10,-284,172,-510,-401,2320,70,300,1,3,3,15,3,1,1,0,0,0,5,23031,9350,33030,1589359,0,1790,87441,3915157,5615051,0,0,0,997,1000,1399,1400,6887919
MPCTASK: EXP,3,146,7287,-22,-476,195,359,201,-54,-809,927,-608,284,-1051,172,-66,-197,172,-515,-344,2393,71,300,1,3,3,15,3,1,1,0,0,0,5,24538,6118,30978,1040040,0,1790,30526,4171381,5266482,0,0,0,997,1000,1399,1400,6887919
MPCTASK: EXP,3,148,7390,-17,-444,189,149,365,-68,-793,1088,-392,374,-965,172,-165,-91,172,-523,-399,2502,71,300,1,3,3,15,3,1,1,0,0,0,5,23623,9404,33581,1598603,0,1790,71924,4015765,5708858,0,0,0,997,1000,1399,1400,6887919
MPCTASK: EXP,3,150,7491,-17,-398,180,-45,518,-92,-813,1079,-184,420,-855,172,-239,19,172,-537,-403,2585,71,300,1,3,3,15,3,1,1,0,0,0,5,25060,9488,35121,1612782,0,2126,73153,4260149,5970772,0,0,0,996,1000,1399,1400,6887919
MPCTASK: EXP,3,152,7590,-32,-342,178,-224,648,-60,-748,956,-20,417,-722,172,-300,121,172,-533,-372,2464,71,300,1,3,3,15,3,1,1,0,0,0,5,21034,11218,33183,1906883,0,2094,85516,3575805,5641281,0,0,0,996,1000,1399,1400,6887919
MPCTASK: EXP,3,154,7693,-75,-260,172,-424,811,-56,-739,862,184,366,-571,172,-385,260,172,-539,-367,2422,71,300,1,3,3,15,3,1,1,0,0,0,5,25404,10449,36561,1776324,0,1790,23099,4318585,6215386,0,0,0,995,1000,1399,1400,6887919
MPCTASK: EXP,3,156,7793,-116,-188,169,-527,875,-27,-483,586,342,271,-404,172,-407,328,172,-535,-366,2253,72,300,1,3,3,15,3,1,1,0,0,0,5,23384,12328,36292,2095709,0,1790,32979,3975189,6169962,0,0,0,993,1000,1399,1400,6887919
MPCTASK: EXP,3,158,7891,-166,-100,162,-598,941,-52,-478,397,492,143,-226,172,-434,439,172,-547,-261,2185,72,300,1,3,3,15,3,1,1,0,0,0,5,23838,10150,34640,1725364,0,1790,65357,4052301,5888860,0,0,0,991,1000,1399,1400,6887919
MPCTASK: EXP,3,160,7992,-221,-15,161,-632,973,-39,-388,271,639,-7,-41,172,-448,514,172,-546,-300,2251,72,300,1,3,3,15,3,1,1,0,0,0,5,24374,10866,35643,1847099,0,1790,46546,4143453,6059302,0,0,0,988,1000,1399,1400,6887919
MPCTASK: EXP,3,162,8090,-292,86,153,-686,1018,-62,-92,-39,748,-164,145,172,-459,594,172,-558,-274,2182,72,300,1,3,3,15,3,1,1,0,0,0,5,22827,10263,33937,1744555,0,25424,97140,3880525,5769337,0,0,0,984,1000,1399,1400,6887919
MPCTASK: EXP,3,164,8187,-367,160,159,-666,922,57,247,-529,669,-312,329,172,-436,588,172,-540,-185,1671,72,300,1,3,3,15,3,1,1,0,0,0,5,21044,9939,31251,1689635,0,1790,23099,3577317,5312674,0,0,0,984,1000,1399,1400,6887919
MPCTASK: EXP,3,166,8291,-423,225,168,-539,819,94,507,-1140,448,-438,507,172,-371,587,172,-531,-498,2358,72,300,1,3,3,15,3,1,1,0,0,0,5,23694,10146,34758,1724784,0,1790,133237,4027945,5908918,0,0,0,987,1000,1399,1400,6887919
MPCTASK: EXP,3,168,8391,-453,293,178,-271,713,64,458,-1337,230,-528,673,172,-279,602,172,-521,-392,2546,71,300,1,3,3,15,3,1,1,0,0,0,5,22584,10233,33513,1739457,0,1790,86397,3839301,5697357,0,0,0,990,1000,1399,1400,6887919
MPCTASK: EXP,3,170,8493,-454,348,179,25,580,-4,425,-1325,99,-574,824,172,-171,590,172,-521,-447,2591,71,300,1,3,3,15,3,1,1,0,0,0,5,23285,11897,35447,2022381,0,1790,23099,3958385,6026085,0,0,0,993,1000,1399,1400,6887919
MPCTASK: EXP,3,172,8594,-422,392,169,306,481,-42,341,-1184,28,-571,956,172,-63,581,172,-539,-467,2552,72,300,1,3,3,15,3,1,1,0,0,0,5,25199,10965,36847,1863891,0,1790,23099,4283657,6264034,0,0,0,995,1000,1399,1400,6887919
MPCTASK: EXP,3,174,8691,-382,415,161,508,373,-36,306,-957,58,-520,1066,172,5,547,172,-545,-447,2403,72,300,1,3,3,15,3,1,1,0,0,0,5,22313,10051,33511,1708693,0,1790,23407,3793030,5696934,0,0,0,996,1000,1399,1400,6887919
MPCTASK: EXP,3,176,8793,-299,450,155,723,316,7,233,-549,77,-425,1150,172,83,538,172,-544,-362,2250,72,300,1,3,3,15,3,1,1,0,0,0,5,23256,9563,33885,1625631,0,1969,67546,3953433,5760563,0,0,0,996,1000,1399,1400,6887919
MPCTASK: EXP,3,178,8889,-220,479,163,789,267,59,290,-80,151,-296,1207,172,109,518,172,-536,-303,2191,72,300,1,3,3,15,3,1,1,0,0,0,5,21473,8200,30165,1394009,0,1790,61445,3650361,5128062,0,0,0,997,1000,1399,1400,6887919
MPCTASK: EXP,3,180,8992,-129,508,170,804,232,53,317,360,195,-146,1236,172,124,500,172,-529,-307,2198,72,300,1,3,3,15,3,1,1,0,0,0,5,24844,8198,33916,1393643,0,1790,65343,4223289,5765712,0,0,0,997,1000,1399,1400,6887919
MPCTASK: EXP,3,182,9096,-63,523,179,713,158,58,420,699,250,10,1236,172,89,455,172,-520,-352,2261,71,300,1,3,3,15,3,1,1,0,0,0,5,24126,12630,37160,2147133,0,1790,23099,4101409,6317254,0,0,0,997,1000,1399,1400,6887919
MPCTASK: EXP,3,184,9197,-4,528,187,525,49,13,406,1017,305,158,1206,172,22,397,172,-512,-300,2447,71,300,1,3,3,15,3,1,1,0,0,0,5,25344,10058,35978,1709867,0,1790,75577,4308365,6116345,0,0,0,997,1000,1399,1400,6887919
MPCTASK: EXP,3,186,9292,30,536,186,327,-11,-30,502,1149,309,284,1148,172,-51,350,172,-519,-332,2567,71,300,1,3,3,15,3,1,1,0,0,0,5,19925,11264,31929,1914746,0,1791,23267,3387049,5428049,0,0,0,997,1000,1399,1400,6887919
MPCTASK: EXP,3,188,9396,42,528,179,92,-131,-38,660,1214,228,373,1063,172,-143,267,172,-527,-374,2614,71,300,1,3,3,15,3,1,1,0,0,0,5,25467,10071,36057,1712093,0,1790,65402,4329245,6129696,0,0,0,997,1000,1399,1400,6887919
MPCTASK: EXP,3,190,9493,39,495,171,-116,-300,-15,686,1067,72,419,953,172,-210,159,172,-531,-439,2434,72,300,1,3,3,15,3,1,1,0,0,0,5,22733,9234,32935,1569609,0,1790,142341,3864489,5599052,0,0,0,996,1000,1399,1400,6887919
MPCTASK: EXP,3,192,9597,11,451,173,-319,-455,39,720,797,-99,416,821,172,-277,50,172,-526,-385,2294,71,300,1,3,3,15,3,1,1,0,0,0,5,24733,10876,36037,1848800,0,1791,23105,4204477,6126401,0,0,0,996,1000,1399,1400,6887919
MPCTASK: EXP,3,194,9696,-28,392,178,-450,-594,61,626,533,-261,364,670,172,-321,-51,172,-521,-337,2247,71,300,1,3,3,15,3,1,1,0,0,0,5,24597,10486,35880,1782665,0,1791,61136,4181425,6099608,0,0,0,996,1000,1399,1400,6887919
MPCTASK: EXP,3,196,9793,-75,337,187,-519,-657,73,485,358,-325,269,503,172,-347,-121,172,-512,-278,2133,71,300,1,3,3,15,3,1,1,0,0,0,5,22323,9785,33100,1663211,0,2182,24247,3794817,5627137,0,0,0,996,1000,1399,1400,6977606
MPCTASK: EXP,3,198,9896,-126,264,192,-574,-750,46,377,195,-348,141,325,172,-369,-214,172,-507,-244,1963,71,300,1,3,3,15,3,1,1,0,0,0,5,22905,11723,35638,1992756,0,1822,24249,3893758,6058638,0,0,0,995,1000,1399,1400,6977606
MPCTASK: EXP,3,200,9993,-180,188,199,-557,-770,35,202,-63,-341,-7,139,172,-356,-277,172,-500,-187,1514,70,300,1,3,3,15,3,1,1,0,0,0,5,22375,9951,32592,1691681,0,1790,23099,3803617,5540835,0,0,0,993,1000,1399,1400,6977606
MPCTASK: EXP,3,202,10092,-226,109,201,-511,-805,-5,233,-230,-423,-163,-49,172,-336,-355,172,-500,-202,1780,70,300,1,3,3,15,3,1,1,0,0,0,5,23162,8093,31876,1375697,0,1790,23099,3937514,5419021,0,0,0,992,1000,1399,1400,6977606
MPCTASK: EXP,3,204,10192,-262,43,198,-422,-805,-54,323,-548,-564,-309,-237,172,-277,-417,172,-512,-329,2220,71,300,1,3,3,15,3,1,1,0,0,0,5,21645,9490,31992,1612922,0,2127,120333,3679557,5439598,0,0,0,992,1000,1399,1400,6977606
MPCTASK: EXP,3,206,10296,-294,-21,193,-329,-832,-106,282,-782,-637,-431,-418,172,-239,-450,172,-527,-405,2307,71,300,1,3,3,15,3,1,1,0,0,0,5,23174,10914,34976,1855281,0,29928,99788,3939493,5946019,0,0,0,994,1000,1399,1400,6977606
MPCTASK: EXP,3,208,10399,-322,-94,188,-179,-805,-66,-135,-839,-728,-517,-589,172,-197,-451,172,-525,-388,2363,71,300,1,3,3,15,3,1,1,0,0,0,5,27002,8692,37037,1477538,0,1790,84955,4590285,6296342,0,0,0,995,1000,1399,1400,6977606
MPCTASK: EXP,3,210,10497,-341,-159,184,-62,-743,-55,-351,-736,-562,-559,-744,172,-184,-427,172,-526,-327,2333,71,300,1,3,3,15,3,1,1,0,0,0,5,24483,10620,35923,1805301,0,1997,116271,4162001,6106997,0,0,0,996,1000,1399,1400,6977606
MPCTASK: EXP,3,212,10598,-346,-220,182,53,-622,-22,-770,-675,-177,-554,-879,172,-170,-376,172,-522,-385,2278,71,300,1,3,3,15,3,1,1,0,0,0,5,24199,11201,36394,1904075,0,1790,146814,4113701,6187022,0,0,0,996,1000,1399,1400,6977606
MPCTASK: EXP,3,214,10698,-351,-261,179,119,-434,-21,-967,-628,187,-504,-988,172,-179,-298,172,-525,-445,2353,71,300,1,3,3,15,3,1,1,0,0,0,5,23908,11037,35755,1876183,0,1790,50787,4064169,6078804,0,0,0,996,1000,1399,1400,6977606
MPCTASK: EXP,3,216,10795,-350,-290,179,173,-243,-9,-954,-614,487,-415,-1066,172,-194,-228,172,-522,-385,2406,71,300,1,3,3,15,3,1,1,0,0,0,5,23639,9946,33936,1690813,0,1790,24049,4018537,5769121,0,0,0,997,1000,1399,1400,6977606
MPCTASK: EXP,3,218,10896,-345,-292,178,206,-35,-35,-917,-429,694,-299,-1109,172,-227,-139,172,-528,-417,2382,71,300,1,3,3,15,3,1,1,0,0,0,5,23954,8865,34554,1506945,0,38419,194858,4072161,5874199,0,0,0,997,1000,1399,1400,6977606
MPCTASK: EXP,3,220,10992,-344,-273,171,192,149,-50,-800,-248,730,-170,-1113,171,-265,-58,171,-538,-346,2407,72,300,1,3,3,15,3,1,1,0,0,0,5,20400,10158,31316,1726830,0,1791,106709,3467882,5323955,0,0,0,997,1000,1399,1400,6977606
MPCTASK: EXP,3,222,11095,-336,-238,166,170,318,-16,-512,-73,662,-45,-1075,171,-293,-4,171,-536,-352,2234,72,300,1,3,3,15,3,1,1,0,0,0,5,22241,9406,32575,1598903,0,1790,90313,3780917,5537982,0,0,0,997,1000,1399,1400,6977606
MPCTASK: EXP,3,224,11198,-324,-200,165,150,395,-7,-320,80,579,59,-995,172,-292,26,172,-536,-251,2033,72,300,1,3,3,15,3,1,1,0,0,0,5,25454,10066,35918,1711014,0,1790,44162,4327029,6106175,0,0,0,997,1000,1399,1400,6977606
MPCTASK: EXP,3,226,11294,-322,-161,168,83,424,19,-91,189,437,133,-876,172,-298,16,172,-531,-259,2202,72,300,1,3,3,15,3,1,1,0,0,0,5,21552,9169,32221,1558625,0,1790,201310,3663813,5477646,0,0,0,997,1000,1399,1400,6977606
MPCTASK: EXP,3,228,11400,-326,-120,171,31,419,27,331,49,298,167,-724,172,-284,-9,172,-528,-291,2209,72,300,1,3,3,15,3,1,1,0,0,0,5,26052,10409,37193,1769491,0,1961,24092,4428725,6322971,0,0,0,997,1000,1399,1400,6977606
MPCTASK: EXP,3,230,11496,-327,-79,178,22,339,-2,391,2,387,160,-551,172,-270,-13,172,-522,-256,2101,71,300,1,3,3,15,3,1,1,0,0,0,5,22959,9326,32906,1585424,0,1912,82576,3903046,5594134,0,0,0,997,1000,1399,1400,6977606
MPCTASK: EXP,3,232,11593,-328,-44,173,9,294,-56,477,45,505,119,-372,172,-265,-6,172,-538,-272,2311,71,300,1,3,3,15,3,1,1,0,0,0,5,20124,9885,31119,1680380,0,1790,99376,3421001,5290177,0,0,0,996,1000,1399,1400,6977606
MPCTASK: EXP,3,234,11694,-331,-27,169,14,185,-35,453,-182,708,57,-206,172,-256,12,172,-538,-258,2147,72,300,1,3,3,15,3,1,1,0,0,0,5,22648,8578,32180,1458238,0,1791,90387,3850121,5470668,0,0,0,995,1000,1399,1400,6977606
MPCTASK: EXP,3,236,11798,-336,-25,163,25,83,-49,364,-148,826,-5,-74,172,-295,58,172,-546,-228,1859,72,300,1,3,3,15,3,1,1,0,0,0,5,24350,9301,34443,1581014,0,1791,63720,4139449,5855382,0,0,0,993,1000,1399,1400,6977606
MPCTASK: EXP,3,238,11900,-341,-28,160,33,-10,-3,311,-226,796,-53,10,172,-333,119,172,-539,-270,2236,72,300,1,3,3,15,3,1,1,0,0,0,5,23633,10031,35919,1705164,0,1790,85272,4017497,6106357,0,0,0,992,1000,1399,1400,6977606
MPCTASK: EXP,3,240,11998,-342,-43,161,62,-63,-3,-217,-224,794,-74,44,172,-353,209,172,-539,-177,1382,72,300,1,3,2,15,3,1,1,0,0,0,5,26584,7584,34886,1289153,0,1790,41347,4519249,5930618,0,0,0,991,1000,1399,1400,6977606
MPCTASK: EXP,3,242,12098,-337,-53,163,58,14,11,-932,20,818,-76,48,172,-347,299,172,-536,-446,2330,72,300,1,3,3,15,3,1,1,0,0,0,5,22399,10509,35091,1786537,0,1911,131220,3807707,5965619,0,0,0,991,1000,1399,1400,6977606
MPCTASK: EXP,3,244,12199,-335,-45,166,24,183,24,-1345,12,777,-81,55,172,-296,358,172,-533,-563,2495,72,300,1,3,3,15,3,1,1,0,0,0,5,25396,8815,35474,1498301,0,1790,24250,4317149,6030723,0,0,0,991,1000,1399,1400,6977606
MPCTASK: EXP,3,246,12297,-340,-6,168,-31,451,-17,-1371,-32,775,-106,101,172,-264,451,172,-534,-583,2560,72,300,1,3,3,15,3,1,1,0,0,0,5,24387,7442,33057,1265058,0,18213,109911,4145650,5619671,0,0,0,991,1000,1399,1400,6977606
MPCTASK: EXP,3,248,12397,-353,54,162,-71,680,-41,-945,-270,614,-153,200,172,-217,504,172,-545,-268,2470,72,300,1,3,3,15,3,1,1,0,0,0,5,21721,11559,33780,1964816,0,1793,23262,3692589,5742733,0,0,0,991,1000,1399,1400,6977606
MPCTASK: EXP,3,250,12500,-371,140,157,-51,834,2,-211,-604,324,-209,346,172,-174,539,172,-542,-119,2015,72,300,1,3,3,15,3,1,1,0,0,0,5,23078,13087,37094,2224765,0,1938,77301,3923221,6306047,0,0,0,991,1000,1399,1400,6977606
MPCTASK: EXP,3,252,12599,-375,212,164,86,812,97,427,-1214,92,-256,520,172,-78,522,172,-535,-511,2391,72,300,1,3,3,15,3,1,1,0,0,0,5,25090,10024,35581,1703957,0,19357,37709,4265297,6048919,0,0,0,992,1000,1399,1400,6977606
MPCTASK: EXP,3,254,12702,-352,287,178,338,674,84,630,-1355,-94,-277,701,172,22,507,172,-521,-498,2473,71,300,1,3,3,15,3,1,1,0,0,0,5,25529,10156,37960,1726427,0,1790,286316,4339741,6453367,0,0,0,994,1000,1399,1400,6977606
MPCTASK: EXP,3,256,12800,-299,329,179,560,512,3,523,-946,-177,-262,871,172,83,477,172,-520,-437,2313,71,300,1,3,3,15,3,1,1,0,0,0,5,27485,8350,36538,1419297,0,1790,33711,4672422,6211581,0,0,0,995,1000,1399,1400,6977606
MPCTASK: EXP,3,258,12898,-214,368,170,762,400,-34,485,-571,-179,-208,1013,172,165,452,172,-536,-359,2244,72,300,1,3,3,15,3,1,1,0,0,0,5,20470,13111,34969,2228793,0,1790,211109,3479893,5944710,0,0,0,996,1000,1399,1400,6977606
MPCTASK: EXP,3,260,12999,-142,388,164,834,277,-12,588,-293,-134,-119,1119,171,201,396,171,-537,-257,2043,72,300,1,3,3,15,3,1,1,0,0,0,5,25192,9380,35708,1594525,0,1790,143770,4282533,6070463,0,0,0,996,1000,1399,1400,6977606
MPCTASK: EXP,3,262,13096,-58,407,165,831,149,16,549,149,-113,-5,1182,171,193,352,171,-534,-355,2235,72,300,1,3,3,15,3,1,1,0,0,0,5,22918,9071,32949,1542048,0,1823,87432,3896021,5601431,0,0,0,997,1000,1399,1400,6977606
MPCTASK: EXP,3,264,13200,19,422,171,753,76,46,491,607,-90,117,1201,171,166,316,171,-528,-288,2177,72,300,1,3,3,15,3,1,1,0,0,0,5,26730,9450,36887,1606261,0,2302,84130,4543957,6270844,0,0,0,997,1000,1399,1400,6977606
MPCTASK: EXP,3,266,13304,95,428,175,651,-11,16,691,878,-123,233,1178,172,141,255,172,-524,-398,2330,71,300,1,3,3,15,3,1,1,0,0,0,5,26649,13082,40594,2223789,0,1790,65596,4530186,6901251,0,0,0,997,1000,1399,1400,6977606
MPCTASK: EXP,3,268,13398,148,421,180,490,-115,21,644,1261,-139,329,1117,172,80,196,172,-519,-418,2528,71,300,1,3,3,15,3,1,1,0,0,0,5,24546,9777,34981,1662085,0,1790,65355,4172845,5946874,0,0,0,998,1000,1399,1400,6977606
MPCTASK: EXP,3,270,13495,188,399,184,229,-234,22,556,1422,-77,389,1021,172,2,122,172,-515,-438,2610,71,300,1,3,3,15,3,1,1,0,0,0,5,19903,9850,31980,1674392,0,2148,355619,3383429,5436678,0,0,0,997,1000,1399,1400,6977606
MPCTASK: EXP,3,272,13599,204,353,183,-4,-373,-34,557,1457,34,407,896,172,-67,16,172,-523,-541,2681,71,300,1,3,3,15,3,1,1,0,0,0,5,22447,12091,35333,2055398,0,1790,65088,3815977,6006731,0,0,0,997,1000,1399,1400,6977606
MPCTASK: EXP,3,274,13701,205,308,176,-206,-475,-67,490,1314,175,378,748,172,-109,-69,172,-536,-593,2555,71,300,1,3,3,15,3,1,1,0,0,0,5,23805,13575,37965,2307741,0,1791,77098,4046757,6454130,0,0,0,996,1000,1399,1400,6977606
MPCTASK: EXP,3,276,13802,159,267,173,-452,-542,-12,393,1018,246,304,582,172,-187,-131,172,-528,-468,2352,71,300,1,3,3,15,3,1,1,0,0,0,5,26740,9606,38533,1632911,0,1790,153719,4545745,6550688,0,0,0,995,1000,1399,1400,6977606
MPCTASK: EXP,3,278,13896,99,227,175,-604,-579,52,447,490,158,191,403,172,-211,-191,172,-524,-265,1890,71,300,1,3,3,15,3,1,1,0,0,0,5,22568,9175,32474,1559706,0,1790,51700,3836373,5520737,0,0,0,993,1000,1399,1400,6977606
MPCTASK: EXP,3,280,14001,39,166,182,-641,-658,97,423,98,-4,51,216,172,-223,-268,172,-517,-293,2212,71,300,1,3,3,15,3,1,1,0,0,0,5,26799,10125,37834,1721155,0,1790,132153,4555791,6431907,0,0,0,990,1000,1399,1400,6977606
MPCTASK: EXP,3,282,14099,2,102,191,-582,-716,83,388,-86,-261,-101,26,172,-187,-347,172,-508,-273,2145,71,300,1,3,3,15,3,1,1,0,0,0,5,24271,10376,35695,1763825,0,1966,129708,4125965,6068234,0,0,0,989,1000,1399,1400,6977606
MPCTASK: EXP,3,284,14199,-55,13,197,-551,-833,32,574,-511,-519,-254,-161,172,-146,-471,172,-502,-241,1915,71,300,1,3,3,15,3,1,1,0,0,0,5,23305,10521,35343,1788337,0,2221,24247,3961730,6008407,0,0,0,990,1000,1399,1400,6977606
MPCTASK: EXP,3,286,14300,-81,-69,190,-379,-896,-79,1,-752,-638,-389,-343,172,-81,-498,172,-524,-193,2397,71,300,1,3,3,15,3,1,1,0,0,0,5,23629,12729,36624,2163781,0,1790,23099,4016981,6226119,0,0,0,992,1000,1399,1400,6977606
MPCTASK: EXP,3,288,14401,-99,-148,187,-224,-811,-23,-738,-452,-660,-495,-514,172,-37,-476,172,-516,-263,2309,71,300,1,3,3,15,3,1,1,0,0,0,5,24327,12832,37428,2181229,0,1790,23099,4135653,6362822,0,0,0,993,1000,1399,1400,6977606
MPCTASK: EXP,3,290,14501,-103,-223,196,-87,-688,49,-684,-578,-669,-559,-672,172,31,-495,172,-503,-238,1888,71,300,1,3,3,15,3,1,1,0,0,0,5,22371,11850,35255,2014318,0,1822,113268,3802885,5993340,0,0,0,995,1000,1399,1400,6977606
MPCTASK: EXP,3,292,14602,-100,-283,195,55,-556,-17,-629,-621,-562,-576,-811,172,85,-487,172,-507,-233,2034,71,300,1,3,3,15,3,1,1,0,0,0,5,25688,9192,36119,1562495,0,1790,24247,4367033,6140335,0,0,0,996,1000,1399,1400,6977606
MPCTASK: EXP,3,294,14703,-75,-330,188,200,-449,-45,-575,-553,-417,-545,-929,172,140,-475,172,-520,-236,2096,71,300,1,3,3,15,3,1,1,0,0,0,5,24668,11781,37446,2002783,0,1790,123302,4193438,6365810,0,0,0,997,1000,1399,1400,6977606
MPCTASK: EXP,3,296,14800,-38,-357,184,334,-326,-33,-458,-496,-342,-467,-1024,172,193,-444,172,-522,-253,2166,71,300,1,3,3,15,3,1,1,0,0,0,5,27355,6993,34868,1188674,0,1790,63785,4650217,5927542,0,0,0,997,1000,1399,1400,6977606
MPCTASK: EXP,3,298,14901,6,-374,181,436,-236,-26,-371,-339,-309,-351,-1092,172,226,-411,172,-523,-244,2090,71,300,1,3,3,15,3,1,1,0,0,0,5,22756,11492,35109,1953527,0,42546,24624,3868510,5968619,0,0,0,997,1000,1399,1400,6977606
MPCTASK: EXP,3,300,15003,54,-390,178,486,-165,-10,-293,-117,-343,-208,-1132,172,234,-381,172,-523,-228,1903,71,300,1,3,3,15,3,1,1,0,0,0,5,24935,11525,37228,1959256,0,1790,84975,4238821,6328755,0,0,0,998,1000,1399,1400,6977606
MPCTASK: EXP,3,302,15098,108,-400,179,508,-108,14,-245,92,-411,-52,-1143,172,233,-348,172,-520,-259,2204,71,300,1,3,3,15,3,1,1,0,0,0,5,21558,10455,32545,1777269,0,1790,67193,3664677,5532788,0,0,0,998,1000,1399,1400,6977606
MPCTASK: EXP,3,304,15195,152,-407,183,456,-56,32,-300,405,-434,101,-1124,172,197,-301,172,-516,-257,2052,71,300,1,3,3,15,3,1,1,0,0,0,5,21749,6634,29378,1127721,0,42475,24628,3697157,4994395,0,0,0,997,1000,1399,1400,6977606
MPCTASK: EXP,3,306,15301,205,-408,184,401,13,7,-432,711,-366,237,-1077,172,167,-243,172,-515,-348,2275,71,300,1,3,3,15,3,1,1,0,0,0,5,23285,11162,34969,1897593,0,1790,43158,3958237,5945160,0,0,0,997,1000,1399,1400,6977606
MPCTASK: EXP,3,308,15396,229,-409,189,236,84,6,-552,989,-279,343,-1002,172,90,-187,172,-510,-327,2413,71,300,1,3,3,15,3,1,1,0,0,0,5,20028,10140,30435,1723644,0,1790,23099,3404730,5174135,0,0,0,997,1000,1399,1400,6977606
MPCTASK: EXP,3,310,15499,244,-396,187,44,200,-31,-718,1136,-152,407,-902,172,12,-102,172,-518,-361,2526,71,300,1,3,3,15,3,1,1,0,0,0,5,24019,7605,34061,1292739,0,120314,24244,4083081,5790652,0,0,0,997,1000,1399,1400,6977606
MPCTASK: EXP,3,312,15600,238,-380,183,-134,301,-45,-775,1159,-68,424,-778,172,-55,-31,172,-525,-346,2606,71,300,1,3,3,15,3,1,1,0,0,0,5,23563,10140,34257,1723816,0,1790,23409,4005541,5823775,0,0,0,996,1000,1399,1400,6977606
MPCTASK: EXP,3,314,15699,212,-336,179,-343,457,-45,-785,1009,27,392,-633,172,-127,74,172,-530,-368,2480,71,300,1,3,3,15,3,1,1,0,0,0,5,21059,10414,32555,1770137,0,64221,99333,3579941,5534552,0,0,0,995,1000,1399,1400,6977606
MPCTASK: EXP,3,316,15803,167,-297,177,-501,555,-17,-713,751,71,314,-472,172,-179,148,172,-525,-329,2343,71,300,1,3,3,15,3,1,1,0,0,0,5,26313,10082,36821,1713856,0,1790,48397,4473189,6259671,0,0,0,993,1000,1399,1400,6977606
MPCTASK: EXP,3,318,15900,124,-239,173,-578,662,-9,-680,497,173,198,-298,172,-195,239,172,-528,-282,2316,71,300,1,3,3,15,3,1,1,0,0,0,5,22516,10980,33939,1866480,0,1790,51537,3827729,5769733,0,0,0,991,1000,1399,1400,6977606
MPCTASK: EXP,3,320,16002,71,-168,174,-622,768,13,-599,246,272,54,-116,172,-200,333,172,-525,-318,2278,71,300,1,3,3,15,3,1,1,0,0,0,5,24774,10596,35967,1801191,0,43202,23099,4211473,6114575,0,0,0,988,1000,1399,1400,6977606
MPCTASK: EXP,3,322,16098,15,-85,173,-629,868,-33,-578,34,393,-101,70,172,-203,438,172,-533,-261,2199,71,300,1,3,3,15,3,1,1,0,0,0,5,20039,10161,31211,1727322,0,2656,23407,3406601,5306041,0,0,0,988,1000,1399,1400,6977606
MPCTASK: EXP,3,324,16206,-38,14,169,-597,981,-63,-446,-191,553,-255,256,172,-184,545,172,-543,-335,2240,72,300,1,3,3,15,3,1,1,0,0,0,5,27412,11251,39438,1912638,0,2662,108373,4660037,6704572,0,0,0,989,1000,1399,1400,6977606
MPCTASK: EXP,3,326,16297,-88,100,165,-536,992,-48,-127,-435,695,-391,437,172,-153,577,172,-543,-171,1594,72,300,1,3,3,15,3,1,1,0,0,0,5,18890,11834,30994,2011673,0,1944,23099,3211239,5269109,0,0,0,991,1000,1399,1400,6977606
MPCTASK: EXP,3,328,16402,-147,207,156,-466,996,-45,495,-706,662,-497,609,172,-128,614,172,-552,-309,2373,72,300,1,3,3,15,3,1,1,0,0,0,5,27434,8179,36132,1390388,0,1790,65484,4663589,6142403,0,0,0,993,1000,1399,1400,6977606
MPCTASK: EXP,3,330,16498,-190,276,163,-305,807,57,774,-1071,566,-561,766,172,-76,584,172,-536,-439,2422,72,300,1,3,3,15,3,1,1,0,0,0,5,19951,10509,31533,1786453,0,1790,159355,3391650,5360572,0,0,0,994,1000,1399,1400,6977606
MPCTASK: EXP,3,332,16603,-207,347,165,-83,671,41,802,-1240,385,-578,906,172,-1,579,172,-534,-403,2542,72,300,1,3,3,15,3,1,1,0,0,0,5,25680,9088,35161,1544958,0,1790,42989,4365538,5977432,0,0,0,996,1000,1399,1400,6977606
MPCTASK: EXP,3,334,16701,-197,386,168,166,479,18,735,-1246,275,-546,1025,172,81,534,172,-531,-539,2450,72,300,1,3,3,15,3,1,1,0,0,0,5,23497,9571,33651,1626990,0,55881,23099,3994337,5720793,0,0,0,997,1000,1399,1400,6977606
MPCTASK: EXP,3,336,16798,-153,407,165,416,315,-8,529,-922,159,-468,1120,172,148,491,172,-535,-444,2336,72,300,1,3,3,15,3,1,1,0,0,0,5,22476,5704,30450,969600,0,274466,24622,3820805,5176561,0,0,0,997,1000,1399,1400,6977606
MPCTASK: EXP,3,338,16909,-105,418,162,552,188,14,358,-500,104,-351,1188,172,178,446,172,-537,-346,2235,72,300,1,3,3,15,3,1,1,0,0,0,5,26331,11992,38845,2038527,0,2662,65649,4476181,6603763,0,0,0,997,1000,1399,1400,6977606
MPCTASK: EXP,3,340,17006,-47,416,161,618,76,25,293,-119,92,-208,1228,172,187,384,172,-538,-287,2217,72,300,1,3,3,15,3,1,1,0,0,0,5,26231,8841,36179,1502979,0,2187,109757,4459306,6150521,0,0,0,998,1000,1399,1400,6977606
MPCTASK: EXP,3,342,17106,-6,431,164,545,62,44,176,264,31,-52,1239,172,133,375,172,-535,-237,1778,72,300,1,3,3,15,3,1,1,0,0,0,5,23848,11394,36977,1936985,0,2218,24246,4054037,6286135,0,0,0,998,1000,1399,1400,6977606
MPCTASK: EXP,3,344,17206,40,440,172,465,38,58,326,504,-51,101,1221,172,94,335,172,-527,-278,2088,71,300,1,3,3,15,3,1,1,0,0,0,5,25839,9332,36541,1586228,0,1790,120192,4392677,6211963,0,0,0,998,1000,1399,1400,6977606
MPCTASK: EXP,3,346,17309,69,439,182,323,-37,51,536,696,-92,238,1174,172,28,266,172,-517,-235,1830,71,300,1,3,3,15,3,1,1,0,0,0,5,25279,13085,38886,2224358,0,1790,65392,4297313,6610548,0,0,0,998,1000,1399,1400,6977606
MPCTASK: EXP,3,348,17407,101,441,183,219,-96,4,605,813,-94,343,1100,172,-17,217,172,-516,-395,2283,71,300,1,3,3,15,3,1,1,0,0,0,5,25735,10185,37217,1731443,0,1790,121590,4374997,6326964,0,0,0,998,1000,1399,1400,6977606
MPCTASK: EXP,3,350,17512,106,429,185,35,-194,-14,683,985,-136,407,999,172,-97,149,172,-517,-281,2496,71,300,1,3,3,15,3,1,1,0,0,0,5,29078,12270,42384,2085833,0,1791,152991,4943309,7205428,0,0,0,997,1000,1399,1400,7205428
MPCTASK: EXP,3,352,17603,89,409,182,-161,-300,-26,705,844,-165,424,875,172,-167,75,172,-522,-288,2424,71,300,1,3,3,15,3,1,1,0,0,0,5,22564,9954,32998,1692213,0,2038,58729,3835801,5609800,0,0,0,997,1000,1399,1400,7205428
MPCTASK: EXP,3,354,17708,58,372,172,-326,-424,-51,732,725,-231,392,730,172,-232,-15,172,-537,-322,2377,71,300,1,3,3,15,3,1,1,0,0,0,5,24594,12490,37967,2123237,0,1791,114102,4181011,6454481,0,0,0,996,1000,1399,1400,7205428
MPCTASK: EXP,3,356,17807,3,331,166,-480,-525,-32,613,457,-208,314,569,172,-287,-85,172,-539,-315,2321,72,300,1,3,3,15,3,1,1,0,0,0,5,26959,9327,37920,1585457,0,1790,50522,4583050,6446579,0,0,0,996,1000,1399,1400,7205428
MPCTASK: EXP,3,358,17906,-53,296,168,-551,-554,27,493,164,-132,198,395,172,-303,-124,172,-531,-336,2226,72,300,1,3,3,15,3,1,1,0,0,0,5,24093,11855,36457,2015270,0,1791,23104,4095693,6197775,0,0,0,995,1000,1399,1400,7205428
MPCTASK: EXP,3,360,18006,-108,241,171,-551,-622,55,511,-115,-306,54,213,172,-304,-209,172,-528,-337,2222,72,300,1,3,3,15,3,1,1,0,0,0,5,25547,9919,36141,1686242,0,1790,47246,4342997,6144101,0,0,0,993,1000,1399,1400,7205428
MPCTASK: EXP,3,362,18103,-161,175,178,-518,-719,51,615,-284,-566,-101,26,172,-294,-303,172,-521,-285,2185,71,300,1,3,3,15,3,1,1,0,0,0,5,21198,11888,33351,2020877,0,1790,23099,3603501,5669750,0,0,0,991,1000,1399,1400,7205428
MPCTASK: EXP,3,364,18207,-204,108,186,-441,-795,53,655,-659,-783,-255,-159,172,-234,-400,172,-513,-340,2262,71,300,1,3,3,15,3,1,1,0,0,0,5,28252,8597,37344,1461464,0,1790,61663,4802826,6348533,0,0,0,991,1000,1399,1400,7205428
MPCTASK: EXP,3,366,18304,-240,20,190,-307,-945,20,615,-1143,-947,-391,-340,172,-155,-501,172,-509,-454,2348,71,300,1,3,3,15,3,1,1,0,0,0,5,24703,9902,35221,1683299,0,1908,40804,4199385,5987698,0,0,0,992,1000,1399,1400,7205428
MPCTASK: EXP,3,368,18406,-250,-65,187,-97,-998,-40,6,-1076,-1012,-497,-512,172,-80,-527,172,-520,-440,2401,71,300,1,3,3,15,3,1,1,0,0,0,5,25771,9328,35744,1585657,0,1790,87230,4381062,6076546,0,0,0,993,1000,1399,1400,7205428
MPCTASK: EXP,3,370,18505,-241,-148,182,91,-935,-69,-577,-731,-808,-561,-669,172,-24,-509,172,-531,-343,2340,71,300,1,3,3,15,3,1,1,0,0,0,5,24063,10960,35877,1863104,0,1790,23106,4090613,6099271,0,0,0,995,1000,1399,1400,7205428
MPCTASK: EXP,3,372,18603,-235,-244,180,187,-836,-30,-871,-554,-657,-578,-809,172,8,-525,172,-525,-288,2427,71,300,1,3,3,15,3,1,1,0,0,0,5,21827,10145,33255,1724552,0,1790,195512,3710622,5653447,0,0,0,996,1000,1399,1400,7205428
MPCTASK: EXP,3,374,18703,-210,-297,184,301,-623,14,-873,-545,-670,-546,-928,172,60,-483,172,-515,-310,2366,71,300,1,3,3,15,3,1,1,0,0,0,5,22269,11077,33862,1882604,0,1790,65425,3785725,5756719,0,0,0,996,1000,1399,1400,7205428
MPCTASK: EXP,3,376,18805,-178,-347,184,400,-482,-7,-744,-525,-683,-468,-1023,172,101,-465,172,-517,-240,2053,71,300,1,3,3,15,3,1,1,0,0,0,5,25484,9210,35600,1565633,0,1790,65342,4332141,6052040,0,0,0,997,1000,1399,1400,7205428
MPCTASK: EXP,3,378,18910,-136,-373,178,491,-327,-32,-628,-378,-703,-351,-1091,172,128,-420,172,-528,-275,2335,71,300,1,3,3,15,3,1,1,0,0,0,5,26451,13407,40856,2279214,0,1790,23260,4496566,6945637,0,0,0,997,1000,1399,1400,7205428
MPCTASK: EXP,3,380,19003,-88,-394,175,543,-215,-8,-518,-157,-683,-208,-1131,172,135,-382,172,-526,-282,2285,71,300,1,3,3,15,3,1,1,0,0,0,5,23096,9977,33338,1695995,0,1790,23099,3926146,5667658,0,0,0,997,1000,1399,1400,7205428
MPCTASK: EXP,3,382,19103,-36,-406,176,543,-107,8,-564,182,-611,-52,-1143,172,116,-325,172,-523,-308,2279,71,300,1,3,3,15,3,1,1,0,0,0,5,21629,11177,33919,1900037,0,2219,24248,3676833,5766386,0,0,0,997,1000,1399,1400,7205428
MPCTASK: EXP,3,384,19206,7,-413,178,479,-15,1,-494,429,-540,101,-1124,172,81,-279,172,-521,-244,1936,71,300,1,3,3,15,3,1,1,0,0,0,5,25723,9641,36079,1638762,0,1790,98917,4372917,6133594,0,0,0,997,1000,1399,1400,7205428
MPCTASK: EXP,3,386,19304,49,-406,180,394,87,-7,-502,650,-444,238,-1077,172,37,-210,172,-520,-313,2294,71,300,1,3,3,15,3,1,1,0,0,0,5,23634,10059,34542,1710026,0,1790,122120,4017817,5872206,0,0,0,997,1000,1399,1400,7205428
MPCTASK: EXP,3,388,19403,87,-395,178,279,179,-20,-560,922,-320,343,-1003,172,-13,-142,172,-525,-376,2383,71,300,1,3,3,15,3,1,1,0,0,0,5,25673,7975,34155,1355626,0,1790,23099,4364321,5806433,0,0,0,997,1000,1399,1400,7205428
MPCTASK: EXP,3,390,19503,96,-377,180,104,271,-10,-635,1041,-222,407,-902,172,-85,-68,172,-521,-309,2492,71,300,1,3,3,15,3,1,1,0,0,0,5,20625,12043,33440,2047221,0,1790,108327,3506181,5684852,0,0,0,997,1000,1399,1400,7205428
MPCTASK: EXP,3,392,19607,102,-347,180,-68,380,-17,-692,1016,-75,424,-778,172,-138,16,172,-522,-311,2487,71,300,1,3,3,15,3,1,1,0,0,0,5,25274,9603,35853,1632461,0,1790,142242,4296386,6095109,0,0,0,997,1000,1399,1400,7205428
MPCTASK: EXP,3,394,19706,91,-300,175,-229,509,-38,-746,963,87,392,-634,172,-190,119,172,-532,-333,2481,71,300,1,3,3,15,3,1,1,0,0,0,5,24954,9949,35176,1691114,0,1790,23099,4241965,5980009,0,0,0,996,1000,1399,1400,7205428
MPCTASK: EXP,3,396,19807,53,-249,171,-410,621,-30,-730,826,216,314,-472,172,-254,212,172,-534,-348,2393,72,300,1,3,3,15,3,1,1,0,0,0,5,27566,9041,37125,1536873,0,1790,63798,4686073,6311324,0,0,0,995,1000,1399,1400,7205428
MPCTASK: EXP,3,398,19907,11,-208,171,-512,665,-16,-673,545,304,198,-298,172,-271,265,172,-531,-350,2291,72,300,1,3,3,15,3,1,1,0,0,0,5,24247,10886,35652,1850553,0,1790,65359,4122061,6060867,0,0,0,992,1000,1399,1400,7205428
MPCTASK: EXP,3,400,20007,-39,-144,172,-579,750,-15,-655,277,431,54,-116,172,-285,354,172,-530,-332,2302,71,300,1,3,3,15,3,1,1,0,0,0,5,26137,8959,35475,1523010,0,1790,42187,4443089,6030857,0,0,0,989,1000,1399,1400,7205428
MPCTASK: EXP,3,402,20111,-90,-68,170,-584,839,-47,-538,-14,563,-101,70,172,-271,438,172,-538,-347,2256,72,300,1,3,3,15,3,1,1,0,0,0,5,24003,14479,39816,2461346,0,1790,147890,4080371,6768775,0,0,0,987,1000,1399,1400,7205428
MPCTASK: EXP,3,404,20206,-141,6,161,-548,882,-81,-402,-317,703,-255,256,172,-243,508,172,-554,-333,2251,72,300,1,3,3,15,3,1,1,0,0,0,5,26431,7945,34884,1350636,0,1790,23099,4493173,5930285,0,0,0,988,1000,1399,1400,7205428
MPCTASK: EXP,3,406,20309,-190,79,154,-486,888,-94,-142,-398,837,-391,437,172,-230,532,172,-563,-322,2261,72,300,1,3,3,15,3,1,1,0,0,0,5,25036,12009,37562,2041379,0,1790,65408,4256101,6385831,0,0,0,989,1000,1399,1400,7205428
MPCTASK: EXP,3,408,20408,-245,173,147,-423,901,-41,292,-664,774,-497,609,172,-204,570,172,-560,-311,2369,72,300,1,3,3,15,3,1,1,0,0,0,5,25470,9555,36001,1624194,0,1790,120191,4329953,6120210,0,0,0,991,1000,1399,1400,7205428
MPCTASK: EXP,3,410,20507,-277,227,152,-255,730,-1,602,-1108,656,-561,766,172,-130,534,172,-547,-511,2452,72,300,1,3,3,15,3,1,1,0,0,0,5,23961,11861,36094,2016213,0,1790,23209,4073301,6136062,0,0,0,994,1000,1399,1400,7205428
MPCTASK: EXP,3,412,20605,-295,299,150,-65,672,-36,418,-1147,343,-578,906,172,-82,565,172,-556,-565,2445,72,300,1,3,3,15,3,1,1,0,0,0,5,25629,8007,34150,1361027,0,1790,23099,4356961,5805717,0,0,0,995,1000,1399,1400,7205428
MPCTASK: EXP,3,414,20709,-293,361,148,151,575,35,706,-1289,49,-546,1025,172,0,540,172,-551,-562,2487,72,300,1,3,3,15,3,1,1,0,0,0,5,22569,13142,36722,2234068,0,1791,68934,3836734,6242815,0,0,0,996,1000,1399,1400,7205428
MPCTASK: EXP,3,416,20807,-276,409,159,352,430,88,701,-1238,-110,-468,1119,172,54,514,172,-540,-511,2423,72,300,1,3,3,15,3,1,1,0,0,0,5,25209,10274,35908,1746459,0,1790,48325,4285389,6104442,0,0,0,997,1000,1399,1400,7205428
MPCTASK: EXP,3,418,20906,-222,438,162,563,300,17,493,-836,-143,-351,1188,172,102,491,172,-537,-395,2325,72,300,1,3,3,15,3,1,1,0,0,0,5,23184,11373,35138,1933265,0,1791,34875,3941233,5973443,0,0,0,997,1000,1399,1400,7205428
MPCTASK: EXP,3,420,21007,-156,450,160,681,182,1,341,-316,-52,-208,1228,172,125,449,172,-539,-297,2219,72,300,1,3,3,15,3,1,1,0,0,0,5,24256,11156,36124,1896509,0,23299,76609,4123421,6141134,0,0,0,997,1000,1399,1400,7205428
MPCTASK: EXP,3,422,21108,-69,474,156,751,158,5,259,127,-28,-52,1239,172,154,436,172,-543,-301,2201,72,300,1,3,3,15,3,1,1,0,0,0,5,24119,10977,35862,1865859,0,2811,71650,4100125,6096634,0,0,0,997,1000,1399,1400,7205428
MPCTASK: EXP,3,424,21209,2,489,165,689,103,65,423,510,-22,101,1221,172,132,391,172,-534,-339,2228,72,300,1,3,3,15,3,1,1,0,0,0,5,28414,8453,37511,1436953,0,65878,23268,4830349,6376921,0,0,0,997,1000,1399,1400,7205428
MPCTASK: EXP,3,426,21306,72,492,174,592,12,56,513,884,-20,237,1175,172,102,333,172,-525,-387,2325,71,300,1,3,3,15,3,1,1,0,0,0,5,22442,11495,35147,1954127,0,2176,24245,3815041,5975037,0,0,0,997,1000,1399,1400,7205428
MPCTASK: EXP,3,428,21409,116,487,182,397,-78,27,486,1255,32,342,1100,172,24,275,172,-517,-377,2531,71,300,1,3,3,15,3,1,1,0,0,0,5,26167,11059,37614,1879985,0,1790,43444,4448386,6394368,0,0,0,997,1000,1399,1400,7205428
MPCTASK: EXP,3,430,21509,146,470,183,178,-188,-18,671,1322,-8,406,1000,172,-38,184,172,-520,-450,2598,71,300,1,3,3,15,3,1,1,0,0,0,5,24774,11231,36785,1909075,0,21658,89906,4211501,6253670,0,0,0,997,1000,1399,1400,7205428
MPCTASK: EXP,3,432,21606,132,448,175,-101,-302,-46,742,1235,-27,423,877,172,-141,101,172,-534,-471,2582,71,300,1,3,3,15,3,1,1,0,0,0,5,23945,10335,34891,1756918,0,1939,80490,4070577,5931528,0,0,0,996,1000,1399,1400,7205428
MPCTASK: EXP,3,434,21708,93,425,169,-351,-411,-34,814,988,-83,390,733,172,-223,23,172,-537,-472,2362,72,300,1,3,3,15,3,1,1,0,0,0,5,24539,11092,36818,1885616,0,1790,178111,4171537,6259131,0,0,0,996,1000,1399,1400,7205428
MPCTASK: EXP,3,436,21807,62,376,167,-467,-562,27,853,517,-237,312,572,172,-231,-86,172,-532,-418,2293,72,300,1,3,3,15,3,1,1,0,0,0,5,26153,9356,36158,1590383,0,1790,87657,4445949,6146864,0,0,0,995,1000,1399,1400,7205428
MPCTASK: EXP,3,438,21908,14,310,172,-528,-709,58,744,227,-408,196,397,172,-248,-189,172,-527,-354,2293,71,300,1,3,3,15,3,1,1,0,0,0,5,22149,11276,35635,1916920,0,1790,306410,3765323,6058081,0,0,0,993,1000,1399,1400,7205428
MPCTASK: EXP,3,440,22008,-37,233,178,-559,-816,40,517,123,-594,53,214,172,-264,-275,172,-521,-318,2233,71,300,1,3,3,15,3,1,1,0,0,0,5,24533,10252,35444,1742741,0,2218,24248,4170641,6025525,0,0,0,991,1000,1399,1400,7205428
MPCTASK: EXP,3,442,22106,-85,153,181,-544,-871,0,468,-200,-710,-101,26,172,-235,-365,172,-518,-328,2212,71,300,1,3,3,15,3,1,1,0,0,0,5,23102,9975,33592,1695726,0,1790,23105,3927325,5710690,0,0,0,989,1000,1399,1400,7205428
MPCTASK: EXP,3,444,22210,-144,60,180,-518,-955,-27,252,-502,-808,-252,-162,172,-223,-437,172,-524,-279,2106,71,300,1,3,3,15,3,1,1,0,0,0,5,26361,10342,37500,1758038,0,1790,113193,4481273,6374942,0,0,0,989,1000,1399,1400,7205428
MPCTASK: EXP,3,446,22307,-194,-35,182,-430,-967,-43,-327,-638,-699,-386,-347,172,-206,-458,172,-526,-291,2318,71,300,1,3,3,15,3,1,1,0,0,0,5,21676,11818,34736,2008870,0,1790,189276,3684769,5905177,0,0,0,991,1000,1399,1400,7205428
MPCTASK: EXP,3,448,22409,-235,-118,180,-331,-854,-39,-723,-602,-480,-487,-523,172,-193,-445,172,-527,-355,2300,71,300,1,3,3,15,3,1,1,0,0,0,5,26686,9951,36905,1691722,0,1790,23104,4536549,6274029,0,0,0,993,1000,1399,1400,7205428
MPCTASK: EXP,3,450,22506,-255,-171,177,-191,-656,-13,-734,-751,-183,-548,-685,172,-150,-398,172,-524,-373,2301,71,300,1,3,3,15,3,1,1,0,0,0,5,23303,10122,33942,1720634,0,1790,65419,3961377,5770269,0,0,0,994,1000,1399,1400,7205428
MPCTASK: EXP,3,452,22607,-262,-209,171,-49,-469,-47,-733,-713,158,-562,-828,172,-126,-335,172,-538,-369,2333,72,300,1,3,3,15,3,1,1,0,0,0,5,23410,9832,34155,1671406,0,1790,65137,3979629,5806478,0,0,0,995,1000,1399,1400,7205428
MPCTASK: EXP,3,454,22708,-263,-240,166,65,-312,-25,-629,-726,350,-529,-948,172,-104,-285,172,-539,-301,2376,72,300,1,3,3,15,3,1,1,0,0,0,5,24586,10371,35490,1762974,0,1790,68538,4179477,6033261,0,0,0,996,1000,1399,1400,7205428
MPCTASK: EXP,3,456,22810,-252,-257,162,179,-179,-4,-481,-657,405,-454,-1039,172,-92,-232,172,-538,-280,2211,72,300,1,3,3,15,3,1,1,0,0,0,5,27257,9989,37870,1698132,0,1790,23733,4633589,6437879,0,0,0,996,1000,1399,1400,7205428
MPCTASK: EXP,3,458,22909,-227,-264,161,283,-74,20,-407,-469,386,-348,-1096,172,-82,-181,172,-538,-273,2074,72,300,1,3,3,15,3,1,1,0,0,0,5,24777,11240,37139,1910733,0,2098,165385,4212081,6313664,0,0,0,997,1000,1399,1400,7205428
MPCTASK: EXP,3,460,23007,-201,-266,165,326,4,37,-420,-240,294,-222,-1116,171,-89,-137,171,-534,-273,2071,72,300,1,3,3,15,3,1,1,0,0,0,5,24967,8667,34170,1473392,0,1790,68724,4244201,5808994,0,0,0,997,1000,1399,1400,7205428
MPCTASK: EXP,3,462,23107,-169,-257,167,339,93,27,-413,21,179,-94,-1095,171,-96,-94,171,-532,-292,2246,72,300,1,3,3,15,3,1,1,0,0,0,5,20784,9907,32233,1684086,0,1790,151263,3533051,5479666,0,0,0,998,1000,1399,1400,7205428
MPCTASK: EXP,3,464,23210,-147,-244,174,277,160,38,-403,283,138,20,-1032,171,-111,-81,171,-525,-211,1514,71,300,1,3,3,15,3,1,1,0,0,0,5,22423,11221,35061,1907464,0,1790,24250,3811801,5960654,0,0,0,998,1000,1399,1400,7205428
MPCTASK: EXP,3,466,23311,-125,-225,179,210,225,31,-401,411,149,108,-928,172,-119,-59,172,-520,-212,1567,71,300,1,3,3,15,3,1,1,0,0,0,5,23780,10615,35217,1804429,0,1791,116259,4042581,5987017,0,0,0,998,1000,1399,1400,7205428
MPCTASK: EXP,3,468,23409,-113,-198,178,116,289,-11,-288,501,181,158,-788,172,-128,-50,172,-523,-265,2174,71,300,1,3,3,15,3,1,1,0,0,0,5,24934,8327,34249,1415456,0,2092,88174,4238733,5822478,0,0,0,997,1000,1399,1400,7205428
MPCTASK: EXP,3,470,23515,-110,-172,177,19,304,-16,-137,452,233,167,-621,172,-126,-63,172,-525,-232,1889,71,300,1,3,3,15,3,1,1,0,0,0,5,27984,10954,39902,1862159,0,2667,43673,4757093,6783462,0,0,0,996,1000,1399,1400,7205428
MPCTASK: EXP,3,472,23609,-111,-140,175,-43,320,-32,28,297,282,139,-443,172,-111,-67,172,-531,-255,2241,71,300,1,3,3,15,3,1,1,0,0,0,5,23974,8430,34432,1433023,0,1790,244115,4075509,5853505,0,0,0,995,1000,1399,1400,7205428
MPCTASK: EXP,3,474,23712,-117,-109,171,-82,293,-39,219,191,395,83,-270,172,-109,-63,172,-536,-248,2230,72,300,1,3,3,15,3,1,1,0,0,0,5,24061,11237,36232,1910203,0,1790,96249,4090313,6159567,0,0,0,993,1000,1399,1400,7205428
MPCTASK: EXP,3,476,23809,-130,-92,167,-105,208,-40,365,-18,516,18,-122,172,-125,-57,172,-540,-273,2264,72,300,1,3,3,15,3,1,1,0,0,0,5,22613,10347,33610,1758818,0,1790,46724,3844085,5713879,0,0,0,990,1000,1399,1400,7205428
MPCTASK: EXP,3,478,23910,-142,-79,167,-87,127,-13,397,-208,588,-36,-17,172,-148,-33,172,-534,-219,1649,72,300,1,3,3,15,3,1,1,0,0,0,5,23747,10027,34413,1704451,0,1997,30349,4036998,5850203,0,0,0,988,1000,1399,1400,7205428
MPCTASK: EXP,3,480,24009,-146,-75,164,-33,45,-20,353,-290,610,-68,36,172,-145,-28,172,-539,-263,2179,72,300,1,3,3,15,3,1,1,0,0,0,5,21745,11160,33773,1897131,0,1790,125809,3696589,5741518,0,0,0,988,1000,1399,1400,7205428
MPCTASK: EXP,3,482,24108,-144,-79,161,25,-4,-30,38,-151,630,-76,48,172,-117,-61,172,-544,-269,2195,72,300,1,3,3,15,3,1,1,0,0,0,5,23058,8426,31993,1358934,0,1790,65084,3919658,5439022,0,0,0,987,1000,1399,1400,7205428
MPCTASK: TRAJ DONE: idx=482, max=482; requesting landing
MPCTASK: LANDING: start z=0.15, hold=(-0.14,-0.08)
MPCTASK: TIMING SUMMARY: max_step_cycles=7205428 deadline_cycles=8400000 overruns=0
MPCTASK: LANDING COMPLETE: t=27630 ms, x=-0.109, y=-0.095, z=0.023, vz=-0.097; motors off