---
SYS: Crazyflie 2.1 Brushless is up and running!
SYS: Build 2:de14ff9f08ae (2025.09.1 +2) MODIFIED
SYS: I am 0x373930393434471500370039 and I have 1024KB of flash!
CFGBLK: v1, verification [OK]
DECK_DISCOVERY: Backend found: onewire
DECK_DISCOVERY: Backend found: deckctrl
DECK_CORE: 1 deck(s) found
DECK_CORE: Calling INIT on driver bcFlow2 for deck 0
ZR2: Z-down sensor [OK]
PMW: Motion chip id: 0x49:0xB6
IMU: BMI088: Using I2C interface.
IMU: BMI088 Gyro connection [OK].
IMU: BMI088 Accel connection [OK]
IMU: BMP390 I2C connection [OK]
ESTIMATOR: Using Kalman (2) estimator
CONTROLLER: Using PID (1) controller
MTR-DRV: Using brushless motor driver
SYS: About to run tests in system.c.
SYS: NRF51 version: 2026.04 (C21B)
EEPROM: I2C connection [OK].
STORAGE: Storage check [OK].
IMU: BMI088 gyro self-test [OK]
DECK_CORE: Deck 0 test [OK].
SYS: Self test passed!
STAB: Wait for sensor calibration...
SYS: Free heap: 15048 bytes
MPCTASK: Waiting for activation ...
STAB: Starting stabilizer loop
STAB: WARNING: stabilizer loop rate is off (1004)
SUP: Ready to fly
MPCTASK: Benchmark mode 3, maneuver 4, max_iter 5, task_pri 0
MPCTASK: Reference altitude: 0.70 m; barrier skip when z>0.75 and vz>-0.20
MPCTASK: OOT takeoff: cfclient trigger>=0.15m ramp=0.15m/s forced_trajectory_start=5000ms timeout=12000ms
MPCTASK: Common baseline: mpc_hz=20 model_hz=20 rho=5 base_w=0 base_qz=1 Qz=100 R=4 bridge=x10 guards=z[ref,ref+0.20] xy=free cap=0.05
MPCTASK: MPC->PID: xyz=x10, z_guard=[ref,ref+0.20], yaw=raw_rz, output_hold=200ms, safety_hold=500ms
MPCTASK: Reference origin: xy=forced_5s_start z=0.70 m
MPCTASK: LIMO adaptive: cache=16x4 evals=1 timing=bar/rl/cache_cycles
MPCTASK: EXP every=2: m,s,tms,p3[mm],v3[mmps],att3[cdeg],ref3[mm],cmd3[mm],h/raw/grad/mar/thr[milli],act/ac/bind,wi/qi/cache/noa,pa/pf/du[milli],it,mpc/eval/total[us],bar/tanh/rl/cache/solve/step[cycles],overruns,post_active/post_infeasible_totals,wreq/w/qzreq/qz[milli],max_step_cycles
MPCTASK: Figure8: source=traj_fig8_12.h source_hz=100 samples=1205 laps=2 duration=24.07 s origin=forced_5s_start z_offset=0.09 m
CONTROLLER: Using OutOfTree (6) controller
MPCTASK: Trajectory origin: x=-0.01 y=-0.07
MPCTASK: OOT activated at z=0.01
MPCTASK: TAKEOFF START: trigger_z=0.15 start_z=0.01 target=0.70 hold=(-0.02,-0.07) ramp=0.15m/s
MPCTASK: OOT loop 1 done
MPCTASK: MMPCTASK: OOT loop 2 done
PC task loop 1
MPCTASK: x0: pos=(-0.02,-0.07,0.01) vel=MPCTASK: OOT loop 3 done
(0.0,0.03,0.0)
MPCTASK: ref: (-0.02,-0.07,0.01)
MPCTASK: SAFE TV mode=3: h=0.0 raw=0.0 grad=0.0 margin=0.0 thr=0.0 active0=0 active_count=0 eval=13985 us
MPCTASK: MPC solve start
MPCTASK: MPC solve done, iter=5
MPCTASK: MPC time=21565 us
MPCTASK: MPC stack free=885 words
MPCTASK: setpoint: x=-0.02 y=-0.07 z=0.07 preview_z=0.07
MPCTASK: MPC task loop 2
MPCTASK: MPC task loop 3
MPCTASK: Cache level changed: 0 -> 1
MPCTASK: TAKEOFF COMPLETE: t=5000ms z=0.75 vz=0.03; trajectory queued origin=(-0.04,-0.10)
MPCTASK: TRAJ START: z=0.75 origin=(-0.04,-0.10) EXP clock reset
MPCTASK: EXP,3,2,82,-139,-79,751,-223,241,17,-15,-221,-101,-44,-105,700,-205,221,700,51,9,650,69,300,0,2,2,15,3,1,1,0,0,0,5,21374,9971,31608,1695063,0,1762,23128,3633537,5373549,0,0,0,975,1000,1399,1400,5704824
MPCTASK: EXP,3,4,185,-158,-23,759,-154,286,45,-172,-437,14,-55,-86,700,-145,282,700,59,-15,608,69,300,0,1,1,15,3,1,1,0,0,0,5,23545,11017,35072,1872775,0,1762,23128,4002637,5962401,0,0,0,974,1000,1399,1400,5962401
MPCTASK: EXP,3,6,286,-164,-11,760,-93,321,9,-532,-283,199,-90,-19,700,-89,301,700,60,98,646,69,300,0,1,0,15,3,1,1,0,0,0,5,24375,8930,33957,1518043,0,1762,46713,4143594,5772825,0,0,0,971,1000,1399,1400,5962401
MPCTASK: EXP,3,8,386,-171,27,761,-50,427,4,-642,-281,397,-143,99,700,-52,351,700,61,103,703,69,300,0,1,0,15,3,1,1,0,0,0,5,20613,13850,34723,2354355,0,1762,23128,3504153,5903021,0,0,0,969,1000,1399,1400,6449848
MPCTASK: EXP,3,10,483,-180,82,765,-12,537,10,-415,-438,561,-197,259,700,-9,383,700,65,-11,619,69,300,0,1,1,15,3,1,1,0,0,0,5,21915,9073,31896,1542435,0,1762,113173,3725321,5422462,0,0,0,970,1000,1399,1400,6449848
MPCTASK: EXP,3,12,583,-203,123,763,42,573,-19,-138,-571,616,-236,438,700,-5,390,700,59,78,742,69,300,0,1,1,15,3,1,1,0,0,0,5,21018,9920,31560,1686296,0,1762,82700,3572914,5365185,0,0,0,975,1000,1399,1400,6449848
MPCTASK: EXP,3,14,687,-207,188,762,124,594,-24,146,-631,638,-243,617,700,14,403,700,57,-33,832,69,300,0,1,1,15,3,1,1,0,0,0,5,24280,9918,34834,1685932,0,1762,46600,4127461,5922048,0,0,0,981,1000,1399,1400,6449848
MPCTASK: EXP,3,16,783,-207,243,762,216,550,-12,439,-627,593,-212,777,700,23,392,700,60,39,861,69,300,0,1,1,15,3,1,1,0,0,0,5,21381,9353,31868,1589988,0,2154,24280,3634725,5417661,0,0,0,986,1000,1399,1400,6449848
MPCTASK: EXP,3,18,882,-212,317,765,289,491,1,683,-571,453,-143,906,699,7,392,699,65,-7,865,69,300,0,1,1,15,3,1,1,0,0,0,5,21833,8878,30971,1509118,0,1762,23134,3711589,5265316,0,0,0,989,1000,1399,1400,6449848
MPCTASK: EXP,3,20,986,-223,334,769,339,333,11,838,-553,231,-43,995,699,-23,318,699,69,26,1027,69,300,0,1,1,15,3,1,1,0,0,0,5,21211,12246,34262,2081854,0,1763,115712,3605746,5824578,0,0,0,992,1000,1399,1400,6449848
MPCTASK: EXP,3,22,1084,-207,337,769,402,171,-16,718,-430,4,75,1041,699,-38,256,699,66,-17,946,69,300,0,1,1,15,3,1,1,0,0,0,5,21259,10448,32399,1776132,0,1762,23439,3613935,5507765,0,0,0,993,1000,1399,1400,6449848
MPCTASK: EXP,3,24,1187,-202,317,764,401,12,-22,670,-125,-123,198,1043,699,-88,162,699,60,217,592,69,300,0,1,1,15,3,1,1,0,0,0,5,24063,10631,35498,1807157,0,1762,51231,4090665,6034746,0,0,0,995,1000,1399,1400,6449848
MPCTASK: EXP,3,26,1283,-163,306,758,406,-117,-10,693,67,-159,308,1004,699,-102,85,699,56,-13,940,69,300,0,1,1,15,3,1,1,0,0,0,5,22219,9053,31774,1538966,0,1762,23128,3777190,5401605,0,0,0,996,1000,1399,1400,6449848
MPCTASK: EXP,3,28,1384,-138,330,759,342,-181,25,600,424,-153,390,928,700,-150,67,700,59,24,796,69,300,0,1,1,15,3,1,1,0,0,0,5,20743,11571,33111,1966977,0,1762,73777,3526201,5628868,0,0,0,996,1000,1399,1400,6449848
MPCTASK: EXP,3,30,1488,-134,289,766,222,-312,38,679,566,-128,435,819,700,-207,-36,700,66,189,609,69,300,0,1,1,15,3,1,1,0,0,0,5,25002,10266,35901,1745109,0,2100,84815,4250005,6103252,0,0,0,996,1000,1399,1400,6449848
MPCTASK: EXP,3,32,1585,-134,270,770,97,-395,2,556,680,-83,434,685,700,-255,-88,700,70,194,590,69,300,0,1,1,15,3,1,1,0,0,0,5,22068,10437,33134,1774173,0,1764,23296,3751489,5632721,0,0,0,996,1000,1399,1400,6449848
MPCTASK: EXP,3,34,1686,-190,207,769,-90,-514,-39,585,698,24,386,529,700,-349,-198,700,62,-7,970,69,300,0,1,1,15,3,1,1,0,0,0,5,24358,10034,34913,1705730,0,1762,23972,4140885,5935281,0,0,0,995,1000,1399,1400,6449848
MPCTASK: EXP,3,36,1784,-257,142,762,-244,-624,-38,508,330,94,296,357,700,-408,-300,700,54,34,838,69,300,0,1,1,15,3,1,1,0,0,0,5,21755,10551,32969,1793462,0,1763,90937,3698405,5604692,0,0,0,995,1000,1399,1400,6449848
MPCTASK: EXP,3,38,1885,-316,103,758,-311,-684,-5,519,-4,73,171,174,700,-425,-362,700,57,38,789,69,300,0,1,1,15,3,1,1,0,0,0,5,22172,10542,33528,1792077,0,1762,115854,3769233,5699860,0,0,0,994,1000,1399,1400,6449848
MPCTASK: EXP,3,40,1987,-293,44,761,-220,-753,22,457,-309,-51,23,-13,700,-319,-433,700,61,194,656,69,300,0,1,1,15,3,1,1,0,0,0,5,24391,10520,35560,1788374,0,1762,88978,4146473,6045384,0,0,0,992,1000,1399,1400,6449848
MPCTASK: EXP,3,42,2089,-278,-2,768,-140,-796,31,541,-173,-190,-131,-203,700,-257,-495,700,68,205,681,69,300,0,1,1,15,3,1,1,0,0,0,5,26924,9213,37100,1566187,0,2160,101293,4576973,6307237,0,0,0,989,1000,1399,1400,6449848
MPCTASK: EXP,3,44,2187,-306,-113,774,-123,-909,23,345,-352,-274,-278,-389,700,-226,-605,700,74,41,727,69,300,0,1,1,15,3,1,1,0,0,0,5,23752,10855,34873,1845341,0,1763,23131,4037741,5928583,0,0,0,986,1000,1399,1400,6449848
MPCTASK: EXP,3,46,2288,-323,-225,773,-64,-975,-12,79,-487,-361,-403,-567,700,-183,-693,700,71,12,795,69,300,0,1,1,15,3,1,1,0,0,0,5,24903,9632,35181,1637505,0,1762,87286,4233366,5980846,0,0,0,986,1000,1399,1400,6449848
MPCTASK: EXP,3,48,2387,-324,-329,773,28,-980,-12,-212,-576,-470,-493,-734,700,-127,-750,700,70,22,827,69,300,0,1,1,15,3,1,1,0,0,0,5,23497,8522,33080,1448743,0,1762,158257,3994317,5624517,0,0,0,988,1000,1399,1400,6449848
MPCTASK: EXP,3,50,2488,-324,-414,773,125,-916,-1,-469,-600,-595,-539,-884,700,-82,-768,700,73,130,629,69,300,0,1,1,15,3,1,1,0,0,0,5,22335,11208,34793,1905256,0,1763,191007,3796793,5914895,0,0,0,989,1000,1399,1400,6449848
MPCTASK: EXP,3,52,2588,-313,-491,777,227,-823,9,-595,-592,-718,-537,-1016,700,-39,-775,700,77,207,631,69,300,0,1,1,15,3,1,1,0,0,0,5,22200,11235,35124,1909801,0,1762,80278,3773886,5971209,0,0,0,990,1000,1399,1400,6449848
MPCTASK: EXP,3,54,2686,-279,-566,774,347,-730,-27,-646,-551,-800,-486,-1125,700,16,-781,700,69,203,585,69,300,0,1,1,15,3,1,1,0,0,0,5,22703,9092,32202,1545518,0,1762,48176,3859297,5474465,0,0,0,991,1000,1399,1400,6449848
MPCTASK: EXP,3,56,2789,-240,-618,771,444,-605,-42,-731,-395,-847,-392,-1208,700,55,-752,700,62,208,568,69,300,0,2,2,15,3,1,1,0,0,0,5,21654,12557,35253,2134519,0,1762,154974,3681086,5993112,0,0,0,992,1000,1399,1400,6449848
MPCTASK: EXP,3,58,2890,-188,-660,768,522,-473,-35,-687,-240,-868,-263,-1265,700,75,-720,700,61,89,813,69,300,0,1,1,15,3,1,1,0,0,0,5,24232,11403,37110,1938387,0,35901,159277,4119401,6308860,0,0,0,993,1000,1399,1400,6449848
MPCTASK: EXP,3,60,2987,-138,-689,763,558,-345,-44,-651,-9,-845,-113,-1294,700,74,-677,700,54,-7,960,69,300,0,1,1,15,3,1,1,0,0,0,5,21057,11152,33774,1895673,0,1937,178480,3579693,5741801,0,0,0,994,1000,1399,1400,6775475
MPCTASK: EXP,3,62,3088,-95,-701,759,538,-209,-37,-638,261,-795,43,-1293,700,47,-616,700,51,-14,951,69,300,0,1,1,15,3,1,1,0,0,0,5,22341,10476,33883,1780921,0,1762,23439,3797859,5760085,0,0,0,994,1000,1399,1400,6775475
MPCTASK: EXP,3,64,3187,-42,-712,757,489,-88,-23,-604,516,-729,191,-1263,700,27,-559,700,52,93,754,69,300,0,1,1,15,3,1,1,0,0,0,5,20624,12441,33865,2114836,0,2066,111989,3505761,5757118,0,0,0,995,1000,1399,1400,6775475
MPCTASK: EXP,3,66,3289,5,-712,756,400,29,-22,-605,742,-638,317,-1205,700,-7,-494,700,52,79,842,69,300,0,1,1,15,3,1,1,0,0,0,5,22685,11330,35567,1925966,0,1762,203591,3856414,6046406,0,0,0,995,1000,1399,1400,6775475
MPCTASK: EXP,3,68,3386,33,-700,756,264,153,-27,-643,903,-540,407,-1120,700,-60,-416,700,50,132,898,69,300,0,2,2,15,3,1,1,0,0,0,5,20272,10553,32748,1793837,0,137525,24674,3446057,5567230,0,0,0,995,1000,1399,1400,6775475
MPCTASK: EXP,3,70,3486,51,-679,755,114,278,-39,-699,1003,-422,453,-1009,700,-113,-331,700,47,180,923,69,300,0,1,1,15,3,1,1,0,0,0,5,23093,8345,32077,1418636,0,1763,87285,3925754,5453185,0,0,0,995,1000,1399,1400,6775475
MPCTASK: EXP,3,72,3583,59,-648,752,-44,408,-57,-761,1037,-293,450,-877,700,-163,-239,700,40,187,1044,69,300,0,2,2,15,3,1,1,0,0,0,5,19673,9345,30000,1588600,0,1763,47103,3344281,5100084,0,0,0,995,1000,1399,1400,6775475
MPCTASK: EXP,3,74,3687,44,-602,745,-213,545,-70,-774,951,-183,399,-725,700,-218,-136,700,31,118,1223,69,300,1,3,3,15,3,1,1,0,0,0,5,23038,10086,33639,1714617,0,1762,65121,3916326,5718675,0,0,0,994,1000,1399,1400,6775475
MPCTASK: EXP,3,76,3788,23,-564,739,-343,649,-56,-747,788,-103,304,-558,700,-252,-59,700,28,101,946,69,300,1,3,3,15,3,1,1,0,0,0,5,20964,13656,35317,2321124,0,1917,32947,3563929,6003990,0,0,0,994,1000,1399,1400,6775475
MPCTASK: EXP,3,78,3887,-12,-499,733,-461,774,-26,-667,535,-29,175,-380,700,-274,40,700,27,56,892,69,300,1,3,3,15,3,1,1,0,0,0,5,23019,9227,32974,1568484,0,1796,87309,3913053,5605676,0,0,0,993,1000,1399,1400,6775475
MPCTASK: EXP,3,80,3987,-49,-437,730,-517,857,-3,-577,260,19,25,-196,700,-273,120,700,30,32,844,69,300,1,3,3,15,3,1,1,0,0,0,5,21747,11923,33938,2026807,0,1762,23128,3696977,5769561,0,0,0,992,1000,1399,1400,6782604
MPCTASK: EXP,3,82,4087,-98,-361,732,-534,929,7,-468,-12,58,-131,-9,700,-275,205,700,32,76,683,69,300,1,3,3,15,3,1,1,0,0,0,5,24537,8410,33918,1429564,0,1762,141462,4171141,5766079,0,0,0,992,1000,1399,1400,6782604
MPCTASK: EXP,3,84,4186,-123,-303,735,-485,952,11,-373,-254,98,-280,175,700,-233,253,700,35,104,577,69,300,1,3,3,15,3,1,1,0,0,0,5,21564,10125,32963,1721257,0,1880,193101,3665717,5603734,0,0,0,993,1000,1399,1400,6782604
MPCTASK: EXP,3,86,4291,-158,-223,738,-403,972,1,-261,-445,132,-405,353,700,-194,320,700,38,120,571,69,300,1,3,3,15,3,1,1,0,0,0,5,27258,9018,36894,1532873,0,1762,81002,4633778,6272036,0,0,0,994,1000,1399,1400,6782604
MPCTASK: EXP,3,88,4389,-166,-136,740,-281,988,-6,-140,-587,160,-495,519,700,-109,388,700,39,186,589,69,300,1,3,3,15,3,1,1,0,0,0,5,23962,11828,36060,2010538,0,1762,23128,4073605,6130245,0,0,0,995,1000,1399,1400,6782604
MPCTASK: EXP,3,90,4484,-167,-52,741,-152,982,-25,-38,-631,173,-541,670,700,-53,399,700,36,220,624,69,300,1,3,3,15,3,1,1,0,0,0,5,23129,7507,31149,1276163,0,1762,64441,3931869,5295404,0,0,0,996,1000,1399,1400,6782604
MPCTASK: EXP,3,92,4586,-160,-4,738,-28,927,-43,57,-706,189,-538,802,700,12,403,700,29,136,734,69,300,1,3,3,15,3,1,1,0,0,0,5,20321,9263,30664,1574675,0,1937,160256,3454417,5212866,0,0,0,997,1000,1399,1400,6782604
MPCTASK: EXP,3,94,4692,-140,71,733,127,871,-39,207,-674,199,-487,911,700,76,424,700,25,165,616,69,300,1,3,3,15,3,1,1,0,0,0,5,24035,11786,36295,2003385,0,1762,31446,4085845,6170276,0,0,0,998,1000,1399,1400,6782604
MPCTASK: EXP,3,96,4789,-137,140,729,213,801,-37,389,-566,196,-392,996,700,79,425,700,21,144,601,69,300,1,3,3,15,3,1,1,0,0,0,5,21550,11403,33511,1938531,0,1762,72533,3663369,5696945,0,0,0,998,1000,1399,1400,6782604
MPCTASK: EXP,3,98,4888,-94,222,722,334,736,-33,487,-499,172,-264,1053,700,121,425,700,15,82,733,69,300,1,3,3,15,3,1,1,0,0,0,5,21798,10390,32722,1766215,0,1912,68140,3705477,5562912,0,0,0,998,1000,1399,1400,6782604
MPCTASK: EXP,3,100,4988,-53,275,721,406,615,-19,669,-213,136,-113,1082,700,120,387,700,17,87,803,69,300,1,3,3,15,3,1,1,0,0,0,5,20118,10806,31726,1836990,0,29088,24655,3420041,5393479,0,0,0,998,1000,1399,1400,6782604
MPCTASK: EXP,3,102,5091,28,273,720,480,405,1,738,91,74,43,1081,700,138,283,700,20,-49,962,69,300,1,3,3,15,3,1,1,0,0,0,5,23888,9303,33906,1581440,0,1763,98573,4060889,5764061,0,0,0,998,1000,1399,1400,6782604
MPCTASK: EXP,3,104,5187,57,335,717,407,324,-7,687,508,2,191,1052,700,85,285,700,15,-14,1004,69,300,1,3,3,15,3,1,1,0,0,0,5,19739,10060,30577,1710212,0,1762,109984,3355569,5198195,0,0,0,998,1000,1399,1400,6782604
MPCTASK: EXP,3,106,5291,87,361,721,295,189,7,910,670,-63,317,993,700,38,224,700,21,118,920,69,300,1,3,3,15,3,1,1,0,0,0,5,22752,11206,34930,1905037,0,1765,75764,3867617,5938106,0,0,0,998,1000,1399,1400,6782604
MPCTASK: EXP,3,108,5390,124,359,723,190,16,-9,909,790,-139,407,908,700,5,131,700,21,135,871,69,300,1,3,3,15,3,1,1,0,0,0,5,20699,12239,33567,2080663,0,1762,24282,3518741,5706670,0,0,0,998,1000,1399,1400,6782604
MPCTASK: EXP,3,110,5490,168,350,720,79,-140,-27,975,992,-214,453,798,700,-28,49,700,15,157,1008,69,300,1,3,3,15,3,1,1,0,0,0,5,25724,7024,33016,1194057,0,1762,23128,4372921,5612881,0,0,0,997,1000,1399,1400,6782604
MPCTASK: EXP,3,112,5587,158,297,718,-111,-345,-27,894,980,-201,450,665,700,-99,-80,700,13,164,962,69,300,1,3,3,15,3,1,1,0,0,0,5,21062,9579,31135,1628319,0,1762,61772,3580425,5293158,0,0,0,997,1000,1399,1400,6782604
MPCTASK: EXP,3,114,5688,124,245,711,-302,-504,-38,764,877,-164,399,513,700,-178,-184,700,3,122,988,69,300,1,3,3,15,3,1,1,0,0,0,5,22664,7243,31981,1231277,0,1762,65384,3852701,5436823,0,0,0,997,1000,1399,1400,6782604
MPCTASK: EXP,3,116,5789,87,179,704,-444,-647,-28,714,703,-141,304,346,700,-226,-298,700,-1,45,983,69,300,1,3,3,15,3,1,1,0,0,0,5,20852,11128,32612,1891591,0,1762,84825,3544826,5544134,0,0,0,996,1000,1399,1400,6782604
MPCTASK: EXP,3,118,5889,49,93,702,-536,-778,9,526,407,-133,175,168,700,-230,-406,700,2,49,781,69,300,1,3,3,15,3,1,1,0,0,0,5,21923,9954,32142,1691958,0,1762,23134,3726946,5464313,0,0,0,995,1000,1399,1400,6782604
MPCTASK: EXP,3,120,5991,-19,0,705,-607,-874,45,343,131,-110,25,-15,700,-255,-505,700,5,-1,854,69,300,1,3,3,15,3,1,1,0,0,0,5,23140,11320,34937,1924343,0,2626,57639,3933701,5939470,0,0,0,994,1000,1399,1400,6782604
MPCTASK: EXP,3,122,6092,-70,-88,713,-590,-913,71,147,-200,-105,-131,-202,700,-231,-578,700,13,53,702,69,300,1,3,3,15,3,1,1,0,0,0,5,23333,11904,35894,2023563,0,1762,23128,3966521,6102059,0,0,0,993,1000,1399,1400,6973938
MPCTASK: EXP,3,124,6188,-130,-169,722,-556,-923,60,-28,-438,-101,-280,-387,700,-223,-634,700,22,53,693,69,300,1,3,3,15,3,1,1,0,0,0,5,21173,9840,31933,1672824,0,1762,73911,3599317,5428625,0,0,0,993,1000,1399,1400,6973938
MPCTASK: EXP,3,126,6292,-176,-256,732,-440,-884,33,-159,-709,-123,-405,-565,700,-179,-674,700,32,161,601,69,300,1,3,3,15,3,1,1,0,0,0,5,24025,10027,35619,1704626,0,2151,166960,4084129,6055325,0,0,0,994,1000,1399,1400,6973938
MPCTASK: EXP,3,128,6389,-209,-330,737,-307,-835,0,-241,-824,-142,-495,-731,700,-133,-708,700,37,124,823,69,300,1,3,3,15,3,1,1,0,0,0,5,20210,11391,32561,1936349,0,1762,139912,3435661,5535426,0,0,0,995,1000,1399,1400,6973938
MPCTASK: EXP,3,130,6492,-221,-397,737,-146,-771,-30,-311,-898,-177,-541,-882,700,-73,-726,700,31,223,635,69,300,1,3,3,15,3,1,1,0,0,0,5,25320,10107,35956,1718132,0,1762,66584,4304313,6112585,0,0,0,996,1000,1399,1400,6973938
MPCTASK: EXP,3,132,6588,-217,-456,733,24,-696,-50,-351,-903,-230,-538,-1014,700,6,-713,700,23,208,749,69,300,1,3,3,15,3,1,1,0,0,0,5,21093,9647,31555,1639932,0,66505,51732,3585721,5364383,0,0,0,996,1000,1399,1400,6973938
MPCTASK: EXP,3,134,6691,-198,-502,724,191,-608,-65,-397,-836,-283,-487,-1123,700,56,-704,700,11,209,694,69,300,1,3,3,15,3,1,1,0,0,0,5,24559,9915,34972,1685448,0,1762,23406,4174981,5945288,0,0,0,997,1000,1399,1400,6973938
MPCTASK: EXP,3,136,6789,-160,-540,716,353,-515,-45,-411,-716,-326,-392,-1208,700,121,-680,700,7,128,780,69,300,1,3,3,15,3,1,1,0,0,0,5,21720,10270,33171,1745815,0,1762,113863,3692289,5639143,0,0,0,998,1000,1399,1400,6973938
MPCTASK: EXP,3,138,6893,-120,-563,712,464,-409,-14,-438,-464,-362,-264,-1265,700,149,-636,700,9,69,735,69,300,1,3,3,15,3,1,1,0,0,0,5,24720,11182,37100,1900901,0,1762,148034,4202252,6307167,0,0,0,998,1000,1399,1400,6973938
MPCTASK: EXP,3,140,6990,-75,-580,711,528,-313,1,-475,-243,-393,-113,-1294,700,164,-590,700,11,53,759,69,300,1,3,3,15,3,1,1,0,0,0,5,21192,11063,32888,1880598,0,1762,85008,3602597,5591186,0,0,0,998,1000,1399,1400,6973938
MPCTASK: EXP,3,142,7092,-30,-590,714,532,-194,18,-491,60,-416,43,-1293,700,152,-530,700,14,76,680,69,300,1,3,3,15,3,1,1,0,0,0,5,24074,10136,34914,1723070,0,1762,51496,4092437,5935491,0,0,0,998,1000,1399,1400,6973938
MPCTASK: EXP,3,144,7192,16,-592,717,502,-86,18,-517,311,-419,191,-1263,700,138,-471,700,17,101,629,69,300,1,3,3,15,3,1,1,0,0,0,5,21993,12188,34974,2071886,0,1772,71448,3738717,5945737,0,0,0,998,1000,1399,1400,6973938
MPCTASK: EXP,3,146,7291,48,-583,720,419,25,4,-547,521,-399,317,-1205,700,96,-389,700,20,148,575,69,300,1,3,3,15,3,1,1,0,0,0,5,21788,11130,33648,1892019,0,1762,67900,3703886,5720289,0,0,0,998,1000,1399,1400,6973938
MPCTASK: EXP,3,148,7391,75,-569,724,310,136,-1,-588,683,-349,407,-1120,700,42,-335,700,24,171,587,69,300,1,3,3,15,3,1,1,0,0,0,5,21987,10789,33574,1834129,0,1762,112278,3737677,5707706,0,0,0,998,1000,1399,1400,6973938
MPCTASK: EXP,3,150,7490,91,-546,725,180,252,-10,-619,782,-261,453,-1009,700,-18,-215,700,23,168,627,69,300,1,3,3,15,3,1,1,0,0,0,5,24250,8220,32967,1397302,0,1762,62079,4122457,5604493,0,0,0,997,1000,1399,1400,6973938
MPCTASK: EXP,3,152,7591,92,-501,721,34,382,-41,-634,813,-165,450,-877,700,-81,-134,700,13,183,653,69,300,1,3,3,15,3,1,1,0,0,0,5,23397,9467,33844,1609301,0,1762,123360,3977413,5753652,0,0,0,997,1000,1399,1400,6973938
MPCTASK: EXP,3,154,7691,85,-461,716,-109,490,-47,-644,828,-59,399,-725,700,-138,-49,700,7,178,704,69,300,1,3,3,15,3,1,1,0,0,0,5,21314,12001,33583,2040060,0,1762,23128,3623377,5709260,0,0,0,996,1000,1399,1400,6973938
MPCTASK: EXP,3,156,7787,56,-413,712,-252,593,-38,-619,730,7,304,-558,700,-189,47,700,4,102,844,69,300,1,3,3,15,3,1,1,0,0,0,5,20000,10014,30558,1702293,0,2664,23440,3399910,5194970,0,0,0,996,1000,1399,1400,6973938
MPCTASK: EXP,3,158,7891,21,-353,710,-375,687,-9,-518,495,76,175,-380,700,-223,125,700,8,95,663,69,300,1,3,3,15,3,1,1,0,0,0,5,24186,9094,33928,1546012,0,1762,41198,4111461,5767862,0,0,0,994,1000,1399,1400,6973938
MPCTASK: EXP,3,160,7991,-27,-292,704,-457,759,-11,-479,279,114,25,-196,700,-246,205,700,2,55,779,69,300,1,3,3,15,3,1,1,0,0,0,5,22424,10615,33552,1804530,0,1762,23128,3812043,5703957,0,0,0,993,1000,1399,1400,6973938
MPCTASK: EXP,3,162,8092,-70,-240,704,-483,800,8,-384,15,140,-131,-9,700,-235,253,700,4,17,844,69,300,1,3,3,15,3,1,1,0,0,0,5,24814,9467,35305,1609215,0,1877,122576,4218333,6002025,0,0,0,993,1000,1399,1400,6973938
MPCTASK: EXP,3,164,8189,-110,-172,705,-451,836,19,-278,-267,172,-280,175,700,-214,317,700,5,64,686,69,300,1,3,3,15,3,1,1,0,0,0,5,20054,9935,31079,1688902,0,1763,98581,3409165,5283608,0,0,0,994,1000,1399,1400,6973938
MPCTASK: EXP,3,166,8292,-151,-96,715,-376,850,39,-134,-480,195,-405,353,700,-171,365,700,15,152,573,69,300,1,3,3,15,3,1,1,0,0,0,5,26021,7303,33873,1241500,0,2634,69668,4423481,5758425,0,0,0,995,1000,1399,1400,6973938
MPCTASK: EXP,3,168,8391,-179,-22,719,-277,854,5,-77,-637,212,-495,519,700,-117,424,700,19,139,610,69,300,1,3,3,15,3,1,1,0,0,0,5,22070,10002,32830,1700383,0,1762,66695,3751793,5581213,0,0,0,996,1000,1399,1400,6973938
MPCTASK: EXP,3,170,8492,-184,39,721,-153,835,-12,43,-720,222,-541,670,700,-62,437,700,18,206,592,69,300,1,3,3,15,3,1,1,0,0,0,5,22441,10137,33337,1723162,0,61901,46592,3814838,5667345,0,0,0,997,1000,1399,1400,6973938
MPCTASK: EXP,3,172,8592,-180,104,717,-7,803,-43,104,-782,226,-538,802,700,10,464,700,8,176,679,69,300,1,3,3,15,3,1,1,0,0,0,5,22159,10836,33425,1841899,0,1762,51286,3766858,5682302,0,0,0,997,1000,1399,1400,6973938
MPCTASK: EXP,3,174,8690,-170,160,711,131,744,-50,243,-716,221,-487,911,700,51,455,700,1,217,585,69,300,1,3,3,15,3,1,1,0,0,0,5,23780,7770,31828,1320717,0,1940,23976,4042629,5410854,0,0,0,998,1000,1399,1400,6973938
MPCTASK: EXP,3,176,8790,-125,237,708,292,706,-25,359,-648,204,-392,996,700,115,463,700,3,-20,1033,69,300,1,3,3,15,3,1,1,0,0,0,5,21534,9260,31820,1574067,0,1763,151756,3660765,5409546,0,0,0,998,1000,1399,1400,6973938
MPCTASK: EXP,3,178,8892,-95,288,704,384,611,-26,492,-448,179,-264,1053,700,136,444,700,0,91,686,69,300,1,3,3,15,3,1,1,0,0,0,5,23331,9171,33334,1558926,0,1762,119572,3966153,5666905,0,0,0,998,1000,1399,1400,6973938
MPCTASK: EXP,3,180,8993,-53,334,701,444,482,-13,621,-202,128,-113,1082,700,147,401,700,0,120,658,69,300,1,3,3,15,3,1,1,0,0,0,5,20607,11591,33020,1970366,0,1763,94288,3503069,5613483,0,0,0,998,1000,1399,1400,6973938
MPCTASK: EXP,3,182,9093,-15,353,704,452,335,7,694,23,75,43,1081,700,136,331,700,4,88,784,69,300,1,3,3,15,3,1,1,0,0,0,5,22943,10303,33954,1751475,0,1762,97398,3900285,5772249,0,0,0,998,1000,1399,1400,6973938
MPCTASK: EXP,3,184,9188,35,362,710,440,187,25,729,256,0,191,1052,700,126,266,700,10,43,913,69,300,1,3,3,15,3,1,1,0,0,0,5,18697,9336,29153,1587084,0,1763,126855,3178329,4956038,0,0,0,998,1000,1399,1400,6973938
MPCTASK: EXP,3,186,9291,60,364,713,370,61,0,757,461,-61,316,994,700,87,192,700,13,147,662,69,300,1,3,3,15,3,1,1,0,0,0,5,22475,8288,31547,1408929,0,1763,110927,3820665,5362974,0,0,0,998,1000,1399,1400,6973938
MPCTASK: EXP,3,188,9393,111,328,714,291,-133,-18,807,602,-142,406,909,700,70,56,700,10,206,591,69,300,1,3,3,15,3,1,1,0,0,0,5,22430,10155,32908,1726241,0,2026,32271,3813090,5594481,0,0,0,998,1000,1399,1400,6973938
MPCTASK: EXP,3,190,9491,118,302,711,151,-271,-28,703,763,-173,452,799,700,-10,-25,700,5,148,706,69,300,1,3,3,15,3,1,1,0,0,0,5,22449,9019,31967,1533230,0,1763,47808,3816273,5434428,0,0,0,998,1000,1399,1400,6973938
MPCTASK: EXP,3,192,9589,110,267,708,-12,-393,-29,717,806,-165,448,667,700,-92,-108,700,2,197,611,69,300,1,3,3,15,3,1,1,0,0,0,5,20619,8925,30060,1517157,0,1762,65432,3505093,5110333,0,0,0,998,1000,1399,1400,6973938
MPCTASK: EXP,3,194,9693,115,207,705,-125,-532,-25,703,762,-167,397,516,700,-110,-230,700,0,147,702,69,300,1,3,3,15,3,1,1,0,0,0,5,22225,9898,32627,1682489,0,1916,32993,3778182,5570083,0,0,0,997,1000,1399,1400,6973938
MPCTASK: EXP,3,196,9792,67,147,701,-299,-646,-21,543,747,-112,302,349,700,-188,-315,700,-2,18,1091,69,300,1,3,3,15,3,1,1,0,0,0,5,20186,10822,31576,1839750,0,1762,39788,3431489,5368002,0,0,0,997,1000,1399,1400,6973938
MPCTASK: EXP,3,198,9891,19,89,697,-428,-716,-19,457,483,-38,174,170,700,-227,-385,700,-6,11,911,69,300,1,3,3,15,3,1,1,0,0,0,5,20911,8519,30389,1448081,0,1762,116235,3554737,5166286,0,0,0,996,1000,1399,1400,6973938
MPCTASK: EXP,3,200,9992,-37,27,693,-501,-774,-8,371,157,11,24,-14,700,-233,-452,700,-8,0,918,69,300,1,3,3,15,3,1,1,0,0,0,5,20824,10717,31808,1821819,0,1762,23128,3539869,5407481,0,0,0,995,1000,1399,1400,6973938
MPCTASK: EXP,3,202,10095,-97,-36,694,-515,-810,23,277,-159,32,-130,-204,700,-240,-511,700,-5,47,751,69,300,1,3,3,15,3,1,1,0,0,0,5,23017,10234,33923,1739678,0,1886,90436,3912897,5767001,0,0,0,994,1000,1399,1400,6973938
MPCTASK: EXP,3,204,10197,-160,-116,702,-469,-833,55,157,-459,24,-276,-391,700,-232,-567,700,2,101,581,69,300,1,3,3,15,3,1,1,0,0,0,5,23983,9386,34003,1595563,0,1762,84981,4076957,5780536,0,0,0,995,1000,1399,1400,6973938
MPCTASK: EXP,3,206,10297,-201,-180,714,-376,-821,53,44,-660,-6,-398,-573,700,-201,-600,700,14,145,597,69,300,1,3,3,15,3,1,1,0,0,0,5,23107,10162,34308,1727402,0,1762,52500,3928081,5832330,0,0,0,996,1000,1399,1400,6973938
MPCTASK: EXP,3,208,10394,-235,-251,719,-263,-804,4,-66,-769,-35,-484,-744,700,-166,-636,700,19,161,640,69,300,1,3,3,15,3,1,1,0,0,0,5,23088,8580,32197,1458536,0,1762,66890,3924917,5473460,0,0,0,996,1000,1399,1400,6973938
MPCTASK: EXP,3,210,10500,-247,-315,719,-120,-761,-31,-174,-811,-78,-527,-899,700,-122,-624,700,12,157,753,69,300,1,3,3,15,3,1,1,0,0,0,5,23195,12605,36462,2142737,0,1870,48987,3943054,6198637,0,0,0,997,1000,1399,1400,6973938
MPCTASK: EXP,3,212,10602,-250,-377,717,22,-707,-34,-295,-822,-132,-522,-1033,700,-76,-621,700,10,157,771,69,300,1,3,3,15,3,1,1,0,0,0,5,25633,11990,37969,2038237,0,1937,23960,4357517,6454821,0,0,0,998,1000,1399,1400,6973938
MPCTASK: EXP,3,214,10698,-235,-423,711,166,-615,-47,-437,-694,-186,-471,-1142,700,-34,-578,700,1,94,874,69,300,1,3,3,15,3,1,1,0,0,0,5,22566,12027,35158,2044623,0,1762,23128,3836205,5977021,0,0,0,998,1000,1399,1400,6973938
MPCTASK: EXP,3,216,10800,-208,-464,706,283,-507,-33,-567,-517,-232,-382,-1220,699,-5,-543,699,0,138,598,69,300,1,3,3,15,3,1,1,0,0,0,5,25391,9971,36768,1695073,0,1763,158795,4316357,6250638,0,0,0,998,1000,1399,1400,6973938
MPCTASK: EXP,3,218,10898,-177,-484,705,358,-380,-8,-642,-311,-267,-266,-1263,699,11,-471,699,3,94,735,69,300,1,3,3,15,3,1,1,0,0,0,5,22370,12346,35386,2098749,0,1919,89812,3802813,6015758,0,0,0,998,1000,1399,1400,6973938
MPCTASK: EXP,3,220,10999,-133,-502,703,405,-230,-6,-713,-64,-281,-137,-1267,699,21,-419,699,2,68,886,69,300,1,3,3,15,3,1,1,0,0,0,5,23353,11383,35382,1934981,0,1762,87483,3969821,6014981,0,0,0,998,1000,1399,1400,6973938
MPCTASK: EXP,3,222,11098,-101,-502,703,390,-78,-4,-735,188,-267,-12,-1229,699,14,-354,699,2,81,872,69,300,1,3,3,15,3,1,1,0,0,0,5,24680,9830,34778,1670956,0,1765,23289,4195585,5912357,0,0,0,998,1000,1399,1400,6973938
MPCTASK: EXP,3,224,11198,-65,-491,707,347,65,11,-710,351,-237,92,-1149,699,26,-302,699,7,160,608,69,300,1,3,3,15,3,1,1,0,0,0,5,21507,12542,34998,2132132,0,1762,65105,3656141,5949774,0,0,0,998,1000,1399,1400,6973938
MPCTASK: EXP,3,226,11297,-41,-472,710,284,185,7,-640,420,-188,166,-1030,700,-4,-255,700,10,149,598,69,300,1,3,3,15,3,1,1,0,0,0,5,22569,8480,32667,1441447,0,2158,24281,3836597,5553488,0,0,0,998,1000,1399,1400,6973938
MPCTASK: EXP,3,228,11399,-24,-427,710,196,318,-10,-457,425,-124,199,-878,700,7,-207,700,8,82,684,69,300,1,3,3,15,3,1,1,0,0,0,5,22825,9921,33377,1686583,0,1762,23128,3880133,5674062,0,0,0,997,1000,1399,1400,6973938
MPCTASK: EXP,3,230,11496,-14,-393,707,117,384,-19,-292,388,-43,192,-705,700,-8,-196,700,3,92,640,69,300,1,3,3,15,3,1,1,0,0,0,5,19889,10306,30842,1751966,0,1762,23128,3380994,5243237,0,0,0,997,1000,1399,1400,6973938
MPCTASK: EXP,3,232,11597,-14,-350,702,43,421,-26,-64,305,37,151,-526,700,-24,-166,700,-2,74,701,69,300,1,3,3,15,3,1,1,0,0,0,5,23346,7475,31336,1270742,0,1762,65367,3968621,5327197,0,0,0,996,1000,1399,1400,6973938
MPCTASK: EXP,3,234,11700,-16,-320,701,-1,398,-6,121,147,97,90,-361,700,-43,-131,700,0,130,478,69,300,1,3,3,15,3,1,1,0,0,0,5,23306,10687,34781,1816787,0,1877,87306,3961985,5912887,0,0,0,994,1000,1399,1400,6973938
MPCTASK: EXP,3,236,11799,-12,-282,702,-13,369,2,176,98,146,27,-228,700,-51,-79,700,2,191,792,69,300,1,3,3,15,3,1,1,0,0,0,5,20172,11493,33144,1953619,0,1762,142521,3429189,5634680,0,0,0,992,1000,1399,1400,6973938
MPCTASK: EXP,3,238,11895,-16,-252,702,-30,336,-3,105,97,178,-20,-144,700,-94,8,700,1,167,599,69,300,1,3,3,15,3,1,1,0,0,0,5,21772,7419,29993,1261209,0,1762,113611,3701173,5098987,0,0,0,992,1000,1399,1400,6973938
MPCTASK: EXP,3,240,11997,-16,-230,700,-43,314,-5,-100,137,194,-41,-109,700,-118,111,700,0,22,934,69,300,1,3,3,15,3,1,1,0,0,0,5,21352,8992,31415,1528578,0,1762,158885,3629869,5340621,0,0,0,992,1000,1399,1400,6973938
MPCTASK: EXP,3,242,12101,-35,-223,700,-95,316,-5,-416,246,197,-44,-105,700,-146,186,700,0,-34,853,69,300,1,3,3,15,3,1,1,0,0,0,5,22128,12369,35070,2102635,0,1762,74770,3761761,5961934,0,0,0,992,1000,1399,1400,6973938
MPCTASK: EXP,3,244,12200,-44,-204,702,-138,400,13,-793,237,200,-48,-98,700,-109,228,700,2,-7,1120,69,300,1,3,2,15,3,1,1,0,0,0,5,24041,8455,34858,1437346,0,1763,188485,4086965,5925901,0,0,0,992,1000,1399,1400,6973938
MPCTASK: EXP,3,246,12297,-58,-184,706,-173,502,10,-960,148,196,-73,-52,700,-78,258,700,6,73,1230,69,300,1,3,3,15,3,1,1,0,0,0,5,23177,7295,31302,1240120,0,34722,23298,3939982,5321352,0,0,0,992,1000,1399,1400,6973938
MPCTASK: EXP,3,248,12402,-79,-138,708,-189,643,2,-857,-102,172,-120,46,700,-43,308,700,8,-44,1291,69,300,1,3,3,15,3,1,1,0,0,0,5,23761,12309,36699,2092510,0,1762,84305,4039197,6238913,0,0,0,993,1000,1399,1400,6973938
MPCTASK: EXP,3,250,12498,-101,-75,702,-159,760,-33,-583,-389,158,-176,191,700,-5,354,700,-4,-30,999,69,300,1,3,3,15,3,1,1,0,0,0,5,22089,8915,32788,1515401,0,1762,281423,3755009,5574142,0,0,0,994,1000,1399,1400,6973938
MPCTASK: EXP,3,252,12599,-119,-9,696,-71,811,-22,-224,-655,164,-223,365,700,40,371,700,-7,-31,1050,69,300,1,3,3,15,3,1,1,0,0,0,5,24390,7487,33060,1272658,0,1762,24280,4146190,5620226,0,0,0,995,1000,1399,1400,6973938
MPCTASK: EXP,3,254,12700,-114,41,699,51,795,14,56,-758,189,-244,547,700,87,372,700,0,115,748,69,300,1,3,3,15,3,1,1,0,0,0,5,26438,8220,35114,1397311,0,1881,54663,4494473,5969505,0,0,0,996,1000,1399,1400,6973938
MPCTASK: EXP,3,256,12802,-96,135,704,186,799,15,236,-702,210,-229,716,700,127,421,700,4,41,914,69,300,1,3,3,15,3,1,1,0,0,0,5,25010,10936,36816,1859097,0,1762,84392,4251633,6258786,0,0,0,997,1000,1399,1400,6973938
MPCTASK: EXP,3,258,12905,-81,185,703,290,684,-9,497,-576,233,-175,859,699,145,381,699,1,177,592,69,300,1,3,3,15,3,1,1,0,0,0,5,23773,12169,37783,2068688,0,1763,125664,4041306,6423101,0,0,0,997,1000,1399,1400,6973938
MPCTASK: EXP,3,260,12998,-38,230,701,391,566,-26,616,-362,229,-86,965,699,170,341,699,-3,68,833,69,300,1,3,3,15,3,1,1,0,0,0,5,20459,10612,31591,1804064,0,1762,41230,3477953,5370670,0,0,0,998,1000,1399,1400,6973938
MPCTASK: EXP,3,262,13098,7,266,698,441,432,-18,678,-72,203,26,1028,699,170,298,699,-5,69,878,69,300,1,3,3,15,3,1,1,0,0,0,5,21011,10468,32036,1779500,0,2056,71099,3571781,5446225,0,0,0,998,1000,1399,1400,6973938
MPCTASK: EXP,3,264,13199,40,305,698,419,312,-2,730,177,145,149,1047,699,140,261,699,-2,76,880,69,300,1,3,3,15,3,1,1,0,0,0,5,21342,10799,32670,1835691,0,1966,66246,3628025,5553982,0,0,0,998,1000,1399,1400,6973938
MPCTASK: EXP,3,266,13299,80,322,696,385,184,-1,805,379,76,266,1024,699,115,209,699,-3,44,1072,69,300,1,3,3,15,3,1,1,0,0,0,5,20694,10248,32051,1741993,0,1762,87602,3517941,5448606,0,0,0,998,1000,1399,1400,6973938
MPCTASK: EXP,3,268,13401,110,319,699,299,18,10,826,557,9,361,962,699,77,104,699,0,154,684,69,300,1,3,3,15,3,1,1,0,0,0,5,23732,9275,33964,1576810,0,90290,23128,4034322,5773990,0,0,0,998,1000,1399,1400,6973938
MPCTASK: EXP,3,270,13501,128,305,703,183,-133,12,809,693,-48,422,866,700,21,21,700,3,208,610,69,300,1,3,3,15,3,1,1,0,0,0,5,25597,7287,34997,1238707,0,1763,328667,4351385,5949474,0,0,0,998,1000,1399,1400,6973938
MPCTASK: EXP,3,272,13603,134,272,704,49,-288,-2,800,773,-90,440,741,700,-30,-83,700,4,208,605,69,300,1,3,3,15,3,1,1,0,0,0,5,24710,11350,36516,1929329,0,1792,23443,4200564,6207847,0,0,0,998,1000,1399,1400,6973938
MPCTASK: EXP,3,274,13699,126,225,699,-106,-442,-32,733,753,-107,411,593,700,-90,-180,700,-6,221,613,69,300,1,3,3,15,3,1,1,0,0,0,5,19876,10869,31262,1847576,0,1762,23134,3378749,5314606,0,0,0,998,1000,1399,1400,6973938
MPCTASK: EXP,3,276,13799,101,169,696,-250,-576,-15,699,697,-110,337,427,700,-163,-280,700,-6,113,729,69,300,1,3,3,15,3,1,1,0,0,0,5,21279,10261,31974,1744328,0,2665,49767,3617353,5435624,0,0,0,997,1000,1399,1400,6973938
MPCTASK: EXP,3,278,13907,63,109,693,-374,-688,-6,602,568,-97,224,248,700,-206,-381,700,-7,106,666,69,300,1,3,3,15,3,1,1,0,0,0,5,27737,11335,40074,1926791,0,1763,47229,4715165,6812613,0,0,0,997,1000,1399,1400,6973938
MPCTASK: EXP,3,280,14000,33,40,694,-445,-780,14,524,408,-88,84,62,700,-226,-472,700,-5,124,581,69,300,1,3,3,15,3,1,1,0,0,0,5,23598,8415,32454,1430504,0,1762,52397,4011577,5517246,0,0,0,995,1000,1399,1400,6973938
MPCTASK: EXP,3,282,14100,-13,-25,698,-498,-838,31,417,188,-44,-69,-127,700,-241,-544,700,-1,88,611,69,300,1,3,3,15,3,1,1,0,0,0,5,21199,11366,33022,1932099,0,1763,23653,3603825,5613897,0,0,0,994,1000,1399,1400,6973938
MPCTASK: EXP,3,284,14199,-70,-116,700,-515,-900,25,296,-62,-7,-221,-315,700,-245,-642,700,0,90,581,69,300,1,3,3,15,3,1,1,0,0,0,5,21594,9421,31966,1601399,0,9444,24284,3670941,5434391,0,0,0,995,1000,1399,1400,6973938
MPCTASK: EXP,3,286,14304,-114,-197,705,-478,-925,24,186,-286,2,-356,-497,700,-233,-699,700,5,122,512,69,300,1,3,3,15,3,1,1,0,0,0,5,27436,8506,37059,1445950,0,1762,110845,4664129,6300115,0,0,0,995,1000,1399,1400,6973938
MPCTASK: EXP,3,288,14400,-158,-266,711,-426,-921,26,71,-453,-5,-462,-669,700,-203,-753,700,11,145,558,69,300,1,3,3,15,3,1,1,0,0,0,5,23058,8950,32523,1521448,0,1762,64252,3919873,5529344,0,0,0,996,1000,1399,1400,6973938
MPCTASK: EXP,3,290,14501,-188,-341,712,-327,-897,-9,-43,-603,-29,-526,-826,700,-186,-761,700,10,123,639,69,300,1,3,3,15,3,1,1,0,0,0,5,23477,8603,32875,1462493,0,1762,111111,3991041,5588765,0,0,0,997,1000,1399,1400,6973938
MPCTASK: EXP,3,292,14607,-209,-419,714,-207,-866,-5,-145,-712,-75,-544,-966,700,-102,-821,700,13,148,642,69,300,1,3,3,15,3,1,1,0,0,0,5,30434,7637,39042,1298086,0,1967,141854,5173774,6637288,0,0,0,997,1000,1399,1400,6973938
MPCTASK: EXP,3,294,14701,-217,-485,714,-74,-804,-24,-287,-724,-127,-512,-1084,700,-58,-812,700,9,208,589,69,300,1,3,3,15,3,1,1,0,0,0,5,23681,9279,33941,1577435,0,1767,23443,4025605,5770116,0,0,0,997,1000,1399,1400,6973938
MPCTASK: EXP,3,296,14803,-211,-546,709,64,-727,-40,-352,-793,-192,-434,-1178,700,-26,-777,700,1,210,602,69,300,1,3,3,15,3,1,1,0,0,0,5,25529,9596,35837,1631308,0,1763,96371,4339781,6092388,0,0,0,998,1000,1399,1400,6973938
MPCTASK: EXP,3,298,14903,-194,-599,707,205,-638,-31,-485,-692,-245,-318,-1246,700,17,-758,700,1,54,965,69,300,1,3,3,15,3,1,1,0,0,0,5,22086,12084,35048,2054159,0,11324,92126,3754629,5958238,0,0,0,998,1000,1399,1400,6973938
MPCTASK: EXP,3,300,14999,-163,-641,701,320,-517,-29,-652,-464,-267,-175,-1286,700,41,-710,700,-4,101,752,69,300,1,3,3,15,3,1,1,0,0,0,5,22597,8423,31662,1431767,0,1763,87119,3841258,5382780,0,0,0,998,1000,1399,1400,6973938
MPCTASK: EXP,3,302,15100,-130,-665,701,386,-367,2,-707,-251,-288,-19,-1297,700,51,-643,700,1,89,791,69,300,1,3,3,15,3,1,1,0,0,0,5,21945,9571,32980,1626899,0,1762,128489,3730717,5606720,0,0,0,998,1000,1399,1400,6973938
MPCTASK: EXP,3,304,15201,-84,-676,703,426,-215,2,-738,-13,-288,134,-1279,700,47,-573,700,3,11,1046,69,300,1,3,3,15,3,1,1,0,0,0,5,22198,11107,34068,1888098,0,2160,24283,3773669,5791550,0,0,0,998,1000,1399,1400,6973938
MPCTASK: EXP,3,306,15301,-49,-678,709,400,-70,17,-759,265,-258,270,-1232,700,27,-499,700,9,94,818,69,300,1,3,3,15,3,1,1,0,0,0,5,21079,10672,33191,1814133,0,2023,35209,3583321,5642485,0,0,0,998,1000,1399,1400,6973938
MPCTASK: EXP,3,308,15399,-22,-671,709,331,71,-15,-765,483,-209,376,-1157,700,-11,-427,700,6,107,836,69,300,1,3,3,15,3,1,1,0,0,0,5,22446,9282,32074,1577928,0,2098,36355,3815745,5452667,0,0,0,998,1000,1399,1400,6973938
MPCTASK: EXP,3,310,15501,-2,-654,705,229,212,-32,-792,632,-130,440,-1056,700,-58,-325,700,0,176,654,69,300,1,3,3,15,3,1,1,0,0,0,5,22336,10320,33515,1754306,0,1762,24283,3797069,5697595,0,0,0,998,1000,1399,1400,6973938
MPCTASK: EXP,3,312,15603,11,-615,702,110,367,-34,-758,699,-45,457,-932,700,-115,-212,700,-4,183,610,69,300,1,3,3,15,3,1,1,0,0,0,5,23530,10511,34447,1786889,0,1762,46720,3999981,5856030,0,0,0,998,1000,1399,1400,6973938
MPCTASK: EXP,3,314,15706,11,-574,696,-18,497,-31,-769,686,35,425,-788,700,-141,-128,700,-9,193,600,69,300,1,3,3,15,3,1,1,0,0,0,5,26296,10024,36953,1704040,0,1762,84244,4470107,6282125,0,0,0,997,1000,1399,1400,6973938
MPCTASK: EXP,3,316,15805,-7,-520,692,-157,628,-21,-711,667,110,347,-627,700,-225,-22,700,-12,113,742,69,300,1,3,3,15,3,1,1,0,0,0,5,25293,11014,36909,1872230,0,1762,23128,4299669,6274527,0,0,0,996,1000,1399,1400,6973938
MPCTASK: EXP,3,318,15901,-31,-455,692,-268,739,11,-629,505,155,230,-453,700,-246,81,700,-7,134,605,69,300,1,3,3,15,3,1,1,0,0,0,5,23257,8909,32946,1514472,0,2276,53508,3953585,5600851,0,0,0,996,1000,1399,1400,6973938
MPCTASK: EXP,3,320,16001,-66,-379,696,-355,835,29,-548,378,197,87,-270,700,-273,161,700,-3,46,774,69,300,1,3,3,15,3,1,1,0,0,0,5,23489,9061,33067,1540286,0,1762,65420,3993049,5621470,0,0,0,994,1000,1399,1400,6973938
MPCTASK: EXP,3,322,16102,-115,-306,695,-419,899,5,-432,149,198,-68,-83,700,-284,253,700,-4,60,728,69,300,1,3,3,15,3,1,1,0,0,0,5,19877,12286,33157,2088686,0,1762,46726,3378985,5636801,0,0,0,994,1000,1399,1400,6973938
MPCTASK: EXP,3,324,16203,-152,-227,695,-420,943,5,-324,-97,200,-222,102,700,-273,317,700,-4,63,705,69,300,1,3,3,15,3,1,1,0,0,0,5,25983,8789,35040,1494152,0,1762,23128,4416997,5956992,0,0,0,994,1000,1399,1400,6973938
MPCTASK: EXP,3,326,16302,-189,-155,700,-381,954,32,-183,-326,201,-359,283,700,-241,371,700,0,84,602,69,300,1,3,3,15,3,1,1,0,0,0,5,22285,10296,33741,1750191,0,1762,173294,3788397,5736063,0,0,0,995,1000,1399,1400,6973938
MPCTASK: EXP,3,328,16402,-226,-77,707,-314,950,29,-87,-519,204,-464,454,700,-219,421,700,7,126,575,69,300,1,3,3,15,3,1,1,0,0,0,5,24196,9096,33809,1546203,0,1762,65373,4113245,5747650,0,0,0,996,1000,1399,1400,6973938
MPCTASK: EXP,3,330,16503,-246,-2,712,-209,928,16,48,-640,209,-528,612,700,-170,453,700,12,169,591,69,300,1,3,3,15,3,1,1,0,0,0,5,23005,10641,34937,1808782,0,1762,121997,3910829,5939393,0,0,0,997,1000,1399,1400,6973938
MPCTASK: EXP,3,332,16605,-257,66,711,-88,886,-22,94,-718,209,-545,752,700,-89,469,700,6,188,590,69,300,1,3,3,15,3,1,1,0,0,0,5,27457,8681,37100,1475644,0,1762,113373,4667625,6307056,0,0,0,997,1000,1399,1400,6973938
MPCTASK: EXP,3,334,16703,-252,132,707,43,831,-37,255,-707,202,-513,870,700,-56,459,700,0,142,699,69,300,1,3,3,15,3,1,1,0,0,0,5,21890,11900,34993,2022889,0,1919,70537,3721221,5948909,0,0,0,998,1000,1399,1400,6973938
MPCTASK: EXP,3,336,16800,-240,198,704,178,760,-22,365,-746,192,-435,965,700,-2,458,700,0,116,798,69,300,1,3,3,15,3,1,1,0,0,0,5,20520,9947,30904,1690917,0,1792,50952,3488309,5253762,0,0,0,998,1000,1399,1400,6973938
MPCTASK: EXP,3,338,16902,-208,246,702,311,654,-18,499,-605,182,-319,1034,700,44,429,700,0,119,658,69,300,1,3,3,15,3,1,1,0,0,0,5,21596,11879,33742,2019452,0,1762,23128,3671141,5736199,0,0,0,998,1000,1399,1400,6973938
MPCTASK: EXP,3,340,17005,-187,283,698,381,526,-22,596,-413,166,-175,1074,700,48,387,700,-5,144,595,69,300,1,3,3,15,3,1,1,0,0,0,5,27941,8456,36941,1437511,0,2803,61533,4749841,6280080,0,0,0,998,1000,1399,1400,6973938
MPCTASK: EXP,3,342,17103,-129,313,693,464,389,-14,668,-185,130,-19,1085,700,65,328,700,-9,-5,1041,69,300,1,3,3,15,3,1,1,0,0,0,5,22397,11512,34486,1956933,0,1763,74495,3807521,5862685,0,0,0,998,1000,1399,1400,6973938
MPCTASK: EXP,3,344,17203,-82,335,693,478,255,12,667,67,82,134,1067,700,64,276,700,-6,30,922,69,300,1,3,3,15,3,1,1,0,0,0,5,23470,10037,33929,1706216,0,1762,48066,3989765,5767967,0,0,0,998,1000,1399,1400,6973938
MPCTASK: EXP,3,346,17300,-50,365,697,426,156,18,675,300,28,270,1020,700,31,231,700,-2,156,599,69,300,1,3,3,15,3,1,1,0,0,0,5,21591,9038,31055,1536425,0,1762,23128,3670394,5279445,0,0,0,998,1000,1399,1400,6973938
MPCTASK: EXP,3,348,17403,-20,359,699,345,10,11,783,490,-23,376,945,700,-29,150,700,0,176,610,69,300,1,3,3,15,3,1,1,0,0,0,5,24273,9626,34759,1636387,0,1762,123089,4126378,5909021,0,0,0,998,1000,1399,1400,6973938
MPCTASK: EXP,3,350,17504,-2,371,701,235,-95,-2,788,660,-66,440,845,700,-84,107,700,0,54,988,69,300,1,3,3,15,3,1,1,0,0,0,5,23516,11615,35961,1974503,0,1909,117181,3997533,6113524,0,0,0,998,1000,1399,1400,6973938
MPCTASK: EXP,3,352,17604,-4,321,699,82,-282,-21,771,754,-79,457,720,700,-155,-21,700,-4,129,742,69,300,1,3,3,15,3,1,1,0,0,0,5,25162,9388,35196,1595794,0,1762,87486,4277369,5983344,0,0,0,998,1000,1399,1400,6973938
MPCTASK: EXP,3,354,17699,-10,272,695,-60,-428,-29,686,751,-80,425,576,700,-206,-126,700,-10,184,605,69,300,1,3,3,15,3,1,1,0,0,0,5,20419,9196,30179,1563189,0,1762,48816,3471129,5130516,0,0,0,998,1000,1399,1400,6973938
MPCTASK: EXP,3,356,17802,-41,218,687,-214,-554,-35,636,663,-61,347,415,700,-268,-225,700,-19,111,745,69,300,1,3,3,15,3,1,1,0,0,0,5,23737,9833,33837,1671589,0,1766,23287,4035113,5752296,0,0,0,998,1000,1399,1400,6973938
MPCTASK: EXP,3,358,17906,-74,155,684,-329,-666,-1,567,487,-56,230,241,700,-302,-325,700,-15,91,690,69,300,1,3,3,15,3,1,1,0,0,0,5,25313,11613,37497,1974021,0,1762,23771,4303173,6374724,0,0,0,997,1000,1399,1400,6973938
MPCTASK: EXP,3,360,18003,-126,125,687,-420,-702,35,501,314,-46,87,58,700,-329,-336,700,-12,84,644,69,300,1,3,3,15,3,1,1,0,0,0,5,22531,10269,33219,1745627,0,1917,47503,3830285,5647288,0,0,0,996,1000,1399,1400,6973938
MPCTASK: EXP,3,362,18102,-176,51,693,-461,-789,47,488,12,-61,-68,-128,700,-320,-450,700,-6,22,804,69,300,1,3,3,15,3,1,1,0,0,0,5,20805,11509,33000,1956494,0,1763,93976,3536633,5610077,0,0,0,996,1000,1399,1400,6973938
MPCTASK: EXP,3,364,18202,-228,-37,698,-450,-866,26,295,-264,-69,-222,-314,700,-304,-530,700,-1,9,873,69,300,1,3,3,15,3,1,1,0,0,0,5,23602,8907,32776,1514172,0,1916,23128,4012245,5572016,0,0,0,996,1000,1399,1400,6973938
MPCTASK: EXP,3,366,18301,-265,-111,701,-379,-886,19,177,-536,-78,-359,-495,700,-259,-588,700,1,99,635,69,300,1,3,3,15,3,1,1,0,0,0,5,20262,10368,31789,1762484,0,1762,132836,3444506,5404325,0,0,0,996,1000,1399,1400,6973938
MPCTASK: EXP,3,368,18405,-297,-197,710,-275,-900,26,17,-731,-98,-464,-666,700,-214,-646,700,10,93,774,69,300,1,3,3,15,3,1,1,0,0,0,5,25302,9199,35238,1563759,0,1762,65364,4301337,5990565,0,0,0,997,1000,1399,1400,6973938
MPCTASK: EXP,3,370,18501,-314,-279,713,-137,-882,-5,-106,-860,-105,-528,-824,700,-159,-691,700,12,174,699,69,300,1,3,3,15,3,1,1,0,0,0,5,19577,10892,31557,1851518,0,1763,87321,3327989,5364776,0,0,0,997,1000,1399,1400,6973938
MPCTASK: EXP,3,372,18604,-314,-357,714,20,-844,-19,-232,-915,-126,-545,-964,700,-88,-724,700,10,181,782,69,300,1,3,3,15,3,1,1,0,0,0,5,24637,9197,34966,1563550,0,1762,44536,4188117,5944306,0,0,0,997,1000,1399,1400,6973938
MPCTASK: EXP,3,374,18707,-305,-420,710,172,-771,-44,-323,-868,-157,-513,-1082,700,-30,-722,700,1,193,730,69,300,1,3,3,15,3,1,1,0,0,0,5,24501,13003,38021,2210413,0,1762,65452,4165065,6463624,0,0,0,998,1000,1399,1400,6973938
MPCTASK: EXP,3,376,18806,-277,-479,706,328,-688,-39,-410,-818,-200,-435,-1177,700,32,-694,700,-1,81,1079,69,300,1,3,3,15,3,1,1,0,0,0,5,24797,9427,34852,1602376,0,1763,84999,4215297,5925228,0,0,0,998,1000,1399,1400,6973938
MPCTASK: EXP,3,378,18906,-235,-525,701,461,-589,-42,-481,-640,-239,-319,-1245,700,79,-680,700,-6,90,825,69,300,1,3,3,15,3,1,1,0,0,0,5,23771,11268,35775,1915594,0,1762,102064,4041089,6081909,0,0,0,998,1000,1399,1400,6973938
MPCTASK: EXP,3,380,19003,-183,-568,696,560,-483,-27,-570,-404,-268,-175,-1286,700,96,-639,700,-8,8,960,69,300,1,3,3,15,3,1,1,0,0,0,5,22963,9220,32960,1567318,0,42491,68796,3903637,5603293,0,0,0,998,1000,1399,1400,6973938
MPCTASK: EXP,3,382,19102,-139,-592,694,593,-351,0,-620,-121,-313,-19,-1297,700,82,-584,700,-5,-24,981,69,300,1,3,3,15,3,1,1,0,0,0,5,21734,9663,31980,1642685,0,54946,23128,3694741,5436756,0,0,0,998,1000,1399,1400,6973938
MPCTASK: EXP,3,384,19206,-84,-604,700,591,-214,43,-643,180,-348,134,-1279,700,70,-519,700,0,-38,920,69,300,1,3,3,15,3,1,1,0,0,0,5,24205,9025,33884,1534317,0,1762,89000,4114761,5760645,0,0,0,998,1000,1399,1400,6973938
MPCTASK: EXP,3,386,19302,-39,-605,706,526,-79,36,-675,474,-362,270,-1232,700,39,-443,700,6,-6,947,69,300,1,3,3,15,3,1,1,0,0,0,5,20324,10102,30996,1717232,0,1762,46366,3455053,5269312,0,0,0,998,1000,1399,1400,6973938
MPCTASK: EXP,3,388,19406,3,-596,708,429,54,-1,-664,713,-344,376,-1157,700,8,-369,700,8,107,721,69,300,1,3,3,15,3,1,1,0,0,0,5,26615,8044,34928,1367475,0,1762,23128,4524401,5937805,0,0,0,998,1000,1399,1400,6973938
MPCTASK: EXP,3,390,19506,26,-576,707,279,191,-23,-696,882,-296,440,-1056,700,-54,-276,700,3,201,627,69,300,1,3,3,15,3,1,1,0,0,0,5,24328,10489,35507,1782980,0,1762,23128,4135577,6036209,0,0,0,998,1000,1399,1400,6973938
MPCTASK: EXP,3,392,19603,41,-548,704,122,320,-35,-668,915,-232,457,-932,700,-117,-196,700,-2,200,688,69,300,1,3,3,15,3,1,1,0,0,0,5,21365,9494,31580,1613919,0,2665,23442,3631909,5368677,0,0,0,998,1000,1399,1400,6973938
MPCTASK: EXP,3,394,19703,43,-509,695,-35,448,-46,-699,903,-149,425,-788,700,-158,-99,700,-13,178,789,69,300,1,3,3,15,3,1,1,0,0,0,5,21884,9225,32010,1567999,0,1763,33310,3720181,5441816,0,0,0,998,1000,1399,1400,6973938
MPCTASK: EXP,3,396,19806,22,-453,692,-203,581,-19,-655,814,-64,347,-627,700,-222,5,700,-11,81,978,69,300,1,3,3,15,3,1,1,0,0,0,5,24123,9299,34442,1580682,0,1763,151135,4100821,5855354,0,0,0,997,1000,1399,1400,6973938
MPCTASK: EXP,3,398,19902,-6,-393,692,-333,687,-1,-585,625,16,230,-453,700,-259,98,700,-8,73,778,69,300,1,3,3,15,3,1,1,0,0,0,5,20081,10470,31175,1779775,0,2065,82311,3413721,5299852,0,0,0,996,1000,1399,1400,6973938
MPCTASK: EXP,3,400,20007,-42,-331,694,-423,767,27,-529,410,89,87,-270,700,-272,176,700,-5,84,661,69,300,1,3,3,15,3,1,1,0,0,0,5,25478,9009,35000,1531413,0,1762,49187,4331017,5950116,0,0,0,995,1000,1399,1400,6973938
MPCTASK: EXP,3,402,20106,-79,-260,695,-467,838,12,-452,191,160,-68,-83,700,-267,270,700,-4,71,688,69,300,1,3,3,15,3,1,1,0,0,0,5,24463,9439,34767,1604628,0,1763,122452,4158549,5910462,0,0,0,994,1000,1399,1400,6973938
MPCTASK: EXP,3,404,20210,-126,-188,695,-479,884,0,-337,-70,193,-222,102,700,-263,320,700,-4,46,773,69,300,1,3,3,15,3,1,1,0,0,0,5,26505,11408,38871,1939123,0,1762,140158,4505737,6608280,0,0,0,994,1000,1399,1400,6973938
MPCTASK: EXP,3,406,20307,-158,-119,699,-426,903,24,-236,-337,213,-359,283,700,-223,389,700,0,100,561,69,300,1,3,3,15,3,1,1,0,0,0,5,23609,10028,34691,1704658,0,1762,65860,4013425,5897449,0,0,0,995,1000,1399,1400,6973938
MPCTASK: EXP,3,408,20407,-185,-46,704,-335,909,24,-123,-547,226,-464,454,700,-182,434,700,4,136,576,69,300,1,3,3,15,3,1,1,0,0,0,5,24814,9449,34906,1606136,0,1765,23298,4218229,5934380,0,0,0,996,1000,1399,1400,6973938
MPCTASK: EXP,3,410,20508,-199,24,710,-213,896,14,-40,-663,247,-528,612,700,-110,482,700,10,197,631,69,300,1,3,3,15,3,1,1,0,0,0,5,25247,10943,36457,1860199,0,1762,23128,4291993,6197864,0,0,0,997,1000,1399,1400,6973938
MPCTASK: EXP,3,412,20602,-200,93,712,-78,869,-17,59,-723,263,-545,752,700,-59,515,700,8,194,588,69,300,1,3,3,15,3,1,1,0,0,0,5,22897,7185,30961,1221409,0,1762,65370,3892253,5263363,0,0,0,997,1000,1399,1400,6973938
MPCTASK: EXP,3,414,20708,-195,156,710,54,822,-32,152,-717,274,-513,870,700,31,513,700,3,216,595,69,300,1,3,3,15,3,1,1,0,0,0,5,24941,9986,35718,1697548,0,1763,65392,4239993,6072232,0,0,0,998,1000,1399,1400,6973938
MPCTASK: EXP,3,416,20806,-174,224,704,189,778,-43,206,-660,278,-435,965,700,75,535,700,-4,170,603,69,300,1,3,3,15,3,1,1,0,0,0,5,23692,10060,34399,1710199,0,1796,87282,4027550,5847826,0,0,0,998,1000,1399,1400,6973938
MPCTASK: EXP,3,418,20909,-161,260,700,288,675,-34,366,-680,282,-318,1033,700,57,456,700,-6,200,589,69,300,1,3,3,15,3,1,1,0,0,0,5,25065,11318,37240,1923966,0,1762,94857,4260985,6331160,0,0,0,998,1000,1399,1400,6973938
MPCTASK: EXP,3,420,21006,-116,312,699,412,591,-19,476,-435,240,-175,1074,700,86,432,700,-4,-36,843,69,300,1,3,3,15,3,1,1,0,0,0,5,26739,7305,35114,1241839,0,1764,158829,4545501,5969441,0,0,0,998,1000,1399,1400,6973938
MPCTASK: EXP,3,422,21108,-53,344,696,493,479,-12,628,-91,190,-19,1085,700,106,383,700,-5,-50,948,69,300,1,3,3,15,3,1,1,0,0,0,5,21091,13971,35755,2375031,0,1762,47613,3585433,6078430,0,0,0,998,1000,1399,1400,6973938
MPCTASK: EXP,3,424,21210,0,374,694,477,325,-11,733,304,113,134,1067,700,83,323,700,-7,-48,1122,69,300,1,3,3,15,3,1,1,0,0,0,5,26815,9305,37177,1581826,0,2193,24283,4558369,6320116,0,0,0,998,1000,1399,1400,6973938
MPCTASK: EXP,3,426,21310,6,356,698,352,126,3,789,530,61,270,1020,700,2,206,700,-1,154,665,69,300,1,3,3,15,3,1,1,0,0,0,5,22893,13996,37701,2379232,0,1762,23128,3891661,6409221,0,0,0,998,1000,1399,1400,6973938
MPCTASK: EXP,3,428,21406,37,352,701,262,-13,5,689,599,-4,375,946,700,-27,145,700,1,66,837,69,300,1,3,3,15,3,1,1,0,0,0,5,25370,8043,33929,1367246,0,1762,23128,4312985,5768048,0,0,0,998,1000,1399,1400,6973938
MPCTASK: EXP,3,430,21506,54,339,700,153,-133,-11,742,762,-53,439,846,700,-71,66,700,-1,173,613,69,300,1,3,3,15,3,1,1,0,0,0,5,20542,11479,34425,1951305,0,1763,267154,3492057,5852230,0,0,0,998,1000,1399,1400,6973938
MPCTASK: EXP,3,432,21609,61,311,696,0,-282,-31,740,810,-73,456,722,700,-130,-28,700,-10,176,658,69,300,1,3,3,15,3,1,1,0,0,0,5,24549,10046,35823,1707791,0,27933,24655,4173326,6090040,0,0,0,998,1000,1399,1400,6973938
MPCTASK: EXP,3,434,21706,48,275,695,-147,-410,-10,716,767,-66,423,578,700,-186,-122,700,-6,178,609,69,300,1,3,3,15,3,1,1,0,0,0,5,23025,9823,33711,1669828,0,1762,23128,3914113,5731104,0,0,0,998,1000,1399,1400,6973938
MPCTASK: EXP,3,436,21804,18,224,695,-286,-536,-3,667,659,-52,345,417,700,-244,-220,700,-5,161,593,69,300,1,3,3,15,3,1,1,0,0,0,5,22718,8098,31673,1376573,0,1762,23438,3862068,5384483,0,0,0,997,1000,1399,1400,6973938
MPCTASK: EXP,3,438,21907,-14,177,692,-384,-629,-10,612,525,-37,228,243,700,-279,-297,700,-9,111,668,69,300,1,3,3,15,3,1,1,0,0,0,5,21599,10996,34767,1869338,0,1763,129414,3671605,5910398,0,0,0,997,1000,1399,1400,6973938
MPCTASK: EXP,3,440,22009,-42,92,691,-441,-754,0,542,297,-37,86,60,700,-271,-411,700,-8,29,864,69,300,1,3,3,15,3,1,1,0,0,0,5,24092,10190,36343,1732183,0,1762,24280,4095649,6178330,0,0,0,996,1000,1399,1400,6973938
MPCTASK: EXP,3,442,22108,-90,48,693,-475,-785,20,369,90,-13,-68,-128,700,-275,-463,700,-6,89,604,69,300,1,3,3,15,3,1,1,0,0,0,5,22201,13125,35908,2231294,0,1763,75896,3774089,6104534,0,0,0,995,1000,1399,1400,6973938
MPCTASK: EXP,3,444,22209,-143,-23,697,-482,-831,37,331,-144,1,-220,-317,700,-263,-503,700,-2,21,818,69,300,1,3,3,15,3,1,1,0,0,0,5,25587,9931,36466,1688171,0,2188,24280,4349794,6199374,0,0,0,995,1000,1399,1400,6973938
MPCTASK: EXP,3,446,22309,-182,-93,701,-424,-855,20,201,-398,0,-353,-501,700,-219,-560,700,1,110,561,69,300,1,3,3,15,3,1,1,0,0,0,5,22541,13064,36252,2220861,0,1763,87426,3831921,6162850,0,0,0,996,1000,1399,1400,6973938
MPCTASK: EXP,3,448,22410,-226,-170,706,-353,-860,20,28,-602,-8,-455,-677,700,-208,-587,700,6,95,679,69,300,1,3,3,15,3,1,1,0,0,0,5,25072,10064,36572,1710827,0,63695,159347,4262209,6217294,0,0,0,997,1000,1399,1400,6973938
MPCTASK: EXP,3,450,22508,-251,-238,710,-229,-830,10,-86,-799,-32,-515,-839,700,-163,-605,700,10,172,630,69,300,1,3,3,15,3,1,1,0,0,0,5,22283,11852,34786,2014734,0,1762,23128,3788169,5913642,0,0,0,997,1000,1399,1400,6973938
MPCTASK: EXP,3,452,22610,-264,-310,711,-86,-790,-14,-250,-850,-59,-529,-982,700,-116,-611,700,8,134,849,69,300,1,3,3,15,3,1,1,0,0,0,5,23812,12288,36724,2088825,0,1762,82579,4048081,6243049,0,0,0,998,1000,1399,1400,7439349
MPCTASK: EXP,3,454,22708,-265,-367,709,56,-704,-29,-409,-786,-86,-497,-1102,700,-92,-589,700,3,150,733,69,300,1,3,3,15,3,1,1,0,0,0,5,21614,10594,34312,1800879,0,1916,335136,3674389,5833189,0,0,0,998,1000,1399,1400,7439349
MPCTASK: EXP,3,456,22809,-244,-425,704,200,-611,-41,-543,-710,-114,-422,-1193,699,-39,-548,699,-3,131,738,69,300,1,3,3,15,3,1,1,0,0,0,5,25708,9932,35908,1688418,0,1762,23128,4370225,6104463,0,0,0,998,1000,1399,1400,7439349
MPCTASK: EXP,3,458,22912,-215,-463,700,313,-485,-35,-650,-488,-128,-315,-1251,699,-28,-505,699,-6,91,797,69,300,1,3,3,15,3,1,1,0,0,0,5,25014,13301,38867,2260995,0,1762,38739,4252293,6607421,0,0,0,998,1000,1399,1400,7439349
MPCTASK: EXP,3,460,23008,-175,-486,698,389,-334,-19,-757,-236,-134,-189,-1270,699,-13,-434,699,-5,29,1082,69,300,1,3,3,15,3,1,1,0,0,0,5,23937,9502,34616,1615348,0,2067,121688,4069217,5884883,0,0,0,999,1000,1399,1400,7439349
MPCTASK: EXP,3,462,23107,-140,-492,697,403,-166,-6,-811,35,-125,-61,-1249,699,-14,-374,699,-3,48,1086,69,300,1,3,3,15,3,1,1,0,0,0,5,19961,12319,33523,2094213,0,1906,187624,3393317,5699021,0,0,0,999,1000,1399,1400,7439349
MPCTASK: EXP,3,464,23209,-101,-486,697,378,-3,-3,-786,284,-87,53,-1186,699,-3,-321,699,-3,146,702,69,300,1,3,3,15,3,1,1,0,0,0,5,25500,9241,35167,1570894,0,1762,39896,4334822,5978533,0,0,0,999,1000,1399,1400,7439349
MPCTASK: EXP,3,466,23302,-74,-475,698,306,134,6,-696,443,-47,141,-1082,699,-24,-271,699,-1,159,604,69,300,1,3,3,15,3,1,1,0,0,0,5,18824,9305,29024,1581860,0,2066,49907,3200033,4934201,0,0,0,998,1000,1399,1400,7439349
MPCTASK: EXP,3,468,23407,-62,-444,700,207,260,0,-554,466,-15,191,-942,700,-51,-229,700,0,124,601,69,300,1,3,3,15,3,1,1,0,0,0,5,24743,8476,33791,1440923,0,2665,23437,4206106,5744604,0,0,0,998,1000,1399,1400,7439349
MPCTASK: EXP,3,470,23509,-47,-400,700,128,361,-7,-366,450,36,200,-776,700,-29,-203,700,0,66,731,69,300,1,3,3,15,3,1,1,0,0,0,5,21500,11888,34773,2020767,0,1762,89539,3654821,5911742,0,0,0,998,1000,1399,1400,7439349
MPCTASK: EXP,3,472,23612,-49,-353,700,37,418,-4,-137,368,90,171,-597,700,-54,-192,700,0,34,821,69,300,1,3,3,15,3,1,1,0,0,0,5,24629,13141,38430,2233892,0,1762,90024,4186869,6533274,0,0,0,997,1000,1399,1400,7439349
MPCTASK: EXP,3,474,23708,-53,-324,697,-20,402,-4,128,179,134,116,-424,700,-56,-186,700,-3,66,710,69,300,1,3,3,15,3,1,1,0,0,0,5,21677,12294,34971,2090016,0,1763,47125,3684929,5945108,0,0,0,995,1000,1399,1400,7439349
MPCTASK: EXP,3,476,23809,-65,-288,700,-49,359,13,312,15,172,51,-276,700,-82,-173,700,0,89,599,69,300,1,3,3,15,3,1,1,0,0,0,5,21976,13188,35703,2241883,0,1762,67355,3735686,6069567,0,0,0,994,1000,1399,1400,7439349
MPCTASK: EXP,3,478,23907,-81,-258,701,-56,295,5,387,-88,194,-4,-171,700,-102,-149,700,1,197,751,69,300,1,3,3,15,3,1,1,0,0,0,5,19644,12696,33141,2158326,0,1763,71370,3339437,5634035,0,0,0,993,1000,1399,1400,7439349
MPCTASK: EXP,3,480,24008,-87,-237,699,-40,223,-9,336,-85,203,-36,-118,700,-89,-157,700,-2,152,542,69,300,1,3,3,15,3,1,1,0,0,0,5,25211,9062,34589,1540413,0,1762,23128,4285777,5880116,0,0,0,993,1000,1399,1400,7439349
MPCTASK: EXP,3,482,24108,-89,-234,698,-26,151,-3,193,-44,200,-44,-106,700,-85,-199,700,-2,142,502,69,300,1,3,3,15,3,1,1,0,0,0,5,21182,13009,35102,2211312,0,1762,64266,3600829,5967533,0,0,0,993,1000,1399,1400,7439349
MPCTASK: TRAJ DONE: idx=482, max=482; requesting landing
MPCTASK: LANDING: start z=0.69, hold=(-0.09,-0.23)
MPCTASK: TIMING SUMMARY: max_step_cycles=7439349 deadline_cycles=8400000 overruns=0
MPCTASK: LANDING COMPLETE: t=34196 ms, x=-0.113, y=-0.234, z=0.0, vz=-0.043; motors off