---
SYS: Crazyflie 2.1 Brushless is up and running!
SYS: Build 2:de14ff9f08ae (2025.09.1 +2) MODIFIED
SYS: I am 0x373930393434471500370039 and I have 1024KB of flash!
CFGBLK: v1, verification [OK]
DECK_DISCOVERY: Backend found: onewire
DECK_DISCOVERY: Backend found: deckctrl
DECK_CORE: 1 deck(s) found
DECK_CORE: Calling INIT on driver bcFlow2 for deck 0
ZR2: Z-down sensor [OK]
PMW: Motion chip id: 0x49:0xB6
IMU: BMI088: Using I2C interface.
IMU: BMI088 Gyro connection [OK].
IMU: BMI088 Accel connection [OK]
IMU: BMP390 I2C connection [OK]
ESTIMATOR: Using Kalman (2) estimator
CONTROLLER: Using PID (1) controller
MTR-DRV: Using brushless motor driver
SYS: About to run tests in system.c.
SYS: NRF51 version: 2026.04 (C21B)
EEPROM: I2C connection [OK].
STORAGE: Storage check [OK].
IMU: BMI088 gyro self-test [OK]
DECK_CORE: Deck 0 test [OK].
SYS: Self test passed!
STAB: Wait for sensor calibration...
SYS: Free heap: 15048 bytes
MPCTASK: Waiting for activation ...
STAB: Starting stabilizer loop
ESTKALMAN: State out of bounds, resetting
STAB: WARNING: stabilizer loop rate is off (1004)
SUP: Ready to fly
MPCTASK: Benchmark mode 2, maneuver 4, max_iter 5, task_pri 0
MPCTASK: Reference altitude: 0.70 m; barrier skip when z>0.75 and vz>-0.20
MPCTASK: OOT takeoff: cfclient trigger>=0.15m ramp=0.15m/s forced_trajectory_start=5000ms timeout=12000ms
MPCTASK: Common baseline: mpc_hz=20 model_hz=20 rho=5 base_w=0 base_qz=1 Qz=100 R=4 bridge=x10 guards=z[ref,ref+0.20] xy=free cap=0.05
MPCTASK: MPC->PID: xyz=x10, z_guard=[ref,ref+0.20], yaw=raw_rz, output_hold=200ms, safety_hold=500ms
MPCTASK: Reference origin: xy=forced_3s_start z=0.70 m
MPCTASK: Fixed baseline: w=0 qz=1 adaptive_cache=off
MPCTASK: LIMO posthoc: infeasible=nominal_fallback
MPCTASK: EXP every=2: m,s,tms,p3[mm],v3[mmps],att3[cdeg],ref3[mm],cmd3[mm],h/raw/grad/mar/thr[milli],act/ac/bind,wi/qi/cache/noa,pa/pf/du[milli],it,mpc/eval/total[us],bar/tanh/rl/cache/solve/step[cycles],overruns,post_active/post_infeasible_totals,wreq/w/qzreq/qz[milli],max_step_cycles
MPCTASK: Figure8: source=traj_fig8_12.h source_hz=100 samples=1205 laps=2 duration=24.07 s origin=forced_3s_start z_offset=0.09 m
CONTROLLER: Using OutOfTree (6) controller
MPCTASK: Trajectory origin: x=0.03 y=0.21
MPCTASK: OOT activated at z=0.0
MPCTASK: TAKEOFF START: trigger_z=0.15 start_z=0.0 target=0.70 hold=(0.03,0.26) ramp=0.15m/s
MPCTASK: OOT loop 1 done
MPCMPCTASK: OOT loop 2 done
TASK: MPC task loop 1
MPCTASK: x0: pos=(0.03,0.26,0.0) vel=(-0.01,0.03,-0.0)
MPCTASK: OOT loop 3 done
MPCTASK: ref: (0.03,0.26,0.0)
MPCTASK: MPC solve start
MPCTASK: MPC solve done, iter=5
MPCTASK: MPC time=23797 us
MPCTASK: MPC stack free=1081 words
MPCTASK: setpoint: x=0.03 y=0.26 z=0.07 preview_z=0.07
MPCTASK: MPC task loop 2
MPCTASK: MPC task loop 3
MPCTASK: TAKEOFF COMPLETE: t=5000ms z=0.74 vz=0.0; trajectory queued origin=(-0.17,0.25)
MPCTASK: TRAJ START: z=0.74 origin=(-0.17,0.25) EXP clock reset
MPCTASK: EXP,2,2,83,-179,244,742,328,-173,15,-137,-436,-278,-180,254,700,-122,534,700,42,3,247,69,69,1,1,0,0,0,0,0,1,1,0,5,22155,11024,33253,1874128,0,0,0,3766389,5653108,0,2,2,0,0,1000,1000,5653108
MPCTASK: EXP,2,4,184,-213,231,745,296,-101,22,-970,-28,-264,-191,273,700,-138,607,769,45,185,465,69,69,1,1,0,0,0,0,0,1,0,377,5,22462,9925,33921,1687251,0,0,0,3818466,5766779,0,4,2,0,0,1000,1000,6097497
MPCTASK: EXP,2,6,278,-237,250,761,213,159,82,-1453,317,-259,-226,340,700,-146,718,700,61,-132,400,69,69,0,0,0,0,0,0,0,0,0,0,5,17405,9933,27408,1688557,0,0,0,2958817,4659535,0,4,2,0,0,1000,1000,6097497
MPCTASK: EXP,2,8,379,-243,324,770,142,488,63,-1603,266,-420,-278,459,700,-109,853,702,70,-102,488,69,69,0,0,0,0,0,0,0,0,0,0,5,19658,9145,28872,1554561,0,0,0,3341737,4908326,0,4,2,0,0,1000,1000,6097497
MPCTASK: EXP,2,10,481,-296,394,772,71,730,18,-1069,-201,-683,-333,618,700,-98,915,701,72,68,372,69,69,0,0,0,0,0,0,0,0,0,0,5,22254,8672,31278,1474152,0,0,0,3783197,5317286,0,4,2,0,0,1000,1000,6097497
MPCTASK: EXP,2,12,585,-252,500,766,195,904,-9,-710,-625,-773,-371,798,700,15,987,700,65,118,332,69,69,0,0,0,0,0,0,0,0,0,0,5,23781,9551,33671,1623538,0,0,0,4042589,5724119,0,4,2,0,0,1000,1000,6097497
MPCTASK: EXP,2,14,685,-291,597,768,274,961,40,-198,-840,-781,-379,976,700,27,1014,701,68,116,316,69,69,0,0,0,0,0,0,0,0,0,0,5,23620,9477,33165,1610873,0,0,0,4015329,5638080,0,4,2,0,0,1000,1000,6097497
MPCTASK: EXP,2,16,785,-311,693,778,360,962,38,31,-919,-694,-348,1137,700,35,1030,703,78,-40,255,69,69,0,0,0,0,0,0,0,0,0,0,5,23329,10240,33639,1740870,0,0,0,3965738,5718634,0,4,2,0,0,1000,1000,6097497
MPCTASK: EXP,2,18,886,-309,763,780,459,889,-6,324,-881,-576,-279,1266,699,38,1002,703,79,62,289,69,69,0,0,0,0,0,0,0,0,0,0,5,23174,11704,34948,1989607,0,0,0,3939489,5941305,0,4,2,0,0,1000,1000,6124936
MPCTASK: EXP,2,20,986,-269,870,780,566,845,-32,646,-659,-458,-179,1355,699,45,999,702,73,33,277,69,69,0,0,0,0,0,0,0,0,0,0,5,23654,10374,34097,1763512,0,0,0,4021182,5796571,0,4,2,0,0,1000,1000,6124936
MPCTASK: EXP,2,22,1088,-230,938,768,618,664,-71,986,-322,-324,-60,1400,699,22,933,699,54,-64,331,69,69,0,0,0,0,0,0,0,0,0,0,5,22486,12403,34958,2108432,0,0,0,3822613,5943062,0,4,2,0,0,1000,1000,6124936
MPCTASK: EXP,2,24,1183,-173,969,763,626,435,-41,1229,71,-214,62,1402,699,-5,829,699,55,-76,410,69,69,0,0,0,0,0,0,0,0,0,0,5,21459,9180,30710,1560660,0,0,0,3647969,5220661,0,4,2,0,0,1000,1000,6170841
MPCTASK: EXP,2,26,1289,-128,965,756,562,167,-39,1301,439,-123,172,1363,699,-63,700,699,48,-91,441,69,69,0,0,0,0,0,0,0,0,0,0,5,23983,12825,36880,2180076,0,0,0,4077105,6269601,0,4,2,0,0,1000,1000,6269601
MPCTASK: EXP,2,28,1385,-80,929,750,468,-91,-37,1273,735,-82,254,1287,700,-117,557,700,42,-67,430,69,69,0,0,0,0,0,0,0,0,0,0,5,22200,10207,32721,1735118,0,0,0,3773858,5562735,0,4,2,0,0,1000,1000,6269601
MPCTASK: EXP,2,30,1482,-48,883,747,299,-339,-14,1137,1047,-105,299,1179,700,-195,418,793,44,46,386,69,69,1,1,0,0,0,0,0,1,0,497,5,18176,9762,29678,1659291,0,0,0,3089941,5045456,0,6,2,0,0,1000,1000,6269601
MPCTASK: EXP,2,32,1591,-70,750,745,33,-648,66,913,1071,-134,298,1044,700,-304,212,863,45,-62,320,69,69,1,1,0,0,0,0,0,1,0,841,5,26121,10396,38740,1767286,0,0,0,4440519,6585948,0,8,2,0,0,1000,1000,6585948
MPCTASK: EXP,2,34,1685,-75,679,757,-170,-801,211,700,955,-189,250,888,700,-369,88,704,57,64,326,69,69,0,0,0,0,0,0,0,0,0,0,5,19817,12868,32755,2187499,0,0,0,3368793,5568480,0,9,2,0,0,1000,1000,6585948
MPCTASK: EXP,2,36,1786,-96,580,781,-334,-919,220,513,919,-296,160,716,700,-424,-39,711,81,102,315,69,69,0,0,0,0,0,0,0,0,0,0,5,22757,10041,32867,1707004,0,0,0,3868666,5587560,0,9,2,0,0,1000,1000,6585948
MPCTASK: EXP,2,38,1892,-182,474,801,-525,-986,97,272,912,-437,35,534,700,-513,-145,712,101,-37,235,69,69,0,0,0,0,0,0,0,0,0,0,5,27119,10847,38035,1843979,0,0,0,4610165,6466040,0,9,2,0,0,1000,1000,6585948
MPCTASK: EXP,2,40,1988,-254,411,807,-662,-963,6,205,578,-683,-111,345,700,-545,-211,712,107,57,245,69,69,0,0,0,0,0,0,0,0,0,0,5,24208,10270,34775,1745694,0,0,0,4115249,5911738,0,9,2,0,0,1000,1000,6585948
MPCTASK: EXP,2,42,2084,-302,329,809,-690,-981,-36,408,-79,-970,-266,156,700,-503,-306,710,102,141,283,69,69,0,0,0,0,0,0,0,0,0,0,5,20058,10922,31050,1856755,0,0,0,3409813,5278576,0,9,2,0,0,1000,1000,6585948
MPCTASK: EXP,2,44,2184,-398,253,814,-687,-1039,-11,439,-631,-1147,-414,-29,700,-491,-385,712,112,-2,195,69,69,0,0,0,0,0,0,0,0,0,0,5,20222,9321,29773,1584470,0,0,0,3437513,5061532,0,9,2,0,0,1000,1000,6585948
MPCTASK: EXP,2,46,2286,-476,159,820,-573,-1094,-39,117,-1018,-1085,-539,-208,700,-443,-443,712,112,15,300,69,69,0,0,0,0,0,0,0,0,0,0,5,21061,10155,31285,1726102,0,0,0,3580289,5318447,0,9,2,0,0,1000,1000,6585948
MPCTASK: EXP,2,48,2390,-494,62,813,-372,-1084,-138,-379,-1091,-864,-629,-374,700,-350,-472,707,85,-71,415,69,69,0,0,0,0,0,0,0,0,0,0,5,24240,11731,36041,1994230,0,0,0,4120681,6126958,0,9,2,0,0,1000,1000,6585948
MPCTASK: EXP,2,50,2486,-527,-27,792,-167,-1001,-177,-610,-1289,-572,-675,-525,700,-267,-488,700,57,-101,879,69,69,0,0,0,0,0,0,0,0,0,0,5,19764,12118,31960,2060008,0,0,0,3359914,5433234,0,9,2,0,0,1000,1000,6585948
MPCTASK: EXP,2,52,2586,-530,-85,778,64,-886,-138,-542,-1460,-361,-673,-656,700,-172,-480,700,50,-104,911,69,69,0,0,0,0,0,0,0,0,0,0,5,22800,9635,32505,1637857,0,0,0,3875858,5525979,0,9,2,0,0,1000,1000,6585948
MPCTASK: EXP,2,54,2692,-506,-155,762,369,-779,-119,-388,-1502,-204,-622,-765,700,-63,-478,700,38,12,1041,69,69,0,0,0,0,0,0,0,0,0,0,5,27191,10327,37587,1755491,0,0,0,4622349,6389882,0,9,2,0,0,1000,1000,6585948
MPCTASK: EXP,2,56,2790,-432,-189,747,663,-668,-96,-304,-1298,-139,-528,-849,700,50,-441,730,28,3,683,69,69,1,1,0,0,0,0,0,1,0,200,5,22034,11029,36035,1874810,0,0,0,3745733,6126119,0,10,2,0,0,1000,1000,6585948
MPCTASK: EXP,2,58,2890,-355,-212,727,876,-568,-73,-278,-856,-159,-399,-906,700,114,-388,700,12,-28,346,69,69,1,1,0,0,0,0,0,1,1,0,5,24252,11320,35652,1924234,0,0,0,4122761,6060977,0,12,3,0,0,1000,1000,6585948
MPCTASK: EXP,2,60,2989,-281,-223,723,988,-475,108,-187,-370,-254,-249,-934,700,133,-331,700,23,-16,208,69,69,1,1,0,0,0,0,0,1,1,0,5,23963,10873,35421,1848189,0,0,0,4073733,6021680,0,14,5,0,0,1000,1000,6585948
MPCTASK: EXP,2,62,3091,-181,-241,737,1010,-396,122,-231,114,-371,-92,-934,700,136,-267,700,37,-2,196,69,69,1,1,0,0,0,0,0,1,1,0,5,22050,14655,36778,2491251,0,0,0,3748453,6252473,0,16,7,0,0,1000,1000,6585948
MPCTASK: EXP,2,64,3185,-68,-255,755,972,-316,95,-420,677,-404,55,-904,700,123,-191,700,55,69,295,69,69,0,0,0,0,0,0,0,0,0,0,5,20093,10212,30375,1736090,0,0,0,3415641,5163888,0,17,8,0,0,1000,1000,6585948
MPCTASK: EXP,2,66,3289,13,-261,770,819,-198,51,-640,1212,-383,181,-845,700,61,-97,702,70,-88,316,69,69,0,0,0,0,0,0,0,0,0,0,5,24168,10637,34882,1808178,0,0,0,4108461,5929989,0,17,8,0,0,1000,1000,6585948
MPCTASK: EXP,2,68,3386,74,-258,779,594,-49,-14,-856,1587,-302,271,-760,700,-22,8,702,76,-116,504,69,69,0,0,0,0,0,0,0,0,0,0,5,20536,10267,30874,1745285,0,0,0,3491130,5248631,0,17,8,0,0,1000,1000,6585948
MPCTASK: EXP,2,70,3490,133,-240,779,350,134,-86,-1030,1775,-185,317,-650,700,-93,126,700,62,-39,956,69,69,0,0,0,0,0,0,0,0,0,0,5,21065,13741,34875,2335921,0,0,0,3580913,5928873,0,17,8,0,0,1000,1000,6585948
MPCTASK: EXP,2,72,3590,144,-210,767,37,337,-136,-1129,1786,-76,314,-517,700,-192,253,700,40,-68,1287,69,69,0,0,0,0,0,0,0,0,0,0,5,24021,10661,34751,1812385,0,0,0,4083385,5907813,0,17,8,0,0,1000,1000,6585948
MPCTASK: EXP,2,74,3687,158,-107,749,-246,621,-143,-1100,1625,60,263,-366,700,-260,439,716,20,-187,1018,69,69,1,1,0,0,0,0,0,1,0,136,5,19744,10576,32249,1797927,0,0,0,3356397,5482574,0,18,8,0,0,1000,1000,6585948
MPCTASK: EXP,2,76,3790,105,-46,737,-530,792,-95,-956,1334,92,168,-199,700,-348,556,772,18,-147,527,69,69,1,1,0,0,0,0,0,1,0,424,5,23475,9983,35418,1697034,0,0,0,3990622,6021223,0,20,8,0,0,1000,1000,6585948
MPCTASK: EXP,2,78,3889,62,111,730,-736,1045,27,-714,720,199,40,-21,700,-373,752,700,30,100,363,69,69,1,1,0,0,0,0,0,1,1,0,5,24230,9678,33985,1645274,0,0,0,4119030,5777484,0,22,10,0,0,1000,1000,6585948
MPCTASK: EXP,2,80,3991,-26,211,735,-848,1123,54,-297,387,291,-110,163,700,-416,844,700,35,-28,205,69,69,1,1,0,0,0,0,0,1,1,0,5,21049,14629,35750,2486717,0,0,0,3578325,6077655,0,24,12,0,0,1000,1000,6611217
MPCTASK: EXP,2,82,4091,-101,275,742,-867,1086,22,-29,79,460,-267,350,700,-549,698,700,42,21,183,69,69,1,1,0,0,0,0,0,1,0,1120,5,24204,9949,35728,1691155,0,0,0,4114701,6073868,0,26,13,0,0,1000,1000,6611217
MPCTASK: EXP,2,84,4191,-182,365,749,-863,1070,6,62,-150,703,-415,535,700,-414,936,700,49,131,296,69,69,1,1,0,0,0,0,0,1,1,0,5,23000,11934,35013,2028679,0,0,0,3909849,5952367,0,28,14,0,0,1000,1000,6611217
MPCTASK: EXP,2,86,4289,-242,463,756,-784,1004,-1,182,-365,1041,-541,712,700,-362,999,700,56,166,340,69,69,0,0,0,0,0,0,0,0,0,0,5,19005,13187,32261,2241728,0,0,0,3230765,5484542,0,28,14,0,0,1000,1000,6611217
MPCTASK: EXP,2,88,4390,-327,502,756,-709,931,-61,52,-789,1177,-631,879,700,-330,1002,700,43,71,358,69,69,0,0,0,0,0,0,0,0,0,0,5,22948,11094,34117,1885826,0,0,0,3901129,5799859,0,28,14,0,0,1000,1000,6611217
MPCTASK: EXP,2,90,4492,-391,544,755,-546,873,-77,237,-1274,1081,-677,1030,700,-264,989,700,40,32,540,69,69,0,0,0,0,0,0,0,0,0,0,5,24231,9953,34501,1691864,0,0,0,4119153,5865262,0,28,14,0,0,1000,1000,6611217
MPCTASK: EXP,2,92,4591,-448,598,751,-312,820,-97,370,-1718,838,-674,1161,700,-192,983,700,31,-255,844,69,69,0,0,0,0,0,0,0,0,0,0,5,22093,10714,33105,1821181,0,0,0,3755766,5627804,0,28,14,0,0,1000,1000,6611217
MPCTASK: EXP,2,94,4692,-476,650,746,-24,746,-148,437,-1993,471,-623,1271,700,-110,965,707,16,-417,1481,69,69,1,1,0,0,0,0,0,1,0,96,5,22444,10519,34381,1788147,0,0,0,3815457,5844836,0,29,14,0,0,1000,1000,6611217
MPCTASK: EXP,2,96,4791,-480,690,729,299,642,-172,371,-1891,90,-528,1355,700,-118,857,711,-4,-409,1437,69,69,1,1,0,0,0,0,0,1,0,144,5,19903,10375,32426,1763654,0,0,0,3383433,5512461,0,31,14,0,0,1000,1000,6777787
MPCTASK: EXP,2,98,4894,-461,719,709,598,515,-121,477,-1645,-331,-400,1413,700,-168,675,750,-14,39,874,69,69,1,1,0,0,0,0,0,1,0,552,5,22732,11433,35466,1943631,0,0,0,3864421,6029360,0,33,14,0,0,1000,1000,6777787
MPCTASK: EXP,2,100,4991,-432,757,704,815,335,34,976,-1224,-864,-249,1441,700,-289,435,736,4,278,708,69,69,1,1,0,0,0,0,0,1,0,429,5,20633,10285,33119,1748327,0,0,0,3507557,5630174,0,35,14,0,0,1000,1000,6777787
MPCTASK: EXP,2,102,5094,-384,772,718,915,51,149,1546,-866,-1276,-92,1441,700,-397,194,741,18,303,745,69,69,1,1,0,0,0,0,0,1,0,294,5,25323,9481,36278,1611820,0,0,0,4304885,6167395,0,37,14,0,0,1000,1000,6777787
MPCTASK: EXP,2,104,5193,-295,748,744,944,-299,223,1886,-410,-1478,56,1411,700,-6,418,726,44,395,775,69,69,1,1,0,0,0,0,0,1,0,124,5,21317,11546,34621,1962860,0,0,0,3623693,5885740,0,39,14,0,0,1000,1000,6777787
MPCTASK: EXP,2,106,5289,-267,720,768,799,-557,173,1650,124,-1732,181,1353,700,-96,314,707,68,-107,462,69,69,0,0,0,0,0,0,0,0,0,0,5,19889,11149,31106,1895372,0,0,0,3380953,5288215,0,39,14,0,0,1000,1000,6777787
MPCTASK: EXP,2,108,5389,-283,656,781,564,-789,83,1295,129,-1721,271,1267,700,-205,173,707,81,-94,327,69,69,0,0,0,0,0,0,0,0,0,0,5,20026,10600,31057,1801920,0,0,0,3404366,5279867,0,39,14,0,0,1000,1000,6777787
MPCTASK: EXP,2,110,5489,-269,579,787,440,-971,54,948,207,-1636,317,1157,700,-278,50,707,87,318,495,69,69,0,0,0,0,0,0,0,0,0,0,5,20218,10577,31238,1798052,0,0,0,3436973,5310541,0,39,14,0,0,1000,1000,6777787
MPCTASK: EXP,2,112,5598,-237,464,784,319,-1060,-60,94,1156,-1401,314,1024,700,-371,-40,702,72,271,665,69,69,0,0,0,0,0,0,0,0,0,0,5,25327,12927,39470,2197555,0,0,0,4305525,6709956,0,39,14,0,0,1000,1000,6777787
MPCTASK: EXP,2,114,5693,-239,383,783,86,-957,-71,-613,1648,-983,263,873,700,-462,-80,701,69,-197,600,69,69,0,0,0,0,0,0,0,0,0,0,5,23932,10167,34169,1728291,0,0,0,4068385,5808870,0,39,14,0,0,1000,1000,6777787
MPCTASK: EXP,2,116,5792,-193,250,787,-102,-839,-60,-720,1327,-527,168,706,700,-449,-181,703,75,-104,397,69,69,0,0,0,0,0,0,0,0,0,0,5,21633,10959,32663,1863037,0,0,0,3677453,5552887,0,39,14,0,0,1000,1000,6777787
MPCTASK: EXP,2,118,5896,-242,198,778,-339,-677,-122,-690,1189,-124,40,528,700,-521,-212,700,54,-98,448,69,69,0,0,0,0,0,0,0,0,0,0,5,26145,10800,37015,1835929,0,0,0,4444633,6292610,0,39,14,0,0,1000,1000,6777787
MPCTASK: EXP,2,120,5994,-323,157,765,-558,-556,-161,-289,730,188,-110,343,700,-572,-264,700,32,246,513,69,69,0,0,0,0,0,0,0,0,0,0,5,21837,12356,34685,2100466,0,0,0,3712101,5896592,0,39,14,0,0,1000,1000,6777787
MPCTASK: EXP,2,122,6096,-404,137,749,-668,-510,-149,193,144,551,-267,156,700,-600,-297,852,20,316,473,69,69,1,1,0,0,0,0,0,1,0,1191,5,23824,11623,36966,1975925,0,0,0,4050009,6284212,0,40,14,0,0,1000,1000,6777787
MPCTASK: EXP,2,124,6192,-516,59,741,-669,-633,-88,887,-572,1008,-415,-27,700,-555,-453,859,24,196,485,69,69,1,1,0,0,0,0,0,1,0,1219,5,19903,10044,32360,1707522,0,0,0,3383501,5501271,0,42,14,0,0,1000,1000,6777787
MPCTASK: EXP,2,126,6293,-563,9,761,-452,-738,141,825,-1044,1145,-541,-205,700,-466,-496,702,61,158,380,69,69,0,0,0,0,0,0,0,0,0,0,5,23857,9837,33765,1672125,0,0,0,4055693,5740146,0,43,15,0,0,1000,1000,6777787
MPCTASK: EXP,2,128,6393,-586,-73,771,-234,-832,55,635,-1231,1047,-631,-372,700,-369,-557,702,71,-49,349,69,69,0,0,0,0,0,0,0,0,0,0,5,23917,9660,33846,1642120,0,0,0,4065917,5754259,0,43,15,0,0,1000,1000,6777787
MPCTASK: EXP,2,130,6493,-581,-149,758,-22,-880,-109,398,-1240,882,-677,-522,700,-273,-595,700,36,-84,596,69,69,0,0,0,0,0,0,0,0,0,0,5,23600,10253,34168,1742847,0,0,0,4011985,5808667,0,43,15,0,0,1000,1000,6777787
MPCTASK: EXP,2,132,6594,-537,-244,724,278,-901,-179,78,-1208,608,-674,-654,700,-141,-626,745,-11,-164,776,69,69,1,1,0,0,0,0,0,1,0,322,5,20700,10616,33507,1804664,0,0,0,3518934,5696212,0,45,15,0,0,1000,1000,6777787
MPCTASK: EXP,2,134,6692,-482,-312,706,529,-846,-53,-173,-1033,276,-623,-764,700,-33,-619,700,-4,-85,399,69,69,1,1,0,0,0,0,0,1,1,0,5,20313,10769,31164,1830642,0,0,0,3453173,5297931,0,47,16,0,0,1000,1000,6777787
MPCTASK: EXP,2,136,6795,-403,-361,705,736,-758,104,-198,-724,-68,-528,-848,700,53,-594,700,5,-53,275,69,69,1,1,0,0,0,0,0,1,1,0,5,23664,10899,34883,1852680,0,0,0,4022757,5930321,0,49,18,0,0,1000,1000,6777787
MPCTASK: EXP,2,138,6894,-324,-400,713,845,-678,102,-357,-390,-344,-400,-906,700,97,-548,700,13,-13,238,69,69,1,1,0,0,0,0,0,1,1,0,5,22934,11211,34226,1905802,0,0,0,3898661,5818552,0,51,20,0,0,1000,1000,6777787
MPCTASK: EXP,2,140,6995,-210,-440,722,922,-570,79,-573,78,-537,-249,-934,700,138,-487,700,22,33,294,69,69,1,1,0,0,0,0,0,1,1,0,5,22680,11175,34034,1899700,0,0,0,3855577,5785779,0,53,22,0,0,1000,1000,6777787
MPCTASK: EXP,2,142,7093,-101,-472,735,904,-428,78,-786,615,-621,-92,-934,700,136,-407,700,35,11,309,69,69,1,1,0,0,0,0,0,1,1,0,5,21826,10586,32485,1751474,0,0,0,3710385,5522563,0,55,24,0,0,1000,1000,6777787
MPCTASK: EXP,2,144,7193,-1,-487,747,803,-246,44,-934,1118,-618,56,-904,700,-19,-430,851,47,-25,337,69,69,1,1,0,0,0,0,0,1,0,780,5,20366,11448,32998,1946135,0,0,0,3462118,5609864,0,57,25,0,0,1000,1000,6777787
MPCTASK: EXP,2,146,7296,63,-489,754,593,-41,22,-948,1581,-530,181,-846,700,13,-209,700,54,-71,502,69,69,0,0,0,0,0,0,0,0,0,0,5,24583,9947,34600,1690843,0,0,0,4179053,5882052,0,57,25,0,0,1000,1000,6777787
MPCTASK: EXP,2,148,7393,113,-471,763,301,166,0,-907,1666,-456,271,-760,700,-73,-87,700,62,122,665,69,69,0,0,0,0,0,0,0,0,0,0,5,21621,9974,31665,1695423,0,0,0,3675621,5383093,0,57,25,0,0,1000,1000,6777787
MPCTASK: EXP,2,150,7495,131,-438,755,51,348,-114,-1020,1658,-325,317,-650,700,-164,41,700,33,19,1062,69,69,0,0,0,0,0,0,0,0,0,0,5,23925,9372,33938,1593038,0,0,0,4067161,5769481,0,57,25,0,0,1000,1000,6777787
MPCTASK: EXP,2,152,7599,127,-392,740,-214,552,-144,-1103,1547,-179,314,-517,700,-255,177,722,11,-126,954,69,69,1,1,0,0,0,0,0,1,0,175,5,22855,12782,37908,2172831,0,0,0,3885253,6444559,0,59,25,0,0,1000,1000,6777787
MPCTASK: EXP,2,154,7695,94,-352,729,-450,716,-94,-1054,1265,-93,263,-366,700,-335,286,781,10,-91,516,69,69,1,1,0,0,0,0,0,1,0,481,5,21252,11054,33691,1879226,0,0,0,3612845,5727508,0,61,25,0,0,1000,1000,6777787
MPCTASK: EXP,2,156,7796,42,-259,722,-665,936,16,-908,862,33,168,-199,700,-400,437,700,22,-63,310,69,69,1,1,0,0,0,0,0,1,1,0,5,21051,13445,34568,2285586,0,0,0,3578574,5876770,0,63,27,0,0,1000,1000,6777787
MPCTASK: EXP,2,158,7894,-20,-175,728,-778,1040,44,-544,540,143,40,-21,700,-437,531,700,28,-35,240,69,69,1,1,0,0,0,0,0,1,1,0,5,23031,9731,32941,1654172,0,0,0,3915233,5600014,0,65,29,0,0,1000,1000,6777787
MPCTASK: EXP,2,160,7996,-93,-88,732,-833,1075,11,-250,215,250,-110,163,700,-451,609,700,32,-3,204,69,69,1,1,0,0,0,0,0,1,1,0,5,22314,11790,34543,2004339,0,0,0,3793134,5872432,0,67,31,0,0,1000,1000,6777787
MPCTASK: EXP,2,162,8098,-125,-8,736,-787,1066,-2,-62,-83,340,-267,350,700,-573,501,700,36,46,214,69,69,1,1,0,0,0,0,0,1,0,927,5,24062,10473,36899,1780234,0,0,0,4090561,6272842,0,69,32,0,0,1000,1000,6777787
MPCTASK: EXP,2,164,8196,-201,83,740,-738,1030,-20,96,-263,384,-415,535,700,-688,425,700,36,-10,212,69,69,1,1,0,0,0,0,0,1,0,880,5,21619,11498,34288,1954541,0,0,0,3675065,5829102,0,71,32,0,0,1000,1000,6777787
MPCTASK: EXP,2,166,8293,-246,152,736,-676,950,-71,369,51,446,-541,712,700,-378,730,700,22,183,391,69,69,1,1,0,0,0,0,0,1,1,0,5,21061,10050,31289,1708267,0,0,0,3580353,5319306,0,73,33,0,0,1000,1000,6777787
MPCTASK: EXP,2,168,8398,-263,223,735,-650,817,-56,506,273,600,-631,879,700,-332,752,737,23,342,609,69,69,1,1,0,0,0,0,0,1,0,246,5,23560,10076,37166,1712828,0,0,0,4005177,6318383,0,75,34,0,0,1000,1000,6777787
MPCTASK: EXP,2,170,8494,-258,294,725,-551,790,-78,-99,-312,791,-677,1029,700,-233,807,700,10,24,281,69,69,1,1,0,0,0,0,0,1,1,0,5,22438,10496,33015,1784244,0,0,0,3814314,5612528,0,77,36,0,0,1000,1000,6777787
MPCTASK: EXP,2,172,8594,-306,335,711,-455,779,-132,-392,-730,892,-674,1161,700,-193,829,700,-15,-47,346,69,69,1,1,0,0,0,0,0,1,1,0,5,21939,10487,32497,1782615,0,0,0,3729477,5524541,0,79,38,0,0,1000,1000,6777787
MPCTASK: EXP,2,174,8697,-338,400,706,-303,847,-67,-304,-1075,875,-623,1271,700,-143,853,700,-6,-98,413,69,69,1,1,0,0,0,0,0,1,1,0,5,26915,8996,35985,1529289,0,0,0,4575517,6117625,0,81,40,0,0,1000,1000,6777787
MPCTASK: EXP,2,176,8796,-355,471,707,-105,878,-53,21,-1279,848,-528,1355,700,-98,862,815,-3,-131,516,69,69,1,1,0,0,0,0,0,1,0,675,5,20864,11499,34533,1954733,0,0,0,3546749,5870756,0,83,41,0,0,1000,1000,6777787
MPCTASK: EXP,2,178,8896,-372,500,705,73,807,-59,309,-1346,811,-399,1412,700,-77,801,744,-5,134,843,69,69,1,1,0,0,0,0,0,1,0,319,5,21512,10975,33967,1865551,0,0,0,3657037,5774540,0,85,41,0,0,1000,1000,6777787
MPCTASK: EXP,2,180,8998,-368,572,705,308,762,49,436,-1185,709,-249,1441,700,-58,783,700,5,-65,405,69,69,1,1,0,0,0,0,0,1,1,0,5,22756,13322,36469,2264678,0,0,0,3868463,6199812,0,87,42,0,0,1000,1000,6777787
MPCTASK: EXP,2,182,9093,-356,619,715,474,644,118,702,-976,504,-92,1441,700,-60,717,700,15,-50,321,69,69,1,1,0,0,0,0,0,1,1,0,5,22949,8708,31731,1480236,0,0,0,3901265,5394343,0,89,44,0,0,1000,1000,6777787
MPCTASK: EXP,2,184,9194,-331,665,727,569,507,38,913,-623,255,55,1411,700,-92,650,700,27,-63,299,69,69,1,1,0,0,0,0,0,1,1,0,5,20696,11566,32840,1966159,0,0,0,3518321,5582911,0,91,46,0,0,1000,1000,6777787
MPCTASK: EXP,2,186,9299,-301,694,727,590,337,-57,1039,-165,26,181,1353,700,-144,564,700,15,-87,380,69,69,1,1,0,0,0,0,0,1,1,0,5,25547,9938,35699,1689260,0,0,0,4342974,6068995,0,93,48,0,0,1000,1000,6777787
MPCTASK: EXP,2,188,9395,-284,719,722,521,143,-69,1320,233,-230,270,1268,700,-187,489,785,8,-146,531,69,69,1,1,0,0,0,0,0,1,0,502,5,19650,10477,32427,1781038,0,0,0,3340517,5512657,0,95,48,0,0,1000,1000,6777787
MPCTASK: EXP,2,190,9500,-274,725,732,412,-135,108,1644,79,-408,316,1159,700,-196,388,764,32,-165,507,69,69,1,1,0,0,0,0,0,1,0,354,5,22291,11758,37139,1998870,0,0,0,3789263,6313776,0,97,48,0,0,1000,1000,6777787
MPCTASK: EXP,2,192,9594,-295,703,753,313,-417,159,1385,-200,-592,313,1026,700,-323,200,701,53,-112,378,69,69,0,0,0,0,0,0,0,0,0,0,5,20709,10821,31607,1839537,0,0,0,3520534,5373247,0,98,48,0,0,1000,1000,6777787
MPCTASK: EXP,2,194,9697,-300,653,761,240,-619,21,1207,323,-787,261,875,700,-390,82,700,61,-81,346,69,69,0,0,0,0,0,0,0,0,0,0,5,25351,7727,33149,1313606,0,0,0,4309517,5635414,0,98,48,0,0,1000,1000,6777787
MPCTASK: EXP,2,196,9801,-325,566,747,63,-815,-118,955,626,-817,166,708,700,-463,-54,779,24,68,464,69,69,1,1,0,0,0,0,0,1,0,447,5,20060,14076,36536,2392853,0,0,0,3410117,6211151,0,99,48,0,0,1000,1000,6777787
MPCTASK: EXP,2,198,9902,-369,485,734,-123,-950,-102,773,600,-710,38,530,700,-517,-167,700,14,-43,311,69,69,1,1,0,0,0,0,0,1,1,0,5,24985,12974,38033,2205509,0,0,0,4247489,6465637,0,101,49,0,0,1000,1000,6777787
MPCTASK: EXP,2,200,9999,-444,391,731,-307,-1048,-19,412,390,-408,-110,344,700,-569,-264,700,27,60,297,69,69,1,1,0,0,0,0,0,1,1,0,5,21399,12965,34724,2203967,0,0,0,3637734,5903259,0,103,51,0,0,1000,1000,6777787
MPCTASK: EXP,2,202,10099,-500,294,731,-374,-1081,-11,135,-31,-89,-266,155,700,-559,-340,700,29,81,273,69,69,1,1,0,0,0,0,0,1,1,0,5,24244,9574,33892,1627651,0,0,0,4121469,5761762,0,105,53,0,0,1000,1000,6777787
MPCTASK: EXP,2,204,10202,-551,187,734,-352,-1085,-7,-24,-479,153,-412,-32,700,-520,-412,700,33,-12,239,69,69,1,1,0,0,0,0,0,1,1,0,5,27255,10382,37710,1764917,0,0,0,4633194,6410766,0,107,55,0,0,1000,1000,6777787
MPCTASK: EXP,2,206,10297,-579,90,740,-247,-1055,-1,-76,-738,294,-534,-213,700,-454,-460,700,40,1,279,69,69,1,1,0,0,0,0,0,1,1,0,5,24228,8617,33156,1464763,0,0,0,4118589,5636679,0,109,57,0,0,1000,1000,6777787
MPCTASK: EXP,2,208,10401,-589,2,743,-116,-1020,-18,-153,-941,311,-620,-384,700,-384,-485,810,39,194,462,69,69,1,1,0,0,0,0,0,1,0,593,5,22751,12003,36517,2040351,0,0,0,3867649,6207890,0,111,58,0,0,1000,1000,6777787
MPCTASK: EXP,2,210,10498,-580,-80,739,69,-957,-36,-223,-1017,240,-662,-539,700,-302,-488,783,32,176,501,69,69,1,1,0,0,0,0,0,1,0,467,5,22141,9894,34207,1681873,0,0,0,3763909,5815207,0,113,58,0,0,1000,1000,6777787
MPCTASK: EXP,2,212,10602,-531,-174,734,324,-882,37,-333,-995,85,-658,-674,700,-195,-482,700,34,76,365,69,69,1,1,0,0,0,0,0,1,1,0,5,24093,13521,37686,2298388,0,0,0,4095809,6406684,0,115,59,0,0,1000,1000,6777787
MPCTASK: EXP,2,214,10695,-474,-235,738,523,-771,115,-473,-787,-97,-607,-783,700,-126,-434,700,38,-34,258,69,69,1,1,0,0,0,0,0,1,1,0,5,24366,6192,30632,1052546,0,0,0,4142213,5207409,0,117,61,0,0,1000,1000,6777787
MPCTASK: EXP,2,216,10800,-393,-281,739,665,-666,14,-673,-449,-250,-518,-861,699,-74,-367,699,39,30,301,69,69,1,1,0,0,0,0,0,1,1,0,5,21067,14744,35884,2506452,0,0,0,3581321,6100387,0,119,63,0,0,1000,1000,6777787
MPCTASK: EXP,2,218,10900,-304,-321,732,726,-487,-54,-904,116,-384,-402,-904,699,-57,-279,699,21,-38,351,69,69,1,1,0,0,0,0,0,1,1,0,5,25276,10304,35653,1751726,0,0,0,4296705,6061078,0,121,65,0,0,1000,1000,6777787
MPCTASK: EXP,2,220,10996,-207,-342,730,721,-290,-24,-986,522,-457,-273,-908,699,-41,-194,699,26,-75,341,69,69,1,1,0,0,0,0,0,1,1,0,5,20081,11681,31841,1985748,0,0,0,3413645,5413028,0,123,67,0,0,1000,1000,6777787
MPCTASK: EXP,2,222,11100,-130,-338,729,631,-73,-21,-1005,874,-474,-148,-870,699,-110,-172,859,25,86,419,69,69,1,1,0,0,0,0,0,1,0,880,5,24003,11258,36273,1913685,0,0,0,4080373,6166577,0,125,68,0,0,1000,1000,6777787
MPCTASK: EXP,2,224,11196,-55,-326,731,518,108,15,-908,1167,-420,-43,-790,699,-47,-61,699,31,-89,353,69,69,1,1,0,0,0,0,0,1,1,0,5,20342,10839,31421,1842444,0,0,0,3458153,5341698,0,127,70,0,0,1000,1000,6777787
MPCTASK: EXP,2,226,11302,-5,-289,739,302,302,35,-713,1229,-355,30,-670,700,-56,-17,828,39,-61,362,69,69,1,1,0,0,0,0,0,1,0,677,5,25164,9919,37198,1686131,0,0,0,4277785,6323758,0,129,70,0,0,1000,1000,6777787
MPCTASK: EXP,2,228,11400,30,-229,743,110,456,87,-482,1106,-241,64,-519,700,-67,37,851,43,-60,315,69,69,1,1,0,0,0,0,0,1,0,776,5,21185,13387,35704,2275763,0,0,0,3601389,6069760,0,131,70,0,0,1000,1000,6777787
MPCTASK: EXP,2,230,11499,57,-169,756,-40,538,169,-170,853,-105,57,-345,700,-65,76,702,56,-46,262,69,69,0,0,0,0,0,0,0,0,0,0,5,24396,10424,34896,1772015,0,0,0,4147349,5932330,0,132,70,0,0,1000,1000,6777787
MPCTASK: EXP,2,232,11599,60,-122,773,-138,543,153,55,634,26,16,-167,700,-77,112,706,73,60,243,69,69,0,0,0,0,0,0,0,0,0,0,5,20549,14324,35073,2434873,0,0,0,3493277,5962510,0,132,70,0,0,1000,1000,6777787
MPCTASK: EXP,2,234,11700,56,-78,784,-196,510,-10,152,505,183,-45,-1,700,-103,168,704,82,171,308,69,69,0,0,0,0,0,0,0,0,0,0,5,25796,9166,35031,1558090,0,0,0,4385285,5955308,0,132,70,0,0,1000,1000,6777787
MPCTASK: EXP,2,236,11798,57,-40,778,-230,466,-127,150,395,320,-108,130,700,-133,252,700,52,207,378,69,69,0,0,0,0,0,0,0,0,0,0,5,20329,12990,33398,2208251,0,0,0,3455882,5677708,0,132,70,0,0,1000,1000,6777787
MPCTASK: EXP,2,238,11897,54,-8,759,-258,424,-168,23,324,400,-156,215,700,-173,363,700,25,96,296,69,69,0,0,0,0,0,0,0,0,0,0,5,24600,8197,33094,1393466,0,0,0,4181881,5626120,0,132,70,0,0,1000,1000,6777787
MPCTASK: EXP,2,240,11999,53,17,746,-278,414,-123,-264,329,441,-177,249,700,-196,474,700,21,29,250,69,69,1,1,0,0,0,0,0,1,1,0,5,20761,12861,34050,2186229,0,0,0,3529305,5788691,0,133,71,0,0,1000,1000,6777787
MPCTASK: EXP,2,242,12100,54,42,733,-298,460,-102,-656,341,449,-179,253,700,-185,581,700,12,-35,291,69,69,1,1,0,0,0,0,0,1,1,0,5,24870,9554,34499,1624131,0,0,0,4227753,5864971,0,135,73,0,0,1000,1000,6777787
MPCTASK: EXP,2,244,12202,59,63,727,-318,556,-70,-998,360,444,-184,261,700,2,508,844,13,19,423,69,69,1,1,0,0,0,0,0,1,0,795,5,23791,10709,36844,1820411,0,0,0,4044397,6263528,0,137,74,0,0,1000,1000,6777787
MPCTASK: EXP,2,246,12299,56,108,724,-346,716,-26,-1106,249,417,-209,306,700,-92,732,700,19,-81,386,69,69,1,1,0,0,0,0,0,1,1,0,5,25551,8039,33662,1366500,0,0,0,4343626,5722614,0,139,75,0,0,1000,1000,6777787
MPCTASK: EXP,2,248,12400,57,176,729,-319,875,73,-740,-125,330,-256,405,700,-17,800,700,29,170,384,69,69,1,1,0,0,0,0,0,1,1,0,5,20925,13101,34241,2227048,0,0,0,3557182,5821072,0,141,77,0,0,1000,1000,6777787
MPCTASK: EXP,2,250,12500,52,258,733,-266,968,-7,-643,-166,338,-312,551,700,37,865,700,32,153,369,69,69,1,1,0,0,0,0,0,1,1,0,5,24068,10088,34230,1714997,0,0,0,4091542,5819189,0,143,79,0,0,1000,1000,6777787
MPCTASK: EXP,2,252,12603,25,323,728,-242,1008,-75,-430,-267,340,-359,725,700,62,887,700,13,107,325,69,69,1,1,0,0,0,0,0,1,1,0,5,23141,14081,37299,2393711,0,0,0,3933929,6341043,0,145,81,0,0,1000,1000,6777787
MPCTASK: EXP,2,254,12702,39,399,720,-134,1033,-81,-267,-504,368,-380,906,700,133,909,700,3,53,306,69,69,1,1,0,0,0,0,0,1,1,0,5,26564,9604,36558,1632555,0,0,0,4515745,6215021,0,147,83,0,0,1000,1000,6777787
MPCTASK: EXP,2,256,12796,53,501,716,-14,1057,-52,18,-494,396,-365,1076,700,176,938,700,6,75,318,69,69,1,1,0,0,0,0,0,1,1,0,5,20244,10633,31208,1807477,0,0,0,3441369,5305571,0,149,85,0,0,1000,1000,6777787
MPCTASK: EXP,2,258,12895,71,653,712,86,1098,-21,396,-382,390,-311,1218,699,195,989,699,8,104,346,69,69,1,1,0,0,0,0,0,1,1,0,5,22571,7197,29841,1223431,0,0,0,3837070,5073154,0,151,87,0,0,1000,1000,6777787
MPCTASK: EXP,2,260,12995,131,703,715,211,919,-22,797,-279,386,-222,1324,699,237,916,699,10,26,336,69,69,1,1,0,0,0,0,0,1,1,0,5,17224,11847,29305,2013935,0,0,0,2927979,4982059,0,153,89,0,0,1000,1000,6777787
MPCTASK: EXP,2,262,13099,152,755,707,237,735,-63,910,51,311,-109,1387,699,202,843,699,-4,-61,369,69,69,1,1,0,0,0,0,0,1,1,0,5,24936,9162,34178,1557613,0,0,0,4239193,5810365,0,155,91,0,0,1000,1000,6777787
MPCTASK: EXP,2,264,13202,202,810,709,269,523,-4,1337,84,127,14,1407,699,209,762,826,8,-129,478,69,69,1,1,0,0,0,0,0,1,0,724,5,21268,12567,35816,2136302,0,0,0,3615477,6088903,0,157,92,0,0,1000,1000,6777787
MPCTASK: EXP,2,266,13300,220,856,709,229,289,-1,1430,283,-88,130,1384,699,130,665,799,9,-148,514,69,69,1,1,0,0,0,0,0,1,0,581,5,23075,9811,34080,1667741,0,0,0,3922657,5793779,0,159,92,0,0,1000,1000,6777787
MPCTASK: EXP,2,268,13400,225,856,710,126,-4,51,1430,533,-217,225,1322,699,44,539,823,10,-57,481,69,69,1,1,0,0,0,0,0,1,0,689,5,20960,10931,34565,1858052,0,0,0,3563101,5876204,0,161,92,0,0,1000,1000,6777787
MPCTASK: EXP,2,270,13500,210,820,713,-36,-309,131,1313,711,-275,286,1226,700,-62,391,861,13,-93,392,69,69,1,1,0,0,0,0,0,1,0,861,5,24204,9740,35260,1655755,0,0,0,4114569,5994246,0,163,92,0,0,1000,1000,6777787
MPCTASK: EXP,2,272,13601,151,753,724,-260,-578,199,1010,822,-234,304,1101,700,-199,243,821,24,-54,326,69,69,1,1,0,0,0,0,0,1,0,633,5,20297,13601,35531,2312088,0,0,0,3450321,6040430,0,165,92,0,0,1000,1000,6777787
MPCTASK: EXP,2,274,13700,129,666,739,-391,-766,192,775,733,-147,275,953,700,-261,97,812,39,142,351,69,69,1,1,0,0,0,0,0,1,0,572,5,23253,10338,34537,1757308,0,0,0,3953049,5871379,0,167,92,0,0,1000,1000,6777787
MPCTASK: EXP,2,276,13796,75,577,759,-524,-888,153,525,733,11,201,787,700,-337,-21,702,59,-15,239,69,69,0,0,0,0,0,0,0,0,0,0,5,18105,12215,30390,2076501,0,0,0,3077633,5166402,0,168,92,0,0,1000,1000,6777787
MPCTASK: EXP,2,278,13900,4,443,773,-648,-1018,69,410,626,175,88,608,700,-398,-180,703,73,-16,204,69,69,0,0,0,0,0,0,0,0,0,0,5,25225,9933,35227,1688625,0,0,0,4288021,5988742,0,168,92,0,0,1000,1000,6777787
MPCTASK: EXP,2,280,13999,-80,331,772,-742,-1072,-69,57,343,305,-51,421,700,-442,-278,700,58,72,246,69,69,0,0,0,0,0,0,0,0,0,0,5,20960,12129,33161,2061932,0,0,0,3563169,5637447,0,168,92,0,0,1000,1000,6777787
MPCTASK: EXP,2,282,14098,-157,242,765,-779,-1047,-100,-33,64,353,-204,231,700,-446,-352,700,45,15,215,69,69,0,0,0,0,0,0,0,0,0,0,5,20257,12557,32883,2134592,0,0,0,3443558,5590225,0,168,92,0,0,1000,1000,6777787
MPCTASK: EXP,2,284,14201,-237,160,758,-762,-1016,-85,65,-347,346,-357,43,700,-428,-420,700,41,-7,231,69,69,0,0,0,0,0,0,0,0,0,0,5,23577,11532,35185,1960427,0,0,0,4008073,5981575,0,168,92,0,0,1000,1000,6777787
MPCTASK: EXP,2,286,14300,-302,88,759,-662,-982,-51,111,-721,267,-492,-138,700,-377,-468,700,49,61,303,69,69,0,0,0,0,0,0,0,0,0,0,5,25882,8989,35286,1527959,0,0,0,4399490,5998725,0,168,92,0,0,1000,1000,6777787
MPCTASK: EXP,2,288,14398,-357,7,759,-514,-971,-63,138,-1000,176,-598,-309,700,-311,-518,700,46,57,406,69,69,0,0,0,0,0,0,0,0,0,0,5,20124,12022,32217,2043763,0,0,0,3420969,5477687,0,168,92,0,0,1000,1000,6777787
MPCTASK: EXP,2,290,14494,-380,-66,753,-308,-954,-114,120,-1202,77,-662,-467,700,-220,-552,700,30,116,791,69,69,0,0,0,0,0,0,0,0,0,0,5,20285,7815,28172,1328476,0,0,0,3448418,4789233,0,168,92,0,0,1000,1000,6777787
MPCTASK: EXP,2,292,14599,-384,-142,740,-75,-937,-134,1,-1250,-28,-680,-606,700,-127,-574,722,13,79,942,69,69,1,1,0,0,0,0,0,1,0,178,5,23578,9133,33978,1552631,0,0,0,4008315,5776376,0,170,92,0,0,1000,1000,6777787
MPCTASK: EXP,2,294,14700,-368,-217,724,166,-905,-106,-126,-1182,-154,-648,-724,700,-40,-584,751,3,21,679,69,69,1,1,0,0,0,0,0,1,0,336,5,24239,9454,34829,1607062,0,0,0,4120449,5921021,0,172,92,0,0,1000,1000,6777787
MPCTASK: EXP,2,296,14801,-329,-281,709,400,-839,-48,-285,-998,-293,-570,-819,700,38,-569,700,0,-33,404,69,69,1,1,0,0,0,0,0,1,1,0,5,20362,14783,35433,2513080,0,0,0,3461497,6023675,0,174,93,0,0,1000,1000,6777787
MPCTASK: EXP,2,298,14900,-273,-323,708,579,-737,70,-286,-666,-430,-454,-886,700,94,-531,700,8,59,316,69,69,1,1,0,0,0,0,0,1,1,0,5,24858,9409,34736,1599527,0,0,0,4225789,5905176,0,176,95,0,0,1000,1000,6777787
MPCTASK: EXP,2,300,15001,-202,-373,712,685,-655,38,-452,-332,-527,-311,-926,700,122,-487,700,12,-30,242,69,69,1,1,0,0,0,0,0,1,1,0,5,25269,10398,35739,1767627,0,0,0,4295641,6075771,0,178,97,0,0,1000,1000,6777787
MPCTASK: EXP,2,302,15096,-141,-406,715,701,-523,10,-713,132,-576,-155,-937,700,102,-411,700,15,-35,301,69,69,1,1,0,0,0,0,0,1,1,0,5,20979,10041,31359,1706926,0,0,0,3566258,5331032,0,180,99,0,0,1000,1000,6777787
MPCTASK: EXP,2,304,15200,-70,-437,721,666,-363,12,-852,460,-594,-1,-919,700,79,-332,700,21,-9,320,69,69,1,1,0,0,0,0,0,1,1,0,5,22939,10405,33874,1768656,0,0,0,3899641,5758642,0,182,101,0,0,1000,1000,6777787
MPCTASK: EXP,2,306,15296,-26,-445,725,558,-176,-4,-948,758,-572,134,-872,700,14,-229,700,25,31,365,69,69,1,1,0,0,0,0,0,1,1,0,5,23794,7078,30946,1203245,0,0,0,4044917,5260809,0,184,103,0,0,1000,1000,6777787
MPCTASK: EXP,2,308,15403,26,-438,725,436,21,-42,-1024,1000,-485,240,-797,700,-43,-115,700,17,15,406,69,69,1,1,0,0,0,0,0,1,1,0,5,25849,11930,38154,2027986,0,0,0,4394293,6486321,0,186,105,0,0,1000,1000,6777787
MPCTASK: EXP,2,310,15500,52,-418,721,254,223,-69,-1059,1201,-364,304,-697,700,-126,4,783,7,118,574,69,69,1,1,0,0,0,0,0,1,0,495,5,23238,9325,34526,1585117,0,0,0,3950361,5869589,0,188,105,0,0,1000,1000,6777787
MPCTASK: EXP,2,312,15604,59,-373,719,21,457,20,-1051,1237,-240,321,-573,700,-88,14,869,19,9,415,69,69,1,1,0,0,0,0,0,1,0,919,5,24241,10938,37463,1859292,0,0,0,4120929,6368870,0,190,105,0,0,1000,1000,6777787
MPCTASK: EXP,2,314,15699,44,-318,723,-209,661,110,-930,1090,-128,289,-428,700,-33,10,900,23,-56,343,69,69,1,1,0,0,0,0,0,1,0,1076,5,20071,9268,32233,1575488,0,0,0,3412029,5479665,0,192,106,0,0,1000,1000,6777787
MPCTASK: EXP,2,316,15804,11,-246,732,-379,807,125,-598,676,-37,211,-267,700,-335,374,790,32,246,448,69,69,1,1,0,0,0,0,0,1,0,480,5,24988,10968,37963,1864497,0,0,0,4247805,6453665,0,194,107,0,0,1000,1000,6777787
MPCTASK: EXP,2,318,15901,-34,-169,746,-458,864,123,-271,242,40,94,-93,700,-359,467,700,46,54,215,69,69,1,1,0,0,0,0,0,1,1,0,5,23762,9802,33646,1666306,0,0,0,4039469,5719782,0,196,108,0,0,1000,1000,6777787
MPCTASK: EXP,2,320,16000,-78,-97,760,-478,878,173,23,-147,103,-48,88,700,-331,522,703,60,235,364,69,69,0,0,0,0,0,0,0,0,0,0,5,21998,9738,31805,1655262,0,0,0,3739593,5406956,0,196,108,0,0,1000,1000,6777787
MPCTASK: EXP,2,322,16099,-117,-19,777,-423,851,58,-48,-294,99,-204,275,700,-310,609,704,77,108,258,69,69,0,0,0,0,0,0,0,0,0,0,5,22380,8800,31315,1495863,0,0,0,3804617,5323652,0,196,108,0,0,1000,1000,6777787
MPCTASK: EXP,2,324,16201,-141,30,778,-382,841,-102,-585,25,161,-358,461,700,-287,683,700,57,9,250,69,69,0,0,0,0,0,0,0,0,0,0,5,20042,12888,33004,2190810,0,0,0,3407121,5610880,0,196,108,0,0,1000,1000,6777787
MPCTASK: EXP,2,326,16300,-161,99,765,-364,918,-161,-663,-64,180,-494,642,700,-235,755,700,33,15,352,69,69,0,0,0,0,0,0,0,0,0,0,5,21602,9252,31142,1572758,0,0,0,3672294,5294259,0,196,108,0,0,1000,1000,6777787
MPCTASK: EXP,2,328,16401,-204,159,750,-345,971,-140,-500,-336,158,-600,814,700,-194,797,700,22,22,280,69,69,0,0,0,0,0,0,0,0,0,0,5,20070,12658,33159,2151809,0,0,0,3411789,5637203,0,196,108,0,0,1000,1000,6777787
MPCTASK: EXP,2,330,16501,-209,233,737,-230,1012,-119,-367,-608,156,-664,971,700,-111,839,700,13,139,414,69,69,1,1,0,0,0,0,0,1,1,0,5,24244,8914,33231,1515324,0,0,0,4121449,5649261,0,198,110,0,0,1000,1000,6777787
MPCTASK: EXP,2,332,16606,-205,315,732,-85,1038,-79,-235,-742,179,-681,1111,700,-123,710,868,16,168,455,69,69,1,1,0,0,0,0,0,1,0,914,5,22261,11844,37072,2013383,0,0,0,3784305,6302376,0,200,111,0,0,1000,1000,6777787
MPCTASK: EXP,2,334,16701,-190,390,723,71,1032,-62,-76,-733,231,-649,1230,700,30,886,700,11,93,396,69,69,1,1,0,0,0,0,0,1,1,0,5,23373,9459,32991,1608023,0,0,0,3973201,5608440,0,202,112,0,0,1000,1000,6777787
MPCTASK: EXP,2,336,16802,-155,460,726,219,970,76,227,-559,388,-571,1325,700,94,871,700,26,78,291,69,69,1,1,0,0,0,0,0,1,1,0,5,21664,11885,33626,2020465,0,0,0,3682865,5716414,0,204,114,0,0,1000,1000,6777787
MPCTASK: EXP,2,338,16908,-124,530,724,304,901,-81,249,-337,564,-454,1393,700,105,863,700,7,-2,270,69,69,1,1,0,0,0,0,0,1,1,0,5,27479,11949,39964,2031245,0,0,0,4671401,6794044,0,206,116,0,0,1000,1000,6794044
MPCTASK: EXP,2,340,17002,-92,590,712,332,810,-135,430,5,775,-311,1433,700,91,826,700,-14,54,326,69,69,1,1,0,0,0,0,0,1,1,0,5,20648,12222,33507,2077697,0,0,0,3510079,5696135,0,208,118,0,0,1000,1000,6794044
MPCTASK: EXP,2,342,17101,-78,650,703,301,706,-95,531,176,887,-155,1445,700,45,782,700,-15,56,346,69,69,1,1,0,0,0,0,0,1,1,0,5,23049,9326,32823,1585262,0,0,0,3918257,5579974,0,210,120,0,0,1000,1000,6794044
MPCTASK: EXP,2,344,17202,-70,707,695,260,577,-67,797,123,808,-1,1426,700,-3,722,700,-17,-45,356,69,69,1,1,0,0,0,0,0,1,1,0,5,22883,10816,34136,1838725,0,0,0,3890085,5803230,0,212,122,0,0,1000,1000,6794044
MPCTASK: EXP,2,346,17299,-92,737,696,188,388,-15,954,171,612,134,1379,700,-92,636,700,-6,82,449,69,69,1,1,0,0,0,0,0,1,1,0,5,24019,7017,31108,1192737,0,0,0,4083093,5288486,0,214,124,0,0,1000,1000,6794044
MPCTASK: EXP,2,348,17401,-112,754,694,116,201,-42,1062,262,409,240,1305,700,-181,538,700,-13,43,500,69,69,1,1,0,0,0,0,0,1,1,0,5,21198,10980,32252,1866633,0,0,0,3603605,5482887,0,216,126,0,0,1000,1000,6794044
MPCTASK: EXP,2,350,17504,-153,773,690,3,3,-34,1270,368,274,304,1204,700,-236,491,818,-16,-36,560,69,69,1,1,0,0,0,0,0,1,0,708,5,23640,8988,34018,1527810,0,0,0,4018830,5783082,0,218,127,0,0,1000,1000,6794044
MPCTASK: EXP,2,352,17596,-179,743,688,-88,-271,0,1374,334,167,321,1080,700,-357,293,700,-11,-154,512,69,69,1,1,0,0,0,0,0,1,1,0,5,18469,8353,26895,1419959,0,0,0,3139677,4572280,0,220,128,0,0,1000,1000,6794044
MPCTASK: EXP,2,354,17705,-249,679,690,-211,-557,77,1150,312,138,289,936,700,-465,141,700,-9,-76,392,69,69,1,1,0,0,0,0,0,1,1,0,5,24019,11541,35633,1961903,0,0,0,4083149,6057698,0,222,130,0,0,1000,1000,6794044
MPCTASK: EXP,2,356,17804,-315,600,685,-321,-755,-41,966,426,231,211,774,700,-547,3,700,-22,-73,397,69,69,1,1,0,0,0,0,0,1,1,0,5,22934,11952,35304,2031768,0,0,0,3898680,6001729,0,224,132,0,0,1000,1000,6794044
MPCTASK: EXP,2,358,17902,-395,517,680,-440,-902,-40,602,364,462,94,600,700,-618,-107,700,-28,2,332,69,69,1,1,0,0,0,0,0,1,1,0,5,22660,9067,31908,1541299,0,0,0,3852193,5424357,0,226,134,0,0,1000,1000,6794044
MPCTASK: EXP,2,360,18008,-470,448,682,-508,-966,52,499,-48,540,-48,418,700,-633,-195,700,-17,-31,283,69,69,1,1,0,0,0,0,0,1,1,0,5,23245,13906,37224,2363899,0,0,0,3951525,6328077,0,228,136,0,0,1000,1000,6794044
MPCTASK: EXP,2,362,18103,-544,367,691,-495,-1019,59,486,-427,559,-204,231,700,-621,-284,700,-8,-36,248,69,69,1,1,0,0,0,0,0,1,1,0,5,24166,8768,33005,1490438,0,0,0,4108117,5611051,0,230,138,0,0,1000,1000,6794044
MPCTASK: EXP,2,364,18204,-583,278,707,-381,-1063,74,462,-783,506,-358,45,700,-553,-367,700,7,126,385,69,69,1,1,0,0,0,0,0,1,1,0,5,22637,11575,34293,1967626,0,0,0,3848333,5829893,0,232,140,0,0,1000,1000,6794044
MPCTASK: EXP,2,366,18305,-603,172,715,-225,-1110,29,297,-918,370,-494,-135,700,-469,-448,700,15,91,388,69,69,1,1,0,0,0,0,0,1,1,0,5,22575,10634,33282,1807685,0,0,0,3837617,5657953,0,234,142,0,0,1000,1000,6794044
MPCTASK: EXP,2,368,18406,-601,77,717,-45,-1111,-13,120,-964,188,-600,-307,700,-369,-502,700,14,77,413,69,69,1,1,0,0,0,0,0,1,1,0,5,22988,11187,34248,1901715,0,0,0,3907893,5822265,0,236,144,0,0,1000,1000,6794044
MPCTASK: EXP,2,370,18505,-590,-27,708,134,-1111,-54,-2,-989,-4,-664,-464,700,-269,-558,700,-2,22,441,69,69,1,1,0,0,0,0,0,1,1,0,5,23943,10001,34016,1699990,0,0,0,4070309,5782795,0,238,146,0,0,1000,1000,6794044
MPCTASK: EXP,2,372,18603,-563,-110,702,318,-1062,-31,-157,-988,-233,-681,-604,700,-170,-575,700,-3,53,444,69,69,1,1,0,0,0,0,0,1,1,0,5,20601,11152,32127,1895736,0,0,0,3502169,5462592,0,240,148,0,0,1000,1000,6794044
MPCTASK: EXP,2,374,18704,-509,-202,699,515,-1016,-9,-279,-942,-449,-649,-723,700,-63,-595,700,-2,61,421,69,69,1,1,0,0,0,0,0,1,1,0,5,22253,10009,32335,1701410,0,0,0,3782961,5497022,0,242,150,0,0,1000,1000,6794044
MPCTASK: EXP,2,376,18806,-443,-272,698,684,-926,16,-434,-757,-630,-571,-818,700,17,-577,700,-1,32,343,69,69,1,1,0,0,0,0,0,1,1,0,5,22132,12142,34732,2064087,0,0,0,3762333,5904629,0,244,152,0,0,1000,1000,6794044
MPCTASK: EXP,2,378,18909,-369,-323,700,803,-797,27,-549,-472,-754,-454,-886,700,71,-532,700,0,18,280,69,69,1,1,0,0,0,0,0,1,1,0,5,24353,13680,38219,2325582,0,0,0,4140082,6497242,0,246,154,0,0,1000,1000,6794044
MPCTASK: EXP,2,380,19006,-281,-368,703,878,-659,27,-642,-144,-807,-311,-926,700,105,-476,700,3,-48,274,69,69,1,1,0,0,0,0,0,1,1,0,5,22231,12464,34774,2118831,0,0,0,3779109,5911741,0,248,156,0,0,1000,1000,6794044
MPCTASK: EXP,2,382,19106,-196,-403,706,883,-506,17,-716,248,-806,-155,-937,700,106,-405,700,6,-36,295,69,69,1,1,0,0,0,0,0,1,1,0,5,25025,8762,33861,1489540,0,0,0,4254122,5756593,0,250,158,0,0,1000,1000,6794044
MPCTASK: EXP,2,384,19210,-110,-418,709,826,-327,9,-804,661,-744,-1,-919,700,77,-312,700,9,-14,346,69,69,1,1,0,0,0,0,0,1,1,0,5,24159,13989,38222,2378109,0,0,0,4106981,6497737,0,252,160,0,0,1000,1000,6794044
MPCTASK: EXP,2,386,19305,-40,-425,717,695,-145,17,-868,995,-649,134,-872,700,25,-211,700,17,-24,327,69,69,1,1,0,0,0,0,0,1,1,0,5,23601,10357,34031,1760601,0,0,0,4012118,5785365,0,254,162,0,0,1000,1000,6794044
MPCTASK: EXP,2,388,19406,20,-410,720,529,50,-17,-918,1229,-530,240,-798,700,-36,-93,828,17,57,463,69,69,1,1,0,0,0,0,0,1,0,714,5,22058,10667,34864,1813433,0,0,0,3749749,5926970,0,256,163,0,0,1000,1000,6794044
MPCTASK: EXP,2,390,19506,61,-388,719,313,243,-30,-966,1407,-398,304,-697,700,-117,26,767,13,89,610,69,69,1,1,0,0,0,0,0,1,0,412,5,22894,10461,34752,1778272,0,0,0,3891854,5907998,0,258,163,0,0,1000,1000,6794044
MPCTASK: EXP,2,392,19604,81,-343,718,52,464,55,-952,1416,-280,321,-573,700,-202,162,821,18,92,505,69,69,1,1,0,0,0,0,0,1,0,668,5,19649,11261,32346,1914381,0,0,0,3340265,5498931,0,260,163,0,0,1000,1000,6794044
MPCTASK: EXP,2,394,19708,71,-288,727,-196,646,109,-901,1297,-168,289,-428,700,-285,290,838,27,45,409,69,69,1,1,0,0,0,0,0,1,0,730,5,23228,11305,37234,1921740,0,0,0,3948645,6329894,0,262,163,0,0,1000,1000,6794044
MPCTASK: EXP,2,396,19806,36,-214,740,-421,816,163,-822,1066,-69,211,-267,700,-357,421,796,40,16,330,69,69,1,1,0,0,0,0,0,1,0,494,5,20293,11753,34641,1997924,0,0,0,3449741,5889041,0,264,163,0,0,1000,1000,6794044
MPCTASK: EXP,2,398,19904,-10,-137,758,-575,933,161,-691,797,21,94,-93,700,-402,531,702,58,26,268,69,69,0,0,0,0,0,0,0,0,0,0,5,22995,9430,32497,1602977,0,0,0,3909053,5524590,0,265,163,0,0,1000,1000,6794044
MPCTASK: EXP,2,400,20006,-62,-47,773,-665,1014,71,-499,508,119,-48,88,700,-417,631,703,73,18,200,69,69,0,0,0,0,0,0,0,0,0,0,5,22049,12606,34725,2142913,0,0,0,3748365,5903365,0,265,163,0,0,1000,1000,6794044
MPCTASK: EXP,2,402,20105,-114,36,777,-696,1041,-60,-303,229,198,-204,275,700,-406,706,700,65,53,226,69,69,0,0,0,0,0,0,0,0,0,0,5,21381,12707,34157,2160040,0,0,0,3634794,5806772,0,265,163,0,0,1000,1000,6794044
MPCTASK: EXP,2,404,20206,-161,124,770,-679,1049,-119,-158,-74,249,-358,461,700,-368,774,700,46,62,233,69,69,0,0,0,0,0,0,0,0,0,0,5,22246,11637,34234,1978144,0,0,0,3781729,5819840,0,265,163,0,0,1000,1000,6794044
MPCTASK: EXP,2,406,20306,-203,201,761,-611,1028,-118,-76,-394,258,-494,642,700,-310,824,700,37,38,248,69,69,0,0,0,0,0,0,0,0,0,0,5,22719,10604,33394,1802612,0,0,0,3862253,5677161,0,265,163,0,0,1000,1000,6794044
MPCTASK: EXP,2,408,20404,-230,282,755,-478,1009,-105,-71,-708,248,-600,814,700,-227,872,700,33,57,339,69,69,0,0,0,0,0,0,0,0,0,0,5,21062,10552,31684,1793775,0,0,0,3580425,5386282,0,265,163,0,0,1000,1000,6794044
MPCTASK: EXP,2,410,20512,-246,346,746,-308,976,-112,-104,-895,221,-664,971,700,-142,901,766,24,111,512,69,69,1,1,0,0,0,0,0,1,0,382,5,24914,12941,39841,2199972,0,0,0,4235277,6773080,0,266,163,0,0,1000,1000,6794044
MPCTASK: EXP,2,412,20609,-238,419,733,-108,975,-121,-208,-916,295,-681,1111,700,-52,935,764,9,131,602,69,69,1,1,0,0,0,0,0,1,0,391,5,22164,10532,35950,1790412,0,0,0,3767741,6111711,0,268,163,0,0,1000,1000,6794044
MPCTASK: EXP,2,414,20705,-225,481,719,78,964,-66,-98,-846,440,-649,1230,700,17,941,700,6,-9,355,69,69,1,1,0,0,0,0,0,1,1,0,5,20754,9975,31053,1695721,0,0,0,3528005,5279003,0,270,164,0,0,1000,1000,6794044
MPCTASK: EXP,2,416,20809,-191,550,715,244,949,7,-5,-640,668,-571,1325,700,75,947,700,15,-18,276,69,69,1,1,0,0,0,0,0,1,1,0,5,23407,12341,35826,2097929,0,0,0,3979186,6090437,0,272,166,0,0,1000,1000,6794044
MPCTASK: EXP,2,418,20907,-153,610,712,344,901,-50,160,-393,826,-454,1393,700,102,927,700,2,133,356,69,69,1,1,0,0,0,0,0,1,1,0,5,23713,10095,33881,1668685,0,0,0,4031061,5759885,0,274,168,0,0,1000,1000,6794044
MPCTASK: EXP,2,420,21011,-119,675,708,395,828,-71,450,-197,865,-311,1433,700,102,891,700,-6,128,368,69,69,1,1,0,0,0,0,0,1,1,0,5,25157,11386,36623,1935620,0,0,0,4276569,6225995,0,276,170,0,0,1000,1000,6794044
MPCTASK: EXP,2,422,21109,-109,734,704,381,708,-69,760,42,861,-155,1445,700,54,833,700,-9,123,451,69,69,1,1,0,0,0,0,0,1,1,0,5,21682,12526,34283,2129429,0,0,0,3685753,5828094,0,278,172,0,0,1000,1000,6794044
MPCTASK: EXP,2,424,21212,-121,766,707,308,507,-27,994,254,797,-1,1427,700,-78,780,861,2,142,511,69,69,1,1,0,0,0,0,0,1,0,908,5,23070,12135,36930,2062807,0,0,0,3921769,6278226,0,280,173,0,0,1000,1000,6794044
MPCTASK: EXP,2,426,21307,-100,819,706,276,340,-16,1102,278,616,134,1380,700,-84,668,700,3,-99,403,69,69,1,1,0,0,0,0,0,1,1,0,5,22771,8727,31869,1483132,0,0,0,3871001,5458547,0,282,175,0,0,1000,1000,6794044
MPCTASK: EXP,2,428,21411,-44,860,714,285,138,59,1505,269,291,239,1305,700,-89,565,799,14,-88,529,69,69,1,1,0,0,0,0,0,1,0,564,5,21284,12596,35184,2141169,0,0,0,3618225,5981382,0,284,176,0,0,1000,1000,6794044
MPCTASK: EXP,2,430,21509,-69,842,720,168,-158,10,1563,509,54,303,1205,700,-203,429,762,20,-27,620,69,69,1,1,0,0,0,0,0,1,0,378,5,23594,9057,33679,1539643,0,0,0,4010777,5725560,0,286,176,0,0,1000,1000,6794044
MPCTASK: EXP,2,432,21612,-90,792,715,-4,-454,10,1324,842,-106,320,1082,700,-306,278,798,15,152,572,69,69,1,1,0,0,0,0,0,1,0,566,5,23033,12820,36952,2179377,0,0,0,3915491,6281924,0,288,176,0,0,1000,1000,6794044
MPCTASK: EXP,2,434,21712,-151,726,707,-224,-725,36,1242,629,-78,287,938,700,-410,120,700,7,-102,404,69,69,1,1,0,0,0,0,0,1,1,0,5,23652,13237,37314,2250302,0,0,0,4020897,6343310,0,290,177,0,0,1000,1000,6794044
MPCTASK: EXP,2,436,21812,-251,634,707,-400,-942,113,621,96,66,209,777,700,-494,-8,700,7,13,278,69,69,1,1,0,0,0,0,0,1,1,0,5,24836,11068,35984,1881435,0,0,0,4222069,6117365,0,292,178,0,0,1000,1000,6794044
MPCTASK: EXP,2,438,21908,-283,534,716,-391,-1038,99,399,-33,142,93,602,700,-496,-124,700,16,21,239,69,69,1,1,0,0,0,0,0,1,1,0,5,22274,10493,33324,1783876,0,0,0,3786442,5665168,0,294,180,0,0,1000,1000,6794044
MPCTASK: EXP,2,440,22011,-347,420,727,-419,-1092,50,122,-23,259,-49,419,700,-519,-231,700,27,59,223,69,69,1,1,0,0,0,0,0,1,1,0,5,25761,9886,35720,1680517,0,0,0,4379294,6072466,0,296,182,0,0,1000,1000,6794044
MPCTASK: EXP,2,442,22113,-398,322,734,-415,-1081,20,-16,-211,269,-204,231,700,-506,-309,700,34,137,306,69,69,1,1,0,0,0,0,0,1,1,0,5,24174,12857,37463,2185521,0,0,0,4109462,6368983,0,298,184,0,0,1000,1000,6794044
MPCTASK: EXP,2,444,22209,-433,213,746,-360,-1071,25,-40,-406,179,-355,42,700,-462,-391,700,46,122,293,69,69,1,1,0,0,0,0,0,1,1,0,5,22689,10581,33342,1798627,0,0,0,3857033,5668317,0,300,186,0,0,1000,1000,6794044
MPCTASK: EXP,2,446,22310,-470,112,749,-289,-1056,-13,-27,-568,56,-489,-142,700,-415,-453,700,46,58,273,69,69,1,1,0,0,0,0,0,1,1,0,5,23082,11008,34670,1871285,0,0,0,3923853,5894045,0,302,188,0,0,1000,1000,6794044
MPCTASK: EXP,2,448,22412,-490,19,746,-180,-1030,-63,-82,-711,-79,-591,-317,700,-355,-493,700,33,134,376,69,69,1,1,0,0,0,0,0,1,1,0,5,27239,9484,36894,1612259,0,0,0,4630501,6272136,0,304,190,0,0,1000,1000,6794044
MPCTASK: EXP,2,450,22512,-491,-63,738,-37,-986,-91,-175,-813,-217,-651,-479,700,-285,-505,801,19,160,489,69,69,1,1,0,0,0,0,0,1,0,569,5,24222,10412,36804,1769943,0,0,0,4117670,6256796,0,306,190,0,0,1000,1000,6794044
MPCTASK: EXP,2,452,22613,-471,-138,733,155,-913,37,-308,-907,-354,-665,-623,700,-201,-490,700,33,173,417,69,69,1,1,0,0,0,0,0,1,1,0,5,25845,10152,36069,1725710,0,0,0,4393553,6131914,0,308,191,0,0,1000,1000,6794044
MPCTASK: EXP,2,454,22714,-429,-201,740,358,-826,135,-369,-857,-468,-632,-743,700,-198,-528,853,40,-18,277,69,69,1,1,0,0,0,0,0,1,0,785,5,25006,10858,37934,1845282,0,0,0,4251029,6448831,0,310,192,0,0,1000,1000,6794044
MPCTASK: EXP,2,456,22813,-365,-255,747,505,-730,36,-539,-449,-500,-558,-834,699,-89,-400,806,47,207,390,69,69,1,1,0,0,0,0,0,1,0,553,5,24021,11170,36506,1898725,0,0,0,4083553,6206223,0,312,193,0,0,1000,1000,6794044
MPCTASK: EXP,2,458,22909,-303,-292,746,563,-583,14,-767,1,-505,-451,-891,699,-77,-313,699,46,10,278,69,69,1,1,0,0,0,0,0,1,1,0,5,22928,8359,32772,1420890,0,0,0,3897702,5571345,0,314,195,0,0,1000,1000,6794044
MPCTASK: EXP,2,460,23011,-224,-327,748,586,-417,0,-895,295,-502,-325,-911,699,-62,-237,699,48,-32,296,69,69,1,1,0,0,0,0,0,1,1,0,5,23188,9752,33014,1657812,0,0,0,3941945,5612427,0,316,197,0,0,1000,1000,6794044
MPCTASK: EXP,2,462,23112,-166,-337,747,532,-223,-54,-1045,608,-460,-197,-890,699,-79,-150,795,36,0,396,69,69,1,1,0,0,0,0,0,1,0,513,5,21343,11513,34035,1957051,0,0,0,3628245,5786030,0,318,197,0,0,1000,1000,6794044
MPCTASK: EXP,2,464,23213,-109,-328,748,408,14,63,-973,935,-384,-82,-827,699,-89,-88,699,48,246,473,69,69,1,1,0,0,0,0,0,1,1,0,5,24957,10153,35185,1725885,0,0,0,4242497,5981466,0,320,199,0,0,1000,1000,6794044
MPCTASK: EXP,2,466,23310,-70,-306,757,272,199,37,-878,947,-342,5,-722,699,-104,-27,699,57,191,393,69,69,0,0,0,0,0,0,0,0,0,0,5,21282,10032,31382,1705275,0,0,0,3617935,5335067,0,320,199,0,0,1000,1000,6794044
MPCTASK: EXP,2,468,23412,-49,-269,754,137,349,-94,-789,931,-228,55,-583,700,-119,23,700,35,91,423,69,69,0,0,0,0,0,0,0,0,0,0,5,22182,11518,33775,1958044,0,0,0,3770873,5741887,0,320,199,0,0,1000,1000,6794044
MPCTASK: EXP,2,470,23513,-36,-230,739,1,468,-145,-583,813,-96,64,-416,700,-79,4,853,10,-30,386,69,69,1,1,0,0,0,0,0,1,0,861,5,21402,10845,34501,1843525,0,0,0,3638214,5865318,0,322,199,0,0,1000,1000,6794044
MPCTASK: EXP,2,472,23614,-39,-168,729,-132,571,2,-273,544,33,35,-238,700,-126,83,700,29,67,319,69,69,1,1,0,0,0,0,0,1,1,0,5,23595,11629,35423,1976935,0,0,0,4011149,6021875,0,324,201,0,0,1000,1000,6794044
MPCTASK: EXP,2,474,23710,-59,-119,735,-204,570,62,170,167,100,-19,-65,700,-131,90,700,35,27,194,69,69,1,1,0,0,0,0,0,1,1,0,5,20133,10284,31155,1748272,0,0,0,3422541,5296388,0,326,203,0,0,1000,1000,6794044
MPCTASK: EXP,2,476,23813,-69,-76,740,-199,513,-11,327,15,182,-84,82,700,-135,112,700,38,176,352,69,69,1,1,0,0,0,0,0,1,1,0,5,23660,10441,34553,1774908,0,0,0,4022165,5873995,0,328,205,0,0,1000,1000,6794044
MPCTASK: EXP,2,478,23909,-74,-41,740,-173,436,-54,379,-66,242,-139,187,700,-143,137,700,29,216,411,69,69,1,1,0,0,0,0,0,1,1,0,5,21627,9326,31025,1585332,0,0,0,3676513,5274369,0,330,207,0,0,1000,1000,6794044
MPCTASK: EXP,2,480,24014,-82,-16,734,-145,353,-81,325,-90,257,-172,241,700,-154,152,700,17,181,376,69,69,1,1,0,0,0,0,0,1,1,0,5,25190,10234,35494,1739689,0,0,0,4282201,6034057,0,332,209,0,0,1000,1000,6794044
MPCTASK: EXP,2,482,24113,-84,4,722,-113,289,-90,194,-39,244,-179,253,700,-137,138,700,4,153,348,69,69,1,1,0,0,0,0,0,1,1,0,5,23473,11010,34552,1871656,0,0,0,3990414,5874016,0,334,211,0,0,1000,1000,6794044
MPCTASK: TRAJ DONE: idx=482, max=482; requesting landing
MPCTASK: LANDING: start z=0.71, hold=(-0.07,-0.0)
MPCTASK: TIMING SUMMARY: max_step_cycles=6794044 deadline_cycles=8400000 overruns=0
MPCTASK: POSTHOC SUMMARY: active=335 infeasible=212
MPCTASK: LANDING COMPLETE: t=34346 ms, x=-0.113, y=0.018, z=-0.004, vz=-0.082; motors off
