---
SYS: Crazyflie 2.1 Brushless is up and running!
SYS: Build 2:de14ff9f08ae (2025.09.1 +2) MODIFIED
SYS: I am 0x373930393434471500370039 and I have 1024KB of flash!
CFGBLK: v1, verification [OK]
DECK_DISCOVERY: Backend found: onewire
DECK_DISCOVERY: Backend found: deckctrl
DECK_CORE: 1 deck(s) found
DECK_CORE: Calling INIT on driver bcFlow2 for deck 0
ZR2: Z-down sensor [OK]
PMW: Motion chip id: 0x49:0xB6
IMU: BMI088: Using I2C interface.
IMU: BMI088 Gyro connection [OK].
IMU: BMI088 Accel connection [OK]
IMU: BMP390 I2C connection [OK]
ESTIMATOR: Using Kalman (2) estimator
CONTROLLER: Using PID (1) controller
MTR-DRV: Using brushless motor driver
SYS: About to run tests in system.c.
SYS: NRF51 version: 2026.04 (C21B)
EEPROM: I2C connection [OK].
STORAGE: Storage check [OK].
IMU: BMI088 gyro self-test [OK]
DECK_CORE: Deck 0 test [OK].
SYS: Self test passed!
STAB: Wait for sensor calibration...
SYS: Free heap: 15048 bytes
MPCTASK: Waiting for activation ...
STAB: Starting stabilizer loop
STAB: WARNING: stabilizer loop rate is off (1004)
SUP: Ready to fly
MPCTASK: Benchmark mode 3, maneuver 4, max_iter 5, task_pri 0
MPCTASK: Reference altitude: 0.70 m; barrier skip when z>0.75 and vz>-0.20
MPCTASK: Common baseline: mpc_hz=20 model_hz=20 rho=5 base_w=0 base_qz=1 Qz=100 R=4 bridge=x10 guards=z[ref,ref+0.20] xy=free cap=0.05
MPCTASK: MPC->PID: xyz=x10, z_guard=[ref,ref+0.20], yaw=raw_rz, output_hold=200ms, safety_hold=500ms
MPCTASK: Reference origin: xy=OOT_activation z=0.70 m
MPCTASK: LIMO adaptive: cache=16x4 evals=1 timing=bar/rl/cache_cycles
MPCTASK: EXP every=2: m,s,tms,p3[mm],v3[mmps],att3[cdeg],ref3[mm],cmd3[mm],h/raw/grad/mar/thr[milli],act/ac/bind,wi/qi/cache/noa,pa/pf/du[milli],it,mpc/eval/total[us],bar/tanh/rl/cache/solve/step[cycles],overruns,post_active/post_infeasible_totals,wreq/w/qzreq/qz[milli],max_step_cycles
MPCTASK: Figure8: source=traj_fig8_12.h source_hz=100 samples=1205 laps=2 duration=24.07 s origin=OOT_activation z_offset=0.09 m
CONTROLLER: Using OutOfTree (6) controller
MPCTASK: Trajectory origin: x=-0.0 y=-0.09
MPCTASK: OOT activated at z=0.55
MPCTASK: OOT loop 1 done
MPCTASK: MPC taMPCTASK: OOT loop 2 done
sk loop 1
MPCTASK: BenchMPCTASK: OOT loop 3 done
mark reset: mode=3 maneuver=4
MPCTASK: x0: pos=(-0.0,-0.09,0.55) vel=(0.0,0.11,0.0)
MPCTASK: ref: (-0.0,-0.09,0.70)
MPCTASK: SAFE TV mode=3: h=0.0 raw=0.0 grad=0.0 margin=0.0 thr=0.0 active0=0 active_count=0 eval=13581 us
MPCTASK: MPC solve start
MPCTASK: MPC solve done, iter=5
MPCTASK: MPC time=26475 us
MPCTASK: MPC stack free=863 words
MPCTASK: setpoint: x=-0.07 y=0.24 z=0.70 preview_z=0.64
MPCTASK: MPC task loop 2
MPCTASK: MPC task loop 3
MPCTASK: EXP,3,2,95,-8,-76,557,0,171,-29,-428,22,54,-9,-89,700,-42,239,700,0,0,0,0,0,0,0,0,15,1,1,1,0,0,0,5,26821,16059,43713,2729862,0,1814,99505,4559569,7431386,0,0,0,992,1000,1080,1133,7442260
MPCTASK: EXP,3,4,187,-14,-30,544,-10,235,-204,165,-2,61,-20,-70,700,6,217,700,0,0,0,0,0,0,0,0,15,1,1,1,0,0,0,5,23374,11256,35816,1913474,0,1795,182575,3973439,6088812,0,0,0,993,1000,1195,1133,7442260
MPCTASK: EXP,3,6,290,-52,55,517,-65,290,-274,295,-3,46,-55,-3,700,1,287,700,0,0,0,0,0,0,0,0,15,2,1,1,0,0,0,5,25681,12765,39046,2169967,0,2663,82245,4365687,6637766,0,0,0,993,1000,1268,1266,7442260
MPCTASK: EXP,3,8,389,-59,75,503,-42,253,-6,-4,-249,86,-108,115,700,55,287,700,0,0,0,0,0,0,0,0,15,2,1,1,0,0,0,5,24100,12287,37414,2088767,0,1923,111448,4096919,6360438,0,0,0,993,1000,1316,1266,7442260
MPCTASK: EXP,3,10,488,-127,107,511,-86,292,160,-220,-412,39,-162,274,700,16,316,700,0,0,0,0,0,0,0,0,15,3,1,1,0,0,0,5,22425,13327,36512,2265426,0,90058,23151,3812147,6207045,0,0,0,994,1000,1346,1400,7442260
MPCTASK: Cache level changed: 0 -> 1
MPCTASK: EXP,3,12,585,-118,129,533,39,315,204,-183,-801,54,-201,454,700,93,315,700,-166,116,712,69,300,1,3,3,15,3,1,1,0,0,0,5,23950,9110,34169,1548689,0,1906,166039,4071367,5808863,0,0,0,996,1000,1365,1400,7442260
MPCTASK: EXP,3,14,691,-102,174,555,176,367,178,-141,-758,11,-208,632,700,139,353,700,-144,67,754,69,300,1,3,3,15,3,1,1,0,0,0,5,25772,11722,39781,1992671,0,1803,82505,4381263,6762710,0,0,0,997,1000,1378,1400,7442260
MPCTASK: EXP,3,16,795,-54,207,572,335,370,139,36,-654,14,-177,793,700,207,339,700,-127,2,921,69,300,1,3,3,15,3,1,1,0,0,0,5,27967,14077,43381,2393042,0,1795,146896,4754299,7374771,0,0,0,997,1000,1385,1400,7442260
MPCTASK: EXP,3,18,890,-8,229,581,442,336,98,164,-450,20,-108,922,699,239,317,699,-118,13,820,69,300,1,3,3,15,3,1,1,0,0,0,5,25189,12516,38854,2127617,0,1795,172687,4282039,6605291,0,0,0,998,1000,1390,1400,7442260
MPCTASK: EXP,3,20,989,31,261,592,488,301,109,243,-222,-25,-8,1011,699,230,306,699,-107,111,598,69,300,1,3,3,15,3,1,1,0,0,0,5,25146,12171,38127,2068994,0,1803,73586,4274683,6481735,0,0,0,998,1000,1394,1400,7442260
MPCTASK: EXP,3,22,1089,87,274,602,518,221,111,425,94,-20,110,1056,699,217,243,699,-97,-9,896,69,300,1,3,3,15,3,1,1,0,0,0,5,22840,14120,37589,2400210,0,1795,84189,3882599,6390221,0,0,0,999,1000,1396,1400,7442260
MPCTASK: EXP,3,24,1194,154,256,617,507,84,113,518,431,-3,233,1058,699,212,149,699,-82,-11,900,69,300,1,3,3,15,3,1,1,0,0,0,5,26547,13267,40393,2255308,0,1795,76099,4512855,6867003,0,0,0,999,1000,1397,1400,7442260
MPCTASK: EXP,3,26,1294,200,267,631,407,9,100,520,738,-57,343,1019,699,162,108,699,-68,-24,1051,69,300,1,3,3,15,3,1,1,0,0,0,5,28467,10166,39654,1728235,0,70258,49648,4839219,6741237,0,0,0,999,1000,1398,1400,7442260
MPCTASK: EXP,3,28,1389,231,256,641,265,-97,66,611,920,-71,425,943,700,112,36,700,-58,120,823,69,300,1,3,3,15,3,1,1,0,0,0,5,23593,10260,34536,1744103,0,1796,93044,4010795,5871139,0,0,0,999,1000,1399,1400,7442260
MPCTASK: EXP,3,30,1492,249,217,645,98,-238,27,608,1021,-76,470,835,700,53,-69,700,-54,142,981,69,300,1,3,3,15,3,1,1,0,0,0,5,24779,11691,37903,1987431,0,1795,184013,4212375,6443534,0,0,0,999,1000,1399,1400,7442260
MPCTASK: EXP,3,32,1592,245,181,647,-88,-351,23,584,995,-47,469,700,700,-16,-154,700,-52,167,816,69,300,1,3,3,15,3,1,1,0,0,0,5,24040,11558,37246,1964841,0,1795,135108,4086755,6331986,0,0,0,998,1000,1399,1400,7442260
MPCTASK: EXP,3,34,1688,218,138,647,-271,-455,22,520,893,-3,421,544,700,-87,-234,700,-52,115,882,69,300,1,3,3,15,3,1,1,0,0,0,5,21869,10646,33943,1809695,0,73726,71106,3717623,5770302,0,0,0,998,1000,1399,1400,7442260
MPCTASK: EXP,3,36,1793,155,118,647,-443,-510,32,398,722,204,331,372,700,-160,-277,700,-52,-2,1048,69,300,1,3,3,15,3,1,1,0,0,0,5,26124,12173,39074,2069418,0,1795,109927,4441055,6642667,0,0,0,998,1000,1399,1400,7442260
MPCTASK: EXP,3,38,1894,109,49,649,-545,-602,60,461,405,106,206,190,700,-166,-371,700,-50,-26,932,69,300,1,3,3,15,3,1,1,0,0,0,5,27049,11398,39440,1937626,0,66115,81109,4598283,6704827,0,0,0,997,1000,1399,1400,7442260
MPCTASK: EXP,3,40,1989,77,-19,656,-562,-671,87,313,125,47,58,1,700,-153,-449,700,-43,88,549,69,300,1,3,3,15,3,1,1,0,0,0,5,23487,10947,34863,1860924,0,1795,23151,3992667,5926763,0,0,0,996,1000,1399,1400,7442260
MPCTASK: EXP,3,42,2089,17,-91,667,-571,-721,106,218,-142,69,-96,-187,700,-149,-518,700,-32,27,790,69,300,1,3,3,15,3,1,1,0,0,0,5,22712,11900,35121,2022951,0,1795,23151,3860911,5970733,0,0,0,995,1000,1399,1400,7442260
MPCTASK: EXP,3,44,2190,-56,-150,679,-547,-731,97,106,-464,147,-243,-373,700,-134,-554,700,-20,-46,799,69,300,1,3,3,15,3,1,1,0,0,0,5,23816,11142,35771,1894161,0,1802,93912,4048563,6081188,0,0,0,996,1000,1399,1400,7442260
MPCTASK: EXP,3,46,2294,-103,-210,696,-445,-719,97,92,-725,112,-368,-552,700,-97,-594,700,-3,22,887,69,300,1,3,3,15,3,1,1,0,0,0,5,25564,11697,39021,1988344,0,35533,24305,4345908,6633674,0,0,0,997,1000,1399,1400,7442260
MPCTASK: EXP,3,48,2390,-127,-275,705,-293,-711,42,-4,-913,89,-458,-718,700,-37,-631,700,5,184,656,69,300,1,3,3,15,3,1,1,0,0,0,5,23886,10448,34967,1775951,0,1795,84917,4060639,5944336,0,0,0,997,1000,1399,1400,7442260
MPCTASK: EXP,3,50,2491,-167,-323,709,-160,-665,9,-95,-1039,80,-504,-869,700,-3,-629,700,9,1,1652,69,300,1,3,3,15,3,1,1,0,0,0,5,25482,9305,35839,1581735,0,1795,155282,4331895,6092720,0,0,0,998,1000,1399,1400,7442260
MPCTASK: EXP,3,52,2595,-159,-374,709,47,-625,-19,-99,-1061,70,-502,-1000,700,75,-641,700,5,88,1539,69,300,1,3,3,15,3,1,1,0,0,0,5,28269,10977,39762,1865869,0,1795,65455,4805686,6759640,0,0,0,998,1000,1399,1400,7442260
MPCTASK: EXP,3,54,2695,-116,-459,703,266,-630,-34,-181,-918,143,-451,-1109,700,163,-691,700,-3,29,1428,69,300,1,3,3,15,3,1,1,0,0,0,5,26702,11503,39099,1955429,0,1796,129321,4539307,6646798,0,0,0,998,1000,1399,1400,7442260
MPCTASK: EXP,3,56,2796,-81,-457,698,418,-486,-5,-394,-697,31,-357,-1193,700,199,-597,700,-2,-48,1032,69,300,1,3,3,15,3,1,1,0,0,0,5,28061,11212,40393,1905938,0,2673,56975,4770335,6866822,0,0,0,998,1000,1399,1400,7442260
MPCTASK: EXP,3,58,2894,-32,-458,700,529,-365,30,-392,-376,-32,-228,-1250,700,221,-529,700,0,-21,876,69,300,1,3,3,15,3,1,1,0,0,0,5,25695,12190,38770,2072135,0,2667,23463,4368107,6590870,0,0,0,999,1000,1399,1400,7442260
MPCTASK: EXP,3,60,2996,27,-485,704,577,-290,45,-355,-61,25,-78,-1278,700,234,-505,700,4,-5,856,69,300,1,3,3,15,3,1,1,0,0,0,5,27669,12523,40985,2128715,0,1795,84712,4703679,6967526,0,0,0,999,1000,1399,1400,7442260
MPCTASK: EXP,3,62,3095,107,-503,709,589,-209,51,-454,283,70,78,-1278,700,245,-460,700,9,-21,833,69,300,1,3,3,15,3,1,1,0,0,0,5,26442,12033,39443,2045601,0,66566,77557,4495023,6705293,0,0,0,999,1000,1399,1400,7442260
MPCTASK: EXP,3,64,3191,168,-507,720,521,-113,60,-513,617,84,226,-1248,700,224,-403,700,20,89,666,69,300,1,3,3,15,3,1,1,0,0,0,5,24072,10650,35625,1810369,0,1795,50321,4092223,6056225,0,0,0,998,1000,1399,1400,7442260
MPCTASK: EXP,3,66,3292,211,-518,730,396,-30,46,-576,815,82,352,-1189,700,173,-363,700,30,172,618,69,300,1,3,3,15,3,1,1,0,0,0,5,24711,11527,36821,1959552,0,1795,77258,4200663,6259701,0,0,0,998,1000,1399,1400,7442260
MPCTASK: EXP,3,68,3394,241,-514,734,249,69,-5,-616,939,74,442,-1104,700,123,-293,700,33,232,597,69,300,1,3,3,15,3,1,1,0,0,0,5,23945,13153,37883,2235887,0,65577,46934,4070619,6440095,0,0,0,998,1000,1399,1400,7442260
MPCTASK: EXP,3,70,3489,258,-499,728,87,177,-55,-637,991,75,488,-994,700,65,-222,700,17,226,827,69,300,1,3,3,15,3,1,1,0,0,0,5,21852,9032,31970,1535453,0,1795,83190,3714832,5435041,0,0,0,998,1000,1399,1400,7442260
MPCTASK: EXP,3,72,3590,251,-475,720,-95,290,-62,-659,977,71,485,-861,700,-14,-136,700,7,155,1152,69,300,1,3,3,15,3,1,1,0,0,0,5,22862,10732,33864,1824385,0,1798,23318,3886567,5757087,0,0,0,997,1000,1399,1400,7442260
MPCTASK: EXP,3,74,3696,212,-441,711,-288,409,-39,-645,882,53,434,-710,700,-98,-50,700,3,118,1017,69,300,1,3,3,15,3,1,1,0,0,0,5,25538,13094,39990,2225992,0,1795,174121,4341351,6798350,0,0,0,997,1000,1399,1400,7442260
MPCTASK: EXP,3,76,3794,168,-401,709,-439,516,5,-615,687,32,339,-543,700,-163,24,700,9,112,696,69,300,1,3,3,15,3,1,1,0,0,0,5,25233,11192,37462,1902575,0,1795,154121,4289662,6368873,0,0,0,996,1000,1399,1400,7442260
MPCTASK: EXP,3,78,3891,103,-351,709,-558,616,21,-563,472,-21,210,-365,700,-214,107,700,9,51,774,69,300,1,3,3,15,3,1,1,0,0,0,5,23003,10056,33916,1709387,0,1795,46892,3910545,5765835,0,0,0,995,1000,1399,1400,7442260
MPCTASK: EXP,3,80,3993,41,-305,711,-612,689,37,-548,123,-68,60,-180,700,-212,172,700,11,81,673,69,300,1,3,3,15,3,1,1,0,0,0,5,26241,9895,36402,1682080,0,1795,23151,4460944,6188402,0,0,0,994,1000,1399,1400,7442260
MPCTASK: EXP,3,82,4095,-18,-241,717,-608,766,51,-445,-179,-76,-96,6,700,-197,248,700,17,8,804,69,300,1,3,3,15,3,1,1,0,0,0,5,25527,12189,38525,2071971,0,1797,115361,4339511,6549383,0,0,0,995,1000,1399,1400,7442260
MPCTASK: EXP,3,84,4196,-91,-135,725,-574,864,51,-297,-493,-55,-245,191,700,-178,349,700,25,0,807,69,300,1,3,3,15,3,1,1,0,0,0,5,25922,12193,39438,2072655,0,1802,200630,4406619,6704580,0,0,0,995,1000,1399,1400,7442260
MPCTASK: EXP,3,86,4297,-137,-56,737,-466,881,58,-80,-824,12,-370,368,700,-127,397,700,37,81,866,69,300,1,3,3,15,3,1,1,0,0,0,5,25903,11621,39254,1975437,0,1796,130031,4403311,6673469,0,0,0,995,1000,1399,1400,7442260
MPCTASK: EXP,3,88,4398,-136,45,744,-275,904,24,35,-976,86,-460,535,700,-34,476,700,44,165,861,69,300,1,3,3,15,3,1,1,0,0,0,5,26754,12104,40141,2057630,0,1795,195913,4548019,6824218,0,0,0,996,1000,1399,1400,7442260
MPCTASK: EXP,3,90,4498,-115,116,743,-65,859,-21,281,-887,113,-506,686,700,64,482,700,39,154,856,69,300,1,3,3,15,3,1,1,0,0,0,5,26359,13420,40428,2281309,0,2138,79506,4480896,6872898,0,0,0,997,1000,1399,1400,7442260
MPCTASK: EXP,3,92,4596,-109,171,736,91,770,-48,320,-850,100,-503,818,700,116,475,700,27,172,793,69,300,1,3,3,15,3,1,1,0,0,0,5,25345,10924,36897,1856972,0,1795,46779,4308607,6272490,0,0,0,997,1000,1399,1400,7442260
MPCTASK: EXP,3,94,4701,-111,252,734,206,719,-28,389,-717,30,-452,927,700,128,499,700,29,63,934,69,300,1,3,3,15,3,1,1,0,0,0,5,30679,11873,42821,2018333,0,1951,23151,5215211,7279655,0,0,0,998,1000,1399,1400,7442260
MPCTASK: EXP,3,96,4800,-72,318,731,339,631,-29,594,-573,-19,-357,1011,700,171,484,700,25,6,931,69,300,1,3,3,15,3,1,1,0,0,0,5,25954,15829,42050,2690764,0,1795,23151,4411975,7148593,0,0,0,998,1000,1399,1400,7442260
MPCTASK: EXP,3,98,4898,-18,372,730,438,520,-21,598,-338,-77,-229,1069,700,206,468,700,26,-1,931,69,300,1,3,3,15,3,1,1,0,0,0,5,25926,12370,39501,2102762,0,1802,148041,4407219,6715215,0,0,0,998,1000,1399,1400,7442260
MPCTASK: EXP,3,100,4998,26,414,730,471,397,-11,731,-107,-89,-78,1097,700,216,427,700,27,174,607,69,300,1,3,3,15,3,1,1,0,0,0,5,26241,11693,38757,1987699,0,1796,60966,4460771,6588978,0,0,0,998,1000,1399,1400,7442260
MPCTASK: EXP,3,102,5095,72,409,731,468,221,-2,712,162,-54,78,1097,700,193,333,700,30,137,668,69,300,1,3,3,15,3,1,1,0,0,0,5,23797,11791,36821,2004325,0,1802,142213,4045463,6259676,0,0,0,998,1000,1399,1400,7442260
MPCTASK: EXP,3,104,5197,121,398,729,427,66,-7,693,447,-22,226,1067,700,159,252,700,27,9,972,69,300,1,3,3,15,3,1,1,0,0,0,5,25420,12175,38710,2069683,0,1802,53960,4321267,6580670,0,0,0,998,1000,1399,1400,7442260
MPCTASK: EXP,3,106,5294,155,374,727,329,-84,-9,633,649,30,352,1009,700,118,157,700,26,100,718,69,300,1,3,3,15,3,1,1,0,0,0,5,24366,10580,35543,1798377,0,1795,78268,4142116,6042370,0,0,0,998,1000,1399,1400,7442260
MPCTASK: EXP,3,108,5398,213,341,727,245,-215,-10,581,796,13,442,924,700,105,59,700,25,206,588,69,300,1,3,3,15,3,1,1,0,0,0,5,26560,11706,39097,1990038,0,1795,117362,4515191,6646694,0,0,0,998,1000,1399,1400,7442260
MPCTASK: EXP,3,110,5498,222,293,725,86,-342,-22,532,976,82,488,813,700,28,-34,700,20,200,784,69,300,1,3,3,15,3,1,1,0,0,0,5,26992,12041,39895,2046887,0,1795,48976,4588575,6782261,0,0,0,997,1000,1399,1400,7442260
MPCTASK: EXP,3,112,5596,207,247,720,-97,-440,-33,408,964,165,485,681,700,-44,-117,700,14,195,824,69,300,1,3,3,15,3,1,1,0,0,0,5,26395,10943,38070,1860313,0,1795,23157,4461328,6471974,0,0,0,997,1000,1399,1400,7442260
MPCTASK: EXP,3,114,5696,187,173,719,-264,-549,-13,370,871,180,434,529,700,-102,-232,700,16,157,776,69,300,1,3,3,15,3,1,1,0,0,0,5,26084,11618,38387,1974972,0,1795,93315,4434211,6525762,0,0,0,997,1000,1399,1400,7442260
MPCTASK: EXP,3,116,5798,104,65,714,-475,-685,-11,315,716,208,339,362,700,-225,-370,700,12,117,733,69,300,1,3,3,15,3,1,1,0,0,0,5,26890,10872,38935,1848130,0,42088,45546,4571255,6619154,0,0,0,997,1000,1399,1400,7442260
MPCTASK: EXP,3,118,5896,48,-18,709,-581,-754,-5,141,349,210,210,184,700,-228,-456,700,8,61,726,69,300,1,3,3,15,3,1,1,0,0,0,5,25908,11086,37924,1884609,0,1802,134663,4404271,6447170,0,0,0,996,1000,1399,1400,7442260
MPCTASK: EXP,3,120,5994,-5,-69,711,-608,-742,29,95,17,227,60,0,700,-222,-495,700,11,62,719,69,300,1,3,3,15,3,1,1,0,0,0,5,24754,10572,36116,1797231,0,1795,47117,4208131,6139850,0,0,0,995,1000,1399,1400,7442260
MPCTASK: EXP,3,122,6097,-69,-126,719,-591,-734,55,113,-267,210,-96,-187,700,-221,-543,700,19,82,591,69,300,1,3,3,15,3,1,1,0,0,0,5,25669,11136,37656,1893040,0,22963,24306,4339527,6401485,0,0,0,993,1000,1399,1400,7442260
MPCTASK: EXP,3,124,6201,-116,-181,726,-510,-722,37,109,-549,193,-245,-371,700,-184,-580,700,26,150,575,69,300,1,3,3,15,3,1,1,0,0,0,5,25555,14165,40814,2407889,0,1795,123926,4344231,6938319,0,0,0,993,1000,1399,1400,7442260
MPCTASK: EXP,3,126,6293,-163,-230,734,-409,-703,18,110,-725,161,-370,-549,700,-156,-604,700,34,168,602,69,300,1,3,3,15,3,1,1,0,0,0,5,24506,8918,34337,1515989,0,1795,119179,4165811,5837262,0,0,0,994,1000,1399,1400,7442260
MPCTASK: EXP,3,128,6403,-187,-279,739,-265,-684,-13,74,-880,124,-460,-715,700,-95,-634,700,36,190,687,69,300,1,3,3,15,3,1,1,0,0,0,5,31486,11048,43934,1878165,0,107605,65140,5352463,7468857,0,0,0,995,1000,1399,1400,7468857
MPCTASK: EXP,3,130,6496,-199,-336,735,-102,-672,-53,29,-916,115,-506,-866,700,-26,-669,700,24,197,830,69,300,1,3,3,15,3,1,1,0,0,0,5,25228,11145,37401,1894580,0,1795,151902,4288743,6358170,0,0,0,996,1000,1399,1400,7468857
MPCTASK: EXP,3,132,6594,-191,-383,729,67,-639,-53,-50,-877,100,-503,-998,700,36,-664,700,18,228,652,69,300,1,3,3,15,3,1,1,0,0,0,5,22995,10190,34552,1732208,0,48761,115063,3909127,5874018,0,0,0,997,1000,1399,1400,7468857
MPCTASK: EXP,3,134,6693,-165,-430,722,234,-601,-48,-135,-814,89,-452,-1108,700,107,-663,700,13,124,929,69,300,1,3,3,15,3,1,1,0,0,0,5,23303,10059,33946,1709831,0,1795,23151,3961487,5770755,0,0,0,998,1000,1399,1400,7468857
MPCTASK: EXP,3,136,6800,-131,-469,719,369,-538,-24,-253,-634,75,-357,-1192,700,156,-644,700,14,129,656,69,300,1,3,3,15,3,1,1,0,0,0,5,28213,11308,40592,1922238,0,1795,159770,4796268,6900796,0,0,0,998,1000,1399,1400,7468857
MPCTASK: EXP,3,138,6898,-79,-472,717,483,-425,-1,-234,-443,43,-229,-1249,700,199,-569,700,17,96,627,69,300,1,3,3,15,3,1,1,0,0,0,5,24195,11357,37128,1930523,0,1796,245288,4113119,6311703,0,0,0,998,1000,1399,1400,7468857
MPCTASK: EXP,3,140,7000,-26,-505,717,539,-367,1,-383,-152,56,-78,-1278,700,185,-549,700,17,113,565,69,300,1,3,3,15,3,1,1,0,0,0,5,26280,12888,39434,2190993,0,1795,23151,4467564,6703938,0,0,0,998,1000,1399,1400,7468857
MPCTASK: EXP,3,142,7100,31,-514,719,551,-259,9,-502,141,51,78,-1278,700,179,-483,700,19,8,850,69,300,1,3,3,15,3,1,1,0,0,0,5,28421,10124,39790,1721040,0,1795,188781,4831503,6764311,0,0,0,998,1000,1399,1400,7468857
MPCTASK: EXP,3,144,7201,73,-531,727,485,-166,30,-568,455,64,226,-1248,700,142,-438,700,27,88,664,69,300,1,3,3,15,3,1,1,0,0,0,5,26842,12104,40809,2057531,0,1796,182843,4563035,6937676,0,0,0,998,1000,1399,1400,7468857
MPCTASK: EXP,3,146,7298,115,-545,730,405,-80,-3,-646,639,76,352,-1190,700,116,-394,700,29,132,628,69,300,1,3,3,15,3,1,1,0,0,0,5,24463,12356,38346,2100394,0,1796,166794,4158555,6518905,0,0,0,998,1000,1399,1400,7468857
MPCTASK: EXP,3,148,7399,142,-538,731,256,54,-31,-690,824,60,442,-1104,700,48,-301,700,25,221,584,69,300,1,3,3,15,3,1,1,0,0,0,5,23173,13362,38020,2271316,0,1802,156810,3939235,6463462,0,0,0,998,1000,1399,1400,7468857
MPCTASK: EXP,3,150,7492,156,-518,723,105,184,-70,-707,872,52,488,-994,700,-7,-228,700,9,220,685,69,300,1,3,3,15,3,1,1,0,0,0,5,23134,8078,31831,1373167,0,1795,23151,3932651,5411405,0,0,0,998,1000,1399,1400,7468857
MPCTASK: EXP,3,152,7599,150,-485,715,-63,319,-58,-675,887,38,485,-861,700,-80,-133,700,4,188,788,69,300,1,3,3,15,3,1,1,0,0,0,5,27771,9362,38594,1591406,0,1795,160643,4720848,6560934,0,0,0,998,1000,1399,1400,7468857
MPCTASK: EXP,3,154,7696,117,-441,707,-237,449,-40,-655,790,14,434,-710,700,-155,-35,700,0,161,706,69,300,1,3,3,15,3,1,1,0,0,0,5,22169,11606,35148,1972979,0,1795,210879,3768591,5975369,0,0,0,998,1000,1399,1400,7468857
MPCTASK: EXP,3,156,7798,72,-402,701,-381,548,-27,-598,595,-16,339,-543,700,-209,29,700,-4,124,644,69,300,1,3,3,15,3,1,1,0,0,0,5,24169,12635,37826,2147941,0,1795,52236,4108583,6430486,0,0,0,997,1000,1399,1400,7468857
MPCTASK: EXP,3,158,7898,31,-324,700,-472,677,11,-516,405,8,210,-365,700,-225,158,700,0,61,741,69,300,1,3,3,15,3,1,1,0,0,0,5,23335,13508,37827,2296266,0,65967,24142,3966923,6430532,0,0,0,996,1000,1399,1400,7468857
MPCTASK: EXP,3,160,7998,-15,-272,703,-519,734,30,-460,161,-10,60,-180,700,-238,206,700,3,67,687,69,300,1,3,3,15,3,1,1,0,0,0,5,24374,12358,37714,2100756,0,1956,76768,4143508,6411363,0,0,0,996,1000,1399,1400,7468857
MPCTASK: EXP,3,162,8100,-79,-165,706,-535,841,34,-280,-142,-1,-96,6,700,-220,320,700,6,-10,894,69,300,1,3,3,15,3,1,1,0,0,0,5,26585,11937,39440,2029142,0,1953,89401,4519360,6705064,0,0,0,995,1000,1399,1400,7468857
MPCTASK: EXP,3,164,8200,-122,-92,713,-477,855,47,-121,-433,-8,-245,191,700,-185,371,700,13,70,656,69,300,1,3,3,15,3,1,1,0,0,0,5,27246,10558,39818,1794795,0,1797,319904,4631735,6769306,0,0,0,995,1000,1399,1400,7468857
MPCTASK: EXP,3,166,8298,-154,-27,721,-370,836,38,-33,-683,-9,-370,368,700,-134,404,700,21,153,599,69,300,1,3,3,15,3,1,1,0,0,0,5,26415,10549,37559,1793088,0,57447,23151,4490603,6385064,0,0,0,996,1000,1399,1400,7468857
MPCTASK: EXP,3,168,8398,-175,26,728,-254,809,22,-28,-786,-8,-460,535,700,-87,425,700,28,198,595,69,300,1,3,3,15,3,1,1,0,0,0,5,26068,10564,37333,1795688,0,1802,23151,4431367,6346825,0,0,0,996,1000,1399,1400,7468857
MPCTASK: EXP,3,170,8499,-194,133,730,-102,837,-14,39,-858,-11,-506,686,700,-16,516,700,27,212,604,69,300,1,3,3,15,3,1,1,0,0,0,5,26955,10507,38075,1785998,0,1796,81816,4582283,6472718,0,0,0,997,1000,1399,1400,7468857
MPCTASK: EXP,3,172,8599,-209,194,727,21,785,-43,240,-833,34,-503,817,700,1,513,700,18,176,738,69,300,1,3,3,15,3,1,1,0,0,0,5,23140,14540,38871,2471592,0,1795,88615,3933740,6608064,0,0,0,997,1000,1399,1400,7468857
MPCTASK: EXP,3,174,8697,-195,246,720,175,706,-49,331,-839,105,-452,927,700,64,505,700,10,174,770,69,300,1,3,3,15,3,1,1,0,0,0,5,24584,11237,36841,1910360,0,1796,51312,4179163,6263171,0,0,0,998,1000,1399,1400,7468857
MPCTASK: EXP,3,176,8800,-190,318,716,278,664,-20,425,-717,114,-357,1011,700,67,524,700,12,52,960,69,300,1,3,3,15,3,1,1,0,0,0,5,24679,12994,38544,2208761,0,1964,89771,4195375,6552487,0,0,0,998,1000,1399,1400,7468857
MPCTASK: EXP,3,178,8900,-143,404,718,418,594,1,546,-529,38,-229,1069,700,118,526,700,18,42,810,69,300,1,3,3,15,3,1,1,0,0,0,5,25985,8741,37426,1485828,0,210873,152899,4417343,6362396,0,0,0,998,1000,1399,1400,7468857
MPCTASK: EXP,3,180,8998,-103,426,720,477,446,1,740,-266,30,-78,1097,700,116,455,700,20,118,737,69,300,1,3,3,15,3,1,1,0,0,0,5,24956,8217,35136,1396881,0,1795,267348,4242567,5973102,0,0,0,998,1000,1399,1400,7468857
MPCTASK: EXP,3,182,9101,-47,439,720,514,287,-10,712,5,-7,78,1097,700,120,388,700,18,72,878,69,300,1,3,3,15,3,1,1,0,0,0,5,24640,12133,37985,2062524,0,1976,182589,4188723,6457759,0,0,0,998,1000,1399,1400,7468857
MPCTASK: EXP,3,184,9198,-2,436,720,493,138,-2,730,290,-42,226,1067,700,94,303,700,19,97,800,69,300,1,3,3,15,3,1,1,0,0,0,5,22165,11471,34574,1949879,0,1795,65558,3768007,5877640,0,0,0,998,1000,1399,1400,7468857
MPCTASK: EXP,3,186,9306,78,418,723,471,-23,8,722,514,-123,351,1009,700,108,213,700,23,-9,992,69,300,1,3,3,15,3,1,1,0,0,0,5,29425,11881,42107,2019793,0,1921,113862,5002195,7158323,0,0,0,998,1000,1399,1400,7468857
MPCTASK: EXP,3,188,9399,61,369,721,279,-201,-16,669,789,-89,441,924,700,-11,88,700,18,165,658,69,300,1,3,3,15,3,1,1,0,0,0,5,24363,10812,35939,1838015,0,1959,106823,4141631,6109667,0,0,0,998,1000,1399,1400,7468857
MPCTASK: EXP,3,190,9504,70,333,716,115,-325,-42,534,723,-106,487,815,700,-71,8,700,8,175,621,69,300,1,3,3,15,3,1,1,0,0,0,5,25129,11820,39603,2009335,0,2669,23463,4271900,6732687,0,0,0,998,1000,1399,1400,7468857
MPCTASK: EXP,3,192,9600,127,332,709,65,-359,-58,522,746,-169,483,683,700,-35,-20,700,-2,135,811,69,300,1,3,3,15,3,1,1,0,0,0,5,24713,11026,36399,1874341,0,2092,87758,4201235,6187923,0,0,0,998,1000,1399,1400,7468857
MPCTASK: EXP,3,194,9696,128,280,705,-100,-482,-22,670,928,-113,432,531,700,-94,-137,700,1,84,1199,69,300,1,3,3,15,3,1,1,0,0,0,5,20839,10906,32013,1853924,0,1795,23151,3542543,5442247,0,0,0,998,1000,1399,1400,7468857
MPCTASK: EXP,3,196,9797,92,222,708,-270,-595,-3,590,716,14,337,364,700,-152,-230,700,7,107,745,69,300,1,3,3,15,3,1,1,0,0,0,5,23284,9167,33169,1558264,0,1795,69047,3958307,5638723,0,0,0,997,1000,1399,1400,7468857
MPCTASK: EXP,3,198,9901,29,209,703,-409,-625,-24,521,459,161,209,186,700,-186,-255,700,-1,-33,930,69,300,1,3,3,15,3,1,1,0,0,0,5,25714,10758,37083,1828811,0,2676,80095,4371159,6304120,0,0,0,996,1000,1399,1400,7468857
MPCTASK: EXP,3,200,10004,-34,129,699,-489,-751,-13,622,146,216,59,0,700,-207,-369,700,-2,-46,887,69,300,1,3,3,15,3,1,1,0,0,0,5,27012,11234,39509,1909631,0,48516,24307,4591991,6716546,0,0,0,996,1000,1399,1400,7468857
MPCTASK: EXP,3,202,10100,-102,-2,697,-509,-921,10,435,-223,214,-95,-188,700,-210,-521,700,-2,-36,802,69,300,1,3,3,15,3,1,1,0,0,0,5,24062,10598,35711,1801528,0,1796,155209,4090555,6070963,0,0,0,995,1000,1399,1400,7468857
MPCTASK: EXP,3,204,10202,-147,-101,701,-441,-976,34,141,-508,201,-241,-376,700,-182,-592,700,1,-7,866,69,300,1,3,3,15,3,1,1,0,0,0,5,25516,11653,37880,1980866,0,28596,70694,4337703,6439574,0,0,0,996,1000,1399,1400,7468857
MPCTASK: EXP,3,206,10302,-175,-182,710,-335,-969,53,-30,-752,155,-363,-557,700,-134,-631,700,10,44,897,69,300,1,3,3,15,3,1,1,0,0,0,5,26258,10130,37458,1721934,0,1795,159943,4463780,6368206,0,0,0,996,1000,1399,1400,7468857
MPCTASK: EXP,3,208,10405,-216,-277,722,-203,-928,35,-191,-901,122,-449,-728,700,-105,-665,700,22,112,907,69,300,1,3,3,15,3,1,1,0,0,0,5,27753,11548,40039,1963041,0,1802,51175,4717887,6806672,0,0,0,997,1000,1399,1400,7468857
MPCTASK: EXP,3,210,10504,-222,-358,725,-45,-868,-24,-329,-920,117,-492,-883,700,-49,-681,700,20,203,702,69,300,1,3,3,15,3,1,1,0,0,0,5,27182,10656,39595,1811336,0,95533,63262,4620899,6731210,0,0,0,997,1000,1399,1400,7468857
MPCTASK: EXP,3,212,10605,-211,-424,721,100,-796,-59,-438,-887,124,-487,-1018,700,-1,-671,700,9,111,1135,69,300,1,3,3,15,3,1,1,0,0,0,5,28638,12125,41032,2061095,0,1795,23151,4868323,6975504,0,0,0,998,1000,1399,1400,7468857
MPCTASK: EXP,3,214,10701,-185,-483,713,253,-683,-64,-573,-726,127,-436,-1127,700,37,-632,700,0,13,1168,69,300,1,3,3,15,3,1,1,0,0,0,5,23024,12514,36839,2127361,0,1796,178706,3913952,6262715,0,0,0,998,1000,1399,1400,7468857
MPCTASK: EXP,3,216,10803,-149,-534,706,369,-532,-44,-713,-467,111,-347,-1205,699,46,-578,699,-2,-32,1155,69,300,1,3,3,15,3,1,1,0,0,0,5,26434,9634,38072,1637678,0,1795,132593,4493755,6472315,0,0,0,998,1000,1399,1400,7468857
MPCTASK: EXP,3,218,10899,-90,-557,705,451,-361,-13,-822,-152,109,-231,-1248,699,75,-506,699,2,-29,1268,69,300,1,3,3,15,3,1,1,0,0,0,5,21583,12226,34813,2078304,0,1795,100414,3669015,5918275,0,0,0,998,1000,1399,1400,7468857
MPCTASK: EXP,3,220,11003,-54,-574,705,443,-214,1,-896,136,104,-102,-1251,699,65,-452,699,5,27,1269,69,300,1,3,3,15,3,1,1,0,0,0,5,26808,11736,39295,1995040,0,1796,46830,4557123,6680256,0,0,0,998,1000,1399,1400,7468857
MPCTASK: EXP,3,222,11101,-9,-578,709,401,-46,14,-896,391,96,22,-1213,699,57,-394,699,9,25,1220,69,300,1,3,3,15,3,1,1,0,0,0,5,24471,11360,36343,1931150,0,1795,24304,4159971,6178520,0,0,0,998,1000,1399,1400,7468857
MPCTASK: EXP,3,224,11204,21,-566,710,298,124,-4,-808,539,50,127,-1134,699,40,-338,699,9,124,790,69,300,1,3,3,15,3,1,1,0,0,0,5,25959,12540,39013,2131791,0,43373,23151,4413067,6632260,0,0,0,998,1000,1399,1400,7468857
MPCTASK: EXP,3,226,11301,41,-531,706,193,275,-23,-639,588,15,201,-1014,700,26,-293,700,1,84,788,69,300,1,3,3,15,3,1,1,0,0,0,5,23851,12520,36887,2128324,0,1798,23319,4054543,6270838,0,0,0,998,1000,1399,1400,7468857
MPCTASK: EXP,3,228,11404,51,-491,704,100,378,-14,-455,555,-9,234,-863,700,18,-266,700,1,31,877,69,300,1,3,3,15,3,1,1,0,0,0,5,27105,11354,39285,1930116,0,56907,62933,4607718,6678445,0,0,0,998,1000,1399,1400,7468857
MPCTASK: EXP,3,230,11500,47,-448,698,-2,443,-19,-216,451,-38,227,-689,700,5,-249,700,-5,3,918,69,300,1,3,3,15,3,1,1,0,0,0,5,24398,10369,35665,1762622,0,1795,108664,4147723,6063105,0,0,0,997,1000,1399,1400,7468857
MPCTASK: EXP,3,232,11599,-3,-417,697,-130,433,6,49,235,-92,186,-511,700,-31,-263,700,-2,-22,866,69,300,1,3,3,15,3,1,1,0,0,0,5,23092,10141,34168,1723816,0,1795,136536,3925547,5808684,0,0,0,997,1000,1399,1400,7468857
MPCTASK: EXP,3,234,11703,-14,-374,698,-143,410,15,255,-8,-66,125,-345,700,-44,-214,700,-1,50,746,69,300,1,3,3,15,3,1,1,0,0,0,5,28531,9638,39095,1638349,0,1796,122529,4850211,6646278,0,0,0,996,1000,1399,1400,7468857
MPCTASK: EXP,3,236,11801,-29,-338,702,-127,355,28,309,-173,-43,62,-213,700,-75,-136,700,2,177,681,69,300,1,3,3,15,3,1,1,0,0,0,5,24703,11076,36910,1882729,0,1795,120697,4199439,6274901,0,0,0,995,1000,1399,1400,7468857
MPCTASK: EXP,3,238,11904,-29,-314,708,-84,300,34,243,-178,-31,14,-128,700,-87,-51,700,8,110,514,69,300,1,3,3,15,3,1,1,0,0,0,5,26418,11349,38701,1929344,0,1796,111123,4490932,6579188,0,0,0,995,1000,1399,1400,7468857
MPCTASK: EXP,3,240,12000,-35,-303,708,-59,253,-2,-137,-48,-19,-6,-94,700,-131,55,700,8,-3,993,69,300,1,3,2,15,3,1,1,0,0,0,5,22844,11435,34981,1943937,0,1795,23151,3883275,5946891,0,0,0,995,1000,1399,1400,7468857
MPCTASK: EXP,3,242,12107,-37,-287,709,-58,290,-7,-576,134,3,-9,-90,700,-124,138,700,7,-43,870,69,300,1,3,3,15,3,1,1,0,0,0,5,28765,12068,41425,2051468,0,1795,76843,4889956,7042281,0,0,0,995,1000,1399,1400,7468857
MPCTASK: EXP,3,244,12205,-35,-264,717,-76,402,10,-959,225,37,-13,-82,700,-74,187,700,17,61,1268,69,300,1,3,2,15,3,1,1,0,0,0,5,26169,12486,39572,2122622,0,1910,64450,4448636,6727346,0,0,0,995,1000,1399,1400,7468857
MPCTASK: EXP,3,246,12307,-45,-215,721,-112,572,-13,-1043,149,32,-38,-36,700,-42,267,700,18,132,1269,69,300,1,3,3,15,3,1,1,0,0,0,5,28291,11497,40797,1954345,0,1948,147367,4809396,6935685,0,0,0,995,1000,1399,1400,7468857
MPCTASK: EXP,3,248,12404,-67,-162,712,-136,717,-70,-855,-76,3,-85,62,700,-13,315,700,-1,-18,1519,69,300,1,3,3,15,3,1,1,0,0,0,5,25620,11416,38176,1940660,0,1795,42848,4355375,6490106,0,0,0,995,1000,1399,1400,7468857
MPCTASK: EXP,3,250,12507,-81,-89,700,-101,843,-72,-583,-340,-13,-141,207,700,30,374,700,-14,-17,1108,69,300,1,3,3,15,3,1,1,0,0,0,5,25849,14569,41696,2476558,0,1982,103330,4394211,7088434,0,0,0,996,1000,1399,1400,7468857
MPCTASK: EXP,3,252,12604,-82,-22,693,-24,901,-37,-313,-513,-13,-188,381,700,78,404,700,-14,2,975,69,300,1,3,3,15,3,1,1,0,0,0,5,26547,11062,38644,1880409,0,1927,152043,4512907,6569578,0,0,0,996,1000,1399,1400,7468857
MPCTASK: EXP,3,254,12707,-75,65,693,95,908,19,65,-643,0,-209,562,700,129,430,700,-6,-2,954,69,300,1,3,3,15,3,1,1,0,0,0,5,26866,12145,39807,2064698,0,1802,38534,4567087,6767278,0,0,0,997,1000,1399,1400,7468857
MPCTASK: EXP,3,256,12801,-39,168,700,234,896,42,330,-641,4,-194,732,700,189,466,700,0,-34,918,69,300,1,3,3,15,3,1,1,0,0,0,5,23301,10572,34922,1797204,0,1795,155811,3961019,5936853,0,0,0,998,1000,1399,1400,7539534
MPCTASK: EXP,3,258,12901,-9,240,707,327,792,35,654,-452,-11,-140,875,699,204,446,699,7,145,597,69,300,1,3,3,15,3,1,1,0,0,0,5,24057,10035,34515,1705811,0,1795,23151,4089592,5867654,0,0,0,998,1000,1399,1400,7539534
MPCTASK: EXP,3,260,13006,50,319,711,427,703,11,773,-316,-50,-51,980,699,243,449,699,11,-30,1100,69,300,1,3,3,15,3,1,1,0,0,0,5,26501,12144,39441,2064469,0,1795,111678,4505115,6704915,0,0,0,998,1000,1399,1400,7539534
MPCTASK: EXP,3,262,13103,89,355,713,442,519,-7,957,28,-80,61,1043,699,223,379,699,11,122,1088,69,300,1,3,3,15,3,1,1,0,0,0,5,23720,11097,35811,1886410,0,1796,146797,4032239,6087971,0,0,0,998,1000,1399,1400,7539534
MPCTASK: EXP,3,264,13205,141,388,711,419,321,-26,958,300,-102,184,1063,699,199,316,699,5,5,1541,69,300,1,3,3,15,3,1,1,0,0,0,5,24208,12444,37242,2115423,0,53601,24165,4115240,6331339,0,0,0,998,1000,1399,1400,7539534
MPCTASK: EXP,3,266,13306,188,369,707,358,93,-32,949,528,-122,301,1040,699,176,196,699,1,95,1221,69,300,1,3,3,15,3,1,1,0,0,0,5,25753,12118,38686,2059957,0,1795,116138,4377962,6576734,0,0,0,998,1000,1399,1400,7539534
MPCTASK: EXP,3,268,13404,213,360,707,253,-60,-18,823,741,-127,396,978,699,122,124,699,3,157,694,69,300,1,3,3,15,3,1,1,0,0,0,5,25814,10120,36895,1720337,0,1802,103966,4388139,6272168,0,0,0,998,1000,1399,1400,7539534
MPCTASK: EXP,3,270,13506,229,329,706,94,-234,-14,765,852,-129,457,882,700,56,20,700,3,117,892,69,300,1,3,3,15,3,1,1,0,0,0,5,26676,11230,38642,1909056,0,2293,100880,4534811,6569117,0,0,0,998,1000,1399,1400,7539534
MPCTASK: EXP,3,272,13601,216,287,702,-77,-374,-27,659,842,-126,475,757,700,-30,-77,700,-3,173,701,69,300,1,3,3,15,3,1,1,0,0,0,5,22083,10292,33625,1749634,0,1802,24304,3753871,5716244,0,0,0,998,1000,1399,1400,7539534
MPCTASK: EXP,3,274,13704,191,238,694,-235,-491,-39,593,785,-119,446,609,700,-94,-175,700,-12,164,695,69,300,1,3,3,15,3,1,1,0,0,0,5,24915,11007,36766,1871101,0,1795,65859,4235427,6250372,0,0,0,998,1000,1399,1400,7539534
MPCTASK: EXP,3,276,13805,200,153,694,-318,-627,0,478,791,-155,372,443,700,-83,-288,700,-5,-7,1168,69,300,1,3,3,15,3,1,1,0,0,0,5,25669,11531,37799,1960182,0,1910,78415,4363627,6425910,0,0,0,997,1000,1399,1400,7539534
MPCTASK: EXP,3,278,13907,150,97,697,-465,-682,27,400,580,-74,259,264,700,-136,-352,700,-2,-32,906,69,300,1,3,3,15,3,1,1,0,0,0,5,25046,12993,39382,2208630,0,1795,142058,4257737,6694972,0,0,0,997,1000,1399,1400,7539534
MPCTASK: EXP,3,280,14006,66,48,696,-579,-711,10,299,220,51,119,77,700,-175,-399,700,-3,-28,888,69,300,1,3,3,15,3,1,1,0,0,0,5,25153,12043,39012,2047386,0,1795,285936,4275927,6632088,0,0,0,995,1000,1399,1400,7539534
MPCTASK: EXP,3,282,14104,-11,-13,697,-606,-749,20,296,-207,139,-34,-111,700,-178,-464,700,-2,-27,829,69,300,1,3,3,15,3,1,1,0,0,0,5,24675,11054,36638,1879174,0,1795,42351,4194763,6228626,0,0,0,995,1000,1399,1400,7539534
MPCTASK: EXP,3,284,14205,-57,-58,703,-542,-755,38,262,-486,175,-186,-300,700,-148,-501,700,3,14,823,69,300,1,3,3,15,3,1,1,0,0,0,5,25506,11636,37849,1978102,0,1796,97582,4335859,6434481,0,0,0,995,1000,1399,1400,7539534
MPCTASK: EXP,3,286,14304,-88,-97,713,-395,-722,37,160,-759,169,-321,-482,700,-74,-507,700,13,105,752,69,300,1,3,3,15,3,1,1,0,0,0,5,25029,10333,36437,1756600,0,1796,160606,4254939,6194417,0,0,0,996,1000,1399,1400,7539534
MPCTASK: EXP,3,288,14409,-115,-160,718,-256,-734,7,253,-807,163,-427,-653,700,-25,-564,700,18,165,657,69,300,1,3,3,15,3,1,1,0,0,0,5,27616,12994,41578,2208985,0,1962,40027,4694587,7068347,0,0,0,997,1000,1399,1400,7539534
MPCTASK: EXP,3,290,14508,-123,-222,720,-98,-741,-23,109,-911,146,-491,-811,700,43,-597,700,15,232,617,69,300,1,3,3,15,3,1,1,0,0,0,5,26299,13029,40405,2214985,0,1795,160044,4470779,6868898,0,0,0,997,1000,1399,1400,7539534
MPCTASK: EXP,3,292,14605,-126,-275,715,39,-729,-59,41,-876,127,-509,-950,700,88,-618,700,3,175,872,69,300,1,3,3,15,3,1,1,0,0,0,5,23693,11721,36410,1992524,0,1795,46790,4027719,6189907,0,0,0,998,1000,1399,1400,7539534
MPCTASK: EXP,3,294,14710,-99,-335,710,211,-705,-49,-78,-831,106,-477,-1068,700,164,-629,700,0,95,1084,69,300,1,3,3,15,3,1,1,0,0,0,5,29816,11152,41621,1895737,0,1795,87219,5068595,7075682,0,0,0,998,1000,1399,1400,7539534
MPCTASK: EXP,3,296,14807,-65,-385,706,349,-652,-34,-191,-639,93,-399,-1162,700,214,-628,700,0,104,755,69,300,1,3,3,15,3,1,1,0,0,0,5,26764,10497,37884,1784480,0,1798,23861,4549744,6440387,0,0,0,999,1000,1399,1400,7539534
MPCTASK: EXP,3,298,14907,-12,-442,703,464,-598,-18,-336,-452,94,-283,-1230,700,253,-621,700,0,15,891,69,300,1,3,3,15,3,1,1,0,0,0,5,26366,11136,38591,1892948,0,1795,91388,4482099,6560531,0,0,0,999,1000,1399,1400,7539534
MPCTASK: EXP,3,300,15013,36,-491,703,520,-516,-2,-455,-188,83,-140,-1270,700,265,-597,700,3,33,824,69,300,1,3,3,15,3,1,1,0,0,0,5,29164,11972,43987,2035206,0,1976,215464,4957871,7477931,0,0,0,999,1000,1399,1400,7539534
MPCTASK: EXP,3,302,15105,98,-526,703,543,-411,-4,-568,74,56,15,-1281,700,268,-555,700,2,-1,929,69,300,1,3,3,15,3,1,1,0,0,0,5,24293,10758,36469,1828907,0,1841,192560,4129643,6199787,0,0,0,999,1000,1399,1400,7539534
MPCTASK: EXP,3,304,15204,146,-557,705,502,-298,5,-662,325,25,169,-1263,700,247,-509,700,5,36,902,69,300,1,3,3,15,3,1,1,0,0,0,5,23691,11848,36078,2013944,0,1926,69149,4027287,6133323,0,0,0,999,1000,1399,1400,7539534
MPCTASK: EXP,3,306,15306,195,-569,707,429,-165,1,-709,587,-4,305,-1216,700,223,-446,700,7,97,763,69,300,1,3,3,15,3,1,1,0,0,0,5,25557,11660,38025,1982087,0,1977,79322,4344571,6464382,0,0,0,998,1000,1399,1400,7539534
MPCTASK: EXP,3,308,15404,223,-576,709,305,-36,-2,-746,741,-48,411,-1141,700,170,-385,700,8,183,596,69,300,1,3,3,15,3,1,1,0,0,0,5,22550,11975,34944,2035699,0,1795,48439,3833401,5940549,0,0,0,998,1000,1399,1400,7539534
MPCTASK: EXP,3,310,15506,250,-565,709,176,105,-14,-750,859,-75,475,-1041,700,112,-280,700,6,220,593,69,300,1,3,3,15,3,1,1,0,0,0,5,25884,11296,37939,1920365,0,1796,105922,4400303,6449570,0,0,0,998,1000,1399,1400,7539534
MPCTASK: EXP,3,312,15605,258,-533,706,26,256,-41,-750,874,-99,492,-917,700,55,-188,700,-1,221,612,69,300,1,3,3,15,3,1,1,0,0,0,5,24876,11356,36891,1930418,0,1796,89458,4228767,6271548,0,0,0,997,1000,1399,1400,7539534
MPCTASK: EXP,3,314,15706,246,-495,697,-137,396,-53,-674,889,-117,460,-772,700,-17,-107,700,-13,170,830,69,300,1,3,3,15,3,1,1,0,0,0,5,25561,11960,38314,2033188,0,1961,67876,4345147,6513438,0,0,0,997,1000,1399,1400,7539534
MPCTASK: EXP,3,316,15806,215,-453,690,-295,516,-28,-655,749,-134,382,-611,700,-73,-9,700,-15,140,701,69,300,1,3,3,15,3,1,1,0,0,0,5,25580,10597,37030,1801375,0,1796,123206,4348384,6295246,0,0,0,996,1000,1399,1400,7539534
MPCTASK: EXP,3,318,15906,164,-400,688,-432,623,0,-547,546,-141,265,-437,700,-121,62,700,-11,45,821,69,300,1,3,3,15,3,1,1,0,0,0,5,25112,11890,37267,2021140,0,1795,23151,4268904,6335488,0,0,0,996,1000,1399,1400,7539534
MPCTASK: EXP,3,320,16006,116,-345,686,-505,701,13,-483,299,-115,122,-254,700,-132,136,700,-13,5,885,69,300,1,3,3,15,3,1,1,0,0,0,5,26863,10389,37993,1766046,0,2094,102249,4566619,6458895,0,0,0,995,1000,1399,1400,7539534
MPCTASK: EXP,3,322,16107,52,-275,691,-546,774,45,-401,0,-80,-33,-68,700,-146,220,700,-8,22,801,69,300,1,3,3,15,3,1,1,0,0,0,5,26968,11229,39023,1908782,0,1802,66487,4584559,6634090,0,0,0,995,1000,1399,1400,7539534
MPCTASK: EXP,3,324,16210,9,-208,695,-510,812,38,-291,-250,-39,-187,117,700,-130,278,700,-4,82,596,69,300,1,3,3,15,3,1,1,0,0,0,5,28855,11670,41540,1983858,0,2232,24304,4905299,7062022,0,0,0,996,1000,1399,1400,7539534
MPCTASK: EXP,3,326,16306,-7,-132,706,-411,840,53,-195,-436,19,-324,298,700,-57,340,700,6,176,669,69,300,1,3,3,15,3,1,1,0,0,0,5,26213,10993,38096,1868896,0,1924,64506,4456247,6476442,0,0,0,997,1000,1399,1400,7539534
MPCTASK: EXP,3,328,16406,-41,-69,712,-329,835,23,-106,-515,28,-429,470,700,-27,373,700,12,126,576,69,300,1,3,3,15,3,1,1,0,0,0,5,22291,14989,38070,2548081,0,1796,74347,3789456,6472096,0,0,0,997,1000,1399,1400,7539534
MPCTASK: EXP,3,330,16510,-83,25,713,-246,862,-12,-50,-714,18,-493,627,700,5,448,700,11,105,780,69,300,1,3,3,15,3,1,1,0,0,0,5,25630,12540,40033,2103757,0,1925,265981,4356979,6805603,0,0,0,998,1000,1399,1400,7539534
MPCTASK: EXP,3,332,16605,-87,98,713,-100,833,-28,182,-785,20,-510,767,700,69,454,700,8,227,592,69,300,1,3,3,15,3,1,1,0,0,0,5,24040,10514,35439,1787245,0,1795,101551,4086680,6024804,0,0,0,998,1000,1399,1400,7539534
MPCTASK: EXP,3,334,16711,-76,150,710,53,756,-33,263,-806,31,-478,886,700,121,451,700,3,220,592,69,300,1,3,3,15,3,1,1,0,0,0,5,24785,15090,41404,2565242,0,1796,94441,4213399,7038697,0,0,0,998,1000,1399,1400,7539534
MPCTASK: EXP,3,336,16807,-70,200,707,178,672,-35,308,-715,29,-400,981,700,155,435,700,0,198,586,69,300,1,3,3,15,3,1,1,0,0,0,5,25752,11084,38036,1884056,0,1795,179600,4377751,6466186,0,0,0,999,1000,1399,1400,7539534
MPCTASK: EXP,3,338,16908,-38,247,700,306,586,-38,400,-582,29,-284,1049,700,196,415,700,-6,115,684,69,300,1,3,3,15,3,1,1,0,0,0,5,26318,10565,37883,1796027,0,72203,76679,4474003,6440251,0,0,0,999,1000,1399,1400,7539534
MPCTASK: EXP,3,340,17007,-11,286,697,379,487,-12,488,-346,34,-140,1089,700,199,384,700,-4,136,566,69,300,1,3,3,15,3,1,1,0,0,0,5,27390,9463,37851,1608516,0,1796,134402,4656227,6434708,0,0,0,999,1000,1399,1400,7539534
MPCTASK: EXP,3,342,17107,-14,354,698,359,431,15,535,-135,33,15,1101,700,127,412,700,-1,106,622,69,300,1,3,3,15,3,1,1,0,0,0,5,25115,11446,37272,1945664,0,2675,97495,4269575,6336543,0,0,0,999,1000,1399,1400,7539534
MPCTASK: EXP,3,344,17206,26,368,702,389,289,25,692,-77,60,169,1083,700,99,320,700,2,-35,866,69,300,1,3,3,15,3,1,1,0,0,0,5,26000,10061,37075,1710392,0,1795,105077,4419851,6302859,0,0,0,999,1000,1399,1400,7539534
MPCTASK: EXP,3,346,17309,81,375,708,391,153,26,684,362,26,305,1036,700,97,247,700,8,-45,944,69,300,1,3,3,15,3,1,1,0,0,0,5,24626,12870,38352,2187765,0,1802,24312,4186347,6519929,0,0,0,998,1000,1399,1400,7539534
MPCTASK: EXP,3,348,17411,113,380,713,303,26,6,756,639,2,411,961,700,60,182,700,13,99,792,69,300,1,3,3,15,3,1,1,0,0,0,5,28498,10045,39919,1707639,0,1795,124849,4844583,6786476,0,0,0,998,1000,1399,1400,7539534
MPCTASK: EXP,3,350,17508,132,358,714,175,-129,-27,773,798,-9,475,860,700,7,78,700,9,173,646,69,300,1,3,3,15,3,1,1,0,0,0,5,26307,10775,37463,1831656,0,1956,42406,4472131,6368774,0,0,0,998,1000,1399,1400,7539534
MPCTASK: EXP,3,352,17609,145,363,710,36,-222,-51,759,852,-15,492,736,700,-43,43,700,0,128,944,69,300,1,3,3,15,3,1,1,0,0,0,5,27219,10210,38451,1735645,0,1944,132805,4627159,6536741,0,0,0,998,1000,1399,1400,7539534
MPCTASK: EXP,3,354,17708,134,311,700,-123,-394,-67,747,832,8,460,592,700,-99,-81,700,-13,158,835,69,300,1,3,3,15,3,1,1,0,0,0,5,23855,12183,36636,2071090,0,1795,77575,4055315,6228254,0,0,0,998,1000,1399,1400,7539534
MPCTASK: EXP,3,356,17809,81,306,692,-308,-468,-36,665,706,118,382,430,700,-181,-112,700,-14,30,1039,69,300,1,3,3,15,3,1,1,0,0,0,5,24668,12893,37830,2191724,0,1795,23151,4193427,6431176,0,0,0,997,1000,1399,1400,7539534
MPCTASK: EXP,3,358,17911,80,251,686,-365,-598,-12,685,500,144,265,256,700,-153,-218,700,-15,177,596,69,300,1,3,3,15,3,1,1,0,0,0,5,25976,13002,39714,2210231,0,1958,66502,4415819,6751392,0,0,0,997,1000,1399,1400,7539534
MPCTASK: EXP,3,360,18008,24,173,686,-460,-730,15,550,270,199,122,74,700,-178,-318,700,-13,-40,920,69,300,1,3,3,15,3,1,1,0,0,0,5,23646,11446,36937,1945820,0,193836,58073,4019843,6279376,0,0,0,996,1000,1399,1400,7539534
MPCTASK: EXP,3,362,18108,-35,100,686,-493,-806,22,355,-73,220,-33,-112,700,-178,-390,700,-13,-30,901,69,300,1,3,3,15,3,1,1,0,0,0,5,23178,11904,36066,2023500,0,1802,35219,3940091,6131214,0,0,0,996,1000,1399,1400,7539534
MPCTASK: EXP,3,364,18210,-73,19,693,-443,-854,49,267,-345,178,-187,-298,700,-148,-471,700,-6,64,658,69,300,1,3,3,15,3,1,1,0,0,0,5,26131,10331,38523,1756151,0,1795,328160,4442180,6549038,0,0,0,996,1000,1399,1400,7539534
MPCTASK: EXP,3,366,18306,-112,-74,703,-366,-893,48,113,-552,129,-324,-479,700,-116,-550,700,3,64,710,69,300,1,3,3,15,3,1,1,0,0,0,5,23151,10003,34574,1700329,0,1795,52184,3935599,5877655,0,0,0,997,1000,1399,1400,7539534
MPCTASK: EXP,3,368,18412,-136,-162,712,-250,-893,37,-21,-712,78,-429,-650,700,-63,-611,700,12,151,611,69,300,1,3,3,15,3,1,1,0,0,0,5,26088,12883,40013,2190061,0,1795,43643,4434971,6802372,0,0,0,997,1000,1399,1400,7539534
MPCTASK: EXP,3,370,18510,-146,-251,716,-117,-880,3,-108,-776,43,-493,-808,700,-1,-665,700,16,194,594,69,300,1,3,3,15,3,1,1,0,0,0,5,24739,13113,38712,2229281,0,25397,100308,4205547,6581009,0,0,0,998,1000,1399,1400,7539534
MPCTASK: EXP,3,372,18607,-142,-325,715,25,-838,-40,-168,-800,16,-510,-948,700,50,-682,700,7,228,589,69,300,1,3,3,15,3,1,1,0,0,0,5,22622,10210,35567,1735634,0,278108,95900,3845564,6046461,0,0,0,998,1000,1399,1400,7539534
MPCTASK: EXP,3,374,18710,-128,-403,710,165,-795,-53,-299,-751,10,-478,-1067,700,115,-705,700,0,161,711,69,300,1,3,3,15,3,1,1,0,0,0,5,27216,10259,38729,1743923,0,1796,190176,4626707,6584096,0,0,0,998,1000,1399,1400,7539534
MPCTASK: EXP,3,376,18808,-95,-472,705,303,-721,-44,-420,-646,2,-400,-1162,700,174,-710,700,-3,132,684,69,300,1,3,3,15,3,1,1,0,0,0,5,22021,13518,36316,2297887,0,1796,84663,3743427,6173713,0,0,0,998,1000,1399,1400,7539534
MPCTASK: EXP,3,378,18908,-50,-532,700,417,-627,-35,-537,-473,-5,-284,-1230,700,212,-692,700,-6,77,773,69,300,1,3,3,15,3,1,1,0,0,0,5,20271,15056,36189,2559490,0,1795,50055,3446083,6152351,0,0,0,998,1000,1399,1400,7539534
MPCTASK: EXP,3,380,19010,-12,-577,698,474,-508,-18,-621,-283,-16,-140,-1270,700,219,-650,700,-5,81,786,69,300,1,3,3,15,3,1,1,0,0,0,5,25986,12882,39134,2189873,0,1795,23151,4417695,6652986,0,0,0,998,1000,1399,1400,7539534
MPCTASK: EXP,3,382,19107,44,-607,696,517,-374,-11,-666,-26,-26,15,-1281,700,227,-604,700,-6,19,988,69,300,1,3,3,15,3,1,1,0,0,0,5,24419,10528,35841,1789545,0,1795,129216,4151099,6093205,0,0,0,998,1000,1399,1400,7539534
MPCTASK: EXP,3,384,19213,87,-631,695,489,-241,-1,-718,250,-50,169,-1263,700,206,-548,700,-5,53,934,69,300,1,3,3,15,3,1,1,0,0,0,5,28005,11879,41088,2019258,0,1802,43641,4760903,6985093,0,0,0,998,1000,1399,1400,7539534
MPCTASK: EXP,3,386,19311,138,-635,700,433,-95,25,-731,502,-65,305,-1216,700,189,-468,700,0,130,663,69,300,1,3,3,15,3,1,1,0,0,0,5,25532,12272,38208,2086084,0,1795,23256,4340359,6495476,0,0,0,998,1000,1399,1400,7539534
MPCTASK: EXP,3,388,19409,171,-628,704,330,44,11,-735,664,-94,411,-1141,700,140,-393,700,4,196,612,69,300,1,3,3,15,3,1,1,0,0,0,5,22658,12975,36073,2205685,0,1926,52195,3851699,6132523,0,0,0,998,1000,1399,1400,7539534
MPCTASK: EXP,3,390,19512,191,-612,705,202,176,-16,-708,776,-125,475,-1041,700,78,-318,700,2,218,613,69,300,1,3,3,15,3,1,1,0,0,0,5,25117,11304,37800,1921528,0,1795,70056,4269855,6426055,0,0,0,998,1000,1399,1400,7539534
MPCTASK: EXP,3,392,19616,196,-582,699,56,311,-49,-711,834,-151,492,-917,700,22,-212,700,-10,214,614,69,300,1,3,3,15,3,1,1,0,0,0,5,26973,11612,40130,1974038,0,1796,81972,4585323,6822179,0,0,0,998,1000,1399,1400,7539534
MPCTASK: EXP,3,394,19710,184,-545,692,-99,439,-41,-663,803,-178,460,-772,700,-56,-139,700,-15,204,607,69,300,1,3,3,15,3,1,1,0,0,0,5,24626,9429,34984,1602814,0,1802,85676,4186363,5947326,0,0,0,997,1000,1399,1400,7539534
MPCTASK: EXP,3,396,19813,156,-498,688,-249,558,-12,-625,739,-197,382,-611,700,-106,-39,700,-13,128,701,69,300,1,3,3,15,3,1,1,0,0,0,5,25967,10461,37866,1778213,0,29992,115950,4414291,6437366,0,0,0,997,1000,1399,1400,7539534
MPCTASK: EXP,3,398,19910,118,-442,687,-370,661,3,-575,553,-214,265,-437,700,-144,49,700,-12,96,677,69,300,1,3,3,15,3,1,1,0,0,0,5,22423,10927,34600,1857506,0,1795,64142,3811848,5882121,0,0,0,996,1000,1399,1400,7539534
MPCTASK: EXP,3,400,20016,76,-371,685,-450,760,10,-494,347,-202,122,-254,700,-166,140,700,-14,48,780,69,300,1,3,3,15,3,1,1,0,0,0,5,26264,12122,39795,2060592,0,23863,153165,4464722,6765220,0,0,0,995,1000,1399,1400,7539534
MPCTASK: EXP,3,402,20114,24,-307,688,-495,817,34,-378,108,-193,-33,-68,700,-175,206,700,-11,39,762,69,300,1,3,3,15,3,1,1,0,0,0,5,26009,10900,37174,1852790,0,1795,23151,4421365,6319612,0,0,0,996,1000,1399,1400,7539534
MPCTASK: EXP,3,404,20211,-25,-231,694,-490,861,40,-300,-164,-164,-187,117,700,-170,277,700,-5,57,693,69,300,1,3,3,15,3,1,1,0,0,0,5,23802,10114,35139,1719452,0,1795,47432,4046135,5973654,0,0,0,996,1000,1399,1400,7539534
MPCTASK: EXP,3,406,20315,-66,-157,703,-433,877,47,-167,-395,-129,-324,298,700,-135,330,700,3,120,540,69,300,1,3,3,15,3,1,1,0,0,0,5,24951,11929,38096,2027762,0,1795,108369,4241603,6476424,0,0,0,997,1000,1399,1400,7539534
MPCTASK: EXP,3,408,20419,-94,-74,711,-338,889,28,-88,-582,-101,-429,470,700,-74,402,700,11,137,585,69,300,1,3,3,15,3,1,1,0,0,0,5,29208,11481,41858,1951754,0,1797,160609,4965271,7116015,0,0,0,997,1000,1399,1400,7539534
MPCTASK: EXP,3,410,20513,-116,-4,713,-226,864,-9,14,-690,-89,-493,627,700,-39,400,700,11,196,594,69,300,1,3,3,15,3,1,1,0,0,0,5,21344,12568,36525,2136452,0,1977,35722,3628503,6209386,0,0,0,998,1000,1399,1400,7539534
MPCTASK: EXP,3,412,20614,-116,78,713,-79,856,-26,63,-762,-70,-510,767,700,44,464,700,7,140,740,69,300,1,3,3,15,3,1,1,0,0,0,5,27176,9971,38013,1695036,0,1795,55876,4619835,6462312,0,0,0,998,1000,1399,1400,7539534
MPCTASK: EXP,3,414,20714,-114,134,709,53,788,-39,200,-747,-52,-478,886,700,83,446,700,1,231,609,69,300,1,3,3,15,3,1,1,0,0,0,5,25783,10624,37237,1805973,0,1955,118073,4383087,6330315,0,0,0,998,1000,1399,1400,7539534
MPCTASK: EXP,3,416,20816,-86,215,704,205,758,-39,256,-721,-48,-400,981,700,139,481,700,-3,53,1020,69,300,1,3,3,15,3,1,1,0,0,0,5,26696,11905,39085,2023787,0,1796,23157,4538207,6644489,0,0,0,999,1000,1399,1400,7539534
MPCTASK: EXP,3,418,20916,-60,276,701,314,676,-26,474,-518,-36,-283,1049,700,162,467,700,-3,130,592,69,300,1,3,3,15,3,1,1,0,0,0,5,27133,12105,40073,2057622,0,1795,119202,4612531,6812550,0,0,0,999,1000,1399,1400,7539534
MPCTASK: EXP,3,420,21010,-14,310,698,406,545,-19,550,-330,-24,-140,1089,700,195,413,700,-4,90,713,69,300,1,3,3,15,3,1,1,0,0,0,5,24766,8533,33824,1450553,0,1795,66890,4210049,5750151,0,0,0,999,1000,1399,1400,7539534
MPCTASK: EXP,3,422,21116,20,325,699,429,394,-2,616,-49,7,15,1101,700,179,349,700,-1,112,666,69,300,1,3,3,15,3,1,1,0,0,0,5,26236,11192,38684,1902430,0,2199,24420,4459915,6576298,0,0,0,999,1000,1399,1400,7539534
MPCTASK: EXP,3,424,21215,59,341,696,417,261,-12,613,187,36,169,1083,700,155,285,700,-6,56,852,69,300,1,3,3,15,3,1,1,0,0,0,5,24638,12496,38331,2124239,0,1795,92779,4188392,6516475,0,0,0,999,1000,1399,1400,7539534
MPCTASK: EXP,3,426,21314,94,332,701,359,112,17,636,437,61,305,1036,700,115,193,700,1,68,779,69,300,1,3,3,15,3,1,1,0,0,0,5,26485,10133,37801,1722466,0,2350,165844,4502291,6426204,0,0,0,999,1000,1399,1400,7539534
MPCTASK: EXP,3,428,21416,128,321,704,275,-17,9,633,619,76,410,962,700,82,130,700,4,114,654,69,300,1,3,3,15,3,1,1,0,0,0,5,28439,10412,39447,1770031,0,1907,77874,4834576,6706071,0,0,0,998,1000,1399,1400,7539534
MPCTASK: EXP,3,430,21515,142,301,704,150,-147,-21,640,746,91,474,861,700,16,26,700,0,210,604,69,300,1,3,3,15,3,1,1,0,0,0,5,24373,11343,37089,1928298,0,1796,98492,4143412,6305135,0,0,0,998,1000,1399,1400,7539534
MPCTASK: EXP,3,432,21618,143,268,699,10,-279,-34,653,781,113,491,738,700,-35,-46,700,-7,219,601,69,300,1,3,3,15,3,1,1,0,0,0,5,24064,13659,40480,2321939,0,1795,297175,4090819,6881623,0,0,0,998,1000,1399,1400,7539534
MPCTASK: EXP,3,434,21712,135,232,695,-127,-396,-32,596,766,129,458,594,700,-96,-142,700,-11,178,620,69,300,1,3,3,15,3,1,1,0,0,0,5,23854,9786,35139,1663524,0,1796,97276,4055115,5973829,0,0,0,998,1000,1399,1400,7539534
MPCTASK: EXP,3,436,21813,97,182,690,-280,-515,-19,600,676,173,380,433,700,-159,-237,700,-12,94,773,69,300,1,3,3,15,3,1,1,0,0,0,5,24084,11439,36175,1944663,0,1803,23472,4094251,6149768,0,0,0,998,1000,1399,1400,7539534
MPCTASK: EXP,3,438,21915,62,138,688,-382,-603,1,547,483,219,263,259,700,-184,-306,700,-11,77,724,69,300,1,3,3,15,3,1,1,0,0,0,5,24543,11433,36816,1943595,0,1797,23830,4172303,6259006,0,0,0,997,1000,1399,1400,7539534
MPCTASK: EXP,3,440,22015,8,101,688,-459,-658,13,484,231,258,121,75,700,-207,-359,700,-11,26,837,69,300,1,3,3,15,3,1,1,0,0,0,5,27628,9624,38004,1635989,0,1795,86616,4696751,6460823,0,0,0,996,1000,1399,1400,7539534
MPCTASK: EXP,3,442,22117,-37,37,691,-474,-736,22,492,-22,233,-33,-112,700,-197,-445,700,-8,71,692,69,300,1,3,3,15,3,1,1,0,0,0,5,27602,10628,39863,1806590,0,1802,162852,4692327,6776917,0,0,0,995,1000,1399,1400,7539534
MPCTASK: EXP,3,444,22216,-81,-38,694,-447,-806,28,327,-253,193,-185,-301,700,-182,-514,700,-5,81,612,69,300,1,3,3,15,3,1,1,0,0,0,5,26123,12326,39133,2095371,0,1921,43169,4440771,6652790,0,0,0,996,1000,1399,1400,7539534
MPCTASK: EXP,3,446,22317,-113,-114,696,-381,-847,29,210,-459,154,-318,-486,700,-145,-567,700,-3,137,559,69,300,1,3,3,15,3,1,1,0,0,0,5,26320,12286,39483,2088526,0,1980,100608,4474243,6712152,0,0,0,996,1000,1399,1400,7539534
MPCTASK: EXP,3,448,22415,-148,-202,701,-292,-874,31,26,-613,117,-420,-661,700,-112,-616,700,1,62,765,69,300,1,3,3,15,3,1,1,0,0,0,5,25359,11030,36958,1875031,0,1795,74587,4310973,6282989,0,0,0,997,1000,1399,1400,7539534
MPCTASK: EXP,3,450,22516,-163,-270,706,-167,-836,16,-135,-731,80,-480,-823,700,-65,-631,700,6,179,598,69,300,1,3,3,15,3,1,1,0,0,0,5,24577,12060,37271,2050157,0,1911,84718,4178044,6336048,0,0,0,998,1000,1399,1400,7539534
MPCTASK: EXP,3,452,22615,-164,-342,709,-30,-785,0,-271,-743,51,-494,-967,700,-9,-632,700,9,198,597,69,300,1,3,3,15,3,1,1,0,0,0,5,24419,12169,37354,2068739,0,1802,106795,4151173,6350264,0,0,0,998,1000,1399,1400,7539534
MPCTASK: EXP,3,454,22716,-153,-404,708,101,-709,-24,-412,-691,34,-462,-1087,700,22,-623,700,3,137,671,69,300,1,3,3,15,3,1,1,0,0,0,5,25764,10671,37625,1813901,0,1795,150279,4379847,6396319,0,0,0,998,1000,1399,1400,7539534
MPCTASK: EXP,3,456,22813,-130,-459,706,220,-610,-35,-552,-560,22,-387,-1178,699,64,-586,699,0,120,644,69,300,1,3,3,15,3,1,1,0,0,0,5,22542,9530,32900,1620039,0,1796,117770,3832063,5831557,0,0,0,998,1000,1399,1400,7539534
MPCTASK: EXP,3,458,22917,-102,-503,700,305,-487,-44,-675,-364,9,-280,-1235,699,72,-543,699,-8,109,789,69,300,1,3,3,15,3,1,1,0,0,0,5,23770,12429,38849,2112953,0,1796,131455,4040803,6604396,0,0,0,998,1000,1399,1400,7539534
MPCTASK: EXP,3,460,23017,-57,-524,699,370,-328,-19,-764,-145,-12,-154,-1255,699,91,-462,699,-4,43,1060,69,300,1,3,3,15,3,1,1,0,0,0,5,26640,11168,38510,1898410,0,1796,48150,4528791,6546783,0,0,0,999,1000,1399,1400,7539534
MPCTASK: EXP,3,462,23116,-24,-536,698,368,-171,-4,-822,97,-35,-26,-1234,699,86,-413,699,-1,98,926,69,300,1,3,3,15,3,1,1,0,0,0,5,24891,11974,37394,2035433,0,1795,66036,4231483,6357040,0,0,0,998,1000,1399,1400,7539534
MPCTASK: EXP,3,464,23216,6,-538,699,331,-19,-5,-801,292,-68,88,-1170,699,89,-361,699,-2,149,711,69,300,1,3,3,15,3,1,1,0,0,0,5,25172,11184,37298,1901197,0,1928,136949,4279220,6340702,0,0,0,998,1000,1399,1400,7539534
MPCTASK: EXP,3,466,23314,27,-520,697,261,134,-13,-735,394,-109,176,-1066,699,55,-290,699,-5,160,633,69,300,1,3,3,15,3,1,1,0,0,0,5,24366,10744,35379,1826359,0,1795,23151,4142239,6014567,0,0,0,998,1000,1399,1400,7539534
MPCTASK: EXP,3,468,23416,42,-495,693,184,261,-22,-592,401,-139,226,-927,700,61,-285,700,-11,164,580,69,300,1,3,3,15,3,1,1,0,0,0,5,24432,11586,36707,1969477,0,1795,95159,4153367,6240524,0,0,0,998,1000,1399,1400,7539534
MPCTASK: EXP,3,470,23516,54,-459,692,109,363,-7,-421,420,-145,235,-760,700,50,-269,700,-9,16,879,69,300,1,3,3,15,3,1,1,0,0,0,5,25761,11042,37801,1877138,0,1979,146671,4379227,6426326,0,0,0,997,1000,1399,1400,7539534
MPCTASK: EXP,3,472,23617,59,-407,691,43,433,8,-113,301,-144,206,-582,700,71,-254,700,-8,3,908,69,300,1,3,3,15,3,1,1,0,0,0,5,22447,15913,38866,2705098,0,1795,23151,3815759,6607292,0,0,0,997,1000,1399,1400,7539534
MPCTASK: EXP,3,474,23716,50,-371,694,-13,416,21,197,138,-138,151,-408,700,63,-256,700,-5,42,791,69,300,1,3,3,15,3,1,1,0,0,0,5,24342,12178,37515,2070307,0,1802,98305,4138120,6377563,0,0,0,996,1000,1399,1400,7539534
MPCTASK: EXP,3,476,23817,39,-339,696,-35,356,20,377,-52,-118,86,-261,700,41,-231,700,-3,113,550,69,300,1,3,3,15,3,1,1,0,0,0,5,25615,10638,37752,1808270,0,1921,230813,4354495,6440142,0,0,0,995,1000,1399,1400,7539534
MPCTASK: EXP,3,478,23914,26,-314,699,-33,276,9,406,-142,-99,30,-156,700,19,-210,700,0,196,748,69,300,1,3,3,15,3,1,1,0,0,0,5,24075,10429,35420,1772838,0,1802,23462,4092683,6021523,0,0,0,995,1000,1399,1400,7539534
MPCTASK: EXP,3,480,24016,21,-300,700,-15,197,1,308,-127,-84,-1,-102,700,4,-225,700,0,142,525,69,300,1,3,3,15,3,1,1,0,0,0,5,22096,13187,37275,2241712,0,2231,275490,3756216,6336856,0,0,0,995,1000,1399,1400,7539534
MPCTASK: EXP,3,482,24111,22,-298,700,4,134,-2,154,-43,-71,-9,-90,700,29,-254,700,0,152,524,69,300,1,3,3,15,3,1,1,0,0,0,5,22344,10059,33140,1709936,0,1976,65274,3798415,5633838,0,0,0,995,1000,1399,1400,7539534
MPCTASK: TRAJ DONE: idx=482, max=482; requesting landing
MPCTASK: LANDING: start z=0.69, hold=(0.02,-0.30)
MPCTASK: TIMING SUMMARY: max_step_cycles=7539534 deadline_cycles=8400000 overruns=0
MPCTASK: LANDING COMPLETE: t=29178 ms, x=0.008, y=-0.330, z=-0.005, vz=-0.090; motors off
SUP: Disarming
