SYS: Crazyflie 2.1 Brushless is up and running!
SYS: Build 2:de14ff9f08ae (2025.09.1 +2) MODIFIED
SYS: I am 0x373930393434471500370039 and I have 1024KB of flash!
CFGBLK: v1, verification [OK]
DECK_DISCOVERY: Backend found: onewire
DECK_DISCOVERY: Backend found: deckctrl
DECK_CORE: 1 deck(s) found
DECK_CORE: Calling INIT on driver bcFlow2 for deck 0
ZR2: Z-down sensor [OK]
PMW: Motion chip id: 0x49:0xB6
IMU: BMI088: Using I2C interface.
IMU: BMI088 Gyro connection [OK].
IMU: BMI088 Accel connection [OK]
IMU: BMP390 I2C connection [OK]
ESTIMATOR: Using Kalman (2) estimator
CONTROLLER: Using PID (1) controller
MTR-DRV: Using brushless motor driver
SYS: About to run tests in system.c.
SYS: NRF51 version: 2026.04 (C21B)
EEPROM: I2C connection [OK].
STORAGE: Storage check [OK].
IMU: BMI088 gyro self-test [OK]
DECK_CORE: Deck 0 test [OK].
SYS: Self test passed!
STAB: Wait for sensor calibration...
SYS: Free heap: 15048 bytes
MPCTASK: Waiting for activation ...
STAB: Starting stabilizer loop
STAB: WARNING: stabilizer loop rate is off (1004)
SUP: Ready to fly
MPCTASK: Benchmark mode 3, maneuver 4, max_iter 5, task_pri 0
MPCTASK: Reference altitude: 0.70 m; barrier skip when z>0.75 and vz>-0.20
MPCTASK: OOT takeoff: cfclient trigger>=0.15m ramp=0.15m/s forced_trajectory_start=3000ms timeout=12000ms
MPCTASK: Common baseline: mpc_hz=20 model_hz=20 rho=5 base_w=0 base_qz=1 Qz=100 R=4 bridge=x10 guards=z[ref,ref+0.20] xy=free cap=0.05
MPCTASK: MPC->PID: xyz=x10, z_guard=[ref,ref+0.20], yaw=raw_rz, output_hold=200ms, safety_hold=500ms
MPCTASK: Reference origin: xy=forced_3s_start z=0.70 m
MPCTASK: LIMO adaptive: cache=16x4 evals=1 timing=bar/rl/cache_cycles
MPCTASK: EXP every=2: m,s,tms,p3[mm],v3[mmps],att3[cdeg],ref3[mm],cmd3[mm],h/raw/grad/mar/thr[milli],act/ac/bind,wi/qi/cache/noa,pa/pf/du[milli],it,mpc/eval/total[us],bar/tanh/rl/cache/solve/step[cycles],overruns,post_active/post_infeasible_totals,wreq/w/qzreq/qz[milli],max_step_cycles
MPCTASK: Figure8: source=traj_fig8_12.h source_hz=100 samples=1205 laps=2 duration=24.07 s origin=forced_3s_start z_offset=0.09 m
CONTROLLER: Using OutOfTree (6) controller
MPCTASK: Trajectory origin: x=-0.0 y=0.01
MPCTASK: OOT activated at z=0.01
MPCTASK: TAKEOFF START: trigger_z=0.15 start_z=0.01 target=0.70 hold=(-0.0,-0.01) ramp=0.15m/s
MPCTASK: OOT loop 1 done
MPCTASK: MPC task loop 1
MPCTASK: MPCTASK: OOT loop 2 done
x0: pos=(-0.0,-0.01,0MPCTASK: OOT loop 3 done
.01) vel=(0.01,-0.03,-0.01)
MPCTASK: ref: (-0.0,-0.01,0.01)
MPCTASK: SAFE TV mode=3: h=0.0 raw=0.0 grad=0.0 margin=0.0 thr=0.0 active0=0 active_count=0 eval=9859 us
MPCTASK: MPC solve start
MPCTASK: MPC solve done, iter=5
MPCTASK: MPC time=28298 us
MPCTASK: MPC stack free=923 words
MPCTASK: setpoint: x=-0.0 y=-0.01 z=0.07 preview_z=0.07
MPCTASK: MPC task loop 2
MPCTASK: MPC task loop 3
MPCTASK: Cache level changed: 0 -> 1
MPCTASK: TAKEOFF COMPLETE: t=3000ms z=0.37 vz=0.21; trajectory queued origin=(-0.08,0.01)
MPCTASK: TRAJ START: z=0.37 origin=(-0.08,0.01) EXP clock reset
MPCTASK: EXP,3,2,84,-70,0,389,71,-167,217,-11,-89,-407,-80,19,700,-72,169,700,-310,-45,919,69,300,1,3,3,15,3,1,1,0,0,0,5,21713,10499,33002,1784801,0,2093,75862,3691193,5610296,0,0,0,992,1000,1399,1400,5828287
MPCTASK: EXP,3,4,185,-63,-18,419,74,-113,437,-651,183,-423,-91,38,700,-55,237,700,-280,160,892,69,300,1,3,3,15,3,1,1,0,0,0,5,23101,10353,34087,1759969,0,1763,23296,3926993,5794998,0,0,0,994,1000,1399,1400,5929641
MPCTASK: EXP,3,6,284,-71,-21,479,0,87,658,-1197,340,-430,-126,105,700,-31,283,700,-220,68,1909,69,300,1,3,3,15,3,1,1,0,0,0,5,23711,9959,33938,1692991,0,1762,23128,4030781,5769578,0,0,0,995,1000,1399,1400,6104930
MPCTASK: EXP,3,8,381,-101,3,550,-94,305,629,-1192,276,-536,-179,224,700,-46,348,700,-149,-7,1689,69,300,1,3,3,15,3,1,1,0,0,0,5,19423,11000,30942,1869946,0,1762,63826,3301729,5260207,0,0,0,996,1000,1399,1400,6104930
MPCTASK: EXP,3,10,484,-136,62,604,-144,503,478,-973,-65,-633,-234,383,700,-54,425,700,-95,-14,1232,69,300,1,3,3,15,3,1,1,0,0,0,5,21966,10264,32885,1744906,0,2632,23442,3734126,5590489,0,0,0,996,1000,1399,1400,6104930
MPCTASK: EXP,3,12,581,-159,121,640,-116,636,349,-703,-371,-639,-272,562,700,-34,467,700,-59,-33,779,69,300,1,3,3,15,3,1,1,0,0,0,5,19544,10013,30098,1702175,0,1762,46709,3322309,5116868,0,0,0,996,1000,1399,1400,6104930
MPCTASK: EXP,3,14,684,-190,197,671,-63,728,302,-335,-660,-618,-279,741,700,-26,504,700,-28,-27,710,69,300,1,3,3,15,3,1,1,0,0,0,5,22420,9212,33362,1565863,0,1762,271924,3811422,5671645,0,0,0,997,1000,1399,1400,6104930
MPCTASK: EXP,3,16,784,-175,241,699,91,690,258,87,-890,-537,-248,902,700,24,482,700,0,33,1009,69,300,1,3,3,15,3,1,1,0,0,0,5,21142,11312,33513,1922877,0,1762,156200,3594070,5697264,0,0,0,997,1000,1399,1400,6104930
MPCTASK: EXP,3,18,884,-165,306,724,215,646,198,250,-730,-478,-179,1030,699,34,489,699,24,23,821,69,300,1,3,3,15,3,1,1,0,0,0,5,21670,10528,32858,1789647,0,1762,46900,3683846,5586033,0,0,0,997,1000,1399,1400,6104930
MPCTASK: EXP,3,20,984,-142,372,739,302,593,129,419,-471,-413,-79,1119,699,32,502,699,39,62,649,69,300,1,3,3,15,3,1,1,0,0,0,5,23082,9561,33940,1625263,0,1762,136396,3923825,5769821,0,0,0,996,1000,1399,1400,6143914
MPCTASK: EXP,3,22,1083,-112,423,751,352,496,101,631,-213,-338,39,1165,699,12,463,699,51,31,760,69,300,0,2,2,15,3,1,1,0,0,0,5,23692,8631,33166,1467137,0,1762,121600,4027633,5638444,0,0,0,996,1000,1399,1400,6143914
MPCTASK: EXP,3,24,1183,-83,470,761,345,382,74,791,140,-277,161,1167,699,-39,425,699,61,-15,931,69,300,0,1,1,15,3,1,1,0,0,0,5,19999,12095,32616,2056005,0,1938,66512,3399742,5544679,0,0,0,995,1000,1399,1400,6143914
MPCTASK: EXP,3,26,1282,-55,481,771,285,215,56,882,469,-222,271,1128,699,-87,349,699,71,113,825,69,300,0,1,1,15,3,1,1,0,0,0,5,21583,9954,32159,1692180,0,1762,84785,3668933,5467149,0,0,0,994,1000,1399,1400,6143914
MPCTASK: EXP,3,28,1380,-35,481,781,177,51,39,904,748,-181,354,1052,700,-149,270,700,81,145,755,69,300,0,1,1,15,3,1,1,0,0,0,5,18985,9853,29095,1674916,0,1762,23128,3227254,4946378,0,0,0,992,1000,1399,1400,6143914
MPCTASK: EXP,3,30,1484,-34,456,779,26,-120,-15,822,877,-134,398,944,700,-216,175,700,76,209,619,69,300,0,2,2,15,3,1,1,0,0,0,5,23919,9074,33946,1542461,0,2019,44257,4066058,5770997,0,0,0,991,1000,1399,1400,6143914
MPCTASK: EXP,3,32,1582,-59,428,774,-158,-270,-24,784,906,-86,397,809,700,-304,85,700,69,164,820,69,300,0,2,2,15,3,1,1,0,0,0,5,20060,11275,32303,1916574,0,66090,78179,3409993,5491578,0,0,0,991,1000,1399,1400,6819185
MPCTASK: EXP,3,34,1685,-114,421,768,-346,-372,-17,752,746,-26,350,653,700,-392,34,700,64,50,930,69,300,0,2,2,15,3,1,1,0,0,0,5,23531,9382,33693,1594933,0,1763,110885,4000218,5727877,0,0,0,990,1000,1399,1400,6819185
MPCTASK: EXP,3,36,1781,-183,388,764,-493,-498,5,753,501,0,259,481,700,-468,-51,700,64,61,885,69,300,0,2,2,15,3,1,1,0,0,0,5,19579,9207,29573,1565181,0,1762,111967,3328329,5027349,0,0,0,989,1000,1399,1400,6819185
MPCTASK: EXP,3,38,1883,-246,349,763,-571,-606,23,681,216,6,134,299,700,-500,-125,700,63,49,819,69,300,0,2,2,15,3,1,1,0,0,0,5,23422,8084,31980,1374258,0,1762,23128,3981581,5436756,0,0,0,988,1000,1399,1400,6819185
MPCTASK: EXP,3,40,1989,-275,280,765,-555,-725,41,640,-64,-42,-12,110,700,-447,-220,700,65,70,729,69,300,0,1,1,15,3,1,1,0,0,0,5,24397,12282,37703,2087700,0,1762,136802,4147321,6409507,0,0,0,986,1000,1399,1400,6819185
MPCTASK: EXP,3,42,2085,-328,180,773,-525,-852,63,461,-291,-97,-167,-78,700,-428,-336,700,73,43,696,69,300,0,1,1,15,3,1,1,0,0,0,5,20942,10607,32553,1803116,0,1762,107389,3560114,5534016,0,0,0,984,1000,1399,1400,6819185
MPCTASK: EXP,3,44,2184,-343,46,781,-423,-965,58,190,-538,-230,-314,-265,700,-349,-456,700,81,-12,709,69,300,0,1,1,15,3,1,1,0,0,0,5,21559,9343,31525,1588307,0,1763,84978,3664938,5359322,0,0,0,982,1000,1399,1400,6819185
MPCTASK: EXP,3,46,2287,-376,-19,787,-317,-946,25,-66,-687,-393,-439,-443,700,-307,-483,700,87,57,793,69,300,0,2,2,15,3,1,1,0,0,0,5,24116,10362,35157,1761542,0,1763,93039,4099637,5976764,0,0,0,983,1000,1399,1400,6819185
MPCTASK: EXP,3,48,2385,-353,11,796,-137,-789,19,-107,-789,-649,-529,-609,700,-195,-398,700,96,-20,864,69,300,0,2,2,15,3,1,1,0,0,0,5,22716,9941,32924,1689916,0,1762,23128,3861621,5597199,0,0,0,986,1000,1399,1400,6819185
MPCTASK: EXP,3,50,2486,-379,-11,797,-22,-751,-9,142,-906,-968,-576,-760,700,-161,-405,700,96,-45,1159,69,300,0,2,2,15,3,1,1,0,0,0,5,20364,10979,31752,1866254,0,1762,23977,3461886,5397871,0,0,0,988,1000,1399,1400,6819185
MPCTASK: EXP,3,52,2586,-391,-80,803,114,-811,21,275,-1054,-1324,-573,-891,700,-117,-478,700,103,-34,1426,69,300,0,2,2,15,3,1,1,0,0,0,5,22887,9401,32918,1598142,0,1763,84943,3890825,5596019,0,0,0,990,1000,1399,1400,6819185
MPCTASK: EXP,3,54,2687,-383,-169,807,281,-914,20,267,-1300,-1599,-522,-1000,700,-45,-572,700,107,-5,2059,69,300,0,1,1,15,3,1,1,0,0,0,5,24046,9546,34154,1622744,0,2080,73195,4087729,5806369,0,0,0,991,1000,1399,1400,6819185
MPCTASK: EXP,3,56,2787,-373,-257,813,458,-1005,24,93,-1334,-1818,-428,-1084,700,4,-643,700,113,57,2056,69,300,0,1,1,15,3,1,1,0,0,0,5,23076,10169,34098,1728697,0,1762,73322,3922821,5796671,0,0,0,990,1000,1399,1400,6819185
MPCTASK: EXP,3,58,2890,-377,-286,813,591,-982,-22,-242,-1073,-1846,-300,-1141,700,-10,-589,700,108,236,2087,69,300,0,2,2,15,3,1,1,0,0,0,5,23772,11250,35748,1912432,0,1762,23438,4041110,6077212,0,0,0,990,1000,1399,1400,6819185
MPCTASK: EXP,3,60,2990,-309,-423,802,737,-984,-121,-897,-387,-1616,-150,-1170,700,6,-617,700,78,335,2015,69,300,0,2,2,15,3,1,1,0,0,0,5,26450,8596,35996,1461148,0,1762,121517,4496481,6119456,0,0,0,992,1000,1399,1400,6819185
MPCTASK: EXP,3,62,3086,-276,-494,784,733,-766,-166,-1457,522,-1233,6,-1169,700,-72,-527,700,51,63,2189,69,300,0,2,2,15,3,1,1,0,0,0,5,22817,9908,32991,1684268,0,1762,23128,3878661,5608588,0,0,0,994,1000,1399,1400,6819185
MPCTASK: EXP,3,64,3181,-237,-553,783,624,-463,-119,-1768,921,-720,155,-1139,700,-141,-430,700,59,-205,2231,69,300,0,2,2,15,3,1,1,0,0,0,5,17680,9356,28208,1590342,0,2191,105724,3005549,4795538,0,0,0,995,1000,1399,1400,6819185
MPCTASK: EXP,3,66,3287,-229,-571,777,429,-117,-122,-1862,1033,-210,280,-1081,700,-232,-301,700,52,-316,2243,69,300,0,1,1,15,3,1,1,0,0,0,5,23009,9527,33188,1619435,0,2272,87658,3911549,5642076,0,0,0,995,1000,1399,1400,6819185
MPCTASK: EXP,3,68,3385,-238,-547,761,206,228,-165,-1777,1072,193,370,-995,700,-341,-158,700,28,-301,2275,69,300,0,2,2,15,3,1,1,0,0,0,5,21419,10170,32026,1728769,0,1762,51361,3641213,5444612,0,0,0,996,1000,1399,1400,6819185
MPCTASK: EXP,3,70,3485,-269,-497,745,-32,535,-130,-1421,870,470,416,-885,700,-438,-25,700,19,-143,2126,69,300,1,3,3,15,3,1,1,0,0,0,5,22009,9568,32029,1626518,0,1793,54218,3741461,5445153,0,0,0,997,1000,1399,1400,6819185
MPCTASK: EXP,3,72,3585,-346,-430,728,-281,775,-70,-1143,779,638,414,-752,700,-579,109,700,14,-94,2045,69,300,1,3,3,15,3,1,1,0,0,0,5,21280,10205,32180,1734855,0,1762,23439,3617541,5470642,0,0,0,997,1000,1399,1400,6819185
MPCTASK: EXP,3,74,3688,-456,-330,720,-495,965,-23,-760,480,577,362,-601,700,-699,235,700,16,7,933,69,300,1,3,3,15,3,1,1,0,0,0,5,22583,10617,34495,1804770,0,1848,119780,3838977,5864208,0,0,0,997,1000,1399,1400,6819185
MPCTASK: EXP,3,76,3786,-493,-202,718,-545,1090,27,-306,58,452,268,-434,700,-678,348,700,18,137,579,69,300,1,3,3,15,3,1,1,0,0,0,5,22986,9126,32529,1551352,0,1762,35314,3907562,5530024,0,0,0,997,1000,1399,1400,6819185
MPCTASK: EXP,3,78,3886,-571,-130,730,-532,1058,134,163,-577,333,139,-256,700,-639,371,700,30,64,635,69,300,1,3,3,15,3,1,1,0,0,0,5,18004,13261,32944,2254245,0,1762,262970,3060557,5600632,0,0,0,997,1000,1399,1400,6819185
MPCTASK: EXP,3,80,3990,-645,-59,759,-433,979,174,291,-948,243,-10,-71,700,-643,425,700,59,114,871,69,300,0,2,2,15,3,1,1,0,0,0,5,23256,12210,36456,2075647,0,1762,87898,3953485,6197678,0,0,0,996,1000,1399,1400,6819185
MPCTASK: EXP,3,82,4089,-706,10,775,-311,918,77,124,-1013,162,-167,115,700,-617,480,700,75,100,1096,69,300,0,1,1,15,3,1,1,0,0,0,5,23121,11647,35542,1979942,0,1762,40861,3930473,6042201,0,0,0,994,1000,1399,1400,6819185
MPCTASK: EXP,3,84,4185,-730,71,773,-153,876,-38,11,-1036,111,-316,299,700,-549,520,700,65,220,938,69,300,0,1,1,15,3,1,1,0,0,0,5,20518,10526,31981,1789379,0,1762,24280,3487877,5436860,0,0,0,992,1000,1399,1400,6819185
MPCTASK: EXP,3,86,4290,-741,131,763,22,845,-76,-3,-1089,79,-441,477,700,-468,554,700,47,227,1256,69,300,0,2,2,15,3,1,1,0,0,0,5,25610,10317,36285,1753820,0,2667,23439,4353654,6168589,0,0,0,993,1000,1399,1400,6819185
MPCTASK: EXP,3,88,4386,-723,195,750,224,819,-68,33,-1062,58,-532,643,700,-368,584,700,36,167,1420,69,300,0,2,2,15,3,1,1,0,0,0,5,22876,9996,33136,1699144,0,1762,23128,3888837,5633161,0,0,0,994,1000,1399,1400,6819185
MPCTASK: EXP,3,90,4487,-687,248,744,403,782,-22,115,-970,49,-577,794,700,-271,597,700,39,146,1062,69,300,1,3,3,15,3,1,1,0,0,0,5,21974,11141,33935,1893906,0,1762,92480,3735457,5768989,0,0,0,995,1000,1399,1400,6819185
MPCTASK: EXP,3,92,4585,-619,306,740,593,716,-1,227,-732,49,-575,926,700,-168,593,700,40,68,880,69,300,1,3,3,15,3,1,1,0,0,0,5,21031,9501,31054,1615090,0,1762,66166,3575286,5279189,0,0,0,995,1000,1399,1400,6819185
MPCTASK: EXP,3,94,4689,-554,353,737,705,647,9,271,-508,59,-523,1036,700,-102,590,700,37,55,746,69,300,1,3,3,15,3,1,1,0,0,0,5,22863,11612,35042,1974019,0,1880,74046,3886631,5957338,0,0,0,996,1000,1399,1400,6819185
MPCTASK: EXP,3,96,4786,-464,385,739,799,552,32,380,-310,57,-429,1120,700,-20,559,700,39,109,554,69,300,1,3,3,15,3,1,1,0,0,0,5,20867,11182,33057,1900820,0,1762,91798,3547293,5619750,0,0,0,996,1000,1399,1400,6819185
MPCTASK: EXP,3,98,4890,-388,411,745,832,461,42,404,-65,37,-300,1177,700,14,513,700,45,111,556,69,300,1,3,3,15,3,1,1,0,0,0,5,24341,11036,36210,1876060,0,2189,24280,4138025,6155909,0,0,0,997,1000,1399,1400,6819185
MPCTASK: EXP,3,100,4992,-288,440,752,832,357,38,492,222,-3,-150,1206,700,40,477,700,52,43,729,69,300,0,2,2,15,3,1,1,0,0,0,5,25032,9524,35982,1618989,0,1762,220658,4255363,6117065,0,0,0,997,1000,1399,1400,6819185
MPCTASK: EXP,3,102,5090,-207,477,757,776,277,22,575,470,-60,6,1206,700,15,445,700,57,81,688,69,300,0,1,1,15,3,1,1,0,0,0,5,23108,10544,34331,1792331,0,1791,23134,3928314,5836492,0,0,0,997,1000,1399,1400,6819185
MPCTASK: EXP,3,104,5188,-138,479,762,672,145,19,658,715,-123,155,1176,700,-11,365,700,62,93,753,69,300,0,1,1,15,3,1,1,0,0,0,5,22158,10468,33255,1779484,0,1762,24286,3766781,5653414,0,0,0,996,1000,1399,1400,6819185
MPCTASK: EXP,3,106,5290,-91,481,763,512,26,-5,685,927,-182,281,1118,700,-68,304,700,62,198,699,69,300,0,1,1,15,3,1,1,0,0,0,5,23499,9986,34429,1697569,0,1762,116118,3994681,5853048,0,0,0,996,1000,1399,1400,6819185
MPCTASK: EXP,3,108,5388,-52,474,759,338,-94,-37,723,1025,-219,371,1032,700,-120,229,700,51,233,809,69,300,0,1,1,15,3,1,1,0,0,0,5,19581,12885,32724,2190292,0,1762,23128,3328713,5563201,0,0,0,996,1000,1399,1400,6819185
MPCTASK: EXP,3,110,5487,0,479,755,191,-183,-40,721,1039,-233,417,922,700,-147,180,700,47,90,1512,69,300,0,1,1,15,3,1,1,0,0,0,5,21464,10040,31894,1706771,0,1762,45037,3648777,5422049,0,0,0,996,1000,1399,1400,6819185
MPCTASK: EXP,3,112,5590,20,422,752,29,-349,-32,829,1111,-255,414,789,700,-184,54,700,46,64,1768,69,300,0,2,2,15,3,1,1,0,0,0,5,23943,9974,34434,1695577,0,1762,65381,4070105,5853777,0,0,0,996,1000,1399,1400,6819185
MPCTASK: EXP,3,114,5691,14,344,746,-181,-531,-43,685,1003,-235,363,638,700,-237,-77,700,37,-40,1733,69,300,1,3,3,15,3,1,1,0,0,0,5,21219,11857,33844,2015626,0,1912,108110,3607114,5753572,0,0,0,995,1000,1399,1400,6819185
MPCTASK: EXP,3,116,5786,32,315,740,-293,-588,-36,523,943,-206,268,471,700,-237,-123,700,33,191,835,69,300,1,3,1,15,3,1,1,0,0,0,5,21062,8214,29702,1396357,0,1762,36726,3580547,5049405,0,0,0,994,1000,1399,1400,6819185
MPCTASK: EXP,3,118,5893,6,220,739,-438,-717,0,483,679,-181,139,293,700,-248,-249,700,39,-41,897,69,300,1,3,3,15,3,1,1,0,0,0,5,24257,11373,37103,1933237,0,1763,187167,4123629,6307549,0,0,0,992,1000,1399,1400,6819185
MPCTASK: EXP,3,120,5991,-7,119,739,-493,-813,11,222,431,-181,-10,108,700,-231,-350,700,39,-10,817,69,300,1,3,3,15,3,1,1,0,0,0,5,22316,11313,35365,1923090,0,1762,272510,3793505,6012041,0,0,0,989,1000,1399,1400,6819185
MPCTASK: EXP,3,122,6091,-77,61,741,-576,-805,26,106,176,-184,-167,-78,700,-253,-389,700,41,-5,757,69,300,1,3,3,15,3,1,1,0,0,0,5,21593,11871,33869,2018008,0,1762,23128,3670646,5757820,0,0,0,988,1000,1399,1400,6819185
MPCTASK: EXP,3,124,6193,-146,-9,744,-586,-809,29,110,-305,-266,-316,-263,700,-238,-445,700,44,40,567,69,300,1,3,3,15,3,1,1,0,0,0,5,22259,12669,36560,2153640,0,1796,103339,3783877,6215404,0,0,0,990,1000,1399,1400,6819185
MPCTASK: EXP,3,126,6292,-203,-67,754,-505,-795,36,85,-734,-435,-441,-440,700,-214,-484,700,54,23,897,69,300,0,2,2,15,3,1,1,0,0,0,5,22297,11544,36131,1962454,0,151166,178566,3790273,6142412,0,0,0,991,1000,1399,1400,6819185
MPCTASK: EXP,3,128,6391,-252,-112,766,-396,-780,50,134,-976,-632,-532,-607,700,-177,-513,700,66,-44,1305,69,300,0,1,1,15,3,1,1,0,0,0,5,23258,10131,34602,1722065,0,1763,143609,3953833,5882493,0,0,0,992,1000,1399,1400,6819185
MPCTASK: EXP,3,130,6492,-284,-174,770,-208,-787,-20,56,-1179,-875,-577,-758,700,-118,-548,700,66,24,2022,69,300,0,1,1,15,3,1,1,0,0,0,5,21971,12239,34845,2080518,0,2062,84812,3734970,5923812,0,0,0,993,1000,1399,1400,6819185
MPCTASK: EXP,3,132,6592,-321,-195,766,-55,-736,-75,-49,-1221,-1129,-575,-890,700,-96,-526,700,51,-72,2098,69,300,0,2,2,15,3,1,1,0,0,0,5,25432,10012,35990,1702034,0,1762,23128,4323285,6118348,0,0,0,994,1000,1399,1400,6819185
MPCTASK: EXP,3,134,6691,-322,-248,756,153,-754,-88,14,-1394,-1459,-523,-999,700,-19,-568,700,39,-162,2078,69,300,0,1,1,15,3,1,1,0,0,0,5,23219,10378,34456,1764077,0,1938,24753,3947131,5857696,0,0,0,995,1000,1399,1400,6819185
MPCTASK: EXP,3,136,6790,-304,-303,756,378,-817,3,213,-1644,-1758,-429,-1083,700,75,-641,700,56,-108,2130,69,300,0,2,2,15,3,1,1,0,0,0,5,22930,10071,33969,1712025,0,2664,23442,3898005,5774722,0,0,0,996,1000,1399,1400,6819185
MPCTASK: EXP,3,138,6892,-288,-408,768,646,-1011,92,374,-1916,-1969,-300,-1141,700,161,-788,700,68,43,1955,69,300,0,1,1,15,3,1,1,0,0,0,5,24788,9519,34879,1618172,0,1796,23294,4213922,5929617,0,0,0,995,1000,1399,1400,6819185
MPCTASK: EXP,3,140,6990,-267,-489,779,828,-1105,42,-65,-1488,-1908,-150,-1169,700,163,-804,700,79,230,1995,69,300,0,1,1,15,3,1,1,0,0,0,5,24222,9194,33889,1562853,0,1762,59559,4117705,5761220,0,0,0,994,1000,1399,1400,6819185
MPCTASK: EXP,3,142,7091,-177,-595,760,1002,-1099,-162,-901,-435,-1508,6,-1169,700,174,-773,700,27,124,1651,69,300,0,1,1,15,3,1,1,0,0,0,5,24803,9909,34972,1684457,0,1762,23128,4216389,5945449,0,0,0,994,1000,1399,1400,6819185
MPCTASK: EXP,3,144,7184,-96,-661,740,1015,-873,-204,-1653,768,-1093,155,-1139,700,121,-662,700,0,148,972,69,300,1,3,3,15,3,1,1,0,0,0,5,18946,8961,28422,1523335,0,1762,65444,3220681,4831725,0,0,0,996,1000,1399,1400,6819185
MPCTASK: EXP,3,146,7290,1,-730,730,833,-443,-113,-2038,1472,-639,281,-1081,700,68,-528,700,8,-416,2324,69,300,1,3,3,15,3,1,1,0,0,0,5,23425,9038,33118,1536339,0,1762,88858,3982097,5630121,0,0,0,997,1000,1399,1400,6819185
MPCTASK: EXP,3,148,7390,51,-735,735,564,-25,-74,-2049,1722,-310,371,-996,700,-19,-370,700,20,-301,2333,69,300,1,3,3,15,3,1,1,0,0,0,5,22094,10279,33937,1747334,0,1763,243635,3755829,5769456,0,0,0,996,1000,1399,1400,6819185
MPCTASK: EXP,3,150,7491,71,-690,724,258,376,-142,-1913,1745,-65,417,-885,700,-118,-193,700,-3,-333,2367,69,300,1,3,3,15,3,1,1,0,0,0,5,21542,11725,34866,1993268,0,1762,249230,3662045,5927215,0,0,0,996,1000,1399,1400,6819185
MPCTASK: EXP,3,152,7590,68,-638,704,-34,686,-181,-1599,1642,56,414,-753,700,-206,-59,700,-32,-271,2256,69,300,1,3,3,15,3,1,1,0,0,0,5,23497,9639,33850,1638673,0,1934,67771,3994486,5754704,0,0,0,996,1000,1399,1400,6819185
MPCTASK: EXP,3,154,7693,4,-520,683,-384,1016,-115,-1056,1311,93,363,-601,700,-334,114,700,-39,127,2158,69,300,1,3,3,15,3,1,1,0,0,0,5,22643,12311,35825,2092841,0,2101,104929,3849218,6090322,0,0,0,996,1000,1399,1400,6819185
MPCTASK: EXP,3,156,7789,-83,-369,675,-641,1219,10,-361,703,175,268,-434,700,-417,268,700,-24,194,764,69,300,1,3,3,15,3,1,1,0,0,0,5,21002,10654,32819,1811104,0,1762,175063,3570265,5579368,0,0,0,995,1000,1399,1400,7004606
MPCTASK: EXP,3,158,7890,-170,-256,677,-753,1237,53,18,337,379,139,-256,700,-474,354,700,-22,-34,800,69,300,1,3,3,15,3,1,1,0,0,0,5,21666,9961,33495,1693309,0,1762,65363,3683206,5694286,0,0,0,995,1000,1399,1400,7004606
MPCTASK: EXP,3,160,7992,-279,-214,694,-811,1105,129,264,-93,523,-10,-71,700,-512,331,700,-5,-15,708,69,300,1,3,3,15,3,1,1,0,0,0,5,23409,9297,34754,1580349,0,1762,251584,3979466,5908296,0,0,0,994,1000,1399,1400,7004606
MPCTASK: EXP,3,162,8093,-361,-129,713,-750,1021,133,429,-726,521,-167,115,700,-480,363,700,13,-50,825,69,300,1,3,3,15,3,1,1,0,0,0,5,21012,12501,34263,2125002,0,1762,84849,3571958,5824952,0,0,0,994,1000,1399,1400,7004606
MPCTASK: EXP,3,164,8195,-411,-43,735,-585,940,88,398,-1024,463,-316,299,700,-421,411,700,35,123,1040,69,300,1,3,3,15,3,1,1,0,0,0,5,26649,9542,37076,1622045,0,1762,23128,4530281,6302890,0,0,0,993,1000,1399,1400,7004606
MPCTASK: EXP,3,166,8291,-447,26,736,-398,868,-18,260,-1090,357,-441,477,700,-357,449,700,33,137,1415,69,300,1,3,3,15,3,1,1,0,0,0,5,25827,5934,32275,1008627,0,1762,65409,4390501,5486786,0,0,0,993,1000,1399,1400,7004606
MPCTASK: EXP,3,168,8391,-458,91,726,-182,814,-76,168,-1101,256,-531,643,700,-274,482,700,11,163,1622,69,300,1,3,3,15,3,1,1,0,0,0,5,22854,8998,32966,1529649,0,1762,166763,3885009,5604185,0,0,0,995,1000,1399,1400,7004606
MPCTASK: EXP,3,170,8494,-430,148,714,69,758,-69,165,-1111,152,-577,794,700,-154,497,700,0,88,1960,69,300,1,3,3,15,3,1,1,0,0,0,5,24057,9926,34890,1687339,0,1762,36470,4089657,5931418,0,0,0,997,1000,1399,1400,7004606
MPCTASK: EXP,3,172,8589,-390,205,702,296,703,-43,185,-951,59,-575,926,700,-56,505,700,-6,48,1498,69,300,1,3,3,15,3,1,1,0,0,0,5,22026,7096,30489,1206215,0,1762,87299,3744337,5183489,0,0,0,997,1000,1399,1400,7004606
MPCTASK: EXP,3,174,8695,-321,253,693,500,628,-6,194,-637,15,-523,1036,700,33,499,700,-8,-10,1004,69,300,1,3,3,15,3,1,1,0,0,0,5,23975,10242,35421,1741146,0,1762,140076,4075590,6021514,0,0,0,998,1000,1399,1400,7004606
MPCTASK: EXP,3,176,8791,-229,281,688,648,555,21,234,-339,21,-429,1120,700,113,471,700,-11,-21,917,69,300,1,3,3,15,3,1,1,0,0,0,5,21282,9858,32008,1675719,0,1762,23440,3617929,5441382,0,0,0,998,1000,1399,1400,7004606
MPCTASK: EXP,3,178,8894,-151,335,695,680,502,77,267,81,27,-300,1177,700,124,473,700,-4,3,859,69,300,1,3,3,15,3,1,1,0,0,0,5,19984,12589,34452,2139930,0,1762,262153,3397205,5856922,0,0,0,999,1000,1399,1400,7004606
MPCTASK: EXP,3,180,8992,-14,390,708,741,466,88,397,438,29,-150,1206,700,188,463,700,8,40,598,69,300,1,3,3,15,3,1,1,0,0,0,5,22155,9831,32255,1671192,0,1758,23291,3766390,5483493,0,0,0,998,1000,1399,1400,7004606
MPCTASK: EXP,3,182,9096,49,418,720,633,365,61,531,762,25,6,1206,700,156,422,700,20,49,868,69,300,1,3,3,15,3,1,1,0,0,0,5,24171,11521,36589,1958402,0,1763,129725,4109033,6220212,0,0,0,998,1000,1399,1400,7004606
MPCTASK: EXP,3,184,9191,101,432,726,507,259,18,612,984,22,155,1176,700,111,367,700,26,85,1181,69,300,1,3,3,15,3,1,1,0,0,0,5,21217,9852,31912,1674665,0,33960,24662,3606773,5425174,0,0,0,998,1000,1399,1400,7004606
MPCTASK: EXP,3,186,9293,171,473,730,341,168,-9,722,1261,5,280,1118,700,62,336,700,28,-33,2138,69,300,1,3,3,15,3,1,1,0,0,0,5,22603,10077,33518,1712993,0,1762,46752,3842413,5698236,0,0,0,998,1000,1399,1400,7004606
MPCTASK: EXP,3,188,9392,209,466,729,142,17,-41,763,1338,19,370,1033,700,5,253,700,21,129,2192,69,300,1,3,3,15,3,1,1,0,0,0,5,22924,9967,33169,1694230,0,1762,24126,3896957,5638712,0,0,0,997,1000,1399,1400,7004606
MPCTASK: EXP,3,190,9492,202,441,722,-104,-147,-64,735,1309,52,415,923,700,-89,156,700,9,89,2210,69,300,1,3,3,15,3,1,1,0,0,0,5,20713,11492,32685,1953659,0,2664,57739,3521026,5556524,0,0,0,997,1000,1399,1400,7004606
MPCTASK: EXP,3,192,9595,151,449,713,-350,-234,-58,708,1177,112,412,791,700,-202,117,700,1,34,2171,69,300,1,3,3,15,3,1,1,0,0,0,5,24457,9826,34790,1670238,0,1762,62653,4157645,5914378,0,0,0,997,1000,1399,1400,7004606
MPCTASK: EXP,3,194,9694,117,364,706,-533,-453,-31,738,807,114,361,640,700,-244,-46,700,0,-46,1224,69,300,1,3,3,15,3,1,1,0,0,0,5,22292,9519,32968,1618055,0,1762,161897,3789649,5604572,0,0,0,997,1000,1399,1400,7004606
MPCTASK: EXP,3,196,9796,46,277,699,-675,-622,-2,480,558,124,266,473,700,-311,-163,700,-1,-35,919,69,300,1,3,3,15,3,1,1,0,0,0,5,25622,9156,35858,1556441,0,1762,72368,4355649,6095901,0,0,0,996,1000,1399,1400,7004606
MPCTASK: EXP,3,198,9892,16,192,699,-698,-719,38,359,246,112,138,295,700,-289,-271,700,0,9,842,69,300,1,3,3,15,3,1,1,0,0,0,5,21461,9376,31501,1593843,0,1762,90363,3648159,5355110,0,0,0,995,1000,1399,1400,7004606
MPCTASK: EXP,3,200,9993,-44,134,706,-711,-758,61,306,-27,117,-11,109,700,-297,-333,700,6,21,799,69,300,1,3,3,15,3,1,1,0,0,0,5,21751,9876,32439,1678895,0,1762,51103,3697557,5514682,0,0,0,993,1000,1399,1400,7004606
MPCTASK: EXP,3,202,10098,-104,23,716,-660,-837,46,212,-323,55,-166,-79,700,-278,-444,700,16,19,806,69,300,1,3,3,15,3,1,1,0,0,0,5,24739,10890,36565,1851249,0,1762,136567,4205489,6216120,0,0,0,992,1000,1399,1400,7004606
MPCTASK: EXP,3,204,10199,-157,-83,727,-578,-894,45,103,-534,-23,-312,-267,700,-250,-538,700,27,60,709,69,300,1,3,3,15,3,1,1,0,0,0,5,27673,9340,37872,1587757,0,1929,122460,4704477,6438288,0,0,0,992,1000,1399,1400,7004606
MPCTASK: EXP,3,206,10294,-203,-184,732,-476,-912,-2,-82,-645,-179,-434,-449,700,-229,-600,700,32,54,842,69,300,1,3,3,15,3,1,1,0,0,0,5,21557,9721,32354,1652408,0,2633,23442,3664621,5500221,0,0,0,993,1000,1399,1400,7004606
MPCTASK: EXP,3,208,10394,-236,-259,732,-363,-889,-40,-111,-783,-396,-521,-619,700,-191,-630,700,24,-46,1189,69,300,1,3,3,15,3,1,1,0,0,0,5,22785,9165,32706,1557937,0,1762,104289,3873401,5560100,0,0,0,994,1000,1399,1400,7004606
MPCTASK: EXP,3,210,10496,-264,-334,731,-182,-861,-22,-72,-1101,-689,-563,-775,700,-133,-662,700,26,6,1932,69,300,1,3,3,15,3,1,1,0,0,0,5,21611,10437,32979,1774229,0,1762,118658,3673790,5606590,0,0,0,995,1000,1399,1400,7004606
MPCTASK: EXP,3,212,10599,-274,-396,734,6,-827,-19,-296,-1177,-917,-558,-909,700,-81,-657,700,30,42,2090,69,300,1,3,3,15,3,1,1,0,0,0,5,25914,10310,36829,1752534,0,1912,79794,4405377,6261015,0,0,0,996,1000,1399,1400,7004606
MPCTASK: EXP,3,214,10699,-276,-444,730,180,-738,-48,-633,-914,-996,-508,-1018,700,-77,-587,700,20,-44,1632,69,300,1,3,3,15,3,1,1,0,0,0,5,24358,11062,36485,1880459,0,1762,133969,4140755,6202649,0,0,0,996,1000,1399,1400,7004606
MPCTASK: EXP,3,216,10797,-263,-489,724,306,-603,-57,-1017,-589,-988,-418,-1096,699,-74,-521,699,13,-74,1671,69,300,1,3,3,15,3,1,1,0,0,0,5,23540,9208,33826,1565333,0,1902,93751,4001654,5750500,0,0,0,997,1000,1399,1400,7004606
MPCTASK: EXP,3,218,10894,-242,-515,715,391,-367,-68,-1089,-191,-914,-302,-1139,699,-90,-434,699,2,-99,2043,69,300,1,3,3,15,3,1,1,0,0,0,5,20610,10032,30977,1705443,0,1762,23128,3503501,5266156,0,0,0,997,1000,1399,1400,7004606
MPCTASK: EXP,3,220,11000,-217,-521,709,399,-148,-79,-1125,149,-685,-174,-1143,699,-117,-345,699,-6,-116,2052,69,300,1,3,3,15,3,1,1,0,0,0,5,25960,10388,36896,1765934,0,1762,70554,4413073,6272441,0,0,0,998,1000,1399,1400,7004606
MPCTASK: EXP,3,222,11094,-201,-498,703,323,96,-70,-1204,635,-371,-49,-1105,699,-193,-236,699,-10,-42,2121,69,300,1,3,3,15,3,1,1,0,0,0,5,21131,9457,31161,1607521,0,1762,23443,3592229,5297524,0,0,0,998,1000,1399,1400,7004606
MPCTASK: EXP,3,224,11194,-221,-462,698,149,324,-49,-1178,844,-161,56,-1025,699,-265,-152,699,-11,-85,2104,69,300,1,3,3,15,3,1,1,0,0,0,5,21605,8829,31030,1500932,0,1875,53178,3672761,5275089,0,0,0,998,1000,1399,1400,7004606
MPCTASK: EXP,3,226,11299,-251,-400,695,-47,548,-16,-767,598,-53,129,-906,700,-301,-104,700,-7,165,912,69,300,1,3,3,15,3,1,1,0,0,0,5,19689,14691,35489,2497328,0,1762,80766,3347065,6033109,0,0,0,998,1000,1399,1400,7004606
MPCTASK: EXP,3,228,11401,-302,-324,691,-175,672,28,-200,115,29,163,-754,700,-319,-74,700,-8,112,547,69,300,1,3,3,15,3,1,1,0,0,0,5,29459,8069,38118,1371721,0,1762,23128,5008017,6480121,0,0,0,998,1000,1399,1400,7004606
MPCTASK: EXP,3,230,11495,-355,-266,695,-215,669,32,111,-167,144,156,-581,700,-362,-43,700,-4,104,508,69,300,1,3,3,15,3,1,1,0,0,0,5,21888,9476,32233,1610887,0,1762,24286,3720773,5479616,0,0,0,998,1000,1399,1400,7004606
MPCTASK: EXP,3,232,11600,-404,-195,701,-219,643,36,335,-279,122,115,-402,700,-380,-12,700,1,-30,846,69,300,1,3,3,15,3,1,1,0,0,0,5,25206,9897,35758,1682361,0,1762,46701,4284962,6078936,0,0,0,997,1000,1399,1400,7004606
MPCTASK: EXP,3,234,11696,-439,-131,718,-165,563,93,685,-613,10,54,-236,700,-374,22,700,18,-48,808,69,300,1,3,3,15,3,1,1,0,0,0,5,22373,10142,32953,1724137,0,1762,50319,3803345,5602087,0,0,0,997,1000,1399,1400,7004606
MPCTASK: EXP,3,236,11793,-466,-73,730,-70,448,61,773,-850,-100,-9,-104,700,-384,99,700,30,139,690,69,300,1,3,3,15,3,1,1,0,0,0,5,20751,8539,29999,1451543,0,1763,23133,3527597,5099952,0,0,0,996,1000,1399,1400,7004606
MPCTASK: EXP,3,238,11895,-465,-50,728,66,307,-28,562,-846,-178,-56,-19,700,-385,181,700,22,-46,1248,69,300,1,3,3,15,3,1,1,0,0,0,5,20555,10316,31928,1753702,0,1762,155608,3494181,5427797,0,0,0,996,1000,1399,1400,7004606
MPCTASK: EXP,3,240,11998,-443,-44,714,203,206,-98,129,-539,-236,-77,14,700,-377,272,700,-5,95,686,69,300,1,3,2,15,3,1,1,0,0,0,5,24040,9224,34172,1567892,0,1762,65334,4086805,5809323,0,0,0,996,1000,1399,1400,7004606
MPCTASK: EXP,3,242,12102,-398,-47,691,297,191,-105,-451,-52,-219,-80,18,700,-331,337,700,-29,158,594,69,300,1,3,3,15,3,1,1,0,0,0,5,26250,11231,37960,1909113,0,1763,35246,4462465,6453419,0,0,0,996,1000,1399,1400,7004606
MPCTASK: EXP,3,244,12201,-345,-67,682,311,254,-17,-937,334,-151,-84,25,700,-250,335,700,-21,-50,1580,69,300,1,3,3,15,3,1,1,0,0,0,5,27596,9611,38115,1633755,0,2663,130825,4691173,6479586,0,0,0,996,1000,1399,1400,7004606
MPCTASK: EXP,3,246,12296,-307,-42,690,251,447,60,-1265,517,-96,-109,71,700,-168,402,700,-9,153,1484,69,300,1,3,3,15,3,1,1,0,0,0,5,21121,11379,33477,1934474,0,64708,79593,3590549,5691108,0,0,0,996,1000,1399,1400,7004606
MPCTASK: EXP,3,248,12398,-274,14,698,188,659,47,-1118,384,-49,-157,170,700,-126,481,700,-1,-96,1896,69,300,1,3,3,15,3,1,1,0,0,0,5,23587,9861,34102,1676311,0,1912,46718,4009625,5797365,0,0,0,996,1000,1399,1400,7004606
MPCTASK: EXP,3,250,12494,-249,88,701,159,822,20,-775,116,9,-213,316,700,-72,548,700,1,-52,1099,69,300,1,3,3,15,3,1,1,0,0,0,5,19653,10105,30512,1717761,0,1762,55518,3340929,5187021,0,0,0,995,1000,1399,1400,7004606
MPCTASK: EXP,3,252,12596,-223,170,706,170,916,32,-388,-101,91,-260,489,700,-16,584,700,6,-33,784,69,300,1,3,3,15,3,1,1,0,0,0,5,22855,9089,33125,1545054,0,1762,64241,3885385,5631212,0,0,0,995,1000,1399,1400,7004606
MPCTASK: EXP,3,254,12697,-198,281,710,208,977,27,28,-244,163,-281,671,700,21,644,700,10,-20,812,69,300,1,3,3,15,3,1,1,0,0,0,5,21428,11570,33839,1966816,0,1762,118748,3642725,5752680,0,0,0,995,1000,1399,1400,7004606
MPCTASK: EXP,3,256,12800,-181,373,716,244,950,32,424,-290,220,-266,841,700,32,662,700,16,-21,837,69,300,1,3,3,15,3,1,1,0,0,0,5,25789,9456,36011,1607546,0,1762,95758,4384001,6121922,0,0,0,996,1000,1399,1400,7004606
MPCTASK: EXP,3,258,12893,-131,439,723,334,814,24,795,-292,270,-211,983,699,78,623,699,23,52,952,69,300,1,3,3,15,3,1,1,0,0,0,5,19576,8967,29581,1524395,0,1762,48427,3327717,5028750,0,0,0,996,1000,1399,1400,7004606
MPCTASK: EXP,3,260,12996,-70,468,727,416,602,-14,938,-103,279,-122,1089,699,109,542,699,24,-19,1468,69,300,1,3,3,15,3,1,1,0,0,0,5,22862,9067,32854,1541286,0,42463,94102,3886501,5585282,0,0,0,996,1000,1399,1400,7004606
MPCTASK: EXP,3,262,13096,-3,509,718,456,429,-75,915,150,263,-9,1152,699,127,498,699,3,50,1547,69,300,1,3,3,15,3,1,1,0,0,0,5,21453,10341,32983,1757981,0,1762,68631,3646765,5607166,0,0,0,997,1000,1399,1400,7004606
MPCTASK: EXP,3,264,13199,58,535,711,443,249,-63,953,387,234,113,1171,699,126,431,699,0,85,1460,69,300,1,3,3,15,3,1,1,0,0,0,5,23179,10124,34022,1721105,0,2663,23441,3940333,5783870,0,0,0,997,1000,1399,1400,7004606
MPCTASK: EXP,3,266,13299,110,548,704,379,72,-39,913,609,171,230,1148,699,101,358,699,-3,56,1344,69,300,1,3,3,15,3,1,1,0,0,0,5,23725,9833,33951,1671539,0,1762,23128,4033307,5771726,0,0,0,998,1000,1399,1400,7004606
MPCTASK: EXP,3,268,13396,138,554,702,252,-78,-10,871,805,106,325,1086,699,46,292,699,0,188,647,69,300,1,3,3,15,3,1,1,0,0,0,5,22527,8653,31792,1470859,0,1763,81718,3829441,5404716,0,0,0,998,1000,1399,1400,7004606
MPCTASK: EXP,3,270,13500,213,476,703,184,-319,3,831,848,13,386,990,700,59,129,700,3,-23,1215,69,300,1,3,3,15,3,1,1,0,0,0,5,20949,13421,35941,2281442,0,1762,23710,3561193,6110093,0,0,0,998,1000,1399,1400,7004606
MPCTASK: EXP,3,272,13600,219,431,701,11,-453,-9,586,1118,-31,403,866,700,-19,47,700,0,19,1875,69,300,1,3,3,15,3,1,1,0,0,0,5,22880,10156,33682,1726450,0,1762,87493,3889474,5725890,0,0,0,997,1000,1399,1400,7004606
MPCTASK: EXP,3,274,13698,192,389,703,-213,-535,9,490,1108,0,374,718,700,-118,-23,700,3,78,1575,69,300,1,3,3,15,3,1,1,0,0,0,5,22626,9089,32763,1545022,0,1762,49248,3846289,5569846,0,0,0,997,1000,1399,1400,7004606
MPCTASK: EXP,3,276,13801,183,323,698,-360,-629,-8,467,885,22,300,551,700,-148,-119,700,-2,177,706,69,300,1,3,3,15,3,1,1,0,0,0,5,25830,8617,35384,1464689,0,1762,64265,4390949,6015414,0,0,0,996,1000,1399,1400,7004606
MPCTASK: EXP,3,278,13899,179,233,698,-448,-738,9,393,681,33,188,373,700,-134,-253,700,-1,90,755,69,300,1,3,3,15,3,1,1,0,0,0,5,21858,11127,34141,1891472,0,2188,130616,3715656,5803957,0,0,0,995,1000,1399,1400,7004606
MPCTASK: EXP,3,280,14002,175,140,699,-502,-804,16,201,640,54,48,186,700,-109,-344,700,0,104,680,69,300,1,3,3,15,3,1,1,0,0,0,5,21943,11967,34883,2034196,0,1914,78692,3730174,5930284,0,0,0,994,1000,1399,1400,7004606
MPCTASK: EXP,3,282,14098,156,49,707,-543,-842,48,138,313,84,-105,-3,700,-73,-417,700,7,-13,870,69,300,1,3,3,15,3,1,1,0,0,0,5,19449,10024,31256,1703891,0,1762,72571,3306277,5313530,0,0,0,994,1000,1399,1400,7004606
MPCTASK: EXP,3,284,14197,88,15,713,-585,-793,33,67,69,159,-257,-191,700,-103,-424,700,13,76,644,69,300,1,3,3,15,3,1,1,0,0,0,5,22731,7615,30873,1294340,0,45938,23297,3864253,5248395,0,0,0,995,1000,1399,1400,7004606
MPCTASK: EXP,3,286,14299,29,-61,715,-589,-810,15,78,-213,182,-393,-373,700,-91,-485,700,15,-10,923,69,300,1,3,3,15,3,1,1,0,0,0,5,21636,10110,32972,1718715,0,1762,87240,3678109,5605298,0,0,0,995,1000,1399,1400,7004606
MPCTASK: EXP,3,288,14401,-41,-127,723,-525,-779,22,-27,-641,155,-498,-544,700,-80,-512,700,23,2,899,69,300,1,3,3,15,3,1,1,0,0,0,5,23911,9961,34503,1693294,0,1762,83909,4064726,5865636,0,0,0,996,1000,1399,1400,7004606
MPCTASK: EXP,3,290,14500,-50,-221,726,-353,-794,-27,-68,-854,84,-563,-702,700,4,-580,700,20,24,1255,69,300,1,3,3,15,3,1,1,0,0,0,5,22957,9976,33205,1695894,0,1762,23128,3902573,5644968,0,0,0,997,1000,1399,1400,7004606
MPCTASK: EXP,3,292,14599,-70,-263,722,-200,-713,-72,-203,-849,-11,-580,-841,700,41,-560,700,7,111,1143,69,300,1,3,3,15,3,1,1,0,0,0,5,23369,8545,32535,1452546,0,1763,83335,3972597,5531043,0,0,0,997,1000,1399,1400,7004606
MPCTASK: EXP,3,294,14702,-66,-298,711,-36,-651,-88,-47,-937,-185,-548,-960,700,99,-565,700,-6,73,1604,69,300,1,3,3,15,3,1,1,0,0,0,5,22511,10736,34126,1824919,0,1762,65374,3826733,5801444,0,0,0,998,1000,1399,1400,7004606
MPCTASK: EXP,3,296,14806,-63,-330,702,141,-601,-51,16,-912,-375,-471,-1054,700,142,-558,700,-8,152,1011,69,300,1,3,3,15,3,1,1,0,0,0,5,24760,11791,37202,2004406,0,1931,86485,4209173,6324382,0,0,0,998,1000,1399,1400,7004606
MPCTASK: EXP,3,298,14902,-52,-369,699,283,-581,-6,-21,-827,-466,-355,-1122,700,168,-557,700,-1,59,1079,69,300,1,3,3,15,3,1,1,0,0,0,5,22735,10813,33938,1838224,0,1762,23128,3864837,5769598,0,0,0,999,1000,1399,1400,7004606
MPCTASK: EXP,3,300,15005,-25,-403,696,396,-543,-28,-186,-570,-483,-211,-1162,700,161,-526,700,-9,2,779,69,300,1,3,3,15,3,1,1,0,0,0,5,25948,9892,36585,1681589,0,82983,23128,4411041,6219658,0,0,0,999,1000,1399,1400,7004606
MPCTASK: EXP,3,302,15100,-12,-421,691,419,-459,-30,-328,-199,-581,-55,-1173,700,129,-482,700,-14,152,531,69,300,1,3,3,15,3,1,1,0,0,0,5,19771,9928,30903,1687615,0,2157,24289,3360929,5253801,0,0,0,999,1000,1399,1400,7004606
MPCTASK: EXP,3,304,15201,7,-444,694,416,-371,1,-381,-36,-733,97,-1154,700,99,-440,700,-5,17,863,69,300,1,3,3,15,3,1,1,0,0,0,5,22407,8411,32824,1429855,0,297281,23128,3809101,5580108,0,0,0,998,1000,1399,1400,7004606
MPCTASK: EXP,3,306,15303,17,-459,701,364,-270,51,-461,253,-944,234,-1107,700,40,-386,700,1,19,800,69,300,1,3,3,15,3,1,1,0,0,0,5,23180,10845,34291,1843670,0,1762,23128,3940402,5829518,0,0,0,998,1000,1399,1400,7004606
MPCTASK: EXP,3,308,15404,12,-463,708,264,-151,71,-494,392,-1079,339,-1033,700,-33,-318,700,8,33,761,69,300,1,3,3,15,3,1,1,0,0,0,5,23642,11024,36074,1873899,0,1762,69058,4019021,6132693,0,0,0,998,1000,1399,1400,7004606
MPCTASK: EXP,3,310,15501,0,-473,716,155,-35,18,-850,664,-1001,404,-932,700,-131,-222,700,16,27,1283,69,300,1,3,3,15,3,1,1,0,0,0,5,19982,11048,31775,1878031,0,2154,24279,3396989,5401717,0,0,0,998,1000,1399,1400,7004606
MPCTASK: EXP,3,312,15600,11,-438,718,48,184,-21,-911,967,-902,421,-808,700,-168,-104,700,14,53,1381,69,300,1,3,3,15,3,1,1,0,0,0,5,20819,8083,30651,1374069,0,166014,110401,3539165,5210711,0,0,0,997,1000,1399,1400,7004606
MPCTASK: EXP,3,314,15700,-41,-408,715,-170,369,-39,-793,866,-855,389,-664,700,-267,-14,700,8,-48,1337,69,300,1,3,3,15,3,1,1,0,0,0,5,19622,9511,30126,1616719,0,77383,23128,3335713,5121506,0,0,0,997,1000,1399,1400,7004606
MPCTASK: EXP,3,316,15799,-110,-363,710,-337,528,-51,-842,598,-751,310,-502,700,-346,93,700,0,-29,1486,69,300,1,3,3,15,3,1,1,0,0,0,5,23325,6106,29949,1038000,0,1762,65417,3965209,5091320,0,0,0,997,1000,1399,1400,7004606
MPCTASK: EXP,3,318,15901,-165,-321,702,-428,656,-49,-809,308,-605,194,-328,700,-368,173,700,-6,-64,1320,69,300,1,3,3,15,3,1,1,0,0,0,5,20590,10429,32024,1772915,0,1763,147298,3500201,5444310,0,0,0,997,1000,1399,1400,7004606
MPCTASK: EXP,3,320,16002,-221,-267,701,-458,769,-11,-751,-29,-428,51,-146,700,-379,258,700,-1,13,1092,69,300,1,3,3,15,3,1,1,0,0,0,5,24940,6006,31920,1020945,0,1762,36773,4216301,5426406,0,0,0,996,1000,1399,1400,7004606
MPCTASK: EXP,3,322,16103,-267,-188,701,-416,890,14,-669,-301,-233,-105,40,700,-349,365,700,1,-2,963,69,300,1,3,3,15,3,1,1,0,0,0,5,21241,11153,32829,1895910,0,1762,24273,3610870,5580978,0,0,0,996,1000,1399,1400,7004606
MPCTASK: EXP,3,324,16208,-315,-78,704,-357,1012,18,-469,-513,-65,-258,226,700,-318,480,700,4,15,848,69,300,1,3,3,15,3,1,1,0,0,0,5,24770,12832,38068,2181327,0,1763,23402,4210766,6471585,0,0,0,995,1000,1399,1400,7004606
MPCTASK: EXP,3,326,16303,-322,-5,708,-241,1039,9,-290,-632,97,-395,407,700,-245,537,700,8,92,713,69,300,1,3,3,15,3,1,1,0,0,0,5,21022,11184,32990,1901177,0,1764,46766,3573561,5608438,0,0,0,995,1000,1399,1400,7004606
MPCTASK: EXP,3,328,16402,-331,97,708,-105,1059,-9,-81,-677,244,-500,578,700,-181,608,700,7,66,860,69,300,1,3,3,15,3,1,1,0,0,0,5,21587,9154,31214,1556001,0,1762,56805,3669757,5306584,0,0,0,996,1000,1399,1400,7004606
MPCTASK: EXP,3,330,16501,-313,182,707,44,1033,-23,83,-713,345,-565,736,700,-92,645,700,2,115,769,69,300,1,3,3,15,3,1,1,0,0,0,5,22580,6146,30569,1044863,0,1762,89450,3838629,5196889,0,0,0,996,1000,1399,1400,7004606
MPCTASK: EXP,3,332,16606,-273,272,700,206,996,-43,248,-641,417,-582,876,700,0,682,700,-8,93,825,69,300,1,3,3,15,3,1,1,0,0,0,5,25289,10117,35924,1719842,0,1762,65093,4299137,6107089,0,0,0,997,1000,1399,1400,7004606
MPCTASK: EXP,3,334,16703,-234,331,693,328,912,-36,384,-530,454,-550,995,700,67,673,700,-13,113,661,69,300,1,3,3,15,3,1,1,0,0,0,5,21602,10202,32592,1734284,0,1762,87449,3672281,5540905,0,0,0,997,1000,1399,1400,7004606
MPCTASK: EXP,3,336,16803,-177,409,690,443,806,-19,523,-343,465,-471,1090,700,125,667,700,-13,74,745,69,300,1,3,3,15,3,1,1,0,0,0,5,22847,9836,32952,1672017,0,1763,23293,3883945,5601953,0,0,0,998,1000,1399,1400,7004606
MPCTASK: EXP,3,338,16901,-117,461,689,519,676,8,605,-204,465,-355,1158,700,171,637,700,-10,94,689,69,300,1,3,3,15,3,1,1,0,0,0,5,18445,11979,30769,2036332,0,1762,23439,3135525,5230842,0,0,0,998,1000,1399,1400,7004606
MPCTASK: EXP,3,340,17007,-44,497,690,579,530,11,682,-40,441,-211,1198,700,223,583,700,-9,148,612,69,300,1,3,3,15,3,1,1,0,0,0,5,23875,12250,37096,2082449,0,1763,87676,4058801,6306396,0,0,0,998,1000,1399,1400,7004606
MPCTASK: EXP,3,342,17103,22,521,690,600,392,6,718,172,404,-55,1209,700,231,519,700,-9,53,926,69,300,1,3,3,15,3,1,1,0,0,0,5,21187,10001,32345,1700094,0,1792,66408,3601701,5498976,0,0,0,998,1000,1399,1400,7004606
MPCTASK: EXP,3,344,17201,94,550,691,562,241,9,734,484,320,98,1191,700,220,459,700,-8,43,969,69,300,1,3,3,15,3,1,1,0,0,0,5,21130,8027,29580,1364410,0,1762,23128,3592125,5028648,0,0,0,998,1000,1399,1400,7004606
MPCTASK: EXP,3,346,17304,152,565,696,474,105,27,773,716,241,234,1144,700,192,417,700,-3,68,893,69,300,1,3,3,15,3,1,1,0,0,0,5,22706,9964,33180,1693859,0,1762,23128,3859839,5640676,0,0,0,998,1000,1399,1400,7004606
MPCTASK: EXP,3,348,17404,194,563,698,345,-41,11,780,897,177,339,1069,700,134,311,700,-1,113,886,69,300,1,3,3,15,3,1,1,0,0,0,5,22144,10559,33259,1794851,0,49870,23128,3764425,5653973,0,0,0,998,1000,1399,1400,7004606
MPCTASK: EXP,3,350,17503,220,538,698,203,-186,-11,748,1015,129,404,969,700,86,225,700,-4,177,884,69,300,1,3,3,15,3,1,1,0,0,0,5,19630,10233,30682,1739453,0,1794,91858,3337109,5216138,0,0,0,998,1000,1399,1400,7004606
MPCTASK: EXP,3,352,17603,211,462,696,-6,-394,-18,725,1063,104,421,845,700,-35,58,700,-7,154,1146,69,300,1,3,3,15,3,1,1,0,0,0,5,22836,8346,31830,1418835,0,1762,87461,3882145,5411146,0,0,0,997,1000,1399,1400,7004606
MPCTASK: EXP,3,354,17704,208,407,693,-176,-527,-16,576,992,102,389,700,700,-87,-7,700,-10,214,723,69,300,1,3,3,15,3,1,1,0,0,0,5,21173,11158,32868,1896681,0,1763,37981,3599193,5587542,0,0,0,997,1000,1399,1400,7004606
MPCTASK: EXP,3,356,17808,174,352,689,-354,-626,-2,502,885,122,310,539,700,-144,-108,700,-10,47,1184,69,300,1,3,3,15,3,1,1,0,0,0,5,24258,12115,37301,2059425,0,1762,103224,4123669,6341186,0,0,0,996,1000,1399,1400,7004606
MPCTASK: EXP,3,358,17908,151,317,689,-465,-659,13,392,696,162,194,365,700,-171,-142,700,-10,60,855,69,300,1,3,3,15,3,1,1,0,0,0,5,23731,10282,35102,1747799,0,76997,87813,4034165,5967342,0,0,0,995,1000,1399,1400,7004606
MPCTASK: EXP,3,360,18004,111,207,692,-550,-784,25,337,423,170,51,182,700,-154,-275,700,-7,-37,851,69,300,1,3,3,15,3,1,1,0,0,0,5,20527,10045,31020,1707626,0,17297,37921,3489630,5273444,0,0,0,994,1000,1399,1400,7004606
MPCTASK: EXP,3,362,18112,67,125,696,-583,-831,33,216,215,197,-105,-3,700,-155,-352,700,-3,5,910,69,300,1,3,3,15,3,1,1,0,0,0,5,26778,12186,39934,2071471,0,1763,42478,4552121,6788889,0,0,0,994,1000,1399,1400,7004606
MPCTASK: EXP,3,364,18206,25,76,701,-569,-802,33,73,-99,226,-259,-189,700,-131,-370,700,1,84,588,69,300,1,3,3,15,3,1,1,0,0,0,5,23271,9392,33519,1596477,0,1762,123085,3956082,5698465,0,0,0,995,1000,1399,1400,7004606
MPCTASK: EXP,3,366,18305,-14,15,705,-506,-786,24,110,-381,234,-395,-370,700,-97,-411,700,5,128,536,69,300,1,3,3,15,3,1,1,0,0,0,5,21583,10076,32509,1712804,0,1762,98546,3669005,5526569,0,0,0,996,1000,1399,1400,7004606
MPCTASK: EXP,3,368,18406,-41,-58,714,-398,-789,29,66,-605,222,-500,-542,700,-45,-469,700,14,151,585,69,300,1,3,3,15,3,1,1,0,0,0,5,23372,9306,33872,1581958,0,2365,44687,3973101,5758384,0,0,0,997,1000,1399,1400,7004606
MPCTASK: EXP,3,370,18510,-48,-123,716,-250,-770,-9,-6,-716,214,-565,-699,700,32,-502,700,15,229,654,69,300,1,3,3,15,3,1,1,0,0,0,5,25386,11910,37806,2024686,0,1762,23128,4315577,6427188,0,0,0,997,1000,1399,1400,7004606
MPCTASK: EXP,3,372,18608,-51,-180,714,-107,-731,-41,-54,-718,200,-582,-839,700,77,-519,700,6,218,587,69,300,1,3,3,15,3,1,1,0,0,0,5,23907,11973,36397,2035336,0,1762,64245,4063981,6187527,0,0,0,998,1000,1399,1400,7004606
MPCTASK: EXP,3,374,18705,-45,-234,707,32,-685,-53,-117,-750,162,-550,-958,700,127,-508,700,-2,207,598,69,300,1,3,3,15,3,1,1,0,0,0,5,21532,10129,32158,1721880,0,2316,48922,3660385,5466940,0,0,0,998,1000,1399,1400,7004606
MPCTASK: EXP,3,376,18804,-32,-294,704,166,-650,-26,-138,-700,71,-471,-1053,700,175,-534,700,0,122,736,69,300,1,3,3,15,3,1,1,0,0,0,5,23303,7585,31502,1289283,0,1762,82242,3961533,5355560,0,0,0,998,1000,1399,1400,7004606
MPCTASK: EXP,3,378,18905,0,-337,703,292,-589,-15,-235,-557,-58,-355,-1121,700,217,-511,700,0,81,741,69,300,1,3,3,15,3,1,1,0,0,0,5,21540,10179,32924,1730314,0,2270,140445,3661777,5597075,0,0,0,999,1000,1399,1400,7004606
MPCTASK: EXP,3,380,19004,71,-329,698,426,-445,-37,-318,-296,-238,-211,-1161,700,243,-423,700,-9,-2,967,69,300,1,3,3,15,3,1,1,0,0,0,5,22591,8998,32137,1529583,0,1762,23315,3840385,5463400,0,0,0,999,1000,1399,1400,7004606
MPCTASK: EXP,3,382,19109,137,-335,694,488,-347,-11,-147,-3,-520,-55,-1173,700,261,-390,700,-7,-15,996,69,300,1,3,3,15,3,1,1,0,0,0,5,23855,11211,35819,1905809,0,1763,87495,4055185,6089635,0,0,0,999,1000,1399,1400,7004606
MPCTASK: EXP,3,384,19201,146,-327,699,411,-279,49,46,254,-823,98,-1155,700,189,-343,700,0,61,669,69,300,1,3,3,15,3,1,1,0,0,0,5,20270,8375,29012,1423737,0,1762,39076,3445693,4932051,0,0,0,999,1000,1399,1400,7004606
MPCTASK: EXP,3,386,19305,198,-352,711,386,-283,121,173,198,-1044,234,-1108,700,201,-354,700,11,122,482,69,300,1,3,2,15,3,1,1,0,0,0,5,21524,10487,32675,1782671,0,2098,89630,3659042,5554856,0,0,0,998,1000,1399,1400,7004606
MPCTASK: EXP,3,388,19405,236,-399,722,344,-333,105,92,352,-1146,339,-1033,700,173,-368,700,22,4,599,69,300,1,3,3,15,3,1,1,0,0,0,5,21810,9381,32727,1594684,0,1763,173199,3707538,5563666,0,0,0,998,1000,1399,1400,7004606
MPCTASK: EXP,3,390,19508,227,-439,730,203,-308,15,-448,860,-1107,404,-932,700,58,-306,700,30,164,956,69,300,1,3,3,15,3,1,1,0,0,0,5,23958,9492,35169,1613490,0,2791,72492,4072914,5978828,0,0,0,997,1000,1399,1400,7004606
MPCTASK: EXP,3,392,19605,201,-466,733,0,-169,-43,-937,1289,-1029,421,-808,700,-47,-246,700,24,-70,2098,69,300,1,3,3,15,3,1,1,0,0,0,5,24432,7531,32595,1280271,0,1763,23301,4153429,5541293,0,0,0,996,1000,1399,1400,7004606
MPCTASK: EXP,3,394,19712,147,-473,725,-248,46,-104,-1211,1255,-905,389,-664,700,-160,-140,700,4,-129,2119,69,300,1,3,3,15,3,1,1,0,0,0,5,27156,12281,39835,2087532,0,2101,42703,4616437,6772171,0,0,0,996,1000,1399,1400,7004606
MPCTASK: EXP,3,396,19805,75,-473,709,-458,269,-126,-1228,829,-785,310,-502,700,-236,-56,700,-15,-125,2124,69,300,1,3,3,15,3,1,1,0,0,0,5,22717,9543,33134,1622261,0,44068,72060,3861689,5632909,0,0,0,996,1000,1399,1400,7004606
MPCTASK: EXP,3,398,19904,-11,-451,693,-596,487,-98,-1222,396,-627,194,-328,700,-300,42,700,-26,-154,2082,69,300,1,3,3,15,3,1,1,0,0,0,5,21502,9836,31604,1671938,0,1765,23289,3655334,5372871,0,0,0,995,1000,1399,1400,7004606
MPCTASK: EXP,3,400,20004,-87,-409,682,-638,693,-55,-1181,63,-422,51,-146,700,-325,147,700,-28,-92,2111,69,300,1,3,3,15,3,1,1,0,0,0,5,20918,9427,31246,1602375,0,9156,24280,3556061,5312015,0,0,0,995,1000,1399,1400,7004606
MPCTASK: EXP,3,402,20103,-159,-351,681,-622,871,9,-1064,-291,-278,-105,40,700,-311,241,700,-18,-74,1891,69,300,1,3,3,15,3,1,1,0,0,0,5,22108,8898,31280,1512591,0,1762,23539,3758377,5317732,0,0,0,996,1000,1399,1400,7004606
MPCTASK: EXP,3,404,20204,-213,-281,687,-522,994,45,-729,-736,-134,-259,226,700,-259,313,700,-12,-61,972,69,300,1,3,3,15,3,1,1,0,0,0,5,22372,9072,31960,1542220,0,1762,53987,3803045,5433297,0,0,0,996,1000,1399,1400,7004606
MPCTASK: EXP,3,406,20307,-258,-172,698,-380,1094,51,-423,-937,63,-395,407,700,-209,412,700,-1,-38,1351,69,300,1,3,3,15,3,1,1,0,0,0,5,23701,9628,34287,1636725,0,1873,117777,4029209,5828957,0,0,0,997,1000,1399,1400,7004606
MPCTASK: EXP,3,408,20406,-280,-72,704,-209,1126,11,-123,-1010,231,-500,578,700,-143,477,700,4,25,1509,69,300,1,3,3,15,3,1,1,0,0,0,5,23286,9088,33189,1544932,0,1762,42093,3958609,5642200,0,0,0,997,1000,1399,1400,7004606
MPCTASK: EXP,3,410,20509,-277,30,700,-24,1123,-34,103,-921,357,-565,736,700,-70,535,700,-6,76,1301,69,300,1,3,3,15,3,1,1,0,0,0,5,20673,15185,37035,2581459,0,1762,49216,3514373,6296081,0,0,0,998,1000,1399,1400,7004606
MPCTASK: EXP,3,412,20606,-262,119,695,141,1065,-40,299,-765,446,-582,876,700,-8,558,700,-13,91,977,69,300,1,3,3,15,3,1,1,0,0,0,5,22172,10539,33521,1791534,0,48695,67225,3769277,5698657,0,0,0,998,1000,1399,1400,7004606
MPCTASK: EXP,3,414,20708,-236,193,690,277,966,-19,466,-619,495,-549,995,700,45,558,700,-12,162,591,69,300,1,3,3,15,3,1,1,0,0,0,5,23011,10504,34248,1785695,0,2068,101199,3911781,5822161,0,0,0,998,1000,1399,1400,7004606
MPCTASK: EXP,3,416,20810,-201,258,687,383,846,-10,539,-433,514,-471,1089,700,85,536,700,-14,100,652,69,300,1,3,3,15,3,1,1,0,0,0,5,21856,12587,36488,2139586,0,1762,325648,3715477,6203206,0,0,0,998,1000,1399,1400,7004606
MPCTASK: EXP,3,418,20912,-137,321,684,485,731,-9,586,-238,514,-355,1158,700,144,529,700,-17,123,620,69,300,1,3,3,15,3,1,1,0,0,0,5,25670,12297,39075,2090432,0,1762,165646,4363765,6642781,0,0,0,998,1000,1399,1400,7004606
MPCTASK: EXP,3,420,21005,-84,369,686,519,592,19,672,19,497,-211,1198,700,143,477,700,-13,93,733,69,300,1,3,3,15,3,1,1,0,0,0,5,21560,8741,30567,1485856,0,1762,23132,3665162,5196476,0,0,0,998,1000,1399,1400,7004606
MPCTASK: EXP,3,422,21107,-39,405,689,499,450,23,685,254,470,-55,1209,700,129,441,700,-10,130,645,69,300,1,3,3,15,3,1,1,0,0,0,5,22625,8647,32110,1469862,0,1762,119975,3846242,5458680,0,0,0,998,1000,1399,1400,7004606
MPCTASK: EXP,3,424,21209,-4,425,692,434,299,13,714,431,422,98,1191,700,87,362,700,-7,150,626,69,300,1,3,3,15,3,1,1,0,0,0,5,25040,9018,34520,1532893,0,1762,23128,4256761,5868633,0,0,0,998,1000,1399,1400,7004606
MPCTASK: EXP,3,426,21311,27,431,694,350,146,3,728,561,347,234,1145,700,51,315,700,-5,133,682,69,300,1,3,3,15,3,1,1,0,0,0,5,25679,9491,37020,1613446,0,1938,147497,4365361,6293532,0,0,0,998,1000,1399,1400,7004606
MPCTASK: EXP,3,428,21408,51,424,694,242,-8,7,709,675,264,339,1070,700,-13,199,700,-5,131,664,69,300,1,3,3,15,3,1,1,0,0,0,5,22389,10260,33439,1744118,0,1763,87888,3806029,5684751,0,0,0,998,1000,1399,1400,7004606
MPCTASK: EXP,3,430,21509,70,403,692,121,-154,-4,723,807,189,403,970,700,-66,133,700,-8,197,602,69,300,1,3,3,15,3,1,1,0,0,0,5,22947,9760,32974,1659197,0,1765,23291,3900974,5605778,0,0,0,998,1000,1399,1400,7004606
MPCTASK: EXP,3,432,21611,71,365,694,-22,-306,6,664,854,130,419,847,700,-132,27,700,-5,134,772,69,300,1,3,3,15,3,1,1,0,0,0,5,21935,13254,35877,2253126,0,1763,46792,3728945,6099272,0,0,0,998,1000,1399,1400,7004606
MPCTASK: EXP,3,434,21705,50,321,694,-186,-427,-2,561,877,104,387,703,700,-206,-60,700,-5,168,705,69,300,1,3,3,15,3,1,1,0,0,0,5,20595,8513,29696,1447042,0,1762,77969,3501042,5048376,0,0,0,998,1000,1399,1400,7004606
MPCTASK: EXP,3,436,21809,16,273,691,-339,-525,-12,527,746,107,308,542,700,-266,-142,700,-10,105,795,69,300,1,3,3,15,3,1,1,0,0,0,5,23510,9489,33572,1613053,0,2637,23440,3996610,5707236,0,0,0,998,1000,1399,1400,7004606
MPCTASK: EXP,3,438,21908,-33,214,689,-468,-620,-1,471,554,142,192,367,700,-321,-239,700,-10,111,625,69,300,1,3,3,15,3,1,1,0,0,0,5,22226,9553,32660,1623954,0,1763,127414,3778349,5552224,0,0,0,997,1000,1399,1400,7004606
MPCTASK: EXP,3,440,22009,-53,170,690,-498,-665,22,405,301,179,49,184,700,-300,-278,700,-9,81,635,69,300,1,3,3,15,3,1,1,0,0,0,5,20341,11369,33350,1932711,0,1762,256508,3457866,5669632,0,0,0,995,1000,1399,1400,7004606
MPCTASK: EXP,3,442,22106,-140,96,693,-578,-743,26,373,62,248,-104,-4,700,-312,-360,700,-6,-34,798,69,300,1,3,3,15,3,1,1,0,0,0,5,22565,8067,31147,1371342,0,1762,65438,3835973,5295074,0,0,0,994,1000,1399,1400,7004606
MPCTASK: EXP,3,444,22211,-191,36,694,-550,-770,15,275,-248,279,-256,-192,700,-295,-406,700,-5,-10,934,69,300,1,3,3,15,3,1,1,0,0,0,5,21295,11539,35149,1961618,0,1763,317167,3620081,5975436,0,0,0,994,1000,1399,1400,7004606
MPCTASK: EXP,3,446,22313,-244,-34,701,-480,-796,39,209,-589,289,-389,-377,700,-269,-458,700,1,7,870,69,300,1,3,3,15,3,1,1,0,0,0,5,26104,9647,37178,1639902,0,1762,196754,4437613,6320336,0,0,0,995,1000,1399,1400,7004606
MPCTASK: EXP,3,448,22410,-276,-97,710,-348,-791,34,110,-803,294,-491,-553,700,-224,-486,700,10,156,652,69,300,1,3,3,15,3,1,1,0,0,0,5,21130,11128,34753,1891661,0,1792,331973,3591922,5908132,0,0,0,996,1000,1399,1400,7004606
MPCTASK: EXP,3,450,22511,-289,-175,715,-189,-789,14,-43,-861,278,-552,-715,700,-175,-521,700,15,152,740,69,300,1,3,3,15,3,1,1,0,0,0,5,21344,14076,36198,2392715,0,1762,41805,3628433,6153680,0,0,0,996,1000,1399,1400,7004606
MPCTASK: EXP,3,452,22611,-296,-229,713,-42,-727,-38,-208,-828,229,-566,-858,700,-134,-499,700,6,123,918,69,300,1,3,3,15,3,1,1,0,0,0,5,22494,10627,35146,1806600,0,1762,165791,3823913,5974788,0,0,0,997,1000,1399,1400,7004606
MPCTASK: EXP,3,454,22713,-292,-274,707,93,-639,-48,-333,-736,150,-533,-978,700,-105,-468,700,-1,173,643,69,300,1,3,3,15,3,1,1,0,0,0,5,25298,11888,37453,2020797,0,1762,23128,4300625,6367005,0,0,0,998,1000,1399,1400,7004606
MPCTASK: EXP,3,456,22809,-272,-322,699,224,-549,-36,-464,-631,68,-458,-1069,699,-66,-438,699,-7,135,647,69,300,1,3,3,15,3,1,1,0,0,0,5,24050,9045,33968,1537578,0,1762,23128,4088366,5774656,0,0,0,998,1000,1399,1400,7004606
MPCTASK: EXP,3,458,22910,-241,-356,697,327,-437,-15,-497,-473,-17,-351,-1126,699,-43,-374,699,-5,104,636,69,300,1,3,3,15,3,1,1,0,0,0,5,23467,9974,34786,1695512,0,1763,149675,3989297,5913666,0,0,0,998,1000,1399,1400,7004606
MPCTASK: EXP,3,460,23012,-199,-375,696,405,-315,-1,-563,-275,-96,-226,-1146,699,-28,-340,699,-3,7,916,69,300,1,3,3,15,3,1,1,0,0,0,5,21420,13615,35852,2314455,0,60228,58467,3641342,6095017,0,0,0,998,1000,1399,1400,7004606
MPCTASK: EXP,3,462,23105,-155,-378,698,431,-178,0,-649,65,-131,-97,-1125,699,-29,-275,699,-1,-14,997,69,300,1,3,3,15,3,1,1,0,0,0,5,19771,8619,28819,1465291,0,1762,23128,3360905,4899244,0,0,0,998,1000,1399,1400,7004606
MPCTASK: EXP,3,464,23212,-117,-367,701,388,-32,8,-664,425,-165,17,-1062,699,-31,-234,699,1,46,880,69,300,1,3,3,15,3,1,1,0,0,0,5,22789,10221,36077,1737477,0,2633,254988,3874001,6133185,0,0,0,998,1000,1399,1400,7004606
MPCTASK: EXP,3,466,23310,-100,-349,705,278,103,10,-580,607,-181,104,-958,699,-89,-171,699,5,164,588,69,300,1,3,3,15,3,1,1,0,0,0,5,23791,9527,33844,1619463,0,1762,66814,4044505,5753426,0,0,0,998,1000,1399,1400,7004606
MPCTASK: EXP,3,468,23411,-87,-321,704,164,215,-14,-456,573,-176,155,-818,700,-89,-134,700,1,145,581,69,300,1,3,3,15,3,1,1,0,0,0,5,22205,10403,34172,1768531,0,1762,71850,3774825,5809325,0,0,0,998,1000,1399,1400,7004606
MPCTASK: EXP,3,470,23515,-79,-295,702,67,287,-12,-320,502,-138,164,-652,700,-121,-145,700,0,126,585,69,300,1,3,3,15,3,1,1,0,0,0,5,28204,9322,37992,1584724,0,1763,41248,4794613,6458644,0,0,0,998,1000,1399,1400,7004606
MPCTASK: EXP,3,472,23609,-90,-255,700,-28,349,-3,-179,366,-91,135,-473,700,-107,-111,700,0,35,815,69,300,1,3,3,15,3,1,1,0,0,0,5,23536,9057,32980,1539687,0,1762,43297,4001029,5606791,0,0,0,997,1000,1399,1400,7004606
MPCTASK: EXP,3,474,23710,-111,-206,701,-99,382,17,53,131,-34,80,-300,700,-114,-98,700,1,-7,995,69,300,1,3,3,15,3,1,1,0,0,0,5,24048,9140,33706,1553809,0,1762,65363,4088057,5730367,0,0,0,996,1000,1399,1400,7004606
MPCTASK: EXP,3,476,23812,-123,-169,702,-102,356,8,274,-126,42,15,-152,700,-119,-65,700,2,74,653,69,300,1,3,3,15,3,1,1,0,0,0,5,21398,11463,33944,1948585,0,32044,25198,3637557,5770462,0,0,0,994,1000,1399,1400,7004606
MPCTASK: EXP,3,478,23910,-133,-139,706,-70,293,10,397,-268,131,-40,-47,700,-132,-33,700,6,173,619,69,300,1,3,3,15,3,1,1,0,0,0,5,22181,7799,31711,1325736,0,1763,270894,3770693,5390857,0,0,0,993,1000,1399,1400,7004606
MPCTASK: EXP,3,480,24010,-136,-116,707,-19,227,-11,320,-242,216,-72,6,700,-118,-32,700,4,116,545,69,300,1,3,3,15,3,1,1,0,0,0,5,21926,10257,32453,1743576,0,1762,23128,3727341,5517122,0,0,0,993,1000,1399,1400,7004606
MPCTASK: EXP,3,482,24116,-124,-109,704,29,168,-31,140,-109,290,-80,18,700,-91,-53,700,-2,104,565,69,300,1,3,3,15,3,1,1,0,0,0,5,26695,10288,37256,1748812,0,1762,24067,4537993,6333733,0,0,0,992,1000,1399,1400,7004606
MPCTASK: TRAJ DONE: idx=482, max=482; requesting landing
MPCTASK: LANDING: start z=0.70, hold=(-0.11,-0.11)
MPCTASK: TIMING SUMMARY: max_step_cycles=7004606 deadline_cycles=8400000 overruns=0
MPCTASK: LANDING COMPLETE: t=32204 ms, x=-0.072, y=-0.119, z=0.010, vz=-0.083; motors off