SYS: Crazyflie 2.1 Brushless is up and running!
SYS: Build 2:de14ff9f08ae (2025.09.1 +2) MODIFIED
SYS: I am 0x373930393434471500370039 and I have 1024KB of flash!
CFGBLK: v1, verification [OK]
DECK_DISCOVERY: Backend found: onewire
DECK_DISCOVERY: Backend found: deckctrl
DECK_CORE: 1 deck(s) found
DECK_CORE: Calling INIT on driver bcFlow2 for deck 0
ZR2: Z-down sensor [OK]
PMW: Motion chip id: 0x49:0xB6
IMU: BMI088: Using I2C interface.
IMU: BMI088 Gyro connection [OK].
IMU: BMI088 Accel connection [OK]
IMU: BMP390 I2C connection [OK]
ESTIMATOR: Using Kalman (2) estimator
CONTROLLER: Using PID (1) controller
MTR-DRV: Using brushless motor driver
SYS: About to run tests in system.c.
SYS: NRF51 version: 2026.04 (C21B)
EEPROM: I2C connection [OK].
STORAGE: Storage check [OK].
IMU: BMI088 gyro self-test [OK]
DECK_CORE: Deck 0 test [OK].
SYS: Self test passed!
STAB: Wait for sensor calibration...
SYS: Free heap: 15048 bytes
MPCTASK: Waiting for activation ...
STAB: Starting stabilizer loop
STAB: WARNING: stabilizer loop rate is off (1004)
SUP: Ready to fly
MPCTASK: Benchmark mode 2, maneuver 4, max_iter 5, task_pri 0
MPCTASK: Reference altitude: 0.70 m; barrier skip when z>0.75 and vz>-0.20
MPCTASK: OOT takeoff: cfclient trigger>=0.15m ramp=0.15m/s figure8_start=3000ms_at_measured_z target=0.70m timeout=12000ms
MPCTASK: Common baseline: mpc_hz=20 model_hz=20 rho=5 base_w=0 base_qz=1 Qz=100 R=4 bridge=x10 guards=z[ref,ref+0.20] xy=free cap=0.05
MPCTASK: MPC->PID: xyz=x10, z_guard=[ref,ref+0.20], yaw=raw_rz, output_hold=200ms, safety_hold=500ms
MPCTASK: Reference origin: xyz=measured_at_forced_3s_start target_z=0.70 m
MPCTASK: Fixed baseline: w=0 qz=1 adaptive_cache=off
MPCTASK: LIMO posthoc: infeasible=nominal_fallback
MPCTASK: EXP every=2: m,s,tms,p3[mm],v3[mmps],att3[cdeg],ref3[mm],cmd3[mm],h/raw/grad/mar/thr[milli],act/ac/bind,wi/qi/cache/noa,pa/pf/du[milli],it,mpc/eval/total[us],bar/tanh/rl/cache/solve/step[cycles],overruns,post_active/post_infeasible_totals,wreq/w/qzreq/qz[milli],max_step_cycles
MPCTASK: Figure8: source=traj_fig8_12.h source_hz=100 samples=1205 laps=2 duration=24.07 s origin=forced_3s_start start_delay=3000ms z_baseline=measured_at_start
CONTROLLER: Using OutOfTree (6) controller
MPCTASK: Trajectory origin: x=-0.01 y=0.04
MPCTASK: OOT activated at z=0.01
MPCTASK: TAKEOFF START: trigger_z=0.15 start_z=0.01 target=0.70 hold=(-0.02,0.08) ramp=0.15m/s
MPCTASK: OOT loop 1 done
MPCTAMPCTASK: OOT loop 2 done
SK: MPC task loop 1
MPCTASK: x0: pos=(-0.02,0.08,0.01) vel=(0.01,0.04,-0.0)
MPCTASK: OOT loop 3 done
MPCTASK: ref: (-0.02,0.08,0.01)
MPCTASK: MPC solve start
MPCTASK: MPC solve done, iter=5
MPCTASK: MPC time=25145 us
MPCTASK: MPC stack free=1081 words
MPCTASK: setpoint: x=-0.02 y=0.08 z=0.07 preview_z=0.07
MPCTASK: MPC task loop 2
MPCTASK: MPC task loop 3
MPCTASK: TAKEOFF COMPLETE: t=3000ms z=0.43 vz=0.22; trajectory queued origin=(-0.07,0.07,0.43)
MPCTASK: TRAJ START: z=0.43 origin=(-0.07,0.07,0.43) EXP clock reset; Z metric begins at t+3s
MPCTASK: EXP,2,2,81,-79,57,446,50,-107,255,-85,-115,68,-77,78,431,-117,359,433,-253,28,625,69,69,1,1,0,0,0,0,0,1,1,0,5,20448,10174,30997,1729554,0,0,0,3476098,5269652,0,2,2,0,0,1000,1000,6032091
MPCTASK: EXP,2,4,186,-73,41,473,58,-83,182,-775,92,-19,-88,97,432,-83,422,438,-226,292,851,69,69,1,1,0,0,0,0,0,1,1,0,5,25565,9983,35621,1697073,0,0,0,4345906,6055546,0,4,4,0,0,1000,1000,6055546
MPCTASK: EXP,2,6,284,-79,23,493,1,67,77,-1591,439,-167,-123,164,432,-64,490,439,-206,-285,860,69,69,1,1,0,0,0,0,0,1,1,0,5,23068,10225,33365,1738228,0,0,0,3921461,5672246,0,6,6,0,0,1000,1000,6055546
MPCTASK: EXP,2,8,385,-95,40,503,-65,340,24,-1792,210,-562,-176,284,432,-22,574,440,-196,-229,1078,69,69,1,1,0,0,0,0,0,1,1,0,5,24005,10770,34847,1830723,0,0,0,4080773,5924058,0,8,8,0,0,1000,1000,6055546
MPCTASK: EXP,2,10,481,-106,80,501,-36,615,15,-1506,-173,-943,-230,443,432,34,640,439,-198,-252,868,69,69,1,1,0,0,0,0,0,1,1,0,5,21221,9977,31278,1695973,0,0,0,3607369,5317290,0,10,10,0,0,1000,1000,6579778
MPCTASK: EXP,2,12,585,-94,140,498,69,830,17,-1253,-372,-1049,-269,622,432,108,698,439,-201,-195,709,69,69,1,1,0,0,0,0,0,1,1,0,5,25226,9035,34333,1535829,0,0,0,4288321,5836720,0,12,12,0,0,1000,1000,6579778
MPCTASK: EXP,2,14,687,-80,204,496,186,961,29,-857,-525,-1162,-276,801,432,170,717,438,-203,-57,612,69,69,1,1,0,0,0,0,0,1,1,0,5,23035,12988,36095,2207924,0,0,0,3915853,6136337,0,14,14,0,0,1000,1000,6579778
MPCTASK: EXP,2,16,786,-55,277,503,324,1000,141,-258,-667,-1328,-245,961,431,225,706,445,-196,-125,489,69,69,1,1,0,0,0,0,0,1,1,0,5,25566,10121,35760,1720426,0,0,0,4346061,6079216,0,16,16,0,0,1000,1000,6579778
MPCTASK: EXP,2,18,886,-18,332,527,471,890,288,503,-962,-1403,-176,1090,431,287,623,458,-172,-67,553,69,69,1,1,0,0,0,0,0,1,1,0,5,23554,12156,35794,2066487,0,0,0,4004138,6085021,0,18,18,0,0,1000,1000,6579778
MPCTASK: EXP,2,20,983,69,389,562,673,699,281,955,-1071,-1348,-76,1179,431,372,540,467,-137,-50,560,69,69,1,1,0,0,0,0,0,1,1,0,5,23591,8630,32294,1467120,0,0,0,4010261,5489953,0,20,20,0,0,1000,1000,6579778
MPCTASK: EXP,2,22,1085,127,427,586,761,481,128,1133,-836,-1298,42,1225,431,371,457,467,-113,-17,617,69,69,1,1,0,0,0,0,0,1,1,0,5,21096,13774,34947,2341440,0,0,0,3586197,5941097,0,22,22,0,0,1000,1000,6579778
MPCTASK: EXP,2,24,1190,210,404,586,812,250,-132,785,149,-1093,165,1227,431,329,362,626,-140,166,876,69,69,1,1,0,0,0,0,0,1,0,844,5,28920,9611,39564,1633787,0,0,0,4916425,6725990,0,24,22,0,0,1000,1000,6725990
MPCTASK: EXP,2,26,1284,300,398,574,685,135,-71,369,1116,-859,275,1188,431,265,295,457,-140,-171,637,69,69,1,1,0,0,0,0,0,1,1,0,5,22230,11795,34364,2005016,0,0,0,3779073,5841857,0,26,24,0,0,1000,1000,6725990
MPCTASK: EXP,2,28,1384,328,418,575,412,105,-53,412,1512,-569,357,1112,431,49,340,631,-134,-294,850,69,69,1,1,0,0,0,0,0,1,0,995,5,22350,9783,33540,1663031,0,0,0,3799445,5701869,0,28,25,0,0,1000,1000,6725990
MPCTASK: EXP,2,30,1489,344,406,564,128,29,-156,436,1786,-301,402,1004,431,24,167,537,-167,-490,1583,69,69,1,1,0,0,0,0,0,1,0,433,5,23904,13609,38662,2313473,0,0,0,4063633,6572664,0,30,25,0,0,1000,1000,6725990
MPCTASK: EXP,2,32,1589,327,393,552,-247,-60,-73,464,1819,-81,401,869,431,-106,81,595,-161,-400,1150,69,69,1,1,0,0,0,0,0,1,0,720,5,25973,10910,38847,1854689,0,0,0,4415389,6604104,0,32,25,0,0,1000,1000,6725990
MPCTASK: EXP,2,34,1683,208,432,542,-637,-119,-49,639,1483,310,353,713,432,-286,37,449,-167,-284,828,69,69,1,1,0,0,0,0,0,1,1,0,5,19684,11247,32298,1911925,0,0,0,3346105,5490715,0,34,26,0,0,1000,1000,6725990
MPCTASK: EXP,2,36,1788,107,405,536,-902,-293,10,884,958,429,263,541,432,-387,-78,449,-163,50,676,69,69,1,1,0,0,0,0,0,1,1,0,5,26536,9829,36824,1670861,0,0,0,4510921,6260202,0,36,28,0,0,1000,1000,6725990
MPCTASK: EXP,2,38,1883,9,355,533,-1002,-487,-38,1257,251,554,138,358,432,-419,-220,447,-173,12,889,69,69,1,1,0,0,0,0,0,1,1,0,5,21618,10441,32134,1774813,0,0,0,3675066,5463006,0,38,30,0,0,1000,1000,6725990
MPCTASK: EXP,2,40,1987,-77,298,534,-969,-709,-54,1528,-160,555,-9,170,432,-420,-353,632,-176,-291,963,69,69,1,1,0,0,0,0,0,1,0,996,5,24217,9759,35952,1658993,0,0,0,4116709,6111938,0,40,31,0,0,1000,1000,6725990
MPCTASK: EXP,2,42,2084,-141,264,533,-835,-898,-8,1377,-603,547,-164,-19,431,-361,-429,447,-168,-242,719,69,69,1,1,0,0,0,0,0,1,1,0,5,21408,10414,32247,1770157,0,0,0,3639307,5482009,0,42,33,0,0,1000,1000,6725990
MPCTASK: EXP,2,44,2183,-190,163,535,-673,-1096,1,862,-717,201,-311,-205,431,-307,-524,449,-164,133,731,69,69,1,1,0,0,0,0,0,1,1,0,5,23590,8242,31904,1401115,0,0,0,4010109,5423806,0,44,35,0,0,1000,1000,6725990
MPCTASK: EXP,2,46,2286,-204,65,532,-510,-1162,-67,188,-705,-355,-436,-383,431,-221,-576,446,-180,48,647,69,69,1,1,0,0,0,0,0,1,1,0,5,20337,13730,34143,2333923,0,0,0,3457189,5804411,0,46,37,0,0,1000,1000,6725990
MPCTASK: EXP,2,48,2383,-217,-42,525,-345,-1156,-98,-262,-832,-855,-526,-550,431,-131,-623,443,-193,-153,601,69,69,1,1,0,0,0,0,0,1,1,0,5,23691,7972,31742,1355080,0,0,0,4027342,5396314,0,48,39,0,0,1000,1000,6725990
MPCTASK: EXP,2,50,2484,-222,-148,515,-159,-1120,-124,-364,-1008,-1259,-572,-700,431,-34,-672,438,-209,-168,854,69,69,1,1,0,0,0,0,0,1,1,0,5,20656,11921,32896,2026621,0,0,0,3511381,5592379,0,50,41,0,0,1000,1000,6725990
MPCTASK: EXP,2,52,2585,-199,-207,502,70,-1022,-100,-486,-991,-1571,-570,-832,431,68,-658,435,-217,-45,982,69,69,1,1,0,0,0,0,0,1,1,0,5,22770,11044,33886,1877256,0,0,0,3870961,5760797,0,52,43,0,0,1000,1000,6725990
MPCTASK: EXP,2,54,2694,-163,-299,493,284,-988,-49,-299,-919,-1686,-519,-940,431,158,-700,435,-216,-23,806,69,69,1,1,0,0,0,0,0,1,1,0,5,26400,16403,42877,2788476,0,0,0,4487874,7289214,0,54,45,0,0,1000,1000,7289214
MPCTASK: EXP,2,56,2786,-111,-392,488,481,-979,-14,-307,-852,-1627,-425,-1024,431,234,-719,435,-214,-159,614,69,69,1,1,0,0,0,0,0,1,1,0,5,25566,9554,35197,1624160,0,0,0,4346035,5983506,0,56,47,0,0,1000,1000,7289214
MPCTASK: EXP,2,58,2886,-41,-475,485,632,-915,-35,-722,-376,-1354,-296,-1081,431,272,-687,433,-221,167,811,69,69,1,1,0,0,0,0,0,1,1,0,5,21281,11583,33704,1968987,0,0,0,3617617,5729662,0,58,49,0,0,1000,1000,7289214
MPCTASK: EXP,2,60,2988,38,-579,483,697,-787,-70,-1275,333,-888,-146,-1110,431,273,-645,431,-230,-63,1005,69,69,1,1,0,0,0,0,0,1,1,0,5,26452,9391,35916,1596293,0,0,0,4496769,6105833,0,60,51,0,0,1000,1000,7289214
MPCTASK: EXP,2,62,3084,105,-625,479,631,-507,-94,-1575,771,-504,10,-1109,431,237,-539,431,-239,-420,1194,69,69,1,1,0,0,0,0,0,1,1,0,5,22935,9064,32864,1540765,0,0,0,3898901,5586914,0,62,53,0,0,1000,1000,7289214
MPCTASK: EXP,2,64,3187,153,-641,469,486,-187,-122,-1665,1029,-185,158,-1079,431,95,-341,573,-255,-451,1431,69,69,1,1,0,0,0,0,0,1,0,769,5,24126,10549,36025,1793099,0,0,0,4101445,6124272,0,64,53,0,0,1000,1000,7289214
MPCTASK: EXP,2,66,3285,163,-621,455,228,197,-10,-1712,1220,13,284,-1021,431,39,-240,431,-246,-392,1071,69,69,1,1,0,0,0,0,0,1,1,0,5,22220,10602,33136,1802200,0,0,0,3777373,5633232,0,66,54,0,0,1000,1000,7289214
MPCTASK: EXP,2,68,3385,145,-559,457,-73,589,118,-1551,1269,109,374,-935,431,-97,-54,431,-242,-303,842,69,69,1,1,0,0,0,0,0,1,1,0,5,23203,9903,33182,1683524,0,0,0,3944290,5641077,0,68,56,0,0,1000,1000,7289214
MPCTASK: EXP,2,70,3486,103,-471,451,-295,851,-2,-1048,932,79,420,-825,431,-201,95,431,-248,-73,803,69,69,1,1,0,0,0,0,0,1,1,0,5,24018,10255,34879,1742995,0,0,0,4082957,5929554,0,70,58,0,0,1000,1000,7289214
MPCTASK: EXP,2,72,3583,37,-384,445,-466,992,-2,-547,603,24,417,-693,431,-301,214,431,-255,-151,562,69,69,1,1,0,0,0,0,0,1,1,0,5,22965,9181,32226,1560658,0,0,0,3903941,5478439,0,72,60,0,0,1000,1000,7289214
MPCTASK: EXP,2,74,3687,-8,-284,445,-544,1063,49,-268,330,55,366,-541,431,-354,332,431,-254,4,626,69,69,1,1,0,0,0,0,0,1,1,0,5,21356,11710,33292,1990569,0,0,0,3630398,5659697,0,74,62,0,0,1000,1000,7289214
MPCTASK: EXP,2,76,3786,-53,-190,457,-583,1070,104,-150,314,89,271,-374,431,-392,432,431,-242,55,700,69,69,1,1,0,0,0,0,0,1,1,0,5,23636,8953,32718,1521974,0,0,0,4017957,5562275,0,76,64,0,0,1000,1000,7289214
MPCTASK: EXP,2,78,3885,-91,-83,472,-597,1090,104,-124,262,102,142,-196,431,-398,544,435,-227,31,587,69,69,1,1,0,0,0,0,0,1,1,0,5,20567,10970,31609,1864796,0,0,0,3496349,5373575,0,78,66,0,0,1000,1000,7289214
MPCTASK: EXP,2,80,3988,-125,-2,487,-579,1048,75,-6,83,37,-7,-12,431,-373,607,438,-212,35,530,69,69,1,1,0,0,0,0,0,1,1,0,5,23713,10054,34213,1709129,0,0,0,4031266,5816379,0,80,68,0,0,1000,1000,7289214
MPCTASK: EXP,2,82,4084,-156,102,497,-534,1061,41,-126,-15,-50,-164,174,431,-335,712,439,-202,21,497,69,69,1,1,0,0,0,0,0,1,1,0,5,19601,11393,31065,1936645,0,0,0,3332081,5281155,0,82,70,0,0,1000,1000,7289214
MPCTASK: EXP,2,84,4185,-190,196,500,-487,1064,5,-131,-178,-178,-313,359,431,-286,786,439,-199,19,502,69,69,1,1,0,0,0,0,0,1,1,0,5,21119,9827,31580,1670491,0,0,0,3590153,5368723,0,84,72,0,0,1000,1000,7289214
MPCTASK: EXP,2,86,4286,-221,313,497,-407,1105,-40,-151,-398,-257,-438,537,431,-225,883,436,-210,38,602,69,69,1,1,0,0,0,0,0,1,1,0,5,19643,12322,32412,2094745,0,0,0,3339177,5510126,0,86,74,0,0,1000,1000,7289214
MPCTASK: EXP,2,88,4390,-210,408,491,-235,1099,-45,-62,-585,-372,-528,703,431,-112,932,435,-217,-19,609,69,69,1,1,0,0,0,0,0,1,1,0,5,25056,11801,36930,2006070,0,0,0,4259457,6278118,0,88,76,0,0,1000,1000,7289214
MPCTASK: EXP,2,90,4489,-216,515,485,-99,1078,-51,177,-726,-423,-574,854,431,-32,971,433,-224,-78,623,69,69,1,1,0,0,0,0,0,1,1,0,5,22222,12734,35406,2164768,0,0,0,3777561,6019097,0,90,78,0,0,1000,1000,7289214
MPCTASK: EXP,2,92,4586,-201,618,483,68,1020,-39,356,-817,-425,-571,986,431,51,996,433,-224,26,778,69,69,1,1,0,0,0,0,0,1,1,0,5,23981,8778,32834,1492136,0,0,0,4076777,5581948,0,92,80,0,0,1000,1000,7289214
MPCTASK: EXP,2,94,4689,-181,690,477,214,896,-58,456,-792,-369,-520,1096,431,113,978,431,-233,20,796,69,69,1,1,0,0,0,0,0,1,1,0,5,24543,10495,35117,1784111,0,0,0,4172189,5970052,0,94,82,0,0,1000,1000,7289214
MPCTASK: EXP,2,96,4789,-148,749,473,350,756,-50,557,-636,-300,-425,1180,431,156,941,431,-236,-86,588,69,69,1,1,0,0,0,0,0,1,1,0,5,23868,9753,33832,1657974,0,0,0,4057529,5751524,0,96,84,0,0,1000,1000,7289214
MPCTASK: EXP,2,98,4893,-96,778,466,462,586,-50,525,-310,-265,-297,1237,431,182,879,431,-243,-118,541,69,69,1,1,0,0,0,0,0,1,1,0,5,23921,14442,38436,2455102,0,0,0,4066421,6534325,0,98,86,0,0,1000,1000,7289214
MPCTASK: EXP,2,100,4987,-55,813,463,456,468,22,311,353,-382,-146,1266,431,135,841,431,-236,-114,471,69,69,1,1,0,0,0,0,0,1,1,0,5,22984,10036,33092,1705969,0,0,0,3907173,5625720,0,100,88,0,0,1000,1000,7289214
MPCTASK: EXP,2,102,5086,0,843,471,380,392,101,402,671,-437,10,1265,431,97,783,434,-228,-60,584,69,69,1,1,0,0,0,0,0,1,1,0,5,20027,12048,32148,2048109,0,0,0,3404409,5465102,0,102,90,0,0,1000,1000,7289214
MPCTASK: EXP,2,104,5188,34,846,483,263,246,70,816,642,-414,158,1236,431,44,663,436,-216,-29,639,69,69,1,1,0,0,0,0,0,1,1,0,5,23641,9624,33339,1635949,0,0,0,4018874,5667683,0,104,92,0,0,1000,1000,7289214
MPCTASK: EXP,2,106,5285,57,823,487,162,18,-25,1208,423,-333,284,1177,431,4,512,434,-217,-94,830,69,69,1,1,0,0,0,0,0,1,1,0,5,19233,9557,29181,1624594,0,0,0,3269433,4960819,0,106,94,0,0,1000,1000,7289214
MPCTASK: EXP,2,108,5388,77,801,479,114,-239,-85,1643,184,-301,374,1092,431,-31,352,565,-237,-265,1478,69,69,1,1,0,0,0,0,0,1,0,674,5,23940,8191,32836,1392484,0,0,0,4069601,5582201,0,108,95,0,0,1000,1000,7289214
MPCTASK: EXP,2,110,5486,129,708,468,141,-657,-60,1753,-169,-296,420,982,431,63,181,582,-243,-403,1383,69,69,1,1,0,0,0,0,0,1,0,786,5,22187,7563,30804,1285715,0,0,0,3771693,5236772,0,110,96,0,0,1000,1000,7289214
MPCTASK: EXP,2,112,5587,141,625,468,150,-1034,96,1720,-98,-304,417,849,431,-25,-76,433,-231,-196,1057,69,69,1,1,0,0,0,0,0,1,1,0,5,20250,10665,30988,1812967,0,0,0,3442277,5268037,0,112,97,0,0,1000,1000,7289214
MPCTASK: EXP,2,114,5686,149,479,483,128,-1338,163,800,244,-207,366,697,431,-61,-244,440,-216,252,820,69,69,1,1,0,0,0,0,0,1,1,0,5,20599,10210,30882,1735619,0,0,0,3501705,5250065,0,114,99,0,0,1000,1000,7289214
MPCTASK: EXP,2,116,5793,132,333,491,21,-1403,-9,-116,950,18,271,531,431,-141,-348,436,-210,137,879,69,69,1,1,0,0,0,0,0,1,1,0,5,28096,9221,37392,1567564,0,0,0,4776129,6356668,0,116,101,0,0,1000,1000,7289214
MPCTASK: EXP,2,118,5889,113,175,502,-151,-1371,-37,-601,1207,283,142,353,431,-191,-469,438,-205,22,1008,69,69,1,1,0,0,0,0,0,1,1,0,5,22291,11129,33795,1891786,0,0,0,3789505,5745294,0,118,103,0,0,1000,1000,7289214
MPCTASK: EXP,2,120,5990,73,41,496,-359,-1289,-101,-514,984,284,-7,168,431,-225,-572,434,-223,-102,846,69,69,1,1,0,0,0,0,0,1,1,0,5,24835,9643,34551,1639213,0,0,0,4221841,5873638,0,120,105,0,0,1000,1000,7289214
MPCTASK: EXP,2,122,6094,16,-78,478,-536,-1202,-142,-524,728,162,-164,-18,431,-252,-645,431,-249,-162,665,69,69,1,1,0,0,0,0,0,1,1,0,5,24095,14447,38615,2455989,0,0,0,4095953,6564516,0,122,107,0,0,1000,1000,7289214
MPCTASK: EXP,2,124,6191,-45,-186,457,-642,-1086,-138,-605,251,-105,-313,-203,431,-241,-698,431,-270,49,819,69,69,1,1,0,0,0,0,0,1,1,0,5,25210,10517,35800,1787835,0,0,0,4285585,6085993,0,124,109,0,0,1000,1000,7289214
MPCTASK: EXP,2,126,6287,-113,-263,443,-628,-937,-77,-560,-379,-461,-438,-381,431,-199,-714,431,-272,-66,661,69,69,1,1,0,0,0,0,0,1,1,0,5,22236,9906,32224,1683851,0,0,0,3780113,5478107,0,126,111,0,0,1000,1000,7289214
MPCTASK: EXP,2,128,6389,-171,-321,437,-504,-778,-15,-692,-807,-744,-528,-547,431,-136,-700,431,-265,-183,662,69,69,1,1,0,0,0,0,0,1,1,0,5,24593,9014,33679,1532238,0,0,0,4180765,5725580,0,128,113,0,0,1000,1000,7289214
MPCTASK: EXP,2,130,6488,-221,-361,441,-337,-621,41,-656,-1055,-922,-574,-698,431,-76,-678,431,-258,-125,790,69,69,1,1,0,0,0,0,0,1,1,0,5,19086,13463,32623,2288596,0,0,0,3244625,5546028,0,130,115,0,0,1000,1000,7289214
MPCTASK: EXP,2,132,6590,-244,-392,447,-128,-505,50,-507,-1170,-951,-571,-830,431,-5,-653,431,-252,-31,919,69,69,1,1,0,0,0,0,0,1,1,0,5,25224,9500,34796,1614808,0,0,0,4288037,5915417,0,132,117,0,0,1000,1000,7289214
MPCTASK: EXP,2,134,6687,-241,-419,448,92,-421,7,-359,-1219,-913,-520,-939,431,66,-630,431,-251,-182,865,69,69,1,1,0,0,0,0,0,1,1,0,5,21051,11193,32317,1902787,0,0,0,3578473,5493844,0,134,119,0,0,1000,1000,7289214
MPCTASK: EXP,2,136,6789,-221,-428,444,303,-351,-15,-227,-1116,-909,-425,-1024,431,123,-586,431,-258,-159,849,69,69,1,1,0,0,0,0,0,1,1,0,5,23597,9379,33050,1594444,0,0,0,4011446,5618469,0,136,121,0,0,1000,1000,7289214
MPCTASK: EXP,2,138,6887,-179,-442,440,484,-308,-4,-151,-759,-856,-297,-1081,431,156,-544,431,-259,-179,626,69,69,1,1,0,0,0,0,0,1,1,0,5,21072,10595,31743,1801090,0,0,0,3582173,5396287,0,138,123,0,0,1000,1000,7289214
MPCTASK: EXP,2,140,6985,-116,-448,440,603,-253,19,-208,-291,-742,-146,-1110,431,172,-480,431,-259,-108,502,69,69,1,1,0,0,0,0,0,1,1,0,5,21086,8465,29630,1439068,0,0,0,3584469,5037066,0,140,125,0,0,1000,1000,7289214
MPCTASK: EXP,2,142,7089,-54,-457,444,620,-189,34,-283,131,-509,10,-1109,431,153,-415,431,-255,-115,476,69,69,1,1,0,0,0,0,0,1,1,0,5,22071,12233,34487,2079497,0,0,0,3751913,5862887,0,142,127,0,0,1000,1000,7289214
MPCTASK: EXP,2,144,7189,-11,-462,453,550,-112,36,-415,418,-230,158,-1079,431,99,-336,431,-246,-125,494,69,69,1,1,0,0,0,0,0,1,1,0,5,24239,9255,33566,1573207,0,0,0,4120577,5706366,0,144,129,0,0,1000,1000,7289214
MPCTASK: EXP,2,146,7287,25,-446,455,436,13,-21,-662,719,36,284,-1021,431,27,-224,431,-249,-134,606,69,69,1,1,0,0,0,0,0,1,1,0,5,21273,10465,31810,1779029,0,0,0,3616354,5407798,0,146,131,0,0,1000,1000,7289214
MPCTASK: EXP,2,148,7387,45,-435,454,268,144,-45,-845,840,219,374,-936,431,-55,-122,431,-255,-31,796,69,69,1,1,0,0,0,0,0,1,1,0,5,21260,10511,31845,1786859,0,0,0,3614021,5413648,0,148,133,0,0,1000,1000,7289214
MPCTASK: EXP,2,150,7489,37,-400,450,62,316,-32,-902,851,370,420,-825,431,-155,1,431,-256,-29,803,69,69,1,1,0,0,0,0,0,1,1,0,5,20975,12182,33238,2070880,0,0,0,3565585,5650421,0,150,135,0,0,1000,1000,7289214
MPCTASK: EXP,2,152,7589,11,-355,443,-140,478,-41,-955,849,487,417,-693,431,-254,125,431,-265,-35,850,69,69,1,1,0,0,0,0,0,1,1,0,5,23623,8618,32316,1465024,0,0,0,4015889,5493760,0,152,137,0,0,1000,1000,7289214
MPCTASK: EXP,2,154,7694,-37,-280,435,-344,682,-31,-1001,698,544,366,-541,431,-344,278,431,-270,-105,811,69,69,1,1,0,0,0,0,0,1,1,0,5,23214,13994,37289,2378888,0,0,0,3946373,6339196,0,154,139,0,0,1000,1000,7289214
MPCTASK: EXP,2,156,7792,-99,-218,430,-503,816,-5,-879,484,489,271,-374,431,-412,386,431,-270,-154,698,69,69,1,1,0,0,0,0,0,1,1,0,5,24225,11398,36058,1937625,0,0,0,4118234,6129962,0,156,141,0,0,1000,1000,7289214
MPCTASK: EXP,2,158,7891,-167,-116,430,-601,981,24,-677,190,424,142,-196,431,-448,520,431,-269,-157,609,69,69,1,1,0,0,0,0,0,1,1,0,5,21424,12054,34045,2049096,0,0,0,3642033,5787577,0,158,143,0,0,1000,1000,7289214
MPCTASK: EXP,2,160,7986,-228,-25,431,-612,1048,52,-338,-114,326,-7,-11,431,-443,608,431,-268,-99,524,69,69,1,1,0,0,0,0,0,1,1,0,5,20619,8253,28995,1403029,0,0,0,3505109,4929345,0,160,145,0,0,1000,1000,7289214
MPCTASK: EXP,2,162,8089,-277,98,439,-555,1123,80,-123,-365,279,-164,175,431,-405,720,431,-260,-82,529,69,69,1,1,0,0,0,0,0,1,1,0,5,20409,12426,33147,2112382,0,0,0,3469406,5635087,0,162,147,0,0,1000,1000,7289214
MPCTASK: EXP,2,164,8189,-313,211,447,-452,1132,54,15,-527,248,-313,359,431,-348,806,431,-252,43,739,69,69,1,1,0,0,0,0,0,1,1,0,5,22824,9509,32781,1616566,0,0,0,3879869,5572930,0,164,149,0,0,1000,1000,7289214
MPCTASK: EXP,2,166,8289,-332,318,453,-323,1115,16,103,-586,200,-438,537,431,-270,870,431,-246,-49,624,69,69,1,1,0,0,0,0,0,1,1,0,5,21330,10969,32371,1864674,0,0,0,3626001,5503252,0,166,151,0,0,1000,1000,7289214
MPCTASK: EXP,2,168,8389,-350,431,455,-195,1097,-8,220,-749,103,-528,703,431,-194,932,431,-245,-17,733,69,69,1,1,0,0,0,0,0,1,1,0,5,22772,9243,32088,1571293,0,0,0,3871161,5455032,0,168,153,0,0,1000,1000,7289214
MPCTASK: EXP,2,170,8486,-354,520,454,-43,1016,-15,357,-867,-5,-574,854,431,-109,950,431,-248,-59,749,69,69,1,1,0,0,0,0,0,1,1,0,5,19298,10281,29990,1747727,0,0,0,3280633,5098538,0,170,155,0,0,1000,1000,7289214
MPCTASK: EXP,2,172,8589,-344,610,454,133,930,-12,467,-1033,-92,-571,986,431,-20,960,431,-248,-39,860,69,69,1,1,0,0,0,0,0,1,1,0,5,23653,9144,33220,1554349,0,0,0,4020889,5647509,0,172,157,0,0,1000,1000,7289214
MPCTASK: EXP,2,174,8694,-317,683,454,319,811,-18,543,-1027,-115,-520,1095,431,56,947,431,-249,-35,867,69,69,1,1,0,0,0,0,0,1,1,0,5,24014,13357,37581,2270603,0,0,0,4082277,6388872,0,174,159,0,0,1000,1000,7289214
MPCTASK: EXP,2,176,8790,-267,754,449,501,701,-38,589,-858,-111,-425,1180,431,125,928,431,-258,-86,744,69,69,1,1,0,0,0,0,0,1,1,0,5,23925,9450,33451,1606555,0,0,0,4067233,5686753,0,176,161,0,0,1000,1000,7289214
MPCTASK: EXP,2,178,8889,-217,798,442,620,549,-44,747,-627,-50,-297,1237,431,159,869,431,-266,-51,749,69,69,1,1,0,0,0,0,0,1,1,0,5,20254,12482,32808,2121851,0,0,0,3443145,5577570,0,178,163,0,0,1000,1000,7289214
MPCTASK: EXP,2,180,8987,-163,830,437,688,386,-28,781,-297,20,-146,1266,431,162,801,431,-267,-128,687,69,69,1,1,0,0,0,0,0,1,1,0,5,21947,8684,30710,1476213,0,0,0,3730777,5220867,0,180,165,0,0,1000,1000,7289214
MPCTASK: EXP,2,182,9090,-103,867,438,683,258,15,713,280,28,10,1265,431,116,753,431,-261,112,849,69,69,1,1,0,0,0,0,0,1,1,0,5,21210,12268,33553,2085453,0,0,0,3605633,5704045,0,182,167,0,0,1000,1000,7289214
MPCTASK: EXP,2,184,9188,-73,869,450,500,127,133,324,1140,24,158,1236,431,-8,691,431,-249,-178,723,69,69,1,1,0,0,0,0,0,1,1,0,5,21012,10895,31981,1852142,0,0,0,3571885,5436916,0,184,169,0,0,1000,1000,7289214
MPCTASK: EXP,2,186,9290,-24,855,468,288,26,147,412,1425,45,283,1178,431,-88,585,435,-231,-271,777,69,69,1,1,0,0,0,0,0,1,1,0,5,21235,12449,33757,2116306,0,0,0,3609809,5738699,0,186,171,0,0,1000,1000,7289214
MPCTASK: EXP,2,188,9388,8,856,480,108,-68,43,894,1181,119,373,1093,431,-143,478,435,-219,-219,678,69,69,1,1,0,0,0,0,0,1,1,0,5,22986,9186,32245,1561484,0,0,0,3907601,5481678,0,188,173,0,0,1000,1000,7289214
MPCTASK: EXP,2,190,9489,16,824,474,-44,-283,-80,1378,832,197,419,983,431,-192,316,431,-241,-315,945,69,69,1,1,0,0,0,0,0,1,1,0,5,21053,11110,32237,1888568,0,0,0,3578917,5480405,0,190,175,0,0,1000,1000,7289214
MPCTASK: EXP,2,192,9588,24,793,462,-111,-520,-154,1601,458,222,415,851,431,-206,173,538,-268,-435,1736,69,69,1,1,0,0,0,0,0,1,0,576,5,21049,9525,31646,1619316,0,0,0,3578121,5379902,0,192,176,0,0,1000,1000,7289214
MPCTASK: EXP,2,194,9691,43,706,446,-153,-885,-91,1724,393,-35,364,700,431,-207,-29,431,-271,-476,1330,69,69,1,1,0,0,0,0,0,1,1,0,5,23283,11397,34754,1937434,0,0,0,3958089,5908114,0,194,177,0,0,1000,1000,7289214
MPCTASK: EXP,2,196,9786,67,629,441,-135,-1176,103,1362,-3,-286,269,533,431,-161,-175,431,-258,-181,880,69,69,1,1,0,0,0,0,0,1,1,0,5,20809,9342,30236,1588072,0,0,0,3537362,5140192,0,196,179,0,0,1000,1000,7289214
MPCTASK: EXP,2,198,9888,74,472,449,-134,-1420,78,703,61,-701,141,355,431,-140,-341,431,-250,96,784,69,69,1,1,0,0,0,0,0,1,1,0,5,19306,11508,30988,1956350,0,0,0,3281877,5268013,0,198,181,0,0,1000,1000,7289214
MPCTASK: EXP,2,200,9989,16,312,453,-212,-1509,63,59,30,-1018,-8,169,431,-165,-465,431,-246,-19,504,69,69,1,1,0,0,0,0,0,1,1,0,5,23035,9804,32912,1666650,0,0,0,3915801,5595052,0,200,183,0,0,1000,1000,7289214
MPCTASK: EXP,2,202,10091,3,100,469,-215,-1591,145,-425,128,-1358,-163,-19,432,-139,-620,437,-230,122,686,69,69,1,1,0,0,0,0,0,1,1,0,5,23237,11516,34826,1957588,0,0,0,3950197,5920609,0,202,185,0,0,1000,1000,7289214
MPCTASK: EXP,2,204,10188,-30,-35,492,-231,-1432,177,-963,241,-1648,-309,-207,432,-122,-653,447,-207,-110,605,69,69,1,1,0,0,0,0,0,1,1,0,5,21178,9445,30833,1605597,0,0,0,3600153,5241646,0,204,187,0,0,1000,1000,7289214
MPCTASK: EXP,2,206,10289,-60,-151,511,-220,-1241,151,-823,-23,-1929,-431,-389,432,-78,-693,450,-188,-49,570,69,69,1,1,0,0,0,0,0,1,1,0,5,20997,11013,32082,1872028,0,0,0,3569505,5454149,0,206,189,0,0,1000,1000,7289214
MPCTASK: EXP,2,208,10387,-97,-249,519,-172,-1113,118,-523,-519,-2121,-517,-560,432,-30,-728,450,-180,-106,457,69,69,1,1,0,0,0,0,0,1,1,0,5,21095,9608,30776,1633187,0,0,0,3586177,5231988,0,208,191,0,0,1000,1000,7289214
MPCTASK: EXP,2,210,10491,-116,-332,526,-44,-1032,80,-484,-849,-2154,-560,-715,432,26,-734,449,-173,109,743,69,69,1,1,0,0,0,0,0,1,1,0,5,22387,12669,35131,2153524,0,0,0,3805778,5972324,0,210,193,0,0,1000,1000,7289214
MPCTASK: EXP,2,212,10589,-113,-420,532,120,-979,60,-591,-842,-2096,-555,-849,431,77,-726,449,-167,-48,579,69,69,1,1,0,0,0,0,0,1,1,0,5,22622,9906,32600,1683819,0,0,0,3845617,5542054,0,212,195,0,0,1000,1000,7289214
MPCTASK: EXP,2,214,10688,-100,-489,538,262,-873,-7,-908,-658,-1873,-504,-958,431,104,-667,449,-163,7,602,69,69,1,1,0,0,0,0,0,1,1,0,5,21030,10782,31886,1832878,0,0,0,3574930,5420822,0,214,197,0,0,1000,1000,7289214
MPCTASK: EXP,2,216,10788,-66,-557,528,377,-717,-187,-1407,-237,-1378,-415,-1036,431,107,-581,440,-209,-76,1181,69,69,1,1,0,0,0,0,0,1,1,0,5,22047,9281,31971,1577664,0,0,0,3747913,5435242,0,216,199,0,0,1000,1000,7289214
MPCTASK: EXP,2,218,10888,-25,-600,507,421,-450,-285,-1729,281,-868,-299,-1079,431,88,-467,502,-249,-683,2403,70,70,1,1,0,0,0,0,0,1,0,357,5,20099,10584,31767,1799275,0,0,0,3416649,5400405,0,218,199,0,0,1000,1000,7289214
MPCTASK: EXP,2,220,10988,13,-607,480,377,-78,-210,-1700,533,-469,-170,-1083,431,44,-321,527,-261,-592,1892,69,69,1,1,0,0,0,0,0,1,0,533,5,20097,9486,30999,1612650,0,0,0,3416309,5269826,0,220,199,0,0,1000,1000,7289214
MPCTASK: EXP,2,222,11087,37,-573,460,262,287,-119,-1520,719,-39,-45,-1045,431,8,-204,431,-263,-287,1185,69,69,1,1,0,0,0,0,0,1,1,0,5,20014,9924,30011,1686913,0,0,0,3402425,5101952,0,222,200,0,0,1000,1000,7289214
MPCTASK: EXP,2,224,11188,42,-501,451,84,612,-30,-1290,867,292,59,-965,431,-46,-85,431,-254,-179,884,69,69,1,1,0,0,0,0,0,1,1,0,5,22368,9401,31844,1598221,0,0,0,3802638,5413472,0,224,202,0,0,1000,1000,7289214
MPCTASK: EXP,2,226,11291,34,-428,439,-86,786,-122,-867,903,471,133,-846,431,-85,-33,431,-285,-213,792,69,69,1,1,0,0,0,0,0,1,1,0,5,22951,12125,35149,2061096,0,0,0,3901529,5975427,0,226,204,0,0,1000,1000,7289214
MPCTASK: EXP,2,228,11390,1,-290,420,-257,973,-152,-296,662,557,166,-694,432,-132,63,432,-309,-22,879,69,69,1,1,0,0,0,0,0,1,1,0,5,22422,10624,33118,1805968,0,0,0,3811614,5630201,0,228,206,0,0,1000,1000,7289214
MPCTASK: EXP,2,230,11496,-50,-211,408,-388,926,-70,419,329,586,159,-521,432,-171,62,432,-305,4,767,69,69,1,1,0,0,0,0,0,1,1,0,5,27577,11950,39602,2031567,0,0,0,4688169,6732349,0,230,208,0,0,1000,1000,7289214
MPCTASK: EXP,2,232,11589,-131,-186,405,-457,705,10,750,-216,568,118,-342,432,-215,23,432,-294,-180,673,69,69,1,1,0,0,0,0,0,1,1,0,5,25224,7811,33109,1327932,0,0,0,4288113,5628664,0,232,210,0,0,1000,1000,7289214
MPCTASK: EXP,2,234,11688,-171,-138,411,-377,554,48,710,-504,529,57,-177,432,-224,60,432,-288,-75,712,69,69,1,1,0,0,0,0,0,1,1,0,5,20028,11580,31688,1968539,0,0,0,3404593,5387148,0,234,212,0,0,1000,1000,7289214
MPCTASK: EXP,2,236,11787,-201,-84,415,-270,458,21,566,-581,437,-5,-44,432,-245,151,432,-284,-64,692,69,69,1,1,0,0,0,0,0,1,1,0,5,20281,9708,30064,1650432,0,0,0,3447821,5110872,0,236,214,0,0,1000,1000,7289214
MPCTASK: EXP,2,238,11890,-205,-48,416,-141,377,-10,313,-462,349,-53,40,432,-258,260,432,-285,-136,578,69,69,1,1,0,0,0,0,0,1,1,0,5,19644,13376,33093,2273728,0,0,0,3339489,5625837,0,238,216,0,0,1000,1000,7289214
MPCTASK: EXP,2,240,11986,-202,-31,413,-51,320,-14,-116,-238,291,-74,74,432,-263,362,432,-289,-77,576,69,69,1,1,0,0,0,0,0,1,1,0,5,21882,8013,30207,1362164,0,0,0,3719826,5135342,0,240,218,0,0,1000,1000,7289214
MPCTASK: EXP,2,242,12090,-189,-4,415,-5,371,7,-636,83,279,-77,78,431,-245,476,431,-284,-139,645,69,69,1,1,0,0,0,0,0,1,1,0,5,22131,11795,34008,2005042,0,0,0,3762261,5781316,0,242,220,0,0,1000,1000,7289214
MPCTASK: EXP,2,244,12191,-181,38,420,-26,508,1,-1034,299,317,-81,85,432,-212,577,432,-279,-117,849,69,69,1,1,0,0,0,0,0,1,1,0,5,24770,9590,34440,1630134,0,0,0,4210806,5854944,0,244,222,0,0,1000,1000,7289214
MPCTASK: EXP,2,246,12288,-178,101,420,-75,695,-16,-1101,368,338,-106,131,432,-175,678,432,-283,-41,1016,69,69,1,1,0,0,0,0,0,1,1,0,5,20041,10573,30688,1797414,0,0,0,3407049,5217072,0,246,224,0,0,1000,1000,7289214
MPCTASK: EXP,2,248,12389,-178,187,416,-115,888,-14,-907,164,284,-153,230,432,-123,772,432,-286,-219,715,69,69,1,1,0,0,0,0,0,1,1,0,5,23929,7934,31938,1348778,0,0,0,4067793,5429532,0,248,226,0,0,1000,1000,7289214
MPCTASK: EXP,2,250,12490,-184,297,406,-112,1051,-17,-516,-149,228,-209,375,432,-63,857,432,-297,-126,642,69,69,1,1,0,0,0,0,0,1,1,0,5,20696,11714,32922,1991312,0,0,0,3518174,5596909,0,250,228,0,0,1000,1000,7289214
MPCTASK: EXP,2,252,12589,-190,396,401,-56,1088,9,-82,-447,189,-256,549,432,-3,892,432,-298,-154,576,69,69,1,1,0,0,0,0,0,1,1,0,5,21883,9565,31521,1625929,0,0,0,3720040,5358584,0,252,230,0,0,1000,1000,7289214
MPCTASK: EXP,2,254,12693,-194,506,406,39,1076,75,296,-682,169,-277,731,432,51,917,432,-293,-181,621,69,69,1,1,0,0,0,0,0,1,1,0,5,22001,13690,35763,2327261,0,0,0,3740061,6079936,0,254,232,0,0,1000,1000,7289214
MPCTASK: EXP,2,256,12790,-187,587,417,166,954,82,594,-773,202,-262,900,432,95,891,432,-282,-22,782,69,69,1,1,0,0,0,0,0,1,1,0,5,23390,9293,32756,1579847,0,0,0,3976102,5568563,0,256,234,0,0,1000,1000,7289214
MPCTASK: EXP,2,258,12890,-121,739,423,372,972,26,738,-626,150,-208,1043,431,170,953,431,-276,-120,672,69,69,1,1,0,0,0,0,0,1,1,0,5,20889,11827,33021,2010565,0,0,0,3550972,5613619,0,258,236,0,0,1000,1000,7289214
MPCTASK: EXP,2,260,12992,-90,797,428,439,755,12,1084,-330,183,-119,1149,431,168,874,431,-271,-109,856,69,69,1,1,0,0,0,0,0,1,1,0,5,24094,10128,34295,1721756,0,0,0,4095834,5830196,0,260,238,0,0,1000,1000,7289214
MPCTASK: EXP,2,262,13089,-29,854,428,508,543,-15,1248,1,176,-6,1212,431,166,799,431,-274,-290,862,69,69,1,1,0,0,0,0,0,1,1,0,5,19654,11643,31370,1979199,0,0,0,3341133,5332952,0,262,240,0,0,1000,1000,7289214
MPCTASK: EXP,2,264,13190,3,871,426,455,277,-40,1246,390,161,116,1231,431,108,692,431,-281,-199,1007,69,69,1,1,0,0,0,0,0,1,1,0,5,23266,9232,32962,1569370,0,0,0,3954932,5603627,0,264,242,0,0,1000,1000,7289214
MPCTASK: EXP,2,266,13287,68,871,424,402,22,-3,1182,710,51,233,1208,431,70,572,431,-276,-159,899,69,69,1,1,0,0,0,0,0,1,1,0,5,19240,10185,29792,1731367,0,0,0,3270737,5064702,0,266,244,0,0,1000,1000,7289214
MPCTASK: EXP,2,268,13388,77,846,426,226,-233,24,1244,825,-40,328,1146,431,-24,435,431,-273,-127,914,69,69,1,1,0,0,0,0,0,1,1,0,5,21262,8968,30303,1524497,0,0,0,3614453,5151569,0,268,246,0,0,1000,1000,7289214
MPCTASK: EXP,2,270,13489,65,777,425,32,-519,10,1215,771,-167,389,1050,431,-118,261,431,-274,-259,812,69,69,1,1,0,0,0,0,0,1,1,0,5,19059,13002,32137,2210251,0,0,0,3239965,5463482,0,270,248,0,0,1000,1000,7289214
MPCTASK: EXP,2,272,13590,29,702,422,-143,-743,0,1047,584,-333,407,926,431,-216,110,431,-277,-180,783,69,69,1,1,0,0,0,0,0,1,1,0,5,23573,9167,32816,1558216,0,0,0,4007407,5578862,0,272,250,0,0,1000,1000,7289214
MPCTASK: EXP,2,274,13689,-10,610,421,-269,-935,14,991,337,-531,378,777,432,-281,-47,432,-278,-185,743,69,69,1,1,0,0,0,0,0,1,1,0,5,19889,11261,31361,1914246,0,0,0,3380917,5331379,0,274,252,0,0,1000,1000,7289214
MPCTASK: EXP,2,276,13791,1,543,426,-274,-1011,63,577,392,-723,304,611,432,-285,-124,432,-273,-102,610,69,69,1,1,0,0,0,0,0,1,1,0,5,23020,9828,32982,1670669,0,0,0,3913353,5606888,0,276,254,0,0,1000,1000,7289214
MPCTASK: EXP,2,278,13888,-36,436,434,-385,-1058,73,-4,723,-713,191,432,432,-344,-208,432,-265,-167,600,69,69,1,1,0,0,0,0,0,1,1,0,5,19647,10862,30582,1846337,0,0,0,3339921,5199064,0,278,256,0,0,1000,1000,7289214
MPCTASK: EXP,2,280,13990,-90,347,448,-513,-993,61,-187,663,-573,51,246,432,-379,-279,432,-251,-104,591,69,69,1,1,0,0,0,0,0,1,1,0,5,21264,11465,33217,1949033,0,0,0,3614829,5646968,0,280,258,0,0,1000,1000,7289214
MPCTASK: EXP,2,282,14089,-158,278,449,-604,-910,-17,-45,247,-407,-102,56,431,-385,-337,431,-253,-92,493,69,69,1,1,0,0,0,0,0,1,1,0,5,19653,11829,31555,2010858,0,0,0,3341017,5364484,0,282,260,0,0,1000,1000,7289214
MPCTASK: EXP,2,284,14190,-225,212,443,-622,-868,-55,145,-126,-239,-254,-131,431,-368,-396,431,-267,-93,469,69,69,1,1,0,0,0,0,0,1,1,0,5,23588,8476,32185,1440838,0,0,0,4009837,5471571,0,284,262,0,0,1000,1000,7289214
MPCTASK: EXP,2,286,14290,-288,150,438,-570,-864,-39,369,-566,-82,-389,-313,431,-322,-457,431,-269,-151,577,69,69,1,1,0,0,0,0,0,1,1,0,5,21064,11253,32823,1912905,0,0,0,3580677,5579968,0,286,264,0,0,1000,1000,7289214
MPCTASK: EXP,2,288,14395,-331,86,437,-428,-895,-22,545,-906,68,-495,-485,431,-246,-514,431,-267,-163,717,69,69,1,1,0,0,0,0,0,1,1,0,5,26122,11314,37847,1923294,0,0,0,4440545,6434054,0,288,266,0,0,1000,1000,7289214
MPCTASK: EXP,2,290,14493,-363,10,435,-250,-956,-38,577,-1148,175,-559,-642,431,-166,-571,431,-272,-144,935,69,69,1,1,0,0,0,0,0,1,1,0,5,21289,12929,34292,2197953,0,0,0,3619081,5829648,0,290,268,0,0,1000,1000,7289214
MPCTASK: EXP,2,292,14593,-376,-71,434,-39,-1006,-41,415,-1286,210,-577,-782,431,-81,-610,431,-274,-175,1053,69,69,1,1,0,0,0,0,0,1,1,0,5,25005,7906,34258,1343845,0,0,0,4250745,5823897,0,292,270,0,0,1000,1000,7289214
MPCTASK: EXP,2,294,14690,-371,-166,432,179,-1039,-34,218,-1266,183,-545,-900,431,-5,-647,431,-273,-178,1017,69,69,1,1,0,0,0,0,0,1,1,0,5,20298,11684,32055,1986289,0,0,0,3450561,5449465,0,294,272,0,0,1000,1000,7289214
MPCTASK: EXP,2,296,14790,-352,-260,425,375,-1032,-50,-27,-1172,122,-467,-994,431,55,-665,431,-285,-143,1033,69,69,1,1,0,0,0,0,0,1,1,0,5,22680,9326,32087,1585462,0,0,0,3855466,5454848,0,296,274,0,0,1000,1000,7289214
MPCTASK: EXP,2,298,14890,-303,-346,419,565,-981,-42,-218,-927,37,-351,-1062,431,110,-660,431,-289,-215,753,69,69,1,1,0,0,0,0,0,1,1,0,5,20282,11394,31749,1937005,0,0,0,3447725,5397344,0,298,276,0,0,1000,1000,7289214
MPCTASK: EXP,2,300,14989,-251,-417,418,680,-876,15,-551,-606,-61,-208,-1102,431,132,-617,431,-281,-166,594,69,69,1,1,0,0,0,0,0,1,1,0,5,21698,8721,30494,1482632,0,0,0,3688705,5183953,0,300,278,0,0,1000,1000,7289214
MPCTASK: EXP,2,302,15091,-192,-489,422,743,-739,46,-790,-329,-140,-52,-1113,431,133,-573,431,-277,-156,656,69,69,1,1,0,0,0,0,0,1,1,0,5,22071,10682,32826,1815751,0,0,0,3751917,5580512,0,302,280,0,0,1000,1000,7289214
MPCTASK: EXP,2,304,15191,-138,-526,431,740,-544,55,-906,-45,-225,101,-1095,431,107,-490,431,-268,-134,705,69,69,1,1,0,0,0,0,0,1,1,0,5,22054,10744,32878,1826353,0,0,0,3749085,5589437,0,304,282,0,0,1000,1000,7289214
MPCTASK: EXP,2,306,15291,-72,-549,435,713,-334,10,-1172,395,-150,237,-1048,431,65,-379,431,-264,-155,855,69,69,1,1,0,0,0,0,0,1,1,0,5,20269,11729,32071,1993617,0,0,0,3445697,5452220,0,306,284,0,0,1000,1000,7289214
MPCTASK: EXP,2,308,15391,-21,-558,440,580,-99,-5,-1286,921,21,343,-973,431,-11,-269,431,-260,-263,841,69,69,1,1,0,0,0,0,0,1,1,0,5,23031,9116,32228,1549704,0,0,0,3915205,5478696,0,308,286,0,0,1000,1000,7289214
MPCTASK: EXP,2,310,15488,14,-551,440,385,124,-49,-1344,1136,224,407,-872,431,-92,-150,431,-269,-218,962,69,69,1,1,0,0,0,0,0,1,1,0,5,19296,10853,30225,1845048,0,0,0,3280257,5138317,0,310,288,0,0,1000,1000,7289214
MPCTASK: EXP,2,312,15591,21,-532,435,153,336,-61,-1442,1209,403,424,-748,431,-183,-29,431,-276,-168,1125,69,69,1,1,0,0,0,0,0,1,1,0,5,21776,10037,32253,1706140,0,0,0,3701825,5483168,0,312,290,0,0,1000,1000,7289214
MPCTASK: EXP,2,314,15693,6,-472,426,-125,618,-70,-1435,1106,542,392,-604,431,-279,130,431,-287,-209,1136,69,69,1,1,0,0,0,0,0,1,1,0,5,19298,12954,32325,2202222,0,0,0,3280453,5495289,0,314,292,0,0,1000,1000,7289214
MPCTASK: EXP,2,316,15789,-38,-415,420,-367,821,-40,-1269,907,528,314,-443,431,-362,252,431,-287,-293,864,69,69,1,1,0,0,0,0,0,1,1,0,5,18403,10424,28900,1772062,0,0,0,3128362,4913037,0,316,294,0,0,1000,1000,7289214
MPCTASK: EXP,2,318,15891,-109,-343,416,-546,973,10,-783,433,397,197,-269,431,-414,345,431,-283,-59,765,69,69,1,1,0,0,0,0,0,1,1,0,5,21249,9865,31192,1676910,0,0,0,3612249,5302759,0,318,296,0,0,1000,1000,7289214
MPCTASK: EXP,2,320,15992,-164,-286,420,-591,1003,77,-403,14,350,54,-86,431,-412,401,431,-279,-139,526,69,69,1,1,0,0,0,0,0,1,1,0,5,21833,9967,31880,1694260,0,0,0,3711489,5419727,0,320,298,0,0,1000,1000,7289214
MPCTASK: EXP,2,322,16094,-225,-180,434,-562,1048,97,-228,-285,399,-101,100,431,-394,500,431,-265,7,642,69,69,1,1,0,0,0,0,0,1,1,0,5,20652,12859,33585,2185996,0,0,0,3510658,5709428,0,322,300,0,0,1000,1000,7289214
MPCTASK: EXP,2,324,16198,-252,-85,441,-462,1061,43,-138,-412,468,-255,286,431,-331,579,431,-258,32,704,69,69,1,1,0,0,0,0,0,1,1,0,5,24253,13595,37926,2311139,0,0,0,4122890,6447504,0,324,302,0,0,1000,1000,7289214
MPCTASK: EXP,2,326,16296,-274,14,445,-352,1073,6,-106,-527,498,-392,467,431,-259,655,431,-254,17,709,69,69,1,1,0,0,0,0,0,1,1,0,5,25782,10191,36053,1732400,0,0,0,4382826,6129115,0,326,304,0,0,1000,1000,7289214
MPCTASK: EXP,2,328,16391,-278,100,450,-223,1074,11,-70,-640,491,-497,638,431,-173,710,431,-249,50,793,69,69,1,1,0,0,0,0,0,1,1,0,5,22050,9332,31453,1586319,0,0,0,3748333,5347106,0,328,306,0,0,1000,1000,7289214
MPCTASK: EXP,2,330,16491,-284,198,450,-79,1056,-19,-67,-732,444,-561,796,431,-91,763,431,-253,22,807,69,69,1,1,0,0,0,0,0,1,1,0,5,19736,11098,30907,1886557,0,0,0,3355033,5254205,0,330,308,0,0,1000,1000,7289214
MPCTASK: EXP,2,332,16593,-271,272,445,78,1019,-41,-43,-824,413,-578,936,431,-4,784,431,-262,31,932,69,69,1,1,0,0,0,0,0,1,1,0,5,19990,12598,32661,2141491,0,0,0,3398305,5552370,0,332,310,0,0,1000,1000,7289214
MPCTASK: EXP,2,334,16690,-239,367,440,251,1019,-40,48,-785,381,-546,1055,431,79,816,431,-267,-65,767,69,69,1,1,0,0,0,0,0,1,1,0,5,19333,10597,30338,1801354,0,0,0,3286634,5157561,0,334,312,0,0,1000,1000,7289214
MPCTASK: EXP,2,336,16794,-209,436,437,377,966,-21,227,-736,376,-468,1149,431,133,806,431,-267,-51,747,69,69,1,1,0,0,0,0,0,1,1,0,5,23438,10772,34450,1831145,0,0,0,3984322,5856614,0,336,314,0,0,1000,1000,7289214
MPCTASK: EXP,2,338,16897,-145,537,434,533,904,-18,490,-480,374,-352,1218,431,189,805,431,-269,-138,554,69,69,1,1,0,0,0,0,0,1,1,0,5,24578,11906,36555,2023888,0,0,0,4178081,6214426,0,338,316,0,0,1000,1000,7289214
MPCTASK: EXP,2,340,16993,-82,613,430,605,785,-13,738,-111,387,-208,1258,431,203,767,431,-272,-182,632,69,69,1,1,0,0,0,0,0,1,1,0,5,22323,9934,32332,1688760,0,0,0,3794841,5496461,0,340,318,0,0,1000,1000,7289214
MPCTASK: EXP,2,342,17096,-12,671,431,622,615,4,953,217,396,-52,1269,431,200,702,431,-268,-181,727,69,69,1,1,0,0,0,0,0,1,1,0,5,22190,13307,35579,2262054,0,0,0,3772330,6048611,0,342,320,0,0,1000,1000,7289214
MPCTASK: EXP,2,344,17195,33,710,437,569,442,20,1002,478,390,101,1251,431,154,631,431,-262,-220,707,69,69,1,1,0,0,0,0,0,1,1,0,5,24442,10440,35401,1774711,0,0,0,4154981,6018354,0,344,322,0,0,1000,1000,7289214
MPCTASK: EXP,2,346,17297,76,749,442,431,246,15,1067,875,298,237,1204,431,74,549,431,-257,-170,756,69,69,1,1,0,0,0,0,0,1,1,0,5,23075,13114,36615,2229403,0,0,0,3922797,6224593,0,346,324,0,0,1000,1000,7289214
MPCTASK: EXP,2,348,17400,126,734,441,309,-15,-11,1265,930,205,343,1129,431,28,406,431,-260,-44,1054,69,69,1,1,0,0,0,0,0,1,1,0,5,28119,11490,39682,1953192,0,0,0,4780161,6745967,0,348,326,0,0,1000,1000,7289214
MPCTASK: EXP,2,350,17494,157,707,439,154,-262,-25,1189,1109,38,407,1029,431,-45,278,431,-265,-124,901,69,69,1,1,0,0,0,0,0,1,1,0,5,22443,11782,34305,2002762,0,0,0,3815282,5831927,0,350,328,0,0,1000,1000,7289214
MPCTASK: EXP,2,352,17594,150,660,435,-63,-495,-25,1205,1020,-79,424,905,431,-130,135,431,-269,-191,862,69,69,1,1,0,0,0,0,0,1,1,0,5,22887,9730,32689,1653948,0,0,0,3890666,5557221,0,352,330,0,0,1000,1000,7289214
MPCTASK: EXP,2,354,17695,102,574,429,-284,-745,-26,1012,783,-241,392,760,431,-226,-19,431,-275,-141,790,69,69,1,1,0,0,0,0,0,1,1,0,5,23404,10382,33859,1764871,0,0,0,3978681,5756164,0,354,332,0,0,1000,1000,7289214
MPCTASK: EXP,2,356,17799,55,481,424,-435,-920,-9,800,573,-426,314,599,431,-290,-162,431,-277,-189,648,69,69,1,1,0,0,0,0,0,1,1,0,5,27216,10653,37942,1810903,0,0,0,4626709,6450232,0,356,334,0,0,1000,1000,7289214
MPCTASK: EXP,2,358,17893,-7,398,422,-544,-1023,24,577,234,-483,197,425,431,-332,-266,431,-277,-159,576,69,69,1,1,0,0,0,0,0,1,1,0,5,20036,12139,32256,2063552,0,0,0,3406005,5483556,0,358,336,0,0,1000,1000,7289214
MPCTASK: EXP,2,360,17997,-91,284,426,-624,-1106,58,205,151,-523,54,242,431,-381,-373,431,-273,-112,473,69,69,1,1,0,0,0,0,0,1,1,0,5,23016,10884,35313,1850090,0,0,0,3912773,6003280,0,360,338,0,0,1000,1000,7289214
MPCTASK: EXP,2,362,18096,-156,195,437,-634,-1068,75,-124,-87,-447,-101,56,431,-374,-432,431,-262,-9,567,69,69,1,1,0,0,0,0,0,1,1,0,5,24697,9855,34629,1675400,0,0,0,4198553,5887046,0,362,340,0,0,1000,1000,7289214
MPCTASK: EXP,2,364,18198,-206,120,448,-581,-989,57,-140,-276,-309,-255,-130,431,-337,-477,431,-251,-36,545,69,69,1,1,0,0,0,0,0,1,1,0,5,24992,11627,36691,1976508,0,0,0,4248505,6237625,0,364,342,0,0,1000,1000,7289214
MPCTASK: EXP,2,366,18296,-253,43,455,-508,-938,15,8,-477,-143,-392,-311,431,-288,-532,431,-244,-96,536,69,69,1,1,0,0,0,0,0,1,1,0,5,23192,11238,34688,1910479,0,0,0,3942561,5896968,0,366,344,0,0,1000,1000,7289214
MPCTASK: EXP,2,368,18397,-284,-12,455,-385,-882,-26,162,-736,6,-497,-482,431,-213,-560,431,-249,-111,644,69,69,1,1,0,0,0,0,0,1,1,0,5,24845,10611,35528,1803802,0,0,0,4223498,6039913,0,368,346,0,0,1000,1000,7289214
MPCTASK: EXP,2,370,18497,-304,-81,453,-223,-880,-41,285,-958,121,-561,-640,431,-128,-602,431,-255,-70,836,69,69,1,1,0,0,0,0,0,1,1,0,5,24159,11244,35478,1911530,0,0,0,4106925,6031224,0,370,348,0,0,1000,1000,7289214
MPCTASK: EXP,2,372,18590,-306,-140,446,-26,-869,-65,282,-1112,177,-578,-780,431,-38,-618,431,-266,-10,1185,69,69,1,1,0,0,0,0,0,1,1,0,5,22381,5992,28690,1018619,0,0,0,3804638,4877304,0,372,350,0,0,1000,1000,7289214
MPCTASK: EXP,2,374,18696,-294,-215,439,178,-887,-73,249,-1151,168,-546,-898,431,43,-646,431,-275,-46,1215,69,69,1,1,0,0,0,0,0,1,1,0,5,23264,11603,35149,1972358,0,0,0,3954837,5975345,0,374,352,0,0,1000,1000,7289214
MPCTASK: EXP,2,376,18796,-254,-275,431,401,-863,-51,114,-1079,67,-468,-993,431,125,-641,431,-278,-160,909,69,69,1,1,0,0,0,0,0,1,1,0,5,21430,10933,34086,1858511,0,0,0,3643046,5794774,0,376,354,0,0,1000,1000,7289214
MPCTASK: EXP,2,378,18896,-196,-352,427,591,-856,-18,-23,-765,9,-352,-1061,431,183,-644,431,-276,-173,663,69,69,1,1,0,0,0,0,0,1,1,0,5,20028,14505,34606,2465785,0,0,0,3404733,5883128,0,378,356,0,0,1000,1000,7289214
MPCTASK: EXP,2,380,18998,-137,-408,429,681,-770,23,-415,-347,52,-208,-1102,431,196,-592,431,-270,-129,539,69,69,1,1,0,0,0,0,0,1,1,0,5,24891,11581,36543,1968751,0,0,0,4231245,6212448,0,380,358,0,0,1000,1000,7289214
MPCTASK: EXP,2,382,19094,-71,-476,434,700,-666,27,-726,10,184,-52,-1113,431,187,-545,431,-265,-175,606,69,69,1,1,0,0,0,0,0,1,1,0,5,21876,10660,32611,1812089,0,0,0,3718951,5543828,0,382,360,0,0,1000,1000,7289214
MPCTASK: EXP,2,384,19197,-16,-518,439,648,-484,19,-1054,270,254,101,-1095,431,150,-458,431,-260,-161,760,69,69,1,1,0,0,0,0,0,1,1,0,5,25127,9855,35123,1675348,0,0,0,4248021,5971016,0,384,362,0,0,1000,1000,7289214
MPCTASK: EXP,2,386,19297,26,-549,442,542,-284,-2,-1160,504,308,237,-1048,431,88,-371,431,-258,-74,913,69,69,1,1,0,0,0,0,0,1,1,0,5,24223,11394,35690,1936832,0,0,0,4117953,6067397,0,386,364,0,0,1000,1000,7289214
MPCTASK: EXP,2,388,19396,51,-561,440,393,-81,-43,-1173,667,356,343,-973,431,8,-273,431,-268,-30,1070,69,69,1,1,0,0,0,0,0,1,1,0,5,23304,11583,35295,1969022,0,0,0,3961654,6000273,0,388,366,0,0,1000,1000,7289214
MPCTASK: EXP,2,390,19496,61,-554,436,221,128,-67,-1309,807,385,407,-872,431,-81,-153,431,-277,-156,1099,69,69,1,1,0,0,0,0,0,1,1,0,5,22315,11486,33946,1952491,0,0,0,3793481,5770940,0,390,368,0,0,1000,1000,7289214
MPCTASK: EXP,2,392,19591,55,-531,430,25,361,-54,-1381,846,333,424,-748,431,-168,-25,431,-280,-117,1203,69,69,1,1,0,0,0,0,0,1,1,0,5,20418,8487,29064,1442696,0,0,0,3470914,4940946,0,392,370,0,0,1000,1000,7289214
MPCTASK: EXP,2,394,19692,27,-478,424,-167,604,-35,-1255,751,222,392,-604,431,-252,113,431,-282,-102,1070,69,69,1,1,0,0,0,0,0,1,1,0,5,20296,10735,31103,1824881,0,0,0,3450229,5287728,0,394,372,0,0,1000,1000,7289214
MPCTASK: EXP,2,396,19794,-8,-420,420,-322,795,-2,-1122,686,116,314,-443,431,-314,235,431,-279,-178,840,69,69,1,1,0,0,0,0,0,1,1,0,5,23013,10210,33302,1735557,0,0,0,3912086,5661531,0,396,374,0,0,1000,1000,7289214
MPCTASK: EXP,2,398,19895,-47,-329,422,-432,974,40,-770,452,37,197,-269,431,-343,359,431,-277,-173,636,69,69,1,1,0,0,0,0,0,1,1,0,5,21263,12235,33571,2079831,0,0,0,3614702,5707144,0,398,376,0,0,1000,1000,7289214
MPCTASK: EXP,2,400,20000,-90,-245,430,-488,1046,65,-475,277,-4,54,-86,431,-348,447,431,-269,-128,541,69,69,1,1,0,0,0,0,0,1,1,0,5,26939,11113,38129,1889052,0,0,0,4579637,6482044,0,400,378,0,0,1000,1000,7289214
MPCTASK: EXP,2,402,20096,-132,-155,437,-498,1072,45,-225,24,12,-101,100,431,-327,525,431,-262,2,616,69,69,1,1,0,0,0,0,0,1,1,0,5,24833,9572,34850,1627011,0,0,0,4221637,5924598,0,402,380,0,0,1000,1000,7289214
MPCTASK: EXP,2,404,20195,-160,-52,445,-454,1091,30,-165,-119,83,-255,286,431,-280,611,431,-254,20,617,69,69,1,1,0,0,0,0,0,1,1,0,5,23192,10427,33702,1772541,0,0,0,3942489,5729377,0,404,382,0,0,1000,1000,7289214
MPCTASK: EXP,2,406,20297,-180,44,450,-379,1089,12,-87,-287,139,-392,467,431,-212,679,431,-249,3,607,69,69,1,1,0,0,0,0,0,1,1,0,5,24738,10020,34831,1703306,0,0,0,4205401,5921329,0,406,384,0,0,1000,1000,7289214
MPCTASK: EXP,2,408,20395,-187,149,452,-264,1095,-6,-68,-477,196,-497,638,431,-127,750,431,-249,29,704,69,69,1,1,0,0,0,0,0,1,1,0,5,20118,13673,33864,2324298,0,0,0,3419961,5756872,0,408,386,0,0,1000,1000,7289214
MPCTASK: EXP,2,410,20495,-190,237,452,-143,1065,-31,-40,-593,243,-561,796,431,-48,792,431,-253,34,771,69,69,1,1,0,0,0,0,0,1,1,0,5,20331,12735,33347,2164839,0,0,0,3456249,5669040,0,410,388,0,0,1000,1000,7289214
MPCTASK: EXP,2,412,20594,-188,309,449,-15,1010,-49,-8,-697,279,-578,936,431,23,805,431,-260,39,871,69,69,1,1,0,0,0,0,0,1,1,0,5,22839,9664,32943,1642891,0,0,0,3882525,5600322,0,412,390,0,0,1000,1000,7289214
MPCTASK: EXP,2,414,20697,-174,375,443,127,944,-52,97,-749,306,-546,1054,431,93,801,431,-266,16,878,69,69,1,1,0,0,0,0,0,1,1,0,5,23012,10001,33462,1700031,0,0,0,3912013,5688638,0,414,392,0,0,1000,1000,7289214
MPCTASK: EXP,2,416,20796,-146,455,436,281,901,-48,210,-782,314,-468,1149,431,156,804,431,-272,-59,794,69,69,1,1,0,0,0,0,0,1,1,0,5,21329,11332,33079,1926094,0,0,0,3625846,5623564,0,416,394,0,0,1000,1000,7289214
MPCTASK: EXP,2,418,20897,-103,528,430,421,829,-43,388,-578,338,-351,1217,431,195,788,431,-277,-128,619,69,69,1,1,0,0,0,0,0,1,1,0,5,20732,12213,33018,2076192,0,0,0,3524293,5613141,0,418,396,0,0,1000,1000,7289214
MPCTASK: EXP,2,420,20995,-56,562,427,507,675,-21,495,-310,364,-208,1258,431,209,720,431,-277,-23,696,69,69,1,1,0,0,0,0,0,1,1,0,5,20348,10255,31052,1743252,0,0,0,3459113,5278995,0,420,398,0,0,1000,1000,7289214
MPCTASK: EXP,2,422,21097,-1,623,426,547,578,0,632,-18,343,-52,1269,431,202,679,431,-273,-47,712,69,69,1,1,0,0,0,0,0,1,1,0,5,23257,10491,33821,1783494,0,0,0,3953497,5749604,0,422,400,0,0,1000,1000,7289214
MPCTASK: EXP,2,424,21197,59,678,432,546,461,37,776,327,285,101,1251,431,173,628,431,-267,-181,627,69,69,1,1,0,0,0,0,0,1,1,0,5,24229,9618,33918,1634958,0,0,0,4118801,5766215,0,424,402,0,0,1000,1000,7289214
MPCTASK: EXP,2,426,21298,76,682,440,406,248,38,923,694,211,237,1204,431,78,514,431,-259,-85,739,69,69,1,1,0,0,0,0,0,1,1,0,5,22216,11766,34054,2000166,0,0,0,3776569,5789194,0,426,404,0,0,1000,1000,7289214
MPCTASK: EXP,2,428,21396,135,706,442,303,99,19,950,1121,-37,342,1130,431,16,437,431,-257,-230,731,69,69,1,1,0,0,0,0,0,1,1,0,5,20576,11353,32436,1930070,0,0,0,3497829,5514208,0,428,406,0,0,1000,1000,7289214
MPCTASK: EXP,2,430,21498,135,704,447,60,-89,34,1253,1041,-253,406,1030,431,-73,312,431,-252,-62,912,69,69,1,1,0,0,0,0,0,1,1,0,5,22222,11280,33575,1917539,0,0,0,3777673,5707825,0,430,408,0,0,1000,1000,7289214
MPCTASK: EXP,2,432,21593,87,658,443,-171,-378,-31,1562,722,-415,423,906,431,-189,145,431,-262,-366,1013,69,69,1,1,0,0,0,0,0,1,1,0,5,19092,9622,28787,1635755,0,0,0,3245525,4893892,0,432,410,0,0,1000,1000,7289214
MPCTASK: EXP,2,434,21699,29,622,433,-350,-588,-74,1231,487,-575,390,762,431,-279,36,431,-281,-297,911,69,69,1,1,0,0,0,0,0,1,1,0,5,23669,11234,34975,1909560,0,0,0,4023637,5945817,0,434,412,0,0,1000,1000,7289214
MPCTASK: EXP,2,436,21798,7,502,422,-415,-880,-55,1110,182,-812,312,601,431,-297,-163,431,-288,-203,910,69,69,1,1,0,0,0,0,0,1,1,0,5,23022,10658,33759,1811746,0,0,0,3913657,5739250,0,436,414,0,0,1000,1000,7289214
MPCTASK: EXP,2,438,21901,-22,423,422,-448,-1026,46,750,121,-1046,195,427,431,-309,-265,431,-277,-135,665,69,69,1,1,0,0,0,0,0,1,1,0,5,23089,12971,36135,2204888,0,0,0,3925121,6143018,0,438,416,0,0,1000,1000,7289214
MPCTASK: EXP,2,440,21998,-65,338,432,-474,-1072,110,247,38,-1199,53,244,431,-310,-337,431,-267,-87,498,69,69,1,1,0,0,0,0,0,1,1,0,5,21955,11612,33639,1974016,0,0,0,3732217,5718686,0,440,418,0,0,1000,1000,7289214
MPCTASK: EXP,2,442,22097,-108,253,445,-471,-1045,87,-53,10,-1202,-101,55,431,-299,-391,431,-254,-15,521,69,69,1,1,0,0,0,0,0,1,1,0,5,22932,9963,33302,1693534,0,0,0,3898325,5661385,0,442,420,0,0,1000,1000,7289214
MPCTASK: EXP,2,444,22199,-149,170,452,-457,-983,16,-243,2,-1082,-253,-132,432,-278,-431,432,-247,-25,547,69,69,1,1,0,0,0,0,0,1,1,0,5,22959,11150,34181,1895498,0,0,0,3902937,5810898,0,444,422,0,0,1000,1000,7289214
MPCTASK: EXP,2,446,22299,-197,88,455,-447,-922,-20,-172,-180,-905,-386,-317,432,-253,-478,432,-248,-96,452,69,69,1,1,0,0,0,0,0,1,1,0,5,23155,11039,34271,1876490,0,0,0,3936277,5826261,0,446,424,0,0,1000,1000,7289214
MPCTASK: EXP,2,448,22400,-226,44,454,-365,-833,-37,80,-567,-691,-488,-493,432,-192,-485,432,-253,-144,554,69,69,1,1,0,0,0,0,0,1,1,0,5,23251,12735,36058,2164756,0,0,0,3952609,6129980,0,448,426,0,0,1000,1000,7289214
MPCTASK: EXP,2,450,22499,-255,-19,451,-254,-840,-61,306,-779,-433,-548,-655,432,-144,-512,432,-260,-132,678,69,69,1,1,0,0,0,0,0,1,1,0,5,24222,10767,35069,1830372,0,0,0,4117541,5961812,0,450,428,0,0,1000,1000,7289214
MPCTASK: EXP,2,452,22597,-275,-94,442,-111,-871,-91,229,-951,-212,-562,-798,431,-99,-524,431,-275,-112,918,69,69,1,1,0,0,0,0,0,1,1,0,5,20998,11189,32263,1902106,0,0,0,3569522,5484913,0,452,430,0,0,1000,1000,7289214
MPCTASK: EXP,2,454,22696,-276,-165,435,57,-874,-67,111,-937,-69,-530,-918,431,-60,-515,431,-277,-113,869,69,69,1,1,0,0,0,0,0,1,1,0,5,19077,12469,31620,2119571,0,0,0,3243005,5375399,0,454,432,0,0,1000,1000,7289214
MPCTASK: EXP,2,456,22800,-267,-244,426,211,-859,-59,-150,-865,56,-455,-1009,431,-35,-491,431,-285,-207,723,69,69,1,1,0,0,0,0,0,1,1,0,5,24004,11779,35856,2002470,0,0,0,4080553,6095633,0,456,434,0,0,1000,1000,7289214
MPCTASK: EXP,2,458,22896,-251,-316,421,324,-779,-39,-513,-671,180,-348,-1067,431,-35,-441,431,-286,-175,631,69,69,1,1,0,0,0,0,0,1,1,0,5,20280,11685,32037,1986312,0,0,0,3447517,5446448,0,458,436,0,0,1000,1000,7289214
MPCTASK: EXP,2,460,22996,-215,-366,419,415,-607,-16,-930,-440,314,-222,-1086,431,-30,-359,431,-283,-204,741,69,69,1,1,0,0,0,0,0,1,1,0,5,20017,10574,30667,1797410,0,0,0,3402806,5213472,0,460,438,0,0,1000,1000,7289214
MPCTASK: EXP,2,462,23100,-183,-400,421,439,-388,7,-1121,-222,367,-94,-1065,431,-41,-283,431,-278,-149,876,69,69,1,1,0,0,0,0,0,1,1,0,5,22971,11030,34077,1875023,0,0,0,3905065,5793168,0,462,440,0,0,1000,1000,7289214
MPCTASK: EXP,2,464,23200,-147,-414,423,426,-159,-6,-1277,119,438,20,-1002,431,-44,-226,431,-277,-308,873,69,69,1,1,0,0,0,0,0,1,1,0,5,23125,11398,35078,1937559,0,0,0,3931153,5963463,0,464,442,0,0,1000,1000,7289214
MPCTASK: EXP,2,466,23295,-121,-412,418,337,68,-58,-1274,434,451,108,-898,431,-69,-165,431,-292,-185,1098,69,69,1,1,0,0,0,0,0,1,1,0,5,19055,10582,29719,1798857,0,0,0,3239353,5052235,0,466,444,0,0,1000,1000,7289214
MPCTASK: EXP,2,468,23398,-113,-385,413,209,287,-31,-961,423,326,158,-758,431,-89,-117,431,-292,-221,758,69,69,1,1,0,0,0,0,0,1,1,0,5,21853,10378,32304,1764157,0,0,0,3715009,5491657,0,468,446,0,0,1000,1000,7289214
MPCTASK: EXP,2,470,23503,-114,-339,409,100,451,28,-577,313,177,167,-592,432,-95,-81,432,-290,-166,598,69,69,1,1,0,0,0,0,0,1,1,0,5,29082,8625,37781,1466207,0,0,0,4943806,6422857,0,470,448,0,0,1000,1000,7289214
MPCTASK: EXP,2,472,23600,-114,-273,413,50,557,73,-189,49,48,138,-413,432,-76,-48,432,-286,-96,519,69,69,1,1,0,0,0,0,0,1,1,0,5,22810,11529,34654,1959827,0,0,0,3877645,5891192,0,472,450,0,0,1000,1000,7289214
MPCTASK: EXP,2,474,23701,-110,-212,420,58,563,69,238,-202,-29,83,-240,432,-49,-32,432,-279,-120,488,69,69,1,1,0,0,0,0,0,1,1,0,5,25074,10001,35283,1700024,0,0,0,4262581,5998204,0,474,452,0,0,1000,1000,7289214
MPCTASK: EXP,2,476,23800,-102,-164,432,102,487,56,530,-293,-39,18,-92,432,-35,-17,432,-267,36,771,69,69,1,1,0,0,0,0,0,1,1,0,5,22630,11300,34139,1921075,0,0,0,3847041,5803761,0,476,454,0,0,1000,1000,7289214
MPCTASK: EXP,2,478,23898,-83,-136,438,155,368,4,496,-189,-15,-37,12,432,-31,0,432,-261,-41,640,69,69,1,1,0,0,0,0,0,1,1,0,5,20853,11407,32330,1939062,0,0,0,3545026,5496268,0,478,456,0,0,1000,1000,7289214
MPCTASK: EXP,2,480,23999,-57,-124,435,189,255,-40,329,20,37,-69,66,432,-28,2,432,-273,-71,566,69,69,1,1,0,0,0,0,0,1,1,0,5,22056,12124,34250,2060836,0,0,0,3749569,5822532,0,480,458,0,0,1000,1000,7289214
MPCTASK: EXP,2,482,24102,-33,-124,430,180,171,-40,79,231,124,-77,78,431,-14,-25,431,-277,-94,511,69,69,1,1,0,0,0,0,0,1,1,0,5,25326,10213,35941,1736000,0,0,0,4305342,6110195,0,482,460,0,0,1000,1000,7289214
MPCTASK: TRAJ DONE: idx=482, max=482; requesting landing
MPCTASK: LANDING: start z=0.42, hold=(-0.01,-0.12)
MPCTASK: TIMING SUMMARY: max_step_cycles=7289214 deadline_cycles=8400000 overruns=0
MPCTASK: POSTHOC SUMMARY: active=483 infeasible=461
MPCTASK: LANDING COMPLETE: t=30418 ms, x=-0.003, y=-0.132, z=0.001, vz=-0.098; motors off