SYS: Crazyflie 2.1 Brushless is up and running!
SYS: Build 2:de14ff9f08ae (2025.09.1 +2) MODIFIED
SYS: I am 0x373930393434471500370039 and I have 1024KB of flash!
CFGBLK: v1, verification [OK]
DECK_DISCOVERY: Backend found: onewire
DECK_DISCOVERY: Backend found: deckctrl
DECK_CORE: 1 deck(s) found
DECK_CORE: Calling INIT on driver bcFlow2 for deck 0
ZR2: Z-down sensor [OK]
PMW: Motion chip id: 0x49:0xB6
IMU: BMI088: Using I2C interface.
IMU: BMI088 Gyro connection [OK].
IMU: BMI088 Accel connection [OK]
IMU: BMP390 I2C connection [OK]
ESTIMATOR: Using Kalman (2) estimator
CONTROLLER: Using PID (1) controller
MTR-DRV: Using brushless motor driver
SYS: About to run tests in system.c.
SYS: NRF51 version: 2026.04 (C21B)
EEPROM: I2C connection [OK].
STORAGE: Storage check [OK].
IMU: BMI088 gyro self-test [OK]
DECK_CORE: Deck 0 test [OK].
SYS: Self test passed!
STAB: Wait for sensor calibration...
SYS: Free heap: 15048 bytes
MPCTASK: Waiting for activation ...
STAB: Starting stabilizer loop
STAB: WARNING: stabilizer loop rate is off (1004)
MPCTASK: Benchmark mode 3, maneuver 4, max_iter 5, task_pri 0
MPCTASK: Reference altitude: 0.70 m; barrier skip when z>0.75 and vz>-0.20
MPCTASK: OOT takeoff: cfclient trigger>=0.15m ramp=0.15m/s figure8_start=3000ms_at_measured_z target=0.70m timeout=12000ms
MPCTASK: Common baseline: mpc_hz=20 model_hz=20 rho=5 base_w=0 base_qz=1 Qz=100 R=4 bridge=x10 guards=z[ref,ref+0.20] xy=free cap=0.05
MPCTASK: MPC->PID: xyz=x10, z_guard=[ref,ref+0.20], yaw=raw_rz, output_hold=200ms, safety_hold=500ms
MPCTASK: Reference origin: xyz=measured_at_forced_3s_start target_z=0.70 m
MPCTASK: LIMO adaptive: cache=16x4 evals=1 timing=bar/rl/cache_cycles
MPCTASK: EXP every=2: m,s,tms,p3[mm],v3[mmps],att3[cdeg],ref3[mm],cmd3[mm],h/raw/grad/mar/thr[milli],act/ac/bind,wi/qi/cache/noa,pa/pf/du[milli],it,mpc/eval/total[us],bar/tanh/rl/cache/solve/step[cycles],overruns,post_active/post_infeasible_totals,wreq/w/qzreq/qz[milli],max_step_cycles
MPCTASK: Figure8: source=traj_fig8_12.h source_hz=100 samples=1205 laps=2 duration=24.07 s origin=forced_3s_start start_delay=3000ms z_baseline=measured_at_start
CONTROLLER: Using OutOfTree (6) controller
MPCTASK: Trajectory origin: x=0.04 y=0.01 z=0.01
MPCTASK: OOT activated at z=0.01
SUP: Ready to fly
MPCTASK: TAKEOFF START: trigger_z=0.15 start_z=0.01 target=0.70 hold=(0.06,0.01) ramp=0.15m/s
MPCTASK: OOT loop 1 done
MPMPCTASK: OOT loop 2 done
CTASK: MPC task loop 1
MPCTASK: x0: pos=(0.06,0.01,0.01) vel=(0.0MPCTASK: OOT loop 3 done
1,-0.05,0.0)
MPCTASK: ref: (0.06,0.01,0.01)
MPCTASK: SAFE TV mode=3: h=0.0 raw=0.0 grad=0.0 margin=0.0 thr=0.0 active0=0 active_count=0 eval=9209 us
MPCTASK: MPC solve start
MPCTASK: MPC solve done, iter=5
MPCTASK: MPC time=27422 us
MPCTASK: MPC stack free=896 words
MPCTASK: setpoint: x=0.06 y=0.01 z=0.07 preview_z=0.07
MPCTASK: MPC task loop 2
MPCTASK: MPC task loop 3
MPCTASK: Cache level changed: 0 -> 1
MPCTASK: TAKEOFF COMPLETE: t=3000ms z=0.40 vz=0.27; trajectory queued origin=(-0.0,-0.04,0.40)
MPCTASK: TRAJ START: z=0.41 origin=(-0.0,-0.04,0.40) EXP clock reset; Z metric begins at t+3s
MPCTASK: EXP,3,2,86,22,-56,423,119,-83,265,-335,-449,-261,-1,-47,407,53,176,407,-276,-112,1114,69,300,1,3,3,15,3,1,1,0,0,0,5,22909,9527,34855,1619479,0,2799,267330,3894341,5925395,0,0,0,989,1000,1399,1400,5969650
MPCTASK: EXP,3,4,182,36,-76,447,167,-44,205,-771,-23,-621,-12,-28,407,94,194,407,-252,37,1155,69,300,1,3,3,15,3,1,1,0,0,0,5,18540,11860,30926,2016122,0,1785,66260,3151704,5257580,0,0,0,989,1000,1399,1400,5969650
MPCTASK: EXP,3,6,291,70,-106,467,196,52,131,-1178,323,-837,-47,38,407,171,190,407,-232,-114,2206,69,300,1,3,3,15,3,1,1,0,0,0,5,26161,14265,40908,2424986,0,2653,57900,4447413,6954327,0,0,0,990,1000,1399,1400,6954327
MPCTASK: EXP,3,8,384,93,-107,481,184,219,86,-1157,257,-999,-100,157,408,226,216,408,-218,-202,2132,69,300,1,3,3,15,3,1,1,0,0,0,5,21378,11967,33866,2034178,0,1785,63820,3634301,5757386,0,0,0,992,1000,1399,1400,6954327
MPCTASK: EXP,3,10,487,118,-96,489,201,366,80,-926,50,-1125,-154,316,407,286,230,407,-210,-141,1881,69,300,1,3,3,15,3,1,1,0,0,0,5,24274,10506,36314,1785929,0,2213,24242,4126561,6173563,0,0,0,994,1000,1399,1400,6954327
MPCTASK: EXP,3,12,585,156,-79,493,261,453,24,-747,-134,-909,-193,496,407,355,231,407,-206,-71,1453,69,300,1,3,3,15,3,1,1,0,0,0,5,21744,12284,34772,2088173,0,82491,23106,3696389,5911279,0,0,0,996,1000,1399,1400,6954327
MPCTASK: EXP,3,14,687,213,-53,490,334,528,-67,-702,45,-527,-200,674,407,394,256,407,-222,-144,1856,69,300,1,3,3,15,3,1,1,0,0,0,5,23468,12334,36314,2096736,0,1785,64262,3989501,6173554,0,0,0,997,1000,1399,1400,6954327
MPCTASK: EXP,3,16,784,267,-38,486,352,570,-91,-569,138,-118,-169,835,407,417,242,407,-231,-128,1684,69,300,1,3,3,15,3,1,1,0,0,0,5,21748,10477,33841,1781062,0,1785,251351,3697113,5752971,0,0,0,998,1000,1399,1400,6954327
MPCTASK: EXP,3,18,884,291,-6,475,308,599,-122,-362,189,270,-100,964,407,385,243,407,-249,-106,1728,69,300,1,3,3,15,3,1,1,0,0,0,5,21425,9418,32892,1600981,0,1786,307392,3642202,5591567,0,0,0,998,1000,1399,1400,6954327
MPCTASK: EXP,3,20,983,316,21,464,238,591,-115,-238,608,627,0,1053,407,311,231,407,-258,-136,2085,69,300,1,3,3,15,3,1,1,0,0,0,5,20945,10100,32742,1716912,0,1785,266238,3560513,5566251,0,0,0,998,1000,1399,1400,7092191
MPCTASK: EXP,3,22,1086,309,49,456,81,566,-105,-173,633,734,118,1098,407,220,217,407,-264,-84,1930,69,300,1,3,3,15,3,1,1,0,0,0,5,24340,10970,35829,1864794,0,1785,65081,4137670,6091082,0,0,0,998,1000,1399,1400,7092191
MPCTASK: EXP,3,24,1187,288,74,447,-61,518,-60,57,582,801,241,1100,407,125,180,407,-264,-50,1474,69,300,1,3,3,15,3,1,1,0,0,0,5,23259,10649,34977,1810289,0,1785,64093,3953861,5946115,0,0,0,998,1000,1399,1400,7092191
MPCTASK: EXP,3,26,1285,247,110,439,-219,442,-32,306,604,905,351,1061,407,10,137,407,-267,-137,1733,69,300,1,3,3,15,3,1,1,0,0,0,5,24002,7473,32437,1270417,0,1785,71798,4080297,5514366,0,0,0,998,1000,1399,1400,7092191
MPCTASK: EXP,3,28,1386,199,113,435,-334,296,-14,585,538,952,433,985,407,-84,42,407,-267,-128,1697,69,300,1,3,3,15,3,1,1,0,0,0,5,20251,12446,33919,2115667,0,58036,129398,3442481,5766303,0,0,0,998,1000,1399,1400,7092191
MPCTASK: EXP,3,30,1488,142,124,437,-434,120,64,919,395,1013,478,877,407,-159,-48,407,-262,-65,1700,69,300,1,3,3,15,3,1,1,0,0,0,5,22914,11234,34992,1909770,0,44919,77570,3895321,5948730,0,0,0,998,1000,1399,1400,7092191
MPCTASK: EXP,3,32,1586,74,92,445,-505,-107,92,1033,295,871,477,742,407,-229,-182,407,-254,-153,2174,69,300,1,3,3,15,3,1,1,0,0,0,5,21100,10467,32704,1779191,0,1785,98114,3587061,5559733,0,0,0,998,1000,1399,1400,7092191
MPCTASK: EXP,3,34,1684,24,55,451,-525,-294,41,954,211,627,429,586,407,-270,-275,407,-248,-187,2122,69,300,1,3,3,15,3,1,1,0,0,0,5,22410,7935,31826,1348955,0,1785,229581,3809558,5410503,0,0,0,998,1000,1399,1400,7092191
MPCTASK: EXP,3,36,1786,-35,-18,453,-551,-481,-24,463,2,101,339,414,407,-283,-366,407,-251,-10,954,69,300,1,3,3,15,3,1,1,0,0,0,5,21125,11572,34050,1967140,0,1785,142990,3591133,5788477,0,0,0,997,1000,1399,1400,7092191
MPCTASK: EXP,3,38,1887,-23,-96,448,-456,-579,-31,245,-285,-596,214,232,407,-204,-463,407,-257,-60,1113,69,300,1,3,3,15,3,1,1,0,0,0,5,22309,11412,34768,1939912,0,2796,111469,3792425,5910650,0,0,0,996,1000,1399,1400,7092191
MPCTASK: EXP,3,40,1986,-36,-151,449,-370,-589,20,-99,-128,-1166,66,43,407,-159,-490,407,-250,-75,1464,69,300,1,3,3,15,3,1,1,0,0,0,5,21214,11001,33149,1869927,0,1785,61055,3606224,5635488,0,0,0,994,1000,1399,1400,7092191
MPCTASK: EXP,3,42,2088,-39,-209,452,-299,-590,24,-1,-297,-1416,-88,-145,407,-83,-556,407,-247,-111,1461,69,300,1,3,3,15,3,1,1,0,0,0,5,24507,10365,35343,1761873,0,1785,33113,4166014,6008531,0,0,0,991,1000,1399,1400,7092191
MPCTASK: EXP,3,44,2186,-52,-276,458,-205,-622,25,70,-489,-1559,-235,-331,407,-21,-626,407,-241,-7,946,69,300,1,3,3,15,3,1,1,0,0,0,5,22865,9823,33783,1669833,0,1785,23397,3886909,5743319,0,0,0,991,1000,1399,1400,7092191
MPCTASK: EXP,3,46,2284,-67,-310,455,-134,-603,-43,-90,-527,-1526,-360,-510,407,21,-628,407,-253,-14,1193,69,300,1,3,3,15,3,1,1,0,0,0,5,24551,6428,31798,1092742,0,2082,114396,4173573,5405682,0,0,0,993,1000,1399,1400,7092191
MPCTASK: EXP,3,48,2387,-85,-318,450,-54,-515,-94,-248,-598,-1412,-450,-676,407,59,-578,407,-268,-71,1788,69,300,1,3,3,15,3,1,1,0,0,0,5,22255,11069,34156,1881638,0,1786,103854,3783297,5806521,0,0,0,994,1000,1399,1400,7092191
MPCTASK: EXP,3,50,2489,-72,-350,441,82,-454,-103,-277,-523,-1246,-496,-827,407,119,-564,407,-279,-87,1838,69,300,1,3,3,15,3,1,1,0,0,0,5,24574,10027,35782,1704475,0,1785,73561,4177601,6083125,0,0,0,996,1000,1399,1400,7092191
MPCTASK: EXP,3,52,2587,-43,-366,431,198,-374,-69,-301,-360,-1174,-494,-958,407,170,-526,407,-282,-23,1227,69,300,1,3,3,15,3,1,1,0,0,0,5,21368,9743,33403,1656257,0,1785,243545,3632461,5678609,0,0,0,997,1000,1399,1400,7092191
MPCTASK: EXP,3,54,2688,-6,-351,425,290,-262,-8,-177,-285,-1193,-443,-1067,407,214,-460,407,-275,5,842,69,300,1,3,3,15,3,1,1,0,0,0,5,24726,9212,34771,1565917,0,1785,54035,4203373,5911245,0,0,0,998,1000,1399,1400,7092191
MPCTASK: EXP,3,56,2785,27,-359,424,347,-223,27,-84,-211,-1157,-349,-1151,407,235,-439,407,-275,15,726,69,300,1,3,3,15,3,1,1,0,0,0,5,21910,9685,32350,1646354,0,1944,80026,3724697,5499585,0,0,0,998,1000,1399,1400,7092191
MPCTASK: EXP,3,58,2884,95,-396,429,436,-245,62,-60,-79,-1034,-220,-1208,407,281,-459,407,-270,-62,1319,69,300,1,3,3,15,3,1,1,0,0,0,5,22685,7876,30829,1338778,0,1785,23094,3856381,5241119,0,0,0,998,1000,1399,1400,7092191
MPCTASK: EXP,3,60,2987,149,-431,436,449,-246,43,-178,245,-870,-70,-1236,407,264,-446,407,-263,-111,1467,69,300,1,3,3,15,3,1,1,0,0,0,5,22278,11086,33726,1884630,0,1785,37842,3787257,5733567,0,0,0,998,1000,1399,1400,7092191
MPCTASK: EXP,3,62,3086,189,-438,444,387,-160,27,-448,555,-700,86,-1236,407,221,-375,407,-255,-133,1526,69,300,1,3,3,15,3,1,1,0,0,0,5,22070,9934,33068,1688682,0,1785,24637,3751733,5621551,0,0,0,998,1000,1399,1400,7092191
MPCTASK: EXP,3,64,3187,225,-425,450,286,-10,20,-600,799,-594,234,-1206,407,169,-279,407,-249,-104,1637,69,300,1,3,3,15,3,1,1,0,0,0,5,21293,10914,32876,1855286,0,1897,67625,3619816,5589103,0,0,0,998,1000,1399,1400,7092191
MPCTASK: EXP,3,66,3283,238,-416,451,138,98,0,-436,839,-579,360,-1147,407,99,-222,407,-248,46,1043,69,300,1,3,3,15,3,1,1,0,0,0,5,20439,7654,29995,1301097,0,1785,286613,3474513,5099202,0,0,0,998,1000,1399,1400,7092191
MPCTASK: EXP,3,68,3386,243,-372,450,-3,238,-13,-394,870,-548,450,-1062,407,36,-118,407,-252,11,1312,69,300,1,3,3,15,3,1,1,0,0,0,5,21273,10115,32623,1719438,0,1785,187395,3616385,5545888,0,0,0,998,1000,1399,1400,7092191
MPCTASK: EXP,3,70,3488,227,-342,447,-170,328,-12,-385,909,-559,496,-952,407,-47,-41,407,-254,-24,1584,69,300,1,3,3,15,3,1,1,0,0,0,5,23378,10401,34907,1767974,0,65222,64062,3974149,5934381,0,0,0,998,1000,1399,1400,7092191
MPCTASK: EXP,3,72,3586,203,-313,443,-318,398,-9,-406,840,-553,493,-819,407,-111,24,407,-257,0,1305,69,300,1,3,3,15,3,1,1,0,0,0,5,20930,10286,31869,1748675,0,2089,87242,3558113,5417833,0,0,0,998,1000,1399,1400,7092191
MPCTASK: EXP,3,74,3686,164,-284,446,-446,453,31,-359,665,-571,442,-668,407,-164,77,407,-253,-4,1011,69,300,1,3,3,15,3,1,1,0,0,0,5,20141,10565,32108,1796078,0,1786,114007,3423953,5458437,0,0,0,997,1000,1399,1400,7092191
MPCTASK: EXP,3,76,3784,124,-238,448,-527,525,32,-429,558,-607,347,-501,407,-192,159,407,-251,-83,1347,69,300,1,3,3,15,3,1,1,0,0,0,5,20563,8611,30516,1463715,0,1817,71898,3495610,5187863,0,0,0,997,1000,1399,1400,7092191
MPCTASK: EXP,3,78,3890,86,-207,450,-552,563,35,-418,225,-769,218,-323,407,-171,203,407,-249,-81,1324,69,300,1,3,3,15,3,1,1,0,0,0,5,23480,12555,36612,2134263,0,1785,74868,3991571,6224148,0,0,0,996,1000,1399,1400,7092191
MPCTASK: EXP,3,80,3986,18,-123,452,-582,682,33,-466,-65,-802,68,-138,407,-185,323,407,-247,-42,1121,69,300,1,3,3,15,3,1,1,0,0,0,5,19621,11340,32015,1927639,0,1785,157209,3335413,5442787,0,0,0,994,1000,1399,1400,7092191
MPCTASK: EXP,3,82,4085,-36,-60,460,-535,734,17,-411,-353,-728,-88,48,407,-159,387,407,-239,-39,1127,69,300,1,3,3,15,3,1,1,0,0,0,5,20812,9433,30950,1603509,0,1785,97270,3537977,5261517,0,0,0,994,1000,1399,1400,7092191
MPCTASK: EXP,3,84,4188,-83,-7,464,-451,750,-27,-425,-532,-582,-237,233,407,-123,435,407,-241,-43,1305,69,300,1,3,3,15,3,1,1,0,0,0,5,23858,9659,33951,1641953,0,1787,23254,4055757,5771749,0,0,0,994,1000,1399,1400,7092191
MPCTASK: EXP,3,86,4288,-93,57,459,-296,790,-78,-381,-591,-388,-362,410,407,-48,494,407,-256,1,1292,69,300,1,3,3,15,3,1,1,0,0,0,5,23016,9653,33951,1640972,0,1785,114762,3912801,5771642,0,0,0,995,1000,1399,1400,7092191
MPCTASK: EXP,3,88,4389,-71,156,451,-108,879,-103,-283,-637,-245,-452,577,407,54,591,407,-269,-26,1618,69,300,1,3,3,15,3,1,1,0,0,0,5,22650,10295,33938,1750030,0,1785,138657,3850440,5769626,0,0,0,996,1000,1399,1400,7092191
MPCTASK: EXP,3,90,4489,-41,224,439,61,870,-91,9,-551,-159,-498,728,407,139,606,407,-278,-17,1400,69,300,1,3,3,15,3,1,1,0,0,0,5,24496,10008,34923,1701304,0,1785,23094,4164153,5937006,0,0,0,997,1000,1399,1400,7092191
MPCTASK: EXP,3,92,4588,6,342,431,223,909,-62,172,-497,-171,-495,860,407,230,688,407,-281,-80,1588,69,300,1,3,3,15,3,1,1,0,0,0,5,21395,11155,33388,1896384,0,1785,65351,3637053,5676218,0,0,0,997,1000,1399,1400,7092191
MPCTASK: EXP,3,94,4689,29,435,430,282,855,-5,477,-194,-217,-444,969,407,229,701,407,-270,0,947,69,300,1,3,3,15,3,1,1,0,0,0,5,24534,9715,35365,1651549,0,1906,64825,4170717,6012095,0,0,0,997,1000,1399,1400,7092191
MPCTASK: EXP,3,96,4789,90,476,433,350,694,32,511,198,-342,-349,1053,407,231,664,407,-266,-17,972,69,300,1,3,3,15,3,1,1,0,0,0,5,22341,11282,34010,1917947,0,2112,42092,3797906,5781653,0,0,0,998,1000,1399,1400,7092191
MPCTASK: EXP,3,98,4888,139,491,444,294,539,103,255,768,-515,-221,1111,407,193,617,407,-255,-81,1412,69,300,1,3,3,15,3,1,1,0,0,0,5,23331,10112,33953,1719024,0,1785,62782,3966141,5771985,0,0,0,998,1000,1399,1400,7092191
MPCTASK: EXP,3,100,4988,177,534,458,189,469,115,733,516,-594,-70,1139,407,190,542,407,-241,31,1070,69,300,1,3,3,15,3,1,1,0,0,0,5,20765,11304,34151,1921742,0,1786,163919,3530077,5805757,0,0,0,998,1000,1399,1400,7092191
MPCTASK: EXP,3,102,5089,200,550,469,125,246,116,1433,123,-530,86,1139,407,181,409,407,-230,-285,2149,69,300,1,3,3,15,3,1,1,0,0,0,5,23097,9408,33451,1599138,0,1817,99426,3926397,5686800,0,0,0,998,1000,1399,1400,7092191
MPCTASK: EXP,3,104,5187,241,525,476,150,-71,29,1568,-109,-494,234,1109,407,208,247,407,-223,-216,2321,69,300,1,3,3,15,3,1,1,0,0,0,5,19739,11217,31713,1906725,0,1785,96310,3355562,5391426,0,0,0,998,1000,1399,1400,7092191
MPCTASK: EXP,3,106,5286,267,474,475,182,-397,-1,1503,-426,-388,360,1051,407,241,67,407,-224,-141,2351,69,300,1,3,3,15,3,1,1,0,0,0,5,21736,8993,30996,1528735,0,1785,23094,3694993,5269554,0,0,0,998,1000,1399,1400,7092191
MPCTASK: EXP,3,108,5388,292,385,474,242,-724,-15,1382,-366,-469,450,966,407,252,-119,407,-228,-305,2184,69,300,1,3,3,15,3,1,1,0,0,0,5,23494,8302,32874,1411277,0,1786,160892,3993869,5588659,0,0,0,998,1000,1399,1400,7092191
MPCTASK: EXP,3,110,5489,298,278,475,239,-980,1,932,17,-326,496,855,407,218,-270,407,-224,13,2040,69,300,1,3,3,15,3,1,1,0,0,0,5,21744,10717,33164,1821845,0,1940,54721,3696460,5638016,0,0,0,998,1000,1399,1400,7092191
MPCTASK: EXP,3,112,5588,312,167,467,191,-1092,-147,343,523,-22,493,723,407,170,-371,407,-261,17,1165,69,300,1,3,3,15,3,1,1,0,0,0,5,20750,9292,31008,1579604,0,2181,24242,3527421,5271351,0,0,0,997,1000,1399,1400,7092191
MPCTASK: EXP,3,114,5694,313,30,455,66,-1166,-161,93,790,266,442,571,407,133,-526,407,-276,-189,2176,69,300,1,3,3,15,3,1,1,0,0,0,5,26957,9642,37942,1639071,0,1786,205819,4582625,6450276,0,0,0,997,1000,1399,1400,7092191
MPCTASK: EXP,3,116,5794,298,-134,444,-88,-1248,-124,-203,687,448,347,404,407,96,-682,407,-280,-160,2138,69,300,1,3,3,15,3,1,1,0,0,0,5,24076,12560,37533,2135096,0,1785,129800,4092829,6380814,0,0,0,996,1000,1399,1400,7092191
MPCTASK: EXP,3,118,5893,273,-276,430,-242,-1215,-139,-823,808,401,218,226,407,41,-735,407,-297,-197,2168,69,300,1,3,3,15,3,1,1,0,0,0,5,24257,11022,36128,1873572,0,1785,24640,4123461,6141834,0,0,0,996,1000,1399,1400,7092191
MPCTASK: EXP,3,120,5988,219,-378,418,-417,-1026,-110,-1114,639,256,68,41,407,-15,-747,407,-303,-267,2260,69,300,1,3,3,15,3,1,1,0,0,0,5,21430,9856,31755,1675553,0,1940,23094,3642933,5398321,0,0,0,996,1000,1399,1400,7092191
MPCTASK: EXP,3,122,6090,166,-446,406,-523,-776,-85,-1140,344,93,-88,-145,407,-32,-726,407,-310,-297,2214,69,300,1,3,3,15,3,1,1,0,0,0,5,22174,10553,33330,1793993,0,1785,23094,3769526,5666256,0,0,0,996,1000,1399,1400,7092191
MPCTASK: EXP,3,124,6188,89,-477,387,-591,-518,-76,-917,-78,-41,-237,-329,407,-51,-681,407,-327,-211,2200,69,300,1,3,3,15,3,1,1,0,0,0,5,22396,9042,31957,1536978,0,1785,64217,3807249,5432777,0,0,0,995,1000,1399,1400,7092191
MPCTASK: EXP,3,126,6291,36,-497,379,-533,-330,-1,-621,-412,-133,-362,-507,407,-29,-647,407,-320,-166,1850,69,300,1,3,3,15,3,1,1,0,0,0,5,23474,9839,33885,1672557,0,1786,74928,3990482,5760759,0,0,0,996,1000,1399,1400,7092191
MPCTASK: EXP,3,128,6390,-17,-491,377,-445,-171,42,-416,-663,-244,-452,-673,407,-3,-597,407,-322,-200,1808,69,300,1,3,3,15,3,1,1,0,0,0,5,22890,9516,33334,1617634,0,2091,134565,3891165,5666950,0,0,0,996,1000,1399,1400,7092191
MPCTASK: EXP,3,130,6490,-49,-482,381,-294,-80,61,-156,-892,-312,-498,-824,407,40,-562,407,-318,-147,1980,69,300,1,3,3,15,3,1,1,0,0,0,5,23598,9344,33945,1588248,0,1786,50341,4011545,5770748,0,0,0,997,1000,1399,1400,7092191
MPCTASK: EXP,3,132,6590,-69,-460,385,-145,-23,5,17,-866,-368,-495,-956,407,68,-519,407,-314,-126,1989,69,300,1,3,3,15,3,1,1,0,0,0,5,22078,10496,33495,1784227,0,1786,134128,3753242,5694117,0,0,0,997,1000,1399,1400,7092191
MPCTASK: EXP,3,134,6692,-75,-441,388,-1,-5,18,130,-791,-427,-444,-1066,407,94,-483,407,-311,-41,1337,69,300,1,3,3,15,3,1,1,0,0,0,5,23976,10510,35048,1786596,0,2660,23399,4075869,5958098,0,0,0,998,1000,1399,1400,7092191
MPCTASK: EXP,3,136,6787,-72,-422,396,118,-6,54,191,-671,-458,-349,-1150,407,108,-448,407,-303,-34,1088,69,300,1,3,3,15,3,1,1,0,0,0,5,20267,9159,30259,1556924,0,1785,119092,3445408,5144168,0,0,0,998,1000,1399,1400,7092191
MPCTASK: EXP,3,138,6894,-60,-407,404,205,-17,48,187,-497,-448,-221,-1207,407,104,-415,407,-295,-70,1211,69,300,1,3,3,15,3,1,1,0,0,0,5,23610,13107,37878,2228234,0,89821,25617,4013745,6439245,0,0,0,998,1000,1399,1400,7092191
MPCTASK: EXP,3,140,6988,-39,-399,410,263,-22,36,62,-285,-409,-70,-1236,407,94,-374,407,-289,-10,832,69,300,1,3,3,15,3,1,1,0,0,0,5,20648,9902,31559,1683149,0,2178,24240,3510185,5365099,0,0,0,998,1000,1399,1400,7092191
MPCTASK: EXP,3,142,7093,-19,-391,414,278,-7,26,-51,-28,-352,86,-1236,407,53,-320,407,-285,-63,1387,69,300,1,3,3,15,3,1,1,0,0,0,5,23837,10143,34738,1724185,0,1785,106662,4052150,5905557,0,0,0,998,1000,1399,1400,7092191
MPCTASK: EXP,3,144,7192,2,-374,421,253,47,35,-202,201,-298,234,-1206,407,17,-252,407,-278,-4,798,69,300,1,3,3,15,3,1,1,0,0,0,5,19142,12867,34897,2187296,0,1991,79557,3253929,5932529,0,0,0,998,1000,1399,1400,7092191
MPCTASK: EXP,3,146,7293,5,-340,426,164,148,20,-311,402,-275,360,-1148,407,-54,-154,407,-273,-51,1158,69,300,1,3,3,15,3,1,1,0,0,0,5,23529,11003,35538,1870527,0,1785,95415,3999865,6041567,0,0,0,998,1000,1399,1400,7092191
MPCTASK: EXP,3,148,7387,11,-322,425,72,212,-10,-374,574,-224,450,-1062,407,-110,-88,407,-276,13,940,69,300,1,3,3,15,3,1,1,0,0,0,5,20476,8976,29858,1525864,0,1785,46479,3480837,5075962,0,0,0,998,1000,1399,1400,7092191
MPCTASK: EXP,3,150,7489,8,-293,421,-42,290,-34,-400,694,-203,496,-952,407,-173,-16,407,-284,16,1110,69,300,1,3,3,15,3,1,1,0,0,0,5,21316,9411,31948,1599733,0,1785,142443,3623734,5431240,0,0,0,998,1000,1399,1400,7092191
MPCTASK: EXP,3,152,7595,-14,-248,419,-184,397,-25,-460,650,-192,493,-819,407,-238,87,407,-285,16,1026,69,300,1,3,3,15,3,1,1,0,0,0,5,27648,8691,37323,1477402,0,2363,46754,4700137,6344887,0,0,0,998,1000,1399,1400,7092191
MPCTASK: EXP,3,154,7689,-41,-216,415,-296,450,-18,-439,551,-196,442,-668,407,-283,140,407,-287,-12,1056,69,300,1,3,3,15,3,1,1,0,0,0,5,21909,9040,31564,1536685,0,1785,23094,3724454,5365991,0,0,0,998,1000,1399,1400,7092191
MPCTASK: EXP,3,156,7790,-74,-180,414,-376,506,-4,-498,416,-167,347,-501,407,-303,204,407,-285,-7,968,69,300,1,3,3,15,3,1,1,0,0,0,5,23725,8429,33013,1432875,0,1785,122940,4033009,5612159,0,0,0,997,1000,1399,1400,7092191
MPCTASK: EXP,3,158,7894,-115,-124,415,-441,596,5,-513,372,-92,218,-323,407,-330,291,407,-284,0,922,69,300,1,3,3,15,3,1,1,0,0,0,5,23444,10660,34806,1812044,0,1785,95803,3985439,5917125,0,0,0,996,1000,1399,1400,7092191
MPCTASK: EXP,3,160,7993,-140,-97,417,-439,609,23,-467,84,-137,68,-138,407,-284,318,407,-282,-146,1596,69,300,1,3,3,15,3,1,1,0,0,0,5,25102,8673,34527,1474308,0,67621,23265,4267369,5869774,0,0,0,995,1000,1399,1400,7092191
MPCTASK: EXP,3,162,8094,-201,-14,418,-463,716,12,-409,-203,-126,-88,48,407,-296,422,407,-281,-60,1227,69,300,1,3,3,15,3,1,1,0,0,0,5,25862,9927,36057,1687555,0,1785,23094,4396381,6129655,0,0,0,993,1000,1399,1400,7092191
MPCTASK: EXP,3,164,8191,-243,58,416,-403,774,-23,-290,-483,-69,-237,233,407,-248,489,407,-287,-99,1548,69,300,1,3,3,15,3,1,1,0,0,0,5,21205,10446,32964,1775707,0,1786,133515,3604717,5604066,0,0,0,992,1000,1399,1400,7092191
MPCTASK: EXP,3,166,8296,-280,144,415,-305,827,-24,-170,-695,-3,-362,410,407,-206,564,407,-289,-63,1508,69,300,1,3,3,15,3,1,1,0,0,0,5,25846,9005,36020,1530764,0,1785,100801,4393789,6123482,0,0,0,993,1000,1399,1400,7092191
MPCTASK: EXP,3,168,8398,-292,206,417,-148,803,2,26,-836,56,-452,577,407,-134,583,407,-282,-31,1451,69,300,1,3,3,15,3,1,1,0,0,0,5,25812,11243,38877,1911185,0,2055,113922,4387973,6609190,0,0,0,994,1000,1399,1400,7092191
MPCTASK: EXP,3,170,8493,-276,289,417,45,801,-14,114,-877,61,-498,728,407,-39,631,407,-285,-32,1596,69,300,1,3,3,15,3,1,1,0,0,0,5,21756,11474,33942,1950474,0,1785,97702,3698377,5770173,0,0,0,995,1000,1399,1400,7092191
MPCTASK: EXP,3,172,8598,-267,369,416,182,772,-17,245,-758,60,-495,859,407,2,661,407,-286,6,1195,69,300,1,3,3,15,3,1,1,0,0,0,5,26261,10561,37633,1795249,0,1785,115398,4464209,6397855,0,0,0,996,1000,1399,1400,7092191
MPCTASK: EXP,3,174,8695,-231,432,414,333,699,-23,410,-704,92,-444,969,407,71,654,407,-289,-16,1247,69,300,1,3,3,15,3,1,1,0,0,0,5,20879,12058,33889,2049804,0,1785,49803,3549426,5761133,0,0,0,996,1000,1399,1400,7092191
MPCTASK: EXP,3,176,8797,-188,448,413,453,543,-26,438,-486,152,-349,1053,407,107,584,407,-292,-69,1388,69,300,1,3,3,15,3,1,1,0,0,0,5,24142,10272,36224,1746179,0,1817,197823,4104129,6158213,0,0,0,997,1000,1399,1400,7092191
MPCTASK: EXP,3,178,8895,-126,510,411,539,489,-20,482,-231,125,-221,1111,407,133,591,407,-292,-119,1638,69,300,1,3,3,15,3,1,1,0,0,0,5,22073,11667,35139,1983316,0,2188,87772,3752245,5973662,0,0,0,997,1000,1399,1400,7092191
MPCTASK: EXP,3,180,8998,-81,535,412,543,364,-14,617,79,129,-70,1139,407,116,536,407,-290,-105,1623,69,300,1,3,3,15,3,1,1,0,0,0,5,23364,11895,36270,2022108,0,2216,24242,3971797,6165981,0,0,0,997,1000,1399,1400,7092191
MPCTASK: EXP,3,182,9100,-48,576,412,473,278,-5,678,342,143,86,1139,407,67,512,407,-288,-66,1439,69,300,1,3,3,15,3,1,1,0,0,0,5,25295,10999,37377,1869747,0,1785,76913,4300126,6354115,0,0,0,997,1000,1399,1400,7092191
MPCTASK: EXP,3,184,9197,-33,599,417,356,156,6,767,511,176,234,1109,407,-2,454,407,-282,-5,1178,69,300,1,3,3,15,3,1,1,0,0,0,5,22954,11331,35118,1926313,0,1785,119056,3902117,5970113,0,0,0,997,1000,1399,1400,7092191
MPCTASK: EXP,3,186,9295,-30,631,413,219,77,-31,769,656,230,359,1051,407,-86,435,407,-292,-50,1548,69,300,1,3,3,15,3,1,1,0,0,0,5,20828,11378,32478,1934029,0,1785,23204,3540789,5521278,0,0,0,997,1000,1399,1400,7092191
MPCTASK: EXP,3,188,9397,-35,634,410,71,-64,-36,903,721,264,449,966,407,-167,351,407,-297,-1,1544,69,300,1,3,3,15,3,1,1,0,0,0,5,23882,9878,34292,1679153,0,1785,65937,4059877,5829739,0,0,0,997,1000,1399,1400,7092191
MPCTASK: EXP,3,190,9498,-61,641,407,-83,-184,-16,942,709,296,495,857,407,-250,295,407,-296,-40,1756,69,300,1,3,3,15,3,1,1,0,0,0,5,23484,10817,35365,1838913,0,1785,158545,3992246,6012106,0,0,0,997,1000,1399,1400,7092191
MPCTASK: EXP,3,192,9595,-108,626,405,-235,-329,-6,952,600,331,491,725,407,-331,211,407,-295,-38,1739,69,300,1,3,3,15,3,1,1,0,0,0,5,21988,10677,33291,1815145,0,1786,82543,3737845,5659716,0,0,0,997,1000,1399,1400,7092191
MPCTASK: EXP,3,194,9698,-166,586,403,-361,-494,-5,914,441,340,440,573,407,-399,104,407,-297,-84,1926,69,300,1,3,3,15,3,1,1,0,0,0,5,22908,11554,35382,1964156,0,1942,84441,3894217,6015039,0,0,0,997,1000,1399,1400,7092191
MPCTASK: EXP,3,196,9797,-205,531,402,-413,-646,9,834,257,292,345,406,407,-414,-1,407,-297,-36,1444,69,300,1,3,3,15,3,1,1,0,0,0,5,24204,9008,34278,1531292,0,1785,158836,4114633,5827331,0,0,0,997,1000,1399,1400,7092191
MPCTASK: EXP,3,198,9895,-276,452,404,-484,-801,27,761,123,276,217,228,407,-455,-118,407,-295,-171,1920,69,300,1,3,3,15,3,1,1,0,0,0,5,21535,10479,32424,1781321,0,1785,46703,3660854,5512138,0,0,0,997,1000,1399,1400,7092191
MPCTASK: EXP,3,200,9994,-280,356,407,-415,-942,32,586,-167,157,67,42,407,-376,-245,407,-292,-65,1258,69,300,1,3,3,15,3,1,1,0,0,0,5,22473,8623,32459,1465833,0,2657,23403,3820333,5518130,0,0,0,997,1000,1399,1400,7092191
MPCTASK: EXP,3,202,10098,-312,275,412,-366,-992,44,365,-244,108,-87,-146,407,-358,-300,407,-287,-75,1257,69,300,1,3,3,15,3,1,1,0,0,0,5,22594,11486,34928,1952451,0,1786,121642,3840789,5938187,0,0,0,997,1000,1399,1400,7092191
MPCTASK: EXP,3,204,10199,-351,201,417,-309,-988,31,307,-500,84,-233,-334,407,-322,-348,407,-282,-5,901,69,300,1,3,3,15,3,1,1,0,0,0,5,24221,10410,35384,1769688,0,1785,103855,4117521,6015307,0,0,0,997,1000,1399,1400,7092191
MPCTASK: EXP,3,206,10299,-347,109,425,-161,-1016,26,156,-649,26,-355,-515,407,-229,-412,407,-274,-23,1108,69,300,1,3,3,15,3,1,1,0,0,0,5,20506,13007,33937,2211115,0,1785,23094,3485849,5769328,0,0,0,997,1000,1399,1400,7092191
MPCTASK: EXP,3,208,10400,-351,29,424,-43,-983,-14,-68,-633,10,-441,-686,407,-189,-428,407,-278,-2,1085,69,300,1,3,3,15,3,1,1,0,0,0,5,24950,9921,35137,1686357,0,1785,23099,4241405,5973515,0,0,0,997,1000,1399,1400,7092191
MPCTASK: EXP,3,210,10502,-357,-37,424,50,-905,-21,-184,-689,-5,-484,-841,407,-153,-420,407,-279,-2,1165,69,300,1,3,3,15,3,1,1,0,0,0,5,24588,10971,36629,1865035,0,77484,83254,4179893,6227008,0,0,0,998,1000,1399,1400,7092191
MPCTASK: EXP,3,212,10601,-353,-85,422,140,-788,-38,-358,-572,-78,-479,-976,407,-142,-371,407,-284,-42,1321,69,300,1,3,3,15,3,1,1,0,0,0,5,24478,9660,34898,1641972,0,61216,47489,4161198,5932874,0,0,0,998,1000,1399,1400,7092191
MPCTASK: EXP,3,214,10700,-320,-163,419,262,-724,-43,-476,-508,-256,-428,-1085,407,-106,-372,407,-289,-96,1605,69,300,1,3,3,15,3,1,1,0,0,0,5,24051,9553,34678,1623941,0,1785,159816,4088497,5895239,0,0,0,998,1000,1399,1400,7092191
MPCTASK: EXP,3,216,10800,-315,-197,415,290,-576,-26,-613,-307,-510,-339,-1163,407,-137,-304,407,-289,-57,1381,69,300,1,3,3,15,3,1,1,0,0,0,5,25024,9861,35154,1676396,0,1785,23094,4253925,5976222,0,0,0,998,1000,1399,1400,7092191
MPCTASK: EXP,3,218,10898,-305,-219,414,296,-421,0,-622,-159,-682,-223,-1206,407,-165,-243,407,-285,-17,1095,69,300,1,3,3,15,3,1,1,0,0,0,5,21631,10197,32643,1733534,0,1785,24238,3677194,5549394,0,0,0,998,1000,1399,1400,7092191
MPCTASK: EXP,3,220,11000,-294,-235,415,285,-290,13,-523,15,-773,-94,-1209,407,-194,-208,407,-284,-25,1047,69,300,1,3,3,15,3,1,1,0,0,0,5,24309,8531,33478,1450196,0,1993,85385,4132593,5691426,0,0,0,999,1000,1399,1400,7092191
MPCTASK: EXP,3,222,11098,-280,-242,420,252,-171,29,-490,185,-807,30,-1171,407,-216,-174,407,-279,7,854,69,300,1,3,3,15,3,1,1,0,0,0,5,20872,9597,31931,1631272,0,1785,226366,3548125,5428421,0,0,0,999,1000,1399,1400,7092191
MPCTASK: EXP,3,224,11199,-274,-246,421,192,-74,11,-466,274,-763,135,-1092,407,-233,-168,407,-278,13,849,69,300,1,3,3,15,3,1,1,0,0,0,5,24254,8114,33182,1379318,0,1785,116098,4123077,5640925,0,0,0,999,1000,1399,1400,7092191
MPCTASK: EXP,3,226,11299,-259,-249,424,151,8,6,-449,263,-630,209,-972,407,-222,-172,407,-275,-13,974,69,300,1,3,3,15,3,1,1,0,0,0,5,20090,12243,32890,2081205,0,1785,36658,3415181,5591474,0,0,0,998,1000,1399,1400,7092191
MPCTASK: EXP,3,228,11398,-256,-248,422,95,73,-24,-380,253,-483,242,-821,407,-217,-178,407,-281,-9,990,69,300,1,3,3,15,3,1,1,0,0,0,5,21199,9755,31361,1658323,0,1787,23249,3603753,5331455,0,0,0,998,1000,1399,1400,7092191
MPCTASK: EXP,3,230,11499,-264,-238,421,33,132,-13,-266,158,-375,235,-647,407,-222,-174,407,-281,-71,1390,69,300,1,3,3,15,3,1,1,0,0,0,5,22838,9146,32831,1554847,0,1786,98529,3882369,5581263,0,0,0,998,1000,1399,1400,7092191
MPCTASK: EXP,3,232,11599,-277,-231,418,-1,144,-13,-53,-59,-301,194,-469,407,-213,-182,407,-283,-4,875,69,300,1,3,3,15,3,1,1,0,0,0,5,23370,8680,32990,1475456,0,1786,114645,3972897,5608477,0,0,0,997,1000,1399,1400,7092191
MPCTASK: EXP,3,234,11698,-283,-224,416,4,131,-18,7,-149,-245,133,-303,408,-220,-150,408,-287,20,740,69,300,1,3,3,15,3,1,1,0,0,0,5,21143,9831,32060,1671247,0,1785,24238,3594217,5450258,0,0,0,996,1000,1399,1400,7092191
MPCTASK: EXP,3,236,11798,-289,-223,415,25,102,-9,41,-258,-199,70,-171,407,-236,-95,407,-286,26,761,69,300,1,3,3,15,3,1,1,0,0,0,5,21133,9533,31364,1620558,0,2122,94809,3592458,5331994,0,0,0,995,1000,1399,1400,7092191
MPCTASK: EXP,3,238,11898,-282,-229,413,70,73,-7,-123,-176,-194,22,-86,407,-267,-9,407,-287,-42,1166,69,300,1,3,3,15,3,1,1,0,0,0,5,21771,9980,32028,1696503,0,1993,23944,3700905,5444757,0,0,0,995,1000,1399,1400,7092191
MPCTASK: EXP,3,240,12000,-274,-233,413,92,87,-8,-358,-77,-261,1,-52,407,-280,76,407,-288,-77,1381,69,300,1,3,3,15,3,1,1,0,0,0,5,24375,9049,33939,1538287,0,1785,23094,4143685,5769693,0,0,0,995,1000,1399,1400,7092191
MPCTASK: EXP,3,242,12098,-262,-237,413,99,144,-5,-764,96,-289,-1,-48,407,-264,165,407,-287,-151,1817,69,300,1,3,3,15,3,1,1,0,0,0,5,21645,9976,32139,1695859,0,1785,63805,3679457,5463686,0,0,0,995,1000,1399,1400,7092191
MPCTASK: EXP,3,244,12204,-250,-227,416,83,290,-1,-1174,241,-294,-5,-40,407,-204,206,407,-283,-140,2277,69,300,1,3,3,15,3,1,1,0,0,0,5,26302,8853,35879,1505010,0,1993,57711,4471261,6099557,0,0,0,995,1000,1399,1400,7092191
MPCTASK: EXP,3,246,12297,-240,-193,417,60,496,-8,-1311,233,-286,-30,5,407,-154,287,407,-283,-102,2338,69,300,1,3,3,15,3,1,1,0,0,0,5,19410,9563,30056,1625631,0,1785,160037,3299717,5109654,0,0,0,995,1000,1399,1400,7092191
MPCTASK: EXP,3,248,12401,-231,-140,415,50,703,-17,-1125,33,-310,-77,104,407,-90,351,407,-288,-275,2163,69,300,1,3,3,15,3,1,1,0,0,0,5,20849,12259,34156,2084012,0,1785,56656,3544169,5806608,0,0,0,995,1000,1399,1400,7092191
MPCTASK: EXP,3,250,12503,-204,-100,411,115,803,-8,-792,-265,-308,-133,249,407,-4,372,407,-290,-115,1838,69,300,1,3,3,15,3,1,1,0,0,0,5,22041,12199,35306,2073731,0,1796,23403,3746985,6002099,0,0,0,995,1000,1399,1400,7092191
MPCTASK: EXP,3,252,12600,-191,-30,407,176,885,-3,-465,-434,-273,-180,423,407,50,400,407,-292,-153,1658,69,300,1,3,3,15,3,1,1,0,0,0,5,21976,8151,31214,1385620,0,65967,24609,3735801,5306474,0,0,0,996,1000,1399,1400,7092191
MPCTASK: EXP,3,254,12704,-149,62,406,302,942,8,-109,-543,-190,-201,604,407,126,450,407,-293,-145,1680,69,300,1,3,3,15,3,1,1,0,0,0,5,24804,9643,35488,1639274,0,1786,154732,4216569,6033038,0,0,0,996,1000,1399,1400,7092191
MPCTASK: EXP,3,256,12803,-117,144,410,380,909,17,249,-434,-109,-186,774,407,153,460,407,-289,-81,1335,69,300,1,3,3,15,3,1,1,0,0,0,5,25596,8621,34917,1465431,0,1785,79585,4351273,5936088,0,0,0,997,1000,1399,1400,7092191
MPCTASK: EXP,3,258,12903,-77,224,414,444,829,27,532,-322,-36,-132,917,407,172,457,407,-285,-75,1305,69,300,1,3,3,15,3,1,1,0,0,0,5,21608,10323,33831,1754870,0,1785,65701,3673154,5751250,0,0,0,997,1000,1399,1400,7092191
MPCTASK: EXP,3,260,13007,-42,277,421,459,677,23,729,-87,13,-43,1022,407,155,413,407,-278,-71,1454,69,300,1,3,3,15,3,1,1,0,0,0,5,27327,8903,36776,1513429,0,1785,38309,4645518,6251935,0,0,0,997,1000,1399,1400,7092191
MPCTASK: EXP,3,262,13103,5,347,422,462,567,-7,794,124,47,69,1085,407,144,408,407,-278,-116,1858,69,300,1,3,3,15,3,1,1,0,0,0,5,20477,10783,33179,1832907,0,1785,23094,3481042,5640487,0,0,0,998,1000,1399,1400,7092191
MPCTASK: EXP,3,264,13203,57,351,419,437,333,-44,944,380,97,192,1105,407,125,294,407,-289,-119,2229,69,300,1,3,3,15,3,1,1,0,0,0,5,24930,8796,33994,1495300,0,1785,23094,4238013,5779062,0,0,0,998,1000,1399,1400,7092191
MPCTASK: EXP,3,266,13303,96,386,412,356,196,-59,831,648,162,309,1082,407,78,264,407,-299,-132,2203,69,300,1,3,3,15,3,1,1,0,0,0,5,21277,10300,32564,1751030,0,1785,143174,3616942,5536013,0,0,0,998,1000,1399,1400,7092191
MPCTASK: EXP,3,268,13402,121,387,408,204,4,-34,855,848,242,404,1020,407,11,172,407,-298,-27,1550,69,300,1,3,3,15,3,1,1,0,0,0,5,21963,8323,31086,1414896,0,1785,112984,3733646,5284666,0,0,0,997,1000,1399,1400,7092191
MPCTASK: EXP,3,270,13500,129,363,406,47,-180,-12,781,903,281,465,924,407,-54,75,407,-296,-5,1360,69,300,1,3,3,15,3,1,1,0,0,0,5,20717,8895,29885,1511969,0,1785,23281,3521797,5080411,0,0,0,997,1000,1399,1400,7092191
MPCTASK: EXP,3,272,13606,112,340,406,-125,-314,-3,706,903,321,483,799,407,-131,-2,407,-294,8,1270,69,300,1,3,3,15,3,1,1,0,0,0,5,24096,10473,35524,1780367,0,1785,99499,4096242,6039089,0,0,0,997,1000,1399,1400,7092191
MPCTASK: EXP,3,274,13703,110,288,403,-237,-464,-9,653,835,294,454,651,407,-156,-110,407,-298,-83,1695,69,300,1,3,3,15,3,1,1,0,0,0,5,22879,9176,32618,1559919,0,1908,73354,3889230,5545170,0,0,0,997,1000,1399,1400,7092191
MPCTASK: EXP,3,276,13804,68,239,402,-389,-565,-2,475,721,298,380,485,407,-215,-182,407,-297,-140,1818,69,300,1,3,3,15,3,1,1,0,0,0,5,25064,7926,33514,1347258,0,1785,23094,4260694,5697603,0,0,0,996,1000,1399,1400,7092191
MPCTASK: EXP,3,278,13903,20,187,401,-492,-635,12,459,403,293,267,306,407,-235,-256,407,-298,-121,1565,69,300,1,3,3,15,3,1,1,0,0,0,5,22813,9271,32839,1575854,0,15344,92512,3878257,5582851,0,0,0,995,1000,1399,1400,7092191
MPCTASK: EXP,3,280,14007,-39,126,404,-549,-700,34,379,131,284,127,119,407,-255,-329,407,-295,-78,1283,69,300,1,3,3,15,3,1,1,0,0,0,5,25313,10055,36315,1709263,0,1785,24240,4303146,6173706,0,0,0,993,1000,1399,1400,7092191
MPCTASK: EXP,3,282,14106,-64,41,406,-495,-781,26,310,-173,220,-26,-69,407,-200,-425,407,-293,-57,1161,69,300,1,3,3,15,3,1,1,0,0,0,5,22224,11642,34383,1979090,0,1785,65347,3777977,5845190,0,0,0,992,1000,1399,1400,7092191
MPCTASK: EXP,3,284,14206,-138,-15,409,-479,-761,12,161,-391,232,-178,-258,407,-207,-451,407,-290,-62,1225,69,300,1,3,3,15,3,1,1,0,0,0,5,23366,9532,33946,1620418,0,1785,129703,3972141,5770914,0,0,0,992,1000,1399,1400,7092191
MPCTASK: EXP,3,286,14307,-190,-69,415,-406,-742,26,174,-657,181,-313,-440,407,-178,-486,407,-284,-55,1277,69,300,1,3,3,15,3,1,1,0,0,0,5,22633,11408,35130,1939233,0,25349,121847,3847585,5972191,0,0,0,994,1000,1399,1400,7092191
MPCTASK: EXP,3,288,14404,-219,-126,420,-270,-727,14,126,-856,60,-419,-611,407,-117,-514,407,-279,-102,1829,69,300,1,3,3,15,3,1,1,0,0,0,5,24391,6959,31859,1182971,0,1785,23094,4146241,5416074,0,0,0,995,1000,1399,1400,7092191
MPCTASK: EXP,3,290,14506,-235,-175,422,-116,-703,-5,124,-908,-229,-483,-769,407,-62,-535,407,-278,-143,2184,69,300,1,3,3,15,3,1,1,0,0,0,5,20887,10497,32135,1784466,0,1785,89444,3550792,5463071,0,0,0,996,1000,1399,1400,7092191
MPCTASK: EXP,3,292,14606,-242,-225,421,35,-689,-17,28,-975,-556,-501,-908,407,-8,-550,407,-282,-171,2194,69,300,1,3,3,15,3,1,1,0,0,0,5,22767,6728,32108,1143782,0,1785,234860,3870253,5458405,0,0,0,997,1000,1399,1400,7092191
MPCTASK: EXP,3,294,14708,-231,-274,420,204,-674,-14,35,-1018,-840,-469,-1026,407,54,-569,407,-281,-105,2237,69,300,1,3,3,15,3,1,1,0,0,0,5,22163,11880,34310,2019482,0,1785,23094,3767666,5832681,0,0,0,997,1000,1399,1400,7092191
MPCTASK: EXP,3,296,14809,-207,-325,421,359,-667,-13,-101,-953,-990,-391,-1120,407,106,-582,407,-280,-30,1775,69,300,1,3,3,15,3,1,1,0,0,0,5,23897,11200,35913,1903842,0,2185,24242,4062513,6105345,0,0,0,998,1000,1399,1400,7092191
MPCTASK: EXP,3,298,14906,-172,-362,421,491,-624,-39,-241,-812,-1005,-275,-1188,407,141,-557,407,-286,-191,2137,69,300,1,3,3,15,3,1,1,0,0,0,5,21813,10633,33097,1807530,0,1785,23094,3708041,5626599,0,0,0,998,1000,1399,1400,7092191
MPCTASK: EXP,3,300,15008,-107,-414,412,620,-550,-82,-515,-310,-854,-132,-1228,407,152,-519,407,-303,-33,1159,69,300,1,3,3,15,3,1,1,0,0,0,5,26774,7033,34072,1195529,0,1785,23094,4551339,5792352,0,0,0,998,1000,1399,1400,7092191
MPCTASK: EXP,3,302,15105,-58,-450,406,621,-423,-54,-663,111,-732,23,-1239,407,143,-472,407,-304,-96,1777,69,300,1,3,3,15,3,1,1,0,0,0,5,21371,9912,31549,1684975,0,1785,23094,3633097,5363407,0,0,0,998,1000,1399,1400,7092191
MPCTASK: EXP,3,304,15207,-23,-471,404,557,-290,-15,-682,397,-658,177,-1221,407,92,-417,407,-298,-146,1883,69,300,1,3,3,15,3,1,1,0,0,0,5,23593,9571,33918,1626895,0,1785,55643,4010745,5766149,0,0,0,998,1000,1399,1400,7092191
MPCTASK: EXP,3,306,15307,12,-489,408,438,-132,-3,-887,630,-503,313,-1174,407,28,-329,407,-292,-221,2133,69,300,1,3,3,15,3,1,1,0,0,0,5,22442,9843,32553,1673276,0,1786,23249,3814954,5534039,0,0,0,998,1000,1399,1400,7092191
MPCTASK: EXP,3,308,15409,62,-483,407,338,60,-50,-1047,1037,-328,419,-1099,407,-14,-229,407,-302,-239,2212,69,300,1,3,3,15,3,1,1,0,0,0,5,23688,10032,34219,1705414,0,1785,23094,4026945,5817398,0,0,0,998,1000,1399,1400,7092191
MPCTASK: EXP,3,310,15507,78,-484,405,137,217,-23,-928,1146,-324,483,-999,407,-89,-167,407,-298,-107,2286,69,300,1,3,3,15,3,1,1,0,0,0,5,22467,10293,33171,1749759,0,1785,24246,3819313,5639170,0,0,0,998,1000,1399,1400,7092191
MPCTASK: EXP,3,312,15610,49,-458,398,-90,365,-50,-774,1003,-363,500,-875,407,-175,-92,407,-311,-249,2164,69,300,1,3,3,15,3,1,1,0,0,0,5,24566,9664,35090,1642781,0,1785,89609,4176221,5965377,0,0,0,998,1000,1399,1400,7092191
MPCTASK: EXP,3,314,15710,7,-431,392,-281,463,-14,-528,739,-442,468,-730,407,-250,-37,407,-309,-65,1469,69,300,1,3,3,15,3,1,1,0,0,0,5,22896,10499,34342,1784803,0,1995,58289,3892305,5838223,0,0,0,997,1000,1399,1400,7092191
MPCTASK: EXP,3,316,15808,-57,-369,391,-451,585,32,-461,530,-529,390,-569,407,-325,65,407,-308,-137,1603,69,300,1,3,3,15,3,1,1,0,0,0,5,21509,10115,32369,1719629,0,1785,103804,3656325,5502887,0,0,0,997,1000,1399,1400,7092191
MPCTASK: EXP,3,318,15914,-122,-314,396,-537,652,80,-348,131,-610,273,-395,407,-340,129,407,-303,-83,1085,69,300,1,3,3,15,3,1,1,0,0,0,5,26999,10981,38920,1866701,0,1785,66912,4589676,6616494,0,0,0,997,1000,1399,1400,7092191
MPCTASK: EXP,3,320,16010,-189,-250,407,-530,689,136,-124,-501,-675,130,-212,407,-306,179,407,-292,-70,1049,69,300,1,3,3,15,3,1,1,0,0,0,5,23576,9172,33967,1559128,0,1786,156548,4007805,5774479,0,0,0,996,1000,1399,1400,7092191
MPCTASK: EXP,3,322,16110,-236,-189,426,-375,658,149,-79,-1011,-643,-25,-26,407,-234,221,407,-273,-125,1975,69,300,1,3,3,15,3,1,1,0,0,0,5,23360,8934,32979,1518615,0,1785,72965,3971109,5606481,0,0,0,996,1000,1399,1400,7092191
MPCTASK: EXP,3,324,16208,-258,-134,442,-199,643,67,-285,-1018,-485,-179,159,407,-163,283,407,-257,-211,2122,69,300,1,3,3,15,3,1,1,0,0,0,5,22053,9286,31967,1578523,0,2202,82583,3748909,5434497,0,0,0,995,1000,1399,1400,7092191
MPCTASK: EXP,3,326,16308,-251,-89,442,-22,653,-61,-501,-779,-273,-316,340,407,-87,335,407,-270,-136,2123,69,300,1,3,3,15,3,1,1,0,0,0,5,20802,10123,31735,1720877,0,37381,24612,3536278,5395024,0,0,0,996,1000,1399,1400,7092191
MPCTASK: EXP,3,328,16410,-226,-45,430,128,698,-108,-536,-654,-100,-421,512,407,-2,380,407,-291,-53,1790,69,300,1,3,3,15,3,1,1,0,0,0,5,22789,10066,33369,1711257,0,1785,65357,3874013,5672883,0,0,0,996,1000,1399,1400,7092191
MPCTASK: EXP,3,330,16515,-192,7,415,270,734,-81,-351,-545,69,-485,669,407,77,408,407,-300,-69,1623,69,300,1,3,3,15,3,1,1,0,0,0,5,24839,11291,36918,1919491,0,1786,23257,4222677,6276140,0,0,0,997,1000,1399,1400,7092191
MPCTASK: EXP,3,332,16610,-143,77,409,393,777,-29,-176,-430,183,-502,809,407,154,452,407,-296,-83,1466,69,300,1,3,3,15,3,1,1,0,0,0,5,23153,8959,33044,1522979,0,1785,23094,3935973,5617526,0,0,0,997,1000,1399,1400,7092191
MPCTASK: EXP,3,334,16714,-84,119,407,489,728,4,-11,-290,298,-470,928,407,220,437,407,-292,-59,1228,69,300,1,3,3,15,3,1,1,0,0,0,5,24492,11243,36748,1911255,0,1785,149345,4163565,6247281,0,0,0,998,1000,1399,1400,7092191
MPCTASK: EXP,3,336,16811,-35,183,407,525,722,11,87,-91,349,-392,1023,407,240,460,407,-292,-35,1077,69,300,1,3,3,15,3,1,1,0,0,0,5,23787,9570,34216,1626769,0,2101,53714,4043757,5816825,0,0,0,998,1000,1399,1400,7092191
MPCTASK: EXP,3,338,16910,17,262,411,530,709,22,284,72,381,-276,1091,407,247,482,407,-288,-47,1106,69,300,1,3,3,15,3,1,1,0,0,0,5,23454,8312,32474,1412898,0,1786,98487,3987057,5520703,0,0,0,998,1000,1399,1400,7092191
MPCTASK: EXP,3,340,17013,67,298,412,504,583,0,477,276,422,-132,1131,407,236,427,407,-287,-27,1063,69,300,1,3,3,15,3,1,1,0,0,0,5,25092,9208,35088,1565399,0,1785,37077,4265546,5965083,0,0,0,998,1000,1399,1400,7092191
MPCTASK: EXP,3,342,17110,106,347,411,431,487,-22,507,513,472,23,1143,407,190,407,407,-293,-76,1427,69,300,1,3,3,15,3,1,1,0,0,0,5,23020,8851,32387,1504596,0,1785,23094,3913381,5505811,0,0,0,998,1000,1399,1400,7092191
MPCTASK: EXP,3,344,17213,136,387,411,317,374,-18,604,705,526,177,1125,407,126,369,407,-292,-8,1137,69,300,1,3,3,15,3,1,1,0,0,0,5,24119,9616,34522,1634590,0,1786,110580,4100165,5868825,0,0,0,998,1000,1399,1400,7092191
MPCTASK: EXP,3,346,17310,172,395,407,216,206,-30,652,813,546,313,1078,407,85,286,407,-298,-71,1648,69,300,1,3,3,15,3,1,1,0,0,0,5,20748,10353,31896,1759881,0,1785,23094,3527063,5422543,0,0,0,997,1000,1399,1400,7092191
MPCTASK: EXP,3,348,17414,176,406,403,54,74,-36,644,965,575,419,1003,407,-3,230,407,-304,-31,1728,69,300,1,3,3,15,3,1,1,0,0,0,5,23857,11626,35971,1976354,0,1787,23256,4055645,6115137,0,0,0,997,1000,1399,1400,7092191
MPCTASK: EXP,3,350,17513,161,404,401,-121,-66,-17,681,915,586,483,902,407,-85,155,407,-302,-1,1366,69,300,1,3,3,15,3,1,1,0,0,0,5,25531,9092,35140,1545526,0,1785,64220,4340237,5974009,0,0,0,997,1000,1399,1400,7092191
MPCTASK: EXP,3,352,17610,155,363,398,-244,-253,-15,692,828,540,500,778,407,-127,33,407,-304,-18,1301,69,300,1,3,3,15,3,1,1,0,0,0,5,20233,10322,31190,1754681,0,2121,84738,3439585,5302345,0,0,0,997,1000,1399,1400,7092191
MPCTASK: EXP,3,354,17713,104,339,394,-406,-371,-8,660,762,564,468,634,407,-214,-35,407,-306,-92,1606,69,300,1,3,3,15,3,1,1,0,0,0,5,24128,9554,34700,1624045,0,1785,132758,4101673,5899078,0,0,0,996,1000,1399,1400,7092191
MPCTASK: EXP,3,356,17815,54,300,396,-517,-497,27,698,514,559,390,472,407,-252,-126,407,-303,-84,1470,69,300,1,3,3,15,3,1,1,0,0,0,5,25905,10939,37112,1859691,0,1785,23100,4403741,6309206,0,0,0,996,1000,1399,1400,7092191
MPCTASK: EXP,3,358,17915,-35,251,397,-635,-612,22,638,280,568,273,298,407,-316,-208,407,-302,-187,1804,69,300,1,3,3,15,3,1,1,0,0,0,5,23020,12337,37403,2097219,0,1785,23094,3913402,6358567,0,0,0,995,1000,1399,1400,7092191
MPCTASK: EXP,3,360,18015,-78,181,401,-607,-723,44,584,-91,476,130,116,407,-291,-308,407,-298,-67,1237,69,300,1,3,3,15,3,1,1,0,0,0,5,23371,11160,35764,1897133,0,2178,24243,3973006,6079865,0,0,0,994,1000,1399,1400,7092191
MPCTASK: EXP,3,362,18110,-114,77,407,-537,-860,43,397,-264,360,-25,-70,407,-246,-423,407,-292,-138,1570,69,300,1,3,3,15,3,1,1,0,0,0,5,20902,10300,31847,1750873,0,65977,23264,3553245,5414231,0,0,0,993,1000,1399,1400,7092191
MPCTASK: EXP,3,364,18215,-154,15,412,-456,-847,32,136,-424,290,-179,-256,407,-210,-451,407,-287,-21,940,69,300,1,3,3,15,3,1,1,0,0,0,5,25858,9881,36263,1679746,0,1903,66364,4395782,6164737,0,0,0,993,1000,1399,1400,7092191
MPCTASK: EXP,3,366,18309,-157,-113,419,-300,-951,32,89,-619,192,-316,-437,407,-113,-585,407,-280,-132,1607,69,300,1,3,3,15,3,1,1,0,0,0,5,20619,9728,30890,1653758,0,1785,69699,3505209,5251334,0,0,0,994,1000,1399,1400,7092191
MPCTASK: EXP,3,368,18417,-171,-183,424,-174,-880,6,-265,-627,120,-421,-608,407,-60,-583,407,-275,12,956,69,300,1,3,3,15,3,1,1,0,0,0,5,25358,11887,37943,2020724,0,1959,94844,4310750,6450293,0,0,0,995,1000,1399,1400,7092191
MPCTASK: EXP,3,370,18516,-173,-233,422,-49,-766,-26,-254,-698,38,-485,-766,407,-2,-572,407,-282,-34,1363,69,300,1,3,3,15,3,1,1,0,0,0,5,26087,10719,37657,1822260,0,1785,23094,4434506,6402022,0,0,0,996,1000,1399,1400,7092191
MPCTASK: EXP,3,372,18615,-165,-269,418,86,-653,-36,-224,-737,-42,-502,-906,407,58,-550,407,-288,-21,1380,69,300,1,3,3,15,3,1,1,0,0,0,5,26208,9971,36880,1695082,0,1907,64490,4455325,6269714,0,0,0,997,1000,1399,1400,7092191
MPCTASK: EXP,3,374,18711,-145,-297,415,220,-547,-20,-245,-683,-111,-470,-1025,407,109,-515,407,-288,16,1068,69,300,1,3,3,15,3,1,1,0,0,0,5,23028,9116,32952,1549621,0,2693,23407,3914758,5601933,0,0,0,998,1000,1399,1400,7092191
MPCTASK: EXP,3,376,18814,-112,-328,412,341,-473,-27,-155,-597,-169,-392,-1120,407,153,-500,407,-292,-30,1231,69,300,1,3,3,15,3,1,1,0,0,0,5,20874,11583,34882,1968980,0,1785,180866,3548566,5930104,0,0,0,998,1000,1399,1400,7092191
MPCTASK: EXP,3,378,18910,-62,-352,411,458,-413,-16,-141,-472,-220,-276,-1188,407,203,-481,407,-292,-53,1257,69,300,1,3,3,15,3,1,1,0,0,0,5,22958,8049,31494,1368260,0,1785,48933,3902753,5353979,0,0,0,998,1000,1399,1400,7092191
MPCTASK: EXP,3,380,19016,-6,-379,410,534,-366,-8,-182,-205,-204,-132,-1228,407,223,-462,407,-291,-42,1145,69,300,1,3,3,15,3,1,1,0,0,0,5,26729,9208,37875,1565135,0,37919,161348,4543829,6438869,0,0,0,998,1000,1399,1400,7092191
MPCTASK: EXP,3,382,19113,47,-397,408,546,-295,-12,-304,105,-168,23,-1239,407,205,-414,407,-293,-92,1500,69,300,1,3,3,15,3,1,1,0,0,0,5,24315,9552,34620,1623724,0,40504,66402,4133447,5885487,0,0,0,998,1000,1399,1400,7092191
MPCTASK: EXP,3,384,19215,89,-410,411,486,-207,5,-389,385,-143,177,-1221,407,170,-363,407,-288,-13,925,69,300,1,3,3,15,3,1,1,0,0,0,5,24445,10774,35653,1831419,0,1785,51372,4155590,6061162,0,0,0,998,1000,1399,1400,7092191
MPCTASK: EXP,3,386,19315,132,-422,411,403,-128,-12,-446,600,-130,313,-1174,407,130,-318,407,-291,-10,1066,69,300,1,3,3,15,3,1,1,0,0,0,5,24583,10304,36355,1751639,0,1785,129723,4178997,6180520,0,0,0,998,1000,1399,1400,7092191
MPCTASK: EXP,3,388,19415,152,-421,410,259,-20,-18,-605,837,-129,419,-1099,407,53,-240,407,-292,-131,1999,69,300,1,3,3,15,3,1,1,0,0,0,5,25492,10164,36654,1727908,0,1785,145409,4333601,6231373,0,0,0,998,1000,1399,1400,7092191
MPCTASK: EXP,3,390,19514,152,-392,411,70,147,-2,-657,937,-199,483,-999,407,-30,-133,407,-289,-89,1911,69,300,1,3,3,15,3,1,1,0,0,0,5,25587,9099,35473,1546657,0,1785,110880,4349761,6030418,0,0,0,998,1000,1399,1400,7092191
MPCTASK: EXP,3,392,19615,138,-375,409,-106,255,14,-521,819,-350,500,-875,407,-95,-73,407,-290,-55,1456,69,300,1,3,3,15,3,1,1,0,0,0,5,23340,10715,35940,1821502,0,1960,68529,3967802,6109898,0,0,0,998,1000,1399,1400,7092191
MPCTASK: EXP,3,394,19713,129,-336,407,-216,367,14,-456,611,-470,468,-730,407,-113,8,407,-292,-85,1409,69,300,1,3,3,15,3,1,1,0,0,0,5,22988,11016,34792,1872542,0,2361,69457,3907861,5914587,0,0,0,997,1000,1399,1400,7092191
MPCTASK: EXP,3,396,19809,94,-315,409,-318,411,39,-387,426,-553,390,-569,407,-145,46,407,-290,-63,1173,69,300,1,3,3,15,3,1,1,0,0,0,5,22608,7653,30768,1300914,0,1785,64341,3843150,5230665,0,0,0,997,1000,1399,1400,7092191
MPCTASK: EXP,3,398,19915,54,-291,413,-372,450,32,-496,196,-531,273,-395,407,-150,97,407,-286,-65,1226,69,300,1,3,3,15,3,1,1,0,0,0,5,24059,10994,35580,1868729,0,1785,66553,4089933,6048875,0,0,0,995,1000,1399,1400,7092191
MPCTASK: EXP,3,400,20017,23,-279,418,-367,474,17,-648,18,-438,130,-212,407,-128,133,407,-281,-103,1547,69,300,1,3,3,15,3,1,1,0,0,0,5,27764,9559,38171,1625032,0,1904,59303,4719785,6489027,0,0,0,994,1000,1399,1400,7092191
MPCTASK: EXP,3,402,20114,-7,-242,420,-347,564,-3,-802,-53,-279,-25,-26,407,-108,207,407,-279,-53,1541,69,300,1,3,3,15,3,1,1,0,0,0,5,24055,10106,34934,1717832,0,1785,68485,4089374,5938877,0,0,0,993,1000,1399,1400,7092191
MPCTASK: EXP,3,404,20215,-30,-181,421,-304,697,-18,-800,-176,-118,-179,159,407,-71,304,407,-282,-73,1694,69,300,1,3,3,15,3,1,1,0,0,0,5,25839,9190,36123,1562146,0,1785,65369,4392461,6140918,0,0,0,994,1000,1399,1400,7092191
MPCTASK: EXP,3,406,20314,-50,-112,417,-247,806,-44,-633,-329,22,-316,340,407,-28,378,407,-291,-112,1769,69,300,1,3,3,15,3,1,1,0,0,0,5,22924,9344,32898,1588398,0,1785,84755,3897038,5592610,0,0,0,995,1000,1399,1400,7092191
MPCTASK: EXP,3,408,20415,-41,-42,412,-123,874,-35,-421,-458,152,-421,512,407,54,434,407,-294,-23,1106,69,300,1,3,3,15,3,1,1,0,0,0,5,21951,11594,34391,1970878,0,1786,77966,3731610,5846617,0,0,0,996,1000,1399,1400,7092191
MPCTASK: EXP,3,410,20517,-46,34,410,-36,908,-12,-199,-487,226,-485,669,407,94,479,407,-292,-77,1391,69,300,1,3,3,15,3,1,1,0,0,0,5,26881,9868,37025,1677371,0,1958,23925,4569685,6294446,0,0,0,997,1000,1399,1400,7092191
MPCTASK: EXP,3,412,20616,-45,110,411,54,896,0,47,-561,263,-502,809,407,134,506,407,-288,-36,1157,69,300,1,3,3,15,3,1,1,0,0,0,5,21752,12918,35694,2196078,0,1785,117032,3697849,6068110,0,0,0,997,1000,1399,1400,7092191
MPCTASK: EXP,3,414,20714,-46,188,409,127,859,-15,219,-518,285,-470,928,407,149,527,407,-293,-16,1057,69,300,1,3,3,15,3,1,1,0,0,0,5,21914,9972,33407,1695075,0,1785,110388,3725301,5679198,0,0,0,998,1000,1399,1400,7092191
MPCTASK: EXP,3,416,20817,-38,268,407,197,809,-15,356,-469,304,-392,1023,407,158,545,407,-295,-52,1238,69,300,1,3,3,15,3,1,1,0,0,0,5,21674,13068,36084,2221479,0,34786,25522,3684504,6134369,0,0,0,998,1000,1399,1400,7092191
MPCTASK: EXP,3,418,20917,-16,336,405,271,717,-13,545,-331,317,-275,1091,407,165,528,407,-297,-50,1249,69,300,1,3,3,15,3,1,1,0,0,0,5,26890,9946,37104,1690689,0,1785,23094,4571177,6307790,0,0,0,998,1000,1399,1400,7092191
MPCTASK: EXP,3,420,21015,2,399,407,296,609,-2,661,-112,313,-132,1131,407,142,509,407,-292,-65,1404,69,300,1,3,3,15,3,1,1,0,0,0,5,24699,10058,35173,1709766,0,1785,23094,4198705,5979560,0,0,0,998,1000,1399,1400,7092191
MPCTASK: EXP,3,422,21116,22,432,405,288,445,-21,770,89,325,23,1143,407,106,449,407,-299,-29,1410,69,300,1,3,3,15,3,1,1,0,0,0,5,23126,10543,34193,1792251,0,1954,66447,3931091,5812986,0,0,0,998,1000,1399,1400,7092191
MPCTASK: EXP,3,424,21217,38,444,402,248,257,-28,794,261,345,177,1125,407,60,360,407,-302,-73,1721,69,300,1,3,3,15,3,1,1,0,0,0,5,24561,10408,35357,1769214,0,1785,23094,4175438,6010910,0,0,0,998,1000,1399,1400,7092191
MPCTASK: EXP,3,426,21317,54,453,401,183,104,-19,719,463,368,313,1078,407,8,299,407,-302,-66,1531,69,300,1,3,3,15,3,1,1,0,0,0,5,21281,12365,34828,2101929,0,1785,64225,3617601,5920859,0,0,0,997,1000,1399,1400,7092191
MPCTASK: EXP,3,428,21416,59,455,399,83,-29,-9,708,606,408,418,1004,407,-56,235,407,-302,0,1121,69,300,1,3,3,15,3,1,1,0,0,0,5,23646,8797,33620,1495464,0,1785,42921,4019889,5715591,0,0,0,997,1000,1399,1400,7092191
MPCTASK: EXP,3,430,21517,44,432,400,-52,-189,-3,721,700,445,482,903,407,-144,127,407,-300,-9,1163,69,300,1,3,3,15,3,1,1,0,0,0,5,24224,10075,34815,1712627,0,1785,56052,4118049,5918659,0,0,0,997,1000,1399,1400,7092191
MPCTASK: EXP,3,432,21616,22,395,396,-183,-344,-16,680,715,457,499,780,407,-211,34,407,-306,6,1085,69,300,1,3,3,15,3,1,1,0,0,0,5,23703,8663,34386,1472648,0,1785,274158,4029429,5845742,0,0,0,997,1000,1399,1400,7092191
MPCTASK: EXP,3,434,21719,-20,356,395,-328,-470,0,640,665,473,466,636,407,-291,-57,407,-304,-5,1048,69,300,1,3,3,15,3,1,1,0,0,0,5,27744,7540,36467,1281715,0,1785,176301,4716409,6199566,0,0,0,997,1000,1399,1400,7092191
MPCTASK: EXP,3,436,21815,-77,311,394,-455,-573,5,592,494,476,388,475,407,-354,-138,407,-305,-74,1368,69,300,1,3,3,15,3,1,1,0,0,0,5,22142,9252,32976,1572671,0,1785,191323,3764009,5605883,0,0,0,997,1000,1399,1400,7092191
MPCTASK: EXP,3,438,21916,-133,240,395,-529,-699,20,577,260,448,271,301,407,-382,-251,407,-304,-100,1467,69,300,1,3,3,15,3,1,1,0,0,0,5,23643,9214,34024,1566264,0,154458,23259,4019337,5784115,0,0,0,996,1000,1399,1400,7092191
MPCTASK: EXP,3,440,22014,-179,175,397,-533,-776,31,513,37,412,129,117,407,-379,-332,407,-302,-51,1128,69,300,1,3,3,15,3,1,1,0,0,0,5,21596,8134,32400,1382652,0,1785,75569,3671305,5508118,0,0,0,995,1000,1399,1400,7092191
MPCTASK: EXP,3,442,22123,-241,101,401,-533,-843,34,445,-191,361,-25,-70,407,-375,-408,407,-298,-109,1459,69,300,1,3,3,15,3,1,1,0,0,0,5,24939,13730,40235,2334045,0,1785,163137,4239540,6840079,0,0,0,995,1000,1399,1400,7092191
MPCTASK: EXP,3,444,22218,-293,29,404,-476,-876,22,326,-453,288,-177,-259,407,-340,-465,407,-295,-62,1202,69,300,1,3,3,15,3,1,1,0,0,0,5,23614,10845,35584,1843548,0,1785,141553,4014333,6049242,0,0,0,995,1000,1399,1400,7092191
MPCTASK: EXP,3,446,22316,-335,-48,409,-382,-893,22,166,-655,196,-310,-444,407,-306,-509,407,-290,-116,1599,69,300,1,3,3,15,3,1,1,0,0,0,5,24035,9036,34184,1535985,0,1786,167242,4085857,5811351,0,0,0,995,1000,1399,1400,7092191
MPCTASK: EXP,3,448,22417,-337,-107,412,-201,-847,9,59,-788,93,-412,-619,407,-214,-514,407,-287,5,1152,69,300,1,3,3,15,3,1,1,0,0,0,5,23122,11231,34628,1909252,0,1786,23250,3930653,5886739,0,0,0,996,1000,1399,1400,7092191
MPCTASK: EXP,3,450,22515,-343,-190,412,-53,-842,-14,-111,-835,38,-472,-781,407,-167,-547,407,-290,-71,1728,69,300,1,3,3,15,3,1,1,0,0,0,5,25067,5991,32262,1018259,0,2185,24244,4261321,5484703,0,0,0,997,1000,1399,1400,7092191
MPCTASK: EXP,3,452,22618,-347,-249,411,78,-757,-22,-307,-820,-24,-486,-925,407,-132,-520,407,-293,-26,1472,69,300,1,3,3,15,3,1,1,0,0,0,5,24362,11017,36031,1872757,0,1786,69988,4141437,6125371,0,0,0,997,1000,1399,1400,7092191
MPCTASK: EXP,3,454,22720,-333,-304,410,211,-663,-22,-420,-747,-69,-454,-1045,407,-97,-492,407,-294,-18,1304,69,300,1,3,3,15,3,1,1,0,0,0,5,26323,10349,37216,1759269,0,1785,69635,4474861,6326751,0,0,0,998,1000,1399,1400,7092191
MPCTASK: EXP,3,456,22817,-312,-342,408,319,-539,-17,-509,-599,-128,-379,-1136,407,-78,-441,407,-294,-62,1374,69,300,1,3,3,15,3,1,1,0,0,0,5,23769,10263,34422,1744606,0,1785,42734,4040565,5875317,0,0,0,998,1000,1399,1400,7092191
MPCTASK: EXP,3,458,22916,-281,-362,405,396,-392,-25,-580,-362,-178,-272,-1193,407,-81,-372,407,-299,-87,1518,69,300,1,3,3,15,3,1,1,0,0,0,5,22707,8813,33074,1498140,0,1786,177485,3859897,5622599,0,0,0,998,1000,1399,1400,7092191
MPCTASK: EXP,3,460,23019,-248,-373,404,424,-244,-10,-632,-78,-249,-146,-1213,407,-90,-307,407,-297,-53,1331,69,300,1,3,3,15,3,1,1,0,0,0,5,23265,12584,36576,2139109,0,1785,65080,3954973,6218063,0,0,0,998,1000,1399,1400,7092191
MPCTASK: EXP,3,462,23119,-214,-374,406,408,-103,13,-587,145,-343,-18,-1192,407,-99,-253,407,-293,-41,1164,69,300,1,3,3,15,3,1,1,0,0,0,5,26427,9012,36499,1531969,0,1785,158081,4492406,6205054,0,0,0,998,1000,1399,1400,7092191
MPCTASK: EXP,3,464,23220,-187,-361,408,357,27,5,-508,249,-357,96,-1128,407,-97,-220,407,-291,-15,996,69,300,1,3,3,15,3,1,1,0,0,0,5,25649,10632,37872,1807407,0,60189,23099,4360245,6438294,0,0,0,998,1000,1399,1400,7092191
MPCTASK: EXP,3,466,23319,-165,-352,409,286,116,-7,-514,412,-287,184,-1024,407,-106,-206,407,-292,-34,1131,69,300,1,3,3,15,3,1,1,0,0,0,5,25013,10691,36382,1817493,0,1785,23396,4252197,6185082,0,0,0,998,1000,1399,1400,7092191
MPCTASK: EXP,3,468,23417,-145,-340,409,201,194,-10,-431,470,-205,234,-885,407,-116,-195,407,-292,-22,1037,69,300,1,3,3,15,3,1,1,0,0,0,5,21693,11653,34638,1980886,0,1785,109059,3687853,5888566,0,0,0,998,1000,1399,1400,7092191
MPCTASK: EXP,3,470,23515,-139,-318,406,106,259,-13,-290,414,-137,243,-718,407,-114,-193,407,-295,-32,1081,69,300,1,3,3,15,3,1,1,0,0,0,5,22421,10351,33035,1759543,0,1785,23094,3811449,5616142,0,0,0,997,1000,1399,1400,7092191
MPCTASK: EXP,3,472,23617,-134,-292,408,39,292,6,-102,277,-82,214,-540,407,-96,-199,407,-291,-74,1342,69,300,1,3,3,15,3,1,1,0,0,0,5,21762,11981,35324,2036707,0,92840,24240,3699469,6005267,0,0,0,996,1000,1399,1400,7092191
MPCTASK: EXP,3,474,23716,-142,-271,406,-11,275,11,135,90,-49,159,-366,407,-93,-209,407,-293,-56,1248,69,300,1,3,3,15,3,1,1,0,0,0,5,25417,6899,33011,1172831,0,1785,23398,4320798,5611889,0,0,0,995,1000,1399,1400,7092191
MPCTASK: EXP,3,476,23816,-146,-262,407,-14,204,23,295,-122,-20,94,-219,408,-99,-208,408,-292,-33,997,69,300,1,3,3,15,3,1,1,0,0,0,5,22581,10594,33958,1801014,0,1785,65619,3838625,5772995,0,0,0,994,1000,1399,1400,7092191
MPCTASK: EXP,3,478,23916,-155,-250,409,0,140,12,274,-225,3,38,-114,407,-121,-181,407,-290,15,763,69,300,1,3,3,15,3,1,1,0,0,0,5,24968,8592,34379,1460612,0,1785,116916,4244569,5844501,0,0,0,993,1000,1399,1400,7092191
MPCTASK: EXP,3,480,24018,-148,-259,409,47,60,-5,137,-201,21,6,-60,407,-119,-188,407,-291,-38,1107,69,300,1,3,3,15,3,1,1,0,0,0,5,23925,11107,35893,1888109,0,1785,124131,4067205,6101897,0,0,0,993,1000,1399,1400,7092191
MPCTASK: EXP,3,482,24117,-140,-270,407,78,23,-12,-97,-79,33,-1,-48,407,-90,-220,407,-294,-41,1182,69,300,1,3,3,15,3,1,1,0,0,0,5,24497,8664,34655,1472711,0,1785,65341,4164413,5891446,0,0,0,993,1000,1399,1400,7092191
MPCTASK: TRAJ DONE: idx=482, max=482; requesting landing
MPCTASK: LANDING: start z=0.40, hold=(-0.13,-0.27)
MPCTASK: TIMING SUMMARY: max_step_cycles=7092191 deadline_cycles=8400000 overruns=0
MPCTASK: LANDING COMPLETE: t=30392 ms, x=-0.162, y=-0.226, z=-0.013, vz=-0.065; motors off