SYS: Crazyflie 2.1 Brushless is up and running!
SYS: Build 2:de14ff9f08ae (2025.09.1 +2) MODIFIED
SYS: I am 0x373930393434471500370039 and I have 1024KB of flash!
CFGBLK: v1, verification [OK]
DECK_DISCOVERY: Backend found: onewire
DECK_DISCOVERY: Backend found: deckctrl
DECK_CORE: 1 deck(s) found
DECK_CORE: Calling INIT on driver bcFlow2 for deck 0
ZR2: Z-down sensor [OK]
PMW: Motion chip id: 0x49:0xB6
IMU: BMI088: Using I2C interface.
IMU: BMI088 Gyro connection [OK].
IMU: BMI088 Accel connection [OK]
IMU: BMP390 I2C connection [OK]
ESTIMATOR: Using Kalman (2) estimator
CONTROLLER: Using PID (1) controller
MTR-DRV: Using brushless motor driver
SYS: About to run tests in system.c.
SYS: NRF51 version: 2026.04 (C21B)
EEPROM: I2C connection [OK].
STORAGE: Storage check [OK].
IMU: BMI088 gyro self-test [OK]
DECK_CORE: Deck 0 test [OK].
SYS: Self test passed!
STAB: Wait for sensor calibration...
SYS: Free heap: 15048 bytes
MPCTASK: Waiting for activation ...
STAB: Starting stabilizer loop
STAB: WARNING: stabilizer loop rate is off (1004)
SUP: Ready to fly
MPCTASK: Benchmark mode 0, maneuver 4, max_iter 5, task_pri 0
MPCTASK: Reference altitude: 0.70 m; barrier skip when z>0.75 and vz>-0.20
MPCTASK: Common baseline: mpc_hz=20 model_hz=20 rho=5 base_w=0 base_qz=1 Qz=100 R=4 bridge=x10 guards=z[ref,ref+0.20] xy=free cap=0.05
MPCTASK: MPC->PID: xyz=x10, z_guard=[ref,ref+0.20], yaw=raw_rz, output_hold=200ms, safety_hold=500ms
MPCTASK: Reference origin: xy=OOT_activation z=0.70 m
MPCTASK: Fixed baseline: w=0 qz=1 adaptive_cache=off
MPCTASK: EXP every=2: m,s,tms,p3[mm],v3[mmps],att3[cdeg],ref3[mm],cmd3[mm],h/raw/grad/mar/thr[milli],act/ac/bind,wi/qi/cache/noa,pa/pf/du[milli],it,mpc/eval/total[us],bar/tanh/rl/cache/solve/step[cycles],overruns,post_active/post_infeasible_totals,wreq/w/qzreq/qz[milli],max_step_cycles
MPCTASK: Figure8: source=traj_fig8_12.h source_hz=100 samples=1205 laps=2 duration=24.07 s origin=OOT_activation z_offset=0.09 m
CONTROLLER: Using OutOfTree (6) controller
MPCTASK: Trajectory origin: x=-0.02 y=-0.03
MPCTASK: OOT activated at z=0.55
MPCTASK: OOT loop 1 done
MPCTASK: OOT loop 2 done
MPCTASK: OOT loop 3 done
MPCTASK: MPC task loop 1
MPCTASK: Benchmark reset: mode=0 maneuver=4
MPCTASK: x0: pos=(-0.02,-0.03,0.55) vel=(-0.01,0.03,-0.0)
MPCTASK: ref: (-0.02,-0.03,0.70)
MPCTASK: MPC solve start
MPCTASK: MPC solve done, iter=5
MPCTASK: MPC time=28523 us
MPCTASK: MPC stack free=1165 words
MPCTASK: setpoint: x=-0.09 y=0.28 z=0.70 preview_z=0.64
MPCTASK: MPC task loop 2
MPCTASK: MPC task loop 3
MPCTASK: EXP,0,2,83,-27,-40,554,-5,38,-28,-68,-180,20,-24,-36,700,-74,294,700,0,0,0,0,0,0,0,0,0,0,0,0,0,0,0,5,29818,0,29876,0,0,0,0,5068909,5079028,0,0,0,0,0,1000,1000,5284373
MPCTASK: EXP,0,4,179,-25,-33,542,17,44,-215,86,-90,19,-35,-17,700,-26,300,700,0,0,0,0,0,0,0,0,0,0,0,0,0,0,0,5,25623,0,25683,0,0,0,0,4355774,4366246,0,0,0,0,0,1000,1000,5284373
MPCTASK: EXP,0,6,279,-14,-24,517,37,39,-283,-81,1,26,-70,49,700,29,335,700,0,0,0,0,0,0,0,0,0,0,0,0,0,0,0,5,25617,0,25672,0,0,0,0,4354898,4364376,0,0,0,0,0,1000,1000,5284373
MPCTASK: EXP,0,8,377,-7,-35,503,37,134,-17,-968,-1,44,-122,168,700,84,390,700,0,0,0,0,0,0,0,0,0,0,0,0,0,0,0,5,23683,0,23738,0,0,0,0,4026069,4035550,0,0,0,0,0,1000,1000,5284373
MPCTASK: EXP,0,10,478,-7,-17,515,42,350,127,-1318,-157,13,-177,327,700,134,460,700,0,0,0,0,0,0,0,0,0,0,0,0,0,0,0,5,25048,0,25102,0,0,0,0,4258021,4267501,0,0,0,0,0,1000,1000,5284373
MPCTASK: EXP,0,12,577,-6,24,528,75,573,120,-1290,-340,-20,-215,507,700,181,519,700,0,0,0,0,0,0,0,0,0,0,0,0,0,0,0,5,24331,0,24385,0,0,0,0,4136161,4145482,0,0,0,0,0,1000,1000,5284373
MPCTASK: EXP,0,14,679,12,104,536,159,794,88,-1001,-507,-9,-223,686,700,238,584,700,0,0,0,0,0,0,0,0,0,0,0,0,0,0,0,5,25536,0,25590,0,0,0,0,4341053,4350374,0,0,0,0,0,1000,1000,5284373
MPCTASK: EXP,0,16,780,26,195,544,244,938,94,-495,-499,-53,-192,846,700,266,618,700,0,0,0,0,0,0,0,0,0,0,0,0,0,0,0,5,26224,0,26279,0,0,0,0,4458066,4467688,0,0,0,0,0,1000,1000,5284373
MPCTASK: EXP,0,18,877,48,280,549,327,967,122,-24,-491,-90,-123,975,699,282,614,699,0,0,0,0,0,0,0,0,0,0,0,0,0,0,0,5,23487,0,23810,0,0,0,0,3992661,4047930,0,0,0,0,0,1000,1000,5284373
MPCTASK: EXP,0,20,977,96,397,570,418,957,188,539,-304,-91,-23,1064,699,293,614,699,0,0,0,0,0,0,0,0,0,0,0,0,0,0,0,5,24183,0,24247,0,0,0,0,4111169,4122029,0,0,0,0,0,1000,1000,5284373
MPCTASK: EXP,0,22,1077,157,499,593,479,851,180,1006,-77,-109,95,1110,699,296,583,699,0,0,0,0,0,0,0,0,0,0,0,0,0,0,0,5,23098,0,23153,0,0,0,0,3926486,3935964,0,0,0,0,0,1000,1000,5284373
MPCTASK: EXP,0,24,1184,219,595,615,485,691,137,1436,291,-203,218,1112,699,271,533,699,0,0,0,0,0,0,0,0,0,0,0,0,0,0,0,5,30372,0,30585,0,0,0,0,5163189,5199518,0,0,0,0,0,1000,1000,5284373
MPCTASK: EXP,0,26,1278,245,630,629,378,403,72,1694,611,-184,328,1072,699,190,417,699,0,0,0,0,0,0,0,0,0,0,0,0,0,0,0,5,25220,0,25276,0,0,0,0,4287353,4297024,0,0,0,0,0,1000,1000,5284373
MPCTASK: EXP,0,28,1377,259,619,631,224,50,0,1737,849,-146,410,996,700,99,264,700,0,0,0,0,0,0,0,0,0,0,0,0,0,0,0,5,23559,0,23893,0,0,0,0,4005037,4061838,0,0,0,0,0,1000,1000,5284373
MPCTASK: EXP,0,30,1476,282,563,629,59,-323,-8,1647,1067,-203,455,888,700,20,83,700,0,0,0,0,0,0,0,0,0,0,0,0,0,0,0,5,22161,0,22215,0,0,0,0,3767173,3776506,0,0,0,0,0,1000,1000,5284373
MPCTASK: EXP,0,32,1579,256,497,622,-179,-639,-5,1403,1130,-98,454,753,700,-87,-80,700,0,0,0,0,0,0,0,0,0,0,0,0,0,0,0,5,24211,0,24266,0,0,0,0,4115689,4125181,0,0,0,0,0,1000,1000,5284373
MPCTASK: EXP,0,34,1679,208,418,621,-403,-879,34,1042,1033,32,406,598,700,-184,-221,700,0,0,0,0,0,0,0,0,0,0,0,0,0,0,0,5,24705,0,24759,0,0,0,0,4199753,4209086,0,0,0,0,0,1000,1000,5284373
MPCTASK: EXP,0,36,1779,137,304,623,-600,-1080,76,689,797,114,316,426,700,-268,-370,700,0,0,0,0,0,0,0,0,0,0,0,0,0,0,0,5,24088,0,24281,0,0,0,0,4094961,4127864,0,0,0,0,0,1000,1000,5284373
MPCTASK: EXP,0,38,1879,106,236,631,-665,-1101,121,304,449,90,191,243,700,-267,-432,700,0,0,0,0,0,0,0,0,0,0,0,0,0,0,0,5,23771,0,24131,0,0,0,0,4040974,4102330,0,0,0,0,0,1000,1000,5284373
MPCTASK: EXP,0,40,1977,17,124,646,-749,-1142,158,99,249,160,44,55,700,-306,-538,700,0,0,0,0,0,0,0,0,0,0,0,0,0,0,0,5,23023,0,23078,0,0,0,0,3913889,3923389,0,0,0,0,0,1000,1000,5284373
MPCTASK: EXP,0,42,2078,-51,43,669,-745,-1108,184,38,-153,227,-110,-134,700,-288,-598,700,0,0,0,0,0,0,0,0,0,0,0,0,0,0,0,5,23777,0,23832,0,0,0,0,4041945,4051444,0,0,0,0,0,1000,1000,5284373
MPCTASK: EXP,0,44,2177,-141,-80,692,-717,-1125,149,13,-555,206,-258,-320,700,-271,-699,700,0,0,0,0,0,0,0,0,0,0,0,0,0,0,0,5,21703,0,21895,0,0,0,0,3689446,3722353,0,0,0,0,0,1000,1000,5284373
MPCTASK: EXP,0,46,2277,-200,-172,710,-600,-1089,93,-13,-905,131,-383,-498,700,-212,-754,700,0,0,0,0,0,0,0,0,0,0,0,0,0,0,0,5,22165,0,22219,0,0,0,0,3767933,3777274,0,0,0,0,0,1000,1000,5284373
MPCTASK: EXP,0,48,2380,-252,-269,722,-443,-1069,25,12,-1178,66,-473,-665,700,-145,-811,700,0,0,0,0,0,0,0,0,0,0,0,0,0,0,0,5,26026,0,26080,0,0,0,0,4424325,4433828,0,0,0,0,0,1000,1000,5284373
MPCTASK: EXP,0,50,2479,-273,-360,724,-220,-1040,-22,-79,-1346,13,-519,-816,700,-54,-846,700,0,0,0,0,0,0,0,0,0,0,0,0,0,0,0,5,24882,0,24937,0,0,0,0,4229789,4239294,0,0,0,0,0,1000,1000,5462426
MPCTASK: EXP,0,52,2579,-273,-441,718,4,-1003,-65,-152,-1359,10,-517,-947,700,29,-865,700,0,0,0,0,0,0,0,0,0,0,0,0,0,0,0,5,24757,0,24811,0,0,0,0,4208649,4217990,0,0,0,0,0,1000,1000,5462426
MPCTASK: EXP,0,54,2680,-243,-530,707,284,-930,-61,-346,-1229,-8,-466,-1056,700,127,-867,700,0,0,0,0,0,0,0,0,0,0,0,0,0,0,0,5,25566,0,25621,0,0,0,0,4346161,4355663,0,0,0,0,0,1000,1000,5462426
MPCTASK: EXP,0,56,2780,-192,-602,702,502,-829,-22,-545,-956,-33,-372,-1140,700,200,-843,700,0,0,0,0,0,0,0,0,0,0,0,0,0,0,0,5,25912,0,25966,0,0,0,0,4404985,4414326,0,0,0,0,0,1000,1000,5462426
MPCTASK: EXP,0,58,2878,-128,-662,699,661,-698,0,-694,-634,-49,-243,-1197,700,248,-799,700,0,0,0,0,0,0,0,0,0,0,0,0,0,0,0,5,24233,0,24287,0,0,0,0,4119517,4129015,0,0,0,0,0,1000,1000,5462426
MPCTASK: EXP,0,60,2979,-54,-699,700,753,-552,23,-839,-260,-48,-93,-1225,700,269,-733,700,0,0,0,0,0,0,0,0,0,0,0,0,0,0,0,5,25362,0,25416,0,0,0,0,4311449,4320794,0,0,0,0,0,1000,1000,5462426
MPCTASK: EXP,0,62,3078,14,-733,707,747,-360,49,-950,179,-44,63,-1224,700,247,-650,700,0,0,0,0,0,0,0,0,0,0,0,0,0,0,0,5,22873,0,22928,0,0,0,0,3888285,3897788,0,0,0,0,0,1000,1000,5462426
MPCTASK: EXP,0,64,3180,97,-745,714,703,-170,37,-1039,546,-6,211,-1194,700,224,-551,700,0,0,0,0,0,0,0,0,0,0,0,0,0,0,0,5,25045,0,25101,0,0,0,0,4257573,4267345,0,0,0,0,0,1000,1000,5462426
MPCTASK: EXP,0,66,3279,147,-747,724,569,12,25,-1085,869,-2,337,-1136,700,155,-449,700,0,0,0,0,0,0,0,0,0,0,0,0,0,0,0,5,24630,0,24835,0,0,0,0,4186747,4222034,0,0,0,0,0,1000,1000,5462426
MPCTASK: EXP,0,68,3380,172,-735,726,398,187,-7,-1124,1105,-17,427,-1051,700,69,-340,700,0,0,0,0,0,0,0,0,0,0,0,0,0,0,0,5,25976,0,26270,0,0,0,0,4415926,4465949,0,0,0,0,0,1000,1000,5462426
MPCTASK: EXP,0,70,3478,195,-710,723,195,379,-36,-1159,1228,-24,473,-941,700,-13,-220,700,0,0,0,0,0,0,0,0,0,0,0,0,0,0,0,5,23320,0,23373,0,0,0,0,3964165,3973725,0,0,0,0,0,1000,1000,5462426
MPCTASK: EXP,0,72,3579,194,-661,721,-31,585,-32,-1099,1258,-47,470,-808,700,-100,-88,700,0,0,0,0,0,0,0,0,0,0,0,0,0,0,0,5,24428,0,24789,0,0,0,0,4152686,4214097,0,0,0,0,0,1000,1000,5462426
MPCTASK: EXP,0,74,3679,158,-598,716,-265,775,-32,-1026,1182,-105,419,-656,700,-194,43,700,0,0,0,0,0,0,0,0,0,0,0,0,0,0,0,5,25018,0,25072,0,0,0,0,4252925,4262266,0,0,0,0,0,1000,1000,5462426
MPCTASK: EXP,0,76,3778,110,-517,706,-470,948,-33,-828,971,-142,324,-490,700,-265,171,700,0,0,0,0,0,0,0,0,0,0,0,0,0,0,0,5,23944,0,24205,0,0,0,0,4070397,4114962,0,0,0,0,0,1000,1000,5462426
MPCTASK: EXP,0,78,3880,42,-434,703,-628,1058,15,-529,663,-193,196,-312,700,-316,271,700,0,0,0,0,0,0,0,0,0,0,0,0,0,0,0,5,25868,0,25923,0,0,0,0,4397481,4406985,0,0,0,0,0,1000,1000,5462426
MPCTASK: EXP,0,80,3979,-29,-347,705,-712,1106,55,-270,261,-208,45,-127,700,-333,355,700,0,0,0,0,0,0,0,0,0,0,0,0,0,0,0,5,24401,0,24457,0,0,0,0,4148118,4157729,0,0,0,0,0,1000,1000,5462426
MPCTASK: EXP,0,82,4077,-92,-268,715,-713,1093,91,-109,-98,-180,-111,59,700,-313,415,700,0,0,0,0,0,0,0,0,0,0,0,0,0,0,0,5,22967,0,23269,0,0,0,0,3904349,3955744,0,0,0,0,0,1000,1000,5462426
MPCTASK: EXP,0,84,4180,-157,-179,731,-661,1073,107,-50,-478,-139,-259,244,700,-274,479,700,0,0,0,0,0,0,0,0,0,0,0,0,0,0,0,5,25358,0,25551,0,0,0,0,4310761,4343838,0,0,0,0,0,1000,1000,5462426
MPCTASK: EXP,0,86,4282,-200,-105,744,-538,1033,64,-74,-812,-115,-385,421,700,-202,523,700,0,0,0,0,0,0,0,0,0,0,0,0,0,0,0,5,27905,0,27960,0,0,0,0,4743885,4753384,0,0,0,0,0,1000,1000,5462426
MPCTASK: EXP,0,88,4379,-213,-33,754,-353,1004,12,-139,-1037,-65,-475,588,700,-103,563,700,0,0,0,0,0,0,0,0,0,0,0,0,0,0,0,5,24616,0,25003,0,0,0,0,4184705,4250635,0,0,0,0,0,1000,1000,5462426
MPCTASK: EXP,0,90,4481,-211,54,755,-145,1014,-34,-197,-1118,-35,-521,739,700,-5,615,700,0,0,0,0,0,0,0,0,0,0,0,0,0,0,0,5,27203,0,27257,0,0,0,0,4624509,4633850,0,0,0,0,0,1000,1000,5462426
MPCTASK: EXP,0,92,4578,-204,134,747,60,1013,-74,-147,-1125,-33,-518,871,700,82,645,700,0,0,0,0,0,0,0,0,0,0,0,0,0,0,0,5,23904,0,23965,0,0,0,0,4063633,4074094,0,0,0,0,0,1000,1000,5462426
MPCTASK: EXP,0,94,4683,-174,207,737,273,994,-83,-41,-1072,-20,-467,980,700,166,654,700,0,0,0,0,0,0,0,0,0,0,0,0,0,0,0,5,28067,0,28713,0,0,0,0,4771225,4881183,0,0,0,0,0,1000,1000,5462426
MPCTASK: EXP,0,96,4779,-127,276,728,460,950,-53,115,-834,17,-372,1065,700,228,646,700,0,0,0,0,0,0,0,0,0,0,0,0,0,0,0,5,24350,0,24404,0,0,0,0,4139458,4148798,0,0,0,0,0,1000,1000,5462426
MPCTASK: EXP,0,98,4882,-49,393,720,622,951,-46,292,-524,61,-244,1122,700,291,675,700,0,0,0,0,0,0,0,0,0,0,0,0,0,0,0,5,27070,0,27124,0,0,0,0,4601865,4611206,0,0,0,0,0,1000,1000,5462426
MPCTASK: EXP,0,100,4980,-3,432,719,663,795,15,709,-137,186,-93,1151,700,278,593,700,0,0,0,0,0,0,0,0,0,0,0,0,0,0,0,5,24673,0,24728,0,0,0,0,4194289,4203793,0,0,0,0,0,1000,1000,5462426
MPCTASK: EXP,0,102,5082,77,509,726,684,675,62,737,225,215,63,1150,700,277,560,700,0,0,0,0,0,0,0,0,0,0,0,0,0,0,0,5,26611,0,26666,0,0,0,0,4523753,4533257,0,0,0,0,0,1000,1000,5462426
MPCTASK: EXP,0,104,5181,126,551,741,606,497,82,1063,587,225,212,1120,700,219,474,700,0,0,0,0,0,0,0,0,0,0,0,0,0,0,0,5,25972,0,26027,0,0,0,0,4415133,4424637,0,0,0,0,0,1000,1000,5462426
MPCTASK: EXP,0,106,5280,188,590,749,509,309,28,1211,847,215,337,1062,700,172,392,700,0,0,0,0,0,0,0,0,0,0,0,0,0,0,0,5,24831,0,25171,0,0,0,0,4221121,4279054,0,0,0,0,0,1000,1000,5462426
MPCTASK: EXP,0,108,5381,200,600,753,316,85,-19,1276,1101,219,427,977,700,69,283,700,0,0,0,0,0,0,0,0,0,0,0,0,0,0,0,5,24103,0,24286,0,0,0,0,4097517,4128800,0,0,0,0,0,1000,1000,5462426
MPCTASK: EXP,0,110,5479,213,595,745,128,-148,-101,1399,1187,229,473,866,700,-14,161,700,0,0,0,0,0,0,0,0,0,0,0,0,0,0,0,5,22975,0,23030,0,0,0,0,3905653,3915158,0,0,0,0,0,1000,1000,5462426
MPCTASK: EXP,0,112,5579,190,552,727,-99,-426,-154,1426,1294,273,470,734,700,-122,9,700,0,0,0,0,0,0,0,0,0,0,0,0,0,0,0,5,22736,0,22791,0,0,0,0,3865157,3874498,0,0,0,0,0,1000,1000,5462426
MPCTASK: EXP,0,114,5681,202,524,711,-274,-657,-107,1224,1133,411,419,582,700,-159,-99,700,0,0,0,0,0,0,0,0,0,0,0,0,0,0,0,5,25025,0,25079,0,0,0,0,4254189,4263530,0,0,0,0,0,1000,1000,5462426
MPCTASK: EXP,0,116,5782,130,435,699,-499,-916,-42,1093,971,569,324,415,700,-252,-261,700,0,0,0,0,0,0,0,0,0,0,0,0,0,0,0,5,25218,0,25272,0,0,0,0,4286953,4296456,0,0,0,0,0,1000,1000,5462426
MPCTASK: EXP,0,118,5885,106,325,695,-600,-1117,14,724,649,546,196,237,700,-261,-398,700,0,0,0,0,0,0,0,0,0,0,0,0,0,0,0,5,28564,0,28621,0,0,0,0,4855893,4865556,0,0,0,0,0,1000,1000,5462426
MPCTASK: EXP,0,120,5982,33,208,698,-699,-1227,71,350,373,537,45,52,700,-286,-512,700,0,0,0,0,0,0,0,0,0,0,0,0,0,0,0,5,26206,0,26262,0,0,0,0,4455017,4464521,0,0,0,0,0,1000,1000,5462426
MPCTASK: EXP,0,122,6084,-51,101,711,-734,-1242,117,84,-85,522,-111,-134,700,-288,-595,700,0,0,0,0,0,0,0,0,0,0,0,0,0,0,0,5,28075,0,28129,0,0,0,0,4772585,4781925,0,0,0,0,0,1000,1000,5462426
MPCTASK: EXP,0,124,6185,-132,-8,727,-697,-1220,106,-17,-493,422,-259,-318,700,-264,-669,700,0,0,0,0,0,0,0,0,0,0,0,0,0,0,0,5,27659,0,27712,0,0,0,0,4701921,4711260,0,0,0,0,0,1000,1000,5462426
MPCTASK: EXP,0,126,6282,-194,-102,748,-593,-1168,96,-86,-827,259,-385,-496,700,-211,-718,700,0,0,0,0,0,0,0,0,0,0,0,0,0,0,0,5,24923,0,24978,0,0,0,0,4236753,4246256,0,0,0,0,0,1000,1000,5462426
MPCTASK: EXP,0,128,6383,-242,-206,758,-443,-1131,21,-92,-1115,131,-475,-662,700,-142,-776,700,0,0,0,0,0,0,0,0,0,0,0,0,0,0,0,5,25261,0,25320,0,0,0,0,4294369,4304590,0,0,0,0,0,1000,1000,5462426
MPCTASK: EXP,0,130,6480,-272,-297,762,-250,-1086,-42,-122,-1287,37,-521,-813,700,-65,-811,700,0,0,0,0,0,0,0,0,0,0,0,0,0,0,0,5,22559,0,22614,0,0,0,0,3834902,3844530,0,0,0,0,0,1000,1000,5462426
MPCTASK: EXP,0,132,6583,-277,-392,755,-17,-1046,-89,-182,-1368,-11,-518,-945,700,22,-840,700,0,0,0,0,0,0,0,0,0,0,0,0,0,0,0,5,25447,0,25510,0,0,0,0,4325964,4336875,0,0,0,0,0,1000,1000,5462426
MPCTASK: EXP,0,134,6687,-260,-471,745,223,-976,-103,-301,-1289,-43,-467,-1055,700,103,-840,700,0,0,0,0,0,0,0,0,0,0,0,0,0,0,0,5,28719,0,28774,0,0,0,0,4882085,4891587,0,0,0,0,0,1000,1000,5462426
MPCTASK: EXP,0,136,6785,-206,-549,730,467,-888,-99,-479,-1044,-58,-372,-1139,700,186,-825,700,0,0,0,0,0,0,0,0,0,0,0,0,0,0,0,5,26661,0,26715,0,0,0,0,4532286,4541626,0,0,0,0,0,1000,1000,5462426
MPCTASK: EXP,0,138,6888,-144,-607,719,641,-755,-64,-645,-702,-79,-244,-1196,700,235,-778,700,0,0,0,0,0,0,0,0,0,0,0,0,0,0,0,5,29447,0,29744,0,0,0,0,5005933,5056508,0,0,0,0,0,1000,1000,5462426
MPCTASK: EXP,0,140,6982,-71,-655,714,743,-599,-17,-795,-302,-92,-93,-1225,700,257,-716,700,0,0,0,0,0,0,0,0,0,0,0,0,0,0,0,5,23585,0,23639,0,0,0,0,4009466,4018810,0,0,0,0,0,1000,1000,5462426
MPCTASK: EXP,0,142,7085,-3,-689,717,753,-426,20,-922,126,-89,63,-1224,700,239,-638,700,0,0,0,0,0,0,0,0,0,0,0,0,0,0,0,5,25983,0,26038,0,0,0,0,4417001,4426501,0,0,0,0,0,1000,1000,5462426
MPCTASK: EXP,0,144,7186,69,-709,724,705,-242,25,-999,487,-80,212,-1195,700,208,-546,700,0,0,0,0,0,0,0,0,0,0,0,0,0,0,0,5,27214,0,27270,0,0,0,0,4626457,4635958,0,0,0,0,0,1000,1000,5462426
MPCTASK: EXP,0,146,7286,127,-715,730,587,-55,8,-1058,828,-70,337,-1136,700,149,-446,700,0,0,0,0,0,0,0,0,0,0,0,0,0,0,0,5,26627,0,26683,0,0,0,0,4526542,4536168,0,0,0,0,0,1000,1000,5462426
MPCTASK: EXP,0,148,7386,164,-708,732,412,132,-21,-1089,1090,-82,427,-1051,700,68,-338,700,0,0,0,0,0,0,0,0,0,0,0,0,0,0,0,5,26631,0,26686,0,0,0,0,4527147,4536652,0,0,0,0,0,1000,1000,5462426
MPCTASK: EXP,0,150,7485,189,-674,727,213,338,-56,-1090,1209,-99,473,-941,700,-13,-209,700,0,0,0,0,0,0,0,0,0,0,0,0,0,0,0,5,26045,0,26100,0,0,0,0,4427529,4437028,0,0,0,0,0,1000,1000,5462426
MPCTASK: EXP,0,152,7586,180,-629,721,-23,535,-57,-1046,1258,-149,470,-808,700,-107,-81,700,0,0,0,0,0,0,0,0,0,0,0,0,0,0,0,5,27117,0,27172,0,0,0,0,4609865,4619206,0,0,0,0,0,1000,1000,5462426
MPCTASK: EXP,0,154,7686,151,-570,712,-253,720,-60,-979,1159,-210,419,-656,700,-194,48,700,0,0,0,0,0,0,0,0,0,0,0,0,0,0,0,5,27451,0,27512,0,0,0,0,4666529,4677021,0,0,0,0,0,1000,1000,5462426
MPCTASK: EXP,0,156,7786,100,-491,703,-462,898,-40,-856,948,-252,324,-490,700,-268,180,700,0,0,0,0,0,0,0,0,0,0,0,0,0,0,0,5,26758,0,26812,0,0,0,0,4548793,4558134,0,0,0,0,0,1000,1000,5462426
MPCTASK: EXP,0,158,7886,36,-404,698,-618,1034,1,-652,672,-282,196,-312,700,-317,295,700,0,0,0,0,0,0,0,0,0,0,0,0,0,0,0,5,26272,0,26327,0,0,0,0,4466178,4475677,0,0,0,0,0,1000,1000,5462426
MPCTASK: EXP,0,160,7986,-31,-311,696,-705,1115,30,-388,294,-296,45,-127,700,-335,390,700,0,0,0,0,0,0,0,0,0,0,0,0,0,0,0,5,26934,0,26988,0,0,0,0,4578749,4588090,0,0,0,0,0,1000,1000,5462426
MPCTASK: EXP,0,162,8085,-97,-230,702,-712,1119,66,-197,-81,-293,-111,59,700,-317,455,700,0,0,0,0,0,0,0,0,0,0,0,0,0,0,0,5,24834,0,25216,0,0,0,0,4221737,4286705,0,0,0,0,0,1000,1000,5462426
MPCTASK: EXP,0,164,8185,-166,-132,712,-666,1118,76,-89,-481,-273,-259,244,700,-281,526,700,0,0,0,0,0,0,0,0,0,0,0,0,0,0,0,5,24792,0,24850,0,0,0,0,4214597,4224620,0,0,0,0,0,1000,1000,5462426
MPCTASK: EXP,0,166,8289,-226,-49,725,-557,1083,66,-59,-834,-261,-385,421,700,-223,575,700,0,0,0,0,0,0,0,0,0,0,0,0,0,0,0,5,28936,0,28993,0,0,0,0,4918973,4928869,0,0,0,0,0,1000,1000,5462426
MPCTASK: EXP,0,168,8388,-265,39,737,-389,1061,40,-86,-1096,-234,-475,588,700,-145,627,700,0,0,0,0,0,0,0,0,0,0,0,0,0,0,0,5,27590,0,27646,0,0,0,0,4690262,4699765,0,0,0,0,0,1000,1000,5462426
MPCTASK: EXP,0,170,8486,-283,118,744,-185,1031,2,-113,-1293,-195,-521,739,700,-56,661,700,0,0,0,0,0,0,0,0,0,0,0,0,0,0,0,5,24523,0,24577,0,0,0,0,4168862,4178201,0,0,0,0,0,1000,1000,5462426
MPCTASK: EXP,0,172,8590,-285,198,741,37,1010,-64,-91,-1342,-185,-518,871,700,29,687,700,0,0,0,0,0,0,0,0,0,0,0,0,0,0,0,5,26923,0,27250,0,0,0,0,4576777,4632507,0,0,0,0,0,1000,1000,5462426
MPCTASK: EXP,0,174,8686,-262,273,733,273,975,-89,22,-1264,-154,-467,980,700,113,692,700,0,0,0,0,0,0,0,0,0,0,0,0,0,0,0,5,23999,0,24054,0,0,0,0,4079629,4089125,0,0,0,0,0,1000,1000,5462426
MPCTASK: EXP,0,176,8789,-215,342,723,489,923,-87,106,-1022,-58,-372,1064,700,183,686,700,0,0,0,0,0,0,0,0,0,0,0,0,0,0,0,5,25893,0,26376,0,0,0,0,4401857,4483978,0,0,0,0,0,1000,1000,5462426
MPCTASK: EXP,0,178,8887,-166,397,713,633,838,-78,288,-697,31,-243,1122,700,217,651,700,0,0,0,0,0,0,0,0,0,0,0,0,0,0,0,5,24067,0,24123,0,0,0,0,4091389,4101038,0,0,0,0,0,1000,1000,5462426
MPCTASK: EXP,0,180,8988,-101,454,706,724,731,-21,527,-319,126,-93,1151,700,232,604,700,0,0,0,0,0,0,0,0,0,0,0,0,0,0,0,5,25561,0,25918,0,0,0,0,4345282,4406234,0,0,0,0,0,1000,1000,5462426
MPCTASK: EXP,0,182,9084,-68,483,708,689,565,13,766,143,212,63,1150,700,175,513,700,0,0,0,0,0,0,0,0,0,0,0,0,0,0,0,5,21478,0,21532,0,0,0,0,3651181,3660519,0,0,0,0,0,1000,1000,5462426
MPCTASK: EXP,0,184,9192,0,522,715,651,404,38,910,397,239,211,1121,700,151,436,700,0,0,0,0,0,0,0,0,0,0,0,0,0,0,0,5,29543,0,29596,0,0,0,0,5022209,5031549,0,0,0,0,0,1000,1000,5462426
MPCTASK: EXP,0,186,9287,86,543,720,607,222,-2,997,790,240,337,1063,700,121,348,700,0,0,0,0,0,0,0,0,0,0,0,0,0,0,0,5,24448,0,24502,0,0,0,0,4155993,4165331,0,0,0,0,0,1000,1000,5462426
MPCTASK: EXP,0,188,9386,117,565,724,418,43,-7,1194,1156,391,426,978,700,36,249,700,0,0,0,0,0,0,0,0,0,0,0,0,0,0,0,5,23384,0,23438,0,0,0,0,3975049,3984557,0,0,0,0,0,1000,1000,5462426
MPCTASK: EXP,0,190,9488,78,577,720,136,-158,-53,1254,1279,596,472,868,700,-109,149,700,0,0,0,0,0,0,0,0,0,0,0,0,0,0,0,5,25595,0,26181,0,0,0,0,4351033,4450863,0,0,0,0,0,1000,1000,5462426
MPCTASK: EXP,0,192,9587,58,550,707,-80,-395,-102,1132,1170,708,469,736,700,-200,28,700,0,0,0,0,0,0,0,0,0,0,0,0,0,0,0,5,24546,0,24602,0,0,0,0,4172669,4182334,0,0,0,0,0,1000,1000,5462426
MPCTASK: EXP,0,194,9686,-10,477,695,-324,-665,-63,1061,969,836,417,584,700,-304,-132,700,0,0,0,0,0,0,0,0,0,0,0,0,0,0,0,5,23557,0,23613,0,0,0,0,4004633,4014299,0,0,0,0,0,1000,1000,5462426
MPCTASK: EXP,0,196,9786,-78,405,683,-479,-868,-29,907,620,886,322,418,700,-370,-268,700,0,0,0,0,0,0,0,0,0,0,0,0,0,0,0,5,24140,0,24197,0,0,0,0,4103645,4113625,0,0,0,0,0,1000,1000,5462426
MPCTASK: EXP,0,198,9886,-110,327,683,-512,-1015,49,779,276,808,194,239,700,-365,-384,700,0,0,0,0,0,0,0,0,0,0,0,0,0,0,0,5,24471,0,24525,0,0,0,0,4159915,4169276,0,0,0,0,0,1000,1000,5462426
MPCTASK: EXP,0,200,9987,-218,237,692,-588,-1112,86,506,-12,706,45,53,700,-413,-477,700,0,0,0,0,0,0,0,0,0,0,0,0,0,0,0,5,24032,0,24088,0,0,0,0,4085266,4095213,0,0,0,0,0,1000,1000,5462426
MPCTASK: EXP,0,202,10087,-265,145,705,-532,-1138,89,228,-413,468,-110,-135,700,-370,-545,700,0,0,0,0,0,0,0,0,0,0,0,0,0,0,0,5,23859,0,23915,0,0,0,0,4055817,4065636,0,0,0,0,0,1000,1000,5462426
MPCTASK: EXP,0,204,10185,-299,40,721,-430,-1139,69,47,-625,218,-256,-322,700,-309,-614,700,0,0,0,0,0,0,0,0,0,0,0,0,0,0,0,5,22445,0,22502,0,0,0,0,3815596,3825286,0,0,0,0,0,1000,1000,5462426
MPCTASK: EXP,0,206,10286,-320,-56,730,-296,-1109,36,-74,-781,21,-378,-504,700,-239,-660,700,0,0,0,0,0,0,0,0,0,0,0,0,0,0,0,5,24008,0,24063,0,0,0,0,4081368,4090910,0,0,0,0,0,1000,1000,5462426
MPCTASK: EXP,0,208,10388,-327,-151,735,-142,-1076,-8,-79,-884,-109,-464,-675,700,-163,-698,700,0,0,0,0,0,0,0,0,0,0,0,0,0,0,0,5,25450,0,25748,0,0,0,0,4326421,4377338,0,0,0,0,0,1000,1000,5462426
MPCTASK: EXP,0,210,10485,-315,-240,733,32,-1042,-52,-80,-930,-180,-506,-830,700,-84,-716,700,0,0,0,0,0,0,0,0,0,0,0,0,0,0,0,5,23022,0,23085,0,0,0,0,3913497,3924592,0,0,0,0,0,1000,1000,5462426
MPCTASK: EXP,0,212,10593,-290,-323,728,206,-997,-68,-193,-868,-207,-502,-965,700,-18,-708,700,0,0,0,0,0,0,0,0,0,0,0,0,0,0,0,5,30354,0,30417,0,0,0,0,5160097,5170990,0,0,0,0,0,1000,1000,5462426
MPCTASK: EXP,0,214,10687,-242,-409,721,375,-935,-59,-430,-713,-192,-451,-1073,700,42,-682,700,0,0,0,0,0,0,0,0,0,0,0,0,0,0,0,5,24716,0,25303,0,0,0,0,4201537,4301765,0,0,0,0,0,1000,1000,5462426
MPCTASK: EXP,0,216,10787,-190,-474,714,494,-807,-49,-712,-431,-167,-362,-1152,699,71,-619,699,0,0,0,0,0,0,0,0,0,0,0,0,0,0,0,5,23919,0,24676,0,0,0,0,4066089,4195086,0,0,0,0,0,1000,1000,5462426
MPCTASK: EXP,0,218,10887,-115,-526,711,581,-632,-25,-960,-90,-128,-246,-1195,699,96,-539,699,0,0,0,0,0,0,0,0,0,0,0,0,0,0,0,5,23855,0,23910,0,0,0,0,4055205,4064740,0,0,0,0,0,1000,1000,5462426
MPCTASK: EXP,0,220,10984,-54,-560,712,576,-421,-10,-1151,255,-103,-117,-1198,699,88,-454,699,0,0,0,0,0,0,0,0,0,0,0,0,0,0,0,5,21950,0,22431,0,0,0,0,3731349,3813326,0,0,0,0,0,1000,1000,5462426
MPCTASK: EXP,0,222,11089,5,-575,713,516,-191,-13,-1249,591,-78,7,-1160,699,76,-375,699,0,0,0,0,0,0,0,0,0,0,0,0,0,0,0,5,25866,0,26515,0,0,0,0,4397229,4507650,0,0,0,0,0,1000,1000,5462426
MPCTASK: EXP,0,224,11188,50,-575,714,401,36,-26,-1222,792,-88,112,-1080,699,65,-319,699,0,0,0,0,0,0,0,0,0,0,0,0,0,0,0,5,25444,0,25501,0,0,0,0,4325465,4335277,0,0,0,0,0,1000,1000,5462426
MPCTASK: EXP,0,226,11287,78,-557,709,254,243,-41,-1039,868,-125,186,-961,700,54,-285,700,0,0,0,0,0,0,0,0,0,0,0,0,0,0,0,5,24496,0,24551,0,0,0,0,4164249,4173630,0,0,0,0,0,1000,1000,5462426
MPCTASK: EXP,0,228,11392,96,-517,702,110,420,-41,-715,781,-177,220,-809,700,41,-246,700,0,0,0,0,0,0,0,0,0,0,0,0,0,0,0,5,30232,0,30286,0,0,0,0,5139306,5148686,0,0,0,0,0,1000,1000,5462426
MPCTASK: EXP,0,230,11489,94,-463,696,-20,531,-16,-330,572,-214,213,-636,700,25,-206,700,0,0,0,0,0,0,0,0,0,0,0,0,0,0,0,5,26293,0,26515,0,0,0,0,4469705,4507771,0,0,0,0,0,1000,1000,5462426
MPCTASK: EXP,0,232,11585,81,-410,691,-114,564,-3,-5,352,-229,172,-457,700,4,-166,700,0,0,0,0,0,0,0,0,0,0,0,0,0,0,0,5,22319,0,22383,0,0,0,0,3794220,3805136,0,0,0,0,0,1000,1000,5462426
MPCTASK: EXP,0,234,11687,59,-359,690,-168,539,16,217,127,-216,110,-292,700,-26,-109,700,0,0,0,0,0,0,0,0,0,0,0,0,0,0,0,5,23137,0,23191,0,0,0,0,3933201,3942581,0,0,0,0,0,1000,1000,5462426
MPCTASK: EXP,0,236,11794,40,-304,697,-177,500,49,267,-30,-188,47,-159,700,-63,-13,700,0,0,0,0,0,0,0,0,0,0,0,0,0,0,0,5,29920,0,29974,0,0,0,0,5086329,5095709,0,0,0,0,0,1000,1000,5462426
MPCTASK: EXP,0,238,11887,22,-274,705,-172,438,43,114,-47,-176,0,-75,700,-111,92,700,0,0,0,0,0,0,0,0,0,0,0,0,0,0,0,5,23533,0,23588,0,0,0,0,4000558,4010100,0,0,0,0,0,1000,1000,5462426
MPCTASK: EXP,0,240,11984,10,-261,711,-163,400,31,-247,64,-159,-21,-40,700,-140,192,700,0,0,0,0,0,0,0,0,0,0,0,0,0,0,0,5,20886,0,20939,0,0,0,0,3550456,3559838,0,0,0,0,0,1000,1000,5462426
MPCTASK: EXP,0,242,12090,-1,-240,718,-175,444,26,-715,196,-133,-23,-37,700,-142,298,700,0,0,0,0,0,0,0,0,0,0,0,0,0,0,0,5,24807,0,24861,0,0,0,0,4217029,4226567,0,0,0,0,0,1000,1000,5462426
MPCTASK: EXP,0,244,12187,-13,-205,725,-198,566,13,-1022,230,-119,-28,-29,700,-113,386,700,0,0,0,0,0,0,0,0,0,0,0,0,0,0,0,5,22907,0,22961,0,0,0,0,3894129,3903510,0,0,0,0,0,1000,1000,5462426
MPCTASK: EXP,0,246,12287,-30,-157,724,-219,722,-40,-1148,123,-145,-53,16,700,-72,471,700,0,0,0,0,0,0,0,0,0,0,0,0,0,0,0,5,23193,0,23249,0,0,0,0,3942709,3952380,0,0,0,0,0,1000,1000,5462426
MPCTASK: EXP,0,248,12389,-50,-87,713,-216,894,-79,-999,-90,-201,-100,115,700,-24,550,700,0,0,0,0,0,0,0,0,0,0,0,0,0,0,0,5,24465,0,24830,0,0,0,0,4158997,4221143,0,0,0,0,0,1000,1000,5462426
MPCTASK: EXP,0,250,12487,-64,-11,703,-162,1020,-54,-721,-362,-253,-156,260,700,38,608,700,0,0,0,0,0,0,0,0,0,0,0,0,0,0,0,5,22966,0,23027,0,0,0,0,3904065,3914840,0,0,0,0,0,1000,1000,5462426
MPCTASK: EXP,0,252,12589,-69,101,698,-57,1130,-16,-434,-631,-284,-203,434,700,109,680,700,0,0,0,0,0,0,0,0,0,0,0,0,0,0,0,5,24150,0,24208,0,0,0,0,4105409,4115371,0,0,0,0,0,1000,1000,5462426
MPCTASK: EXP,0,254,12687,-61,178,700,80,1122,27,-139,-793,-284,-224,615,700,178,687,700,0,0,0,0,0,0,0,0,0,0,0,0,0,0,0,5,22668,0,22723,0,0,0,0,3853525,3863076,0,0,0,0,0,1000,1000,5462426
MPCTASK: EXP,0,256,12788,-40,262,706,229,1078,30,116,-848,-276,-209,785,700,236,684,700,0,0,0,0,0,0,0,0,0,0,0,0,0,0,0,5,22887,0,23237,0,0,0,0,3890745,3950272,0,0,0,0,0,1000,1000,5462426
MPCTASK: EXP,0,258,12891,-9,335,708,367,985,6,381,-765,-252,-155,928,699,274,655,699,0,0,0,0,0,0,0,0,0,0,0,0,0,0,0,5,25054,0,25111,0,0,0,0,4259154,4268989,0,0,0,0,0,1000,1000,5462426
MPCTASK: EXP,0,260,12987,44,462,711,491,939,3,737,-523,-235,-66,1033,699,303,664,699,0,0,0,0,0,0,0,0,0,0,0,0,0,0,0,5,21749,0,21806,0,0,0,0,3697377,3707101,0,0,0,0,0,1000,1000,5462426
MPCTASK: EXP,0,262,13087,112,502,711,574,725,-15,935,-187,-197,46,1097,699,313,583,699,0,0,0,0,0,0,0,0,0,0,0,0,0,0,0,5,21763,0,21819,0,0,0,0,3699593,3709408,0,0,0,0,0,1000,1000,5462426
MPCTASK: EXP,0,264,13191,227,599,710,654,632,-17,1077,328,-200,170,1116,699,336,563,699,0,0,0,0,0,0,0,0,0,0,0,0,0,0,0,5,25600,0,25665,0,0,0,0,4351901,4363150,0,0,0,0,0,1000,1000,5462426
MPCTASK: EXP,0,266,13290,278,625,715,519,359,2,1367,784,-150,286,1093,699,261,442,699,0,0,0,0,0,0,0,0,0,0,0,0,0,0,0,5,24502,0,24555,0,0,0,0,4165177,4174562,0,0,0,0,0,1000,1000,5462426
MPCTASK: EXP,0,268,13390,350,624,720,400,90,-18,1451,1072,-143,381,1031,699,214,313,699,0,0,0,0,0,0,0,0,0,0,0,0,0,0,0,5,25041,0,25095,0,0,0,0,4256797,4266337,0,0,0,0,0,1000,1000,5462426
MPCTASK: EXP,0,270,13491,368,597,716,179,-186,-77,1456,1316,-99,442,935,700,114,171,700,0,0,0,0,0,0,0,0,0,0,0,0,0,0,0,5,25826,0,25881,0,0,0,0,4390337,4399718,0,0,0,0,0,1000,1000,5462426
MPCTASK: EXP,0,272,13589,347,543,702,-75,-457,-124,1383,1383,-24,460,810,700,0,18,700,0,0,0,0,0,0,0,0,0,0,0,0,0,0,0,5,23929,0,24288,0,0,0,0,4067909,4128982,0,0,0,0,0,1000,1000,5462426
MPCTASK: EXP,0,274,13690,310,471,681,-346,-728,-117,1175,1265,54,431,662,700,-106,-135,700,0,0,0,0,0,0,0,0,0,0,0,0,0,0,0,5,24606,0,24661,0,0,0,0,4182905,4192453,0,0,0,0,0,1000,1000,5462426
MPCTASK: EXP,0,276,13793,234,359,669,-609,-978,-29,866,989,111,357,496,700,-214,-302,700,0,0,0,0,0,0,0,0,0,0,0,0,0,0,0,5,26807,0,27225,0,0,0,0,4557085,4628334,0,0,0,0,0,1000,1000,5462426
MPCTASK: EXP,0,278,13893,162,256,669,-762,-1113,43,506,613,121,244,317,700,-271,-422,700,0,0,0,0,0,0,0,0,0,0,0,0,0,0,0,5,27523,0,27578,0,0,0,0,4678853,4688393,0,0,0,0,0,1000,1000,5462426
MPCTASK: EXP,0,280,13990,78,104,675,-852,-1227,79,195,269,62,104,130,700,-307,-569,700,0,0,0,0,0,0,0,0,0,0,0,0,0,0,0,5,24316,0,24614,0,0,0,0,4133653,4184402,0,0,0,0,0,1000,1000,5462426
MPCTASK: EXP,0,282,14091,4,4,687,-847,-1198,111,-147,-144,4,-48,-58,700,-295,-633,700,0,0,0,0,0,0,0,0,0,0,0,0,0,0,0,5,25285,0,25343,0,0,0,0,4298374,4308434,0,0,0,0,0,1000,1000,5462426
MPCTASK: EXP,0,284,14192,-82,-88,703,-805,-1127,105,-256,-447,-42,-201,-246,700,-280,-688,700,0,0,0,0,0,0,0,0,0,0,0,0,0,0,0,5,27036,0,27093,0,0,0,0,4596037,4605839,0,0,0,0,0,1000,1000,5462426
MPCTASK: EXP,0,286,14290,-145,-174,720,-691,-1053,71,-194,-782,-71,-336,-428,700,-225,-738,700,0,0,0,0,0,0,0,0,0,0,0,0,0,0,0,5,24697,0,24757,0,0,0,0,4198349,4208847,0,0,0,0,0,1000,1000,5462426
MPCTASK: EXP,0,288,14390,-203,-248,727,-541,-990,10,-55,-1061,-67,-442,-600,700,-161,-778,700,0,0,0,0,0,0,0,0,0,0,0,0,0,0,0,5,23999,0,24296,0,0,0,0,4079734,4130374,0,0,0,0,0,1000,1000,5462426
MPCTASK: EXP,0,290,14493,-237,-323,729,-337,-953,-34,-9,-1281,-66,-506,-757,700,-77,-810,700,0,0,0,0,0,0,0,0,0,0,0,0,0,0,0,5,25939,0,25994,0,0,0,0,4409521,4419060,0,0,0,0,0,1000,1000,5462426
MPCTASK: EXP,0,292,14589,-252,-394,725,-106,-920,-64,-21,-1373,-59,-524,-897,700,8,-830,700,0,0,0,0,0,0,0,0,0,0,0,0,0,0,0,5,22704,0,23061,0,0,0,0,3859636,3920412,0,0,0,0,0,1000,1000,5462426
MPCTASK: EXP,0,294,14695,-239,-461,718,147,-880,-77,-109,-1351,-57,-492,-1015,700,101,-833,700,0,0,0,0,0,0,0,0,0,0,0,0,0,0,0,5,28218,0,28539,0,0,0,0,4797033,4851728,0,0,0,0,0,1000,1000,5462426
MPCTASK: EXP,0,296,14793,-198,-522,706,397,-815,-82,-241,-1152,-48,-414,-1109,700,184,-816,700,0,0,0,0,0,0,0,0,0,0,0,0,0,0,0,5,26641,0,26697,0,0,0,0,4528909,4538449,0,0,0,0,0,1000,1000,5462426
MPCTASK: EXP,0,298,14889,-143,-573,696,591,-720,-53,-401,-831,-42,-298,-1177,700,241,-777,700,0,0,0,0,0,0,0,0,0,0,0,0,0,0,0,5,22621,0,22679,0,0,0,0,3845526,3855487,0,0,0,0,0,1000,1000,5462426
MPCTASK: EXP,0,300,14994,-67,-616,693,727,-601,-5,-557,-453,-30,-155,-1217,700,280,-722,700,0,0,0,0,0,0,0,0,0,0,0,0,0,0,0,5,27412,0,27931,0,0,0,0,4659973,4748463,0,0,0,0,0,1000,1000,5462426
MPCTASK: EXP,0,302,15093,1,-645,694,764,-456,24,-712,-19,-20,0,-1228,700,273,-646,700,0,0,0,0,0,0,0,0,0,0,0,0,0,0,0,5,26121,0,26184,0,0,0,0,4440505,4451412,0,0,0,0,0,1000,1000,5462426
MPCTASK: EXP,0,304,15190,77,-666,707,734,-296,74,-853,399,-3,154,-1210,700,247,-559,700,0,0,0,0,0,0,0,0,0,0,0,0,0,0,0,5,23011,0,23203,0,0,0,0,3911725,3944716,0,0,0,0,0,1000,1000,5462426
MPCTASK: EXP,0,306,15289,131,-676,718,618,-131,46,-957,769,-15,290,-1163,700,183,-464,700,0,0,0,0,0,0,0,0,0,0,0,0,0,0,0,5,22910,0,22964,0,0,0,0,3894485,3904024,0,0,0,0,0,1000,1000,5462426
MPCTASK: EXP,0,308,15392,184,-667,726,472,47,-4,-1014,1054,-34,396,-1088,700,117,-355,700,0,0,0,0,0,0,0,0,0,0,0,0,0,0,0,5,26014,0,26069,0,0,0,0,4422217,4431759,0,0,0,0,0,1000,1000,5462426
MPCTASK: EXP,0,310,15490,209,-643,722,269,235,-71,-1054,1252,-76,460,-987,700,27,-235,700,0,0,0,0,0,0,0,0,0,0,0,0,0,0,0,5,23880,0,23935,0,0,0,0,4059553,4068934,0,0,0,0,0,1000,1000,5462426
MPCTASK: EXP,0,312,15590,218,-597,708,29,451,-111,-1060,1322,-112,477,-863,700,-63,-97,700,0,0,0,0,0,0,0,0,0,0,0,0,0,0,0,5,23723,0,23778,0,0,0,0,4032825,4042364,0,0,0,0,0,1000,1000,5462426
MPCTASK: EXP,0,314,15689,199,-540,689,-222,657,-106,-1017,1265,-152,445,-719,700,-156,40,700,0,0,0,0,0,0,0,0,0,0,0,0,0,0,0,5,23007,0,23063,0,0,0,0,3911137,3920677,0,0,0,0,0,1000,1000,5462426
MPCTASK: EXP,0,316,15788,147,-462,679,-466,859,-39,-926,1077,-204,367,-558,700,-247,181,700,0,0,0,0,0,0,0,0,0,0,0,0,0,0,0,5,22054,0,22110,0,0,0,0,3749101,3758749,0,0,0,0,0,1000,1000,5462426
MPCTASK: EXP,0,318,15892,80,-378,680,-648,1007,28,-721,777,-236,250,-384,700,-311,300,700,0,0,0,0,0,0,0,0,0,0,0,0,0,0,0,5,25859,0,26202,0,0,0,0,4395889,4454442,0,0,0,0,0,1000,1000,5462426
MPCTASK: EXP,0,320,15992,-1,-286,680,-771,1107,35,-474,433,-245,107,-201,700,-352,403,700,0,0,0,0,0,0,0,0,0,0,0,0,0,0,0,5,26332,0,26521,0,0,0,0,4476265,4508638,0,0,0,0,0,1000,1000,5462426
MPCTASK: EXP,0,322,16090,-84,-182,684,-799,1140,49,-168,-92,-202,-48,-15,700,-348,487,700,0,0,0,0,0,0,0,0,0,0,0,0,0,0,0,5,23941,0,23994,0,0,0,0,4069797,4079178,0,0,0,0,0,1000,1000,5462426
MPCTASK: EXP,0,324,16190,-161,-90,694,-748,1121,72,-37,-477,-162,-202,171,700,-319,553,700,0,0,0,0,0,0,0,0,0,0,0,0,0,0,0,5,24012,0,24068,0,0,0,0,4081873,4091577,0,0,0,0,0,1000,1000,5462426
MPCTASK: EXP,0,326,16289,-214,0,709,-619,1089,74,-3,-838,-128,-338,352,700,-251,611,700,0,0,0,0,0,0,0,0,0,0,0,0,0,0,0,5,22981,0,23044,0,0,0,0,3906653,3917573,0,0,0,0,0,1000,1000,5462426
MPCTASK: EXP,0,328,16390,-262,85,718,-454,1054,32,-55,-1088,-123,-444,523,700,-180,662,700,0,0,0,0,0,0,0,0,0,0,0,0,0,0,0,5,21880,0,21934,0,0,0,0,3719393,3728933,0,0,0,0,0,1000,1000,5462426
MPCTASK: EXP,0,330,16493,-292,162,722,-257,1020,-18,-92,-1256,-110,-508,681,700,-97,697,700,0,0,0,0,0,0,0,0,0,0,0,0,0,0,0,5,25692,0,25746,0,0,0,0,4367493,4377033,0,0,0,0,0,1000,1000,5462426
MPCTASK: EXP,0,332,16595,-290,249,722,-19,1010,-52,-70,-1345,-97,-525,821,700,2,733,700,0,0,0,0,0,0,0,0,0,0,0,0,0,0,0,5,27332,0,28016,0,0,0,0,4646222,4762881,0,0,0,0,0,1000,1000,5462426
MPCTASK: EXP,0,334,16693,-269,315,715,203,976,-82,32,-1285,-75,-493,939,700,89,736,700,0,0,0,0,0,0,0,0,0,0,0,0,0,0,0,5,25551,0,25769,0,0,0,0,4343597,4380758,0,0,0,0,0,1000,1000,5462426
MPCTASK: EXP,0,336,16795,-225,412,704,438,951,-82,218,-1087,-59,-415,1034,700,170,752,700,0,0,0,0,0,0,0,0,0,0,0,0,0,0,0,5,26507,0,26561,0,0,0,0,4506113,4515493,0,0,0,0,0,1000,1000,5462426
MPCTASK: EXP,0,338,16896,-145,438,695,651,773,-30,451,-653,15,-298,1102,700,242,674,700,0,0,0,0,0,0,0,0,0,0,0,0,0,0,0,5,26574,0,26628,0,0,0,0,4517406,4526947,0,0,0,0,0,1000,1000,5462426
MPCTASK: EXP,0,340,16993,-45,447,693,781,601,8,474,-241,115,-155,1143,700,296,591,700,0,0,0,0,0,0,0,0,0,0,0,0,0,0,0,5,24013,0,24068,0,0,0,0,4082029,4091568,0,0,0,0,0,1000,1000,5462426
MPCTASK: EXP,0,342,17096,34,492,694,791,513,4,454,175,169,0,1154,700,292,544,700,0,0,0,0,0,0,0,0,0,0,0,0,0,0,0,5,27159,0,27222,0,0,0,0,4616746,4627807,0,0,0,0,0,1000,1000,5462426
MPCTASK: EXP,0,344,17195,89,539,702,715,429,39,685,553,221,154,1136,700,243,491,700,0,0,0,0,0,0,0,0,0,0,0,0,0,0,0,5,25033,0,25415,0,0,0,0,4255442,4320554,0,0,0,0,0,1000,1000,5462426
MPCTASK: EXP,0,346,17293,141,575,713,580,289,54,925,874,247,290,1089,700,175,412,700,0,0,0,0,0,0,0,0,0,0,0,0,0,0,0,5,22891,0,22946,0,0,0,0,3891485,3900866,0,0,0,0,0,1000,1000,5462426
MPCTASK: EXP,0,348,17396,190,619,721,426,144,19,1171,1091,299,396,1014,700,108,343,700,0,0,0,0,0,0,0,0,0,0,0,0,0,0,0,5,27009,0,27065,0,0,0,0,4591385,4601146,0,0,0,0,0,1000,1000,5462426
MPCTASK: EXP,0,350,17495,218,660,719,239,2,-67,1258,1297,363,460,913,700,26,270,700,0,0,0,0,0,0,0,0,0,0,0,0,0,0,0,5,25409,0,25712,0,0,0,0,4319545,4371064,0,0,0,0,0,1000,1000,5462426
MPCTASK: EXP,0,352,17597,210,658,708,-15,-257,-112,1450,1293,352,477,789,700,-76,144,700,0,0,0,0,0,0,0,0,0,0,0,0,0,0,0,5,26160,0,26216,0,0,0,0,4447213,4456753,0,0,0,0,0,1000,1000,5462426
MPCTASK: EXP,0,354,17693,187,628,694,-238,-531,-116,1540,1128,284,445,645,700,-158,3,700,0,0,0,0,0,0,0,0,0,0,0,0,0,0,0,5,22615,0,22670,0,0,0,0,3844581,3853962,0,0,0,0,0,1000,1000,5462426
MPCTASK: EXP,0,356,17794,133,557,680,-457,-823,-91,1398,1034,212,367,484,700,-250,-150,700,0,0,0,0,0,0,0,0,0,0,0,0,0,0,0,5,23999,0,24054,0,0,0,0,4079677,4089217,0,0,0,0,0,1000,1000,5462426
MPCTASK: EXP,0,358,17895,56,461,669,-644,-1065,-37,1038,763,189,250,310,700,-324,-290,700,0,0,0,0,0,0,0,0,0,0,0,0,0,0,0,5,25145,0,25201,0,0,0,0,4274645,4284180,0,0,0,0,0,1000,1000,5462426
MPCTASK: EXP,0,360,17997,-21,362,664,-751,-1192,37,453,273,168,107,127,700,-352,-386,700,0,0,0,0,0,0,0,0,0,0,0,0,0,0,0,5,24955,0,25011,0,0,0,0,4242173,4251999,0,0,0,0,0,1000,1000,5462426
MPCTASK: EXP,0,362,18096,-114,225,672,-785,-1261,99,44,-167,121,-48,-59,700,-361,-498,700,0,0,0,0,0,0,0,0,0,0,0,0,0,0,0,5,24033,0,24087,0,0,0,0,4085545,4094929,0,0,0,0,0,1000,1000,5462426
MPCTASK: EXP,0,364,18199,-178,129,686,-708,-1200,124,-222,-548,48,-202,-245,700,-317,-548,700,0,0,0,0,0,0,0,0,0,0,0,0,0,0,0,5,24853,0,25882,0,0,0,0,4225041,4399979,0,0,0,0,0,1000,1000,5462426
MPCTASK: EXP,0,366,18296,-240,32,713,-590,-1124,127,-265,-865,-26,-338,-426,700,-260,-600,700,0,0,0,0,0,0,0,0,0,0,0,0,0,0,0,5,22769,0,22834,0,0,0,0,3870632,3881852,0,0,0,0,0,1000,1000,5462426
MPCTASK: EXP,0,368,18394,-287,-54,727,-435,-1055,47,-180,-1088,-61,-444,-597,700,-193,-646,700,0,0,0,0,0,0,0,0,0,0,0,0,0,0,0,5,20480,0,20859,0,0,0,0,3481595,3546101,0,0,0,0,0,1000,1000,5462426
MPCTASK: EXP,0,370,18498,-312,-143,729,-238,-1020,-35,-3,-1259,-63,-508,-755,700,-107,-699,700,0,0,0,0,0,0,0,0,0,0,0,0,0,0,0,5,24243,0,24299,0,0,0,0,4121241,4130934,0,0,0,0,0,1000,1000,5462426
MPCTASK: EXP,0,372,18597,-307,-222,727,-2,-997,-75,65,-1329,-63,-525,-895,700,-6,-732,700,0,0,0,0,0,0,0,0,0,0,0,0,0,0,0,5,24007,0,24063,0,0,0,0,4081221,4090760,0,0,0,0,0,1000,1000,5462426
MPCTASK: EXP,0,374,18697,-278,-294,714,233,-982,-110,36,-1285,-48,-493,-1014,700,91,-747,700,0,0,0,0,0,0,0,0,0,0,0,0,0,0,0,5,23533,0,23589,0,0,0,0,4000553,4010195,0,0,0,0,0,1000,1000,5462426
MPCTASK: EXP,0,376,18796,-221,-377,699,496,-944,-90,-127,-1035,-35,-415,-1108,700,185,-751,700,0,0,0,0,0,0,0,0,0,0,0,0,0,0,0,5,22521,0,22575,0,0,0,0,3828493,3837874,0,0,0,0,0,1000,1000,5462426
MPCTASK: EXP,0,378,18895,-151,-434,692,677,-856,-27,-343,-699,-35,-298,-1177,700,248,-716,700,0,0,0,0,0,0,0,0,0,0,0,0,0,0,0,5,21784,0,21842,0,0,0,0,3703297,3713225,0,0,0,0,0,1000,1000,5462426
MPCTASK: EXP,0,380,18996,-76,-488,688,781,-762,1,-516,-339,-27,-155,-1217,700,280,-673,700,0,0,0,0,0,0,0,0,0,0,0,0,0,0,0,5,22524,0,22578,0,0,0,0,3828984,3838357,0,0,0,0,0,1000,1000,5462426
MPCTASK: EXP,0,382,19097,13,-538,692,819,-625,38,-724,96,-6,0,-1228,700,288,-612,700,0,0,0,0,0,0,0,0,0,0,0,0,0,0,0,5,24235,0,24484,0,0,0,0,4119885,4162294,0,0,0,0,0,1000,1000,5462426
MPCTASK: EXP,0,384,19197,99,-576,700,758,-442,36,-920,556,13,154,-1210,700,259,-527,700,0,0,0,0,0,0,0,0,0,0,0,0,0,0,0,5,23366,0,23421,0,0,0,0,3972073,3981612,0,0,0,0,0,1000,1000,5462426
MPCTASK: EXP,0,386,19300,162,-600,709,633,-263,21,-1047,861,13,290,-1163,700,203,-438,700,0,0,0,0,0,0,0,0,0,0,0,0,0,0,0,5,26797,0,26852,0,0,0,0,4555501,4565039,0,0,0,0,0,1000,1000,5462426
MPCTASK: EXP,0,388,19398,211,-608,717,488,-92,-1,-1129,1110,8,396,-1088,700,137,-343,700,0,0,0,0,0,0,0,0,0,0,0,0,0,0,0,5,24244,0,24665,0,0,0,0,4121381,4193165,0,0,0,0,0,1000,1000,5462426
MPCTASK: EXP,0,390,19496,239,-607,714,272,105,-57,-1189,1302,-17,460,-988,700,47,-235,700,0,0,0,0,0,0,0,0,0,0,0,0,0,0,0,5,22363,0,22662,0,0,0,0,3801593,3852626,0,0,0,0,0,1000,1000,5462426
MPCTASK: EXP,0,392,19600,252,-581,702,40,326,-97,-1205,1370,-45,477,-864,700,-37,-109,700,0,0,0,0,0,0,0,0,0,0,0,0,0,0,0,5,25979,0,26471,0,0,0,0,4416369,4500214,0,0,0,0,0,1000,1000,5462426
MPCTASK: EXP,0,394,19698,233,-528,687,-241,578,-81,-1136,1299,-95,445,-719,700,-138,33,700,0,0,0,0,0,0,0,0,0,0,0,0,0,0,0,5,24023,0,24077,0,0,0,0,4083681,4093250,0,0,0,0,0,1000,1000,5462426
MPCTASK: EXP,0,396,19798,189,-455,679,-476,798,-28,-1029,1109,-142,367,-558,700,-221,177,700,0,0,0,0,0,0,0,0,0,0,0,0,0,0,0,5,23587,0,23649,0,0,0,0,4009593,4020517,0,0,0,0,0,1000,1000,5462426
MPCTASK: EXP,0,398,19898,130,-386,678,-647,949,17,-849,841,-189,250,-384,700,-279,287,700,0,0,0,0,0,0,0,0,0,0,0,0,0,0,0,5,23446,0,23679,0,0,0,0,3985737,4025414,0,0,0,0,0,1000,1000,5462426
MPCTASK: EXP,0,400,19996,48,-267,679,-780,1104,40,-545,446,-211,107,-201,700,-319,420,700,0,0,0,0,0,0,0,0,0,0,0,0,0,0,0,5,21583,0,21638,0,0,0,0,3668962,3678692,0,0,0,0,0,1000,1000,5462426
MPCTASK: EXP,0,402,20101,-13,-176,682,-797,1142,55,-246,49,-201,-48,-15,700,-306,496,700,0,0,0,0,0,0,0,0,0,0,0,0,0,0,0,5,27135,0,27194,0,0,0,0,4612941,4623009,0,0,0,0,0,1000,1000,5462426
MPCTASK: EXP,0,404,20198,-91,-82,694,-771,1135,89,-47,-363,-189,-202,171,700,-281,562,700,0,0,0,0,0,0,0,0,0,0,0,0,0,0,0,5,23700,0,23993,0,0,0,0,4028885,4078843,0,0,0,0,0,1000,1000,5462426
MPCTASK: EXP,0,406,20301,-143,-12,705,-671,1084,76,11,-703,-189,-338,352,700,-222,600,700,0,0,0,0,0,0,0,0,0,0,0,0,0,0,0,5,25564,0,26059,0,0,0,0,4345762,4430046,0,0,0,0,0,1000,1000,5462426
MPCTASK: EXP,0,408,20397,-189,71,719,-513,1044,59,-18,-1026,-178,-444,523,700,-145,647,700,0,0,0,0,0,0,0,0,0,0,0,0,0,0,0,5,22783,0,22837,0,0,0,0,3873017,3882466,0,0,0,0,0,1000,1000,5462426
MPCTASK: EXP,0,410,20503,-213,148,727,-310,1010,0,-100,-1214,-173,-508,681,700,-57,684,700,0,0,0,0,0,0,0,0,0,0,0,0,0,0,0,5,28727,0,28782,0,0,0,0,4883653,4893034,0,0,0,0,0,1000,1000,5462426
MPCTASK: EXP,0,412,20599,-216,227,722,-81,987,-76,-62,-1274,-172,-525,820,700,35,711,700,0,0,0,0,0,0,0,0,0,0,0,0,0,0,0,5,25171,0,25356,0,0,0,0,4278901,4310506,0,0,0,0,0,1000,1000,5462426
MPCTASK: EXP,0,414,20700,-193,302,711,185,938,-85,14,-1192,-160,-493,939,700,134,719,700,0,0,0,0,0,0,0,0,0,0,0,0,0,0,0,5,24019,0,24081,0,0,0,0,4083138,4093803,0,0,0,0,0,1000,1000,5462426
MPCTASK: EXP,0,416,20797,-146,369,704,407,886,-63,132,-996,-132,-415,1034,700,214,711,700,0,0,0,0,0,0,0,0,0,0,0,0,0,0,0,5,21706,0,21761,0,0,0,0,3690069,3699448,0,0,0,0,0,1000,1000,5462426
MPCTASK: EXP,0,418,20902,-83,431,697,581,810,-38,307,-689,-101,-298,1102,700,271,685,700,0,0,0,0,0,0,0,0,0,0,0,0,0,0,0,5,27170,0,27225,0,0,0,0,4618881,4628262,0,0,0,0,0,1000,1000,5462426
MPCTASK: EXP,0,420,21001,4,512,692,713,774,-23,368,-331,-37,-155,1142,700,321,683,700,0,0,0,0,0,0,0,0,0,0,0,0,0,0,0,5,25792,0,25845,0,0,0,0,4384469,4393850,0,0,0,0,0,1000,1000,5462426
MPCTASK: EXP,0,422,21102,85,554,693,743,634,18,715,176,78,0,1154,700,317,607,700,0,0,0,0,0,0,0,0,0,0,0,0,0,0,0,5,26181,0,26235,0,0,0,0,4450621,4460001,0,0,0,0,0,1000,1000,5462426
MPCTASK: EXP,0,424,21205,147,595,702,650,452,43,926,617,104,154,1136,700,262,525,700,0,0,0,0,0,0,0,0,0,0,0,0,0,0,0,5,28095,0,28151,0,0,0,0,4776201,4785740,0,0,0,0,0,1000,1000,5462426
MPCTASK: EXP,0,426,21302,184,621,711,501,262,32,1164,837,105,290,1089,700,188,425,700,0,0,0,0,0,0,0,0,0,0,0,0,0,0,0,5,26158,0,26215,0,0,0,0,4446693,4456633,0,0,0,0,0,1000,1000,5462426
MPCTASK: EXP,0,428,21399,228,637,717,373,79,0,1246,1037,54,395,1015,700,125,333,700,0,0,0,0,0,0,0,0,0,0,0,0,0,0,0,5,22370,0,22566,0,0,0,0,3802825,3836367,0,0,0,0,0,1000,1000,5462426
MPCTASK: EXP,0,430,21500,261,647,715,197,-119,-50,1371,1229,0,459,915,700,49,228,700,0,0,0,0,0,0,0,0,0,0,0,0,0,0,0,5,23413,0,23473,0,0,0,0,3980065,3990567,0,0,0,0,0,1000,1000,5462426
MPCTASK: EXP,0,432,21606,265,599,703,-42,-413,-103,1345,1246,6,476,791,700,-41,69,700,0,0,0,0,0,0,0,0,0,0,0,0,0,0,0,5,28189,0,28244,0,0,0,0,4791997,4801536,0,0,0,0,0,1000,1000,5462426
MPCTASK: EXP,0,434,21701,236,537,689,-283,-668,-92,1221,1164,54,443,647,700,-135,-81,700,0,0,0,0,0,0,0,0,0,0,0,0,0,0,0,5,23908,0,23964,0,0,0,0,4064341,4073875,0,0,0,0,0,1000,1000,5462426
MPCTASK: EXP,0,436,21804,193,469,677,-476,-868,-54,1038,981,116,365,486,700,-204,-209,700,0,0,0,0,0,0,0,0,0,0,0,0,0,0,0,5,26264,0,26318,0,0,0,0,4464701,4474086,0,0,0,0,0,1000,1000,5462426
MPCTASK: EXP,0,438,21906,120,351,673,-663,-1073,16,686,661,177,249,312,700,-271,-361,700,0,0,0,0,0,0,0,0,0,0,0,0,0,0,0,5,26395,0,26451,0,0,0,0,4487097,4496637,0,0,0,0,0,1000,1000,5462426
MPCTASK: EXP,0,440,22005,60,247,677,-736,-1158,67,334,321,185,106,128,700,-286,-464,700,0,0,0,0,0,0,0,0,0,0,0,0,0,0,0,5,25198,0,25254,0,0,0,0,4283681,4293219,0,0,0,0,0,1000,1000,5462426
MPCTASK: EXP,0,442,22104,-4,139,685,-749,-1180,87,73,-22,179,-48,-59,700,-277,-549,700,0,0,0,0,0,0,0,0,0,0,0,0,0,0,0,5,24862,0,24918,0,0,0,0,4226493,4236162,0,0,0,0,0,1000,1000,5462426
MPCTASK: EXP,0,444,22206,-62,56,699,-712,-1144,99,-52,-304,161,-199,-248,700,-247,-600,700,0,0,0,0,0,0,0,0,0,0,0,0,0,0,0,5,26415,0,26695,0,0,0,0,4490341,4538102,0,0,0,0,0,1000,1000,5462426
MPCTASK: EXP,0,446,22305,-135,-50,712,-625,-1102,66,-85,-673,132,-333,-432,700,-211,-660,700,0,0,0,0,0,0,0,0,0,0,0,0,0,0,0,5,24748,0,24803,0,0,0,0,4207113,4216610,0,0,0,0,0,1000,1000,5462426
MPCTASK: EXP,0,448,22406,-168,-121,722,-487,-1051,30,-32,-909,92,-435,-608,700,-148,-683,700,0,0,0,0,0,0,0,0,0,0,0,0,0,0,0,5,25568,0,25708,0,0,0,0,4346467,4370430,0,0,0,0,0,1000,1000,5462426
MPCTASK: EXP,0,450,22503,-205,-221,726,-302,-1026,-31,9,-1097,60,-495,-770,700,-88,-718,700,0,0,0,0,0,0,0,0,0,0,0,0,0,0,0,5,22985,0,23040,0,0,0,0,3907373,3916910,0,0,0,0,0,1000,1000,5462426
MPCTASK: EXP,0,452,22605,-214,-292,721,-120,-992,-69,-47,-1132,45,-509,-914,700,-33,-713,700,0,0,0,0,0,0,0,0,0,0,0,0,0,0,0,5,24973,0,25028,0,0,0,0,4245334,4254831,0,0,0,0,0,1000,1000,5462426
MPCTASK: EXP,0,454,22709,-200,-382,716,109,-940,-64,-266,-1014,26,-476,-1033,700,25,-697,700,0,0,0,0,0,0,0,0,0,0,0,0,0,0,0,5,28700,0,28754,0,0,0,0,4878797,4888336,0,0,0,0,0,1000,1000,5462426
MPCTASK: EXP,0,456,22803,-157,-450,709,302,-842,-60,-539,-765,21,-402,-1124,699,72,-645,699,0,0,0,0,0,0,0,0,0,0,0,0,0,0,0,5,22419,0,22475,0,0,0,0,3811246,3820785,0,0,0,0,0,1000,1000,5462426
MPCTASK: EXP,0,458,22903,-99,-513,699,442,-701,-58,-829,-406,31,-295,-1182,699,102,-576,699,0,0,0,0,0,0,0,0,0,0,0,0,0,0,0,5,22860,0,23256,0,0,0,0,3886185,3953595,0,0,0,0,0,1000,1000,5462426
MPCTASK: EXP,0,460,23006,-52,-552,696,488,-526,-18,-1041,-56,31,-169,-1202,699,96,-498,699,0,0,0,0,0,0,0,0,0,0,0,0,0,0,0,5,25950,0,26122,0,0,0,0,4411441,4440805,0,0,0,0,0,1000,1000,5462426
MPCTASK: EXP,0,462,23111,12,-577,702,474,-277,21,-1233,382,28,-41,-1181,699,87,-407,699,0,0,0,0,0,0,0,0,0,0,0,0,0,0,0,5,30206,0,30260,0,0,0,0,5134919,5144298,0,0,0,0,0,1000,1000,5462426
MPCTASK: EXP,0,464,23209,49,-574,708,377,-40,5,-1232,654,-14,73,-1117,699,72,-346,699,0,0,0,0,0,0,0,0,0,0,0,0,0,0,0,5,28791,0,28847,0,0,0,0,4894369,4904024,0,0,0,0,0,1000,1000,5462426
MPCTASK: EXP,0,466,23302,79,-549,711,255,182,-24,-1085,782,-74,161,-1013,699,50,-276,699,0,0,0,0,0,0,0,0,0,0,0,0,0,0,0,5,22235,0,22504,0,0,0,0,3779733,3825864,0,0,0,0,0,1000,1000,5462426
MPCTASK: EXP,0,468,23405,85,-516,702,116,356,-73,-844,774,-134,211,-873,700,25,-230,700,0,0,0,0,0,0,0,0,0,0,0,0,0,0,0,5,24236,0,24291,0,0,0,0,4120157,4129563,0,0,0,0,0,1000,1000,5462426
MPCTASK: EXP,0,470,23503,88,-464,684,-14,503,-82,-515,638,-173,220,-707,700,14,-191,700,0,0,0,0,0,0,0,0,0,0,0,0,0,0,0,5,22156,0,22212,0,0,0,0,3766570,3776037,0,0,0,0,0,1000,1000,5462426
MPCTASK: EXP,0,472,23602,69,-412,676,-128,571,-11,-182,388,-185,191,-528,700,2,-174,700,0,0,0,0,0,0,0,0,0,0,0,0,0,0,0,5,21821,0,21875,0,0,0,0,3709505,3718800,0,0,0,0,0,1000,1000,5462426
MPCTASK: EXP,0,474,23706,48,-355,680,-183,578,54,116,120,-165,136,-355,700,-3,-153,700,0,0,0,0,0,0,0,0,0,0,0,0,0,0,0,5,25340,0,25645,0,0,0,0,4307770,4359617,0,0,0,0,0,1000,1000,5462426
MPCTASK: EXP,0,476,23804,25,-310,690,-191,519,74,391,-136,-128,71,-207,700,-13,-138,700,0,0,0,0,0,0,0,0,0,0,0,0,0,0,0,5,23650,0,23704,0,0,0,0,4020441,4029723,0,0,0,0,0,1000,1000,5462426
MPCTASK: EXP,0,478,23905,9,-275,700,-155,426,57,461,-266,-86,16,-102,700,-25,-117,700,0,0,0,0,0,0,0,0,0,0,0,0,0,0,0,5,24572,0,24625,0,0,0,0,4177137,4186365,0,0,0,0,0,1000,1000,5462426
MPCTASK: EXP,0,480,24003,-3,-245,706,-111,341,20,378,-284,-48,-16,-49,700,-34,-97,700,0,0,0,0,0,0,0,0,0,0,0,0,0,0,0,5,23076,0,23129,0,0,0,0,3922993,3932048,0,0,0,0,0,1000,1000,5462426
MPCTASK: EXP,0,482,24106,-7,-223,705,-61,272,-14,266,-217,-14,-23,-37,700,-15,-114,700,0,0,0,0,0,0,0,0,0,0,0,0,0,0,0,5,25517,0,25831,0,0,0,0,4337881,4391383,0,0,0,0,0,1000,1000,5462426
MPCTASK: TRAJ DONE: idx=482, max=482; requesting landing
MPCTASK: LANDING: start z=0.70, hold=(-0.0,-0.21)
MPCTASK: TIMING SUMMARY: max_step_cycles=5462426 deadline_cycles=8400000 overruns=0
MPCTASK: LANDING COMPLETE: t=29221 ms, x=-0.037, y=-0.235, z=-0.008, vz=-0.090; motors off