SYS: Crazyflie 2.1 Brushless is up and running!
SYS: Build 2:de14ff9f08ae (2025.09.1 +2) MODIFIED
SYS: I am 0x373930393434471500370039 and I have 1024KB of flash!
CFGBLK: v1, verification [OK]
DECK_DISCOVERY: Backend found: onewire
DECK_DISCOVERY: Backend found: deckctrl
DECK_CORE: 1 deck(s) found
DECK_CORE: Calling INIT on driver bcFlow2 for deck 0
ZR2: Z-down sensor [OK]
PMW: Motion chip id: 0x49:0xB6
IMU: BMI088: Using I2C interface.
IMU: BMI088 Gyro connection [OK].
IMU: BMI088 Accel connection [OK]
IMU: BMP390 I2C connection [OK]
ESTIMATOR: Using Kalman (2) estimator
CONTROLLER: Using PID (1) controller
MTR-DRV: Using brushless motor driver
SYS: About to run tests in system.c.
SYS: NRF51 version: 2026.04 (C21B)
EEPROM: I2C connection [OK].
STORAGE: Storage check [OK].
IMU: BMI088 gyro self-test [OK]
DECK_CORE: Deck 0 test [OK].
SYS: Self test passed!
STAB: Wait for sensor calibration...
SYS: Free heap: 15048 bytes
MPCTASK: Waiting for activation ...
STAB: Starting stabilizer loop
STAB: WARNING: stabilizer loop rate is off (1004)
MPCTASK: Benchmark mode 1, maneuver 4, max_iter 5, task_pri 0
MPCTASK: Reference altitude: 0.70 m; barrier skip when z>0.75 and vz>-0.20
MPCTASK: OOT takeoff: cfclient trigger>=0.15m ramp=0.15m/s figure8_start=2000ms_at_measured_z target=0.70m timeout=12000ms
MPCTASK: Common baseline: mpc_hz=20 model_hz=20 rho=5 base_w=0 base_qz=1 Qz=100 R=4 bridge=x10 guards=z[ref,ref+0.20] xy=free cap=0.05
MPCTASK: MPC->PID: xyz=x10, z_guard=[ref,ref+0.20], yaw=raw_rz, output_hold=200ms, safety_hold=500ms
MPCTASK: Reference origin: xyz=measured_at_forced_timed_start target_z=0.70 m
MPCTASK: Fixed baseline: w=0 qz=1 adaptive_cache=off
MPCTASK: MPC-CBF analytic LTV rows: always_on=1 horizon=20 gate=off floor_z=0.70 margin=0
MPCTASK: EXP every=2: m,s,tms,p3[mm],v3[mmps],att3[cdeg],ref3[mm],cmd3[mm],h/raw/grad/mar/thr[milli],act/ac/bind,wi/qi/cache/noa,pa/pf/du[milli],it,mpc/eval/total[us],bar/tanh/rl/cache/solve/step[cycles],overruns,post_active/post_infeasible_totals,wreq/w/qzreq/qz[milli],max_step_cycles
MPCTASK: Figure8: source=traj_fig8_12.h source_hz=100 samples=1205 laps=2 duration=24.07 s origin=forced_timed_start start_delay=2000ms z_baseline=measured_at_start
CONTROLLER: Using OutOfTree (6) controller
MPCTASK: Trajectory origin: x=0.0 y=-0.11 z=0.01
MPCTASK: OOT activated at z=0.01
SUP: Ready to fly
MPCTASK: TAKEOFF START: trigger_z=0.15 start_z=0.01 target=0.70 hold=(0.0,-0.15) ramp=0.15m/s
MPCTASK: OOT loop 1 done
MPCTASK: OOT loop 2 done
MPCTASK: MPC task loop 1
MPCTASK: x0: pos=(0.0,-0.MPCTASK: OOT loop 3 done
15,0.01) vel=(0.0,-0.04,-0.0)
MPCTASK: ref: (0.0,-0.15,0.01)
MPCTASK: SAFE TV mode=1: h=-0.691 raw=0.008 grad=1.019 margin=0.0 thr=0.0 active0=1 active_count=20 eval=0 us
MPCTASK: Cache level changed: 0 -> 1
MPCTASK: MPC solve start
MPCTASK: MPC solve done, iter=5
MPCTASK: MPC time=27268 us
MPCTASK: MPC stack free=1105 words
MPCTASK: setpoint: x=0.0 y=-0.15 z=0.07 preview_z=0.07
MPCTASK: MPC task loop 2
MPCTASK: MPC task loop 3
MPCTASK: TAKEOFF COMPLETE: t=2000ms z=0.31 vz=0.25; trajectory queued origin=(0.0,-0.17,0.31)
MPCTASK: TRAJ START: z=0.31 origin=(0.0,-0.17,0.31) EXP clock reset; Z metric begins at t+3s
MPCTASK: EXP,1,2,76,3,-190,330,49,-186,223,-637,528,-93,0,-172,311,-77,133,511,-369,330,1000,0,0,1,20,20,0,0,0,0,0,0,0,5,25260,0,25441,0,0,0,0,4294097,4324988,0,0,0,0,0,1000,1000,5055046
MPCTASK: EXP,1,4,173,3,-207,363,-48,-30,284,-1300,590,-357,-11,-153,311,-50,218,511,-336,363,1000,0,0,1,20,20,0,0,0,0,0,0,0,5,22875,0,23073,0,0,0,0,3888604,3922433,0,0,0,0,0,1000,1000,5055046
MPCTASK: EXP,1,6,273,-20,-186,390,-149,234,287,-1530,491,-779,-45,-86,311,-39,310,511,-309,390,1000,0,0,1,20,20,0,0,0,0,0,0,0,5,23091,0,23469,0,0,0,0,3925392,3989941,0,0,0,0,0,1000,1000,5055046
MPCTASK: EXP,1,8,372,-56,-120,420,-201,580,333,-1089,-8,-1357,-98,32,311,8,399,511,-279,420,1000,0,0,1,20,20,0,0,0,0,0,0,0,5,20953,0,21255,0,0,0,0,3561945,3613527,0,0,0,0,0,1000,1000,5055046
MPCTASK: EXP,1,10,477,-101,-50,449,-154,705,415,-428,-840,-2180,-153,191,311,82,425,511,-250,449,1000,0,0,1,20,20,0,0,0,0,0,0,0,5,25846,0,26037,0,0,0,0,4393842,4426429,0,0,0,0,0,1000,1000,5055046
MPCTASK: EXP,1,12,572,-107,5,496,147,606,502,-332,-2686,-3009,-191,371,311,319,369,511,-203,496,1000,0,0,1,20,20,0,0,0,0,0,0,0,5,21790,0,22285,0,0,0,0,3704168,3788451,0,0,0,0,0,1000,1000,5055046
MPCTASK: EXP,1,14,679,-66,60,565,699,318,478,452,-5742,-2698,-199,550,311,739,199,511,-134,565,1000,0,0,1,20,20,0,0,0,0,0,0,0,5,27242,0,27602,0,0,0,0,4631049,4692456,0,0,0,0,0,1000,1000,5055046
MPCTASK: EXP,1,16,775,10,104,629,1383,-84,-111,10228,-7772,8155,-168,710,311,1282,29,511,-93,606,1019,0,0,1,20,20,0,0,0,0,0,0,0,5,23854,0,24053,0,0,0,0,4055208,4089133,0,0,0,0,0,1000,1000,5055046
MPCTASK: EXP,1,18,879,171,92,567,1750,-146,-1119,15502,-8284,16859,-99,839,311,1541,293,499,-356,343,1019,0,0,1,20,20,0,0,0,0,0,0,0,5,27433,0,27955,0,0,0,0,4663492,4752347,0,0,0,0,0,1000,1000,5300125
MPCTASK: EXP,1,20,976,356,97,407,2077,86,-2120,-11199,-7164,-4297,1,928,311,1541,822,311,-716,-16,1019,0,0,1,20,20,0,0,0,0,0,0,0,5,24258,0,24957,0,0,0,0,4123756,4242836,0,0,0,0,0,1000,1000,5300125
MPCTASK: EXP,1,22,1079,729,155,335,2676,499,-2859,2930,-4350,13224,120,974,311,1867,543,311,-936,-236,1019,0,0,1,20,20,0,0,0,0,0,0,0,5,25372,0,26782,0,0,0,0,4313201,4552933,0,0,0,0,0,1000,1000,5300125
MPCTASK: EXP,1,24,1178,2420,615,81,5054,4398,-2686,7228,2845,-14224,242,976,311,2043,1663,311,-1155,-455,1019,0,0,1,20,20,0,0,0,0,0,0,0,5,24961,0,25142,0,0,0,0,4243387,4274276,0,0,0,0,0,1000,1000,5300125
SUP: Locked, reboot required
MPCTASK: EXP,1,26,1277,3274,-904,150,4146,2944,-109,7769,7655,-12444,352,936,311,2637,216,311,-570,129,1019,0,0,1,20,20,0,0,0,0,0,0,0,5,25087,0,25268,0,0,0,0,4264792,4295656,0,0,0,0,0,1000,1000,5300125
MPCTASK: EXP,1,28,1380,3816,-942,157,4219,2544,-458,-12102,3713,9284,435,860,311,2845,499,311,-633,66,1019,0,0,1,20,20,0,0,0,0,0,0,0,5,27250,0,27727,0,0,0,0,4632549,4713679,0,0,0,0,0,1000,1000,5300125
MPCTASK: EXP,1,30,1477,3815,-950,-4,4183,-1124,-1524,-5471,374,6436,479,752,311,3557,-791,311,-1009,-309,1019,0,0,1,20,20,0,0,0,0,0,0,0,5,24741,0,25018,0,0,0,0,4205928,4253161,0,0,0,0,0,1000,1000,5300125
MPCTASK: EXP,1,32,1577,3742,-1521,-80,2194,190,-1671,-8246,-190,6423,478,617,311,2728,-675,311,-1114,-414,1019,0,0,1,20,20,0,0,0,0,0,0,0,5,24884,0,25065,0,0,0,0,4230296,4261169,0,0,0,0,0,1000,1000,5300125
MPCTASK: EXP,1,34,1678,3689,-1981,-65,890,-466,-1307,-6518,-766,6156,431,462,311,2533,-1331,311,-1026,-326,1019,0,0,1,20,20,0,0,0,0,0,0,0,5,25190,0,25369,0,0,0,0,4282265,4312821,0,0,0,0,0,1000,1000,5300125
MPCTASK: EXP,1,36,1775,3606,-2142,-70,174,-175,-1052,-5771,-1084,5594,340,290,311,2387,-1457,311,-980,-280,1019,0,0,1,20,20,0,0,0,0,0,0,0,5,20961,0,21591,0,0,0,0,3563296,3670621,0,0,0,0,0,1000,1000,5300125
MPCTASK: EXP,1,38,1877,3368,-2198,-88,-684,613,-953,-5644,-1362,5309,215,107,311,2029,-1313,311,-978,-278,1019,0,0,1,20,20,0,0,0,0,0,0,0,5,22953,0,23526,0,0,0,0,3902028,3999561,0,0,0,0,0,1000,1000,5300125
MPCTASK: EXP,1,40,1971,3092,-2110,-42,-1301,1256,-582,-5174,-1436,5273,68,-80,311,1721,-1136,311,-859,-159,1019,0,0,1,20,20,0,0,0,0,0,0,0,5,16934,0,17114,0,0,0,0,2878704,2909467,0,0,0,0,0,1000,1000,5300125
MPCTASK: EXP,1,42,2076,2851,-1926,-40,-1875,1846,-572,-4933,-1413,5400,-86,-270,311,1438,-876,311,-855,-155,1019,0,0,1,20,20,0,0,0,0,0,0,0,5,20897,0,21729,0,0,0,0,3552404,3693993,0,0,0,0,0,1000,1000,5300125
MPCTASK: EXP,1,44,2179,2589,-1699,-39,-2412,2354,-580,-4752,-1376,5546,-234,-456,311,1152,-596,311,-856,-156,1019,0,0,1,20,20,0,0,0,0,0,0,0,5,23454,0,24387,0,0,0,0,3987233,4145893,0,0,0,0,0,1000,1000,5300125
MPCTASK: EXP,1,46,2279,2207,-1353,-26,-3089,2932,-486,-4503,-1314,5756,-358,-634,311,741,-207,311,-823,-123,1019,0,0,1,20,20,0,0,0,0,0,0,0,5,24051,0,24230,0,0,0,0,4088500,4119061,0,0,0,0,0,1000,1000,5300125
MPCTASK: EXP,1,48,2375,1839,-1010,-30,-3650,3412,-519,-4368,-1290,5889,-449,-801,311,368,170,311,-834,-134,1019,0,0,1,20,20,0,0,0,0,0,0,0,5,19898,0,20077,0,0,0,0,3382520,3413190,0,0,0,0,0,1000,1000,5300125
MPCTASK: EXP,1,50,2481,1428,-631,-37,-4192,3859,-555,-4247,-1274,6008,-495,-952,311,-37,575,311,-848,-148,1019,0,0,1,20,20,0,0,0,0,0,0,0,5,26095,0,26294,0,0,0,0,4436212,4470116,0,0,0,0,0,1000,1000,5300125
MPCTASK: EXP,1,52,2576,971,-222,-22,-4729,4263,-459,-4065,-1241,6143,-492,-1083,311,-488,992,311,-814,-114,1019,0,0,1,20,20,0,0,0,0,0,0,0,5,20415,0,20734,0,0,0,0,3470464,3524848,0,0,0,0,0,1000,1000,5300125
MPCTASK: EXP,1,54,2679,469,213,-24,-5250,4647,-454,-3947,-1225,6249,-442,-1192,311,-982,1437,311,-815,-115,1019,0,0,1,20,20,0,0,0,0,0,0,0,5,22489,0,23070,0,0,0,0,3823096,3922057,0,0,0,0,0,1000,1000,5300125
MPCTASK: EXP,1,56,2780,-85,675,-11,-5775,4998,-358,-3798,-1197,6365,-347,-1276,311,-1532,1895,311,-783,-83,1019,0,0,1,20,20,0,0,0,0,0,0,0,5,24735,0,25029,0,0,0,0,4204872,4255153,0,0,0,0,0,1000,1000,5300125
MPCTASK: EXP,1,58,2881,-689,1173,-13,-6286,5333,-380,-3713,-1189,6458,-219,-1333,311,-2129,2385,311,-789,-89,1019,0,0,1,20,20,0,0,0,0,0,0,0,5,24832,0,25526,0,0,0,0,4221248,4339478,0,0,0,0,0,1000,1000,5300125
MPCTASK: EXP,1,60,2977,-1342,1700,-18,-6792,5649,-408,-3636,-1184,6548,-69,-1361,311,-2776,2897,311,-800,-100,1019,0,0,1,20,20,0,0,0,0,0,0,0,5,20736,0,21057,0,0,0,0,3525144,3579863,0,0,0,0,0,1000,1000,5300125
MPCTASK: EXP,1,62,3081,-2043,2241,-6,-7299,5930,-322,-3516,-1164,6653,87,-1360,311,-3467,3410,311,-771,-71,1019,0,0,1,20,20,0,0,0,0,0,0,0,5,25434,0,25615,0,0,0,0,4323688,4354603,0,0,0,0,0,1000,1000,5300125
MPCTASK: EXP,1,64,3175,-2794,2818,-9,-7799,6204,-340,-3446,-1160,6741,236,-1330,311,-4199,3954,311,-777,-77,1019,0,0,1,20,20,0,0,0,0,0,0,0,5,19887,0,20068,0,0,0,0,3380644,3411553,0,0,0,0,0,1000,1000,5300125
MPCTASK: EXP,1,66,3279,-3595,3425,-17,-8296,6465,-393,-3394,-1162,6825,361,-1272,311,-4970,4517,311,-796,-96,1019,0,0,1,20,20,0,0,0,0,0,0,0,5,23335,0,23675,0,0,0,0,3966857,4024868,0,0,0,0,0,1000,1000,5300125
MPCTASK: EXP,1,68,3376,-4440,4023,-3,-8791,6677,-285,-3282,-1140,6929,451,-1187,311,-5766,5056,311,-760,-60,1019,0,0,1,20,20,0,0,0,0,0,0,0,5,20035,0,20355,0,0,0,0,3405984,3460523,0,0,0,0,0,1000,1000,5300125
MPCTASK: EXP,1,70,3479,-5341,4670,-6,-9287,6901,-309,-3228,-1140,7014,497,-1077,311,-6598,5636,311,-768,-68,1019,0,0,1,20,20,0,0,0,0,0,0,0,5,23683,0,23862,0,0,0,0,4026153,4056717,0,0,0,0,0,1000,1000,5300125
MPCTASK: EXP,1,72,3575,-6293,5336,-10,-9783,7110,-339,-3179,-1142,7098,494,-944,311,-7454,6224,311,-778,-78,1019,0,0,1,20,20,0,0,0,0,0,0,0,5,19533,0,19714,0,0,0,0,3320501,3351387,0,0,0,0,0,1000,1000,5300125
ESTKALMAN: State out of bounds, resetting
MPCTASK: EXP,1,74,3679,0,0,17,2,-1,0,0,0,0,443,-792,311,-183,212,311,-682,17,1019,0,0,1,20,20,0,0,0,0,0,0,0,5,22894,0,23541,0,0,0,0,3891865,4002123,0,0,0,0,0,1000,1000,5300125
MPCTASK: EXP,1,76,3779,1,0,18,36,-16,1,0,0,0,349,-626,311,-169,245,311,-681,18,1000,0,0,1,20,20,0,0,0,0,0,0,0,5,23056,0,23376,0,0,0,0,3919504,3974072,0,0,0,0,0,1000,1000,5300125
MPCTASK: EXP,1,78,3877,7,-3,17,69,-31,-3,0,0,0,220,-448,311,-136,268,311,-682,17,1019,0,0,1,20,20,0,0,0,0,0,0,0,5,21473,0,21670,0,0,0,0,3650393,3684024,0,0,0,0,0,1000,1000,5300125
MPCTASK: EXP,1,80,3980,15,-7,18,101,-47,0,0,0,0,70,-263,311,-87,283,311,-681,18,1019,0,0,1,20,20,0,0,0,0,0,0,0,5,24235,0,24418,0,0,0,0,4119956,4151287,0,0,0,0,0,1000,1000,5300125
MPCTASK: EXP,1,82,4080,27,-12,16,135,-62,-7,0,-1,0,-87,-76,311,-25,289,311,-684,15,1019,0,0,1,20,20,0,0,0,0,0,0,0,5,24404,0,25003,0,0,0,0,4148564,4250612,0,0,0,0,0,1000,1000,5300125
MPCTASK: EXP,1,84,4180,41,-19,17,165,-77,-3,0,-1,0,-235,108,311,41,287,311,-683,16,1019,0,0,1,20,20,0,0,0,0,0,0,0,5,24109,0,24401,0,0,0,0,4098484,4148310,0,0,0,0,0,1000,1000,5300125
MPCTASK: EXP,1,86,4280,61,-28,16,202,-94,-7,0,-2,0,-361,285,311,116,275,311,-685,14,1019,0,0,1,20,20,0,0,0,0,0,0,0,5,23115,0,23300,0,0,0,0,3929504,3961099,0,0,0,0,0,1000,1000,5300125
MPCTASK: EXP,1,88,4382,82,-38,16,233,-108,-2,0,-1,1,-451,452,311,186,254,311,-683,16,1019,0,0,1,20,20,0,0,0,0,0,0,0,5,25088,0,25707,0,0,0,0,4264856,4370228,0,0,0,0,0,1000,1000,5300125
MPCTASK: EXP,1,90,4481,104,-48,19,259,-121,7,-1,0,0,-497,603,311,247,226,311,-680,19,1000,0,0,1,20,20,0,0,0,0,0,0,0,5,24709,0,24890,0,0,0,0,4200300,4231377,0,0,0,0,0,1000,1000,5300125
MPCTASK: EXP,1,92,4582,135,-62,19,296,-138,1,-1,0,0,-494,735,311,305,186,311,-680,19,1000,0,0,1,20,20,0,0,0,0,0,0,0,5,24601,0,25212,0,0,0,0,4182024,4286128,0,0,0,0,0,1000,1000,5300125
MPCTASK: EXP,1,94,4681,166,-77,18,330,-154,-3,0,-1,1,-443,844,311,348,140,311,-682,17,1019,0,0,1,20,20,0,0,0,0,0,0,0,5,23824,0,24022,0,0,0,0,4050016,4083780,0,0,0,0,0,1000,1000,5300125
MPCTASK: EXP,1,96,4782,200,-93,18,361,-168,1,-1,0,1,-348,929,311,376,87,311,-681,18,1000,0,0,1,20,20,0,0,0,0,0,0,0,5,24784,0,24965,0,0,0,0,4213216,4244080,0,0,0,0,0,1000,1000,5300125
MPCTASK: EXP,1,98,4883,238,-111,18,395,-184,0,-1,0,1,-219,986,311,393,27,311,-681,18,1000,0,0,1,20,20,0,0,0,0,0,0,0,5,25965,0,26522,0,0,0,0,4413953,4508769,0,0,0,0,0,1000,1000,5300125
MPCTASK: EXP,1,100,4984,278,-129,16,429,-200,-11,0,-3,1,-69,1015,311,398,-37,311,-686,13,1019,0,0,1,20,20,0,0,0,0,0,0,0,5,26917,0,27365,0,0,0,0,4575844,4652077,0,0,0,0,0,1000,1000,5300125
MPCTASK: EXP,1,102,5081,325,-151,16,463,-216,-6,0,-2,1,87,1014,311,398,-107,311,-684,15,1019,0,0,1,20,20,0,0,0,0,0,0,0,5,23471,0,23652,0,0,0,0,3990053,4020931,0,0,0,0,0,1000,1000,5300125