SYS: Crazyflie 2.1 Brushless is up and running!
SYS: Build 2:de14ff9f08ae (2025.09.1 +2) MODIFIED
SYS: I am 0x373930393434471500370039 and I have 1024KB of flash!
CFGBLK: v1, verification [OK]
DECK_DISCOVERY: Backend found: onewire
DECK_DISCOVERY: Backend found: deckctrl
DECK_CORE: 1 deck(s) found
DECK_CORE: Calling INIT on driver bcFlow2 for deck 0
ZR2: Z-down sensor [OK]
PMW: Motion chip id: 0x49:0xB6
IMU: BMI088: Using I2C interface.
IMU: BMI088 Gyro connection [OK].
IMU: BMI088 Accel connection [OK]
IMU: BMP390 I2C connection [OK]
ESTIMATOR: Using Kalman (2) estimator
CONTROLLER: Using PID (1) controller
MTR-DRV: Using brushless motor driver
SYS: About to run tests in system.c.
SYS: NRF51 version: 2026.04 (C21B)
EEPROM: I2C connection [OK].
STORAGE: Storage check [OK].
IMU: BMI088 gyro self-test [OK]
DECK_CORE: Deck 0 test [OK].
SYS: Self test passed!
STAB: Wait for sensor calibration...
SYS: Free heap: 15048 bytes
MPCTASK: Waiting for activation ...
STAB: Starting stabilizer loop
STAB: WARNING: stabilizer loop rate is off (1004)
SUP: Ready to fly
MPCTASK: Benchmark mode 2, maneuver 4, max_iter 5, task_pri 0
MPCTASK: Reference altitude: 0.70 m; barrier skip when z>0.75 and vz>-0.20
MPCTASK: OOT takeoff: GATED cfclient trigger>=0.15m ramp=0.15m/s settle=+/-0.05m,vz<0.10m/s,1000ms timeout=12000ms
MPCTASK: Common baseline: mpc_hz=20 model_hz=20 rho=5 base_w=0 base_qz=1 Qz=100 R=4 bridge=x10 guards=z[ref,ref+0.20] xy=free cap=0.05
MPCTASK: MPC->PID: xyz=x10, z_guard=[ref,ref+0.20], yaw=raw_rz, output_hold=200ms, safety_hold=500ms
MPCTASK: Reference origin: xy=post_takeoff_settle z=0.70 m
MPCTASK: Fixed baseline: w=0 qz=1 adaptive_cache=off
MPCTASK: LIMO posthoc: infeasible=nominal_fallback
MPCTASK: EXP every=2: m,s,tms,p3[mm],v3[mmps],att3[cdeg],ref3[mm],cmd3[mm],h/raw/grad/mar/thr[milli],act/ac/bind,wi/qi/cache/noa,pa/pf/du[milli],it,mpc/eval/total[us],bar/tanh/rl/cache/solve/step[cycles],overruns,post_active/post_infeasible_totals,wreq/w/qzreq/qz[milli],max_step_cycles
MPCTASK: Figure8: source=traj_fig8_12.h source_hz=100 samples=1205 laps=2 duration=24.07 s origin=post_takeoff_settle z_offset=0.09 m
CONTROLLER: Using OutOfTree (6) controller
MPCTASK: Trajectory origin: x=-0.03 y=-0.02
MPCTASK: OOT activated at z=0.01
MPCTASK: TAKEOFF START: trigger_z=0.15 start_z=0.01 target=0.70 hold=(-0.03,-0.01) ramp=0.15m/s
MPCTASK: OOT loop 1 done
MPCTMPCTASK: OOT loop 2 done
ASK: MPC task loop 1
MPCTASK: x0: pos=(-0.03,-0.01,0.MPCTASK: OOT loop 3 done
01) vel=(0.0,-0.02,-0.01)
MPCTASK: ref: (-0.03,-0.01,0.01)
MPCTASK: MPC solve start
MPCTASK: MPC solve done, iter=5
MPCTASK: MPC time=25563 us
MPCTASK: MPC stack free=1059 words
MPCTASK: setpoint: x=-0.03 y=-0.01 z=0.08 preview_z=0.08
MPCTASK: MPC task loop 2
MPCTASK: MPC task loop 3
MPCTASK: TAKEOFF SETTLING: z=0.73 vz=0.09; hold for 1000ms
MPCTASK: TAKEOFF SETTLING: z=0.74 vz=0.05; hold for 1000ms
MPCTASK: TAKEOFF SETTLING: z=0.74 vz=-0.05; hold for 1000ms
MPCTASK: TAKEOFF SETTLING: z=0.74 vz=-0.06; hold for 1000ms
MPCTASK: TAKEOFF SETTLING: z=0.74 vz=-0.0; hold for 1000ms
MPCTASK: TAKEOFF COMPLETE: t=8890ms z=0.73 vz=-0.02; trajectory queued origin=(-0.0,-0.0)
MPCTASK: TRAJ START: z=0.73 origin=(-0.0,-0.0) EXP clock reset; Z metric begins at t+3s
MPCTASK: EXP,2,2,89,-26,-22,737,-160,-192,-24,-162,234,-240,-7,-7,700,-167,87,700,32,-11,211,69,69,1,1,0,0,0,0,0,1,0,932,5,24920,11556,38999,1964500,0,0,0,4236348,6629956,0,2,1,0,0,1000,1000,6629956
MPCTASK: EXP,2,4,185,-72,-59,735,-212,-146,-6,-836,9,-213,-18,11,700,-127,303,700,34,0,331,69,69,1,1,0,0,0,0,0,1,1,0,5,23641,11176,35178,1899800,0,0,0,4018840,5981175,0,4,2,0,0,1000,1000,6886864
MPCTASK: EXP,2,6,293,-101,-80,742,-224,30,72,-1423,-73,-179,-53,78,700,-88,372,775,42,-138,417,69,69,1,1,0,0,0,0,0,1,0,402,5,27161,12890,42191,2191252,0,0,0,4617292,7172623,0,6,2,0,0,1000,1000,7172623
MPCTASK: EXP,2,8,389,-139,-73,753,-208,292,79,-1718,-331,-179,-106,197,700,-49,452,700,53,-97,531,69,69,0,0,0,0,0,0,0,0,0,0,5,26533,12383,38985,2105010,0,0,0,4510492,6627546,0,7,2,0,0,1000,1000,7172623
MPCTASK: EXP,2,10,490,-166,-31,762,-139,573,31,-1652,-604,-164,-161,357,700,4,532,700,62,-149,515,69,69,0,0,0,0,0,0,0,0,0,0,5,26994,13058,40121,2219772,0,0,0,4588924,6820733,0,7,2,0,0,1000,1000,7172623
MPCTASK: EXP,2,12,590,-177,47,752,-24,833,-102,-1326,-828,-120,-199,536,700,65,611,700,32,-129,508,69,69,0,0,0,0,0,0,0,0,0,0,5,27133,11587,39074,1969783,0,0,0,4612389,6642647,0,7,2,0,0,1000,1000,7172623
MPCTASK: EXP,2,14,690,-174,127,733,133,1014,-131,-825,-949,-56,-206,715,700,126,654,700,7,-51,402,69,69,1,1,0,0,0,0,0,1,1,0,5,26704,11450,38492,1946377,0,0,0,4539700,6543752,0,9,3,0,0,1000,1000,7172623
MPCTASK: EXP,2,16,790,-155,239,728,322,1131,27,-225,-995,-2,-176,875,700,188,690,700,28,48,395,69,69,1,1,0,0,0,0,0,1,1,0,5,28006,10663,38741,1812541,0,0,0,4761000,6586133,0,11,5,0,0,1000,1000,7172623
MPCTASK: EXP,2,18,883,-133,330,734,463,1088,49,404,-862,0,-106,1004,699,211,666,699,34,-50,291,69,69,1,1,0,0,0,0,0,1,1,0,5,19955,11116,31804,1889747,0,0,0,3392184,5406705,0,13,7,0,0,1000,1000,7172623
MPCTASK: EXP,2,20,990,-81,470,741,581,1037,21,869,-543,-81,-6,1093,699,225,675,848,41,126,398,69,69,1,1,0,0,0,0,0,1,0,775,5,24847,12343,38706,2097924,0,0,0,4223872,6580079,0,15,8,0,0,1000,1000,7172623
MPCTASK: EXP,2,22,1091,-21,542,751,640,816,43,1281,-240,-106,112,1139,699,223,597,699,51,-114,369,69,69,0,0,0,0,0,0,0,0,0,0,5,27560,11511,39144,1956904,0,0,0,4685100,6654564,0,16,8,0,0,1000,1000,7172623
MPCTASK: EXP,2,24,1187,115,588,762,755,525,117,1490,109,-172,234,1141,699,278,490,702,62,-63,440,69,69,0,0,0,0,0,0,0,0,0,0,5,25208,10016,35877,1702668,0,0,0,4285196,6099113,0,16,8,0,0,1000,1000,7172623
MPCTASK: EXP,2,26,1289,162,597,774,657,252,2,1484,676,-246,344,1102,699,201,378,701,74,-127,436,69,69,0,0,0,0,0,0,0,0,0,0,5,25747,11649,37465,1980216,0,0,0,4376832,6369093,0,16,8,0,0,1000,1000,7172623
MPCTASK: EXP,2,28,1391,197,569,766,479,-32,-110,1398,1081,-266,427,1026,700,112,237,700,44,-59,619,69,69,0,0,0,0,0,0,0,0,0,0,5,27203,11843,39368,2013259,0,0,0,4624352,6692608,0,16,8,0,0,1000,1000,7172623
MPCTASK: EXP,2,30,1491,206,544,748,233,-279,-153,1280,1240,-259,471,917,700,7,111,728,17,39,802,69,69,1,1,0,0,0,0,0,1,0,199,5,26645,9977,38145,1696077,0,0,0,4529452,6484706,0,17,8,0,0,1000,1000,7172623
MPCTASK: EXP,2,32,1591,168,505,730,-62,-504,-124,1088,1182,-220,470,783,700,-119,-10,759,5,-25,609,69,69,1,1,0,0,0,0,0,1,0,375,5,24613,12252,38896,2082768,0,0,0,4184136,6612423,0,19,8,0,0,1000,1000,7172623
MPCTASK: EXP,2,34,1689,187,450,717,-242,-685,-24,929,945,-308,423,627,700,-147,-131,700,12,-54,341,69,69,1,1,0,0,0,0,0,1,1,0,5,24976,11545,36913,1962579,0,0,0,4245840,6275388,0,21,9,0,0,1000,1000,7172623
MPCTASK: EXP,2,36,1788,133,360,717,-433,-866,123,616,527,-318,332,455,700,-212,-264,700,17,183,395,69,69,1,1,0,0,0,0,0,1,1,0,5,25210,10329,35614,1755935,0,0,0,4285540,6054476,0,23,10,0,0,1000,1000,7172623
MPCTASK: EXP,2,38,1897,90,280,733,-521,-952,188,519,421,-381,207,272,700,-238,-366,835,33,93,298,69,69,1,1,0,0,0,0,0,1,0,694,5,28760,11362,43185,1931435,0,0,0,4889133,7341585,0,25,10,0,0,1000,1000,7341585
MPCTASK: EXP,2,40,1987,11,173,759,-597,-1017,288,31,-51,-369,60,84,700,-252,-457,707,59,193,366,69,69,0,0,0,0,0,0,0,0,0,0,5,23392,10391,33854,1766356,0,0,0,3976497,5755386,0,26,10,0,0,1000,1000,7341585
MPCTASK: EXP,2,42,2089,-51,87,790,-589,-1003,212,19,-129,-357,-94,-105,700,-247,-529,713,90,176,292,69,69,0,0,0,0,0,0,0,0,0,0,5,24577,10721,35802,1822426,0,0,0,4177948,6086365,0,26,10,0,0,1000,1000,7341585
MPCTASK: EXP,2,44,2189,-117,-3,808,-577,-987,30,-73,-221,-318,-241,-291,700,-236,-592,711,108,138,231,69,69,0,0,0,0,0,0,0,0,0,0,5,24823,10357,35466,1760649,0,0,0,4219888,6030299,0,26,10,0,0,1000,1000,7341585
MPCTASK: EXP,2,46,2294,-171,-95,810,-524,-968,-76,-26,-518,-278,-366,-469,700,-189,-659,709,95,-9,214,69,69,0,0,0,0,0,0,0,0,0,0,5,26138,13048,39255,2218002,0,0,0,4443397,6673461,0,26,10,0,0,1000,1000,7341585
MPCTASK: EXP,2,48,2394,-213,-180,802,-408,-957,-127,47,-878,-247,-456,-636,700,-122,-712,705,77,48,383,69,69,0,0,0,0,0,0,0,0,0,0,5,28934,10268,39843,1745451,0,0,0,4918656,6773382,0,26,10,0,0,1000,1000,7341585
MPCTASK: EXP,2,50,2493,-236,-261,792,-230,-950,-142,35,-1117,-239,-503,-786,700,-38,-751,701,63,41,649,69,69,0,0,0,0,0,0,0,0,0,0,5,27148,11406,38625,1938920,0,0,0,4615024,6566316,0,26,10,0,0,1000,1000,7341585
MPCTASK: EXP,2,52,2594,-236,-338,781,-8,-930,-140,-50,-1281,-245,-500,-918,700,54,-772,700,53,126,1002,69,69,0,0,0,0,0,0,0,0,0,0,5,26089,11716,37876,1991655,0,0,0,4434932,6438963,0,26,10,0,0,1000,1000,7341585
MPCTASK: EXP,2,54,2691,-209,-413,764,236,-897,-159,-186,-1230,-243,-450,-1027,700,144,-777,700,32,-23,861,69,69,0,0,0,0,0,0,0,0,0,0,5,24231,10241,34551,1740878,0,0,0,4119140,5873746,0,26,10,0,0,1000,1000,7341585
MPCTASK: EXP,2,56,2802,-159,-474,742,467,-823,-155,-342,-1036,-259,-355,-1110,700,225,-756,743,11,-5,659,69,69,1,1,0,0,0,0,0,1,0,282,5,30489,12013,45804,2042141,0,0,0,5183012,7786611,0,27,10,0,0,1000,1000,7786611
MPCTASK: EXP,2,58,2900,-89,-528,726,667,-706,-88,-429,-710,-337,-227,-1167,700,287,-716,700,8,-27,313,69,69,1,1,0,0,0,0,0,1,1,0,5,28418,13471,42343,2289961,0,0,0,4831069,7198370,0,29,11,0,0,1000,1000,7786611
MPCTASK: EXP,2,60,2994,-34,-555,723,755,-583,70,-415,-288,-430,-77,-1196,700,293,-656,700,23,50,252,69,69,1,1,0,0,0,0,0,1,1,0,5,25309,10720,36102,1822397,0,0,0,4302465,6137327,0,31,13,0,0,1000,1000,7786611
MPCTASK: EXP,2,62,3091,53,-592,733,790,-466,62,-558,125,-491,79,-1195,700,294,-590,700,33,-20,249,69,69,1,1,0,0,0,0,0,1,1,0,5,24018,8549,32642,1453331,0,0,0,4082989,5549158,0,33,15,0,0,1000,1000,7786611
MPCTASK: EXP,2,64,3195,112,-608,742,719,-320,24,-777,616,-487,228,-1165,700,241,-496,700,42,-49,268,69,69,1,1,0,0,0,0,0,1,1,0,5,25150,11681,36909,1985705,0,0,0,4275432,6274502,0,35,17,0,0,1000,1000,7786611
MPCTASK: EXP,2,66,3297,180,-614,746,605,-149,-24,-905,984,-439,353,-1107,700,187,-396,700,41,-3,318,69,69,1,1,0,0,0,0,0,1,1,0,5,25966,12626,38665,2146413,0,0,0,4414152,6573181,0,37,19,0,0,1000,1000,7786611
MPCTASK: EXP,2,68,3398,215,-610,748,436,16,-43,-999,1238,-371,443,-1022,700,107,-292,759,40,64,462,69,69,1,1,0,0,0,0,0,1,0,333,5,24361,13133,39926,2232449,0,0,0,4141312,6787420,0,39,19,0,0,1000,1000,7786611
MPCTASK: EXP,2,70,3501,246,-586,743,179,260,-4,-1068,1371,-262,489,-911,700,16,-158,746,42,181,568,69,69,1,1,0,0,0,0,0,1,0,269,5,28500,11456,42317,1947432,0,0,0,4845028,7193828,0,41,19,0,0,1000,1000,7786611
MPCTASK: EXP,2,72,3595,237,-536,740,-79,485,7,-1035,1332,-169,487,-779,700,-82,-20,761,40,122,499,69,69,1,1,0,0,0,0,0,1,0,347,5,23654,11044,36909,1877283,0,0,0,4021216,6274558,0,43,19,0,0,1000,1000,7786611
MPCTASK: EXP,2,74,3699,205,-475,739,-319,679,14,-966,1193,-79,435,-627,700,-170,112,812,39,18,388,69,69,1,1,0,0,0,0,0,1,0,598,5,27932,11004,40970,1870459,0,0,0,4748372,6965010,0,45,19,0,0,1000,1000,7786611
MPCTASK: EXP,2,76,3794,147,-408,736,-528,843,38,-886,964,-44,341,-460,700,-247,234,700,36,-55,297,69,69,1,1,0,0,0,0,0,1,1,0,5,23519,12011,35705,2041884,0,0,0,3998172,6069972,0,47,20,0,0,1000,1000,7786611
MPCTASK: EXP,2,78,3899,83,-318,743,-674,992,158,-443,337,-57,212,-282,700,-269,337,774,43,237,402,69,69,1,1,0,0,0,0,0,1,0,379,5,25836,12438,39928,2114312,0,0,0,4392104,6787763,0,49,20,0,0,1000,1000,7786611
MPCTASK: EXP,2,80,3997,7,-233,757,-700,1021,122,-222,-25,-45,62,-98,700,-283,423,700,57,158,294,69,69,0,0,0,0,0,0,0,0,0,0,5,26012,12256,38339,2083544,0,0,0,4421968,6517599,0,50,20,0,0,1000,1000,7786611
MPCTASK: EXP,2,82,4094,-65,-148,775,-687,1036,179,-226,-222,-4,-94,88,700,-276,502,707,75,67,211,69,69,0,0,0,0,0,0,0,0,0,0,5,25041,10505,35620,1785747,0,0,0,4256908,6055585,0,50,20,0,0,1000,1000,7786611
MPCTASK: EXP,2,84,4201,-108,-59,793,-608,1033,42,-163,-481,50,-243,273,700,-222,571,708,93,197,311,69,69,0,0,0,0,0,0,0,0,0,0,5,26796,14076,40941,2392857,0,0,0,4555252,6960007,0,50,20,0,0,1000,1000,7786611
MPCTASK: EXP,2,86,4298,-147,15,791,-507,1019,-107,-237,-618,68,-368,451,700,-163,626,702,69,117,310,69,69,0,0,0,0,0,0,0,0,0,0,5,26848,11577,38495,1968049,0,0,0,4564165,6544115,0,50,20,0,0,1000,1000,7786611
MPCTASK: EXP,2,88,4397,-181,85,783,-378,1014,-132,-248,-844,71,-459,617,700,-93,665,700,56,96,446,69,69,0,0,0,0,0,0,0,0,0,0,5,27406,10261,37927,1744200,0,0,0,4658956,6447738,0,50,20,0,0,1000,1000,7786611
MPCTASK: EXP,2,90,4500,-190,165,771,-193,1019,-143,-181,-1038,64,-505,768,700,-1,703,700,42,101,687,69,69,0,0,0,0,0,0,0,0,0,0,5,28802,10814,39686,1838259,0,0,0,4896260,6746715,0,50,20,0,0,1000,1000,7786611
MPCTASK: EXP,2,92,4600,-181,258,757,38,1011,-127,-11,-1116,63,-502,900,700,95,733,700,32,142,791,69,69,0,0,0,0,0,0,0,0,0,0,5,25494,13943,39505,2370254,0,0,0,4333856,6716002,0,50,20,0,0,1000,1000,7786611
MPCTASK: EXP,2,94,4701,-148,331,740,256,965,-132,134,-1043,85,-451,1009,700,183,734,739,14,102,713,69,69,1,1,0,0,0,0,0,1,0,257,5,25564,13261,40549,2254263,0,0,0,4345840,6893414,0,52,20,0,0,1000,1000,7786611
MPCTASK: EXP,2,96,4798,-89,404,724,471,896,-93,329,-863,85,-356,1094,700,266,718,700,5,-22,376,69,69,1,1,0,0,0,0,0,1,1,0,5,25210,12971,38253,2204942,0,0,0,4285488,6503049,0,54,21,0,0,1000,1000,7786611
MPCTASK: EXP,2,98,4899,-39,455,717,605,787,-9,527,-645,46,-227,1151,700,304,671,700,15,-6,283,69,69,1,1,0,0,0,0,0,1,1,0,5,25990,12369,38433,2102677,0,0,0,4418108,6533649,0,56,23,0,0,1000,1000,7786611
MPCTASK: EXP,2,100,4998,48,512,719,721,633,-3,768,-292,-63,-77,1180,700,341,610,700,18,-47,304,69,69,1,1,0,0,0,0,0,1,1,0,5,24126,13335,37716,2266859,0,0,0,4101289,6411849,0,58,25,0,0,1000,1000,7786611
MPCTASK: EXP,2,102,5094,115,549,720,723,469,-13,844,155,-152,79,1179,700,319,540,700,18,-59,310,69,69,1,1,0,0,0,0,0,1,1,0,5,23247,10475,33796,1780764,0,0,0,3951776,5745316,0,60,27,0,0,1000,1000,7786611
MPCTASK: EXP,2,104,5199,190,541,724,669,252,-21,996,557,-198,228,1150,700,285,416,700,19,-68,340,69,69,1,1,0,0,0,0,0,1,1,0,5,26875,11764,38710,1999666,0,0,0,4568680,6580798,0,62,29,0,0,1000,1000,7786611
MPCTASK: EXP,2,106,5297,240,511,724,548,37,-38,949,861,-224,353,1091,700,221,292,700,17,-13,343,69,69,1,1,0,0,0,0,0,1,1,0,5,23874,11846,36019,2013682,0,0,0,4058500,6123351,0,64,31,0,0,1000,1000,7786611
MPCTASK: EXP,2,108,5402,279,517,718,362,-100,-62,888,1145,-252,444,1006,700,137,209,787,5,97,565,69,69,1,1,0,0,0,0,0,1,0,519,5,26778,10759,40243,1828932,0,0,0,4552193,6841430,0,66,32,0,0,1000,1000,7786611
MPCTASK: EXP,2,110,5500,265,563,716,87,-166,-31,912,1285,-223,489,896,700,7,173,772,9,143,630,69,69,1,1,0,0,0,0,0,1,0,443,5,25391,11502,38621,1955226,0,0,0,4316424,6565551,0,68,32,0,0,1000,1000,7786611
MPCTASK: EXP,2,112,5598,250,525,714,-174,-371,56,1099,1120,-225,487,763,700,-83,33,700,14,-59,358,69,69,1,1,0,0,0,0,0,1,1,0,5,25955,10444,36914,1775394,0,0,0,4412260,6275470,0,70,33,0,0,1000,1000,7786611
MPCTASK: EXP,2,114,5699,217,482,722,-379,-571,121,1090,931,-240,435,611,700,-165,-87,700,22,122,400,69,69,1,1,0,0,0,0,0,1,1,0,5,25803,11835,37992,2011851,0,0,0,4386448,6458825,0,72,35,0,0,1000,1000,7786611
MPCTASK: EXP,2,116,5798,161,401,725,-544,-755,15,961,807,-255,341,444,700,-236,-223,700,25,52,354,69,69,1,1,0,0,0,0,0,1,1,0,5,25428,10953,36453,1861977,0,0,0,4322564,6196994,0,74,37,0,0,1000,1000,7786611
MPCTASK: EXP,2,118,5901,106,321,723,-657,-891,-31,770,571,-254,212,266,700,-271,-335,700,17,15,315,69,69,1,1,0,0,0,0,0,1,1,0,5,26642,12121,38939,2060512,0,0,0,4528964,6619714,0,76,39,0,0,1000,1000,7786611
MPCTASK: EXP,2,120,6003,60,167,720,-720,-1073,-22,509,303,-327,62,82,700,-271,-500,700,16,-34,256,69,69,1,1,0,0,0,0,0,1,1,0,5,28940,12533,41552,2130456,0,0,0,4919664,7063978,0,78,41,0,0,1000,1000,7786611
MPCTASK: EXP,2,122,6101,-2,97,719,-735,-1071,2,85,21,-315,-94,-104,700,-257,-542,700,19,-1,196,69,69,1,1,0,0,0,0,0,1,1,0,5,28411,10858,39480,1845710,0,0,0,4829844,6711610,0,80,43,0,0,1000,1000,7786611
MPCTASK: EXP,2,124,6200,-77,3,724,-716,-1052,34,-66,-297,-308,-243,-289,700,-237,-606,700,24,5,216,69,69,1,1,0,0,0,0,0,1,1,0,5,24522,12337,36930,2097184,0,0,0,4168672,6278314,0,82,45,0,0,1000,1000,7786611
MPCTASK: EXP,2,126,6298,-138,-83,733,-629,-1016,33,-55,-676,-301,-369,-467,700,-184,-661,700,33,-6,262,69,69,1,1,0,0,0,0,0,1,1,0,5,24825,11043,35946,1877318,0,0,0,4220168,6110910,0,84,47,0,0,1000,1000,7786611
MPCTASK: EXP,2,128,6400,-187,-168,740,-488,-991,1,-27,-982,-274,-459,-633,700,-117,-709,875,40,42,355,69,69,1,1,0,0,0,0,0,1,0,918,5,25061,11449,37941,1946343,0,0,0,4260444,6450000,0,86,48,0,0,1000,1000,7786611
MPCTASK: EXP,2,130,6500,-214,-248,743,-288,-963,-13,-34,-1199,-227,-505,-784,700,-33,-742,755,40,114,497,69,69,1,1,0,0,0,0,0,1,0,313,5,24569,11120,37033,1890245,0,0,0,4176640,6295699,0,88,48,0,0,1000,1000,7786611
MPCTASK: EXP,2,132,6602,-219,-325,751,-32,-937,86,-18,-1354,-212,-502,-916,700,64,-768,700,51,230,534,69,69,0,0,0,0,0,0,0,0,0,0,5,25414,12382,37869,2104780,0,0,0,4320336,6437874,0,89,48,0,0,1000,1000,7786611
MPCTASK: EXP,2,134,6702,-198,-393,755,212,-900,18,-104,-1305,-204,-451,-1025,700,150,-769,700,55,13,430,69,69,0,0,0,0,0,0,0,0,0,0,5,27858,10041,38078,1706862,0,0,0,4735820,6473207,0,89,48,0,0,1000,1000,7786611
MPCTASK: EXP,2,136,6804,-156,-454,748,415,-838,-98,-302,-1036,-214,-356,-1110,700,212,-746,787,28,-53,424,69,69,1,1,0,0,0,0,0,1,0,482,5,28040,11364,40839,1931833,0,0,0,4766876,6942668,0,90,48,0,0,1000,1000,7786611
MPCTASK: EXP,2,138,6903,-103,-508,731,584,-736,-111,-452,-755,-255,-227,-1167,700,259,-707,700,9,28,375,69,69,1,1,0,0,0,0,0,1,1,0,5,26538,10792,37911,1834520,0,0,0,4511332,6444902,0,92,49,0,0,1000,1000,7786611
MPCTASK: EXP,2,140,7008,-32,-556,727,721,-612,36,-551,-449,-311,-77,-1196,700,294,-656,700,27,0,245,69,69,1,1,0,0,0,0,0,1,1,0,5,29512,13383,42966,2275024,0,0,0,5016944,7304430,0,94,51,0,0,1000,1000,7786611
MPCTASK: EXP,2,142,7105,34,-590,731,760,-479,19,-700,20,-310,79,-1195,700,278,-584,700,31,-3,297,69,69,1,1,0,0,0,0,0,1,1,0,5,27955,12487,40515,2122773,0,0,0,4752396,6887626,0,96,53,0,0,1000,1000,7786611
MPCTASK: EXP,2,144,7205,103,-614,736,719,-321,-8,-924,501,-242,228,-1165,700,240,-494,700,34,-65,311,69,69,1,1,0,0,0,0,0,1,1,0,5,27192,13474,40990,2290582,0,0,0,4622556,6968319,0,98,55,0,0,1000,1000,7786611
MPCTASK: EXP,2,146,7307,168,-616,740,608,-120,-23,-1043,876,-171,353,-1107,700,185,-384,870,36,-15,354,69,69,1,1,0,0,0,0,0,1,0,898,5,28448,10949,42890,1861201,0,0,0,4836127,7291316,0,100,56,0,0,1000,1000,7786611
MPCTASK: EXP,2,148,7410,219,-602,739,438,89,-29,-1061,1132,-101,444,-1022,700,116,-265,792,33,143,476,69,69,1,1,0,0,0,0,0,1,0,510,5,32590,11051,45858,1878517,0,0,0,5540149,7795859,0,102,56,0,0,1000,1000,7795859
MPCTASK: EXP,2,150,7507,242,-566,740,194,327,84,-1004,1246,-37,489,-911,700,24,-133,825,40,144,437,69,69,1,1,0,0,0,0,0,1,0,655,5,29157,10712,42933,1820929,0,0,0,4956648,7298694,0,104,56,0,0,1000,1000,7795859
MPCTASK: EXP,2,152,7605,241,-509,748,-47,527,124,-889,1225,38,487,-779,700,-64,0,798,48,155,418,69,69,1,1,0,0,0,0,0,1,0,498,5,27091,11709,40747,1990570,0,0,0,4605344,6927075,0,106,56,0,0,1000,1000,7795859
MPCTASK: EXP,2,154,7700,216,-448,755,-275,681,116,-789,1152,108,435,-627,700,-149,120,700,55,124,378,69,69,0,0,0,0,0,0,0,0,0,0,5,23836,11619,35525,1975107,0,0,0,4052064,6039226,0,106,56,0,0,1000,1000,7795859
MPCTASK: EXP,2,156,7809,157,-365,763,-474,811,15,-714,977,154,341,-460,700,-228,246,700,63,18,305,69,69,0,0,0,0,0,0,0,0,0,0,5,31231,12875,44175,2188591,0,0,0,5309256,7509904,0,106,56,0,0,1000,1000,7795859
MPCTASK: EXP,2,158,7903,108,-291,759,-600,895,-97,-624,684,194,212,-282,700,-260,346,700,39,15,289,69,69,0,0,0,0,0,0,0,0,0,0,5,25869,12607,38544,2143048,0,0,0,4397748,6552686,0,106,56,0,0,1000,1000,7795859
MPCTASK: EXP,2,160,8004,45,-201,749,-691,980,-113,-487,332,232,62,-98,700,-273,448,700,26,-16,255,69,69,1,1,0,0,0,0,0,1,1,0,5,28450,11179,39710,1900376,0,0,0,4836380,6750788,0,107,57,0,0,1000,1000,7795859
MPCTASK: EXP,2,162,8103,1,-143,738,-680,987,-84,-270,-65,246,-94,88,700,-234,495,700,21,35,248,69,69,1,1,0,0,0,0,0,1,1,0,5,26810,11682,38564,1985870,0,0,0,4557608,6555930,0,109,59,0,0,1000,1000,7795859
MPCTASK: EXP,2,164,8202,-70,-64,734,-652,998,-48,-190,-380,251,-243,273,700,-209,559,700,24,5,242,69,69,1,1,0,0,0,0,0,1,1,0,5,24988,12490,37551,2123346,0,0,0,4247756,6383718,0,111,61,0,0,1000,1000,7795859
MPCTASK: EXP,2,166,8303,-113,12,736,-538,996,-20,-164,-710,269,-368,451,700,-141,613,700,32,113,348,69,69,1,1,0,0,0,0,0,1,1,0,5,27165,11466,38704,1949264,0,0,0,4617892,6579773,0,113,63,0,0,1000,1000,7795859
MPCTASK: EXP,2,168,8402,-151,93,736,-394,998,-42,-169,-905,269,-459,617,700,-73,663,834,28,153,447,69,69,1,1,0,0,0,0,0,1,0,727,5,25097,10955,38067,1862283,0,0,0,4266324,6471474,0,115,64,0,0,1000,1000,7795859
MPCTASK: EXP,2,170,8503,-161,175,734,-204,1006,-46,-147,-1030,281,-504,768,700,15,707,776,25,195,556,69,69,1,1,0,0,0,0,0,1,0,437,5,25516,11442,38185,1944953,0,0,0,4337636,6491571,0,117,64,0,0,1000,1000,7795859
MPCTASK: EXP,2,172,8604,-147,256,736,31,1006,58,-21,-1085,275,-502,900,700,117,732,866,36,117,404,69,69,1,1,0,0,0,0,0,1,0,868,5,27207,10536,39716,1791009,0,0,0,4625018,6751749,0,119,64,0,0,1000,1000,7795859
MPCTASK: EXP,2,174,8706,-122,330,744,240,964,112,158,-988,249,-450,1009,700,195,732,853,44,112,354,69,69,1,1,0,0,0,0,0,1,0,781,5,27229,12563,42192,2135673,0,0,0,4628836,7172741,0,121,64,0,0,1000,1000,7795859
MPCTASK: EXP,2,176,8803,-67,419,759,454,916,198,374,-881,174,-356,1094,700,279,732,704,59,-24,278,69,69,0,0,0,0,0,0,0,0,0,0,5,23846,11976,37041,2035880,0,0,0,4053852,6297132,0,121,64,0,0,1000,1000,7795859
MPCTASK: EXP,2,178,8902,-2,490,775,587,820,64,626,-531,88,-227,1151,700,317,701,704,75,-30,208,69,69,0,0,0,0,0,0,0,0,0,0,5,24026,10866,36729,1847118,0,0,0,4084360,6243994,0,121,64,0,0,1000,1000,7795859
MPCTASK: EXP,2,180,9008,61,550,769,639,700,-118,757,-104,42,-77,1180,700,318,657,700,46,-12,307,69,69,0,0,0,0,0,0,0,0,0,0,5,27088,14601,42143,2482057,0,0,0,4604892,7164282,0,121,64,0,0,1000,1000,7795859
MPCTASK: EXP,2,182,9106,155,591,758,675,531,-152,967,205,4,79,1179,700,333,578,700,27,-77,440,69,69,0,0,0,0,0,0,0,0,0,0,5,25536,12450,39184,2116504,0,0,0,4340952,6661355,0,121,64,0,0,1000,1000,7795859
MPCTASK: EXP,2,184,9209,213,628,748,599,335,-125,1134,522,-46,228,1150,700,287,492,742,23,-3,600,69,69,1,1,0,0,0,0,0,1,0,264,5,26510,14019,42001,2383174,0,0,0,4506527,7140248,0,122,64,0,0,1000,1000,7795859
MPCTASK: EXP,2,186,9304,260,623,736,477,84,-112,1217,767,-100,353,1092,700,222,366,755,13,-45,586,69,69,1,1,0,0,0,0,0,1,0,343,5,22013,12691,36255,2157389,0,0,0,3742012,6163437,0,124,64,0,0,1000,1000,7795859
MPCTASK: EXP,2,188,9402,349,599,725,374,-160,-49,1130,984,-225,443,1007,700,199,239,700,16,-56,392,69,69,1,1,0,0,0,0,0,1,1,0,5,23738,10929,34739,1857864,0,0,0,4035264,5905752,0,126,65,0,0,1000,1000,7795859
MPCTASK: EXP,2,190,9502,362,540,724,134,-406,1,1101,1300,-325,488,897,700,91,84,795,24,6,471,69,69,1,1,0,0,0,0,0,1,0,539,5,22617,9624,34513,1636113,0,0,0,3844960,5867248,0,128,65,0,0,1000,1000,7795859
MPCTASK: EXP,2,192,9609,349,445,725,-136,-640,77,763,1194,-348,485,765,700,163,95,865,25,25,396,69,69,1,1,0,0,0,0,0,1,0,879,5,28951,10936,41359,1858966,0,0,0,4921656,7031127,0,130,65,0,0,1000,1000,7795859
MPCTASK: EXP,2,194,9704,351,397,734,-337,-725,172,530,1043,-393,433,614,700,-53,-156,792,34,67,396,69,69,1,1,0,0,0,0,0,1,0,479,5,24450,10044,36249,1707327,0,0,0,4156400,6162459,0,132,65,0,0,1000,1000,7795859
MPCTASK: EXP,2,196,9807,320,269,747,-483,-848,239,134,522,-432,339,447,700,-83,-305,761,47,56,290,69,69,1,1,0,0,0,0,0,1,0,294,5,24966,10941,38137,1859937,0,0,0,4244204,6483435,0,134,65,0,0,1000,1000,7795859
MPCTASK: EXP,2,198,9908,249,193,767,-599,-858,154,134,658,-383,210,268,700,-154,-390,704,67,138,297,69,69,0,0,0,0,0,0,0,0,0,0,5,25759,13652,39882,2320756,0,0,0,4378968,6779951,0,134,65,0,0,1000,1000,7795859
MPCTASK: EXP,2,200,10007,166,107,786,-719,-864,52,91,597,-284,61,83,700,-204,-477,706,86,21,207,69,69,0,0,0,0,0,0,0,0,0,0,5,24976,13330,38573,2266070,0,0,0,4245896,6557458,0,134,65,0,0,1000,1000,7795859
MPCTASK: EXP,2,202,10109,85,87,785,-786,-797,-78,224,205,-142,-93,-106,700,-213,-496,701,69,5,214,69,69,0,0,0,0,0,0,0,0,0,0,5,25672,14969,40769,2544625,0,0,0,4364261,6930788,0,134,65,0,0,1000,1000,7795859
MPCTASK: EXP,2,204,10210,13,20,776,-779,-828,-123,403,-237,-59,-239,-293,700,-191,-563,700,51,-5,237,69,69,0,0,0,0,0,0,0,0,0,0,5,29733,12147,41951,2064879,0,0,0,5054568,7131812,0,134,65,0,0,1000,1000,7795859
MPCTASK: EXP,2,206,10304,-58,-53,769,-706,-883,-115,451,-643,-14,-361,-475,700,-158,-623,700,46,-8,268,69,69,0,0,0,0,0,0,0,0,0,0,5,22654,13358,36087,2270856,0,0,0,3851048,6134873,0,134,65,0,0,1000,1000,7795859
MPCTASK: EXP,2,208,10403,-120,-127,761,-566,-935,-111,438,-992,27,-448,-646,700,-111,-665,700,38,7,441,69,69,0,0,0,0,0,0,0,0,0,0,5,24023,10755,34847,1828330,0,0,0,4083808,5924062,0,134,65,0,0,1000,1000,7795859
MPCTASK: EXP,2,210,10507,-154,-217,754,-359,-992,-104,345,-1244,49,-490,-801,700,-46,-701,700,33,45,689,69,69,0,0,0,0,0,0,0,0,0,0,5,25390,13286,38747,2258428,0,0,0,4316364,6586990,0,134,65,0,0,1000,1000,7795859
MPCTASK: EXP,2,212,10605,-164,-300,741,-122,-1006,-135,76,-1268,66,-485,-935,700,14,-699,737,14,-116,703,69,69,1,1,0,0,0,0,0,1,0,251,5,23004,11217,36761,1906865,0,0,0,3910620,6249445,0,136,65,0,0,1000,1000,7795859
MPCTASK: EXP,2,214,10709,-152,-379,727,118,-958,-96,-270,-1144,51,-435,-1044,700,70,-667,784,8,-66,513,69,69,1,1,0,0,0,0,0,1,0,497,5,29875,10106,41178,1718035,0,0,0,5078648,7000269,0,138,65,0,0,1000,1000,7795859
MPCTASK: EXP,2,216,10808,-117,-451,716,339,-848,-19,-571,-900,6,-346,-1122,699,115,-614,699,12,-68,326,69,69,1,1,0,0,0,0,0,1,1,0,5,26158,12470,38841,2119870,0,0,0,4446796,6602924,0,140,67,0,0,1000,1000,7795859
MPCTASK: EXP,2,218,10904,-51,-512,717,503,-700,5,-878,-476,-49,-229,-1165,699,147,-544,699,17,11,361,69,69,1,1,0,0,0,0,0,1,1,0,5,23981,11851,35911,2014535,0,0,0,4076744,6104839,0,142,69,0,0,1000,1000,7795859
MPCTASK: EXP,2,220,10999,-2,-550,717,539,-495,-23,-1174,50,-89,-101,-1169,699,132,-457,699,13,-95,419,69,69,1,1,0,0,0,0,0,1,1,0,5,21240,9291,30607,1579355,0,0,0,3610688,5203147,0,144,71,0,0,1000,1000,7795859
MPCTASK: EXP,2,222,11109,57,-569,715,511,-255,-41,-1316,478,-124,23,-1131,699,123,-376,797,7,-113,510,69,69,1,1,0,0,0,0,0,1,0,569,5,24960,13936,40845,2368970,0,0,0,4243180,6943790,0,146,71,0,0,1000,1000,7795859
MPCTASK: EXP,2,224,11208,93,-561,719,370,28,80,-1169,854,-158,129,-1051,699,90,-307,699,19,120,440,69,69,1,1,0,0,0,0,0,1,1,0,5,23876,14043,37992,2387311,0,0,0,4058848,6458820,0,148,73,0,0,1000,1000,7795859
MPCTASK: EXP,2,226,11312,120,-530,727,227,243,46,-932,867,-198,202,-932,700,82,-265,700,27,76,355,69,69,1,1,0,0,0,0,0,1,1,0,5,27540,14336,42056,2437121,0,0,0,4681656,7149984,0,150,75,0,0,1000,1000,7795859
MPCTASK: EXP,2,228,11408,126,-485,725,83,399,-46,-682,828,-153,236,-780,700,59,-221,700,16,-2,324,69,69,1,1,0,0,0,0,0,1,1,0,5,24978,13180,38670,2240387,0,0,0,4246188,6574082,0,152,77,0,0,1000,1000,7795859
MPCTASK: EXP,2,230,11509,125,-434,715,-47,504,-80,-374,655,-45,229,-607,700,40,-182,700,0,-43,301,69,69,1,1,0,0,0,0,0,1,1,0,5,29046,11119,40249,1890102,0,0,0,4937784,6842477,0,154,79,0,0,1000,1000,7795859
MPCTASK: EXP,2,232,11608,110,-384,703,-150,542,-71,-46,376,96,188,-428,700,18,-143,700,-10,-25,266,69,69,1,1,0,0,0,0,0,1,1,0,5,26215,11352,37639,1929686,0,0,0,4456420,6398768,0,156,81,0,0,1000,1000,7795859
MPCTASK: EXP,2,234,11706,84,-332,699,-207,524,-23,194,134,255,127,-263,700,-14,-85,700,-4,48,268,69,69,1,1,0,0,0,0,0,1,1,0,5,20993,13142,35583,2234065,0,0,0,3568808,6049262,0,158,83,0,0,1000,1000,7795859
MPCTASK: EXP,2,236,11807,66,-295,699,-210,464,3,243,-8,389,63,-130,700,-50,-5,700,0,139,355,69,69,1,1,0,0,0,0,0,1,1,0,5,24016,12651,36741,2150670,0,0,0,4082616,6245947,0,160,85,0,0,1000,1000,7795859
MPCTASK: EXP,2,238,11907,42,-261,703,-208,417,15,61,-7,461,16,-46,700,-102,106,700,3,75,262,69,69,1,1,0,0,0,0,0,1,1,0,5,23865,12507,36793,2126014,0,0,0,4056725,6254879,0,162,87,0,0,1000,1000,7795859
MPCTASK: EXP,2,240,12009,22,-239,705,-208,400,3,-254,19,460,-5,-11,700,-135,215,700,5,-10,227,69,69,1,1,0,0,0,0,0,1,1,0,5,27227,10853,38154,1844925,0,0,0,4628469,6486353,0,164,89,0,0,1000,1000,7795859
MPCTASK: EXP,2,242,12104,6,-215,708,-214,448,1,-693,86,432,-7,-7,700,-138,322,700,8,-43,287,69,69,1,1,0,0,0,0,0,1,1,0,5,21672,10891,32637,1851506,0,0,0,3684225,5548391,0,166,91,0,0,1000,1000,7795859
MPCTASK: EXP,2,244,12210,-19,-178,712,-248,570,-3,-1034,101,393,-11,0,700,-120,415,700,11,26,404,69,69,1,1,0,0,0,0,0,1,1,0,5,26893,12103,39069,2057559,0,0,0,4571608,6641934,0,168,93,0,0,1000,1000,7795859
MPCTASK: EXP,2,246,12312,-47,-122,711,-270,745,-23,-1173,-24,338,-36,45,700,-88,512,804,7,101,543,69,69,1,1,0,0,0,0,0,1,0,606,5,26459,11312,39417,1922838,0,0,0,4498069,6700984,0,170,93,0,0,1000,1000,7795859
MPCTASK: EXP,2,248,12411,-81,-49,713,-267,944,89,-1001,-281,262,-84,144,700,-45,598,700,13,-72,333,69,69,1,1,0,0,0,0,0,1,1,0,5,26724,11216,38015,1906544,0,0,0,4543052,6462689,0,172,95,0,0,1000,1000,7795859
MPCTASK: EXP,2,250,12510,-112,45,718,-209,1083,71,-583,-605,187,-140,289,700,9,665,700,18,-37,252,69,69,1,1,0,0,0,0,0,1,1,0,5,24571,12498,37142,2124639,0,0,0,4177100,6314230,0,174,97,0,0,1000,1000,7795859
MPCTASK: EXP,2,252,12608,-125,135,719,-95,1121,-20,-243,-840,169,-187,463,700,75,699,700,15,-23,321,69,69,1,1,0,0,0,0,0,1,1,0,5,25118,11007,36197,1871027,0,0,0,4270004,6153700,0,176,99,0,0,1000,1000,7795859
MPCTASK: EXP,2,254,12710,-126,229,719,57,1115,-45,26,-1001,166,-208,645,700,142,720,700,10,-2,403,69,69,1,1,0,0,0,0,0,1,1,0,5,26098,11430,37607,1943084,0,0,0,4436584,6393253,0,178,101,0,0,1000,1000,7795859
MPCTASK: EXP,2,256,12812,-112,322,721,227,1066,-43,325,-1037,155,-193,814,700,200,721,852,12,25,430,69,69,1,1,0,0,0,0,0,1,0,839,5,28434,9131,39554,1552058,0,0,0,4833684,6724320,0,180,102,0,0,1000,1000,7795859
MPCTASK: EXP,2,258,12916,-70,417,719,416,982,-31,565,-920,123,-138,957,699,258,713,699,13,-7,355,69,69,1,1,0,0,0,0,0,1,1,0,5,30154,12828,43058,2180563,0,0,0,5126110,7319953,0,182,104,0,0,1000,1000,7795859
MPCTASK: EXP,2,260,13009,-33,467,722,545,802,13,778,-659,94,-49,1063,699,274,643,699,22,21,306,69,69,1,1,0,0,0,0,0,1,1,0,5,25697,11196,36965,1903267,0,0,0,4368480,6284246,0,184,106,0,0,1000,1000,7795859
MPCTASK: EXP,2,262,13112,35,526,716,645,645,-59,895,-287,49,63,1126,699,287,586,699,4,-69,348,69,69,1,1,0,0,0,0,0,1,1,0,5,26368,12489,38933,2123077,0,0,0,4482517,6618708,0,186,108,0,0,1000,1000,7795859
MPCTASK: EXP,2,264,13214,106,573,708,671,467,-71,1041,120,0,186,1145,699,272,514,699,-5,-96,415,69,69,1,1,0,0,0,0,0,1,1,0,5,28807,12336,41216,2096952,0,0,0,4897152,7006768,0,188,110,0,0,1000,1000,7795859
MPCTASK: EXP,2,266,13312,178,610,705,625,271,-30,1172,514,-71,303,1122,699,238,428,699,0,-64,444,69,69,1,1,0,0,0,0,0,1,1,0,5,27241,12561,39883,2135271,0,0,0,4630912,6780065,0,190,112,0,0,1000,1000,7795859
MPCTASK: EXP,2,268,13411,255,571,706,527,-21,-8,1256,910,-165,398,1060,699,192,269,699,4,-122,424,69,69,1,1,0,0,0,0,0,1,1,0,5,25172,13010,38555,2211634,0,0,0,4279104,6554493,0,192,114,0,0,1000,1000,7795859
MPCTASK: EXP,2,270,13513,283,550,705,312,-232,-36,1124,1292,-227,459,964,700,93,155,795,-1,74,587,69,69,1,1,0,0,0,0,0,1,0,574,5,27621,11716,41037,1991690,0,0,0,4695440,6976316,0,194,115,0,0,1000,1000,7795859
MPCTASK: EXP,2,272,13614,287,507,702,50,-435,-27,1062,1345,-247,476,839,700,-5,27,788,-3,72,616,69,69,1,1,0,0,0,0,0,1,0,542,5,26010,12327,40125,2095546,0,0,0,4421624,6821318,0,196,115,0,0,1000,1000,7795859
MPCTASK: EXP,2,274,13712,308,414,698,-173,-679,37,962,1220,-321,447,691,700,-59,-141,700,-1,45,470,69,69,1,1,0,0,0,0,0,1,1,0,5,28944,9441,38458,1604866,0,0,0,4920488,6538024,0,198,116,0,0,1000,1000,8013731
MPCTASK: EXP,2,276,13807,260,320,703,-432,-852,125,574,1065,-324,373,525,700,-155,-269,700,3,45,389,69,69,1,1,0,0,0,0,0,1,1,0,5,23910,9766,33750,1660226,0,0,0,4064536,5737543,0,200,118,0,0,1000,1000,8013731
MPCTASK: EXP,2,278,13910,185,239,706,-635,-916,48,365,891,-293,261,346,700,-236,-367,700,6,33,353,69,69,1,1,0,0,0,0,0,1,1,0,5,24738,10985,35800,1867287,0,0,0,4205428,6086022,0,202,120,0,0,1000,1000,8013731
MPCTASK: EXP,2,280,14018,120,169,710,-755,-932,22,284,598,-226,121,160,700,-269,-443,700,10,22,289,69,69,1,1,0,0,0,0,0,1,1,0,5,28947,14561,43580,2475264,0,0,0,4920880,7408801,0,204,122,0,0,1000,1000,8013731
MPCTASK: EXP,2,282,14115,22,90,711,-852,-949,6,209,203,-134,-32,-29,700,-298,-520,700,11,-17,217,69,69,1,1,0,0,0,0,0,1,1,0,5,26950,13839,40864,2352684,0,0,0,4581276,6946950,0,206,124,0,0,1000,1000,8013731
MPCTASK: EXP,2,284,14212,-53,22,717,-832,-947,28,268,-316,-79,-184,-217,700,-269,-585,700,17,-25,214,69,69,1,1,0,0,0,0,0,1,1,0,5,25684,11516,37892,1957720,0,0,0,4366136,6441633,0,208,126,0,0,1000,1000,8013731
MPCTASK: EXP,2,286,14314,-132,-50,727,-747,-962,38,294,-745,-59,-320,-399,700,-227,-645,700,27,-24,273,69,69,1,1,0,0,0,0,0,1,1,0,5,27053,12333,39461,2096676,0,0,0,4599088,6708424,0,210,128,0,0,1000,1000,8013731
MPCTASK: EXP,2,288,14411,-189,-124,738,-588,-975,24,295,-1094,-68,-425,-571,700,-157,-696,843,38,35,374,69,69,1,1,0,0,0,0,0,1,0,757,5,23596,11041,36515,1876959,0,0,0,4011268,6207639,0,212,129,0,0,1000,1000,8013731
MPCTASK: EXP,2,290,14518,-233,-205,740,-384,-993,-9,209,-1295,-57,-490,-728,700,-81,-738,752,38,42,494,69,69,1,1,0,0,0,0,0,1,0,305,5,27944,14470,43899,2459766,0,0,0,4750388,7462945,0,214,129,0,0,1000,1000,8013731
MPCTASK: EXP,2,292,14615,-245,-279,742,-117,-988,20,117,-1449,-95,-507,-868,700,21,-765,739,42,98,566,69,69,1,1,0,0,0,0,0,1,0,229,5,27654,11006,40906,1870976,0,0,0,4701168,6954069,0,216,129,0,0,1000,1000,8013731
MPCTASK: EXP,2,294,14716,-234,-361,740,144,-976,-18,-38,-1374,-157,-475,-986,700,107,-782,746,36,-24,523,69,69,1,1,0,0,0,0,0,1,0,276,5,26228,12354,41289,2100001,0,0,0,4458796,7019108,0,218,129,0,0,1000,1000,8013731
MPCTASK: EXP,2,296,14810,-195,-432,737,384,-923,-27,-250,-1152,-256,-398,-1080,700,187,-772,809,31,-47,406,69,69,1,1,0,0,0,0,0,1,0,595,5,24015,9691,35712,1647350,0,0,0,4082464,6071209,0,220,129,0,0,1000,1000,8013731
MPCTASK: EXP,2,298,14910,-133,-497,733,593,-839,18,-413,-832,-371,-282,-1148,700,253,-747,700,33,-50,287,69,69,1,1,0,0,0,0,0,1,1,0,5,24147,11815,36036,2008410,0,0,0,4104864,6126162,0,222,131,0,0,1000,1000,8013731
MPCTASK: EXP,2,300,15013,-61,-542,733,728,-718,16,-524,-466,-519,-138,-1188,700,290,-696,700,33,-30,231,69,69,1,1,0,0,0,0,0,1,1,0,5,25886,12627,38890,2146476,0,0,0,4400500,6611452,0,224,133,0,0,1000,1000,8013731
MPCTASK: EXP,2,302,15112,9,-584,732,773,-588,-30,-700,-5,-571,17,-1199,700,285,-629,700,26,-26,297,69,69,1,1,0,0,0,0,0,1,1,0,5,25259,10669,36000,1813588,0,0,0,4293980,6120070,0,226,135,0,0,1000,1000,8013731
MPCTASK: EXP,2,304,15216,78,-612,733,739,-421,-39,-875,449,-547,170,-1181,700,251,-541,700,25,-47,332,69,69,1,1,0,0,0,0,0,1,1,0,5,23874,15653,40169,2660897,0,0,0,4058480,6828842,0,228,137,0,0,1000,1000,8013731
MPCTASK: EXP,2,306,15317,132,-625,733,626,-225,-42,-1009,839,-469,307,-1134,700,134,-494,877,25,-13,376,69,69,1,1,0,0,0,0,0,1,0,958,5,26380,11913,40514,2025172,0,0,0,4484563,6887471,0,230,138,0,0,1000,1000,8013731
MPCTASK: EXP,2,308,15413,176,-624,733,458,-11,-22,-1033,1084,-379,412,-1059,700,110,-331,700,29,-53,347,69,69,1,1,0,0,0,0,0,1,1,0,5,24567,11201,35842,1904141,0,0,0,4176405,6093203,0,232,139,0,0,1000,1000,8013731
MPCTASK: EXP,2,310,15520,188,-597,740,221,219,72,-998,1155,-317,477,-958,700,13,-202,878,40,176,434,69,69,1,1,0,0,0,0,0,1,0,923,5,25217,13678,41348,2325128,0,0,0,4286873,7029147,0,234,140,0,0,1000,1000,8013731
MPCTASK: EXP,2,312,15620,183,-556,741,17,406,-9,-1017,1188,-203,494,-834,700,-78,-72,779,40,148,473,69,69,1,1,0,0,0,0,0,1,0,438,5,25984,13479,41113,2291409,0,0,0,4417120,6989303,0,236,140,0,0,1000,1000,8013731
MPCTASK: EXP,2,314,15716,148,-501,740,-233,616,50,-985,1121,-89,461,-690,700,-112,-7,856,40,37,356,69,69,1,1,0,0,0,0,0,1,0,813,5,22997,12691,38165,2157232,0,0,0,3909432,6488121,0,238,140,0,0,1000,1000,8013731
MPCTASK: EXP,2,316,15821,92,-428,746,-450,801,110,-889,869,9,383,-529,700,-191,121,856,46,-42,277,69,69,1,1,0,0,0,0,0,1,0,796,5,28356,11382,41536,1934787,0,0,0,4820469,7061220,0,240,140,0,0,1000,1000,8013731
MPCTASK: EXP,2,318,15917,29,-348,758,-586,932,216,-419,236,67,267,-355,700,-289,287,704,58,248,392,69,69,0,0,0,0,0,0,0,0,0,0,5,24243,12015,36897,2042451,0,0,0,4121240,6272598,0,240,140,0,0,1000,1000,8013731
MPCTASK: EXP,2,320,16018,-31,-257,774,-593,970,106,-217,-118,136,124,-172,700,-295,384,705,74,169,286,69,69,0,0,0,0,0,0,0,0,0,0,5,24017,14142,38228,2404056,0,0,0,4082752,6498917,0,240,140,0,0,1000,1000,8013731
MPCTASK: EXP,2,322,16118,-82,-176,781,-570,982,-48,-348,-93,220,-32,14,700,-287,472,701,71,220,359,69,69,0,0,0,0,0,0,0,0,0,0,5,25812,12755,39006,2168266,0,0,0,4387996,6631141,0,240,140,0,0,1000,1000,8013731
MPCTASK: EXP,2,324,16219,-135,-89,776,-544,1017,-103,-306,-277,250,-186,200,700,-256,550,700,55,61,237,69,69,0,0,0,0,0,0,0,0,0,0,5,26411,11618,38226,1974995,0,0,0,4489666,6498531,0,240,140,0,0,1000,1000,8013731
MPCTASK: EXP,2,326,16319,-179,-16,770,-466,1019,-105,-193,-604,252,-322,381,700,-196,600,700,49,55,284,69,69,0,0,0,0,0,0,0,0,0,0,5,27201,10683,37961,1816113,0,0,0,4624124,6453469,0,240,140,0,0,1000,1000,8013731
MPCTASK: EXP,2,328,16418,-212,70,766,-338,1027,-100,-135,-844,251,-427,552,700,-123,657,700,46,153,462,69,69,0,0,0,0,0,0,0,0,0,0,5,26928,10483,37480,1782139,0,0,0,4577560,6371628,0,240,140,0,0,1000,1000,8013731
MPCTASK: EXP,2,330,16515,-219,150,754,-160,1022,-137,-102,-998,253,-492,710,700,-31,697,700,27,190,812,69,69,0,0,0,0,0,0,0,0,0,0,5,23921,11127,35117,1891398,0,0,0,4066528,5969991,0,240,140,0,0,1000,1000,8013731
MPCTASK: EXP,2,332,16620,-213,230,740,34,1011,-135,-26,-1040,259,-509,850,700,57,726,730,13,166,838,69,69,1,1,0,0,0,0,0,1,0,213,5,26463,11940,39734,2029743,0,0,0,4498620,6754750,0,242,140,0,0,1000,1000,8013731
MPCTASK: EXP,2,334,16724,-175,314,726,252,990,-101,125,-967,273,-477,968,700,154,741,829,6,-28,438,69,69,1,1,0,0,0,0,0,1,0,725,5,30082,11322,43727,1924636,0,0,0,5113996,7433642,0,244,140,0,0,1000,1000,8013731
MPCTASK: EXP,2,336,16821,-129,382,717,434,916,-34,306,-745,300,-398,1063,700,224,725,700,10,59,350,69,69,1,1,0,0,0,0,0,1,1,0,5,27673,12145,39890,2064519,0,0,0,4704292,6781476,0,246,142,0,0,1000,1000,8013731
MPCTASK: EXP,2,338,16927,-60,452,713,580,832,-12,455,-474,325,-282,1132,700,281,704,700,11,-34,254,69,69,1,1,0,0,0,0,0,1,1,0,5,30445,14819,45336,2519130,0,0,0,5175604,7707230,0,248,144,0,0,1000,1000,8013731
MPCTASK: EXP,2,340,17020,8,514,712,649,721,-34,625,-174,312,-139,1172,700,304,663,700,5,4,297,69,69,1,1,0,0,0,0,0,1,1,0,5,25442,11819,37345,2009134,0,0,0,4325129,6348879,0,250,146,0,0,1000,1000,8013731
MPCTASK: EXP,2,342,17117,66,558,712,651,570,-26,791,107,239,17,1183,700,289,595,700,6,-9,327,69,69,1,1,0,0,0,0,0,1,1,0,5,22348,11792,34212,2004552,0,0,0,3799149,5816198,0,252,148,0,0,1000,1000,8013731
MPCTASK: EXP,2,344,17220,136,632,713,625,451,-15,1046,370,99,171,1165,700,268,547,700,10,-72,380,69,69,1,1,0,0,0,0,0,1,1,0,5,27915,10078,38068,1713222,0,0,0,4745496,6471641,0,254,150,0,0,1000,1000,8013731
MPCTASK: EXP,2,346,17321,209,634,717,565,207,-22,1257,608,-28,307,1118,700,239,424,836,12,-97,446,69,69,1,1,0,0,0,0,0,1,0,759,5,25638,11946,39010,2030824,0,0,0,4358340,6631802,0,256,150,0,0,1000,1000,8013731
MPCTASK: EXP,2,348,17420,235,557,716,388,-146,29,1171,900,-138,412,1043,700,145,233,700,16,-94,367,69,69,1,1,0,0,0,0,0,1,1,0,5,25001,11958,37296,2032873,0,0,0,4250120,6340278,0,258,151,0,0,1000,1000,8013731
MPCTASK: EXP,2,350,17522,238,523,722,160,-362,131,927,987,-228,477,943,700,39,113,700,22,151,407,69,69,1,1,0,0,0,0,0,1,1,0,5,26969,11721,38762,1992413,0,0,0,4584664,6589733,0,260,153,0,0,1000,1000,8013731
MPCTASK: EXP,2,352,17622,255,480,728,4,-496,28,818,1056,-294,494,818,700,-27,5,700,28,52,382,69,69,1,1,0,0,0,0,0,1,1,0,5,27890,11105,39067,1887609,0,0,0,4741308,6641410,0,262,155,0,0,1000,1000,8013731
MPCTASK: EXP,2,354,17723,236,427,727,-196,-610,-58,752,1242,-310,462,674,700,-120,-100,752,15,138,662,69,69,1,1,0,0,0,0,0,1,0,330,5,26932,10939,39638,1859499,0,0,0,4578344,6738562,0,264,155,0,0,1000,1000,8013731
MPCTASK: EXP,2,356,17823,175,339,723,-464,-764,-8,701,1110,-264,383,513,700,-225,-243,700,21,-37,389,69,69,1,1,0,0,0,0,0,1,1,0,5,25329,13054,38840,2219201,0,0,0,4305803,6602904,0,266,156,0,0,1000,1000,8013731
MPCTASK: EXP,2,358,17922,93,256,721,-679,-887,35,609,711,-175,267,339,700,-301,-362,700,21,-50,271,69,69,1,1,0,0,0,0,0,1,1,0,5,28505,10119,38697,1720030,0,0,0,4845860,6578548,0,268,158,0,0,1000,1000,8013731
MPCTASK: EXP,2,360,18024,7,189,720,-785,-945,-11,500,321,-47,123,156,700,-339,-446,700,17,-32,251,69,69,1,1,0,0,0,0,0,1,1,0,5,26812,12995,40263,2209072,0,0,0,4557972,6844711,0,270,160,0,0,1000,1000,8013731
MPCTASK: EXP,2,362,18123,-59,131,719,-789,-967,-12,397,-105,58,-32,-30,700,-323,-506,700,16,3,248,69,69,1,1,0,0,0,0,0,1,1,0,5,28358,11009,39445,1871529,0,0,0,4820800,6705703,0,272,162,0,0,1000,1000,8013731
MPCTASK: EXP,2,364,18222,-135,44,725,-741,-1011,20,328,-457,99,-186,-216,700,-297,-587,700,25,40,261,69,69,1,1,0,0,0,0,0,1,1,0,5,26741,11765,38592,1999952,0,0,0,4545964,6560678,0,274,164,0,0,1000,1000,8013731
MPCTASK: EXP,2,366,18323,-184,-38,732,-614,-1027,13,249,-764,110,-322,-397,700,-229,-649,700,32,71,324,69,69,1,1,0,0,0,0,0,1,1,0,5,28012,11574,39658,1967453,0,0,0,4761916,6742021,0,276,166,0,0,1000,1000,8013731
MPCTASK: EXP,2,368,18423,-223,-119,735,-455,-1027,-28,194,-947,123,-427,-568,700,-157,-698,827,29,162,460,69,69,1,1,0,0,0,0,0,1,0,690,5,25673,12374,40184,2103438,0,0,0,4364280,6831349,0,278,167,0,0,1000,1000,8013731
MPCTASK: EXP,2,370,18524,-243,-200,734,-261,-1020,-39,158,-1095,127,-492,-726,700,-69,-740,768,26,183,568,69,69,1,1,0,0,0,0,0,1,0,396,5,28529,10422,40563,1771652,0,0,0,4849928,6895875,0,280,167,0,0,1000,1000,8013731
MPCTASK: EXP,2,372,18625,-244,-290,736,-22,-1024,48,107,-1225,64,-509,-866,700,32,-781,802,36,146,472,69,69,1,1,0,0,0,0,0,1,0,548,5,26657,12008,40208,2041335,0,0,0,4531612,6835470,0,282,167,0,0,1000,1000,8013731
MPCTASK: EXP,2,374,18726,-221,-362,741,214,-988,70,-50,-1158,-68,-477,-984,700,122,-785,825,41,24,366,69,69,1,1,0,0,0,0,0,1,0,656,5,26723,11733,41678,1994596,0,0,0,4542848,7085282,0,284,167,0,0,1000,1000,8013731
MPCTASK: EXP,2,376,18827,-184,-441,747,418,-943,98,-231,-980,-254,-398,-1079,700,149,-832,841,47,20,306,69,69,1,1,0,0,0,0,0,1,0,723,5,28531,11564,42744,1965755,0,0,0,4850136,7266643,0,286,167,0,0,1000,1000,8013731
MPCTASK: EXP,2,378,18921,-130,-500,761,583,-855,167,-302,-664,-474,-282,-1147,700,241,-763,703,61,-31,233,69,69,0,0,0,0,0,0,0,0,0,0,5,25745,10982,36798,1867000,0,0,0,4376621,6255729,0,286,167,0,0,1000,1000,8013731
MPCTASK: EXP,2,380,19022,-63,-555,776,678,-771,106,-447,-352,-681,-139,-1188,700,269,-722,705,76,-22,172,69,69,0,0,0,0,0,0,0,0,0,0,5,25224,11562,37035,1965491,0,0,0,4288061,6296024,0,286,167,0,0,1000,1000,8013731
MPCTASK: EXP,2,382,19124,-7,-596,781,691,-645,-30,-770,116,-729,17,-1199,700,244,-646,702,75,15,287,69,69,0,0,0,0,0,0,0,0,0,0,5,26883,12627,39578,2146630,0,0,0,4569928,6728495,0,286,167,0,0,1000,1000,8013731
MPCTASK: EXP,2,384,19219,55,-634,780,652,-474,-100,-1041,534,-659,171,-1181,700,209,-562,700,60,-36,403,69,69,0,0,0,0,0,0,0,0,0,0,5,23836,10737,34641,1825155,0,0,0,4051992,5889078,0,286,167,0,0,1000,1000,8013731
MPCTASK: EXP,2,386,19323,97,-648,773,542,-254,-138,-1104,750,-570,307,-1134,700,148,-459,700,45,53,663,69,69,0,0,0,0,0,0,0,0,0,0,5,25785,11447,37312,1945895,0,0,0,4383348,6343087,0,286,167,0,0,1000,1000,8013731
MPCTASK: EXP,2,388,19423,140,-647,757,414,-30,-166,-1123,901,-434,412,-1059,700,86,-346,700,24,28,793,69,69,0,0,0,0,0,0,0,0,0,0,5,25173,11645,36893,1979460,0,0,0,4279376,6271915,0,286,167,0,0,1000,1000,8013731
MPCTASK: EXP,2,390,19523,157,-627,737,236,197,-169,-1131,1021,-272,477,-958,700,3,-221,730,3,61,873,69,69,1,1,0,0,0,0,0,1,0,224,5,22619,11102,36976,1887267,0,0,0,3845116,6285917,0,288,167,0,0,1000,1000,8013731
MPCTASK: EXP,2,392,19626,155,-581,720,30,435,-124,-1086,1042,-96,494,-834,700,-79,-88,775,-4,31,593,69,69,1,1,0,0,0,0,0,1,0,468,5,25905,10168,39557,1728437,0,0,0,4403780,6724919,0,290,167,0,0,1000,1000,8013731
MPCTASK: EXP,2,394,19724,129,-528,711,-187,634,-37,-952,958,53,462,-690,700,-173,43,700,4,0,373,69,69,1,1,0,0,0,0,0,1,1,0,5,25346,11285,37404,1918332,0,0,0,4308720,6358700,0,292,169,0,0,1000,1000,8013731
MPCTASK: EXP,2,396,19826,79,-452,709,-375,798,-7,-792,742,146,383,-529,700,-248,169,700,8,14,325,69,69,1,1,0,0,0,0,0,1,1,0,5,26439,12077,38588,2052886,0,0,0,4494672,6560052,0,294,171,0,0,1000,1000,8013731
MPCTASK: EXP,2,398,19921,40,-377,704,-484,904,-39,-660,574,217,267,-355,700,-284,277,700,-2,120,389,69,69,1,1,0,0,0,0,0,1,1,0,5,23444,10035,33552,1705905,0,0,0,3985449,5703850,0,296,173,0,0,1000,1000,8013731
MPCTASK: EXP,2,400,20028,-18,-290,703,-578,991,-14,-474,326,213,123,-172,700,-303,377,700,0,-37,263,69,69,1,1,0,0,0,0,0,1,1,0,5,28317,12522,40912,2128638,0,0,0,4813857,6955002,0,298,175,0,0,1000,1000,8013731
MPCTASK: EXP,2,402,20124,-76,-209,705,-602,1022,24,-226,-68,178,-32,14,700,-289,448,700,5,23,236,69,69,1,1,0,0,0,0,0,1,1,0,5,23198,12553,35832,2133769,0,0,0,3943684,6091487,0,300,177,0,0,1000,1000,8013731
MPCTASK: EXP,2,404,20227,-135,-124,711,-571,1023,26,-115,-321,193,-186,200,700,-260,516,700,11,57,268,69,69,1,1,0,0,0,0,0,1,1,0,5,27976,10053,38102,1708883,0,0,0,4755888,6477274,0,302,179,0,0,1000,1000,8013731
MPCTASK: EXP,2,406,20322,-170,-49,715,-474,1002,2,-101,-565,234,-322,381,700,-194,567,700,15,116,346,69,69,1,1,0,0,0,0,0,1,1,0,5,21257,11865,33198,2017077,0,0,0,3613713,5643612,0,304,181,0,0,1000,1000,8013731
MPCTASK: EXP,2,408,20427,-201,29,718,-353,993,-22,-136,-763,281,-427,552,700,-124,619,700,14,122,391,69,69,1,1,0,0,0,0,0,1,1,0,5,25440,13428,38940,2282624,0,0,0,4324764,6619886,0,306,183,0,0,1000,1000,8013731
MPCTASK: EXP,2,410,20527,-212,105,716,-192,989,-57,-170,-924,327,-492,710,700,-23,646,825,4,186,548,69,69,1,1,0,0,0,0,0,1,0,710,5,24222,11937,38591,2029292,0,0,0,4117548,6560561,0,308,184,0,0,1000,1000,8013731
MPCTASK: EXP,2,412,20633,-206,189,708,-4,1002,-62,-109,-975,358,-509,850,700,68,680,829,-3,129,534,69,69,1,1,0,0,0,0,0,1,0,747,5,29913,11770,44629,2000895,0,0,0,5085052,7587070,0,310,184,0,0,1000,1000,8013731
MPCTASK: EXP,2,414,20729,-185,255,710,210,968,94,81,-994,369,-476,968,700,139,697,700,10,132,418,69,69,1,1,0,0,0,0,0,1,1,0,5,23208,16262,39543,2764480,0,0,0,3945201,6722410,0,312,186,0,0,1000,1000,8013731
MPCTASK: EXP,2,416,20827,-143,329,720,394,921,84,245,-851,337,-398,1063,700,210,694,700,20,43,324,69,69,1,1,0,0,0,0,0,1,1,0,5,24742,12232,37222,2079437,0,0,0,4206008,6327690,0,314,188,0,0,1000,1000,8013731
MPCTASK: EXP,2,418,20927,-88,391,723,522,838,-25,390,-593,331,-282,1131,700,254,666,700,18,66,314,69,69,1,1,0,0,0,0,0,1,1,0,5,26360,10290,36840,1749227,0,0,0,4481132,6262780,0,316,190,0,0,1000,1000,8013731
MPCTASK: EXP,2,420,21031,-31,442,714,603,723,-93,573,-294,342,-138,1172,700,269,616,700,-4,30,317,69,69,1,1,0,0,0,0,0,1,1,0,5,29139,11073,40881,1882216,0,0,0,4953608,6949783,0,318,192,0,0,1000,1000,8013731
MPCTASK: EXP,2,422,21132,41,490,703,647,570,-88,673,0,350,17,1183,700,277,555,700,-14,42,371,69,69,1,1,0,0,0,0,0,1,1,0,5,30072,10808,41121,1837359,0,0,0,5112040,6990679,0,320,194,0,0,1000,1000,8013731
MPCTASK: EXP,2,424,21232,96,520,699,616,413,-40,764,292,298,170,1165,700,242,478,700,-8,25,361,69,69,1,1,0,0,0,0,0,1,1,0,5,27780,14097,41951,2396439,0,0,0,4722600,7131686,0,322,196,0,0,1000,1000,8013731
MPCTASK: EXP,2,426,21330,144,539,699,549,264,-15,850,545,206,306,1118,700,192,395,700,-3,-13,350,69,69,1,1,0,0,0,0,0,1,1,0,5,26656,12096,38976,2056165,0,0,0,4531500,6626010,0,324,198,0,0,1000,1000,8013731
MPCTASK: EXP,2,428,21429,180,555,703,416,104,-1,953,829,63,412,1044,700,117,305,700,3,-5,364,69,69,1,1,0,0,0,0,0,1,1,0,5,27830,10718,38623,1821983,0,0,0,4731064,6566078,0,326,200,0,0,1000,1000,8013731
MPCTASK: EXP,2,430,21530,200,561,708,243,-58,-10,1077,1009,-69,476,944,700,34,208,700,5,74,438,69,69,1,1,0,0,0,0,0,1,1,0,5,28159,11308,39539,1922283,0,0,0,4786912,6721687,0,328,202,0,0,1000,1000,8013731
MPCTASK: EXP,2,432,21628,174,559,704,1,-225,-51,1139,1138,-137,492,820,700,-86,111,806,-5,193,638,69,69,1,1,0,0,0,0,0,1,0,632,5,26091,10775,38083,1831672,0,0,0,4435328,6474167,0,330,202,0,0,1000,1000,8013731
MPCTASK: EXP,2,434,21729,142,526,694,-244,-447,19,1052,775,-129,460,676,700,-166,-16,700,-5,-71,369,69,69,1,1,0,0,0,0,0,1,1,0,5,25166,11368,36868,1932460,0,0,0,4278212,6267682,0,332,204,0,0,1000,1000,8013731
MPCTASK: EXP,2,436,21831,158,469,699,-307,-649,54,1193,601,-190,381,515,700,-161,-156,700,0,192,548,69,69,1,1,0,0,0,0,0,1,1,0,5,26552,11605,38229,1972726,0,0,0,4513705,6499092,0,334,206,0,0,1000,1000,8013731
MPCTASK: EXP,2,438,21932,105,392,704,-439,-844,13,1060,657,-175,265,341,700,-223,-284,700,4,-74,362,69,69,1,1,0,0,0,0,0,1,1,0,5,28169,11525,39766,1959141,0,0,0,4788536,6760330,0,336,208,0,0,1000,1000,8013731
MPCTASK: EXP,2,440,22026,42,283,702,-564,-1019,-13,689,504,-91,122,158,700,-262,-413,700,0,-49,301,69,69,1,1,0,0,0,0,0,1,1,0,5,24364,9255,34066,1573375,0,0,0,4141677,5791209,0,338,210,0,0,1000,1000,8013731
MPCTASK: EXP,2,442,22131,-19,187,697,-634,-1092,-7,287,214,-26,-31,-30,700,-267,-495,700,-4,-26,240,69,69,1,1,0,0,0,0,0,1,1,0,5,26643,10974,37700,1865441,0,0,0,4529228,6409076,0,340,212,0,0,1000,1000,8013731
MPCTASK: EXP,2,444,22232,-85,80,698,-642,-1118,30,76,-178,-4,-183,-219,700,-249,-575,700,-1,0,218,69,69,1,1,0,0,0,0,0,1,1,0,5,28670,9169,38118,1558587,0,0,0,4873791,6480220,0,342,214,0,0,1000,1000,8013731
MPCTASK: EXP,2,446,22330,-138,-9,709,-572,-1089,61,-12,-513,-9,-316,-403,700,-206,-623,700,9,51,285,69,69,1,1,0,0,0,0,0,1,1,0,5,25398,11589,37060,1969995,0,0,0,4317669,6300329,0,344,216,0,0,1000,1000,8013731
MPCTASK: EXP,2,448,22435,-183,-103,718,-456,-1062,31,-1,-775,-21,-418,-579,700,-155,-667,700,18,91,351,69,69,1,1,0,0,0,0,0,1,1,0,5,28363,12382,40820,2104827,0,0,0,4821576,6939352,0,346,218,0,0,1000,1000,8013731
MPCTASK: EXP,2,450,22530,-210,-188,725,-303,-1033,-2,2,-959,-68,-479,-741,700,-96,-688,700,25,137,434,69,69,1,1,0,0,0,0,0,1,1,0,5,25213,9300,34994,1580851,0,0,0,4286240,5949047,0,348,220,0,0,1000,1000,8013731
MPCTASK: EXP,2,452,22636,-222,-283,729,-127,-1018,-40,-116,-1063,-129,-493,-884,700,-40,-702,792,21,131,508,69,69,1,1,0,0,0,0,0,1,0,523,5,26036,13049,41958,2218383,0,0,0,4425944,7132973,0,350,220,0,0,1000,1000,8013731
MPCTASK: EXP,2,454,22734,-216,-357,726,83,-945,23,-317,-1050,-205,-460,-1004,700,-10,-699,882,26,130,437,69,69,1,1,0,0,0,0,0,1,0,987,5,26909,10793,39537,1834673,0,0,0,4574492,6721367,0,352,220,0,0,1000,1000,8013731
MPCTASK: EXP,2,456,22832,-195,-422,730,273,-858,123,-446,-937,-281,-385,-1095,699,-36,-723,899,30,9,312,69,69,1,1,0,0,0,0,0,1,0,1071,5,24617,11381,37904,1934754,0,0,0,4184665,6443874,0,354,221,0,0,1000,1000,8013731
MPCTASK: EXP,2,458,22932,-147,-485,743,447,-729,139,-584,-522,-331,-278,-1153,699,75,-578,774,43,225,406,69,69,1,1,0,0,0,0,0,1,0,384,5,22979,12757,37256,2168586,0,0,0,3906364,6333609,0,356,221,0,0,1000,1000,8013731
MPCTASK: EXP,2,460,23031,-88,-535,760,521,-586,190,-860,-79,-340,-153,-1172,699,86,-506,704,60,-44,265,69,69,0,0,0,0,0,0,0,0,0,0,5,25033,11479,36582,1951282,0,0,0,4255544,6219045,0,356,221,0,0,1000,1000,8013731
MPCTASK: EXP,2,462,23133,-34,-566,776,517,-414,50,-1152,336,-306,-24,-1151,699,73,-428,704,76,-68,317,69,69,0,0,0,0,0,0,0,0,0,0,5,26168,12554,38792,2134028,0,0,0,4448528,6594657,0,356,221,0,0,1000,1000,8013731
MPCTASK: EXP,2,464,23232,16,-580,780,465,-222,-86,-1413,729,-194,90,-1088,699,70,-377,700,62,-143,549,69,69,0,0,0,0,0,0,0,0,0,0,5,26423,11622,38121,1975580,0,0,0,4491844,6480759,0,356,221,0,0,1000,1000,8013731
MPCTASK: EXP,2,466,23330,51,-582,770,332,24,-161,-1431,902,-106,177,-984,699,48,-313,699,38,-67,995,69,69,0,0,0,0,0,0,0,0,0,0,5,24685,11029,35785,1874801,0,0,0,4196334,6083541,0,356,221,0,0,1000,1000,8013731
MPCTASK: EXP,2,468,23429,75,-547,752,184,283,-188,-1140,816,-54,227,-844,700,37,-247,700,14,-124,654,69,69,0,0,0,0,0,0,0,0,0,0,5,23650,10251,33980,1742548,0,0,0,4020480,5776798,0,356,221,0,0,1000,1000,8013731
MPCTASK: EXP,2,470,23539,78,-502,725,37,471,-187,-748,647,4,236,-678,700,25,-208,700,-12,-50,408,69,69,1,1,0,0,0,0,0,1,1,0,5,30087,14374,44534,2443501,0,0,0,5114748,7570985,0,358,222,0,0,1000,1000,8013731
MPCTASK: EXP,2,472,23632,51,-431,707,-102,607,-51,-287,381,55,208,-499,700,3,-167,700,-2,48,318,69,69,1,1,0,0,0,0,0,1,1,0,5,25314,11996,37388,2039189,0,0,0,4303352,6355966,0,360,224,0,0,1000,1000,8013731
MPCTASK: EXP,2,474,23731,32,-372,700,-153,618,2,154,42,124,153,-326,700,2,-150,700,0,-12,216,69,69,1,1,0,0,0,0,0,1,1,0,5,26196,10454,36722,1777141,0,0,0,4453224,6242824,0,362,226,0,0,1000,1000,8013731
MPCTASK: EXP,2,476,23831,14,-315,703,-147,565,26,406,-126,190,88,-178,700,-5,-122,700,3,121,342,69,69,1,1,0,0,0,0,0,1,1,0,5,25381,11585,37039,1969477,0,0,0,4314797,6296572,0,364,228,0,0,1000,1000,8013731
MPCTASK: EXP,2,478,23931,5,-279,711,-109,466,29,469,-206,236,32,-73,700,-14,-100,700,11,199,426,69,69,1,1,0,0,0,0,0,1,1,0,5,25075,11386,36530,1935486,0,0,0,4262696,6210250,0,366,230,0,0,1000,1000,8013731
MPCTASK: EXP,2,480,24033,-2,-244,716,-72,381,11,387,-163,267,0,-20,700,-26,-79,700,16,159,365,69,69,1,1,0,0,0,0,0,1,1,0,5,25808,11810,37827,2007610,0,0,0,4387236,6430636,0,368,232,0,0,1000,1000,8013731
MPCTASK: EXP,2,482,24137,3,-221,713,-32,311,-39,254,-73,282,-7,-8,700,-4,-93,700,5,134,339,69,69,1,1,0,0,0,0,0,1,1,0,5,28041,14524,42820,2469102,0,0,0,4766872,7279475,0,370,234,0,0,1000,1000,8013731
MPCTASK: TRAJ DONE: idx=482, max=482; requesting landing
MPCTASK: LANDING: start z=0.71, hold=(0.0,-0.21)
MPCTASK: TIMING SUMMARY: max_step_cycles=8013731 deadline_cycles=8400000 overruns=0
MPCTASK: POSTHOC SUMMARY: active=371 infeasible=235
MPCTASK: LANDING COMPLETE: t=38200 ms, x=-0.015, y=-0.205, z=-0.005, vz=-0.097; motors off
