---
SYS: Crazyflie 2.1 Brushless is up and running!
SYS: Build 2:de14ff9f08ae (2025.09.1 +2) MODIFIED
SYS: I am 0x373930393434471500370039 and I have 1024KB of flash!
CFGBLK: v1, verification [OK]
DECK_DISCOVERY: Backend found: onewire
DECK_DISCOVERY: Backend found: deckctrl
DECK_CORE: 1 deck(s) found
DECK_CORE: Calling INIT on driver bcFlow2 for deck 0
ZR2: Z-down sensor [OK]
PMW: Motion chip id: 0x49:0xB6
IMU: BMI088: Using I2C interface.
IMU: BMI088 Gyro connection [OK].
IMU: BMI088 Accel connection [OK]
IMU: BMP390 I2C connection [OK]
ESTIMATOR: Using Kalman (2) estimator
CONTROLLER: Using PID (1) controller
MTR-DRV: Using brushless motor driver
SYS: About to run tests in system.c.
SYS: NRF51 version: 2026.04 (C21B)
EEPROM: I2C connection [OK].
STORAGE: Storage check [OK].
IMU: BMI088 gyro self-test [OK]
DECK_CORE: Deck 0 test [OK].
SYS: Self test passed!
STAB: Wait for sensor calibration...
SYS: Free heap: 15048 bytes
MPCTASK: Waiting for activation ...
STAB: Starting stabilizer loop
STAB: WARNING: stabilizer loop rate is off (1004)
MPCTASK: Benchmark mode 3, maneuver 4, max_iter 5, task_pri 0
MPCTASK: Reference altitude: 0.70 m; barrier skip when z>0.75 and vz>-0.20
ms
MPCTASK: Common baseline: mpc_hz=20 model_hz=20 rho=5 base_w=0 base_qz=1 Qz=100 R=4 bridge=x10 guards=z[ref,ref+0.20] xy=free cap=0.05
MPCTASK: MPC->PID: xyz=x10, z_guard=[ref,ref+0.20], yaw=raw_rz, output_hold=200ms, safety_hold=500ms
MPCTASK: Reference origin: xyz=measured_at_forced_timed_start target_z=0.70 m
MPCTASK: LIMO adaptive: cache=16x4 evals=1 timing=bar/rl/cache_cycles
MPCTASK: EXP every=2: m,s,tms,p3[mm],v3[mmps],att3[cdeg],ref3[mm],cmd3[mm],h/raw/grad/mar/thr[milli],act/ac/bind,wi/qi/cache/noa,pa/pf/du[milli],it,mpc/eval/total[us],bar/tanh/rl/cache/solve/step[cycles],overruns,post_active/post_infeasible_totals,wreq/w/qzreq/qz[milli],max_step_cycles
MPCTASK: Figure8: source=traj_fig8_12.h source_hz=100 samples=1205 laps=2 duration=24.07 s origin=forced_timed_start start_delay=2000ms z_baseline=measured_at_start
CONTROLLER: Using OutOfTree (6) controller
MPCTASK: Trajectory origin: x=0.0 y=0.02 z=0.02
MPCTASK: OOT activated at z=0.02
SUP: Ready to fly
MPCTASK: TAKEOFF START: trigger_z=0.15 start_z=0.02 target=0.70 hold=(0.0,0.04) ramp=0.15m/s
MPCTASK: OOT loop 1 done
MPCTASK: MPC task loop 1
MMPCTASK: OOT loop 2 done
MPCTASK: OOT loop 3 done
PCTASK: x0: pos=(0.0,0.04,0.02) vel=(0.0,-0.0,0.0)
MPCTASK: ref: (0.0,0.04,0.02)
MPCTASK: SAFE TV mode=3: h=0.0 raw=0.0 grad=0.0 margin=0.0 thr=0.0 active0=0 active_count=0 eval=12477 us
MPCTASK: MPC solve start
MPCTASK: MPC solve done, iter=5
MPCTASK: MPC time=25104 us
MPCTASK: MPC stack free=896 words
MPCTASK: setpoint: x=0.0 y=0.04 z=0.08 preview_z=0.08
MPCTASK: MPC task loop 2
MPCTASK: MPC task loop 3
MPCTASK: Cache level changed: 0 -> 1
MPCTASK: TAKEOFF COMPLETE: t=2000ms z=0.16 vz=0.26; trajectory queued origin=(0.01,0.02,0.16)
MPCTASK: TRAJ START: z=0.16 origin=(0.01,0.02,0.16) EXP clock reset; Z metric begins at t+3s
MPCTASK: EXP,3,2,83,8,50,183,-132,443,281,1167,-468,-476,16,23,164,-31,327,164,-516,-316,2418,71,300,1,3,3,15,3,1,1,0,0,0,5,22395,8222,32149,1397780,0,2186,25159,3807157,5465394,0,0,0,989,1000,1399,1400,6535528
MPCTASK: EXP,3,4,182,-6,87,204,-102,287,76,648,-330,-404,5,42,164,0,341,165,-495,-13,2022,70,300,1,3,3,15,3,1,1,0,0,0,5,21321,7897,31202,1342443,0,1946,124110,3624497,5304409,0,0,0,987,1000,1399,1400,6535528
MPCTASK: EXP,3,6,287,-9,99,193,-69,217,-142,-264,109,-291,-29,109,165,25,368,165,-534,-224,1975,71,300,1,3,3,15,3,1,1,0,0,0,5,29400,7463,37245,1268625,0,1790,40798,4997849,6331707,0,0,0,984,1000,1399,1400,6535528
MPCTASK: EXP,3,8,388,-13,105,187,-71,244,-116,-628,44,-198,-82,228,165,62,372,165,-535,-292,2409,71,300,1,3,3,15,3,1,1,0,0,0,5,25022,11825,37781,2010075,0,1790,94531,4253590,6422859,0,0,0,985,1000,1399,1400,6535528
MPCTASK: EXP,3,10,484,-28,110,176,-91,285,-113,-702,-96,-110,-137,387,165,69,370,165,-546,-341,2420,71,300,1,3,3,15,3,1,1,0,0,0,5,23115,10106,33974,1718060,0,1792,74682,3929557,5775539,0,0,0,987,1000,1399,1400,6535528
MPCTASK: EXP,3,12,586,-27,141,165,-20,401,-82,-694,-392,-121,-175,567,165,121,411,165,-550,-333,2395,72,300,1,3,3,15,3,1,1,0,0,0,5,24056,10481,35371,1781579,0,1942,56283,4089409,6013147,0,0,0,990,1000,1399,1400,6535528
MPCTASK: EXP,3,14,685,-24,178,157,64,483,-53,-463,-493,-93,-182,746,164,149,427,164,-553,-287,2333,72,300,1,3,3,15,3,1,1,0,0,0,5,21936,12354,34901,2099986,0,1790,45225,3729029,5933286,0,0,0,993,1000,1399,1400,6535528
MPCTASK: EXP,3,16,784,-5,233,148,184,559,-44,-255,-551,-85,-151,906,164,186,461,164,-560,-307,2354,72,300,1,3,3,15,3,1,1,0,0,0,5,21799,9627,33912,1636547,0,164386,98196,3705780,5765200,0,0,0,995,1000,1399,1400,6535528
MPCTASK: EXP,3,18,888,17,283,147,270,554,-7,97,-361,2,-82,1035,164,187,451,164,-554,-261,1965,72,300,1,3,3,15,3,1,1,0,0,0,5,26703,10086,37541,1714448,0,1967,71015,4539381,6382019,0,0,0,996,1000,1399,1400,6535528
MPCTASK: EXP,3,20,987,35,338,153,284,527,40,286,-161,27,17,1124,164,153,448,164,-546,-283,2233,72,300,1,3,3,15,3,1,1,0,0,0,5,23113,12582,35965,2138919,0,1793,23252,3929071,6114121,0,0,0,996,1000,1399,1400,6535528
MPCTASK: EXP,3,22,1084,63,378,159,296,428,34,527,26,50,136,1170,164,132,407,164,-540,-269,1974,72,300,1,3,3,15,3,1,1,0,0,0,5,24296,8584,34246,1459246,0,2660,207935,4130253,5821939,0,0,0,997,1000,1399,1400,6535528
MPCTASK: EXP,3,24,1185,92,413,162,278,320,23,632,255,10,258,1172,164,95,369,164,-537,-332,2302,72,300,1,3,3,15,3,1,1,0,0,0,5,21868,12023,34164,2043726,0,1794,23259,3717573,5807919,0,0,0,997,1000,1399,1400,6535528
MPCTASK: EXP,3,26,1285,119,430,167,219,173,28,778,496,-95,368,1133,164,53,299,164,-532,-319,2358,72,300,1,3,3,15,3,1,1,0,0,0,5,25062,7558,33590,1284807,0,1793,84315,4260509,5710311,0,0,0,997,1000,1399,1400,6535528
MPCTASK: EXP,3,28,1387,133,434,170,103,15,27,858,715,-205,451,1056,164,-11,222,164,-529,-288,2366,72,300,1,3,3,15,3,1,1,0,0,0,5,23025,11815,35112,2008400,0,1790,23099,3914138,5969098,0,0,0,997,1000,1399,1400,6535528
MPCTASK: EXP,3,30,1486,124,422,173,-62,-154,12,890,777,-244,495,948,164,-89,131,164,-526,-267,2284,71,300,1,3,3,15,3,1,1,0,0,0,5,23394,10967,34808,1864230,0,1790,23099,3976865,5917429,0,0,0,997,1000,1399,1400,6535528
MPCTASK: EXP,3,32,1581,92,406,174,-236,-290,0,852,792,-220,494,814,164,-174,56,164,-525,-260,2226,71,300,1,3,3,15,3,1,1,0,0,0,5,22731,6939,29947,1179527,0,1965,23948,3864309,5091209,0,0,0,996,1000,1399,1400,6535528
MPCTASK: EXP,3,34,1684,60,371,170,-373,-431,-25,871,731,-202,447,658,164,-231,-37,164,-534,-287,2460,72,300,1,3,3,15,3,1,1,0,0,0,5,22304,9387,32631,1595676,0,1790,24663,3791601,5547399,0,0,0,996,1000,1399,1400,6535528
MPCTASK: EXP,3,36,1786,13,313,171,-501,-593,12,766,467,-232,356,486,164,-268,-143,164,-528,-382,2290,72,300,1,3,3,15,3,1,1,0,0,0,5,23040,9907,33954,1684211,0,1947,72624,3916769,5772241,0,0,0,995,1000,1399,1400,6535528
MPCTASK: EXP,3,38,1886,-38,241,175,-566,-730,40,603,147,-324,231,303,164,-280,-245,164,-524,-338,2252,71,300,1,3,3,15,3,1,1,0,0,0,5,23835,10788,34892,1833664,0,1792,23245,4051817,5931773,0,0,0,994,1000,1399,1400,6535528
MPCTASK: EXP,3,40,1986,-83,174,180,-540,-785,63,368,-104,-416,84,115,164,-257,-306,164,-519,-264,2063,71,300,1,3,3,15,3,1,1,0,0,0,5,22356,11834,34916,2011725,0,37166,65079,3800005,5935816,0,0,0,992,1000,1399,1400,6535528
MPCTASK: EXP,3,42,2085,-126,82,182,-509,-893,63,244,-270,-565,-70,-74,164,-230,-411,164,-517,-274,2180,71,300,1,3,3,15,3,1,1,0,0,0,5,23639,9874,34409,1678468,0,42522,24616,4018693,5849674,0,0,0,990,1000,1399,1400,6535528
MPCTASK: EXP,3,44,2191,-168,-11,194,-405,-914,76,79,-631,-782,-217,-260,164,-172,-484,164,-505,-269,2076,71,300,1,3,3,15,3,1,1,0,0,0,5,24586,12418,39095,2111106,0,1791,196152,4179441,6646137,0,0,0,991,1000,1399,1400,6646137
MPCTASK: EXP,3,46,2283,-181,-91,200,-235,-896,15,-110,-748,-987,-342,-438,164,-90,-525,164,-499,-258,2255,70,300,1,3,3,15,3,1,1,0,0,0,5,21904,7232,31372,1229379,0,1790,219978,3723573,5333378,0,0,0,992,1000,1399,1400,6646137
MPCTASK: EXP,3,48,2388,-189,-149,203,-88,-802,16,-270,-764,-1196,-432,-605,164,-25,-518,164,-496,-233,2117,70,300,1,3,3,15,3,1,1,0,0,0,5,22821,13854,37154,2355199,0,1791,23104,3879537,6316352,0,0,0,993,1000,1399,1400,6646137
MPCTASK: EXP,3,50,2487,-187,-227,207,54,-801,13,-356,-807,-1166,-479,-755,164,37,-559,164,-492,-359,2286,70,300,1,3,3,15,3,1,1,0,0,0,5,23659,11782,35944,2002752,0,1790,62662,4022013,6110584,0,0,0,994,1000,1399,1400,6646137
MPCTASK: EXP,3,52,2585,-178,-278,207,198,-645,19,-705,-655,-1144,-476,-887,164,81,-503,164,-492,-277,2300,70,300,1,3,3,15,3,1,1,0,0,0,5,20260,12027,33100,2044584,0,1790,54655,3443990,5627094,0,0,0,995,1000,1399,1400,6646137
MPCTASK: EXP,3,54,2686,-150,-343,207,324,-551,-9,-777,-558,-930,-425,-996,164,127,-496,164,-494,-274,2318,70,300,1,3,3,15,3,1,1,0,0,0,5,22615,11511,34786,1956751,0,1964,23919,3844437,5913685,0,0,0,996,1000,1399,1400,6646137
MPCTASK: EXP,3,56,2787,-116,-383,206,421,-402,-16,-846,-388,-805,-331,-1080,164,151,-452,164,-496,-322,2326,70,300,1,3,3,15,3,1,1,0,0,0,5,24005,11121,35664,1890545,0,1790,69024,4080709,6062958,0,0,0,997,1000,1399,1400,6646137
MPCTASK: EXP,3,58,2883,-75,-404,204,489,-256,-15,-780,-215,-729,-203,-1136,164,166,-402,164,-499,-318,2310,70,300,1,3,3,15,3,1,1,0,0,0,5,21540,10022,32189,1703607,0,1791,84927,3661593,5472327,0,0,0,997,1000,1399,1400,6646137
MPCTASK: EXP,3,60,2983,-36,-410,202,489,-90,-12,-672,51,-680,-53,-1165,164,144,-332,164,-499,-261,2306,70,300,1,3,3,15,3,1,1,0,0,0,5,21975,9164,31980,1557812,0,1966,119653,3735685,5436689,0,0,0,997,1000,1399,1400,6646137
MPCTASK: EXP,3,62,3085,-23,-421,202,396,-4,-5,-538,256,-706,103,-1164,164,72,-297,164,-498,-223,1921,70,300,1,3,3,15,3,1,1,0,0,0,5,23267,9975,33509,1695681,0,1790,23099,3955373,5696522,0,0,0,997,1000,1399,1400,6646137
MPCTASK: EXP,3,64,3184,0,-417,203,325,92,5,-530,381,-688,252,-1134,164,25,-235,164,-496,-234,1980,70,300,1,3,3,15,3,1,1,0,0,0,5,21263,11254,32904,1913030,0,2123,42062,3614509,5593885,0,0,0,997,1000,1399,1400,6646137
MPCTASK: EXP,3,66,3283,28,-397,202,269,199,-14,-513,577,-609,377,-1076,164,-14,-158,164,-500,-245,2113,70,300,1,3,3,15,3,1,1,0,0,0,5,23851,7299,32261,1240618,0,2695,165675,4054461,5484506,0,0,0,997,1000,1399,1400,6646137
MPCTASK: EXP,3,68,3390,48,-374,203,142,294,-12,-494,814,-535,467,-991,164,-77,-83,164,-499,-274,2352,70,300,1,3,3,15,3,1,1,0,0,0,5,26946,11054,38865,1879102,0,1893,123957,4580633,6607014,0,0,0,997,1000,1399,1400,6646137
MPCTASK: EXP,3,70,3485,46,-337,202,-21,400,-25,-494,931,-465,513,-880,164,-151,3,164,-502,-258,2440,70,300,1,3,3,15,3,1,1,0,0,0,5,23300,10047,34160,1707906,0,1790,115856,3960909,5807429,0,0,0,997,1000,1399,1400,6646137
MPCTASK: EXP,3,72,3588,28,-290,199,-192,500,-29,-453,875,-391,511,-748,164,-218,91,164,-506,-272,2409,70,300,1,3,3,15,3,1,1,0,0,0,5,23568,11325,36559,1925152,0,1790,154872,4006570,6215111,0,0,0,997,1000,1399,1400,6646137
MPCTASK: EXP,3,74,3687,-2,-243,196,-337,575,-25,-413,742,-324,459,-596,164,-269,168,164,-509,-284,2342,71,300,1,3,3,15,3,1,1,0,0,0,5,24590,9252,35007,1572788,0,1791,133773,4180149,5951295,0,0,0,997,1000,1399,1400,6646137
MPCTASK: EXP,3,76,3787,-47,-201,198,-445,597,6,-353,476,-286,365,-429,164,-299,217,164,-501,-271,2237,71,300,1,3,3,15,3,1,1,0,0,0,5,23338,11617,35774,1974850,0,1790,115007,3967305,6081579,0,0,0,996,1000,1399,1400,6646137
MPCTASK: EXP,3,78,3886,-99,-142,199,-513,653,-3,-381,257,-157,236,-251,164,-320,296,164,-501,-239,2067,70,300,1,3,3,15,3,1,1,0,0,0,5,24267,8979,34690,1526217,0,1790,140126,4125321,5897328,0,0,0,994,1000,1399,1400,6646137
MPCTASK: EXP,3,80,3986,-148,-79,202,-525,701,7,-339,-16,-16,86,-67,164,-309,362,164,-497,-257,2199,70,300,1,3,3,15,3,1,1,0,0,0,5,22400,11002,34538,1870298,0,1790,96954,3807909,5871547,0,0,0,992,1000,1399,1400,6646137
MPCTASK: EXP,3,82,4086,-191,-24,205,-472,699,22,-221,-272,105,-70,119,164,-275,402,164,-494,-186,1545,70,300,1,3,3,15,3,1,1,0,0,0,5,24219,9882,34576,1679948,0,1791,57198,4117077,5878026,0,0,0,989,1000,1399,1400,6646137
MPCTASK: EXP,3,84,4184,-225,33,205,-379,699,-5,-195,-511,204,-219,304,164,-220,445,164,-495,-235,2022,70,300,1,3,3,15,3,1,1,0,0,0,5,18690,13418,32659,2280961,0,2095,70186,3177189,5552050,0,0,0,989,1000,1399,1400,6908162
MPCTASK: EXP,3,86,4286,-240,105,200,-229,741,-22,-184,-667,245,-344,482,164,-145,512,164,-503,-216,1982,70,300,1,3,3,15,3,1,1,0,0,0,5,24724,9905,35133,1683732,0,1790,23099,4203029,5972766,0,0,0,990,1000,1399,1400,6908162
MPCTASK: EXP,3,88,4387,-248,171,194,-82,745,-32,-70,-754,263,-435,648,164,-76,548,164,-511,-277,2368,71,300,1,3,3,15,3,1,1,0,0,0,5,23017,12566,36118,2136016,0,1791,67841,3912765,6140142,0,0,0,992,1000,1399,1400,6908162
MPCTASK: EXP,3,90,4487,-249,223,197,57,685,-1,107,-827,255,-480,799,164,-15,542,164,-503,-244,2286,71,300,1,3,3,15,3,1,1,0,0,0,5,23507,9593,33897,1630706,0,1959,42278,3996166,5762637,0,0,0,994,1000,1399,1400,6908162
MPCTASK: EXP,3,92,4592,-236,281,197,203,643,2,158,-827,188,-478,931,164,43,554,164,-502,-239,2238,71,300,1,3,3,15,3,1,1,0,0,0,5,23742,14468,39884,2459528,0,1790,173472,4036021,6780309,0,0,0,995,1000,1399,1400,6908162
MPCTASK: EXP,3,94,4689,-219,327,196,319,567,-7,260,-761,177,-426,1040,164,79,538,164,-504,-229,2109,71,300,1,3,3,15,3,1,1,0,0,0,5,25771,10082,36817,1713824,0,1790,140720,4381097,6259073,0,0,0,996,1000,1399,1400,6908162
MPCTASK: EXP,3,96,4785,-177,378,196,454,513,-10,304,-638,132,-332,1125,164,128,536,164,-505,-270,2307,71,300,1,3,3,15,3,1,1,0,0,0,5,22293,10580,33431,1798494,0,1790,72682,3789821,5683393,0,0,0,997,1000,1399,1400,6908162
MPCTASK: EXP,3,98,4891,-126,418,195,549,431,-15,407,-347,119,-203,1182,164,145,507,164,-507,-293,2200,71,300,1,3,3,15,3,1,1,0,0,0,5,28346,8643,37787,1469186,0,1953,38760,4818738,6423811,0,0,0,997,1000,1399,1400,6908162
MPCTASK: EXP,3,100,4985,-70,456,190,585,349,-28,566,-91,66,-53,1211,164,155,471,164,-515,-304,2268,71,300,1,3,3,15,3,1,1,0,0,0,5,22551,9130,32503,1551990,0,1996,41387,3833730,5525699,0,0,0,997,1000,1399,1400,6908162
MPCTASK: EXP,3,102,5084,-27,481,189,543,224,-7,714,187,33,103,1210,164,121,415,164,-511,-279,2341,71,300,1,3,3,15,3,1,1,0,0,0,5,24731,6230,31927,1058942,0,2186,100895,4204177,5427765,0,0,0,997,1000,1399,1400,6908162
MPCTASK: EXP,3,104,5187,9,498,189,456,104,-12,737,442,35,252,1180,164,71,362,164,-513,-244,2162,71,300,1,3,3,15,3,1,1,0,0,0,5,21868,12082,34882,2053843,0,1790,111739,3717601,5930020,0,0,0,997,1000,1399,1400,6908162
MPCTASK: EXP,3,106,5286,53,511,187,377,0,0,799,562,-31,378,1122,164,45,309,164,-513,-281,2372,71,300,1,3,3,15,3,1,1,0,0,0,5,23882,8447,33015,1435983,0,1791,84943,4059913,5612603,0,0,0,997,1000,1399,1400,6908162
MPCTASK: EXP,3,108,5390,75,508,187,244,-130,4,835,698,-136,468,1037,164,-11,237,164,-512,-282,2378,71,300,1,3,3,15,3,1,1,0,0,0,5,25983,10415,37740,1770588,0,1790,122183,4416913,6415831,0,0,0,997,1000,1399,1400,6908162
MPCTASK: EXP,3,110,5492,73,494,184,72,-262,-22,930,772,-259,514,926,164,-87,152,164,-519,-318,2419,71,300,1,3,3,15,3,1,1,0,0,0,5,26402,12323,39832,2094840,0,1790,165802,4488377,6771632,0,0,0,997,1000,1399,1400,6908162
MPCTASK: EXP,3,112,5585,72,454,178,-71,-440,-15,932,652,-398,511,794,164,-125,40,164,-524,-285,2456,71,300,1,3,3,15,3,1,1,0,0,0,5,21151,10537,32599,1791161,0,81821,24045,3595625,5541775,0,0,0,996,1000,1399,1400,6908162
MPCTASK: EXP,3,114,5685,82,384,182,-156,-635,22,849,632,-563,460,642,164,-132,-90,164,-517,-369,2307,71,300,1,3,3,15,3,1,1,0,0,0,5,23238,9585,33389,1629402,0,1790,23099,3950331,5676291,0,0,0,996,1000,1399,1400,6908162
MPCTASK: EXP,3,116,5785,56,326,188,-277,-714,18,568,632,-563,365,475,164,-172,-157,164,-511,-216,1761,71,300,1,3,3,15,3,1,1,0,0,0,5,21761,9490,32313,1613292,0,2839,137449,3699214,5493277,0,0,0,995,1000,1399,1400,6908162
MPCTASK: EXP,3,118,5885,27,238,189,-376,-822,0,446,456,-567,236,297,164,-183,-263,164,-510,-284,2245,71,300,1,3,3,15,3,1,1,0,0,0,5,23532,8943,32741,1520343,0,1790,23105,4000318,5565957,0,0,0,993,1000,1399,1400,6908162
MPCTASK: EXP,3,120,5985,-21,152,186,-472,-882,-7,243,314,-530,86,113,164,-207,-342,164,-515,-288,2191,71,300,1,3,3,15,3,1,1,0,0,0,5,20544,11723,32818,1992879,0,1790,23099,3492413,5579138,0,0,0,991,1000,1399,1400,6908162
MPCTASK: EXP,3,122,6088,-76,79,190,-503,-852,26,-12,-69,-474,-70,-73,164,-198,-378,164,-509,-235,2151,71,300,1,3,3,15,3,1,1,0,0,0,5,25899,9124,35555,1550984,0,1790,68379,4402805,6044402,0,0,0,990,1000,1399,1400,6908162
MPCTASK: EXP,3,124,6192,-126,-2,190,-467,-844,11,-4,-405,-488,-219,-258,164,-172,-444,164,-509,-270,2227,71,300,1,3,3,15,3,1,1,0,0,0,5,27718,10587,39201,1799519,0,1999,98796,4711852,6664302,0,0,0,991,1000,1399,1400,6908162
MPCTASK: EXP,3,126,6291,-164,-103,194,-361,-879,18,-202,-685,-489,-344,-436,164,-120,-514,164,-505,-342,2257,71,300,1,3,3,15,3,1,1,0,0,0,5,28453,9213,38681,1566227,0,69144,82009,4836982,6575834,0,0,0,992,1000,1399,1400,6908162
MPCTASK: EXP,3,128,6388,-166,-158,196,-149,-741,16,-402,-818,-423,-435,-602,164,-22,-491,164,-503,-251,2264,71,300,1,3,3,15,3,1,1,0,0,0,5,21843,12273,35141,2086275,0,1792,50895,3713169,5974026,0,0,0,994,1000,1399,1400,6908162
MPCTASK: EXP,3,130,6488,-172,-213,196,-8,-635,-11,-418,-763,-290,-480,-753,164,23,-483,164,-505,-292,2345,71,300,1,3,3,15,3,1,1,0,0,0,5,24306,10232,35550,1739338,0,1997,66525,4131937,6043452,0,0,0,995,1000,1399,1400,6908162
MPCTASK: EXP,3,132,6588,-171,-264,195,102,-539,-33,-502,-689,-119,-478,-885,164,54,-468,164,-511,-268,2347,71,300,1,3,3,15,3,1,1,0,0,0,5,23681,11446,36056,1945775,0,2091,134274,4025717,6129559,0,0,0,996,1000,1399,1400,6908162
MPCTASK: EXP,3,134,6687,-162,-308,194,198,-430,-19,-579,-631,-3,-426,-994,164,76,-441,164,-508,-215,1888,71,300,1,3,3,15,3,1,1,0,0,0,5,24887,9526,34966,1619269,0,1790,70674,4230717,5944422,0,0,0,996,1000,1399,1400,6908162
MPCTASK: EXP,3,136,6790,-151,-344,192,263,-324,-25,-550,-588,-32,-332,-1079,164,82,-415,164,-513,-216,1879,71,300,1,3,3,15,3,1,1,0,0,0,5,23763,12535,37092,2130696,0,1791,111316,4039694,6305679,0,0,0,996,1000,1399,1400,6908162
MPCTASK: EXP,3,138,6886,-141,-362,192,303,-206,-2,-471,-507,-191,-203,-1136,164,68,-373,164,-507,-231,1911,71,300,1,3,3,15,3,1,1,0,0,0,5,22408,10864,33539,1846856,0,1790,23099,3809277,5701566,0,0,0,997,1000,1399,1400,6908162
MPCTASK: EXP,3,140,6986,-113,-368,194,369,-103,8,-367,-390,-324,-53,-1165,164,72,-327,164,-505,-237,1968,71,300,1,3,3,15,3,1,1,0,0,0,5,23119,9848,33851,1673997,0,1790,23099,3930213,5754823,0,0,0,997,1000,1399,1400,6908162
MPCTASK: EXP,3,142,7091,-73,-363,191,429,-14,-9,-293,-160,-419,103,-1164,164,71,-272,164,-510,-229,2009,71,300,1,3,3,15,3,1,1,0,0,0,5,27307,10759,38482,1828982,0,1790,23940,4642222,6542038,0,0,0,997,1000,1399,1400,7220192
MPCTASK: EXP,3,144,7186,-37,-354,189,416,58,-4,-295,138,-496,252,-1135,164,41,-214,164,-511,-227,1941,71,300,1,3,3,15,3,1,1,0,0,0,5,21597,10669,33233,1813693,0,25378,65421,3671377,5649629,0,0,0,997,1000,1399,1400,7220192
MPCTASK: EXP,3,146,7283,-2,-338,190,363,135,11,-271,378,-524,378,-1076,164,6,-150,164,-509,-225,1841,71,300,1,3,3,15,3,1,1,0,0,0,5,21502,8414,30992,1430178,0,1790,24247,3655213,5268793,0,0,0,998,1000,1399,1400,7220192
MPCTASK: EXP,3,148,7388,19,-321,194,257,193,16,-317,601,-515,468,-991,164,-46,-87,164,-505,-269,2199,71,300,1,3,3,15,3,1,1,0,0,0,5,24375,10062,35283,1710440,0,1957,65397,4143741,5998339,0,0,0,998,1000,1399,1400,7220192
MPCTASK: EXP,3,150,7486,34,-302,194,130,254,-23,-443,787,-460,514,-881,164,-99,-18,164,-509,-268,2372,71,300,1,3,3,15,3,1,1,0,0,0,5,21966,11234,34210,1909646,0,2098,88211,3734265,5815802,0,0,0,997,1000,1399,1400,7220192
MPCTASK: EXP,3,152,7587,37,-275,189,-11,337,-53,-526,864,-382,511,-748,164,-148,56,164,-520,-271,2464,71,300,1,3,3,15,3,1,1,0,0,0,5,21805,11248,34085,1912067,0,1790,128831,3706813,5794571,0,0,0,997,1000,1399,1400,7220192
MPCTASK: EXP,3,154,7684,15,-240,189,-190,433,-28,-586,824,-277,460,-596,164,-210,138,164,-516,-327,2358,71,300,1,3,3,15,3,1,1,0,0,0,5,20968,9666,31212,1643068,0,1790,23099,3564490,5306089,0,0,0,996,1000,1399,1400,7220192
MPCTASK: EXP,3,156,7789,-5,-191,187,-298,544,-28,-629,627,-104,365,-429,164,-227,228,164,-518,-286,2315,71,300,1,3,3,15,3,1,1,0,0,0,5,25860,10100,36770,1716898,0,1790,67927,4396182,6251029,0,0,0,995,1000,1399,1400,7220192
MPCTASK: EXP,3,158,7885,-32,-130,186,-370,651,-29,-559,400,84,236,-251,164,-226,318,164,-519,-301,2274,71,300,1,3,3,15,3,1,1,0,0,0,5,24335,8094,32945,1375839,0,1790,64218,4136867,5600881,0,0,0,993,1000,1399,1400,7220192
MPCTASK: EXP,3,160,7990,-62,-82,186,-389,663,-1,-351,182,190,86,-67,164,-206,347,164,-513,-278,2208,71,300,1,3,3,15,3,1,1,0,0,0,5,22711,12991,36946,2208403,0,1790,122349,3860789,6280833,0,0,0,989,1000,1399,1400,7220192
MPCTASK: EXP,3,162,8086,-91,-29,185,-363,668,-10,-283,-106,278,-70,119,164,-166,391,164,-517,-212,1764,71,300,1,3,3,15,3,1,1,0,0,0,5,23843,8775,32886,1491594,0,1791,23256,4053317,5590772,0,0,0,986,1000,1399,1400,7220192
MPCTASK: EXP,3,164,8188,-100,29,186,-253,681,-2,-250,-289,348,-219,304,164,-89,437,164,-514,-209,1718,71,300,1,3,3,15,3,1,1,0,0,0,5,22921,11264,34895,1914765,0,1790,98341,3896417,5932125,0,0,0,987,1000,1399,1400,7220192
MPCTASK: EXP,3,166,8291,-114,91,183,-169,695,-8,-167,-433,341,-344,482,164,-35,482,164,-518,-203,1616,71,300,1,3,3,15,3,1,1,0,0,0,5,26692,10589,37800,1800191,0,1790,65575,4537489,6426032,0,0,0,989,1000,1399,1400,7220192
MPCTASK: EXP,3,168,8389,-109,141,183,-38,661,-2,-81,-490,335,-434,648,164,35,494,164,-517,-211,1685,71,300,1,3,3,15,3,1,1,0,0,0,5,23150,10489,34955,1783054,0,1790,138164,3935427,5942461,0,0,0,992,1000,1399,1400,7220192
MPCTASK: EXP,3,170,8494,-112,202,182,34,655,-7,-30,-548,289,-480,799,164,71,525,164,-519,-238,1945,71,300,1,3,3,15,3,1,1,0,0,0,5,26548,12963,40091,2203725,0,1790,47168,4513094,6815616,0,0,0,994,1000,1399,1400,7220192
MPCTASK: EXP,3,172,8585,-110,254,181,120,611,-2,119,-673,272,-478,931,164,110,523,164,-518,-277,2308,71,300,1,3,3,15,3,1,1,0,0,0,5,23089,8299,32142,1410670,0,1997,104874,3924977,5464245,0,0,0,995,1000,1399,1400,7220192
MPCTASK: EXP,3,174,8687,-73,312,178,298,580,-23,220,-678,215,-426,1040,164,190,533,164,-526,-297,2345,71,300,1,3,3,15,3,1,1,0,0,0,5,23778,9486,33710,1612585,0,1790,49944,4042202,5730802,0,0,0,996,1000,1399,1400,7220192
MPCTASK: EXP,3,176,8786,-33,356,177,414,494,-14,363,-430,228,-332,1125,164,221,505,164,-525,-259,2133,71,300,1,3,3,15,3,1,1,0,0,0,5,20873,10354,32019,1760146,0,1790,97524,3548321,5443210,0,0,0,997,1000,1399,1400,7220192
MPCTASK: EXP,3,178,8890,13,396,177,482,410,-2,432,-208,194,-203,1182,164,236,480,164,-522,-268,2198,71,300,1,3,3,15,3,1,1,0,0,0,5,26885,8660,36254,1472141,0,1999,66766,4570246,6163238,0,0,0,997,1000,1399,1400,7220192
MPCTASK: EXP,3,180,8993,66,430,177,510,320,-4,486,37,123,-53,1211,164,232,448,164,-523,-331,2221,71,300,1,3,3,15,3,1,1,0,0,0,5,26799,12213,39755,2076146,0,1790,103923,4555693,6758371,0,0,0,997,1000,1399,1400,7220192
MPCTASK: EXP,3,182,9087,126,445,179,511,188,3,596,306,9,103,1210,164,233,382,164,-520,-266,2147,71,300,1,3,3,15,3,1,1,0,0,0,5,23513,9156,33185,1556396,0,1790,65407,3997117,5641533,0,0,0,997,1000,1399,1400,7220192
MPCTASK: EXP,3,184,9193,162,468,179,407,107,-3,710,536,-101,252,1181,164,177,339,164,-521,-305,2333,71,300,1,3,3,15,3,1,1,0,0,0,5,25547,12442,38921,2115122,0,1790,136059,4342767,6616677,0,0,0,997,1000,1399,1400,7220192
MPCTASK: EXP,3,186,9286,198,478,180,307,-6,-3,887,611,-216,377,1123,164,141,271,164,-519,-331,2385,71,300,1,3,3,15,3,1,1,0,0,0,5,23987,8143,32672,1384259,0,1790,70268,4077705,5554437,0,0,0,997,1000,1399,1400,7220192
MPCTASK: EXP,3,188,9387,224,456,178,185,-206,-28,987,698,-365,467,1038,164,97,153,164,-527,-313,2476,71,300,1,3,3,15,3,1,1,0,0,0,5,21828,11038,34229,1876329,0,1790,64133,3710653,5818902,0,0,0,997,1000,1399,1400,7220192
MPCTASK: EXP,3,190,9486,224,426,176,9,-373,-31,892,846,-437,512,928,164,15,60,164,-529,-323,2423,71,300,1,3,3,15,3,1,1,0,0,0,5,23049,8854,32523,1505230,0,1999,81869,3918397,5529014,0,0,0,996,1000,1399,1400,7220192
MPCTASK: EXP,3,192,9590,209,387,171,-167,-495,-31,802,826,-485,509,796,164,-49,-27,164,-534,-307,2438,72,300,1,3,3,15,3,1,1,0,0,0,5,24245,10413,36250,1770072,0,25836,168752,4121497,6162629,0,0,0,996,1000,1399,1400,7220192
MPCTASK: EXP,3,194,9688,188,325,169,-305,-646,-25,825,626,-527,458,645,164,-83,-148,164,-535,-334,2384,72,300,1,3,3,15,3,1,1,0,0,0,5,25024,9848,35140,1674006,0,1791,23252,4253861,5973746,0,0,0,995,1000,1399,1400,7220192
MPCTASK: EXP,3,196,9787,145,258,168,-434,-762,0,620,508,-484,363,478,164,-129,-235,164,-531,-363,2248,72,300,1,3,3,15,3,1,1,0,0,0,5,22718,10997,34145,1869427,0,1790,23931,3862025,5804672,0,0,0,994,1000,1399,1400,7220192
MPCTASK: EXP,3,198,9886,95,178,169,-515,-839,21,302,273,-412,235,299,164,-151,-316,164,-530,-246,1955,72,300,1,3,3,15,3,1,1,0,0,0,5,22389,9394,32551,1596925,0,1790,84911,3806177,5533706,0,0,0,992,1000,1399,1400,7220192
MPCTASK: EXP,3,200,9990,41,118,176,-545,-796,50,124,53,-283,85,113,164,-157,-342,164,-523,-219,1802,71,300,1,3,3,15,3,1,1,0,0,0,5,24875,10467,35989,1779294,0,1790,87454,4228713,6118290,0,0,0,989,1000,1399,1400,7220192
MPCTASK: EXP,3,202,10092,-6,42,181,-517,-801,0,66,-170,-138,-69,-75,164,-138,-400,164,-518,-212,1806,71,300,1,3,3,15,3,1,1,0,0,0,5,27888,10020,38185,1703352,0,1790,23930,4740938,6491487,0,0,0,987,1000,1399,1400,7220192
MPCTASK: EXP,3,204,10187,-41,-32,175,-431,-794,-57,13,-361,-47,-215,-262,164,-97,-447,164,-535,-242,2139,71,300,1,3,3,15,3,1,1,0,0,0,5,21989,10970,33470,1864743,0,1790,23099,3737967,5690011,0,0,0,988,1000,1399,1400,7220192
MPCTASK: EXP,3,206,10287,-89,-120,168,-379,-808,-54,-152,-533,-3,-337,-444,164,-86,-496,164,-542,-323,2289,72,300,1,3,3,15,3,1,1,0,0,0,5,22913,9426,33122,1602318,0,65870,46712,3895145,5630913,0,0,0,990,1000,1399,1400,7220192
MPCTASK: EXP,3,208,10391,-99,-172,171,-204,-692,13,-211,-709,41,-424,-615,164,-14,-475,164,-528,-254,2049,72,300,1,3,3,15,3,1,1,0,0,0,5,24176,12793,37738,2174746,0,68320,42067,4109737,6415490,0,0,0,992,1000,1399,1400,7220192
MPCTASK: EXP,3,210,10485,-107,-227,170,-66,-613,11,-261,-672,159,-466,-770,164,18,-462,164,-529,-279,2220,72,300,1,3,3,15,3,1,1,0,0,0,5,22373,9020,31917,1533277,0,1790,23099,3803417,5426013,0,0,0,994,1000,1399,1400,7220192
MPCTASK: EXP,3,212,10585,-113,-272,172,29,-512,12,-398,-622,266,-461,-905,164,28,-420,164,-527,-282,2225,71,300,1,3,3,15,3,1,1,0,0,0,5,21564,10160,32112,1727119,0,2690,23822,3665678,5459177,0,0,0,995,1000,1399,1400,7220192
MPCTASK: EXP,3,214,10687,-111,-321,173,109,-427,1,-599,-579,367,-411,-1013,164,29,-380,164,-526,-295,2314,71,300,1,3,3,15,3,1,1,0,0,0,5,22687,10116,33569,1719559,0,20956,24627,3856725,5706804,0,0,0,996,1000,1399,1400,7220192
MPCTASK: EXP,3,216,10784,-107,-353,175,154,-290,-4,-767,-438,380,-321,-1092,164,5,-318,164,-525,-271,2323,71,300,1,3,3,15,3,1,1,0,0,0,5,20992,8972,30232,1525122,0,1790,23099,3568662,5139521,0,0,0,996,1000,1399,1400,7220192
MPCTASK: EXP,3,218,10885,-100,-373,173,177,-141,-22,-835,-276,363,-205,-1134,164,-22,-254,164,-531,-299,2433,71,300,1,3,3,15,3,1,1,0,0,0,5,20693,10571,31775,1797101,0,1790,23099,3517731,5401839,0,0,0,996,1000,1399,1400,7220192
MPCTASK: EXP,3,220,10988,-99,-374,171,155,28,-6,-878,-125,345,-77,-1138,164,-63,-182,164,-529,-291,2450,72,300,1,3,3,15,3,1,1,0,0,0,5,22097,11562,34616,1965412,0,1900,116536,3756429,5884863,0,0,0,996,1000,1399,1400,7220192
MPCTASK: EXP,3,222,11090,-92,-355,171,134,205,0,-779,16,319,47,-1100,164,-86,-115,164,-528,-306,2379,72,300,1,3,3,15,3,1,1,0,0,0,5,25760,9549,36121,1623181,0,1790,88631,4379074,6140637,0,0,0,997,1000,1399,1400,7220192
MPCTASK: EXP,3,224,11190,-94,-331,171,77,310,6,-533,118,235,153,-1020,164,-107,-100,164,-528,-282,2232,72,300,1,3,3,15,3,1,1,0,0,0,5,25530,10708,36942,1820255,0,2837,68590,4340013,6280114,0,0,0,996,1000,1399,1400,7220192
MPCTASK: EXP,3,226,11291,-95,-286,171,33,417,8,-290,115,164,226,-901,164,-102,-78,164,-528,-268,2222,72,300,1,3,3,15,3,1,1,0,0,0,5,26750,10731,38098,1824243,0,2095,79621,4547509,6476797,0,0,0,996,1000,1399,1400,7220192
MPCTASK: EXP,3,228,11388,-95,-254,175,13,419,32,-2,45,135,260,-749,164,-84,-98,164,-524,-205,1735,71,300,1,3,3,15,3,1,1,0,0,0,5,20591,12485,34634,2122331,0,2663,23413,3500453,5887903,0,0,0,996,1000,1399,1400,7220192
MPCTASK: EXP,3,230,11492,-97,-219,180,-1,373,23,230,32,131,253,-576,165,-70,-116,165,-519,-198,1496,71,300,1,3,3,15,3,1,1,0,0,0,5,26636,10018,37038,1702919,0,2051,42505,4528073,6296594,0,0,0,995,1000,1399,1400,7220192
MPCTASK: EXP,3,232,11591,-98,-187,182,-4,315,-7,378,-29,155,212,-397,165,-55,-116,165,-519,-224,1823,71,300,1,3,3,15,3,1,1,0,0,0,5,24900,9260,35716,1574082,0,11894,107502,4232885,6071799,0,0,0,994,1000,1399,1400,7220192
MPCTASK: EXP,3,234,11691,-98,-169,179,7,208,-29,499,-125,166,151,-232,165,-53,-110,165,-526,-226,1888,71,300,1,3,3,15,3,1,1,0,0,0,5,26658,8756,35681,1488424,0,1946,23099,4531778,6065867,0,0,0,992,1000,1399,1400,7220192
MPCTASK: EXP,3,236,11792,-96,-160,173,42,99,-30,472,-214,138,87,-99,165,-66,-65,165,-532,-250,2073,71,300,1,3,3,15,3,1,1,0,0,0,5,24216,11811,36810,2007907,0,1947,73347,4116729,6257816,0,0,0,990,1000,1399,1400,7220192
MPCTASK: EXP,3,238,11891,-87,-165,171,92,-6,-4,191,-204,90,40,-15,165,-90,13,165,-529,-278,2183,72,300,1,3,3,15,3,1,1,0,0,0,5,25041,9051,34522,1538677,0,1790,50932,4256925,5868782,0,0,0,989,1000,1399,1400,7220192
MPCTASK: EXP,3,240,11994,-74,-180,166,124,-44,-15,-282,-25,31,19,19,164,-106,94,164,-536,-257,1936,72,300,1,3,2,15,3,1,1,0,0,0,5,23707,13841,37816,2352940,0,1790,23099,4030161,6428831,0,0,0,988,1000,1399,1400,7220192
MPCTASK: EXP,3,242,12088,-57,-186,169,121,37,20,-880,262,1,16,22,164,-91,186,164,-530,-405,2325,72,300,1,3,3,15,3,1,1,0,0,0,5,23863,7617,32009,1294927,0,45858,23265,4056721,5441645,0,0,0,989,1000,1399,1400,7220192
MPCTASK: EXP,3,244,12188,-45,-179,175,79,190,31,-1237,408,-15,12,30,164,-43,233,164,-524,-481,2462,71,300,1,3,3,15,3,1,1,0,0,0,5,22009,9266,32420,1575177,0,1791,140260,3741393,5511407,0,0,0,990,1000,1399,1400,7220192
MPCTASK: EXP,3,246,12287,-38,-142,178,9,447,-10,-1399,389,0,-12,76,165,-8,329,165,-523,-476,2641,71,300,1,3,3,15,3,1,1,0,0,0,5,20773,8618,30211,1464938,0,1790,116735,3531322,5135866,0,0,0,990,1000,1399,1400,7220192
MPCTASK: EXP,3,248,12391,-31,-71,171,-13,716,-53,-1200,125,52,-60,175,165,50,427,165,-539,-563,2443,72,300,1,3,3,15,3,1,1,0,0,0,5,21028,12103,34920,2057567,0,1948,281074,3574741,5936492,0,0,0,990,1000,1399,1400,7220192
MPCTASK: EXP,3,250,12490,-31,3,165,-11,878,-23,-777,-147,89,-116,320,165,98,488,165,-538,-417,2293,72,300,1,3,3,15,3,1,1,0,0,0,5,25738,7182,34058,1220944,0,1790,66491,4375445,5789944,0,0,0,991,1000,1399,1400,7220192
MPCTASK: EXP,3,252,12589,-27,77,160,36,945,-3,-403,-334,133,-163,494,165,138,518,165,-539,-332,2218,72,300,1,3,3,15,3,1,1,0,0,0,5,21121,10785,32985,1833360,0,1790,73153,3590417,5607563,0,0,0,992,1000,1399,1400,7220192
MPCTASK: EXP,3,254,12693,-26,147,170,95,868,72,71,-535,154,-184,675,165,168,494,165,-529,-286,2112,72,300,1,3,3,15,3,1,1,0,0,0,5,26450,9416,36495,1600659,0,1790,84927,4496357,6204203,0,0,0,993,1000,1399,1400,7220192
MPCTASK: EXP,3,256,12798,-11,230,170,192,839,3,228,-572,168,-169,845,164,195,520,164,-529,-309,2292,72,300,1,3,3,15,3,1,1,0,0,0,5,27426,14215,42054,2416421,0,2695,46896,4662297,7149184,0,0,0,994,1000,1399,1400,7220192
MPCTASK: EXP,3,258,12888,33,306,170,350,762,-11,556,-478,189,-114,988,164,250,509,164,-531,-335,2258,72,300,1,3,3,15,3,1,1,0,0,0,5,23300,7986,31553,1357553,0,1790,23099,3960790,5364217,0,0,0,995,1000,1399,1400,7220192
MPCTASK: EXP,3,260,12991,66,367,170,403,651,-4,735,-211,184,-25,1094,164,240,488,164,-530,-349,2326,72,300,1,3,3,15,3,1,1,0,0,0,5,22250,11289,34457,1918951,0,1791,92893,3782557,5857927,0,0,0,996,1000,1399,1400,7220192
MPCTASK: EXP,3,262,13094,115,413,173,439,441,8,933,20,152,87,1157,164,242,417,164,-526,-333,2422,71,300,1,3,3,15,3,1,1,0,0,0,5,26319,10232,37417,1739368,0,2122,49096,4474245,6360946,0,0,0,996,1000,1399,1400,7220192
MPCTASK: EXP,3,264,13194,146,457,175,385,295,11,979,279,101,210,1176,164,192,378,164,-524,-377,2407,71,300,1,3,3,15,3,1,1,0,0,0,5,23096,12983,37115,2207001,0,2661,69912,3926261,6309775,0,0,0,996,1000,1399,1400,7220192
MPCTASK: EXP,3,266,13295,173,479,172,304,126,-33,1019,523,49,327,1153,164,137,313,164,-534,-411,2454,71,300,1,3,3,15,3,1,1,0,0,0,5,27519,10091,38141,1715412,0,1790,66452,4678285,6484170,0,0,0,996,1000,1399,1400,7220192
MPCTASK: EXP,3,268,13391,197,482,167,209,-39,-47,1060,697,-15,422,1091,164,88,235,164,-541,-364,2557,72,300,1,3,3,15,3,1,1,0,0,0,5,21230,11406,33686,1939059,0,1790,155505,3609010,5726699,0,0,0,996,1000,1399,1400,7220192
MPCTASK: EXP,3,270,13492,217,476,163,78,-206,-24,958,814,-53,483,995,164,38,161,164,-541,-316,2502,72,300,1,3,3,15,3,1,1,0,0,0,5,24716,9916,34901,1685592,0,1790,23099,4201809,5933259,0,0,0,996,1000,1399,1400,7220192
MPCTASK: EXP,3,272,13588,208,446,158,-94,-376,-42,924,947,-46,500,870,164,-39,64,164,-550,-361,2488,72,300,1,3,3,15,3,1,1,0,0,0,5,18757,11147,30954,1894945,0,1790,155773,3188505,5262376,0,0,0,996,1000,1399,1400,7220192
MPCTASK: EXP,3,274,13695,176,394,153,-288,-548,-24,722,812,-1,471,722,164,-108,-34,164,-551,-432,2322,72,300,1,3,3,15,3,1,1,0,0,0,5,27903,8650,37502,1470368,0,1790,65074,4743322,6375546,0,0,0,995,1000,1399,1400,7220192
MPCTASK: EXP,3,276,13793,140,330,159,-417,-668,22,616,653,-28,397,556,164,-155,-139,164,-540,-277,2090,72,300,1,3,3,15,3,1,1,0,0,0,5,22039,12228,34910,2078747,0,1790,84512,3746533,5934812,0,0,0,994,1000,1399,1400,7220192
MPCTASK: EXP,3,278,13895,100,275,165,-485,-718,14,580,435,-73,285,377,164,-168,-209,164,-534,-265,2025,72,300,1,3,3,15,3,1,1,0,0,0,5,26884,8522,36825,1448713,0,1790,218571,4570189,6260301,0,0,0,992,1000,1399,1400,7220192
MPCTASK: EXP,3,280,13991,58,216,167,-504,-755,10,428,148,-154,145,190,164,-156,-266,164,-532,-239,1812,72,300,1,3,3,15,3,1,1,0,0,0,5,21518,11207,33104,1904978,0,2127,40376,3657973,5627777,0,0,0,989,1000,1399,1400,7220192
MPCTASK: EXP,3,282,14097,13,133,163,-492,-832,-18,273,-165,-269,-8,1,164,-124,-348,164,-540,-294,2207,72,300,1,3,3,15,3,1,1,0,0,0,5,25136,12824,39003,2180065,0,1904,69557,4272969,6630593,0,0,0,988,1000,1399,1400,7220192
MPCTASK: EXP,3,284,14195,-28,59,162,-438,-851,18,64,-470,-352,-160,-186,164,-86,-399,164,-537,-277,2123,72,300,1,3,3,15,3,1,1,0,0,0,5,22955,12429,35910,2112781,0,2115,65418,3902229,6104745,0,0,0,989,1000,1399,1400,7220192
MPCTASK: EXP,3,286,14296,-61,-25,167,-312,-839,25,-3,-557,-423,-296,-368,164,-37,-458,164,-532,-238,1775,72,300,1,3,3,15,3,1,1,0,0,0,5,25761,10098,36373,1716651,0,1790,64876,4379377,6183558,0,0,0,991,1000,1399,1400,7220192
MPCTASK: EXP,3,288,14392,-67,-104,173,-140,-826,41,-63,-695,-473,-401,-540,164,48,-507,164,-526,-239,1864,71,300,1,3,3,15,3,1,1,0,0,0,5,20240,10446,30956,1775760,0,1790,23099,3440729,5262579,0,0,0,994,1000,1399,1400,7220192
MPCTASK: EXP,3,290,14494,-78,-189,178,-39,-820,11,-249,-634,-396,-466,-697,164,81,-545,164,-521,-282,2269,71,300,1,3,3,15,3,1,1,0,0,0,5,23098,8844,33081,1503372,0,1790,24245,3926510,5623779,0,0,0,995,1000,1399,1400,7220192
MPCTASK: EXP,3,292,14597,-80,-261,178,57,-743,-15,-431,-642,-286,-483,-837,164,115,-549,164,-524,-252,2114,71,300,1,3,3,15,3,1,1,0,0,0,5,24354,11122,35843,1890704,0,1790,39440,4140100,6093623,0,0,0,996,1000,1399,1400,7220192
MPCTASK: EXP,3,294,14695,-69,-336,177,171,-683,-27,-546,-679,-136,-451,-955,164,158,-562,164,-528,-296,2350,71,300,1,3,3,15,3,1,1,0,0,0,5,24077,10533,35418,1790512,0,1790,50611,4093001,6021114,0,0,0,996,1000,1399,1400,7220192
MPCTASK: EXP,3,296,14796,-57,-389,176,250,-542,-32,-757,-585,-52,-374,-1049,164,168,-519,164,-530,-279,2404,71,300,1,3,3,15,3,1,1,0,0,0,5,23931,10587,35323,1799739,0,1790,114033,4068161,6004983,0,0,0,996,1000,1399,1400,7220192
MPCTASK: EXP,3,298,14896,-38,-414,170,317,-365,-32,-753,-487,-58,-258,-1117,164,173,-459,164,-535,-285,2412,72,300,1,3,3,15,3,1,1,0,0,0,5,23901,11175,36009,1899624,0,1790,90934,4063013,6121563,0,0,0,996,1000,1399,1400,7220192
MPCTASK: EXP,3,300,14996,-5,-430,165,390,-181,-12,-596,-355,-118,-114,-1157,164,181,-400,164,-536,-316,2307,72,300,1,3,3,15,3,1,1,0,0,0,5,22978,11882,35605,2019794,0,1790,23405,3906345,6052983,0,0,0,997,1000,1399,1400,7220192
MPCTASK: EXP,3,302,15095,23,-426,161,412,-36,-6,-471,-135,-196,41,-1168,164,162,-330,164,-539,-281,2223,72,300,1,3,3,15,3,1,1,0,0,0,5,22618,11691,35406,1987398,0,1790,161852,3844969,6019183,0,0,0,997,1000,1399,1400,7220192
MPCTASK: EXP,3,304,15197,55,-411,161,396,89,25,-397,87,-247,194,-1150,164,133,-254,164,-538,-251,1860,72,300,1,3,3,15,3,1,1,0,0,0,5,24175,11865,36527,2016969,0,1822,59292,4109609,6209589,0,0,0,997,1000,1399,1400,7220192
MPCTASK: EXP,3,306,15294,74,-402,167,326,143,45,-367,270,-276,331,-1103,164,81,-205,164,-532,-235,1704,72,300,1,3,3,15,3,1,1,0,0,0,5,24098,8547,33032,1452882,0,2658,23715,4096546,5615410,0,0,0,997,1000,1399,1400,7220192
MPCTASK: EXP,3,308,15398,94,-381,173,240,223,29,-409,492,-274,436,-1028,164,28,-132,164,-526,-243,1834,71,300,1,3,3,15,3,1,1,0,0,0,5,25833,11243,37652,1911171,0,1790,75938,4391454,6401037,0,0,0,997,1000,1399,1400,7220192
MPCTASK: EXP,3,310,15493,105,-357,179,124,290,12,-408,667,-253,501,-927,164,-28,-67,164,-520,-251,2019,71,300,1,3,3,15,3,1,1,0,0,0,5,22665,8532,33057,1450281,0,58508,237156,3852970,5619787,0,0,0,997,1000,1399,1400,7220192
MPCTASK: EXP,3,312,15592,108,-322,180,-6,373,-13,-442,780,-199,518,-803,164,-81,12,164,-521,-248,2191,71,300,1,3,3,15,3,1,1,0,0,0,5,20986,9918,31703,1686007,0,1790,65313,3567489,5389647,0,0,0,997,1000,1399,1400,7220192
MPCTASK: EXP,3,314,15697,98,-284,179,-146,442,-24,-462,796,-125,486,-659,164,-129,85,164,-525,-271,2417,71,300,1,3,3,15,3,1,1,0,0,0,5,24253,10449,35611,1776248,0,1790,46708,4122874,6054080,0,0,0,996,1000,1399,1400,7220192
MPCTASK: EXP,3,316,15797,71,-229,176,-298,544,-23,-565,704,-2,407,-498,164,-178,187,164,-528,-277,2350,71,300,1,3,3,15,3,1,1,0,0,0,5,23433,11351,35493,1929653,0,1790,98509,3983425,6033846,0,0,0,995,1000,1399,1400,7220192
MPCTASK: EXP,3,318,15897,33,-193,170,-407,571,-23,-498,485,66,291,-324,164,-200,231,164,-534,-310,2267,72,300,1,3,3,15,3,1,1,0,0,0,5,26219,9270,35908,1575891,0,2695,47524,4457117,6104514,0,0,0,993,1000,1399,1400,7220192
MPCTASK: EXP,3,320,15993,-18,-132,168,-495,658,-10,-547,264,191,148,-141,164,-225,320,164,-533,-308,2288,72,300,1,3,3,15,3,1,1,0,0,0,5,20753,9788,31235,1663915,0,2186,24254,3527896,5310116,0,0,0,989,1000,1399,1400,7220192
MPCTASK: EXP,3,322,16095,-55,-72,168,-489,727,-4,-376,-39,258,-8,45,164,-192,380,164,-532,-311,2216,72,300,1,3,3,15,3,1,1,0,0,0,5,23861,7812,33785,1327965,0,1931,49727,4056177,5743543,0,0,0,986,1000,1399,1400,7220192
MPCTASK: EXP,3,324,16197,-111,7,170,-462,769,16,-130,-395,241,-161,231,164,-168,439,164,-529,-307,2218,72,300,1,3,3,15,3,1,1,0,0,0,5,23012,11875,35156,2018704,0,1790,23099,3912009,5976634,0,0,0,986,1000,1399,1400,7220192
MPCTASK: EXP,3,326,16300,-128,72,175,-293,744,22,23,-712,158,-298,412,164,-73,470,164,-524,-276,2217,71,300,1,3,3,15,3,1,1,0,0,0,5,26919,11142,38879,1894121,0,1790,116528,4576073,6609541,0,0,0,989,1000,1399,1400,7220192
MPCTASK: EXP,3,328,16395,-134,137,178,-114,713,6,27,-791,85,-403,583,164,6,504,164,-521,-256,2213,71,300,1,3,3,15,3,1,1,0,0,0,5,22882,10185,33943,1731257,0,1790,65350,3889841,5770244,0,0,0,992,1000,1399,1400,7220192
MPCTASK: EXP,3,330,16498,-130,175,178,36,623,-4,106,-808,60,-468,741,164,77,485,164,-522,-261,2309,71,300,1,3,3,15,3,1,1,0,0,0,5,24903,10141,35884,1724006,0,1790,85795,4233469,6100435,0,0,0,994,1000,1399,1400,7220192
MPCTASK: EXP,3,332,16597,-105,239,170,228,597,-44,111,-796,-21,-485,881,164,163,512,164,-538,-308,2430,72,300,1,3,3,15,3,1,1,0,0,0,5,23562,9442,34026,1605058,0,2090,148890,4005510,5784447,0,0,0,995,1000,1399,1400,7220192
MPCTASK: EXP,3,334,16698,-62,268,162,409,483,-39,238,-751,-15,-453,999,164,249,469,164,-544,-279,2441,72,300,1,3,3,15,3,1,1,0,0,0,5,23876,10349,35189,1759258,0,1947,122487,4058826,5982293,0,0,0,996,1000,1399,1400,7220192
MPCTASK: EXP,3,336,16797,-17,305,160,523,415,-16,191,-509,14,-374,1094,164,284,459,164,-542,-342,2256,72,300,1,3,3,15,3,1,1,0,0,0,5,24548,9995,35062,1699038,0,1790,64222,4173089,5960641,0,0,0,997,1000,1399,1400,7220192
MPCTASK: EXP,3,338,16896,22,326,159,562,337,-3,162,-236,92,-258,1162,164,283,428,164,-541,-281,2213,72,300,1,3,3,15,3,1,1,0,0,0,5,23195,10326,34353,1755348,0,1790,75473,3943114,5840003,0,0,0,997,1000,1399,1400,7220192
MPCTASK: EXP,3,340,16996,76,364,161,544,314,22,219,81,147,-114,1203,164,266,420,164,-538,-267,2215,72,300,1,3,3,15,3,1,1,0,0,0,5,21613,10602,33571,1802213,0,1790,208546,3674114,5707149,0,0,0,997,1000,1399,1400,7220192
MPCTASK: EXP,3,342,17096,125,389,164,507,248,18,396,254,186,41,1214,164,249,378,164,-535,-287,2254,72,300,1,3,3,15,3,1,1,0,0,0,5,23817,9480,33937,1611458,0,1790,85903,4048933,5769352,0,0,0,997,1000,1399,1400,7220192
MPCTASK: EXP,3,344,17195,154,403,165,390,144,-4,511,558,185,195,1196,164,177,322,164,-535,-239,1834,72,300,1,3,3,15,3,1,1,0,0,0,5,21841,10579,32961,1798367,0,1943,68870,3712869,5603478,0,0,0,997,1000,1399,1400,7220192
MPCTASK: EXP,3,346,17297,189,418,164,290,57,-10,694,661,112,331,1149,164,132,261,164,-537,-337,2335,72,300,1,3,3,15,3,1,1,0,0,0,5,22797,10353,33955,1759925,0,1790,42129,3875294,5772347,0,0,0,997,1000,1399,1400,7220192
MPCTASK: EXP,3,348,17395,205,425,161,151,-51,-22,778,784,51,436,1074,164,66,202,164,-543,-320,2401,72,300,1,3,3,15,3,1,1,0,0,0,5,22223,9292,32170,1579454,0,2083,87610,3777873,5469038,0,0,0,997,1000,1399,1400,7220192
MPCTASK: EXP,3,350,17499,207,420,158,-5,-167,-30,794,911,31,501,973,164,-6,137,164,-547,-324,2486,72,300,1,3,3,15,3,1,1,0,0,0,5,27025,9861,37163,1676347,0,1790,23511,4594237,6317777,0,0,0,996,1000,1399,1400,7220192
MPCTASK: EXP,3,352,17598,192,401,157,-171,-292,-21,811,938,-7,518,849,164,-77,59,164,-546,-319,2499,72,300,1,3,3,15,3,1,1,0,0,0,5,24010,10932,35963,1858339,0,1790,108249,4081649,6113733,0,0,0,996,1000,1399,1400,7220192
MPCTASK: EXP,3,354,17697,160,364,156,-344,-436,1,774,694,-79,486,705,164,-132,-34,164,-543,-346,2368,72,300,1,3,3,15,3,1,1,0,0,0,5,23887,9210,33939,1565575,0,1937,74788,4060757,5769641,0,0,0,995,1000,1399,1400,7220192
MPCTASK: EXP,3,356,17800,120,319,157,-442,-554,17,784,396,-147,407,544,164,-159,-126,164,-542,-304,2399,72,300,1,3,3,15,3,1,1,0,0,0,5,25308,11532,37108,1960276,0,1790,23099,4302381,6308409,0,0,0,994,1000,1399,1400,7220192
MPCTASK: EXP,3,358,17896,74,259,161,-493,-674,31,625,186,-230,291,370,164,-172,-210,164,-538,-313,2314,72,300,1,3,3,15,3,1,1,0,0,0,5,23973,9888,34129,1680923,0,1790,23099,4075405,5802088,0,0,0,993,1000,1399,1400,7220192
MPCTASK: EXP,3,360,17994,39,204,165,-476,-726,40,515,-11,-306,148,187,164,-148,-273,164,-534,-254,1870,72,300,1,3,3,15,3,1,1,0,0,0,5,21904,10004,32427,1700531,0,1790,65078,3723654,5512608,0,0,0,991,1000,1399,1400,7220192
MPCTASK: EXP,3,362,18097,-3,118,169,-442,-823,13,457,-114,-378,-8,0,164,-133,-375,164,-530,-265,2069,72,300,1,3,3,15,3,1,1,0,0,0,5,22567,9580,32981,1628579,0,1791,119578,3836362,5606784,0,0,0,989,1000,1399,1400,7220192
MPCTASK: EXP,3,364,18200,-34,42,168,-380,-844,-11,131,-228,-421,-162,-185,164,-92,-415,164,-533,-260,2216,72,300,1,3,3,15,3,1,1,0,0,0,5,25439,10324,36422,1755003,0,2098,74555,4324484,6191882,0,0,0,990,1000,1399,1400,7220192
MPCTASK: EXP,3,366,18293,-63,-32,170,-304,-821,53,-79,-456,-487,-298,-366,164,-41,-451,164,-529,-281,2131,72,300,1,3,3,15,3,1,1,0,0,0,5,20541,6580,29825,1118579,0,1790,296967,3491946,5070365,0,0,0,992,1000,1399,1400,7220192
MPCTASK: EXP,3,368,18396,-82,-85,181,-204,-735,102,-177,-677,-585,-403,-537,164,14,-449,164,-518,-247,1835,71,300,1,3,3,15,3,1,1,0,0,0,5,22091,10385,33113,1765276,0,1791,86322,3755349,5629206,0,0,0,994,1000,1399,1400,7220192
MPCTASK: EXP,3,370,18496,-93,-168,185,-75,-750,20,-254,-706,-505,-468,-695,164,62,-503,164,-514,-281,2307,71,300,1,3,3,15,3,1,1,0,0,0,5,21031,9949,31859,1691157,0,1790,126451,3575227,5416127,0,0,0,995,1000,1399,1400,7220192
MPCTASK: EXP,3,372,18597,-91,-232,186,55,-674,-28,-482,-713,-431,-485,-835,164,111,-497,164,-519,-265,2363,71,300,1,3,3,15,3,1,1,0,0,0,5,23549,8979,33281,1526257,0,1790,105438,4003206,5657727,0,0,0,996,1000,1399,1400,7220192
MPCTASK: EXP,3,374,18701,-83,-293,183,166,-585,-52,-564,-664,-350,-453,-954,164,144,-491,164,-527,-248,2265,71,300,1,3,3,15,3,1,1,0,0,0,5,27603,9015,37769,1532380,0,1790,65653,4692341,6420686,0,0,0,997,1000,1399,1400,7220192
MPCTASK: EXP,3,376,18798,-69,-330,180,256,-431,-47,-649,-572,-362,-374,-1048,164,159,-442,164,-529,-243,2146,71,300,1,3,3,15,3,1,1,0,0,0,5,23001,10130,33764,1722052,0,1791,84751,3910069,5739934,0,0,0,997,1000,1399,1400,7220192
MPCTASK: EXP,3,378,18903,-37,-368,168,356,-313,-71,-535,-440,-313,-258,-1117,164,183,-421,164,-545,-263,2313,72,300,1,3,3,15,3,1,1,0,0,0,5,27218,10372,38652,1763250,0,1791,157459,4626957,6570857,0,0,0,997,1000,1399,1400,7220192
MPCTASK: EXP,3,380,18998,0,-384,160,421,-197,-49,-437,-258,-284,-114,-1157,164,188,-378,164,-549,-284,2299,72,300,1,3,3,15,3,1,1,0,0,0,5,20741,11764,33036,1999780,0,1790,23099,3525961,5616238,0,0,0,997,1000,1399,1400,7220192
MPCTASK: EXP,3,382,19099,41,-395,158,450,-109,-20,-404,-37,-225,41,-1168,164,181,-333,164,-545,-296,2268,72,300,1,3,3,15,3,1,1,0,0,0,5,23649,10345,34708,1758490,0,1909,98655,4020361,5900422,0,0,0,997,1000,1399,1400,7220192
MPCTASK: EXP,3,384,19198,75,-400,158,418,-36,3,-449,236,-132,195,-1150,164,143,-281,164,-541,-314,2260,72,300,1,3,3,15,3,1,1,0,0,0,5,22910,10023,33644,1703879,0,1790,98128,3894617,5719603,0,0,0,997,1000,1399,1400,7220192
MPCTASK: EXP,3,386,19300,107,-398,161,337,53,2,-570,520,-5,331,-1103,164,92,-216,164,-538,-312,2303,72,300,1,3,3,15,3,1,1,0,0,0,5,24036,10462,35691,1778560,0,68092,49882,4086097,6067643,0,0,0,997,1000,1399,1400,7220192
MPCTASK: EXP,3,388,19401,126,-395,159,202,137,-17,-678,744,108,436,-1028,164,21,-150,164,-544,-317,2390,72,300,1,3,3,15,3,1,1,0,0,0,5,26211,9194,36603,1562828,0,1790,129929,4455829,6222442,0,0,0,997,1000,1399,1400,7220192
MPCTASK: EXP,3,390,19497,132,-379,158,42,247,-23,-773,832,172,501,-928,164,-48,-72,164,-545,-292,2485,72,300,1,3,3,15,3,1,1,0,0,0,5,21793,9991,32300,1698366,0,1790,65346,3704721,5491034,0,0,0,996,1000,1399,1400,7220192
MPCTASK: EXP,3,392,19601,128,-344,159,-104,387,-7,-701,783,243,518,-803,164,-97,16,164,-542,-299,2423,72,300,1,3,3,15,3,1,1,0,0,0,5,24920,9855,35434,1675322,0,1790,23403,4236445,6023924,0,0,0,996,1000,1399,1400,7220192
MPCTASK: EXP,3,394,19700,101,-313,156,-271,453,-13,-623,713,281,486,-659,164,-163,76,164,-546,-305,2396,72,300,1,3,3,15,3,1,1,0,0,0,5,22482,11146,34923,1894806,0,1947,123512,3821745,5936950,0,0,0,995,1000,1399,1400,7220192
MPCTASK: EXP,3,396,19796,63,-274,156,-399,520,14,-614,597,358,407,-498,164,-211,143,164,-543,-279,2097,72,300,1,3,3,15,3,1,1,0,0,0,5,20740,9448,30457,1606089,0,1790,23099,3525856,5177819,0,0,0,994,1000,1399,1400,7220192
MPCTASK: EXP,3,398,19901,19,-224,155,-488,600,13,-612,380,424,291,-324,164,-232,221,164,-544,-311,2323,72,300,1,3,3,15,3,1,1,0,0,0,5,24169,11904,36344,2023547,0,1790,23105,4108557,6178544,0,0,0,992,1000,1399,1400,7220192
MPCTASK: EXP,3,400,20002,-26,-163,158,-519,679,27,-469,121,461,148,-141,164,-228,292,164,-541,-315,2259,72,300,1,3,3,15,3,1,1,0,0,0,5,25149,10410,36203,1769543,0,65902,23266,4275317,6154509,0,0,0,989,1000,1399,1400,7220192
MPCTASK: EXP,3,402,20103,-65,-94,164,-475,737,48,-330,-182,468,-8,45,164,-189,362,164,-535,-243,1773,72,300,1,3,3,15,3,1,1,0,0,0,5,26272,10312,37893,1752977,0,1791,150012,4466217,6441966,0,0,0,986,1000,1399,1400,7220192
MPCTASK: EXP,3,404,20205,-101,-30,167,-398,748,26,-223,-400,437,-162,231,164,-141,412,164,-532,-240,1786,72,300,1,3,3,15,3,1,1,0,0,0,5,29669,9415,40075,1600450,0,1791,145373,5043757,6812803,0,0,0,986,1000,1399,1400,7220192
MPCTASK: EXP,3,406,20298,-130,34,167,-300,752,-3,-190,-550,382,-298,412,164,-93,460,164,-533,-253,1980,72,300,1,3,3,15,3,1,1,0,0,0,5,22915,9452,33529,1606716,0,111980,64215,3895441,5700005,0,0,0,989,1000,1399,1400,7220192
MPCTASK: EXP,3,408,20402,-142,103,166,-154,756,-11,-52,-695,330,-403,583,164,-20,496,164,-535,-285,2343,72,300,1,3,3,15,3,1,1,0,0,0,5,25659,9761,36069,1659293,0,1790,23099,4362005,6131907,0,0,0,991,1000,1399,1400,7220192
MPCTASK: EXP,3,410,20498,-147,173,167,-12,741,-4,65,-781,274,-468,741,164,42,528,164,-533,-291,2408,72,300,1,3,3,15,3,1,1,0,0,0,5,22975,9196,32954,1563354,0,1790,110110,3905733,5602310,0,0,0,994,1000,1399,1400,7220192
MPCTASK: EXP,3,412,20599,-131,243,167,160,715,3,172,-820,195,-485,880,164,120,552,164,-532,-300,2412,72,300,1,3,3,15,3,1,1,0,0,0,5,23354,9992,33852,1698678,0,1790,23099,3970161,5754942,0,0,0,995,1000,1399,1400,7220192
MPCTASK: EXP,3,414,20702,-103,305,164,310,679,-4,287,-738,133,-452,999,164,180,563,164,-536,-304,2382,72,300,1,3,3,15,3,1,1,0,0,0,5,24565,11250,36923,1912539,0,1790,164365,4175901,6277023,0,0,0,996,1000,1399,1400,7220192
MPCTASK: EXP,3,416,20798,-60,365,165,440,580,1,427,-513,112,-374,1094,164,223,547,164,-534,-275,2146,72,300,1,3,3,15,3,1,1,0,0,0,5,23267,8372,32580,1423090,0,1790,112818,3955396,5538761,0,0,0,997,1000,1399,1400,7220192
MPCTASK: EXP,3,418,20901,-9,407,166,525,467,9,473,-293,130,-258,1162,164,249,516,164,-533,-288,2261,72,300,1,3,3,15,3,1,1,0,0,0,5,25565,8391,35139,1426302,0,2180,117385,4346106,5973808,0,0,0,997,1000,1399,1400,7220192
MPCTASK: EXP,3,420,21006,43,439,167,553,347,6,539,13,167,-114,1203,164,247,472,164,-532,-310,2282,72,300,1,3,3,15,3,1,1,0,0,0,5,25680,13287,41032,2258714,0,1791,328220,4365541,6975625,0,0,0,997,1000,1399,1400,7220192
MPCTASK: EXP,3,422,21101,92,462,166,536,250,-5,545,265,200,41,1214,164,228,432,164,-534,-312,2289,72,300,1,3,3,15,3,1,1,0,0,0,5,24959,9982,35461,1696830,0,1790,65195,4242994,6028434,0,0,0,997,1000,1399,1400,7220192
MPCTASK: EXP,3,424,21202,134,480,167,426,132,-9,578,596,247,195,1196,164,168,379,164,-534,-280,2232,72,300,1,3,3,15,3,1,1,0,0,0,5,24823,10343,36005,1758339,0,2694,23407,4219809,6120999,0,0,0,997,1000,1399,1400,7220192
MPCTASK: EXP,3,426,21300,159,499,167,286,56,-12,655,728,228,331,1149,164,103,334,164,-535,-308,2362,72,300,1,3,3,15,3,1,1,0,0,0,5,23660,10005,34490,1700810,0,1790,23099,4022085,5863271,0,0,0,996,1000,1399,1400,7220192
MPCTASK: EXP,3,428,21397,182,507,166,166,-48,0,788,760,123,436,1075,164,57,272,164,-533,-313,2386,72,300,1,3,3,15,3,1,1,0,0,0,5,22193,9135,32076,1552808,0,1790,65348,3772713,5452993,0,0,0,996,1000,1399,1400,7220192
MPCTASK: EXP,3,430,21503,187,484,163,26,-224,-7,915,775,-57,500,975,164,2,162,164,-537,-351,2424,72,300,1,3,3,15,3,1,1,0,0,0,5,23313,12193,36631,2072709,0,1791,169291,3963134,6227383,0,0,0,996,1000,1399,1400,7220192
MPCTASK: EXP,3,432,21598,164,460,164,-148,-367,-5,868,641,-222,516,851,164,-69,79,164,-536,-324,2414,72,300,1,3,3,15,3,1,1,0,0,0,5,20041,9515,31113,1617468,0,2126,112232,3406925,5289306,0,0,0,996,1000,1399,1400,7220192
MPCTASK: EXP,3,434,21700,137,418,162,-281,-513,-12,912,588,-398,484,707,164,-124,-26,164,-539,-349,2424,72,300,1,3,3,15,3,1,1,0,0,0,5,23010,10169,33935,1728662,0,1790,105277,3911567,5769026,0,0,0,995,1000,1399,1400,7220192
MPCTASK: EXP,3,436,21802,96,353,161,-401,-669,-22,762,369,-565,405,546,164,-158,-132,164,-542,-410,2290,72,300,1,3,3,15,3,1,1,0,0,0,5,26074,8570,35497,1456872,0,1791,121876,4432557,6034606,0,0,0,994,1000,1399,1400,7220192
MPCTASK: EXP,3,438,21902,56,296,157,-452,-749,-42,638,142,-701,289,372,164,-169,-210,164,-550,-350,2324,72,300,1,3,3,15,3,1,1,0,0,0,5,25473,9351,35519,1589626,0,1791,95714,4330302,6038386,0,0,0,992,1000,1399,1400,7220192
MPCTASK: EXP,3,440,22003,3,210,154,-468,-847,-2,446,-183,-806,146,188,164,-159,-306,164,-546,-320,2267,72,300,1,3,3,15,3,1,1,0,0,0,5,24899,10578,36543,1798110,0,1791,157829,4232681,6212281,0,0,0,990,1000,1399,1400,7220192
MPCTASK: EXP,3,442,22101,-38,136,158,-425,-872,40,220,-321,-808,-7,0,164,-136,-356,164,-541,-289,2224,72,300,1,3,3,15,3,1,1,0,0,0,5,20465,13949,34924,2371217,0,1790,23099,3478992,5937293,0,0,0,988,1000,1399,1400,7220192
MPCTASK: EXP,3,444,22198,-82,42,164,-382,-917,60,-18,-397,-711,-159,-188,164,-123,-425,164,-535,-305,2228,72,300,1,3,3,15,3,1,1,0,0,0,5,22441,8480,31873,1441555,0,1791,98721,3814753,5418420,0,0,0,989,1000,1399,1400,7220192
MPCTASK: EXP,3,446,22300,-87,3,177,-240,-758,84,-192,-388,-589,-292,-372,164,-59,-380,164,-522,-242,1770,71,300,1,3,3,15,3,1,1,0,0,0,5,22128,10474,33413,1780596,0,1791,115872,3761593,5680360,0,0,0,991,1000,1399,1400,7220192
MPCTASK: EXP,3,448,22405,-96,-60,179,-141,-702,9,-143,-405,-381,-394,-548,164,-17,-398,164,-520,-257,2078,71,300,1,3,3,15,3,1,1,0,0,0,5,28108,9952,38381,1691839,0,1790,23099,4778342,6524743,0,0,0,993,1000,1399,1400,7220192
MPCTASK: EXP,3,450,22500,-99,-107,175,-40,-607,-27,-206,-475,-229,-455,-710,164,22,-374,164,-530,-253,2103,71,300,1,3,3,15,3,1,1,0,0,0,5,23062,10234,34074,1739612,0,1790,46700,3920445,5792697,0,0,0,994,1000,1399,1400,7220192
MPCTASK: EXP,3,452,22607,-103,-179,169,36,-609,-22,-202,-556,-91,-469,-854,164,41,-405,164,-534,-270,2212,72,300,1,3,3,15,3,1,1,0,0,0,5,28435,11817,40523,2008797,0,1790,23105,4833989,6889011,0,0,0,995,1000,1399,1400,7220192
MPCTASK: EXP,3,454,22703,-105,-250,165,110,-601,-10,-353,-631,0,-436,-973,164,50,-414,164,-536,-349,2291,72,300,1,3,3,15,3,1,1,0,0,0,5,21480,13445,35736,2285560,0,1790,93804,3651502,6075246,0,0,0,996,1000,1399,1400,7220192
MPCTASK: EXP,3,456,22803,-101,-332,166,172,-596,-6,-691,-514,157,-361,-1064,164,34,-413,164,-534,-366,2292,72,300,1,3,3,15,3,1,1,0,0,0,5,25924,10045,36387,1707602,0,1790,38970,4407017,6185822,0,0,0,996,1000,1399,1400,7220192
MPCTASK: EXP,3,458,22906,-93,-390,168,197,-455,-1,-1091,-323,305,-254,-1122,164,4,-358,164,-531,-479,2413,72,300,1,3,3,15,3,1,1,0,0,0,5,28894,10427,40035,1731797,0,1791,98590,4911857,6805957,0,0,0,996,1000,1399,1400,7220192
MPCTASK: EXP,3,460,23002,-81,-417,170,199,-222,-12,-1271,-148,428,-129,-1142,164,-25,-274,164,-531,-457,2577,72,300,1,3,3,15,3,1,1,0,0,0,5,24586,10253,35811,1743046,0,1791,90293,4179613,6087971,0,0,0,996,1000,1399,1400,7220192
MPCTASK: EXP,3,462,23100,-69,-404,168,176,71,-42,-1227,9,475,0,-1120,164,-52,-163,164,-540,-504,2555,72,300,1,3,3,15,3,1,1,0,0,0,5,22831,9845,33080,1673571,0,1793,23251,3881105,5623646,0,0,0,996,1000,1399,1400,7220192
MPCTASK: EXP,3,464,23202,-67,-379,161,107,292,-52,-1018,169,442,114,-1057,164,-80,-105,164,-548,-432,2483,72,300,1,3,3,15,3,1,1,0,0,0,5,25322,9568,35890,1626385,0,1791,145910,4304625,6101414,0,0,0,996,1000,1399,1400,7220192
MPCTASK: EXP,3,466,23304,-74,-334,155,16,476,-33,-707,247,348,201,-953,164,-115,-52,164,-551,-409,2289,72,300,1,3,3,15,3,1,1,0,0,0,5,26110,11183,38137,1900996,0,2187,79583,4438737,6483219,0,0,0,996,1000,1399,1400,7220192
MPCTASK: EXP,3,468,23403,-81,-273,150,-44,595,-18,-291,198,248,252,-813,164,-118,-21,164,-553,-317,2209,72,300,1,3,3,15,3,1,1,0,0,0,5,27024,9084,36557,1544142,0,1908,44057,4593953,6214680,0,0,0,996,1000,1399,1400,7220192
MPCTASK: EXP,3,470,23504,-81,-219,152,-57,582,26,182,121,152,261,-647,164,-87,-45,164,-547,-288,2191,72,300,1,3,3,15,3,1,1,0,0,0,5,27300,9198,37538,1563699,0,2095,77340,4640917,6381644,0,0,0,996,1000,1399,1400,7220192
MPCTASK: EXP,3,472,23603,-92,-151,158,-82,561,41,550,15,83,232,-468,165,-70,-45,165,-541,-353,2247,72,300,1,3,3,15,3,1,1,0,0,0,5,25105,10483,36864,1782029,0,1790,121845,4267837,6266999,0,0,0,995,1000,1399,1400,7220192
MPCTASK: EXP,3,474,23704,-103,-101,165,-79,443,26,885,-168,72,177,-295,165,-56,-64,165,-534,-370,2374,72,300,1,3,3,15,3,1,1,0,0,0,5,26567,10265,37875,1744979,0,1790,23407,4516425,6438916,0,0,0,994,1000,1399,1400,7220192
MPCTASK: EXP,3,476,23801,-110,-80,163,-44,227,-24,1057,-297,72,112,-147,165,-56,-100,165,-541,-371,2522,72,300,1,3,3,15,3,1,1,0,0,0,5,24704,8864,33845,1506738,0,1790,23401,4199645,5753819,0,0,0,992,1000,1399,1400,7220192
MPCTASK: EXP,3,478,23904,-114,-81,162,8,3,-25,867,-398,36,56,-42,165,-65,-114,165,-543,-438,2332,72,300,1,3,3,15,3,1,1,0,0,0,5,22612,12392,35858,2106587,0,1790,123467,3843922,6095979,0,0,0,990,1000,1399,1400,7220192
MPCTASK: EXP,3,480,24000,-111,-103,154,72,-169,-35,461,-356,-29,24,10,164,-68,-132,164,-553,-351,2241,72,300,1,3,3,15,3,1,1,0,0,0,5,22716,9389,32809,1596045,0,1790,23099,3861653,5577711,0,0,0,989,1000,1399,1400,7220192
MPCTASK: EXP,3,482,24106,-101,-138,152,120,-268,14,3,-182,-114,16,22,164,-33,-199,164,-547,-291,2189,72,300,1,3,3,15,3,1,1,0,0,0,5,27557,10066,38979,1711207,0,1791,207310,4684689,6626418,0,0,0,989,1000,1399,1400,7220192
MPCTASK: TRAJ DONE: idx=482, max=482; requesting landing
MPCTASK: LANDING: start z=0.15, hold=(-0.09,-0.15)
MPCTASK: TIMING SUMMARY: max_step_cycles=7220192 deadline_cycles=8400000 overruns=0
MPCTASK: LANDING COMPLETE: t=27550 ms, x=-0.083, y=-0.165, z=0.020, vz=-0.095; motors off
SUP: Disarming
