---
SYS: Crazyflie 2.1 Brushless is up and running!
SYS: Build 2:de14ff9f08ae (2025.09.1 +2) MODIFIED
SYS: I am 0x373930393434471500370039 and I have 1024KB of flash!
CFGBLK: v1, verification [OK]
DECK_DISCOVERY: Backend found: onewire
DECK_DISCOVERY: Backend found: deckctrl
DECK_CORE: 1 deck(s) found
DECK_CORE: Calling INIT on driver bcFlow2 for deck 0
ZR2: Z-down sensor [OK]
PMW: Motion chip id: 0x49:0xB6
IMU: BMI088: Using I2C interface.
IMU: BMI088 Gyro connection [OK].
IMU: BMI088 Accel connection [OK]
IMU: BMP390 I2C connection [OK]
ESTIMATOR: Using Kalman (2) estimator
CONTROLLER: Using PID (1) controller
MTR-DRV: Using brushless motor driver
SYS: About to run tests in system.c.
SYS: NRF51 version: 2026.04 (C21B)
EEPROM: I2C connection [OK].
STORAGE: Storage check [OK].
IMU: BMI088 gyro self-test [OK]
DECK_CORE: Deck 0 test [OK].
SYS: Self test passed!
STAB: Wait for sensor calibration...
SYS: Free heap: 15048 bytes
MPCTASK: Waiting for activation ...
STAB: Starting stabilizer loop
STAB: WARNING: stabilizer loop rate is off (1004)
SUP: Ready to fly
MPCTASK: Benchmark mode 0, maneuver 4, max_iter 5, task_pri 0
MPCTASK: Reference altitude: 0.70 m; barrier skip when z>0.75 and vz>-0.20
MPCTASK: OOT takeoff: GATED cfclient trigger>=0.15m ramp=0.15m/s settle=+/-0.05m,vz<0.10m/s,1000ms timeout=12000ms
MPCTASK: Common baseline: mpc_hz=20 model_hz=20 rho=5 base_w=0 base_qz=1 Qz=100 R=4 bridge=x10 guards=z[ref,ref+0.20] xy=free cap=0.05
MPCTASK: MPC->PID: xyz=x10, z_guard=[ref,ref+0.20], yaw=raw_rz, output_hold=200ms, safety_hold=500ms
MPCTASK: Reference origin: xy=post_takeoff_settle z=0.70 m
MPCTASK: Fixed baseline: w=0 qz=1 adaptive_cache=off
MPCTASK: EXP every=2: m,s,tms,p3[mm],v3[mmps],att3[cdeg],ref3[mm],cmd3[mm],h/raw/grad/mar/thr[milli],act/ac/bind,wi/qi/cache/noa,pa/pf/du[milli],it,mpc/eval/total[us],bar/tanh/rl/cache/solve/step[cycles],overruns,post_active/post_infeasible_totals,wreq/w/qzreq/qz[milli],max_step_cycles
MPCTASK: Figure8: source=traj_fig8_12.h source_hz=100 samples=1205 laps=2 duration=24.07 s origin=post_takeoff_settle z_offset=0.09 m
CONTROLLER: Using OutOfTree (6) controller
MPCTASK: Trajectory origin: x=-0.01 y=-0.13
MPCTASK: OOT activated at z=0.01
MPCTASK: TAKEOFF START: trigger_z=0.15 start_z=0.01 target=0.70 hold=(-0.02,-0.11) ramp=0.15m/s
MPCTASK: OOT loop 1 done
MPCTASK: OOT loop 2 done
MPCTASK: MPC task loop 1
MPCTASK: x0: pos=(-0.02,-0.11,0.01) vel=(-0.0,0MPCTASK: OOT loop 3 done
.04,-0.0)
MPCTASK: ref: (-0.02,-0.11,0.01)
MPCTASK: MPC solve start
MPCTASK: MPC solve done, iter=5
MPCTASK: MPC time=23449 us
MPCTASK: MPC stack free=1165 words
MPCTASK: setpoint: x=-0.02 y=-0.11 z=0.07 preview_z=0.07
MPCTASK: MPC task loop 2
MPCTASK: MPC task loop 3
MPCTASK: TAKEOFF SETTLING: z=0.73 vz=0.09; hold for 1000ms
MPCTASK: TAKEOFF SETTLING: z=0.74 vz=-0.01; hold for 1000ms
MPCTASK: TAKEOFF SETTLING: z=0.74 vz=-0.05; hold for 1000ms
MPCTASK: TAKEOFF SETTLING: z=0.72 vz=-0.09; hold for 1000ms
MPCTASK: TAKEOFF SETTLING: z=0.72 vz=-0.09; hold for 1000ms
MPCTASK: TAKEOFF SETTLING: z=0.74 vz=0.09; hold for 1000ms
MPCTASK: TAKEOFF SETTLING: z=0.74 vz=0.09; hold for 1000ms
MPCTASK: TAKEOFF SETTLING: z=0.74 vz=-0.05; hold for 1000ms
MPCTASK: TAKEOFF COMPLETE: t=10318ms z=0.73 vz=0.01; trajectory queued origin=(0.03,-0.18)
MPCTASK: TRAJ START: z=0.73 origin=(0.03,-0.18) EXP clock reset
MPCTASK: EXP,0,2,71,23,-186,733,-117,34,-1,-473,118,-248,30,-184,700,-70,175,700,0,0,0,0,0,0,0,0,0,0,0,0,0,0,0,5,20007,0,20065,0,0,0,0,3401059,3411017,0,0,0,0,0,1000,1000,3411017
MPCTASK: EXP,0,4,172,2,-156,735,-137,178,-8,-999,91,-229,19,-165,700,-44,284,700,0,0,0,0,0,0,0,0,0,0,0,0,0,0,0,5,22055,0,22109,0,0,0,0,3749291,3758598,0,0,0,0,0,1000,1000,3758598
MPCTASK: EXP,0,6,272,0,-136,737,-131,372,-16,-1395,79,-185,-15,-98,700,8,371,700,0,0,0,0,0,0,0,0,0,0,0,0,0,0,0,5,22057,0,22111,0,0,0,0,3749595,3758906,0,0,0,0,0,1000,1000,3963614
MPCTASK: EXP,0,8,372,-3,-86,737,-111,615,-43,-1446,-107,-158,-68,21,700,69,464,700,0,0,0,0,0,0,0,0,0,0,0,0,0,0,0,5,20970,0,21031,0,0,0,0,3564735,3575198,0,0,0,0,0,1000,1000,3963614
MPCTASK: EXP,0,10,474,-6,-11,731,-64,854,-55,-1241,-303,-107,-122,180,700,130,549,700,0,0,0,0,0,0,0,0,0,0,0,0,0,0,0,5,22135,0,22189,0,0,0,0,3762837,3772142,0,0,0,0,0,1000,1000,3963614
MPCTASK: EXP,0,12,573,6,94,717,29,1063,-83,-889,-483,0,-160,359,700,199,632,700,0,0,0,0,0,0,0,0,0,0,0,0,0,0,0,5,21373,0,21427,0,0,0,0,3609715,3642554,0,0,0,0,0,1000,1000,3963614
MPCTASK: EXP,0,14,676,22,211,704,134,1189,-59,-268,-602,82,-168,538,700,261,676,700,0,0,0,0,0,0,0,0,0,0,0,0,0,0,0,5,24992,0,25045,0,0,0,0,4248423,4257728,0,0,0,0,0,1000,1000,4257728
MPCTASK: EXP,0,16,776,23,304,700,220,1160,-35,381,-680,83,-137,698,700,280,660,700,0,0,0,0,0,0,0,0,0,0,0,0,0,0,0,5,25346,0,25399,0,0,0,0,4308819,4317964,0,0,0,0,0,1000,1000,4317964
MPCTASK: EXP,0,18,874,32,420,714,313,1017,90,965,-634,-29,-68,827,699,290,628,699,0,0,0,0,0,0,0,0,0,0,0,0,0,0,0,5,22122,0,22176,0,0,0,0,3760592,3769903,0,0,0,0,0,1000,1000,4317964
MPCTASK: EXP,0,20,972,80,503,731,435,797,104,1468,-737,-328,31,916,699,327,551,699,0,0,0,0,0,0,0,0,0,0,0,0,0,0,0,5,21052,0,21106,0,0,0,0,3578843,3588146,0,0,0,0,0,1000,1000,4317964
MPCTASK: EXP,0,22,1076,113,557,742,501,514,37,1654,-632,-650,150,962,699,314,459,699,0,0,0,0,0,0,0,0,0,0,0,0,0,0,0,5,24583,0,24637,0,0,0,0,4179120,4188422,0,0,0,0,0,1000,1000,4317964
MPCTASK: EXP,0,24,1173,145,552,738,525,203,-40,1564,-388,-860,273,964,699,275,328,699,0,0,0,0,0,0,0,0,0,0,0,0,0,0,0,5,21567,0,21620,0,0,0,0,3666327,3675476,0,0,0,0,0,1000,1000,4317964
MPCTASK: EXP,0,26,1273,214,502,721,526,-167,-100,1376,122,-1016,383,925,699,242,158,699,0,0,0,0,0,0,0,0,0,0,0,0,0,0,0,5,21023,0,21077,0,0,0,0,3573740,3583049,0,0,0,0,0,1000,1000,4317964
MPCTASK: EXP,0,28,1373,150,417,707,277,-460,-51,935,577,-1041,465,849,700,58,-2,700,0,0,0,0,0,0,0,0,0,0,0,0,0,0,0,5,22046,0,22102,0,0,0,0,3747743,3757323,0,0,0,0,0,1000,1000,4317964
MPCTASK: EXP,0,30,1476,124,428,703,60,-509,44,763,728,-1107,510,741,700,-60,-51,700,0,0,0,0,0,0,0,0,0,0,0,0,0,0,0,5,24917,0,24969,0,0,0,0,4235727,4244880,0,0,0,0,0,1000,1000,4596677
MPCTASK: EXP,0,32,1572,126,363,715,-75,-641,112,940,704,-1117,509,606,700,-120,-187,700,0,0,0,0,0,0,0,0,0,0,0,0,0,0,0,5,20909,0,20970,0,0,0,0,3554467,3604308,0,0,0,0,0,1000,1000,4596677
MPCTASK: EXP,0,34,1671,140,330,730,-194,-706,62,852,888,-964,461,450,700,-164,-264,700,0,0,0,0,0,0,0,0,0,0,0,0,0,0,0,5,19656,0,19710,0,0,0,0,3341379,3350700,0,0,0,0,0,1000,1000,4596677
MPCTASK: EXP,0,36,1772,124,248,732,-333,-815,-24,626,841,-635,371,278,700,-199,-374,700,0,0,0,0,0,0,0,0,0,0,0,0,0,0,0,5,20287,0,20340,0,0,0,0,3448663,3457986,0,0,0,0,0,1000,1000,4596677
MPCTASK: EXP,0,38,1877,89,155,729,-468,-896,-66,312,821,-235,246,95,700,-238,-475,700,0,0,0,0,0,0,0,0,0,0,0,0,0,0,0,5,25657,0,25709,0,0,0,0,4361556,4370716,0,0,0,0,0,1000,1000,4596677
MPCTASK: EXP,0,40,1976,40,68,724,-587,-935,-58,142,611,121,99,-92,700,-254,-567,700,0,0,0,0,0,0,0,0,0,0,0,0,0,0,0,5,24392,0,24452,0,0,0,0,4146564,4156997,0,0,0,0,0,1000,1000,4596677
MPCTASK: EXP,0,42,2076,17,41,718,-589,-867,-11,267,33,430,-55,-282,700,-190,-593,700,0,0,0,0,0,0,0,0,0,0,0,0,0,0,0,5,23960,0,24014,0,0,0,0,4073056,4082382,0,0,0,0,0,1000,1000,4596677
MPCTASK: EXP,0,44,2178,-55,-43,722,-580,-926,25,511,-309,549,-203,-468,700,-171,-689,700,0,0,0,0,0,0,0,0,0,0,0,0,0,0,0,5,26167,0,26360,0,0,0,0,4448459,4481330,0,0,0,0,0,1000,1000,4596677
MPCTASK: EXP,0,46,2273,-55,-146,731,-415,-1017,27,574,-678,501,-328,-646,700,-56,-790,700,0,0,0,0,0,0,0,0,0,0,0,0,0,0,0,5,21598,0,21652,0,0,0,0,3671636,3680958,0,0,0,0,0,1000,1000,4774555
MPCTASK: EXP,0,48,2377,-81,-245,736,-290,-1092,4,449,-778,398,-418,-813,700,8,-862,700,0,0,0,0,0,0,0,0,0,0,0,0,0,0,0,5,25185,0,25450,0,0,0,0,4281315,4326480,0,0,0,0,0,1000,1000,4774555
MPCTASK: EXP,0,50,2476,-85,-362,733,-107,-1132,-41,186,-896,235,-464,-963,700,99,-925,700,0,0,0,0,0,0,0,0,0,0,0,0,0,0,0,5,22815,0,22871,0,0,0,0,3878369,3888138,0,0,0,0,0,1000,1000,4774555
MPCTASK: EXP,0,52,2577,-77,-459,727,67,-1122,-54,-3,-945,51,-462,-1095,700,177,-959,700,0,0,0,0,0,0,0,0,0,0,0,0,0,0,0,5,24905,0,24958,0,0,0,0,4233683,4243006,0,0,0,0,0,1000,1000,4774555
MPCTASK: EXP,0,54,2676,-62,-536,721,231,-1053,-56,-232,-910,-164,-411,-1203,700,241,-952,700,0,0,0,0,0,0,0,0,0,0,0,0,0,0,0,5,23794,0,23848,0,0,0,0,4044887,4054210,0,0,0,0,0,1000,1000,4774555
MPCTASK: EXP,0,56,2777,-13,-627,717,406,-1005,-30,-403,-807,-358,-317,-1287,700,311,-957,700,0,0,0,0,0,0,0,0,0,0,0,0,0,0,0,5,25331,0,25386,0,0,0,0,4306099,4315701,0,0,0,0,0,1000,1000,4774555
MPCTASK: EXP,0,58,2877,35,-691,714,537,-876,-5,-645,-530,-539,-188,-1344,700,341,-912,700,0,0,0,0,0,0,0,0,0,0,0,0,0,0,0,5,23867,0,23924,0,0,0,0,4057255,4067040,0,0,0,0,0,1000,1000,4774555
MPCTASK: EXP,0,60,2979,97,-741,716,621,-711,19,-799,-154,-651,-38,-1373,700,354,-848,700,0,0,0,0,0,0,0,0,0,0,0,0,0,0,0,5,27120,0,27173,0,0,0,0,4610287,4619615,0,0,0,0,0,1000,1000,4774555
MPCTASK: EXP,0,62,3072,161,-785,719,636,-536,20,-902,229,-690,118,-1372,700,340,-776,700,0,0,0,0,0,0,0,0,0,0,0,0,0,0,0,5,19894,0,19948,0,0,0,0,3381911,3391364,0,0,0,0,0,1000,1000,4774555
MPCTASK: EXP,0,64,3176,227,-808,724,599,-339,9,-953,567,-681,266,-1342,700,308,-685,700,0,0,0,0,0,0,0,0,0,0,0,0,0,0,0,5,23041,0,23095,0,0,0,0,3916879,3926208,0,0,0,0,0,1000,1000,4774555
MPCTASK: EXP,0,66,3276,276,-799,728,489,-110,4,-991,910,-622,392,-1284,700,243,-562,700,0,0,0,0,0,0,0,0,0,0,0,0,0,0,0,5,23220,0,23275,0,0,0,0,3947259,3956858,0,0,0,0,0,1000,1000,4774555
MPCTASK: EXP,0,68,3376,321,-793,729,342,79,-26,-963,1139,-525,482,-1198,700,176,-458,700,0,0,0,0,0,0,0,0,0,0,0,0,0,0,0,5,23598,0,24054,0,0,0,0,4011611,4089223,0,0,0,0,0,1000,1000,4774555
MPCTASK: EXP,0,70,3477,339,-768,725,143,273,-61,-999,1297,-402,528,-1088,700,88,-336,700,0,0,0,0,0,0,0,0,0,0,0,0,0,0,0,5,24628,0,24803,0,0,0,0,4186660,4216603,0,0,0,0,0,1000,1000,4774555
MPCTASK: EXP,0,72,3581,336,-722,716,-85,479,-86,-1017,1352,-271,525,-956,700,-2,-203,700,0,0,0,0,0,0,0,0,0,0,0,0,0,0,0,5,26651,0,26881,0,0,0,0,4530596,4569878,0,0,0,0,0,1000,1000,4774555
MPCTASK: EXP,0,74,3671,299,-657,703,-333,683,-91,-976,1219,-185,474,-804,700,-96,-65,700,0,0,0,0,0,0,0,0,0,0,0,0,0,0,0,5,17684,0,17738,0,0,0,0,3006187,3015520,0,0,0,0,0,1000,1000,4774555
MPCTASK: EXP,0,76,3779,249,-571,695,-539,875,-43,-867,942,-111,379,-637,700,-164,76,700,0,0,0,0,0,0,0,0,0,0,0,0,0,0,0,5,26216,0,26270,0,0,0,0,4456659,4465982,0,0,0,0,0,1000,1000,4774555
MPCTASK: EXP,0,78,3878,178,-492,695,-692,996,13,-644,622,-60,251,-459,700,-217,180,700,0,0,0,0,0,0,0,0,0,0,0,0,0,0,0,5,24991,0,25045,0,0,0,0,4248507,4257830,0,0,0,0,0,1000,1000,4774555
MPCTASK: EXP,0,80,3978,109,-409,698,-762,1056,40,-336,218,-13,100,-275,700,-227,260,700,0,0,0,0,0,0,0,0,0,0,0,0,0,0,0,5,24233,0,24286,0,0,0,0,4119439,4128766,0,0,0,0,0,1000,1000,4774555
MPCTASK: EXP,0,82,4079,49,-325,701,-748,1060,37,-126,-138,35,-56,-88,700,-202,326,700,0,0,0,0,0,0,0,0,0,0,0,0,0,0,0,5,25985,0,26039,0,0,0,0,4417331,4426662,0,0,0,0,0,1000,1000,4774555
MPCTASK: EXP,0,84,4180,-8,-254,709,-677,1024,47,-58,-468,71,-205,96,700,-156,373,700,0,0,0,0,0,0,0,0,0,0,0,0,0,0,0,5,27227,0,27283,0,0,0,0,4628491,4638106,0,0,0,0,0,1000,1000,4774555
MPCTASK: EXP,0,86,4273,-37,-186,722,-536,985,48,-98,-713,108,-330,274,700,-75,415,700,0,0,0,0,0,0,0,0,0,0,0,0,0,0,0,5,20267,0,20328,0,0,0,0,3445151,3455785,0,0,0,0,0,1000,1000,4774555
MPCTASK: EXP,0,88,4379,-59,-114,726,-373,970,-5,-209,-892,115,-420,440,700,9,460,700,0,0,0,0,0,0,0,0,0,0,0,0,0,0,0,5,25670,0,25724,0,0,0,0,4363895,4373218,0,0,0,0,0,1000,1000,4774555
MPCTASK: EXP,0,90,4476,-77,14,726,-199,1055,-41,-214,-1014,101,-466,591,700,87,557,700,0,0,0,0,0,0,0,0,0,0,0,0,0,0,0,5,22234,0,22288,0,0,0,0,3779692,3789018,0,0,0,0,0,1000,1000,4774555
MPCTASK: EXP,0,92,4582,-55,109,719,24,1062,-63,9,-1050,107,-463,723,700,189,589,700,0,0,0,0,0,0,0,0,0,0,0,0,0,0,0,5,28957,0,29011,0,0,0,0,4922619,4931946,0,0,0,0,0,1000,1000,4931946
MPCTASK: EXP,0,94,4676,-34,198,711,207,1027,-68,179,-843,196,-412,833,700,250,605,700,0,0,0,0,0,0,0,0,0,0,0,0,0,0,0,5,22617,0,22973,0,0,0,0,3844887,3905500,0,0,0,0,0,1000,1000,4931946
MPCTASK: EXP,0,96,4777,0,265,700,346,943,-78,320,-567,309,-317,917,700,291,585,700,0,0,0,0,0,0,0,0,0,0,0,0,0,0,0,5,23746,0,23800,0,0,0,0,4036819,4046142,0,0,0,0,0,1000,1000,4931946
MPCTASK: EXP,0,98,4876,20,328,688,404,847,-95,424,-349,423,-189,974,700,287,552,700,0,0,0,0,0,0,0,0,0,0,0,0,0,0,0,5,22599,0,22653,0,0,0,0,3841827,3851155,0,0,0,0,0,1000,1000,4931946
MPCTASK: EXP,0,100,4975,64,400,684,466,734,-17,789,-233,487,-38,1003,700,298,504,700,0,0,0,0,0,0,0,0,0,0,0,0,0,0,0,5,21900,0,21954,0,0,0,0,3722823,3732147,0,0,0,0,0,1000,1000,4931946
MPCTASK: EXP,0,102,5077,75,452,691,447,555,32,963,-14,467,118,1002,700,242,440,700,0,0,0,0,0,0,0,0,0,0,0,0,0,0,0,5,23955,0,24017,0,0,0,0,4072303,4083023,0,0,0,0,0,1000,1000,4931946
MPCTASK: EXP,0,104,5178,122,473,699,434,347,32,1046,399,402,266,973,700,198,340,700,0,0,0,0,0,0,0,0,0,0,0,0,0,0,0,5,24250,0,24304,0,0,0,0,4122495,4131823,0,0,0,0,0,1000,1000,4931946
MPCTASK: EXP,0,106,5275,139,479,702,333,122,24,1158,522,332,392,914,700,126,227,700,0,0,0,0,0,0,0,0,0,0,0,0,0,0,0,5,22001,0,22054,0,0,0,0,3739995,3749320,0,0,0,0,0,1000,1000,4931946
MPCTASK: EXP,0,108,5374,110,425,696,160,-161,-46,1135,731,284,482,829,700,3,64,700,0,0,0,0,0,0,0,0,0,0,0,0,0,0,0,5,21250,0,21304,0,0,0,0,3612451,3621779,0,0,0,0,0,1000,1000,4931946
MPCTASK: EXP,0,110,5476,58,382,688,-35,-398,-45,1090,615,313,528,719,700,-115,-75,700,0,0,0,0,0,0,0,0,0,0,0,0,0,0,0,5,23505,0,23567,0,0,0,0,3995656,4006376,0,0,0,0,0,1000,1000,4931946
MPCTASK: EXP,0,112,5579,17,307,678,-174,-634,-46,940,587,390,525,586,700,-208,-229,700,0,0,0,0,0,0,0,0,0,0,0,0,0,0,0,5,24928,0,24982,0,0,0,0,4237719,4247046,0,0,0,0,0,1000,1000,4931946
MPCTASK: EXP,0,114,5676,-5,216,672,-267,-821,-6,690,544,455,474,434,700,-259,-372,700,0,0,0,0,0,0,0,0,0,0,0,0,0,0,0,5,23071,0,23125,0,0,0,0,3922139,3931462,0,0,0,0,0,1000,1000,4931946
MPCTASK: EXP,0,116,5774,-97,170,675,-425,-884,60,569,361,459,379,268,700,-349,-453,700,0,0,0,0,0,0,0,0,0,0,0,0,0,0,0,5,21233,0,21287,0,0,0,0,3609587,3618914,0,0,0,0,0,1000,1000,4931946
MPCTASK: EXP,0,118,5874,-141,74,686,-450,-995,96,637,-16,347,251,90,700,-346,-585,700,0,0,0,0,0,0,0,0,0,0,0,0,0,0,0,5,20672,0,20990,0,0,0,0,3514151,3568380,0,0,0,0,0,1000,1000,4931946
MPCTASK: EXP,0,120,5979,-153,-34,696,-382,-1098,81,465,-208,187,100,-94,700,-295,-701,700,0,0,0,0,0,0,0,0,0,0,0,0,0,0,0,5,23341,0,23395,0,0,0,0,3967808,3977284,0,0,0,0,0,1000,1000,4931946
MPCTASK: EXP,0,122,6075,-180,-159,705,-335,-1175,66,214,-196,49,-56,-281,700,-260,-810,700,0,0,0,0,0,0,0,0,0,0,0,0,0,0,0,5,20359,0,20412,0,0,0,0,3460935,3470104,0,0,0,0,0,1000,1000,4931946
MPCTASK: EXP,0,124,6179,-183,-263,715,-257,-1168,68,-26,-279,-84,-205,-466,700,-186,-879,700,0,0,0,0,0,0,0,0,0,0,0,0,0,0,0,5,23716,0,23771,0,0,0,0,4031667,4041140,0,0,0,0,0,1000,1000,4931946
MPCTASK: EXP,0,126,6278,-196,-376,725,-189,-1150,64,-140,-399,-198,-330,-644,700,-118,-949,700,0,0,0,0,0,0,0,0,0,0,0,0,0,0,0,5,22097,0,22159,0,0,0,0,3756408,3767116,0,0,0,0,0,1000,1000,4931946
MPCTASK: EXP,0,128,6377,-196,-476,730,-87,-1106,21,-182,-557,-305,-420,-810,700,-35,-1000,700,0,0,0,0,0,0,0,0,0,0,0,0,0,0,0,5,21719,0,21771,0,0,0,0,3692043,3701211,0,0,0,0,0,1000,1000,4931946
MPCTASK: EXP,0,130,6479,-194,-563,729,23,-1045,-29,-253,-695,-397,-466,-961,700,43,-1025,700,0,0,0,0,0,0,0,0,0,0,0,0,0,0,0,5,23547,0,23611,0,0,0,0,4002911,4013926,0,0,0,0,0,1000,1000,4931946
MPCTASK: EXP,0,132,6583,-183,-631,730,154,-955,-27,-355,-794,-500,-463,-1093,700,119,-1021,700,0,0,0,0,0,0,0,0,0,0,0,0,0,0,0,5,27254,0,27443,0,0,0,0,4633187,4665472,0,0,0,0,0,1000,1000,4931946
MPCTASK: EXP,0,134,6679,-152,-697,726,313,-867,-43,-398,-840,-579,-412,-1202,700,193,-1012,700,0,0,0,0,0,0,0,0,0,0,0,0,0,0,0,5,22733,0,22974,0,0,0,0,3864632,3905591,0,0,0,0,0,1000,1000,4931946
MPCTASK: EXP,0,136,6780,-103,-759,723,476,-769,-36,-526,-743,-637,-317,-1287,700,262,-985,700,0,0,0,0,0,0,0,0,0,0,0,0,0,0,0,5,24290,0,24706,0,0,0,0,4129235,4200088,0,0,0,0,0,1000,1000,4931946
MPCTASK: EXP,0,138,6878,-47,-796,714,606,-631,-56,-614,-542,-668,-189,-1344,700,304,-927,700,0,0,0,0,0,0,0,0,0,0,0,0,0,0,0,5,23323,0,23376,0,0,0,0,3964835,3974001,0,0,0,0,0,1000,1000,4931946
MPCTASK: EXP,0,140,6980,12,-812,707,691,-468,-35,-637,-292,-703,-38,-1373,700,321,-846,700,0,0,0,0,0,0,0,0,0,0,0,0,0,0,0,5,24923,0,25466,0,0,0,0,4236815,4329211,0,0,0,0,0,1000,1000,4931946
MPCTASK: EXP,0,142,7076,79,-823,705,738,-328,1,-636,0,-705,118,-1372,700,321,-766,700,0,0,0,0,0,0,0,0,0,0,0,0,0,0,0,5,21029,0,21083,0,0,0,0,3574939,3584108,0,0,0,0,0,1000,1000,4931946
MPCTASK: EXP,0,144,7179,151,-818,710,721,-167,28,-675,395,-684,266,-1342,700,294,-664,700,0,0,0,0,0,0,0,0,0,0,0,0,0,0,0,5,23925,0,23978,0,0,0,0,4067139,4076308,0,0,0,0,0,1000,1000,4931946
MPCTASK: EXP,0,146,7276,230,-813,716,630,-4,23,-712,856,-596,392,-1284,700,248,-561,700,0,0,0,0,0,0,0,0,0,0,0,0,0,0,0,5,21014,0,21067,0,0,0,0,3572307,3581470,0,0,0,0,0,1000,1000,4931946
MPCTASK: EXP,0,148,7379,274,-782,720,483,157,-3,-809,1205,-490,482,-1199,700,173,-438,700,0,0,0,0,0,0,0,0,0,0,0,0,0,0,0,5,23614,0,23668,0,0,0,0,4014267,4023720,0,0,0,0,0,1000,1000,4931946
MPCTASK: EXP,0,150,7477,306,-749,719,240,339,-61,-896,1465,-340,528,-1088,700,79,-311,700,0,0,0,0,0,0,0,0,0,0,0,0,0,0,0,5,20745,0,21073,0,0,0,0,3526547,3582475,0,0,0,0,0,1000,1000,4931946
MPCTASK: EXP,0,152,7583,316,-702,712,-7,515,-93,-941,1503,-201,525,-956,700,-6,-183,700,0,0,0,0,0,0,0,0,0,0,0,0,0,0,0,5,24762,0,25079,0,0,0,0,4209497,4263466,0,0,0,0,0,1000,1000,4931946
MPCTASK: EXP,0,154,7678,288,-634,701,-282,709,-91,-984,1403,-87,474,-804,700,-103,-40,700,0,0,0,0,0,0,0,0,0,0,0,0,0,0,0,5,21016,0,21072,0,0,0,0,3572655,3582402,0,0,0,0,0,1000,1000,4931946
MPCTASK: EXP,0,156,7782,242,-582,692,-519,848,-48,-872,1107,-41,379,-637,700,-175,62,700,0,0,0,0,0,0,0,0,0,0,0,0,0,0,0,5,25338,0,25392,0,0,0,0,4307295,4316618,0,0,0,0,0,1000,1000,4931946
MPCTASK: EXP,0,158,7877,180,-500,688,-690,985,-6,-695,746,-3,251,-459,700,-222,174,700,0,0,0,0,0,0,0,0,0,0,0,0,0,0,0,5,20540,0,20600,0,0,0,0,3491783,3502104,0,0,0,0,0,1000,1000,4931946
MPCTASK: EXP,0,160,7982,104,-415,687,-789,1060,25,-390,300,17,100,-274,700,-243,259,700,0,0,0,0,0,0,0,0,0,0,0,0,0,0,0,5,24135,0,24189,0,0,0,0,4102827,4112154,0,0,0,0,0,1000,1000,4931946
MPCTASK: EXP,0,162,8076,49,-338,693,-769,1062,68,-143,-153,56,-56,-87,700,-207,318,700,0,0,0,0,0,0,0,0,0,0,0,0,0,0,0,5,19031,0,19084,0,0,0,0,3235035,3244363,0,0,0,0,0,1000,1000,4931946
MPCTASK: EXP,0,164,8187,-12,-252,703,-700,1050,66,-94,-495,89,-205,96,700,-163,384,700,0,0,0,0,0,0,0,0,0,0,0,0,0,0,0,5,29609,0,29663,0,0,0,0,5033472,5042795,0,0,0,0,0,1000,1000,5042795
MPCTASK: EXP,0,166,8279,-45,-187,715,-572,1017,52,-82,-786,117,-330,274,700,-86,421,700,0,0,0,0,0,0,0,0,0,0,0,0,0,0,0,5,22314,0,22367,0,0,0,0,3793211,3802376,0,0,0,0,0,1000,1000,5042795
MPCTASK: EXP,0,168,8383,-75,-92,722,-380,1013,3,-152,-1012,127,-420,440,700,3,485,700,0,0,0,0,0,0,0,0,0,0,0,0,0,0,0,5,24958,0,25396,0,0,0,0,4242807,4317462,0,0,0,0,0,1000,1000,5042795
MPCTASK: EXP,0,170,8480,-89,0,720,-187,1032,-44,-187,-1077,128,-466,591,700,84,540,700,0,0,0,0,0,0,0,0,0,0,0,0,0,0,0,5,22774,0,22830,0,0,0,0,3871503,3881170,0,0,0,0,0,1000,1000,5042795
MPCTASK: EXP,0,172,8581,-73,111,710,30,1073,-87,-132,-1049,168,-463,723,700,177,605,700,0,0,0,0,0,0,0,0,0,0,0,0,0,0,0,5,23425,0,23479,0,0,0,0,3982059,3991387,0,0,0,0,0,1000,1000,5042795
MPCTASK: EXP,0,174,8679,-50,170,697,200,1032,-112,27,-854,259,-412,832,700,236,595,700,0,0,0,0,0,0,0,0,0,0,0,0,0,0,0,5,21715,0,22035,0,0,0,0,3691603,3746092,0,0,0,0,0,1000,1000,5042795
MPCTASK: EXP,0,176,8782,-13,254,682,352,990,-98,272,-663,358,-317,917,700,288,588,700,0,0,0,0,0,0,0,0,0,0,0,0,0,0,0,5,24137,0,24193,0,0,0,0,4103083,4112767,0,0,0,0,0,1000,1000,5042795
MPCTASK: EXP,0,178,8878,36,327,682,477,877,15,660,-512,363,-188,974,700,329,548,700,0,0,0,0,0,0,0,0,0,0,0,0,0,0,0,5,21028,0,21082,0,0,0,0,3574631,3583958,0,0,0,0,0,1000,1000,5042795
MPCTASK: EXP,0,180,8981,120,402,691,608,741,47,836,-343,261,-38,1003,700,377,510,700,0,0,0,0,0,0,0,0,0,0,0,0,0,0,0,5,23782,0,23844,0,0,0,0,4042947,4053570,0,0,0,0,0,1000,1000,5042795
MPCTASK: EXP,0,182,9078,189,457,698,636,572,22,1043,180,116,118,1002,700,359,442,700,0,0,0,0,0,0,0,0,0,0,0,0,0,0,0,5,20573,0,20629,0,0,0,0,3497451,3507073,0,0,0,0,0,1000,1000,5042795
MPCTASK: EXP,0,184,9184,265,523,704,601,425,12,1034,576,-6,266,973,700,329,398,700,0,0,0,0,0,0,0,0,0,0,0,0,0,0,0,5,25082,0,25136,0,0,0,0,4263884,4273211,0,0,0,0,0,1000,1000,5042795
MPCTASK: EXP,0,186,9282,295,546,709,428,208,2,1367,996,-106,391,915,700,233,283,700,0,0,0,0,0,0,0,0,0,0,0,0,0,0,0,5,23936,0,23989,0,0,0,0,4069067,4078232,0,0,0,0,0,1000,1000,5042795
MPCTASK: EXP,0,188,9380,254,530,708,144,-87,-32,1665,1112,-119,481,830,700,76,124,700,0,0,0,0,0,0,0,0,0,0,0,0,0,0,0,5,21974,0,22028,0,0,0,0,3735567,3744901,0,0,0,0,0,1000,1000,5042795
MPCTASK: EXP,0,190,9481,235,465,696,-77,-433,-118,1565,1070,-79,527,720,700,-28,-54,700,0,0,0,0,0,0,0,0,0,0,0,0,0,0,0,5,22634,0,22687,0,0,0,0,3847588,3856938,0,0,0,0,0,1000,1000,5042795
MPCTASK: EXP,0,192,9579,153,351,675,-352,-784,-126,1196,996,49,523,588,700,-181,-253,700,0,0,0,0,0,0,0,0,0,0,0,0,0,0,0,5,20165,0,20221,0,0,0,0,3428015,3437623,0,0,0,0,0,1000,1000,5042795
MPCTASK: EXP,0,194,9680,90,239,656,-545,-1013,-70,673,704,207,472,437,700,-266,-407,700,0,0,0,0,0,0,0,0,0,0,0,0,0,0,0,5,21263,0,21316,0,0,0,0,3614656,3623836,0,0,0,0,0,1000,1000,5042795
MPCTASK: EXP,0,196,9783,-14,144,652,-704,-1103,41,296,325,366,377,270,700,-354,-517,700,0,0,0,0,0,0,0,0,0,0,0,0,0,0,0,5,24988,0,25049,0,0,0,0,4247951,4258470,0,0,0,0,0,1000,1000,5042795
MPCTASK: EXP,0,198,9880,-86,45,666,-719,-1114,141,100,-114,434,249,92,700,-364,-613,700,0,0,0,0,0,0,0,0,0,0,0,0,0,0,0,5,20256,0,20608,0,0,0,0,3443431,3503515,0,0,0,0,0,1000,1000,5042795
MPCTASK: EXP,0,200,9986,-162,-4,693,-680,-1035,175,71,-398,463,100,-93,700,-361,-649,700,0,0,0,0,0,0,0,0,0,0,0,0,0,0,0,5,25994,0,26048,0,0,0,0,4418963,4428155,0,0,0,0,0,1000,1000,5042795
MPCTASK: EXP,0,202,10079,-203,-92,715,-574,-1020,127,143,-569,467,-55,-282,700,-310,-726,700,0,0,0,0,0,0,0,0,0,0,0,0,0,0,0,5,20054,0,20108,0,0,0,0,3409103,3418465,0,0,0,0,0,1000,1000,5042795
MPCTASK: EXP,0,204,10183,-241,-167,728,-453,-1000,53,233,-750,447,-201,-470,700,-251,-781,700,0,0,0,0,0,0,0,0,0,0,0,0,0,0,0,5,24221,0,24275,0,0,0,0,4117455,4126815,0,0,0,0,0,1000,1000,5042795
MPCTASK: EXP,0,206,10280,-260,-249,733,-294,-1004,-7,287,-843,359,-323,-652,700,-176,-834,700,0,0,0,0,0,0,0,0,0,0,0,0,0,0,0,5,19867,0,19924,0,0,0,0,3377248,3387159,0,0,0,0,0,1000,1000,5042795
MPCTASK: EXP,0,208,10383,-228,-338,729,-71,-1026,-63,275,-933,219,-409,-823,700,-55,-880,700,0,0,0,0,0,0,0,0,0,0,0,0,0,0,0,5,23190,0,23244,0,0,0,0,3942193,3951557,0,0,0,0,0,1000,1000,5042795
MPCTASK: EXP,0,210,10478,-215,-414,720,102,-1026,-72,169,-852,35,-452,-978,700,16,-890,700,0,0,0,0,0,0,0,0,0,0,0,0,0,0,0,5,19290,0,19345,0,0,0,0,3279199,3288852,0,0,0,0,0,1000,1000,5042795
MPCTASK: EXP,0,212,10587,-180,-506,711,273,-1027,-43,-38,-757,-171,-447,-1112,700,86,-897,700,0,0,0,0,0,0,0,0,0,0,0,0,0,0,0,5,27506,0,27568,0,0,0,0,4675883,4686647,0,0,0,0,0,1000,1000,5042795
MPCTASK: EXP,0,214,10681,-128,-591,705,427,-980,-10,-326,-591,-393,-396,-1221,700,145,-872,700,0,0,0,0,0,0,0,0,0,0,0,0,0,0,0,5,20067,0,20124,0,0,0,0,3411299,3421203,0,0,0,0,0,1000,1000,5042795
MPCTASK: EXP,0,216,10789,-59,-665,705,546,-872,22,-676,-255,-556,-307,-1299,699,181,-817,699,0,0,0,0,0,0,0,0,0,0,0,0,0,0,0,5,28471,0,28531,0,0,0,0,4839843,4850471,0,0,0,0,0,1000,1000,5042795
MPCTASK: EXP,0,218,10879,-3,-704,709,569,-672,33,-989,185,-628,-191,-1342,699,174,-717,699,0,0,0,0,0,0,0,0,0,0,0,0,0,0,0,5,18328,0,18383,0,0,0,0,3115819,3125183,0,0,0,0,0,1000,1000,5042795
MPCTASK: EXP,0,220,10981,62,-737,715,546,-449,25,-1170,528,-631,-62,-1346,699,166,-627,699,0,0,0,0,0,0,0,0,0,0,0,0,0,0,0,5,20049,0,20110,0,0,0,0,3408235,3418719,0,0,0,0,0,1000,1000,5042795
MPCTASK: EXP,0,222,11086,111,-745,720,459,-201,-1,-1224,790,-586,62,-1308,699,143,-541,699,0,0,0,0,0,0,0,0,0,0,0,0,0,0,0,5,24505,0,24559,0,0,0,0,4165872,4175239,0,0,0,0,0,1000,1000,5042795
MPCTASK: EXP,0,224,11186,160,-730,718,349,48,-43,-1145,917,-505,167,-1228,699,140,-471,699,0,0,0,0,0,0,0,0,0,0,0,0,0,0,0,5,24500,0,24554,0,0,0,0,4164963,4174334,0,0,0,0,0,1000,1000,5042795
MPCTASK: EXP,0,226,11281,185,-692,712,200,278,-65,-955,958,-404,241,-1109,700,128,-418,700,0,0,0,0,0,0,0,0,0,0,0,0,0,0,0,5,19922,0,19976,0,0,0,0,3386735,3395940,0,0,0,0,0,1000,1000,5042795
MPCTASK: EXP,0,228,11387,208,-650,701,63,442,-67,-604,808,-303,275,-957,700,125,-382,700,0,0,0,0,0,0,0,0,0,0,0,0,0,0,0,5,25353,0,25673,0,0,0,0,4309937,4364628,0,0,0,0,0,1000,1000,5042795
MPCTASK: EXP,0,230,11482,209,-605,692,-58,521,-33,-234,558,-220,268,-784,700,115,-357,700,0,0,0,0,0,0,0,0,0,0,0,0,0,0,0,5,20283,0,20337,0,0,0,0,3448107,3457312,0,0,0,0,0,1000,1000,5042795
MPCTASK: EXP,0,232,11587,188,-536,687,-155,564,-6,74,335,-126,227,-605,700,86,-302,700,0,0,0,0,0,0,0,0,0,0,0,0,0,0,0,5,25997,0,26052,0,0,0,0,4419427,4428792,0,0,0,0,0,1000,1000,5042795
MPCTASK: EXP,0,234,11681,172,-484,694,-191,523,54,322,112,-35,165,-440,700,63,-250,700,0,0,0,0,0,0,0,0,0,0,0,0,0,0,0,5,19470,0,19525,0,0,0,0,3309887,3319255,0,0,0,0,0,1000,1000,5042795
MPCTASK: EXP,0,236,11786,149,-428,703,-204,473,58,335,15,33,102,-307,700,19,-153,700,0,0,0,0,0,0,0,0,0,0,0,0,0,0,0,5,24728,0,24791,0,0,0,0,4203640,4214407,0,0,0,0,0,1000,1000,5042795
MPCTASK: EXP,0,238,11885,141,-402,708,-189,401,15,129,43,80,54,-222,700,-20,-50,700,0,0,0,0,0,0,0,0,0,0,0,0,0,0,0,5,23482,0,23535,0,0,0,0,3991787,4001004,0,0,0,0,0,1000,1000,5042795
MPCTASK: EXP,0,240,11983,131,-380,706,-192,383,-21,-294,182,109,33,-188,700,-53,65,700,0,0,0,0,0,0,0,0,0,0,0,0,0,0,0,5,21994,0,22048,0,0,0,0,3738807,3748175,0,0,0,0,0,1000,1000,5042795
MPCTASK: EXP,0,242,12087,132,-361,702,-205,437,-21,-762,330,134,30,-184,700,-48,172,700,0,0,0,0,0,0,0,0,0,0,0,0,0,0,0,5,26085,0,26139,0,0,0,0,4434379,4443584,0,0,0,0,0,1000,1000,5042795
MPCTASK: EXP,0,244,12186,120,-325,706,-254,572,-1,-1084,364,130,26,-177,700,-24,264,700,0,0,0,0,0,0,0,0,0,0,0,0,0,0,0,5,24902,0,24964,0,0,0,0,4233163,4243911,0,0,0,0,0,1000,1000,5042795
MPCTASK: EXP,0,246,12286,95,-266,707,-305,758,-16,-1193,221,97,1,-131,700,3,363,700,0,0,0,0,0,0,0,0,0,0,0,0,0,0,0,5,23602,0,23656,0,0,0,0,4012208,4021575,0,0,0,0,0,1000,1000,5042795
MPCTASK: EXP,0,248,12390,69,-184,699,-317,946,-56,-983,-52,58,-45,-32,700,48,453,700,0,0,0,0,0,0,0,0,0,0,0,0,0,0,0,5,27948,0,28003,0,0,0,0,4751079,4760555,0,0,0,0,0,1000,1000,5042795
MPCTASK: EXP,0,250,12484,58,-112,694,-254,1049,-30,-604,-393,41,-101,112,700,120,495,700,0,0,0,0,0,0,0,0,0,0,0,0,0,0,0,5,22089,0,22143,0,0,0,0,3754995,3764359,0,0,0,0,0,1000,1000,5042795
MPCTASK: EXP,0,252,12586,36,0,691,-163,1135,-3,-280,-676,45,-148,286,700,175,559,700,0,0,0,0,0,0,0,0,0,0,0,0,0,0,0,5,24088,0,24425,0,0,0,0,4094835,4152362,0,0,0,0,0,1000,1000,5042795
MPCTASK: EXP,0,254,12686,46,77,697,0,1104,41,20,-860,66,-169,468,700,254,561,700,0,0,0,0,0,0,0,0,0,0,0,0,0,0,0,5,22957,0,23012,0,0,0,0,3902720,3912087,0,0,0,0,0,1000,1000,5042795
MPCTASK: EXP,0,256,12789,62,198,703,155,1105,20,224,-833,73,-154,637,700,304,599,700,0,0,0,0,0,0,0,0,0,0,0,0,0,0,0,5,26897,0,26951,0,0,0,0,4572391,4581885,0,0,0,0,0,1000,1000,5042795
MPCTASK: EXP,0,258,12882,82,280,705,277,1006,-33,588,-686,126,-100,780,699,327,567,699,0,0,0,0,0,0,0,0,0,0,0,0,0,0,0,5,20072,0,20128,0,0,0,0,3412131,3421901,0,0,0,0,0,1000,1000,5042795
MPCTASK: EXP,0,260,12987,122,368,703,383,872,-45,858,-391,219,-11,886,699,337,537,699,0,0,0,0,0,0,0,0,0,0,0,0,0,0,0,5,24477,0,24537,0,0,0,0,4161091,4171444,0,0,0,0,0,1000,1000,5042795
MPCTASK: EXP,0,262,13086,122,441,698,368,711,-56,958,-17,263,101,949,699,273,490,699,0,0,0,0,0,0,0,0,0,0,0,0,0,0,0,5,21276,0,21329,0,0,0,0,3616848,3626052,0,0,0,0,0,1000,1000,5042795
MPCTASK: EXP,0,264,13187,153,487,695,361,498,-43,1233,84,265,224,968,699,241,398,699,0,0,0,0,0,0,0,0,0,0,0,0,0,0,0,5,22334,0,22387,0,0,0,0,3796691,3805894,0,0,0,0,0,1000,1000,5042795
MPCTASK: EXP,0,266,13290,165,500,695,308,224,-2,1389,274,184,341,945,699,172,274,699,0,0,0,0,0,0,0,0,0,0,0,0,0,0,0,5,23554,0,23889,0,0,0,0,4004196,4061332,0,0,0,0,0,1000,1000,5042795
MPCTASK: EXP,0,268,13390,183,481,691,238,-59,-34,1328,514,104,436,883,699,101,139,699,0,0,0,0,0,0,0,0,0,0,0,0,0,0,0,5,23446,0,23703,0,0,0,0,3985796,4029572,0,0,0,0,0,1000,1000,5042795
MPCTASK: EXP,0,270,13486,196,455,684,121,-295,-52,1170,813,85,497,787,700,19,18,700,0,0,0,0,0,0,0,0,0,0,0,0,0,0,0,5,19665,0,19720,0,0,0,0,3342903,3352459,0,0,0,0,0,1000,1000,5042795
MPCTASK: EXP,0,272,13592,198,384,679,-37,-545,-23,1076,907,76,515,663,700,-53,-141,700,0,0,0,0,0,0,0,0,0,0,0,0,0,0,0,5,25356,0,25410,0,0,0,0,4310480,4319850,0,0,0,0,0,1000,1000,5042795
MPCTASK: EXP,0,274,13686,183,276,675,-201,-800,0,944,839,33,486,514,700,-121,-321,700,0,0,0,0,0,0,0,0,0,0,0,0,0,0,0,5,20111,0,20165,0,0,0,0,3418719,3428085,0,0,0,0,0,1000,1000,5042795
MPCTASK: EXP,0,276,13791,144,182,675,-363,-965,40,725,762,-5,412,348,700,-189,-457,700,0,0,0,0,0,0,0,0,0,0,0,0,0,0,0,5,23920,0,24193,0,0,0,0,4066340,4112852,0,0,0,0,0,1000,1000,5042795
MPCTASK: EXP,0,278,13889,142,40,679,-430,-1131,57,490,571,-96,299,169,700,-182,-622,700,0,0,0,0,0,0,0,0,0,0,0,0,0,0,0,5,21074,0,21128,0,0,0,0,3582419,3591784,0,0,0,0,0,1000,1000,5042795
MPCTASK: EXP,0,280,13990,82,-16,687,-532,-1104,80,158,424,-90,159,-16,700,-216,-660,700,0,0,0,0,0,0,0,0,0,0,0,0,0,0,0,5,23088,0,23142,0,0,0,0,3924879,3934242,0,0,0,0,0,1000,1000,5042795
MPCTASK: EXP,0,282,14090,3,-106,696,-621,-1079,80,-48,230,-76,5,-206,700,-244,-728,700,0,0,0,0,0,0,0,0,0,0,0,0,0,0,0,5,23064,0,23125,0,0,0,0,3920827,3931362,0,0,0,0,0,1000,1000,5042795
MPCTASK: EXP,0,284,14191,-46,-206,705,-614,-1058,67,-38,-119,-78,-146,-394,700,-208,-808,700,0,0,0,0,0,0,0,0,0,0,0,0,0,0,0,5,23360,0,23583,0,0,0,0,3971135,4009216,0,0,0,0,0,1000,1000,5042795
MPCTASK: EXP,0,286,14288,-99,-308,716,-557,-1049,56,5,-490,-75,-281,-576,700,-157,-885,700,0,0,0,0,0,0,0,0,0,0,0,0,0,0,0,5,20203,0,20256,0,0,0,0,3434388,3443754,0,0,0,0,0,1000,1000,5042795
MPCTASK: EXP,0,288,14389,-136,-388,722,-434,-1016,19,7,-790,-79,-387,-748,700,-87,-929,700,0,0,0,0,0,0,0,0,0,0,0,0,0,0,0,5,21066,0,21490,0,0,0,0,3581064,3653331,0,0,0,0,0,1000,1000,5042795
MPCTASK: EXP,0,290,14488,-157,-475,724,-264,-997,-17,-15,-1012,-101,-451,-905,700,-1,-971,700,0,0,0,0,0,0,0,0,0,0,0,0,0,0,0,5,21273,0,21327,0,0,0,0,3616375,3625743,0,0,0,0,0,1000,1000,5042795
MPCTASK: EXP,0,292,14591,-159,-553,724,-61,-959,-43,-110,-1140,-153,-469,-1045,700,88,-990,700,0,0,0,0,0,0,0,0,0,0,0,0,0,0,0,5,22828,0,23020,0,0,0,0,3880644,3913424,0,0,0,0,0,1000,1000,5042795
MPCTASK: EXP,0,294,14687,-142,-627,721,153,-907,-52,-230,-1138,-223,-437,-1163,700,175,-994,700,0,0,0,0,0,0,0,0,0,0,0,0,0,0,0,5,19656,0,19710,0,0,0,0,3341387,3350754,0,0,0,0,0,1000,1000,5042795
MPCTASK: EXP,0,296,14796,-89,-708,712,388,-856,-63,-364,-1024,-297,-359,-1257,700,266,-995,700,0,0,0,0,0,0,0,0,0,0,0,0,0,0,0,5,28175,0,28611,0,0,0,0,4789693,4864080,0,0,0,0,0,1000,1000,5042795
MPCTASK: EXP,0,298,14888,-30,-754,698,570,-731,-67,-564,-673,-361,-243,-1325,700,321,-943,700,0,0,0,0,0,0,0,0,0,0,0,0,0,0,0,5,21315,0,21377,0,0,0,0,3623427,3634084,0,0,0,0,0,1000,1000,5042795
MPCTASK: EXP,0,300,14992,39,-803,692,682,-594,-20,-692,-315,-418,-100,-1365,700,352,-888,700,0,0,0,0,0,0,0,0,0,0,0,0,0,0,0,5,23769,0,23822,0,0,0,0,4040567,4049772,0,0,0,0,0,1000,1000,5042795
MPCTASK: EXP,0,302,15089,105,-819,692,710,-410,21,-777,94,-457,55,-1376,700,346,-796,700,0,0,0,0,0,0,0,0,0,0,0,0,0,0,0,5,21735,0,21789,0,0,0,0,3694927,3704295,0,0,0,0,0,1000,1000,5042795
MPCTASK: EXP,0,304,15190,172,-827,699,676,-231,50,-806,432,-462,209,-1358,700,315,-700,700,0,0,0,0,0,0,0,0,0,0,0,0,0,0,0,5,23023,0,23077,0,0,0,0,3913675,3923043,0,0,0,0,0,1000,1000,5042795
MPCTASK: EXP,0,306,15291,238,-826,706,592,-62,35,-851,793,-432,345,-1311,700,267,-599,700,0,0,0,0,0,0,0,0,0,0,0,0,0,0,0,5,23834,0,23894,0,0,0,0,4051571,4062214,0,0,0,0,0,1000,1000,5042795
MPCTASK: EXP,0,308,15391,278,-803,712,433,123,4,-899,1092,-375,451,-1236,700,188,-479,700,0,0,0,0,0,0,0,0,0,0,0,0,0,0,0,5,22057,0,22307,0,0,0,0,3749635,3792312,0,0,0,0,0,1000,1000,5042795
MPCTASK: EXP,0,310,15492,306,-768,712,235,308,-26,-913,1288,-292,515,-1135,700,102,-353,700,0,0,0,0,0,0,0,0,0,0,0,0,0,0,0,5,23296,0,23350,0,0,0,0,3959951,3969487,0,0,0,0,0,1000,1000,5042795
MPCTASK: EXP,0,312,15592,314,-732,708,11,474,-53,-951,1357,-200,532,-1011,700,14,-234,700,0,0,0,0,0,0,0,0,0,0,0,0,0,0,0,5,24006,0,24060,0,0,0,0,4080887,4090254,0,0,0,0,0,1000,1000,5042795
MPCTASK: EXP,0,314,15690,288,-669,701,-238,659,-61,-934,1296,-125,500,-867,700,-83,-98,700,0,0,0,0,0,0,0,0,0,0,0,0,0,0,0,5,22016,0,22078,0,0,0,0,3742631,3753426,0,0,0,0,0,1000,1000,5042795
MPCTASK: EXP,0,316,15794,248,-593,691,-461,830,-60,-861,1087,-66,422,-706,700,-159,35,700,0,0,0,0,0,0,0,0,0,0,0,0,0,0,0,5,24912,0,24965,0,0,0,0,4234920,4244124,0,0,0,0,0,1000,1000,5042795
MPCTASK: EXP,0,318,15890,188,-522,684,-638,950,-23,-689,772,-38,305,-532,700,-215,138,700,0,0,0,0,0,0,0,0,0,0,0,0,0,0,0,5,21633,0,21688,0,0,0,0,3677675,3687047,0,0,0,0,0,1000,1000,5042795
MPCTASK: EXP,0,320,15992,128,-448,682,-732,1019,22,-452,412,0,162,-349,700,-233,221,700,0,0,0,0,0,0,0,0,0,0,0,0,0,0,0,5,23371,0,23425,0,0,0,0,3972996,3982363,0,0,0,0,0,1000,1000,5042795
MPCTASK: EXP,0,322,16091,72,-410,688,-743,984,74,-248,15,19,6,-162,700,-211,245,700,0,0,0,0,0,0,0,0,0,0,0,0,0,0,0,5,23239,0,23300,0,0,0,0,3950423,3961090,0,0,0,0,0,1000,1000,5042795
MPCTASK: EXP,0,324,16192,-13,-313,698,-731,1014,74,-212,-358,51,-147,23,700,-200,335,700,0,0,0,0,0,0,0,0,0,0,0,0,0,0,0,5,23217,0,23496,0,0,0,0,3946891,3994340,0,0,0,0,0,1000,1000,5042795
MPCTASK: EXP,0,326,16291,-54,-246,712,-610,997,64,-199,-695,97,-283,204,700,-127,381,700,0,0,0,0,0,0,0,0,0,0,0,0,0,0,0,5,22097,0,22152,0,0,0,0,3756427,3765794,0,0,0,0,0,1000,1000,5042795
MPCTASK: EXP,0,328,16389,-89,-166,717,-453,1003,7,-229,-941,125,-389,375,700,-49,437,700,0,0,0,0,0,0,0,0,0,0,0,0,0,0,0,5,21024,0,21078,0,0,0,0,3574011,3583379,0,0,0,0,0,1000,1000,5042795
MPCTASK: EXP,0,330,16491,-109,-75,719,-266,1031,-33,-253,-1089,157,-453,533,700,36,498,700,0,0,0,0,0,0,0,0,0,0,0,0,0,0,0,5,22694,0,22748,0,0,0,0,3857956,3867323,0,0,0,0,0,1000,1000,5042795
MPCTASK: EXP,0,332,16590,-114,22,714,-63,1067,-68,-187,-1137,178,-470,673,700,120,551,700,0,0,0,0,0,0,0,0,0,0,0,0,0,0,0,5,21289,0,21344,0,0,0,0,3619063,3628427,0,0,0,0,0,1000,1000,5042795
MPCTASK: EXP,0,334,16693,-106,135,704,139,1098,-76,22,-1087,179,-438,792,700,193,598,700,0,0,0,0,0,0,0,0,0,0,0,0,0,0,0,5,24177,0,24232,0,0,0,0,4110123,4119491,0,0,0,0,0,1000,1000,5042795
MPCTASK: EXP,0,336,16794,-38,268,696,388,1110,-60,344,-913,179,-360,886,700,296,643,700,0,0,0,0,0,0,0,0,0,0,0,0,0,0,0,5,26205,0,26262,0,0,0,0,4454875,4464691,0,0,0,0,0,1000,1000,5042795
MPCTASK: EXP,0,338,16887,21,359,689,537,1011,-60,594,-490,187,-243,955,700,339,627,700,0,0,0,0,0,0,0,0,0,0,0,0,0,0,0,5,19190,0,19242,0,0,0,0,3262171,3271377,0,0,0,0,0,1000,1000,5042795
MPCTASK: EXP,0,340,16992,64,461,687,579,891,-4,894,-157,175,-100,995,700,335,604,700,0,0,0,0,0,0,0,0,0,0,0,0,0,0,0,5,23190,0,23244,0,0,0,0,3942183,3951549,0,0,0,0,0,1000,1000,5042795
MPCTASK: EXP,0,342,17089,104,527,695,563,687,37,1237,70,123,55,1006,700,306,528,700,0,0,0,0,0,0,0,0,0,0,0,0,0,0,0,5,20585,0,20639,0,0,0,0,3499391,3508759,0,0,0,0,0,1000,1000,5042795
MPCTASK: EXP,0,344,17191,183,526,697,573,388,-16,1301,355,85,209,988,700,299,398,700,0,0,0,0,0,0,0,0,0,0,0,0,0,0,0,5,22976,0,23030,0,0,0,0,3905911,3915278,0,0,0,0,0,1000,1000,5042795
MPCTASK: EXP,0,346,17291,194,469,694,426,54,-46,1123,744,121,345,941,700,196,228,700,0,0,0,0,0,0,0,0,0,0,0,0,0,0,0,5,22646,0,22708,0,0,0,0,3849875,3860538,0,0,0,0,0,1000,1000,5042795
MPCTASK: EXP,0,348,17391,202,445,684,248,-162,-61,954,926,203,451,866,700,94,108,700,0,0,0,0,0,0,0,0,0,0,0,0,0,0,0,5,21904,0,21958,0,0,0,0,3723575,3732968,0,0,0,0,0,1000,1000,5042795
MPCTASK: EXP,0,350,17491,157,421,677,0,-341,-33,921,965,301,515,766,700,-44,-7,700,0,0,0,0,0,0,0,0,0,0,0,0,0,0,0,5,22706,0,22761,0,0,0,0,3860043,3869406,0,0,0,0,0,1000,1000,5042795
MPCTASK: EXP,0,352,17593,125,359,677,-185,-552,17,952,820,368,532,642,700,-139,-156,700,0,0,0,0,0,0,0,0,0,0,0,0,0,0,0,5,24989,0,25046,0,0,0,0,4248087,4257978,0,0,0,0,0,1000,1000,5042795
MPCTASK: EXP,0,354,17689,106,283,675,-305,-739,5,818,742,396,500,497,700,-198,-295,700,0,0,0,0,0,0,0,0,0,0,0,0,0,0,0,5,20491,0,20682,0,0,0,0,3483391,3516029,0,0,0,0,0,1000,1000,5042795
MPCTASK: EXP,0,356,17793,60,188,676,-434,-906,24,737,647,364,422,336,700,-261,-442,700,0,0,0,0,0,0,0,0,0,0,0,0,0,0,0,5,23930,0,23985,0,0,0,0,4068116,4077483,0,0,0,0,0,1000,1000,5042795
MPCTASK: EXP,0,358,17889,15,100,682,-521,-1021,62,613,432,305,305,162,700,-289,-560,700,0,0,0,0,0,0,0,0,0,0,0,0,0,0,0,5,21052,0,21107,0,0,0,0,3578807,3588175,0,0,0,0,0,1000,1000,5042795
MPCTASK: EXP,0,360,17990,2,7,687,-521,-1097,63,428,268,210,162,-20,700,-263,-661,700,0,0,0,0,0,0,0,0,0,0,0,0,0,0,0,5,22068,0,22122,0,0,0,0,3751443,3760813,0,0,0,0,0,1000,1000,5042795
MPCTASK: EXP,0,362,18091,-46,-82,698,-548,-1117,77,177,105,153,6,-206,700,-254,-734,700,0,0,0,0,0,0,0,0,0,0,0,0,0,0,0,5,21919,0,22111,0,0,0,0,3726100,3758887,0,0,0,0,0,1000,1000,5042795
MPCTASK: EXP,0,364,18192,-99,-178,708,-544,-1110,70,27,-137,103,-147,-393,700,-229,-804,700,0,0,0,0,0,0,0,0,0,0,0,0,0,0,0,5,23496,0,23551,0,0,0,0,3994359,4003723,0,0,0,0,0,1000,1000,5042795
MPCTASK: EXP,0,366,18291,-145,-268,718,-492,-1079,51,-21,-395,59,-283,-574,700,-181,-862,700,0,0,0,0,0,0,0,0,0,0,0,0,0,0,0,5,22305,0,22359,0,0,0,0,3791823,3801189,0,0,0,0,0,1000,1000,5042795
MPCTASK: EXP,0,368,18390,-180,-371,724,-391,-1069,12,16,-702,27,-389,-745,700,-111,-930,700,0,0,0,0,0,0,0,0,0,0,0,0,0,0,0,5,22199,0,22252,0,0,0,0,3773787,3782992,0,0,0,0,0,1000,1000,5042795
MPCTASK: EXP,0,370,18490,-197,-448,728,-248,-1043,-3,-1,-974,-13,-453,-903,700,-27,-964,700,0,0,0,0,0,0,0,0,0,0,0,0,0,0,0,5,21378,0,21670,0,0,0,0,3634147,3684016,0,0,0,0,0,1000,1000,5042795
MPCTASK: EXP,0,372,18591,-207,-547,727,-46,-1017,-47,-100,-1143,-69,-470,-1043,700,58,-1000,700,0,0,0,0,0,0,0,0,0,0,0,0,0,0,0,5,22264,0,22318,0,0,0,0,3784919,3794283,0,0,0,0,0,1000,1000,5042795
MPCTASK: EXP,0,374,18688,-198,-614,721,157,-943,-69,-263,-1157,-139,-438,-1161,700,136,-991,700,0,0,0,0,0,0,0,0,0,0,0,0,0,0,0,5,20118,0,20172,0,0,0,0,3419971,3429339,0,0,0,0,0,1000,1000,5042795
MPCTASK: EXP,0,376,18791,-151,-696,712,385,-880,-74,-390,-1069,-228,-360,-1256,700,226,-991,700,0,0,0,0,0,0,0,0,0,0,0,0,0,0,0,5,22784,0,22839,0,0,0,0,3873196,3882571,0,0,0,0,0,1000,1000,5042795
MPCTASK: EXP,0,378,18892,-102,-739,704,557,-767,-60,-530,-854,-315,-243,-1324,700,278,-943,700,0,0,0,0,0,0,0,0,0,0,0,0,0,0,0,5,23569,0,23889,0,0,0,0,4006695,4061271,0,0,0,0,0,1000,1000,5042795
MPCTASK: EXP,0,380,18991,-35,-773,699,697,-595,-22,-659,-466,-410,-100,-1365,700,311,-869,700,0,0,0,0,0,0,0,0,0,0,0,0,0,0,0,5,22641,0,22697,0,0,0,0,3848992,3858554,0,0,0,0,0,1000,1000,5042795
MPCTASK: EXP,0,382,19090,20,-790,700,736,-428,16,-691,-96,-470,55,-1376,700,302,-786,700,0,0,0,0,0,0,0,0,0,0,0,0,0,0,0,5,21241,0,21435,0,0,0,0,3610991,3643903,0,0,0,0,0,1000,1000,5042795
MPCTASK: EXP,0,384,19191,90,-810,700,730,-284,11,-727,270,-491,209,-1358,700,279,-708,700,0,0,0,0,0,0,0,0,0,0,0,0,0,0,0,5,23146,0,23199,0,0,0,0,3934615,3943820,0,0,0,0,0,1000,1000,5042795
MPCTASK: EXP,0,386,19292,140,-807,706,654,-131,22,-792,628,-484,345,-1311,700,223,-608,700,0,0,0,0,0,0,0,0,0,0,0,0,0,0,0,5,22444,0,22689,0,0,0,0,3815479,3857146,0,0,0,0,0,1000,1000,5042795
MPCTASK: EXP,0,388,19393,198,-798,715,507,52,14,-876,998,-417,451,-1236,700,154,-495,700,0,0,0,0,0,0,0,0,0,0,0,0,0,0,0,5,22822,0,22880,0,0,0,0,3879689,3889598,0,0,0,0,0,1000,1000,5042795
MPCTASK: EXP,0,390,19492,221,-772,717,308,231,-24,-931,1232,-332,515,-1135,700,63,-375,700,0,0,0,0,0,0,0,0,0,0,0,0,0,0,0,5,22453,0,22508,0,0,0,0,3817015,3826383,0,0,0,0,0,1000,1000,5042795
MPCTASK: EXP,0,392,19592,231,-736,713,88,411,-62,-994,1307,-229,532,-1011,700,-22,-250,700,0,0,0,0,0,0,0,0,0,0,0,0,0,0,0,5,22791,0,22845,0,0,0,0,3874383,3883748,0,0,0,0,0,1000,1000,5042795
MPCTASK: EXP,0,394,19694,221,-695,705,-125,573,-79,-1017,1282,-137,500,-867,700,-101,-134,700,0,0,0,0,0,0,0,0,0,0,0,0,0,0,0,5,23077,0,23138,0,0,0,0,3922982,3933588,0,0,0,0,0,1000,1000,5042795
MPCTASK: EXP,0,396,19796,173,-613,694,-386,789,-76,-977,1104,-52,422,-706,700,-193,17,700,0,0,0,0,0,0,0,0,0,0,0,0,0,0,0,5,24031,0,24085,0,0,0,0,4085123,4094486,0,0,0,0,0,1000,1000,5042795
MPCTASK: EXP,0,398,19892,117,-530,687,-572,951,-32,-793,789,-12,305,-532,700,-250,139,700,0,0,0,0,0,0,0,0,0,0,0,0,0,0,0,5,21226,0,21280,0,0,0,0,3608307,3617675,0,0,0,0,0,1000,1000,5042795
MPCTASK: EXP,0,400,19994,47,-441,682,-696,1056,13,-501,424,11,162,-349,700,-283,238,700,0,0,0,0,0,0,0,0,0,0,0,0,0,0,0,5,22645,0,22986,0,0,0,0,3849583,3907696,0,0,0,0,0,1000,1000,5042795
MPCTASK: EXP,0,402,20095,-12,-383,686,-726,1058,60,-248,27,15,6,-162,700,-269,284,700,0,0,0,0,0,0,0,0,0,0,0,0,0,0,0,5,23359,0,23553,0,0,0,0,3970804,4004096,0,0,0,0,0,1000,1000,5042795
MPCTASK: EXP,0,404,20195,-77,-293,695,-685,1065,81,-115,-420,47,-147,23,700,-230,356,700,0,0,0,0,0,0,0,0,0,0,0,0,0,0,0,5,23000,0,23054,0,0,0,0,3910003,3919212,0,0,0,0,0,1000,1000,5042795
MPCTASK: EXP,0,406,20296,-132,-223,711,-575,1027,74,-75,-792,86,-283,204,700,-168,398,700,0,0,0,0,0,0,0,0,0,0,0,0,0,0,0,5,24463,0,24516,0,0,0,0,4158500,4167708,0,0,0,0,0,1000,1000,5042795
MPCTASK: EXP,0,408,20395,-170,-143,719,-413,1010,18,-114,-1057,109,-389,375,700,-89,449,700,0,0,0,0,0,0,0,0,0,0,0,0,0,0,0,5,23800,0,23984,0,0,0,0,4045836,4077350,0,0,0,0,0,1000,1000,5042795
MPCTASK: EXP,0,410,20496,-182,-64,722,-201,1001,-35,-175,-1194,114,-453,533,700,7,494,700,0,0,0,0,0,0,0,0,0,0,0,0,0,0,0,5,23753,0,23891,0,0,0,0,4037780,4061592,0,0,0,0,0,1000,1000,5042795
MPCTASK: EXP,0,412,20596,-178,30,717,17,1030,-70,-181,-1191,112,-470,673,700,97,547,700,0,0,0,0,0,0,0,0,0,0,0,0,0,0,0,5,24559,0,24616,0,0,0,0,4174879,4184768,0,0,0,0,0,1000,1000,5042795
MPCTASK: EXP,0,414,20697,-150,113,704,236,1023,-113,-17,-1069,155,-438,791,700,184,566,700,0,0,0,0,0,0,0,0,0,0,0,0,0,0,0,5,25660,0,25714,0,0,0,0,4361976,4371339,0,0,0,0,0,1000,1000,5042795
MPCTASK: EXP,0,416,20795,-116,168,692,410,948,-81,189,-815,245,-360,886,700,241,539,700,0,0,0,0,0,0,0,0,0,0,0,0,0,0,0,5,24525,0,24578,0,0,0,0,4169195,4178403,0,0,0,0,0,1000,1000,5042795
MPCTASK: EXP,0,418,20895,-44,231,682,568,867,-55,386,-442,369,-243,954,700,295,509,700,0,0,0,0,0,0,0,0,0,0,0,0,0,0,0,5,23312,0,23366,0,0,0,0,3962975,3972343,0,0,0,0,0,1000,1000,5042795
MPCTASK: EXP,0,420,20997,13,328,679,622,812,-13,487,-150,468,-100,995,700,308,514,700,0,0,0,0,0,0,0,0,0,0,0,0,0,0,0,5,25117,0,25171,0,0,0,0,4269833,4279198,0,0,0,0,0,1000,1000,5042795
MPCTASK: EXP,0,422,21090,42,394,683,581,688,38,771,189,485,55,1006,700,261,462,700,0,0,0,0,0,0,0,0,0,0,0,0,0,0,0,5,19287,0,19342,0,0,0,0,3278643,3288279,0,0,0,0,0,1000,1000,5042795
MPCTASK: EXP,0,424,21193,76,446,696,520,532,39,966,358,404,209,988,700,208,392,700,0,0,0,0,0,0,0,0,0,0,0,0,0,0,0,5,21577,0,21759,0,0,0,0,3667949,3699048,0,0,0,0,0,1000,1000,5042795
MPCTASK: EXP,0,426,21293,138,443,702,471,272,15,1211,579,385,345,941,700,178,259,700,0,0,0,0,0,0,0,0,0,0,0,0,0,0,0,5,21855,0,21910,0,0,0,0,3715383,3724751,0,0,0,0,0,1000,1000,5042795
MPCTASK: EXP,0,428,21395,156,457,702,330,67,-26,1074,953,454,450,867,700,81,168,700,0,0,0,0,0,0,0,0,0,0,0,0,0,0,0,5,23244,0,23301,0,0,0,0,3951395,3961286,0,0,0,0,0,1000,1000,5042795
MPCTASK: EXP,0,430,21497,162,438,695,143,-156,-80,1124,1151,557,514,767,700,-13,37,700,0,0,0,0,0,0,0,0,0,0,0,0,0,0,0,5,26271,0,26325,0,0,0,0,4465940,4475302,0,0,0,0,0,1000,1000,5042795
MPCTASK: EXP,0,432,21597,166,355,683,-38,-464,-98,1092,1136,689,531,643,700,-84,-146,700,0,0,0,0,0,0,0,0,0,0,0,0,0,0,0,5,25339,0,25756,0,0,0,0,4307496,4378638,0,0,0,0,0,1000,1000,5042795
MPCTASK: EXP,0,434,21696,111,291,665,-284,-678,-79,678,1126,878,498,499,700,-204,-270,700,0,0,0,0,0,0,0,0,0,0,0,0,0,0,0,5,24678,0,24733,0,0,0,0,4195303,4204667,0,0,0,0,0,1000,1000,5042795
MPCTASK: EXP,0,436,21796,26,207,655,-516,-829,-31,491,846,1048,420,338,700,-310,-404,700,0,0,0,0,0,0,0,0,0,0,0,0,0,0,0,5,24922,0,24978,0,0,0,0,4236667,4246450,0,0,0,0,0,1000,1000,5042795
MPCTASK: EXP,0,438,21896,-50,139,654,-647,-910,40,455,442,1155,304,164,700,-359,-505,700,0,0,0,0,0,0,0,0,0,0,0,0,0,0,0,5,25046,0,25100,0,0,0,0,4257679,4267046,0,0,0,0,0,1000,1000,5042795
MPCTASK: EXP,0,440,21992,-107,3,664,-660,-1075,127,634,-6,1174,161,-18,700,-346,-679,700,0,0,0,0,0,0,0,0,0,0,0,0,0,0,0,5,20318,0,20606,0,0,0,0,3454004,3503030,0,0,0,0,0,1000,1000,5042795
MPCTASK: EXP,0,442,22097,-181,-94,684,-625,-1138,147,456,-294,1149,6,-207,700,-340,-771,700,0,0,0,0,0,0,0,0,0,0,0,0,0,0,0,5,25577,0,25631,0,0,0,0,4348003,4357376,0,0,0,0,0,1000,1000,5042795
MPCTASK: EXP,0,444,22197,-237,-206,701,-543,-1183,128,358,-584,1037,-144,-395,700,-297,-863,700,0,0,0,0,0,0,0,0,0,0,0,0,0,0,0,5,25979,0,26035,0,0,0,0,4416367,4426014,0,0,0,0,0,1000,1000,5042795
MPCTASK: EXP,0,446,22297,-274,-310,717,-411,-1186,82,177,-811,819,-278,-580,700,-233,-922,700,0,0,0,0,0,0,0,0,0,0,0,0,0,0,0,5,25594,0,25648,0,0,0,0,4351012,4360378,0,0,0,0,0,1000,1000,5042795
MPCTASK: EXP,0,448,22397,-303,-403,722,-262,-1147,15,7,-970,553,-380,-756,700,-170,-951,700,0,0,0,0,0,0,0,0,0,0,0,0,0,0,0,5,26178,0,26492,0,0,0,0,4450092,4503634,0,0,0,0,0,1000,1000,5042795
MPCTASK: EXP,0,450,22499,-314,-496,722,-81,-1100,-13,-76,-1083,280,-440,-918,700,-95,-970,700,0,0,0,0,0,0,0,0,0,0,0,0,0,0,0,5,25908,0,25962,0,0,0,0,4404251,4413614,0,0,0,0,0,1000,1000,5042795
MPCTASK: EXP,0,452,22596,-303,-575,720,114,-1029,-36,-237,-1082,9,-454,-1061,700,-24,-956,700,0,0,0,0,0,0,0,0,0,0,0,0,0,0,0,5,23447,0,23500,0,0,0,0,3985884,3995088,0,0,0,0,0,1000,1000,5042795
MPCTASK: EXP,0,454,22698,-277,-654,719,304,-946,-17,-439,-954,-244,-421,-1181,700,32,-926,700,0,0,0,0,0,0,0,0,0,0,0,0,0,0,0,5,25505,0,25560,0,0,0,0,4335779,4345149,0,0,0,0,0,1000,1000,5042795
MPCTASK: EXP,0,456,22793,-231,-712,713,467,-814,-41,-684,-707,-443,-347,-1272,699,76,-861,699,0,0,0,0,0,0,0,0,0,0,0,0,0,0,0,5,21579,0,21634,0,0,0,0,3668376,3677738,0,0,0,0,0,1000,1000,5042795
MPCTASK: EXP,0,458,22898,-175,-752,707,583,-635,-30,-891,-350,-576,-240,-1330,699,98,-772,699,0,0,0,0,0,0,0,0,0,0,0,0,0,0,0,5,24957,0,25011,0,0,0,0,4242647,4252014,0,0,0,0,0,1000,1000,5042795
MPCTASK: EXP,0,460,22995,-108,-774,703,638,-421,-11,-1025,65,-626,-114,-1349,699,105,-673,699,0,0,0,0,0,0,0,0,0,0,0,0,0,0,0,5,23027,0,23081,0,0,0,0,3914443,3923813,0,0,0,0,0,1000,1000,5042795
MPCTASK: EXP,0,462,23097,-46,-781,708,615,-196,18,-1080,425,-617,13,-1328,699,97,-583,699,0,0,0,0,0,0,0,0,0,0,0,0,0,0,0,5,25051,0,25106,0,0,0,0,4258439,4268083,0,0,0,0,0,1000,1000,5042795
MPCTASK: EXP,0,464,23193,16,-760,711,543,38,8,-1054,756,-566,128,-1265,699,102,-510,699,0,0,0,0,0,0,0,0,0,0,0,0,0,0,0,5,20788,0,20848,0,0,0,0,3533840,3544168,0,0,0,0,0,1000,1000,5042795
MPCTASK: EXP,0,466,23298,57,-717,712,405,264,-11,-912,939,-494,216,-1161,699,81,-425,699,0,0,0,0,0,0,0,0,0,0,0,0,0,0,0,5,25053,0,25107,0,0,0,0,4259052,4268347,0,0,0,0,0,1000,1000,5042795
MPCTASK: EXP,0,468,23393,80,-659,708,244,445,-31,-594,899,-422,266,-1021,700,64,-365,700,0,0,0,0,0,0,0,0,0,0,0,0,0,0,0,5,21002,0,21055,0,0,0,0,3570323,3579559,0,0,0,0,0,1000,1000,5042795
MPCTASK: EXP,0,470,23493,95,-618,702,102,522,-32,-278,715,-340,275,-855,700,61,-351,700,0,0,0,0,0,0,0,0,0,0,0,0,0,0,0,5,20584,0,20637,0,0,0,0,3499208,3508382,0,0,0,0,0,1000,1000,5042795
MPCTASK: EXP,0,472,23596,96,-562,698,-12,559,-14,-23,518,-237,246,-676,700,60,-334,700,0,0,0,0,0,0,0,0,0,0,0,0,0,0,0,5,24559,0,24616,0,0,0,0,4174815,4184905,0,0,0,0,0,1000,1000,5042795
MPCTASK: EXP,0,474,23696,82,-502,695,-96,552,2,217,262,-151,191,-503,700,50,-312,700,0,0,0,0,0,0,0,0,0,0,0,0,0,0,0,5,23162,0,23215,0,0,0,0,3937572,3946626,0,0,0,0,0,1000,1000,5042795
MPCTASK: EXP,0,476,23795,60,-432,698,-138,522,21,437,26,-74,126,-355,700,32,-268,700,0,0,0,0,0,0,0,0,0,0,0,0,0,0,0,5,23086,0,23139,0,0,0,0,3924503,3933674,0,0,0,0,0,1000,1000,5042795
MPCTASK: EXP,0,478,23897,45,-393,703,-127,424,27,541,-166,-30,70,-250,700,18,-247,700,0,0,0,0,0,0,0,0,0,0,0,0,0,0,0,5,25228,0,25287,0,0,0,0,4288743,4298839,0,0,0,0,0,1000,1000,5042795
MPCTASK: EXP,0,480,23994,38,-369,705,-89,314,4,470,-203,-30,38,-196,700,12,-239,700,0,0,0,0,0,0,0,0,0,0,0,0,0,0,0,5,21064,0,21253,0,0,0,0,3580799,3613120,0,0,0,0,0,1000,1000,5042795
MPCTASK: EXP,0,482,24096,40,-367,703,-46,210,-18,276,-132,-60,31,-184,700,32,-275,700,0,0,0,0,0,0,0,0,0,0,0,0,0,0,0,5,23960,0,24011,0,0,0,0,4073052,4081869,0,0,0,0,0,1000,1000,5042795
MPCTASK: TRAJ DONE: idx=482, max=482; requesting landing
MPCTASK: LANDING: start z=0.70, hold=(0.04,-0.36)
MPCTASK: TIMING SUMMARY: max_step_cycles=5042795 deadline_cycles=8400000 overruns=0
