---
SYS: Crazyflie 2.1 Brushless is up and running!
SYS: Build 2:de14ff9f08ae (2025.09.1 +2) MODIFIED
SYS: I am 0x373930393434471500370039 and I have 1024KB of flash!
CFGBLK: v1, verification [OK]
DECK_DISCOVERY: Backend found: onewire
DECK_DISCOVERY: Backend found: deckctrl
DECK_CORE: 1 deck(s) found
DECK_CORE: Calling INIT on driver bcFlow2 for deck 0
ZR2: Z-down sensor [OK]
PMW: Motion chip id: 0x49:0xB6
IMU: BMI088: Using I2C interface.
IMU: BMI088 Gyro connection [OK].
IMU: BMI088 Accel connection [OK]
IMU: BMP390 I2C connection [OK]
ESTIMATOR: Using Kalman (2) estimator
CONTROLLER: Using PID (1) controller
MTR-DRV: Using brushless motor driver
SYS: About to run tests in system.c.
SYS: NRF51 version: 2026.04 (C21B)
EEPROM: I2C connection [OK].
STORAGE: Storage check [OK].
IMU: BMI088 gyro self-test [OK]
DECK_CORE: Deck 0 test [OK].
SYS: Self test passed!
STAB: Wait for sensor calibration...
SYS: Free heap: 15048 bytes
MPCTASK: Waiting for activation ...
STAB: Starting stabilizer loop
STAB: WARNING: stabilizer loop rate is off (1004)
MPCTASK: Benchmark mode 2, maneuver 4, max_iter 5, task_pri 0
MPCTASK: Reference altitude: 0.70 m; barrier skip when z>0.75 and vz>-0.20
MPCTASK: OOT takeoff: GATED cfclient trigger>=0.15m ramp=0.15m/s settle=+/-0.05m,vz<0.10m/s,1000ms timeout=12000ms
MPCTASK: Common baseline: mpc_hz=20 model_hz=20 rho=5 base_w=0 base_qz=1 Qz=100 R=4 bridge=x10 guards=z[ref,ref+0.20] xy=free cap=0.05
MPCTASK: MPC->PID: xyz=x10, z_guard=[ref,ref+0.20], yaw=raw_rz, output_hold=200ms, safety_hold=500ms
MPCTASK: Reference origin: xy=post_takeoff_settle z=0.70 m
MPCTASK: Fixed baseline: w=0 qz=1 adaptive_cache=off
MPCTASK: LIMO posthoc: infeasible=nominal_fallback
MPCTASK: EXP every=2: m,s,tms,p3[mm],v3[mmps],att3[cdeg],ref3[mm],cmd3[mm],h/raw/grad/mar/thr[milli],act/ac/bind,wi/qi/cache/noa,pa/pf/du[milli],it,mpc/eval/total[us],bar/tanh/rl/cache/solve/step[cycles],overruns,post_active/post_infeasible_totals,wreq/w/qzreq/qz[milli],max_step_cycles
MPCTASK: Figure8: source=traj_fig8_12.h source_hz=100 samples=1205 laps=2 duration=24.07 s origin=post_takeoff_settle z_offset=0.09 m
CONTROLLER: Using OutOfTree (6) controller
MPCTASK: Trajectory origin: x=-0.04 y=0.07
MPCTASK: OOT activated at z=0.01
SUP: Ready to fly
MPCTASK: TAKEOFF START: trigger_z=0.15 start_z=0.01 target=0.70 hold=(-0.06,0.06) ramp=0.15m/s
MPCTASK: OOT loop 1 done
MPCTASK:MPCTASK: OOT loop 2 done
 MPC task loop 1
MPCTASK: x0: pos=(-0.06,0.06,0.01) vel=(-0.01,0MPCTASK: OOT loop 3 done
.03,-0.0)
MPCTASK: ref: (-0.06,0.06,0.01)
MPCTASK: MPC solve start
MPCTASK: MPC solve done, iter=5
MPCTASK: MPC time=23668 us
MPCTASK: MPC stack free=1083 words
MPCTASK: setpoint: x=-0.06 y=0.06 z=0.07 preview_z=0.07
MPCTASK: MPC task loop 2
MPCTASK: MPC task loop 3
MPCTASK: TAKEOFF SETTLING: z=0.73 vz=0.09; hold for 1000ms
MPCTASK: TAKEOFF SETTLING: z=0.71 vz=-0.09; hold for 1000ms
MPCTASK: TAKEOFF SETTLING: z=0.74 vz=-0.05; hold for 1000ms
MPCTASK: TAKEOFF SETTLING: z=0.74 vz=-0.08; hold for 1000ms
MPCTASK: TAKEOFF SETTLING: z=0.74 vz=0.0; hold for 1000ms
MPCTASK: TAKEOFF SETTLING: z=0.74 vz=-0.02; hold for 1000ms
MPCTASK: TAKEOFF SETTLING: z=0.74 vz=-0.04; hold for 1000ms
MPCTASK: TAKEOFF COMPLETE: t=11670ms z=0.73 vz=-0.0; trajectory queued origin=(-0.07,0.0)
MPCTASK: TRAJ START: z=0.73 origin=(-0.07,0.0) EXP clock reset
MPCTASK: EXP,2,2,86,-80,8,730,-108,129,-3,-101,-242,-192,-72,2,700,-147,366,700,29,151,331,69,69,1,1,0,0,0,0,0,1,1,0,5,25751,8482,34867,1441875,0,0,0,4377637,5927432,0,2,2,0,0,1000,1000,5927432
MPCTASK: EXP,2,4,183,-93,15,729,-68,158,-21,-598,-195,-151,-83,21,700,-108,431,700,25,220,444,69,69,1,1,0,0,0,0,0,1,1,0,5,23036,9657,32766,1641609,0,0,0,3916149,5570454,0,4,4,0,0,1000,1000,5927432
MPCTASK: EXP,2,6,287,-96,31,732,-53,300,-9,-1204,43,-68,-118,88,700,-68,513,797,30,-14,431,69,69,1,1,0,0,0,0,0,1,0,538,5,26659,9089,36847,1545073,0,0,0,4531917,6264133,0,6,5,0,0,1000,1000,6264133
MPCTASK: EXP,2,8,387,-106,70,733,-59,520,-4,-1324,-69,-66,-171,207,700,-20,594,771,32,-55,465,69,69,1,1,0,0,0,0,0,1,0,409,5,20636,14062,36054,2390412,0,0,0,3508086,6129152,0,8,5,0,0,1000,1000,6264133
MPCTASK: EXP,2,10,483,-106,150,736,-14,776,54,-1112,-328,-91,-226,366,700,46,687,700,36,-89,333,69,69,1,1,0,0,0,0,0,1,1,0,5,22036,10453,32561,1776930,0,0,0,3745989,5535507,0,10,6,0,0,1000,1000,6264133
MPCTASK: EXP,2,12,581,-108,228,734,61,939,62,-721,-575,-114,-264,546,700,104,737,700,34,-46,255,69,69,1,1,0,0,0,0,0,1,1,0,5,18305,12299,30678,2090867,0,0,0,3111817,5215382,0,12,8,0,0,1000,1000,6264133
MPCTASK: EXP,2,14,684,-106,325,734,152,1022,-16,-290,-693,-119,-271,725,700,147,771,700,30,-45,274,69,69,1,1,0,0,0,0,0,1,1,0,5,25100,8530,33712,1450071,0,0,0,4266969,5731120,0,14,10,0,0,1000,1000,6264133
MPCTASK: EXP,2,16,787,-98,407,728,251,1006,-70,123,-736,-40,-241,885,700,177,765,700,14,30,335,69,69,1,1,0,0,0,0,0,1,1,0,5,22380,13784,36237,2343198,0,0,0,3804665,6160297,0,16,12,0,0,1000,1000,6264133
MPCTASK: EXP,2,18,882,-76,493,724,348,946,-64,386,-463,134,-171,1014,699,178,754,699,11,-27,263,69,69,1,1,0,0,0,0,0,1,1,0,5,21064,10079,31221,1695910,0,0,0,3580925,5307590,0,18,14,0,0,1000,1000,6264133
MPCTASK: EXP,2,20,983,-46,570,722,394,834,-40,739,-197,295,-71,1103,699,166,711,699,14,-4,308,69,69,1,1,0,0,0,0,0,1,1,0,5,22146,10603,32820,1802433,0,0,0,3764725,5579589,0,20,16,0,0,1000,1000,6264133
MPCTASK: EXP,2,22,1083,-41,639,721,362,687,-57,919,116,382,47,1149,699,98,660,699,10,-18,371,69,69,1,1,0,0,0,0,0,1,1,0,5,23582,9250,32907,1572518,0,0,0,4008773,5594176,0,22,18,0,0,1000,1000,6264133
MPCTASK: EXP,2,24,1186,-37,693,720,295,502,-69,1148,246,455,169,1151,699,30,584,772,6,73,590,69,69,1,1,0,0,0,0,0,1,0,439,5,21401,11806,35603,2006903,0,0,0,3638065,6052565,0,24,18,0,0,1000,1000,6264133
MPCTASK: EXP,2,26,1281,-44,729,719,200,277,18,1134,494,414,279,1112,699,-70,500,699,19,-65,382,69,69,1,1,0,0,0,0,0,1,1,0,5,21003,9667,30742,1643240,0,0,0,3570417,5226247,0,26,19,0,0,1000,1000,6264133
MPCTASK: EXP,2,28,1384,-68,747,728,65,49,81,1363,489,351,362,1035,700,-164,383,814,28,-86,416,69,69,1,1,0,0,0,0,0,1,0,615,5,21704,10927,34091,1857629,0,0,0,3689745,5795478,0,28,19,0,0,1000,1000,6461602
MPCTASK: EXP,2,30,1484,-116,744,738,-64,-221,131,1526,370,344,406,927,700,-264,253,778,38,95,496,69,69,1,1,0,0,0,0,0,1,0,415,5,21968,10179,34189,1730439,0,0,0,3734337,5812204,0,30,19,0,0,1000,1000,6461602
MPCTASK: EXP,2,32,1586,-169,709,752,-159,-496,119,1572,272,335,405,793,700,-347,106,700,52,107,502,69,69,0,0,0,0,0,0,0,0,0,0,5,21957,13234,35261,2249713,0,0,0,3732597,5994355,0,31,19,0,0,1000,1000,6461602
MPCTASK: EXP,2,34,1683,-226,651,761,-225,-750,30,1539,199,433,358,637,700,-413,-39,700,61,-1,522,69,69,0,0,0,0,0,0,0,0,0,0,5,23083,9424,32577,1602084,0,0,0,3923981,5538215,0,31,19,0,0,1000,1000,6461602
MPCTASK: EXP,2,36,1784,-265,575,753,-250,-962,-85,1161,123,542,267,465,700,-440,-161,700,36,-96,445,69,69,0,0,0,0,0,0,0,0,0,0,5,21835,11361,33859,1931192,0,0,0,3711941,5756105,0,31,19,0,0,1000,1000,6461602
MPCTASK: EXP,2,38,1886,-309,473,737,-278,-1132,-117,706,134,510,142,282,700,-461,-280,700,14,-19,331,69,69,1,1,0,0,0,0,0,1,1,0,5,25774,9982,35838,1696898,0,0,0,4381357,6092586,0,33,21,0,0,1000,1000,6461602
MPCTASK: EXP,2,40,1982,-347,368,722,-302,-1210,-67,264,53,374,-4,94,700,-458,-373,700,9,-13,241,69,69,1,1,0,0,0,0,0,1,1,0,5,20780,10352,31207,1759763,0,0,0,3532589,5305355,0,35,23,0,0,1000,1000,6461602
MPCTASK: EXP,2,42,2086,-381,262,724,-299,-1206,27,-41,-125,215,-159,-95,700,-427,-448,700,24,62,234,69,69,1,1,0,0,0,0,0,1,1,0,5,26686,8920,35679,1516302,0,0,0,4536557,6065466,0,37,25,0,0,1000,1000,6461602
MPCTASK: EXP,2,44,2188,-405,166,732,-259,-1154,54,-163,-303,55,-306,-281,700,-373,-505,700,32,96,270,69,69,1,1,0,0,0,0,0,1,1,0,5,25885,11769,37727,2000630,0,0,0,4400437,6413815,0,39,27,0,0,1000,1000,6461602
MPCTASK: EXP,2,46,2283,-415,71,747,-180,-1096,59,-153,-502,-92,-431,-459,700,-296,-560,700,47,75,259,69,69,1,1,0,0,0,0,0,1,1,0,5,22998,10091,33171,1715497,0,0,0,3909637,5639046,0,41,29,0,0,1000,1000,6461602
MPCTASK: EXP,2,48,2384,-428,-18,755,-87,-1051,4,-71,-691,-188,-521,-626,700,-221,-610,700,55,74,290,69,69,0,0,0,0,0,0,0,0,0,0,5,20804,12187,33344,2071676,0,0,0,3536594,5668571,0,41,29,0,0,1000,1000,6461602
MPCTASK: EXP,2,50,2483,-421,-103,751,50,-1024,-61,20,-865,-251,-568,-776,700,-132,-654,700,39,162,442,69,69,0,0,0,0,0,0,0,0,0,0,5,25003,7812,32884,1327942,0,0,0,4250441,5590423,0,41,29,0,0,1000,1000,6461602
MPCTASK: EXP,2,52,2587,-395,-181,743,224,-1001,-82,20,-965,-317,-565,-908,700,-37,-679,752,27,205,604,69,69,1,1,0,0,0,0,0,1,0,311,5,21475,13642,36336,2319105,0,0,0,3650604,6177211,0,43,29,0,0,1000,1000,6461602
MPCTASK: EXP,2,54,2686,-353,-249,738,405,-976,-21,-51,-957,-395,-515,-1017,700,52,-687,809,33,203,493,69,69,1,1,0,0,0,0,0,1,0,594,5,24970,8969,35870,1524708,0,0,0,4244741,6098001,0,45,29,0,0,1000,1000,6461602
MPCTASK: EXP,2,56,2782,-293,-330,738,605,-936,74,-154,-852,-512,-420,-1101,700,136,-690,700,38,61,313,69,69,1,1,0,0,0,0,0,1,1,0,5,19088,12417,31844,2110725,0,0,0,3244961,5413519,0,47,31,0,0,1000,1000,6461602
MPCTASK: EXP,2,58,2882,-217,-408,743,743,-889,28,-364,-537,-608,-292,-1157,700,186,-676,700,43,-15,248,69,69,1,1,0,0,0,0,0,1,1,0,5,21649,10315,32037,1753414,0,0,0,3680313,5446348,0,49,33,0,0,1000,1000,6461602
MPCTASK: EXP,2,60,2983,-146,-485,741,795,-800,-34,-675,-74,-656,-142,-1186,700,190,-641,700,34,-30,281,69,69,1,1,0,0,0,0,0,1,1,0,5,22458,10053,32698,1708940,0,0,0,3817793,5558668,0,51,35,0,0,1000,1000,6461602
MPCTASK: EXP,2,62,3083,-66,-534,742,803,-659,-25,-870,306,-675,14,-1185,700,186,-577,700,37,-14,314,69,69,1,1,0,0,0,0,0,1,1,0,5,23510,9365,33060,1591953,0,0,0,3996646,5620312,0,53,37,0,0,1000,1000,6461602
MPCTASK: EXP,2,64,3189,14,-576,743,726,-449,-33,-984,714,-666,163,-1155,700,77,-568,871,36,-22,351,69,69,1,1,0,0,0,0,0,1,0,937,5,24517,10597,37725,1801505,0,0,0,4167921,6413773,0,55,38,0,0,1000,1000,6461602
MPCTASK: EXP,2,66,3282,84,-596,742,600,-235,-14,-993,1060,-606,288,-1097,700,92,-402,700,39,-9,365,69,69,1,1,0,0,0,0,0,1,1,0,5,20822,9250,30143,1572379,0,0,0,3539621,5124446,0,57,39,0,0,1000,1000,6461602
MPCTASK: EXP,2,68,3388,131,-596,749,386,-21,78,-850,1289,-549,378,-1012,700,14,-298,824,49,227,494,69,69,1,1,0,0,0,0,0,1,0,635,5,24416,10992,37081,1868503,0,0,0,4150561,6303890,0,59,39,0,0,1000,1000,6461602
MPCTASK: EXP,2,70,3487,157,-570,749,193,170,40,-931,1318,-474,424,-901,700,-58,-174,764,49,164,471,69,69,1,1,0,0,0,0,0,1,0,340,5,25212,9626,36478,1636346,0,0,0,4285925,6201361,0,60,39,0,0,1000,1000,6461602
MPCTASK: EXP,2,72,3585,160,-539,751,-23,357,-4,-1011,1319,-382,422,-769,700,-138,-51,700,50,165,513,69,69,0,0,0,0,0,0,0,0,0,0,5,21136,11876,33081,2018809,0,0,0,3593029,5623845,0,60,39,0,0,1000,1000,6461602
MPCTASK: EXP,2,74,3681,137,-480,748,-239,560,-66,-1030,1256,-283,370,-617,700,-219,86,747,35,86,534,69,69,1,1,0,0,0,0,0,1,0,276,5,19693,8251,29959,1402644,0,0,0,3347654,5093094,0,61,39,0,0,1000,1000,6461602
MPCTASK: EXP,2,76,3778,69,-444,737,-467,712,-107,-1004,1038,-261,276,-450,700,-307,186,700,16,-79,388,69,69,1,1,0,0,0,0,0,1,1,0,5,18613,8134,26819,1382595,0,0,0,3164229,4559277,0,63,40,0,0,1000,1000,6461602
MPCTASK: EXP,2,78,3883,50,-337,729,-577,935,-28,-943,616,-164,147,-272,700,-305,345,700,24,-68,332,69,69,1,1,0,0,0,0,0,1,1,0,5,21127,9813,31014,1668224,0,0,0,3591617,5272296,0,65,42,0,0,1000,1000,6461602
MPCTASK: EXP,2,80,3982,-25,-217,725,-674,1099,-27,-561,317,-140,-2,-88,700,-336,474,700,20,-37,263,69,69,1,1,0,0,0,0,0,1,1,0,5,19652,10144,29869,1724406,0,0,0,3340741,5077759,0,67,44,0,0,1000,1000,6461602
MPCTASK: EXP,2,82,4086,-39,-81,724,-642,1184,-14,-141,32,-81,-159,98,700,-279,583,700,21,-4,206,69,69,1,1,0,0,0,0,0,1,1,0,5,23584,10431,34089,1773317,0,0,0,4009061,5795264,0,69,46,0,0,1000,1000,6461602
MPCTASK: EXP,2,84,4186,-128,-33,729,-647,1098,15,86,-363,-136,-308,283,700,-267,593,700,29,-20,227,69,69,1,1,0,0,0,0,0,1,1,0,5,22244,11464,33780,1948833,0,0,0,3781273,5742715,0,71,48,0,0,1000,1000,6461602
MPCTASK: EXP,2,86,4286,-166,30,735,-543,1034,10,82,-726,-123,-433,461,700,-197,624,700,35,30,292,69,69,1,1,0,0,0,0,0,1,1,0,5,24270,9721,34348,1652448,0,0,0,4125742,5839260,0,73,50,0,0,1000,1000,6461602
MPCTASK: EXP,2,88,4389,-206,110,741,-399,997,-25,-84,-949,-107,-524,627,700,-128,673,840,36,101,399,69,69,1,1,0,0,0,0,0,1,0,745,5,23521,12104,37256,2057561,0,0,0,3998454,6333529,0,75,51,0,0,1000,1000,6461602
MPCTASK: EXP,2,90,4491,-222,191,742,-186,978,-27,-174,-1103,-80,-570,778,700,-36,713,762,36,174,523,69,69,1,1,0,0,0,0,0,1,0,356,5,24006,13105,38701,2227674,0,0,0,4080997,6579248,0,77,51,0,0,1000,1000,6579248
MPCTASK: EXP,2,92,4591,-216,275,742,48,979,35,-80,-1218,-102,-567,910,700,63,743,778,42,141,468,69,69,1,1,0,0,0,0,0,1,0,423,5,25867,11128,38703,1891665,0,0,0,4397409,6579592,0,79,51,0,0,1000,1000,6579592
MPCTASK: EXP,2,94,4690,-198,343,747,247,949,58,33,-1147,-119,-516,1019,700,133,746,798,47,63,376,69,69,1,1,0,0,0,0,0,1,0,512,5,24273,10847,36812,1843781,0,0,0,4126325,6258070,0,81,51,0,0,1000,1000,6579592
MPCTASK: EXP,2,96,4788,-149,422,749,461,890,48,208,-864,-121,-421,1104,700,202,738,700,49,-34,270,69,69,1,1,0,0,0,0,0,1,1,0,5,22036,12587,34696,2139806,0,0,0,3745945,5898360,0,83,52,0,0,1000,1000,6579592
MPCTASK: EXP,2,98,4887,-98,474,755,587,787,81,384,-582,-112,-292,1161,700,236,697,700,55,69,253,69,69,0,0,0,0,0,0,0,0,0,0,5,25966,7751,33789,1317691,0,0,0,4414181,5744186,0,83,52,0,0,1000,1000,6579592
MPCTASK: EXP,2,100,4988,-34,532,757,658,695,-76,563,-313,-171,-142,1190,700,245,657,700,42,105,340,69,69,0,0,0,0,0,0,0,0,0,0,5,20045,14708,34831,2500222,0,0,0,3407617,5921298,0,83,52,0,0,1000,1000,6579592
MPCTASK: EXP,2,102,5090,1,541,750,624,535,-123,600,313,-218,14,1189,700,181,573,700,25,-19,288,69,69,0,0,0,0,0,0,0,0,0,0,5,25793,9967,35830,1694227,0,0,0,4384757,6091188,0,83,52,0,0,1000,1000,6579592
MPCTASK: EXP,2,104,5185,59,582,747,503,422,-60,514,816,-363,163,1159,700,112,523,700,35,-51,303,69,69,1,1,0,0,0,0,0,1,1,0,5,17646,11988,29710,2037839,0,0,0,2999805,5050796,0,85,54,0,0,1000,1000,6579592
MPCTASK: EXP,2,106,5291,71,628,743,309,327,-57,988,664,-568,288,1101,700,102,507,772,31,246,549,69,69,1,1,0,0,0,0,0,1,0,423,5,23536,10701,35951,1819152,0,0,0,4001021,6111809,0,87,55,0,0,1000,1000,6579592
MPCTASK: EXP,2,108,5390,51,677,738,140,141,-53,1534,291,-700,379,1016,700,-51,354,735,27,-129,646,69,69,1,1,0,0,0,0,0,1,0,227,5,21690,11027,34135,1874597,0,0,0,3687082,5802959,0,89,55,0,0,1000,1000,6579592
MPCTASK: EXP,2,110,5488,4,692,730,-7,-111,-61,1557,272,-735,424,905,700,-169,244,731,17,-66,761,69,69,1,1,0,0,0,0,0,1,0,222,5,18973,11187,31568,1901680,0,0,0,3225238,5366581,0,91,55,0,0,1000,1000,6579592
MPCTASK: EXP,2,112,5593,-45,688,719,-162,-349,-92,1553,501,-671,422,773,700,-284,134,728,0,-27,920,69,69,1,1,0,0,0,0,0,1,0,228,5,21608,12669,36640,2153786,0,0,0,3673229,6228981,0,93,55,0,0,1000,1000,6579592
MPCTASK: EXP,2,114,5686,-106,660,711,-314,-594,-61,1517,333,-375,370,621,700,-361,7,767,0,-205,639,69,69,1,1,0,0,0,0,0,1,0,427,5,21064,8247,30258,1401837,0,0,0,3580849,5143965,0,95,55,0,0,1000,1000,6579592
MPCTASK: EXP,2,116,5791,-164,609,706,-388,-846,-12,1404,35,-141,276,454,700,-402,-119,815,3,-167,514,69,69,1,1,0,0,0,0,0,1,0,669,5,22334,11080,34972,1883526,0,0,0,3796737,5945407,0,97,55,0,0,1000,1000,6579592
MPCTASK: EXP,2,118,5890,-231,514,705,-429,-1080,83,829,39,8,147,276,700,-438,-242,700,5,16,350,69,69,1,1,0,0,0,0,0,1,1,0,5,22833,9361,32267,1591375,0,0,0,3881497,5485476,0,99,57,0,0,1000,1000,6579592
MPCTASK: EXP,2,120,5990,-273,424,708,-421,-1163,81,407,-123,94,-2,92,700,-425,-329,700,8,-18,227,69,69,1,1,0,0,0,0,0,1,1,0,5,22058,10768,32901,1830508,0,0,0,3749902,5593215,0,101,59,0,0,1000,1000,6579592
MPCTASK: EXP,2,122,6091,-311,318,715,-390,-1182,40,27,-199,118,-159,-94,700,-397,-403,700,15,44,234,69,69,1,1,0,0,0,0,0,1,1,0,5,25051,8767,33890,1490201,0,0,0,4258617,5761427,0,103,61,0,0,1000,1000,6579592
MPCTASK: EXP,2,124,6191,-343,222,723,-342,-1135,47,-167,-315,115,-308,-279,700,-349,-458,700,23,117,301,69,69,1,1,0,0,0,0,0,1,1,0,5,21450,11784,33698,2003173,0,0,0,3646545,5728743,0,105,63,0,0,1000,1000,6579592
MPCTASK: EXP,2,126,6288,-364,141,733,-273,-1077,42,-144,-498,92,-434,-457,700,-284,-505,700,33,128,318,69,69,1,1,0,0,0,0,0,1,1,0,5,21611,8992,30865,1528548,0,0,0,3673713,5247285,0,107,65,0,0,1000,1000,6579592
MPCTASK: EXP,2,128,6395,-382,48,741,-158,-1024,9,-16,-729,51,-524,-623,700,-205,-558,700,41,86,318,69,69,1,1,0,0,0,0,0,1,1,0,5,24160,13239,37471,2250536,0,0,0,4107133,6370272,0,109,67,0,0,1000,1000,6579592
MPCTASK: EXP,2,130,6491,-379,-34,742,-13,-1001,-40,108,-887,-9,-570,-774,700,-118,-602,824,34,160,438,69,69,1,1,0,0,0,0,0,1,0,668,5,21988,10108,33577,1718341,0,0,0,3737853,5708168,0,111,68,0,0,1000,1000,6579592
MPCTASK: EXP,2,132,6593,-366,-113,739,157,-993,-31,141,-1002,-84,-567,-906,700,-29,-634,794,33,158,472,69,69,1,1,0,0,0,0,0,1,0,518,5,21305,13197,36385,2243443,0,0,0,3621722,6185684,0,113,68,0,0,1000,1000,6579592
MPCTASK: EXP,2,134,6693,-338,-197,740,345,-1009,59,100,-1063,-180,-516,-1015,700,34,-685,862,40,138,405,69,69,1,1,0,0,0,0,0,1,0,846,5,22250,10464,34801,1778759,0,0,0,3782422,5916206,0,115,68,0,0,1000,1000,6579592
MPCTASK: EXP,2,136,6795,-277,-287,749,574,-989,134,-102,-893,-323,-421,-1100,700,140,-675,812,49,-24,271,69,69,1,1,0,0,0,0,0,1,0,565,5,21623,12995,36782,2209034,0,0,0,3675793,6253088,0,117,68,0,0,1000,1000,6579592
MPCTASK: EXP,2,138,6895,-201,-378,762,732,-953,168,-338,-590,-437,-292,-1157,700,199,-673,704,62,-31,218,69,69,0,0,0,0,0,0,0,0,0,0,5,24927,11169,36970,1898687,0,0,0,4237469,6284934,0,117,68,0,0,1000,1000,6579592
MPCTASK: EXP,2,140,6992,-127,-452,774,793,-860,46,-699,-93,-517,-142,-1186,700,203,-630,703,74,136,329,69,69,0,0,0,0,0,0,0,0,0,0,5,22998,10754,33830,1828184,0,0,0,3909677,5751212,0,117,68,0,0,1000,1000,6579592
MPCTASK: EXP,2,142,7092,-31,-513,777,803,-699,-42,-1045,472,-505,14,-1185,700,198,-561,701,69,-44,335,69,69,0,0,0,0,0,0,0,0,0,0,5,22075,10946,33282,1860872,0,0,0,3752741,5658092,0,117,68,0,0,1000,1000,6579592
MPCTASK: EXP,2,144,7196,36,-556,774,703,-486,-104,-1183,837,-485,163,-1156,700,153,-477,700,53,41,578,69,69,0,0,0,0,0,0,0,0,0,0,5,24104,13619,37792,2315119,0,0,0,4097634,6424798,0,117,68,0,0,1000,1000,6579592
MPCTASK: EXP,2,146,7287,90,-582,766,552,-256,-131,-1207,1031,-439,288,-1097,700,90,-381,700,40,114,791,69,69,0,0,0,0,0,0,0,0,0,0,5,20651,8148,28870,1385106,0,0,0,3510537,4908067,0,117,68,0,0,1000,1000,6579592
MPCTASK: EXP,2,148,7393,120,-588,750,362,-22,-167,-1206,1147,-365,379,-1012,700,8,-272,700,17,101,987,69,69,0,0,0,0,0,0,0,0,0,0,5,22618,12179,35264,2070352,0,0,0,3844981,5994988,0,117,68,0,0,1000,1000,6579592
MPCTASK: EXP,2,150,7492,140,-571,731,157,218,-163,-1178,1184,-269,424,-902,700,-72,-150,731,-1,79,908,69,69,1,1,0,0,0,0,0,1,0,236,5,21887,9785,33313,1663394,0,0,0,3720641,5663357,0,119,68,0,0,1000,1000,6579592
MPCTASK: EXP,2,152,7590,139,-531,712,-58,456,-119,-1089,1115,-174,422,-769,700,-151,-18,780,-11,56,620,69,69,1,1,0,0,0,0,0,1,0,502,5,20111,10566,31832,1796255,0,0,0,3418877,5411540,0,121,68,0,0,1000,1000,6579592
MPCTASK: EXP,2,154,7697,111,-480,705,-276,661,6,-979,988,-96,370,-617,700,-232,106,700,5,51,391,69,69,1,1,0,0,0,0,0,1,1,0,5,23532,14892,38504,2531425,0,0,0,4000377,6545791,0,123,70,0,0,1000,1000,6579592
MPCTASK: EXP,2,156,7792,65,-417,708,-447,814,38,-843,767,-44,276,-450,700,-292,220,700,8,27,333,69,69,1,1,0,0,0,0,0,1,1,0,5,23221,11003,34304,1870515,0,0,0,3947385,5831817,0,125,72,0,0,1000,1000,6579592
MPCTASK: EXP,2,158,7889,14,-343,710,-557,926,11,-691,526,8,147,-272,700,-323,323,700,10,-10,290,69,69,1,1,0,0,0,0,0,1,1,0,5,21279,8799,30399,1495756,0,0,0,3617337,5167841,0,127,74,0,0,1000,1000,6579592
MPCTASK: EXP,2,160,7995,-38,-256,713,-618,1011,2,-458,280,35,-2,-88,700,-329,417,700,13,-15,249,69,69,1,1,0,0,0,0,0,1,1,0,5,22050,13061,35184,2220319,0,0,0,3748401,5981331,0,129,76,0,0,1000,1000,6579592
MPCTASK: EXP,2,162,8093,-100,-165,711,-639,1056,-2,-237,-64,22,-159,98,700,-314,497,700,11,-12,221,69,69,1,1,0,0,0,0,0,1,1,0,5,20316,13281,33671,2257678,0,0,0,3453750,5724033,0,131,78,0,0,1000,1000,6579592
MPCTASK: EXP,2,164,8194,-147,-86,714,-579,1041,8,-70,-421,8,-308,283,700,-261,549,700,14,19,258,69,69,1,1,0,0,0,0,0,1,1,0,5,22884,12122,35091,2060615,0,0,0,3890201,5965637,0,133,80,0,0,1000,1000,6579592
MPCTASK: EXP,2,166,8296,-180,-5,719,-471,1025,20,-44,-699,-11,-433,461,700,-190,602,700,19,120,361,69,69,1,1,0,0,0,0,0,1,1,0,5,23113,11884,35658,2020114,0,0,0,3929166,6061904,0,135,82,0,0,1000,1000,6579592
MPCTASK: EXP,2,168,8397,-204,82,724,-298,999,13,-118,-897,-36,-524,627,700,-104,656,700,24,146,416,69,69,1,1,0,0,0,0,0,1,1,0,5,25930,10892,36898,1851727,0,0,0,4408049,6272812,0,137,84,0,0,1000,1000,6579592
MPCTASK: EXP,2,170,8501,-207,159,724,-116,988,-32,-191,-984,-57,-569,778,700,-14,695,808,18,227,572,69,69,1,1,0,0,0,0,0,1,0,608,5,23230,15405,40882,2618747,0,0,0,3949037,6950121,0,139,84,0,0,1000,1000,6950121
MPCTASK: EXP,2,172,8596,-196,219,725,66,964,75,7,-893,-57,-567,910,700,63,696,700,25,155,398,69,69,1,1,0,0,0,0,0,1,1,0,5,23204,12370,35645,2102802,0,0,0,3944562,6059812,0,141,86,0,0,1000,1000,6950121
MPCTASK: EXP,2,174,8696,-160,299,730,269,917,35,104,-947,-63,-515,1019,700,153,703,700,30,108,381,69,69,1,1,0,0,0,0,0,1,1,0,5,22367,12662,35103,2152494,0,0,0,3802253,5967645,0,143,88,0,0,1000,1000,6950121
MPCTASK: EXP,2,176,8798,-111,354,726,423,845,-72,143,-701,-20,-421,1104,700,209,684,700,11,33,331,69,69,1,1,0,0,0,0,0,1,1,0,5,25933,11946,37954,2030686,0,0,0,4408593,6452172,0,145,90,0,0,1000,1000,6950121
MPCTASK: EXP,2,178,8896,-38,413,715,554,783,-102,230,-376,11,-292,1161,700,254,661,700,-5,-19,271,69,69,1,1,0,0,0,0,0,1,1,0,5,23935,11281,35290,1917648,0,0,0,4011940,5999257,0,147,92,0,0,1000,1000,6950121
MPCTASK: EXP,2,180,8993,3,454,705,580,692,-83,391,-171,-51,-142,1190,700,249,609,700,-10,-7,271,69,69,1,1,0,0,0,0,0,1,1,0,5,21885,11125,33083,1891111,0,0,0,3720345,5624180,0,149,94,0,0,1000,1000,6950121
MPCTASK: EXP,2,182,9091,43,520,706,557,576,-19,766,16,-351,14,1189,700,214,553,700,2,-58,314,69,69,1,1,0,0,0,0,0,1,1,0,5,20904,9107,30089,1548142,0,0,0,3553610,5115105,0,151,96,0,0,1000,1000,6950121
MPCTASK: EXP,2,184,9197,68,562,707,486,409,-22,1099,155,-682,163,1160,700,154,468,700,2,-99,395,69,69,1,1,0,0,0,0,0,1,1,0,5,26992,9555,36620,1624305,0,0,0,4588593,6225507,0,153,98,0,0,1000,1000,6950121
MPCTASK: EXP,2,186,9297,100,591,711,398,204,5,1276,354,-939,288,1102,700,145,429,848,11,-52,443,69,69,1,1,0,0,0,0,0,1,0,886,5,25588,9603,36706,1632394,0,0,0,4349838,6240042,0,155,99,0,0,1000,1000,6950121
MPCTASK: EXP,2,188,9394,102,604,715,247,30,-1,1112,686,-939,378,1017,700,-13,303,700,14,-69,358,69,69,1,1,0,0,0,0,0,1,1,0,5,22481,11085,33925,1884296,0,0,0,3821682,5767279,0,157,101,0,0,1000,1000,6950121
MPCTASK: EXP,2,190,9492,90,599,710,32,-155,-22,1117,850,-756,423,907,700,-125,192,700,5,61,437,69,69,1,1,0,0,0,0,0,1,1,0,5,21335,8414,30110,1430303,0,0,0,3626793,5118808,0,159,103,0,0,1000,1000,6950121
MPCTASK: EXP,2,192,9596,52,582,706,-178,-336,-50,1266,809,-490,420,775,700,-225,73,700,-3,-119,458,69,69,1,1,0,0,0,0,0,1,1,0,5,24279,10688,35040,1816980,0,0,0,4127209,5956816,0,161,105,0,0,1000,1000,6950121
MPCTASK: EXP,2,194,9695,-10,546,701,-362,-550,-65,1336,601,-203,368,624,700,-316,-56,783,-11,-66,610,69,69,1,1,0,0,0,0,0,1,0,524,5,20263,11346,34079,1928650,0,0,0,3444705,5793448,0,163,105,0,0,1000,1000,6950121
MPCTASK: EXP,2,196,9796,-73,495,698,-487,-766,11,1247,414,-16,274,457,700,-375,-182,700,-1,-122,434,69,69,1,1,0,0,0,0,0,1,1,0,5,23549,10370,34105,1762846,0,0,0,4003366,5797943,0,165,106,0,0,1000,1000,6950121
MPCTASK: EXP,2,198,9897,-146,399,702,-566,-1011,104,966,141,152,145,278,700,-411,-327,700,2,-71,334,69,69,1,1,0,0,0,0,0,1,1,0,5,23520,10567,34158,1796321,0,0,0,3998177,5806981,0,167,108,0,0,1000,1000,6950121
MPCTASK: EXP,2,200,9997,-195,310,707,-558,-1112,36,523,-51,232,-3,92,700,-402,-412,700,7,-36,260,69,69,1,1,0,0,0,0,0,1,1,0,5,25033,9416,34524,1600780,0,0,0,4255545,5869136,0,169,110,0,0,1000,1000,6950121
MPCTASK: EXP,2,202,10096,-244,189,710,-529,-1170,11,92,-183,282,-158,-96,700,-380,-503,700,10,17,225,69,69,1,1,0,0,0,0,0,1,1,0,5,23017,10495,33841,1783959,0,0,0,3912770,5753025,0,171,112,0,0,1000,1000,6950121
MPCTASK: EXP,2,204,10196,-269,101,714,-461,-1141,24,-66,-351,288,-304,-283,700,-326,-554,700,14,129,331,69,69,1,1,0,0,0,0,0,1,1,0,5,23531,10477,34080,1781040,0,0,0,4000177,5793712,0,173,114,0,0,1000,1000,6950121
MPCTASK: EXP,2,206,10295,-301,-13,724,-357,-1102,37,-101,-567,272,-426,-465,700,-266,-615,700,24,137,346,69,69,1,1,0,0,0,0,0,1,1,0,5,21473,9933,31478,1688578,0,0,0,3650285,5351357,0,175,116,0,0,1000,1000,6950121
MPCTASK: EXP,2,208,10399,-317,-108,732,-234,-1062,19,-43,-737,237,-513,-636,700,-201,-653,700,32,182,402,69,69,1,1,0,0,0,0,0,1,1,0,5,25913,9566,35554,1626162,0,0,0,4405149,6044148,0,177,118,0,0,1000,1000,6950121
MPCTASK: EXP,2,210,10500,-316,-197,731,-81,-1027,-49,-60,-850,192,-555,-791,700,-132,-669,849,21,178,470,69,69,1,1,0,0,0,0,0,1,0,809,5,24030,10366,36369,1762036,0,0,0,4085021,6182874,0,179,119,0,0,1000,1000,6950121
MPCTASK: EXP,2,212,10600,-309,-281,728,65,-991,-40,-170,-857,121,-550,-926,700,-81,-665,700,20,87,388,69,69,1,1,0,0,0,0,0,1,1,0,5,26764,9385,36368,1595353,0,0,0,4549849,6182653,0,181,120,0,0,1000,1000,6950121
MPCTASK: EXP,2,214,10695,-280,-369,729,257,-925,86,-358,-868,10,-500,-1034,700,-20,-645,700,29,58,321,69,69,1,1,0,0,0,0,0,1,1,0,5,18546,12333,30950,2096464,0,0,0,3152685,5261635,0,183,122,0,0,1000,1000,6950121
MPCTASK: EXP,2,216,10800,-233,-439,734,407,-824,18,-606,-644,-108,-411,-1113,699,15,-593,699,34,-38,258,69,69,1,1,0,0,0,0,0,1,1,0,5,27026,9493,36591,1613773,0,0,0,4594357,6220621,0,185,124,0,0,1000,1000,6950121
MPCTASK: EXP,2,218,10906,-174,-510,730,505,-696,-63,-951,-209,-148,-294,-1155,699,26,-534,699,18,-38,369,69,69,1,1,0,0,0,0,0,1,1,0,5,27031,15725,42836,2673219,0,0,0,4595079,7282180,0,187,126,0,0,1000,1000,7282180
MPCTASK: EXP,2,220,11001,-115,-564,726,524,-503,-68,-1212,187,-164,-166,-1159,699,23,-464,783,12,-66,510,69,69,1,1,0,0,0,0,0,1,0,486,5,25277,10260,37153,1744072,0,0,0,4296945,6316102,0,189,127,0,0,1000,1000,7282180
MPCTASK: EXP,2,222,11102,-57,-592,720,468,-227,-39,-1351,536,-151,-41,-1121,699,9,-380,757,12,60,637,69,69,1,1,0,0,0,0,0,1,0,361,5,23617,10672,36340,1814201,0,0,0,4014825,6177918,0,191,127,0,0,1000,1000,7282180
MPCTASK: EXP,2,224,11200,-18,-592,720,356,44,37,-1282,681,-149,64,-1041,699,0,-315,822,20,120,506,69,69,1,1,0,0,0,0,0,1,0,671,5,23199,9822,34897,1669567,0,0,0,3943773,5932625,0,193,127,0,0,1000,1000,7282180
MPCTASK: EXP,2,226,11300,4,-561,725,228,290,96,-1035,673,-142,137,-922,700,-5,-267,700,25,6,339,69,69,1,1,0,0,0,0,0,1,1,0,5,21881,11934,34232,2028687,0,0,0,3719562,5819607,0,195,128,0,0,1000,1000,7444872
MPCTASK: EXP,2,228,11404,21,-510,737,111,478,161,-662,578,-108,171,-770,700,-13,-219,859,37,-39,245,69,69,1,1,0,0,0,0,0,1,0,811,5,25226,8975,36096,1525713,0,0,0,4288269,6136500,0,197,128,0,0,1000,1000,7444872
MPCTASK: EXP,2,230,11508,29,-456,752,19,571,200,-281,456,-51,164,-597,700,-18,-183,702,52,-6,225,69,69,0,0,0,0,0,0,0,0,0,0,5,26184,14397,40650,2447422,0,0,0,4451149,6910665,0,198,128,0,0,1000,1000,7444872
MPCTASK: EXP,2,232,11601,27,-388,774,-47,604,186,81,295,12,123,-418,700,-27,-135,708,74,6,186,69,69,0,0,0,0,0,0,0,0,0,0,5,24238,9819,34126,1669141,0,0,0,4120341,5801577,0,198,128,0,0,1000,1000,7444872
MPCTASK: EXP,2,234,11703,20,-339,786,-81,562,-3,267,235,90,62,-253,700,-53,-80,704,85,206,331,69,69,0,0,0,0,0,0,0,0,0,0,5,24194,11385,35649,1935324,0,0,0,4112853,6060411,0,198,128,0,0,1000,1000,7444872
MPCTASK: EXP,2,236,11802,17,-288,782,-106,516,-122,244,216,177,-1,-120,700,-90,13,700,58,234,382,69,69,0,0,0,0,0,0,0,0,0,0,5,24224,9736,34030,1655049,0,0,0,4118081,5785216,0,198,128,0,0,1000,1000,7444872
MPCTASK: EXP,2,238,11902,5,-245,771,-137,472,-147,125,178,229,-48,-36,700,-139,130,700,41,147,292,69,69,0,0,0,0,0,0,0,0,0,0,5,23390,10225,34293,1738178,0,0,0,3976101,5829873,0,198,128,0,0,1000,1000,7444872
MPCTASK: EXP,2,240,12001,0,-219,752,-153,440,-161,-170,184,259,-70,-1,700,-164,238,700,20,17,229,69,69,0,0,0,0,0,0,0,0,0,0,5,25028,8801,34141,1496140,0,0,0,4254621,5803920,0,198,128,0,0,1000,1000,7444872
MPCTASK: EXP,2,242,12100,0,-207,739,-170,457,-129,-620,265,278,-72,1,700,-158,330,700,13,-25,302,69,69,1,1,0,0,0,0,0,1,1,0,5,22210,10425,33006,1772101,0,0,0,3775641,5611184,0,200,130,0,0,1000,1000,7444872
MPCTASK: EXP,2,244,12206,-12,-171,731,-220,578,-85,-1008,303,298,-76,9,700,-137,424,825,14,-13,428,69,69,1,1,0,0,0,0,0,1,0,694,5,26760,9033,37686,1535545,0,0,0,4549005,6406697,0,202,131,0,0,1000,1000,7444872
MPCTASK: EXP,2,246,12300,-31,-124,731,-265,742,-29,-1114,160,291,-101,55,700,-102,508,811,25,29,435,69,69,1,1,0,0,0,0,0,1,0,617,5,19894,10577,31592,1798134,0,0,0,3381889,5370746,0,204,131,0,0,1000,1000,7444872
MPCTASK: EXP,2,248,12401,-53,-53,730,-270,922,56,-910,-173,246,-149,154,700,-49,587,700,30,-64,299,69,69,1,1,0,0,0,0,0,1,1,0,5,21552,10627,32251,1806467,0,0,0,3663689,5482808,0,206,133,0,0,1000,1000,7444872
MPCTASK: EXP,2,250,12501,-65,33,730,-205,1034,3,-542,-489,210,-205,299,700,19,644,700,30,-27,244,69,69,1,1,0,0,0,0,0,1,1,0,5,22665,10023,32968,1703767,0,0,0,3852990,5604717,0,208,135,0,0,1000,1000,7444872
MPCTASK: EXP,2,252,12605,-64,119,729,-88,1073,-48,-267,-677,207,-252,473,700,93,679,700,19,68,329,69,69,1,1,0,0,0,0,0,1,1,0,5,25947,10032,36201,1705269,0,0,0,4410875,6154248,0,210,137,0,0,1000,1000,7444872
MPCTASK: EXP,2,254,12703,-51,209,725,53,1079,-54,-27,-772,194,-273,654,700,162,703,700,14,65,362,69,69,1,1,0,0,0,0,0,1,1,0,5,22081,12367,34521,2102255,0,0,0,3753737,5868639,0,212,139,0,0,1000,1000,7444872
MPCTASK: EXP,2,256,12801,-27,284,722,205,1024,-51,209,-803,183,-258,824,700,224,692,700,12,77,382,69,69,1,1,0,0,0,0,0,1,1,0,5,23033,9527,32636,1619526,0,0,0,3915589,5548111,0,214,141,0,0,1000,1000,7444872
MPCTASK: EXP,2,258,12903,14,361,717,355,946,-62,400,-665,178,-203,967,699,272,675,699,4,72,353,69,69,1,1,0,0,0,0,0,1,1,0,5,22187,12419,35203,2111252,0,0,0,3771673,5984645,0,216,143,0,0,1000,1000,7444872
MPCTASK: EXP,2,260,13003,83,466,711,489,879,-59,689,-314,159,-114,1073,699,304,668,699,0,2,343,69,69,1,1,0,0,0,0,0,1,1,0,5,24561,9344,33978,1587449,0,0,0,4175425,5776388,0,218,145,0,0,1000,1000,7444872
MPCTASK: EXP,2,262,13101,144,518,706,530,712,-68,772,76,217,-1,1136,699,297,611,699,-7,-59,334,69,69,1,1,0,0,0,0,0,1,1,0,5,20987,11519,32578,1958135,0,0,0,3567729,5538353,0,220,147,0,0,1000,1000,7444872
MPCTASK: EXP,2,264,13200,205,562,700,511,546,-83,895,373,248,121,1155,699,271,536,699,-16,-74,384,69,69,1,1,0,0,0,0,0,1,1,0,5,23198,8149,31810,1385143,0,0,0,3943545,5407733,0,222,149,0,0,1000,1000,7444872
MPCTASK: EXP,2,266,13302,227,576,699,380,327,-48,1008,849,141,238,1132,699,172,435,699,-10,-78,388,69,69,1,1,0,0,0,0,0,1,1,0,5,22152,11613,33962,1974113,0,0,0,3765645,5773614,0,224,151,0,0,1000,1000,7444872
MPCTASK: EXP,2,268,13405,233,585,697,198,145,-36,1025,1073,78,333,1070,699,70,336,699,-9,134,526,69,69,1,1,0,0,0,0,0,1,1,0,5,26196,9602,36156,1632174,0,0,0,4453289,6146691,0,226,153,0,0,1000,1000,7444872
MPCTASK: EXP,2,270,13505,222,589,692,-9,-56,-41,1240,924,7,394,974,700,77,324,826,-15,29,557,69,69,1,1,0,0,0,0,0,1,0,748,5,22431,11110,36576,1888561,0,0,0,3813217,6217962,0,228,154,0,0,1000,1000,7444872
MPCTASK: EXP,2,272,13601,186,580,685,-205,-282,-44,1243,870,-37,411,849,700,-128,113,700,-23,-110,487,69,69,1,1,0,0,0,0,0,1,1,0,5,23859,8496,32426,1444128,0,0,0,4055929,5512549,0,230,155,0,0,1000,1000,7444872
MPCTASK: EXP,2,274,13699,132,546,684,-387,-510,43,1235,697,78,382,701,700,-223,-20,700,-15,-54,446,69,69,1,1,0,0,0,0,0,1,1,0,5,19825,10933,30833,1858605,0,0,0,3370229,5241651,0,232,157,0,0,1000,1000,7444872
MPCTASK: EXP,2,276,13803,68,499,688,-510,-710,28,1218,544,233,308,535,700,-296,-143,700,-11,72,514,69,69,1,1,0,0,0,0,0,1,1,0,5,24572,9453,34098,1606960,0,0,0,4177182,5796791,0,234,159,0,0,1000,1000,7444872
MPCTASK: EXP,2,278,13899,2,423,691,-596,-906,15,1074,397,314,196,356,700,-344,-272,700,-8,-3,422,69,69,1,1,0,0,0,0,0,1,1,0,5,19571,11279,30922,1917384,0,0,0,3326914,5256796,0,236,161,0,0,1000,1000,7444872
MPCTASK: EXP,2,280,14002,-44,336,691,-620,-1058,29,773,178,324,56,169,700,-342,-380,700,-8,-58,311,69,69,1,1,0,0,0,0,0,1,1,0,5,25926,8022,34020,1363595,0,0,0,4407317,5783568,0,238,163,0,0,1000,1000,7444872
MPCTASK: EXP,2,282,14101,-95,228,694,-613,-1159,35,420,-10,282,-97,-19,700,-327,-481,700,-5,-34,246,69,69,1,1,0,0,0,0,0,1,1,0,5,21866,11231,33421,1909105,0,0,0,3717201,5681923,0,240,165,0,0,1000,1000,7444872
MPCTASK: EXP,2,284,14202,-134,126,698,-566,-1179,51,101,-209,218,-249,-207,700,-283,-552,700,-1,9,224,69,69,1,1,0,0,0,0,0,1,1,0,5,23639,10116,33827,1719607,0,0,0,4018473,5750738,0,242,167,0,0,1000,1000,7444872
MPCTASK: EXP,2,286,14298,-174,23,709,-494,-1155,71,-65,-401,160,-385,-389,700,-230,-616,700,9,74,286,69,69,1,1,0,0,0,0,0,1,1,0,5,20346,9494,29912,1613850,0,0,0,3458686,5085180,0,244,169,0,0,1000,1000,7444872
MPCTASK: EXP,2,288,14404,-199,-70,719,-383,-1105,49,-117,-647,101,-490,-561,700,-155,-663,700,19,103,333,69,69,1,1,0,0,0,0,0,1,1,0,5,25634,10067,35778,1711444,0,0,0,4357821,6082365,0,246,171,0,0,1000,1000,7444872
MPCTASK: EXP,2,290,14502,-221,-170,728,-250,-1069,21,-75,-815,35,-555,-718,700,-83,-714,700,28,122,370,69,69,1,1,0,0,0,0,0,1,1,0,5,22413,10530,33697,1790012,0,0,0,3810038,5728523,0,248,173,0,0,1000,1000,7444872
MPCTASK: EXP,2,292,14603,-226,-256,731,-88,-1022,-25,-110,-955,-37,-572,-858,700,-2,-738,848,26,137,444,69,69,1,1,0,0,0,0,0,1,0,798,5,23032,10486,34816,1782413,0,0,0,3915445,5918692,0,250,174,0,0,1000,1000,7444872
MPCTASK: EXP,2,294,14707,-218,-347,724,97,-986,-42,-183,-1028,-110,-540,-976,700,71,-763,802,16,157,527,69,69,1,1,0,0,0,0,0,1,0,579,5,21219,13489,38493,2292948,0,0,0,3607193,6543968,0,252,174,0,0,1000,1000,7444872
MPCTASK: EXP,2,296,14804,-190,-425,726,313,-917,92,-299,-1006,-214,-463,-1070,700,147,-760,700,26,125,393,69,69,1,1,0,0,0,0,0,1,1,0,5,23988,12093,36153,2055590,0,0,0,4077897,6146130,0,254,176,0,0,1000,1000,7444872
MPCTASK: EXP,2,298,14901,-141,-500,733,490,-844,61,-434,-814,-301,-347,-1138,700,203,-745,700,33,-15,280,69,69,1,1,0,0,0,0,0,1,1,0,5,22829,9965,33137,1694109,0,0,0,3880905,5633361,0,256,178,0,0,1000,1000,7444872
MPCTASK: EXP,2,300,15004,-81,-569,733,604,-747,-37,-702,-410,-330,-203,-1178,700,222,-705,700,26,-23,296,69,69,1,1,0,0,0,0,0,1,1,0,5,26610,8570,35253,1456688,0,0,0,4523610,5993059,0,258,180,0,0,1000,1000,7444872
MPCTASK: EXP,2,302,15102,-15,-625,726,652,-591,-78,-961,10,-327,-47,-1189,700,218,-641,700,11,-70,374,69,69,1,1,0,0,0,0,0,1,1,0,5,22636,11188,33895,1901872,0,0,0,3847945,5762312,0,260,182,0,0,1000,1000,7444872
MPCTASK: EXP,2,304,15206,59,-653,722,647,-379,-49,-1060,353,-312,105,-1171,700,144,-609,861,12,-33,414,69,69,1,1,0,0,0,0,0,1,0,893,5,27870,7303,37861,1241494,0,0,0,4737833,6436486,0,262,182,0,0,1000,1000,7444872
MPCTASK: EXP,2,306,15300,116,-670,725,545,-155,102,-963,770,-267,242,-1124,700,140,-458,700,25,-51,304,69,69,1,1,0,0,0,0,0,1,1,0,5,19633,11505,31351,1955811,0,0,0,3337401,5329776,0,264,184,0,0,1000,1000,7444872
MPCTASK: EXP,2,308,15401,152,-664,741,386,34,106,-956,943,-259,347,-1049,700,66,-349,700,41,178,399,69,69,1,1,0,0,0,0,0,1,1,0,5,24695,8061,32831,1370287,0,0,0,4198185,5581388,0,266,186,0,0,1000,1000,7444872
MPCTASK: EXP,2,310,15501,182,-644,747,240,195,-28,-1034,1140,-163,412,-948,700,-5,-235,791,41,44,397,69,69,1,1,0,0,0,0,0,1,0,493,5,20095,10386,32751,1765624,0,0,0,3416093,5567679,0,268,186,0,0,1000,1000,7444872
MPCTASK: EXP,2,312,15606,187,-612,743,19,399,-18,-1133,1228,-60,429,-824,700,-94,-107,763,39,189,533,69,69,1,1,0,0,0,0,0,1,0,355,5,25958,10122,37738,1720693,0,0,0,4412669,6415534,0,270,186,0,0,1000,1000,7444872
MPCTASK: EXP,2,314,15702,164,-553,741,-217,620,14,-1059,1123,4,396,-680,700,-184,32,821,41,89,398,69,69,1,1,0,0,0,0,0,1,0,643,5,22240,10351,34477,1759492,0,0,0,3780785,5861226,0,272,186,0,0,1000,1000,7444872
MPCTASK: EXP,2,316,15800,135,-477,739,-405,814,31,-965,960,74,318,-519,700,-247,170,700,39,73,345,69,69,1,1,0,0,0,0,0,1,1,0,5,21192,8784,30050,1493327,0,0,0,3602541,5108528,0,274,187,0,0,1000,1000,7444872
MPCTASK: EXP,2,318,15905,78,-375,744,-574,989,113,-543,545,78,202,-345,700,-289,291,807,44,158,353,69,69,1,1,0,0,0,0,0,1,0,553,5,20923,10650,35621,1810398,0,0,0,3556821,6055610,0,276,187,0,0,1000,1000,7444872
MPCTASK: EXP,2,320,16001,9,-300,753,-650,1018,120,-258,241,80,59,-162,700,-316,367,700,53,92,237,69,69,0,0,0,0,0,0,0,0,0,0,5,21909,9648,31629,1640189,0,0,0,3724341,5376995,0,277,188,0,0,1000,1000,7444872
MPCTASK: EXP,2,322,16100,-63,-209,767,-681,1032,56,-149,13,103,-97,24,700,-324,450,701,67,105,228,69,69,0,0,0,0,0,0,0,0,0,0,5,21401,9970,31440,1694816,0,0,0,3638017,5344761,0,277,188,0,0,1000,1000,7444872
MPCTASK: EXP,2,324,16209,-114,-133,766,-642,1014,-67,-128,-261,139,-251,210,700,-285,510,700,53,81,248,69,69,0,0,0,0,0,0,0,0,0,0,5,29093,9762,38923,1659548,0,0,0,4945581,6617057,0,277,188,0,0,1000,1000,7444872
MPCTASK: EXP,2,326,16299,-156,-55,762,-554,1000,-94,-133,-548,161,-387,391,700,-223,566,700,43,79,291,69,69,0,0,0,0,0,0,0,0,0,0,5,20005,9137,29211,1553174,0,0,0,3400873,4965969,0,277,188,0,0,1000,1000,7444872
MPCTASK: EXP,2,328,16406,-188,12,759,-419,982,-89,-172,-808,157,-492,562,700,-146,608,700,41,88,376,69,69,0,0,0,0,0,0,0,0,0,0,5,25779,10749,36606,1827288,0,0,0,4382289,6223041,0,277,188,0,0,1000,1000,7444872
MPCTASK: EXP,2,330,16503,-210,81,747,-254,975,-125,-219,-990,131,-557,720,700,-66,645,741,22,126,643,69,69,1,1,0,0,0,0,0,1,0,259,5,20917,11154,33323,1896009,0,0,0,3555790,5665013,0,278,188,0,0,1000,1000,7444872
MPCTASK: EXP,2,332,16607,-207,152,736,-47,977,-111,-188,-1090,114,-574,860,700,27,672,736,14,162,759,69,69,1,1,0,0,0,0,0,1,0,249,5,25931,10626,37754,1806416,0,0,0,4408218,6418250,0,280,188,0,0,1000,1000,7444872
MPCTASK: EXP,2,334,16710,-189,228,729,167,972,-56,-48,-1069,104,-542,978,700,112,688,782,17,122,533,69,69,1,1,0,0,0,0,0,1,0,476,5,20884,18048,40926,3067923,0,0,0,3550313,6957470,0,282,188,0,0,1000,1000,7444872
MPCTASK: EXP,2,336,16803,-157,289,722,364,922,-12,84,-950,96,-463,1073,700,178,675,700,19,-59,334,69,69,1,1,0,0,0,0,0,1,1,0,5,25816,7889,33946,1341102,0,0,0,4388645,5770943,0,284,189,0,0,1000,1000,7444872
MPCTASK: EXP,2,338,16901,-107,355,726,527,853,74,292,-675,77,-347,1141,700,228,651,700,26,-3,262,69,69,1,1,0,0,0,0,0,1,1,0,5,20120,10872,31065,1848185,0,0,0,3420305,5281147,0,286,191,0,0,1000,1000,7444872
MPCTASK: EXP,2,340,17003,-35,411,732,634,759,16,436,-341,78,-204,1182,700,260,613,700,32,-4,229,69,69,1,1,0,0,0,0,0,1,1,0,5,24167,9574,33822,1627561,0,0,0,4108213,5749800,0,288,193,0,0,1000,1000,7444872
MPCTASK: EXP,2,342,17101,52,459,728,695,650,-68,559,41,112,-47,1193,700,275,562,700,14,-33,273,69,69,1,1,0,0,0,0,0,1,1,0,5,20384,11374,31835,1933527,0,0,0,3465357,5411998,0,290,195,0,0,1000,1000,7444872
MPCTASK: EXP,2,344,17202,109,485,721,644,504,-103,629,439,157,106,1175,700,232,488,700,1,-6,310,69,69,1,1,0,0,0,0,0,1,1,0,5,25218,7860,33162,1336161,0,0,0,4286885,5637596,0,292,197,0,0,1000,1000,7444872
MPCTASK: EXP,2,346,17302,163,495,715,548,345,-79,800,841,173,242,1128,700,171,390,700,0,10,364,69,69,1,1,0,0,0,0,0,1,1,0,5,22065,10767,32906,1830383,0,0,0,3751049,5594037,0,294,199,0,0,1000,1000,7444872
MPCTASK: EXP,2,348,17405,207,516,715,360,179,-70,823,1160,230,347,1053,700,86,305,809,1,17,509,69,69,1,1,0,0,0,0,0,1,0,636,5,22973,10823,35031,1839852,0,0,0,3905189,5955400,0,296,200,0,0,1000,1000,7444872
MPCTASK: EXP,2,350,17505,224,528,705,140,11,-78,1047,1310,149,412,952,700,-13,205,808,-10,-109,540,69,69,1,1,0,0,0,0,0,1,0,647,5,20292,10793,35227,1834820,0,0,0,3449668,5988606,0,298,200,0,0,1000,1000,7444872
MPCTASK: EXP,2,352,17604,218,520,703,-133,-215,31,1199,1419,25,429,828,700,-125,85,841,3,183,623,69,69,1,1,0,0,0,0,0,1,0,794,5,23897,8681,34942,1475551,0,0,0,4062449,5940218,0,300,200,0,0,1000,1000,7444872
MPCTASK: EXP,2,354,17702,165,492,706,-410,-431,89,1203,1253,73,397,684,700,-238,-37,700,6,-91,398,69,69,1,1,0,0,0,0,0,1,1,0,5,19850,11569,31626,1966722,0,0,0,3374283,5376491,0,302,201,0,0,1000,1000,7444872
MPCTASK: EXP,2,356,17807,76,444,714,-648,-685,137,1294,631,211,318,523,700,-328,-182,853,14,-112,401,69,69,1,1,0,0,0,0,0,1,0,821,5,25922,9484,36443,1612173,0,0,0,4406569,6195413,0,304,201,0,0,1000,1000,7444872
MPCTASK: EXP,2,358,17899,-6,381,718,-736,-896,125,1177,274,337,202,349,700,-377,-308,888,18,-93,358,69,69,1,1,0,0,0,0,0,1,0,989,5,18090,9702,28958,1649398,0,0,0,3075373,4922869,0,306,201,0,0,1000,1000,7444872
MPCTASK: EXP,2,360,18009,-83,280,738,-749,-1107,277,859,-59,348,58,166,700,-388,-439,771,38,1,335,69,69,1,1,0,0,0,0,0,1,0,350,5,26964,9904,38710,1683658,0,0,0,4583781,6580809,0,308,201,0,0,1000,1000,7444872
MPCTASK: EXP,2,362,18106,-134,186,761,-695,-1201,264,463,-299,280,-97,-20,700,-361,-524,706,61,-8,250,69,69,0,0,0,0,0,0,0,0,0,0,5,23911,10821,34803,1839467,0,0,0,4064790,5916650,0,309,201,0,0,1000,1000,7444872
MPCTASK: EXP,2,364,18205,-192,55,785,-619,-1231,115,-54,-409,180,-251,-206,700,-328,-607,708,85,-14,163,69,69,0,0,0,0,0,0,0,0,0,0,5,24526,8626,33222,1466416,0,0,0,4169325,5647678,0,309,201,0,0,1000,1000,7444872
MPCTASK: EXP,2,366,18302,-234,-53,793,-533,-1181,-17,-320,-508,123,-387,-387,700,-279,-662,706,90,147,280,69,69,0,0,0,0,0,0,0,0,0,0,5,21231,9363,30665,1591519,0,0,0,3609269,5212994,0,309,201,0,0,1000,1000,7444872
MPCTASK: EXP,2,368,18407,-266,-160,797,-422,-1112,-69,-338,-716,76,-492,-558,700,-211,-717,705,84,152,325,69,69,0,0,0,0,0,0,0,0,0,0,5,25766,10235,36386,1739728,0,0,0,4380265,6185878,0,309,201,0,0,1000,1000,7444872
MPCTASK: EXP,2,370,18506,-290,-246,794,-276,-1029,-109,-280,-955,17,-557,-716,700,-132,-747,703,72,88,435,69,69,0,0,0,0,0,0,0,0,0,0,5,23012,10786,33876,1833483,0,0,0,3912081,5758963,0,309,201,0,0,1000,1000,7444872
MPCTASK: EXP,2,372,18607,-298,-330,784,-91,-964,-146,-263,-1107,-48,-574,-856,700,-49,-770,700,54,185,907,69,69,0,0,0,0,0,0,0,0,0,0,5,24926,9955,34951,1692128,0,0,0,4237453,5941668,0,309,201,0,0,1000,1000,7444872
MPCTASK: EXP,2,374,18703,-283,-405,767,121,-892,-163,-297,-1144,-112,-542,-975,700,37,-775,700,34,165,1096,69,69,0,0,0,0,0,0,0,0,0,0,5,19219,11845,31134,2013685,0,0,0,3267081,5292848,0,309,201,0,0,1000,1000,7444872
MPCTASK: EXP,2,376,18807,-243,-476,745,350,-817,-166,-361,-1085,-192,-463,-1069,700,123,-767,725,11,82,905,69,69,1,1,0,0,0,0,0,1,0,187,5,23894,9584,35023,1629100,0,0,0,4061857,5954021,0,310,201,0,0,1000,1000,7444872
MPCTASK: EXP,2,378,18907,-196,-527,727,538,-713,-113,-468,-840,-285,-347,-1138,700,137,-773,848,4,25,426,69,69,1,1,0,0,0,0,0,1,0,884,5,22648,11448,35157,1946053,0,0,0,3849989,5976794,0,312,201,0,0,1000,1000,7444872
MPCTASK: EXP,2,380,19005,-127,-583,718,696,-606,36,-486,-506,-372,-204,-1178,700,218,-697,700,18,-37,245,69,69,1,1,0,0,0,0,0,1,1,0,5,22310,10266,32649,1745028,0,0,0,3792693,5550366,0,314,203,0,0,1000,1000,7444872
MPCTASK: EXP,2,382,19102,-60,-615,726,759,-487,83,-563,-141,-456,-47,-1189,700,222,-631,700,26,-39,236,69,69,1,1,0,0,0,0,0,1,1,0,5,20736,9069,29877,1541588,0,0,0,3525077,5079312,0,316,205,0,0,1000,1000,7444872
MPCTASK: EXP,2,384,19206,17,-648,731,759,-371,14,-750,337,-466,106,-1171,700,201,-560,700,31,-44,286,69,69,1,1,0,0,0,0,0,1,1,0,5,24278,9453,33919,1606813,0,0,0,4127170,5766251,0,318,207,0,0,1000,1000,7444872
MPCTASK: EXP,2,386,19307,89,-669,742,675,-218,3,-948,842,-418,242,-1124,700,149,-469,700,42,-58,316,69,69,1,1,0,0,0,0,0,1,1,0,5,22428,12141,34642,2063905,0,0,0,3812634,5889187,0,320,209,0,0,1000,1000,7444872
MPCTASK: EXP,2,388,19406,143,-674,742,518,-30,-60,-1092,1163,-359,347,-1049,700,80,-364,799,29,17,421,69,69,1,1,0,0,0,0,0,1,0,546,5,22185,9982,33663,1696867,0,0,0,3771449,5722738,0,322,209,0,0,1000,1000,7444872
MPCTASK: EXP,2,390,19508,162,-663,746,258,195,39,-1111,1393,-288,412,-949,700,-26,-244,764,46,179,513,69,69,1,1,0,0,0,0,0,1,0,344,5,21093,13407,35926,2279203,0,0,0,3585793,6107407,0,324,209,0,0,1000,1000,7444872
MPCTASK: EXP,2,392,19608,165,-622,749,33,409,46,-1103,1327,-241,429,-824,700,-112,-113,765,49,151,461,69,69,1,1,0,0,0,0,0,1,0,346,5,25155,9166,36196,1558035,0,0,0,4276334,6153382,0,326,209,0,0,1000,1000,7444872
MPCTASK: EXP,2,394,19707,144,-561,747,-216,630,-6,-1043,1213,-144,397,-680,700,-204,29,764,46,107,444,69,69,1,1,0,0,0,0,0,1,0,353,5,22627,10665,34841,1813002,0,0,0,3846589,5922963,0,328,209,0,0,1000,1000,7444872
MPCTASK: EXP,2,396,19807,78,-479,739,-461,829,-20,-886,1018,-93,318,-519,700,-304,167,700,35,-69,324,69,69,1,1,0,0,0,0,0,1,1,0,5,24587,9681,34340,1645646,0,0,0,4179737,5838043,0,330,210,0,0,1000,1000,7444872
MPCTASK: EXP,2,398,19908,21,-402,737,-625,964,54,-651,638,-82,202,-345,700,-352,276,700,37,-42,243,69,69,1,1,0,0,0,0,0,1,1,0,5,24003,12092,36167,2055526,0,0,0,4080381,6148555,0,332,212,0,0,1000,1000,7444872
MPCTASK: EXP,2,400,20006,-17,-310,740,-671,1048,10,-437,327,-56,58,-162,700,-345,379,700,40,7,229,69,69,1,1,0,0,0,0,0,1,1,0,5,23850,9500,33423,1614916,0,0,0,4054577,5681981,0,334,214,0,0,1000,1000,7444872
MPCTASK: EXP,2,402,20106,-77,-219,743,-683,1067,-20,-206,25,-35,-97,24,700,-334,455,700,38,59,237,69,69,1,1,0,0,0,0,0,1,0,826,5,21119,11319,33690,1924231,0,0,0,3590053,5727372,0,336,215,0,0,1000,1000,7444872
MPCTASK: EXP,2,404,20210,-141,-128,743,-656,1066,-35,-75,-296,-8,-251,210,700,-324,504,700,36,27,232,69,69,1,1,0,0,0,0,0,1,0,892,5,24870,10961,37829,1863251,0,0,0,4227697,6431069,0,338,215,0,0,1000,1000,7444872
MPCTASK: EXP,2,406,20303,-188,-50,744,-563,1034,-41,-44,-599,14,-387,391,700,-246,572,700,36,97,315,69,69,1,1,0,0,0,0,0,1,1,0,5,22190,8726,30990,1483389,0,0,0,3772217,5268421,0,340,217,0,0,1000,1000,7444872
MPCTASK: EXP,2,408,20408,-216,20,744,-434,1011,-48,-100,-827,29,-492,562,700,-169,617,700,34,82,361,69,69,1,1,0,0,0,0,0,1,1,0,5,24256,11112,35670,1889047,0,0,0,4123449,6063973,0,342,219,0,0,1000,1000,7444872
MPCTASK: EXP,2,410,20510,-228,89,739,-248,989,-71,-191,-1015,24,-557,720,700,-76,653,760,24,182,581,69,69,1,1,0,0,0,0,0,1,0,354,5,24832,8791,36987,1494412,0,0,0,4221354,6287882,0,344,219,0,0,1000,1000,7444872
MPCTASK: EXP,2,412,20610,-229,164,732,-37,990,-27,-190,-1085,13,-574,859,700,13,684,780,27,187,544,69,69,1,1,0,0,0,0,0,1,0,455,5,25016,10936,37718,1859076,0,0,0,4252806,6412122,0,346,219,0,0,1000,1000,7444872
MPCTASK: EXP,2,414,20708,-208,235,730,184,974,22,-57,-1087,-7,-541,978,700,103,694,845,30,124,438,69,69,1,1,0,0,0,0,0,1,0,774,5,21878,13148,36119,2235130,0,0,0,3719225,6140313,0,348,219,0,0,1000,1000,7444872
MPCTASK: EXP,2,416,20808,-177,309,734,382,934,90,113,-946,-22,-463,1073,700,171,691,700,34,116,364,69,69,1,1,0,0,0,0,0,1,1,0,5,24947,9496,34764,1614259,0,0,0,4241013,5933396,0,350,221,0,0,1000,1000,7444872
MPCTASK: EXP,2,418,20902,-122,368,740,539,856,28,282,-717,-25,-347,1141,700,220,664,700,40,-46,258,69,69,1,1,0,0,0,0,0,1,1,0,5,19151,10417,29644,1770746,0,0,0,3255745,5039515,0,352,223,0,0,1000,1000,7444872
MPCTASK: EXP,2,420,21007,-50,421,737,638,766,-73,353,-262,24,-203,1182,700,241,629,700,22,-9,252,69,69,1,1,0,0,0,0,0,1,1,0,5,25277,9151,34500,1555577,0,0,0,4297014,5865085,0,354,225,0,0,1000,1000,7444872
MPCTASK: EXP,2,422,21107,12,467,725,652,659,-115,475,119,103,-47,1193,700,228,576,700,2,-22,281,69,69,1,1,0,0,0,0,0,1,1,0,5,24666,9800,34541,1666000,0,0,0,4193050,5872046,0,356,227,0,0,1000,1000,7444872
MPCTASK: EXP,2,424,21207,83,506,722,596,529,-71,632,621,108,105,1175,700,188,510,700,7,25,310,69,69,1,1,0,0,0,0,0,1,1,0,5,23563,10362,34206,1761523,0,0,0,4005675,5814996,0,358,229,0,0,1000,1000,7444872
MPCTASK: EXP,2,426,21304,128,538,718,459,389,-64,746,893,87,241,1128,700,119,438,700,6,129,459,69,69,1,1,0,0,0,0,0,1,1,0,5,19654,11689,31417,1987199,0,0,0,3341141,5340987,0,360,231,0,0,1000,1000,7444872
MPCTASK: EXP,2,428,21407,118,549,714,228,225,-74,765,1092,91,347,1054,700,-8,348,780,0,168,638,69,69,1,1,0,0,0,0,0,1,0,493,5,23936,9899,35023,1682727,0,0,0,4069021,5953894,0,362,231,0,0,1000,1000,7444872
MPCTASK: EXP,2,430,21508,109,567,707,-5,74,5,887,1028,28,411,954,700,-112,258,700,7,-80,351,69,69,1,1,0,0,0,0,0,1,1,0,5,24405,11283,36107,1918009,0,0,0,4148814,6138335,0,364,232,0,0,1000,1000,7444872
MPCTASK: EXP,2,432,21608,80,587,715,-209,-101,111,1272,791,54,427,830,700,-201,153,875,15,-104,384,69,69,1,1,0,0,0,0,0,1,0,934,5,24564,9012,35227,1531778,0,0,0,4175857,5988560,0,366,233,0,0,1000,1000,7444872
MPCTASK: EXP,2,434,21709,22,576,723,-362,-317,46,1502,692,125,395,686,700,-294,30,775,23,45,547,69,69,1,1,0,0,0,0,0,1,0,432,5,23541,9333,35029,1586653,0,0,0,4001949,5955008,0,368,233,0,0,1000,1000,7444872
MPCTASK: EXP,2,436,21811,-29,536,729,-474,-599,81,1642,453,206,316,525,700,-344,-121,761,29,-115,525,69,69,1,1,0,0,0,0,0,1,0,348,5,24958,11006,37964,1870854,0,0,0,4242825,6453884,0,370,233,0,0,1000,1000,7444872
MPCTASK: EXP,2,438,21902,-89,473,739,-532,-866,66,1542,221,226,200,351,700,-376,-260,760,39,-150,470,69,69,1,1,0,0,0,0,0,1,0,330,5,19691,8484,29172,1442255,0,0,0,3347361,4959453,0,372,233,0,0,1000,1000,7444872
MPCTASK: EXP,2,440,22011,-153,371,742,-557,-1106,30,1078,4,204,57,167,700,-219,-224,885,42,-12,366,69,69,1,1,0,0,0,0,0,1,0,961,5,24751,9944,37061,1690396,0,0,0,4207733,6300441,0,374,233,0,0,1000,1000,7444872
MPCTASK: EXP,2,442,22112,-196,275,741,-521,-1224,82,448,-264,142,-96,-20,700,-349,-468,762,41,322,466,69,69,1,1,0,0,0,0,0,1,0,334,5,22669,13375,37978,2273564,0,0,0,3853601,6456332,0,376,234,0,0,1000,1000,7444872
MPCTASK: EXP,2,444,22209,-236,165,750,-429,-1245,110,68,-532,47,-248,-209,700,-302,-541,700,50,6,218,69,69,0,0,0,0,0,0,0,0,0,0,5,25910,9552,35532,1623815,0,0,0,4404593,6040487,0,377,235,0,0,1000,1000,7444872
MPCTASK: EXP,2,446,22309,-252,67,764,-321,-1192,54,-252,-473,-32,-381,-393,700,-246,-574,700,64,123,274,69,69,0,0,0,0,0,0,0,0,0,0,5,23189,12464,35731,2118812,0,0,0,3942165,6074373,0,377,235,0,0,1000,1000,7444872
MPCTASK: EXP,2,448,22409,-267,-33,771,-231,-1119,-18,-327,-474,-83,-483,-569,700,-193,-609,700,67,158,311,69,69,0,0,0,0,0,0,0,0,0,0,5,24830,10064,34972,1710804,0,0,0,4221162,5945300,0,377,235,0,0,1000,1000,7444872
MPCTASK: EXP,2,450,22506,-269,-116,771,-126,-1039,-73,-200,-604,-132,-544,-731,700,-131,-625,700,57,155,341,69,69,0,0,0,0,0,0,0,0,0,0,5,21283,10973,32326,1865340,0,0,0,3617969,5495395,0,377,235,0,0,1000,1000,7444872
MPCTASK: EXP,2,452,22610,-260,-198,762,5,-985,-116,-169,-713,-182,-558,-875,700,-70,-626,700,39,220,535,69,69,0,0,0,0,0,0,0,0,0,0,5,27022,9657,36750,1641559,0,0,0,4593749,6247656,0,377,235,0,0,1000,1000,7444872
MPCTASK: EXP,2,454,22709,-242,-273,748,144,-925,-136,-261,-713,-227,-525,-994,700,-25,-605,776,21,149,503,69,69,1,1,0,0,0,0,0,1,0,436,5,23890,10316,35864,1753602,0,0,0,4061209,6097004,0,378,235,0,0,1000,1000,7444872
MPCTASK: EXP,2,456,22809,-206,-345,735,293,-842,-87,-441,-617,-284,-450,-1085,699,15,-566,699,17,54,319,69,69,1,1,0,0,0,0,0,1,1,0,5,25210,10451,35736,1776669,0,0,0,4285677,6075104,0,380,237,0,0,1000,1000,7444872
MPCTASK: EXP,2,458,22910,-161,-407,729,406,-724,-42,-648,-370,-326,-343,-1143,699,33,-508,699,20,-39,274,69,69,1,1,0,0,0,0,0,1,1,0,5,22035,14127,36236,2401532,0,0,0,3745861,6160332,0,382,239,0,0,1000,1000,7444872
MPCTASK: EXP,2,460,23007,-109,-456,723,462,-572,-51,-910,-4,-320,-218,-1163,699,33,-438,699,13,-69,340,69,69,1,1,0,0,0,0,0,1,1,0,5,24637,9353,34067,1589912,0,0,0,4188145,5791341,0,384,241,0,0,1000,1000,7444872
MPCTASK: EXP,2,462,23109,-59,-487,723,449,-374,-42,-1096,338,-285,-89,-1141,699,20,-365,699,14,-66,405,69,69,1,1,0,0,0,0,0,1,1,0,5,24541,11269,35890,1915551,0,0,0,4171905,6101410,0,386,243,0,0,1000,1000,7444872
MPCTASK: EXP,2,464,23209,-12,-500,720,382,-150,-48,-1176,633,-234,25,-1078,699,18,-314,789,10,57,532,69,69,1,1,0,0,0,0,0,1,0,522,5,24238,9683,35251,1645941,0,0,0,4120413,5992837,0,388,243,0,0,1000,1000,7444872
MPCTASK: EXP,2,466,23305,17,-494,719,255,87,35,-1103,730,-205,112,-974,699,-3,-250,699,19,18,388,69,69,1,1,0,0,0,0,0,1,1,0,5,21622,9634,31329,1637675,0,0,0,3675649,5325899,0,390,244,0,0,1000,1000,7444872
MPCTASK: EXP,2,468,23411,27,-462,726,119,293,90,-817,664,-197,162,-834,700,-22,-199,700,26,-8,285,69,69,1,1,0,0,0,0,0,1,1,0,5,27955,9456,37483,1607492,0,0,0,4752261,6372273,0,392,246,0,0,1000,1000,7444872
MPCTASK: EXP,2,470,23507,29,-414,728,16,425,-10,-552,593,-142,171,-668,700,-31,-163,700,25,28,278,69,69,1,1,0,0,0,0,0,1,1,0,5,22428,11113,33622,1889101,0,0,0,3812677,5715883,0,394,248,0,0,1000,1000,7444872
MPCTASK: EXP,2,472,23609,30,-367,719,-66,498,-71,-241,446,-62,143,-489,700,-26,-148,700,5,-26,264,69,69,1,1,0,0,0,0,0,1,1,0,5,25095,9524,34795,1618921,0,0,0,4266093,5915141,0,396,250,0,0,1000,1000,7444872
MPCTASK: EXP,2,474,23710,22,-320,713,-122,511,-53,45,209,12,88,-316,700,-25,-131,700,2,44,261,69,69,1,1,0,0,0,0,0,1,1,0,5,24465,12202,36738,2074158,0,0,0,4158981,6245476,0,398,252,0,0,1000,1000,7444872
MPCTASK: EXP,2,476,23811,-1,-272,712,-157,479,-25,296,17,77,23,-168,700,-44,-105,700,7,47,269,69,69,1,1,0,0,0,0,0,1,1,0,5,26326,11234,37631,1909695,0,0,0,4475378,6397348,0,400,254,0,0,1000,1000,7444872
MPCTASK: EXP,2,478,23907,-13,-249,712,-140,388,-17,370,-128,130,-32,-63,700,-58,-91,700,9,185,404,69,69,1,1,0,0,0,0,0,1,1,0,5,23171,10382,33631,1764823,0,0,0,3938957,5717304,0,402,256,0,0,1000,1000,7444872
MPCTASK: EXP,2,480,24009,-21,-223,709,-109,316,-33,304,-119,164,-64,-10,700,-69,-73,700,2,166,382,69,69,1,1,0,0,0,0,0,1,1,0,5,25862,9620,35550,1635299,0,0,0,4396398,6043697,0,404,258,0,0,1000,1000,7444872
MPCTASK: EXP,2,482,24107,-29,-208,706,-89,254,-24,163,-55,176,-72,1,700,-62,-90,700,1,142,347,69,69,1,1,0,0,0,0,0,1,1,0,5,23867,9382,33319,1594774,0,0,0,4057421,5664290,0,406,260,0,0,1000,1000,7444872
MPCTASK: TRAJ DONE: idx=482, max=482; requesting landing
MPCTASK: LANDING: start z=0.70, hold=(-0.02,-0.20)
MPCTASK: TIMING SUMMARY: max_step_cycles=7444872 deadline_cycles=8400000 overruns=0
MPCTASK: POSTHOC SUMMARY: active=407 infeasible=261
MPCTASK: LANDING COMPLETE: t=40908 ms, x=0.028, y=-0.220, z=0.0, vz=-0.093; motors off