SYS: Crazyflie 2.1 Brushless is up and running!
SYS: Build 2:de14ff9f08ae (2025.09.1 +2) MODIFIED
SYS: I am 0x373930393434471500370039 and I have 1024KB of flash!
CFGBLK: v1, verification [OK]
DECK_DISCOVERY: Backend found: onewire
DECK_DISCOVERY: Backend found: deckctrl
DECK_CORE: 1 deck(s) found
DECK_CORE: Calling INIT on driver bcFlow2 for deck 0
ZR2: Z-down sensor [OK]
PMW: Motion chip id: 0x49:0xB6
IMU: BMI088: Using I2C interface.
IMU: BMI088 Gyro connection [OK].
IMU: BMI088 Accel connection [OK]
IMU: BMP390 I2C connection [OK]
ESTIMATOR: Using Kalman (2) estimator
CONTROLLER: Using PID (1) controller
MTR-DRV: Using brushless motor driver
SYS: About to run tests in system.c.
SYS: NRF51 version: 2026.04 (C21B)
EEPROM: I2C connection [OK].
STORAGE: Storage check [OK].
IMU: BMI088 gyro self-test [OK]
DECK_CORE: Deck 0 test [OK].
SYS: Self test passed!
STAB: Wait for sensor calibration...
SYS: Free heap: 15048 bytes
MPCTASK: Waiting for activation ...
STAB: Starting stabilizer loop
STAB: WARNING: stabilizer loop rate is off (1004)
SUP: Ready to fly
MPCTASK: Benchmark mode 0, maneuver 4, max_iter 5, task_pri 0
MPCTASK: Reference altitude: 0.70 m; barrier skip when z>0.75 and vz>-0.20
MPCTASK: OOT takeoff: cfclient trigger>=0.15m ramp=0.15m/s figure8_start=3000ms_at_measured_z target=0.70m timeout=12000ms
MPCTASK: Common baseline: mpc_hz=20 model_hz=20 rho=5 base_w=0 base_qz=1 Qz=100 R=4 bridge=x10 guards=z[ref,ref+0.20] xy=free cap=0.05
MPCTASK: MPC->PID: xyz=x10, z_guard=[ref,ref+0.20], yaw=raw_rz, output_hold=200ms, safety_hold=500ms
MPCTASK: Reference origin: xyz=measured_at_forced_3s_start target_z=0.70 m
MPCTASK: Fixed baseline: w=0 qz=1 adaptive_cache=off
MPCTASK: EXP every=2: m,s,tms,p3[mm],v3[mmps],att3[cdeg],ref3[mm],cmd3[mm],h/raw/grad/mar/thr[milli],act/ac/bind,wi/qi/cache/noa,pa/pf/du[milli],it,mpc/eval/total[us],bar/tanh/rl/cache/solve/step[cycles],overruns,post_active/post_infeasible_totals,wreq/w/qzreq/qz[milli],max_step_cycles
MPCTASK: Figure8: source=traj_fig8_12.h source_hz=100 samples=1205 laps=2 duration=24.07 s origin=forced_3s_start start_delay=3000ms z_baseline=measured_at_start
CONTROLLER: Using OutOfTree (6) controller
MPCTASK: Trajectory origin: x=0.01 y=0.05
MPCTASK: OOT activated at z=0.01
MPCTASK: TAKEOFF START: trigger_z=0.15 start_z=0.01 target=0.70 hold=(-0.0,0.03) ramp=0.15m/s
MPCTASK: OOT loop 1 done
MPCTASK: MMPCTASK: OOT loop 2 done
PC task loop 1
MPCTASK: x0: pos=(-0.0,0.0MPCTASK: OOT loop 3 done
3,0.01) vel=(-0.01,-0.01,-0.0)
MPCTASK: ref: (-0.0,0.03,0.01)
MPCTASK: MPC solve start
MPCTASK: MPC solve done, iter=5
MPCTASK: MPC time=23017 us
MPCTASK: MPC stack free=1167 words
MPCTASK: setpoint: x=-0.0 y=0.03 z=0.07 preview_z=0.07
MPCTASK: MPC task loop 2
MPCTASK: MPC task loop 3
MPCTASK: TAKEOFF COMPLETE: t=3000ms z=0.45 vz=0.26; trajectory queued origin=(-0.17,0.11,0.45)
MPCTASK: TRAJ START: z=0.45 origin=(-0.17,0.11,0.45) EXP clock reset; Z metric begins at t+3s
MPCTASK: EXP,0,2,70,-189,105,469,9,-32,218,387,-621,628,-174,112,454,-196,396,454,0,0,0,0,0,0,0,0,0,0,0,0,0,0,0,5,19180,0,19234,0,0,0,0,3260387,3269839,0,0,0,0,0,1000,1000,4095154
MPCTASK: EXP,0,4,173,-198,80,484,70,-86,70,-390,-373,667,-185,131,454,-170,436,454,0,0,0,0,0,0,0,0,0,0,0,0,0,0,0,5,22991,0,23044,0,0,0,0,3908277,3917716,0,0,0,0,0,1000,1000,4349684
MPCTASK: EXP,0,6,271,-232,69,490,-9,42,34,-1341,174,654,-219,198,454,-196,514,454,0,0,0,0,0,0,0,0,0,0,0,0,0,0,0,5,20713,0,20770,0,0,0,0,3521154,3530885,0,0,0,0,0,1000,1000,4349684
MPCTASK: EXP,0,8,373,-295,81,503,-154,290,31,-1625,-83,201,-272,317,454,-204,586,456,0,0,0,0,0,0,0,0,0,0,0,0,0,0,0,5,21821,0,21876,0,0,0,0,3709478,3718920,0,0,0,0,0,1000,1000,4349684
MPCTASK: EXP,0,10,470,-348,104,506,-159,514,-19,-1533,-549,-300,-327,476,454,-179,645,455,0,0,0,0,0,0,0,0,0,0,0,0,0,0,0,5,19552,0,19605,0,0,0,0,3323729,3333017,0,0,0,0,0,1000,1000,4349684
MPCTASK: EXP,0,12,572,-428,178,503,-116,794,-49,-1536,-962,-840,-365,656,454,-163,738,454,0,0,0,0,0,0,0,0,0,0,0,0,0,0,0,5,22026,0,22083,0,0,0,0,3744473,3754200,0,0,0,0,0,1000,1000,4349684
MPCTASK: EXP,0,14,671,-476,259,505,73,978,0,-956,-1543,-1175,-373,834,454,-104,770,455,0,0,0,0,0,0,0,0,0,0,0,0,0,0,0,5,21160,0,21217,0,0,0,0,3597205,3606932,0,0,0,0,0,1000,1000,4349684
MPCTASK: EXP,0,16,776,-478,353,504,359,1028,-14,-515,-1828,-1310,-342,995,454,-25,786,455,0,0,0,0,0,0,0,0,0,0,0,0,0,0,0,5,24829,0,24884,0,0,0,0,4220921,4230360,0,0,0,0,0,1000,1000,4349684
MPCTASK: EXP,0,18,874,-445,439,502,644,999,-35,-199,-1628,-1264,-273,1124,454,34,779,454,0,0,0,0,0,0,0,0,0,0,0,0,0,0,0,5,23214,0,23274,0,0,0,0,3946285,3956648,0,0,0,0,0,1000,1000,4349684
MPCTASK: EXP,0,20,972,-370,519,481,886,917,-83,245,-1197,-1222,-172,1213,453,90,744,453,0,0,0,0,0,0,0,0,0,0,0,0,0,0,0,5,22050,0,22105,0,0,0,0,3748509,3757952,0,0,0,0,0,1000,1000,4349684
MPCTASK: EXP,0,22,1071,-253,604,463,1074,793,-50,764,-653,-1158,-53,1258,453,142,694,453,0,0,0,0,0,0,0,0,0,0,0,0,0,0,0,5,21104,0,21158,0,0,0,0,3587633,3596917,0,0,0,0,0,1000,1000,4349684
MPCTASK: EXP,0,24,1173,-162,615,458,1082,520,29,1157,9,-998,68,1260,453,119,560,453,0,0,0,0,0,0,0,0,0,0,0,0,0,0,0,5,22246,0,22304,0,0,0,0,3781841,3791796,0,0,0,0,0,1000,1000,4349684
MPCTASK: EXP,0,26,1272,-52,650,462,998,301,62,1293,675,-966,178,1221,454,84,469,454,0,0,0,0,0,0,0,0,0,0,0,0,0,0,0,5,21587,0,22090,0,0,0,0,3669621,3755436,0,0,0,0,0,1000,1000,4349684
MPCTASK: EXP,0,28,1373,52,649,473,818,58,69,1444,1214,-915,261,1145,454,36,349,454,0,0,0,0,0,0,0,0,0,0,0,0,0,0,0,5,23245,0,23300,0,0,0,0,3951629,3961077,0,0,0,0,0,1000,1000,4349684
MPCTASK: EXP,0,30,1473,171,631,482,611,-172,45,1429,1547,-915,305,1037,454,8,228,454,0,0,0,0,0,0,0,0,0,0,0,0,0,0,0,5,22665,0,22720,0,0,0,0,3852965,3862545,0,0,0,0,0,1000,1000,4349684
MPCTASK: EXP,0,32,1572,241,553,488,303,-440,11,1321,1863,-949,304,902,454,-64,67,454,0,0,0,0,0,0,0,0,0,0,0,0,0,0,0,5,21766,0,21821,0,0,0,0,3700133,3709586,0,0,0,0,0,1000,1000,4349684
MPCTASK: EXP,0,34,1673,254,449,487,-83,-670,-27,1112,1926,-953,257,746,454,-169,-99,454,0,0,0,0,0,0,0,0,0,0,0,0,0,0,0,5,22934,0,22988,0,0,0,0,3898765,3908061,0,0,0,0,0,1000,1000,4349684
MPCTASK: EXP,0,36,1773,207,370,482,-465,-808,-27,839,1685,-766,166,574,454,-280,-215,454,0,0,0,0,0,0,0,0,0,0,0,0,0,0,0,5,22930,0,22985,0,0,0,0,3897941,3907539,0,0,0,0,0,1000,1000,4349684
MPCTASK: EXP,0,38,1873,134,312,487,-742,-879,27,544,1230,-482,41,392,454,-355,-290,454,0,0,0,0,0,0,0,0,0,0,0,0,0,0,0,5,22628,0,22682,0,0,0,0,3846730,3856026,0,0,0,0,0,1000,1000,4349684
MPCTASK: EXP,0,40,1976,67,239,491,-896,-917,50,282,735,-344,-105,203,454,-381,-363,454,0,0,0,0,0,0,0,0,0,0,0,0,0,0,0,5,23880,0,23936,0,0,0,0,4059550,4069197,0,0,0,0,0,1000,1000,4349684
MPCTASK: EXP,0,42,2073,-16,153,496,-979,-938,76,139,361,-521,-260,14,454,-398,-441,457,0,0,0,0,0,0,0,0,0,0,0,0,0,0,0,5,22352,0,22405,0,0,0,0,3799625,3808928,0,0,0,0,0,1000,1000,4349684
MPCTASK: EXP,0,44,2175,-109,87,512,-981,-945,131,502,-346,-924,-407,-171,454,-369,-528,466,0,0,0,0,0,0,0,0,0,0,0,0,0,0,0,5,24006,0,24061,0,0,0,0,4080881,4090347,0,0,0,0,0,1000,1000,4349684
MPCTASK: EXP,0,46,2273,-228,27,537,-917,-1024,179,666,-1138,-1444,-532,-350,454,-345,-604,477,0,0,0,0,0,0,0,0,0,0,0,0,0,0,0,5,22143,0,22266,0,0,0,0,3764185,3785241,0,0,0,0,0,1000,1000,4520428
MPCTASK: EXP,0,48,2375,-311,-59,566,-712,-1157,196,569,-2076,-1868,-623,-516,454,-243,-701,485,0,0,0,0,0,0,0,0,0,0,0,0,0,0,0,5,23326,0,23386,0,0,0,0,3965249,3975718,0,0,0,0,0,1000,1000,4520428
MPCTASK: EXP,0,50,2472,-375,-179,606,-411,-1350,211,283,-2612,-2194,-669,-667,454,-141,-806,493,0,0,0,0,0,0,0,0,0,0,0,0,0,0,0,5,20531,0,20588,0,0,0,0,3490309,3500044,0,0,0,0,0,1000,1000,4520428
MPCTASK: EXP,0,52,2578,-386,-299,617,-35,-1453,11,-468,-2374,-1963,-666,-798,454,-43,-836,487,0,0,0,0,0,0,0,0,0,0,0,0,0,0,0,5,27232,0,27287,0,0,0,0,4629409,4638872,0,0,0,0,0,1000,1000,4638872
MPCTASK: EXP,0,54,2676,-339,-436,593,342,-1396,-220,-1530,-1417,-1475,-616,-907,454,41,-810,472,0,0,0,0,0,0,0,0,0,0,0,0,0,0,0,5,24925,0,24980,0,0,0,0,4236968,4246658,0,0,0,0,0,1000,1000,4638872
MPCTASK: EXP,0,56,2774,-272,-521,547,603,-1047,-312,-2094,-538,-1152,-521,-991,454,112,-710,456,0,0,0,0,0,0,0,0,0,0,0,0,0,0,0,5,21607,0,21775,0,0,0,0,3673082,3701858,0,0,0,0,0,1000,1000,4638872
MPCTASK: EXP,0,58,2875,-196,-560,515,758,-598,-226,-1841,-186,-1136,-393,-1048,454,170,-598,454,0,0,0,0,0,0,0,0,0,0,0,0,0,0,0,5,22960,0,23015,0,0,0,0,3903189,3912761,0,0,0,0,0,1000,1000,4638872
MPCTASK: EXP,0,60,2973,-125,-557,495,831,-223,-107,-1311,40,-1105,-243,-1076,454,190,-480,454,0,0,0,0,0,0,0,0,0,0,0,0,0,0,0,5,20974,0,21030,0,0,0,0,3565497,3575193,0,0,0,0,0,1000,1000,4638872
MPCTASK: EXP,0,62,3076,-20,-510,485,872,72,-25,-847,363,-969,-86,-1076,454,208,-344,454,0,0,0,0,0,0,0,0,0,0,0,0,0,0,0,5,23554,0,23859,0,0,0,0,4003965,4055998,0,0,0,0,0,1000,1000,4638872
MPCTASK: EXP,0,64,3177,35,-478,488,752,228,20,-446,800,-808,62,-1046,454,139,-247,454,0,0,0,0,0,0,0,0,0,0,0,0,0,0,0,5,23764,0,24011,0,0,0,0,4039670,4081960,0,0,0,0,0,1000,1000,4638872
MPCTASK: EXP,0,66,3275,103,-456,498,598,298,25,-309,1144,-597,187,-987,454,73,-167,455,0,0,0,0,0,0,0,0,0,0,0,0,0,0,0,5,22568,0,22626,0,0,0,0,3836345,3846661,0,0,0,0,0,1000,1000,4638872
MPCTASK: EXP,0,68,3377,115,-358,507,338,466,-5,-385,1510,-388,277,-902,454,-54,3,456,0,0,0,0,0,0,0,0,0,0,0,0,0,0,0,5,24504,0,24557,0,0,0,0,4165569,4174878,0,0,0,0,0,1000,1000,4638872
MPCTASK: EXP,0,70,3473,146,-313,509,99,536,-44,-425,1595,-182,323,-792,454,-137,106,455,0,0,0,0,0,0,0,0,0,0,0,0,0,0,0,5,20865,0,20919,0,0,0,0,3546889,3556194,0,0,0,0,0,1000,1000,4638872
MPCTASK: EXP,0,72,3577,152,-251,504,-161,628,-71,-568,1611,0,320,-659,454,-228,229,454,0,0,0,0,0,0,0,0,0,0,0,0,0,0,0,5,24526,0,24770,0,0,0,0,4169341,4210990,0,0,0,0,0,1000,1000,4638872
MPCTASK: EXP,0,74,3672,127,-200,499,-424,708,-71,-642,1513,129,269,-508,454,-321,331,454,0,0,0,0,0,0,0,0,0,0,0,0,0,0,0,5,18779,0,19759,0,0,0,0,3192371,3359131,0,0,0,0,0,1000,1000,4638872
MPCTASK: EXP,0,76,3777,78,-122,495,-672,821,-26,-682,1231,332,175,-341,454,-400,454,454,0,0,0,0,0,0,0,0,0,0,0,0,0,0,0,5,24986,0,25039,0,0,0,0,4247409,4256871,0,0,0,0,0,1000,1000,4638872
MPCTASK: EXP,0,78,3873,-3,-55,496,-882,897,9,-624,945,671,46,-163,454,-477,546,454,0,0,0,0,0,0,0,0,0,0,0,0,0,0,0,5,21336,0,21627,0,0,0,0,3626974,3676662,0,0,0,0,0,1000,1000,4638872
MPCTASK: EXP,0,80,3977,-72,22,496,-1012,940,58,-375,816,1102,-103,21,454,-521,619,456,0,0,0,0,0,0,0,0,0,0,0,0,0,0,0,5,23904,0,23960,0,0,0,0,4063606,4073341,0,0,0,0,0,1000,1000,4638872
MPCTASK: EXP,0,82,4076,-158,127,501,-1093,978,49,-140,150,1192,-261,208,454,-515,710,456,0,0,0,0,0,0,0,0,0,0,0,0,0,0,0,5,23446,0,23499,0,0,0,0,3985589,3995056,0,0,0,0,0,1000,1000,4638872
MPCTASK: EXP,0,84,4176,-258,210,504,-1050,960,-39,84,-647,776,-409,393,454,-474,764,454,0,0,0,0,0,0,0,0,0,0,0,0,0,0,0,5,24028,0,24081,0,0,0,0,4084545,4094012,0,0,0,0,0,1000,1000,4638872
MPCTASK: EXP,0,86,4274,-369,267,508,-898,897,2,-61,-1405,158,-535,570,454,-420,800,457,0,0,0,0,0,0,0,0,0,0,0,0,0,0,0,5,21683,0,22055,0,0,0,0,3685893,3749314,0,0,0,0,0,1000,1000,4638872
MPCTASK: EXP,0,88,4375,-464,317,515,-633,841,41,-164,-2010,-604,-625,737,454,-331,803,461,0,0,0,0,0,0,0,0,0,0,0,0,0,0,0,5,22325,0,22380,0,0,0,0,3795109,3804572,0,0,0,0,0,1000,1000,4638872
MPCTASK: EXP,0,90,4473,-516,370,525,-209,719,79,124,-2848,-1363,-671,888,454,-165,755,467,0,0,0,0,0,0,0,0,0,0,0,0,0,0,0,5,21024,0,21078,0,0,0,0,3573957,3583421,0,0,0,0,0,1000,1000,4638872
MPCTASK: EXP,0,92,4576,-510,390,530,331,415,36,625,-3428,-1865,-668,1019,454,40,617,466,0,0,0,0,0,0,0,0,0,0,0,0,0,0,0,5,23898,0,23951,0,0,0,0,4062533,4071842,0,0,0,0,0,1000,1000,4638872
MPCTASK: EXP,0,94,4673,-446,403,524,912,11,-81,1072,-3960,-2023,-617,1129,454,285,456,460,0,0,0,0,0,0,0,0,0,0,0,0,0,0,0,5,21136,0,21190,0,0,0,0,3593053,3602358,0,0,0,0,0,1000,1000,4638872
MPCTASK: EXP,0,96,4777,-321,361,506,1542,-458,-235,799,-4173,-1972,-522,1213,454,552,291,454,0,0,0,0,0,0,0,0,0,0,0,0,0,0,0,5,24496,0,24606,0,0,0,0,4164362,4183198,0,0,0,0,0,1000,1000,4638872
MPCTASK: EXP,0,98,4872,-156,276,465,2137,-798,-436,217,-3241,-1973,-393,1271,454,725,138,454,0,0,0,0,0,0,0,0,0,0,0,0,0,0,0,5,20021,0,20078,0,0,0,0,3403473,3413342,0,0,0,0,0,1000,1000,4638872
MPCTASK: EXP,0,100,4974,-162,254,409,2153,-852,-475,-15,-650,-2147,-243,1299,454,521,112,454,0,0,0,0,0,0,0,0,0,0,0,0,0,0,0,5,22041,0,22096,0,0,0,0,3746969,3756428,0,0,0,0,0,1000,1000,4638872
MPCTASK: EXP,0,102,5073,26,203,362,2056,-687,-321,-1086,1843,-1762,-86,1299,454,448,160,454,0,0,0,0,0,0,0,0,0,0,0,0,0,0,0,5,20583,0,20646,0,0,0,0,3499057,3509887,0,0,0,0,0,1000,1000,4638872
MPCTASK: EXP,0,104,5176,150,150,367,1477,-282,-38,-1354,2959,-1037,62,1269,454,287,178,454,0,0,0,0,0,0,0,0,0,0,0,0,0,0,0,5,22650,0,22934,0,0,0,0,3850424,3898937,0,0,0,0,0,1000,1000,4638872
MPCTASK: EXP,0,106,5275,281,155,384,949,82,135,-984,2580,-508,187,1211,454,214,192,454,0,0,0,0,0,0,0,0,0,0,0,0,0,0,0,5,22964,0,23019,0,0,0,0,3903821,3913284,0,0,0,0,0,1000,1000,4638872
MPCTASK: EXP,0,108,5379,333,197,399,438,304,167,-689,2592,159,277,1125,454,63,202,454,0,0,0,0,0,0,0,0,0,0,0,0,0,0,0,5,26408,0,26462,0,0,0,0,4489278,4498583,0,0,0,0,0,1000,1000,4638872
MPCTASK: EXP,0,110,5473,337,253,412,-74,400,151,-314,2687,800,323,1015,454,-117,184,454,0,0,0,0,0,0,0,0,0,0,0,0,0,0,0,5,20572,0,20626,0,0,0,0,3497042,3506503,0,0,0,0,0,1000,1000,4638872
MPCTASK: EXP,0,112,5580,291,308,431,-613,351,207,124,2651,1155,321,882,454,-312,138,454,0,0,0,0,0,0,0,0,0,0,0,0,0,0,0,5,26870,0,26924,0,0,0,0,4567745,4577232,0,0,0,0,0,1000,1000,4638872
MPCTASK: EXP,0,114,5677,187,333,450,-1067,218,135,188,2468,1437,269,731,454,-506,78,454,0,0,0,0,0,0,0,0,0,0,0,0,0,0,0,5,24280,0,24334,0,0,0,0,4127505,4136806,0,0,0,0,0,1000,1000,4638872
MPCTASK: EXP,0,116,5777,31,370,462,-1466,99,107,511,1659,1773,175,564,454,-655,11,454,0,0,0,0,0,0,0,0,0,0,0,0,0,0,0,5,24817,0,24871,0,0,0,0,4218702,4228164,0,0,0,0,0,1000,1000,4638872
MPCTASK: EXP,0,118,5876,-133,374,476,-1644,-70,126,1004,512,1969,46,386,454,-721,-79,454,0,0,0,0,0,0,0,0,0,0,0,0,0,0,0,5,23805,0,24055,0,0,0,0,4046826,4089545,0,0,0,0,0,1000,1000,4638872
MPCTASK: EXP,0,120,5975,-262,327,492,-1521,-319,112,1611,-535,1760,-103,201,454,-695,-225,456,0,0,0,0,0,0,0,0,0,0,0,0,0,0,0,5,22313,0,22745,0,0,0,0,3793250,3866734,0,0,0,0,0,1000,1000,4638872
MPCTASK: EXP,0,122,6072,-408,256,508,-1305,-612,29,1771,-1157,984,-261,14,454,-669,-375,458,0,0,0,0,0,0,0,0,0,0,0,0,0,0,0,5,19628,0,19683,0,0,0,0,3336597,3346064,0,0,0,0,0,1000,1000,4638872
MPCTASK: EXP,0,124,6178,-503,198,511,-1019,-856,-42,1735,-1829,94,-409,-169,454,-575,-489,454,0,0,0,0,0,0,0,0,0,0,0,0,0,0,0,5,26102,0,26156,0,0,0,0,4437221,4446524,0,0,0,0,0,1000,1000,4638872
MPCTASK: EXP,0,126,6275,-574,96,514,-706,-1140,-38,1356,-2146,-416,-535,-347,454,-479,-612,457,0,0,0,0,0,0,0,0,0,0,0,0,0,0,0,5,22233,0,22773,0,0,0,0,3779473,3871570,0,0,0,0,0,1000,1000,4638872
MPCTASK: EXP,0,128,6378,-597,-40,503,-267,-1338,-121,133,-1837,-578,-625,-514,454,-362,-673,454,0,0,0,0,0,0,0,0,0,0,0,0,0,0,0,5,23884,0,23939,0,0,0,0,4060229,4069688,0,0,0,0,0,1000,1000,4638872
MPCTASK: EXP,0,130,6473,-577,-188,481,86,-1317,-73,-975,-1050,-482,-671,-664,454,-260,-692,454,0,0,0,0,0,0,0,0,0,0,0,0,0,0,0,5,19649,0,19711,0,0,0,0,3340257,3351098,0,0,0,0,0,1000,1000,4638872
MPCTASK: EXP,0,132,6577,-542,-275,468,290,-1032,4,-1309,-578,-449,-668,-796,454,-177,-645,454,0,0,0,0,0,0,0,0,0,0,0,0,0,0,0,5,24022,0,24076,0,0,0,0,4083637,4092942,0,0,0,0,0,1000,1000,4638872
MPCTASK: EXP,0,134,6676,-497,-326,471,426,-765,74,-1065,-561,-546,-617,-906,454,-94,-601,454,0,0,0,0,0,0,0,0,0,0,0,0,0,0,0,5,22649,0,22712,0,0,0,0,3850351,3861112,0,0,0,0,0,1000,1000,4638872
MPCTASK: EXP,0,136,6778,-443,-358,480,551,-557,94,-688,-517,-644,-522,-990,454,-32,-552,454,0,0,0,0,0,0,0,0,0,0,0,0,0,0,0,5,23369,0,23781,0,0,0,0,3972550,4042750,0,0,0,0,0,1000,1000,4638872
MPCTASK: EXP,0,138,6878,-361,-380,490,671,-416,88,-497,-282,-654,-393,-1048,454,20,-498,454,0,0,0,0,0,0,0,0,0,0,0,0,0,0,0,5,23340,0,24603,0,0,0,0,3967621,4182562,0,0,0,0,0,1000,1000,4638872
MPCTASK: EXP,0,140,6978,-291,-392,497,710,-301,64,-383,2,-649,-243,-1076,454,32,-434,455,0,0,0,0,0,0,0,0,0,0,0,0,0,0,0,5,24692,0,24744,0,0,0,0,4197410,4206714,0,0,0,0,0,1000,1000,4638872
MPCTASK: EXP,0,142,7075,-212,-397,502,712,-204,40,-302,288,-619,-86,-1076,454,27,-363,456,0,0,0,0,0,0,0,0,0,0,0,0,0,0,0,5,20277,0,20539,0,0,0,0,3446998,3491689,0,0,0,0,0,1000,1000,4638872
MPCTASK: EXP,0,144,7178,-117,-394,510,665,-100,36,-382,717,-536,62,-1046,454,7,-276,458,0,0,0,0,0,0,0,0,0,0,0,0,0,0,0,5,22913,0,22968,0,0,0,0,3895057,3904685,0,0,0,0,0,1000,1000,4638872
MPCTASK: EXP,0,146,7277,-50,-382,517,531,12,22,-511,1141,-446,187,-988,454,-55,-176,460,0,0,0,0,0,0,0,0,0,0,0,0,0,0,0,5,21326,0,21379,0,0,0,0,3625189,3634658,0,0,0,0,0,1000,1000,4638872
MPCTASK: EXP,0,148,7379,2,-369,524,341,133,-1,-659,1449,-347,277,-902,454,-132,-74,461,0,0,0,0,0,0,0,0,0,0,0,0,0,0,0,5,22994,0,23193,0,0,0,0,3908894,3942942,0,0,0,0,0,1000,1000,4638872
MPCTASK: EXP,0,150,7476,29,-340,522,100,281,-54,-807,1651,-237,323,-792,454,-227,43,458,0,0,0,0,0,0,0,0,0,0,0,0,0,0,0,5,20596,0,20930,0,0,0,0,3501225,3558081,0,0,0,0,0,1000,1000,4638872
MPCTASK: EXP,0,152,7577,28,-299,515,-174,447,-97,-928,1697,-118,321,-659,454,-326,170,455,0,0,0,0,0,0,0,0,0,0,0,0,0,0,0,5,21079,0,21499,0,0,0,0,3583369,3655034,0,0,0,0,0,1000,1000,4638872
MPCTASK: EXP,0,154,7677,7,-239,504,-444,632,-105,-988,1549,-10,269,-508,454,-415,305,454,0,0,0,0,0,0,0,0,0,0,0,0,0,0,0,5,22322,0,22629,0,0,0,0,3794685,3847038,0,0,0,0,0,1000,1000,4638872
MPCTASK: EXP,0,156,7777,-34,-164,495,-678,811,-70,-934,1237,75,175,-341,454,-483,437,454,0,0,0,0,0,0,0,0,0,0,0,0,0,0,0,5,21787,0,21843,0,0,0,0,3703601,3713382,0,0,0,0,0,1000,1000,4638872
MPCTASK: EXP,0,158,7875,-73,-87,492,-807,940,-36,-796,903,151,46,-163,454,-505,548,454,0,0,0,0,0,0,0,0,0,0,0,0,0,0,0,5,19953,0,20006,0,0,0,0,3391845,3401144,0,0,0,0,0,1000,1000,4638872
MPCTASK: EXP,0,160,7977,-135,17,488,-902,1064,-12,-541,507,224,-103,21,454,-516,662,454,0,0,0,0,0,0,0,0,0,0,0,0,0,0,0,5,21369,0,21423,0,0,0,0,3632777,3642076,0,0,0,0,0,1000,1000,4638872
MPCTASK: EXP,0,162,8076,-186,104,490,-892,1081,28,-138,125,352,-261,208,454,-483,721,454,0,0,0,0,0,0,0,0,0,0,0,0,0,0,0,5,20840,0,20894,0,0,0,0,3542733,3552034,0,0,0,0,0,1000,1000,4638872
MPCTASK: EXP,0,164,8179,-250,208,500,-849,1075,58,95,-87,669,-409,393,454,-456,793,457,0,0,0,0,0,0,0,0,0,0,0,0,0,0,0,5,23378,0,23432,0,0,0,0,3974245,3983550,0,0,0,0,0,1000,1000,4638872
MPCTASK: EXP,0,166,8277,-319,276,506,-797,996,28,99,-185,1061,-535,570,454,-433,820,457,0,0,0,0,0,0,0,0,0,0,0,0,0,0,0,5,21350,0,21411,0,0,0,0,3629393,3639973,0,0,0,0,0,1000,1000,4638872
MPCTASK: EXP,0,168,8377,-416,373,510,-780,986,-14,151,-418,1100,-625,737,454,-443,873,456,0,0,0,0,0,0,0,0,0,0,0,0,0,0,0,5,21510,0,21564,0,0,0,0,3656549,3665856,0,0,0,0,0,1000,1000,4638872
MPCTASK: EXP,0,170,8479,-474,429,513,-618,864,-14,408,-1139,661,-671,887,454,-348,852,457,0,0,0,0,0,0,0,0,0,0,0,0,0,0,0,5,23247,0,23302,0,0,0,0,3951897,3961360,0,0,0,0,0,1000,1000,4638872
MPCTASK: EXP,0,172,8578,-546,486,521,-375,747,5,643,-2190,86,-668,1019,454,-249,820,461,0,0,0,0,0,0,0,0,0,0,0,0,0,0,0,5,22283,0,22345,0,0,0,0,3788013,3798784,0,0,0,0,0,1000,1000,4638872
MPCTASK: EXP,0,174,8678,-569,546,528,-7,630,-10,557,-2652,-512,-616,1129,454,-134,800,462,0,0,0,0,0,0,0,0,0,0,0,0,0,0,0,5,22115,0,22168,0,0,0,0,3759326,3768634,0,0,0,0,0,1000,1000,4638872
MPCTASK: EXP,0,176,8779,-551,589,523,467,433,-80,398,-2595,-1111,-522,1213,454,-9,742,457,0,0,0,0,0,0,0,0,0,0,0,0,0,0,0,5,22811,0,22867,0,0,0,0,3877693,3887345,0,0,0,0,0,1000,1000,4638872
MPCTASK: EXP,0,178,8878,-481,597,505,886,224,-123,313,-2111,-1364,-393,1270,454,95,658,454,0,0,0,0,0,0,0,0,0,0,0,0,0,0,0,5,21158,0,21212,0,0,0,0,3596722,3606184,0,0,0,0,0,1000,1000,4638872
MPCTASK: EXP,0,180,8978,-381,596,474,1183,75,-167,166,-1118,-1323,-243,1299,454,148,589,454,0,0,0,0,0,0,0,0,0,0,0,0,0,0,0,5,21827,0,21882,0,0,0,0,3710509,3719973,0,0,0,0,0,1000,1000,4638872
MPCTASK: EXP,0,182,9078,-307,561,451,1237,-34,-128,89,-134,-1168,-86,1299,454,114,496,454,0,0,0,0,0,0,0,0,0,0,0,0,0,0,0,5,20082,0,20142,0,0,0,0,3413737,3424354,0,0,0,0,0,1000,1000,4638872
MPCTASK: EXP,0,184,9182,-191,574,447,1135,-4,26,35,845,-1122,62,1269,454,64,467,454,0,0,0,0,0,0,0,0,0,0,0,0,0,0,0,5,23929,0,23983,0,0,0,0,4067853,4077316,0,0,0,0,0,1000,1000,4638872
MPCTASK: EXP,0,186,9282,-116,559,466,883,-21,121,314,1396,-1075,187,1211,454,-32,386,454,0,0,0,0,0,0,0,0,0,0,0,0,0,0,0,5,23719,0,23773,0,0,0,0,4032121,4041584,0,0,0,0,0,1000,1000,4638872
MPCTASK: EXP,0,188,9379,-64,583,482,565,26,80,184,2021,-960,277,1126,454,-164,375,454,0,0,0,0,0,0,0,0,0,0,0,0,0,0,0,5,21032,0,21094,0,0,0,0,3575341,3586112,0,0,0,0,0,1000,1000,4638872
MPCTASK: EXP,0,190,9480,-47,610,492,169,82,6,289,2442,-755,322,1017,454,-312,348,454,0,0,0,0,0,0,0,0,0,0,0,0,0,0,0,5,21288,0,21343,0,0,0,0,3618901,3628373,0,0,0,0,0,1000,1000,4638872
MPCTASK: EXP,0,192,9580,-80,643,488,-250,72,-89,958,1811,-422,319,884,454,-422,264,454,0,0,0,0,0,0,0,0,0,0,0,0,0,0,0,5,21300,0,21355,0,0,0,0,3620926,3630400,0,0,0,0,0,1000,1000,4638872
MPCTASK: EXP,0,194,9677,-139,626,472,-548,-158,-141,1435,1145,-154,267,733,454,-514,126,454,0,0,0,0,0,0,0,0,0,0,0,0,0,0,0,5,18831,0,18886,0,0,0,0,3201141,3210623,0,0,0,0,0,1000,1000,4638872
MPCTASK: EXP,0,196,9780,-240,589,456,-782,-449,-98,1630,523,-133,173,566,454,-603,-31,454,0,0,0,0,0,0,0,0,0,0,0,0,0,0,0,5,22283,0,22344,0,0,0,0,3787969,3798598,0,0,0,0,0,1000,1000,4638872
MPCTASK: EXP,0,198,9881,-342,532,451,-857,-767,-54,1780,-188,-285,44,388,454,-638,-186,454,0,0,0,0,0,0,0,0,0,0,0,0,0,0,0,5,21932,0,21987,0,0,0,0,3728421,3737905,0,0,0,0,0,1000,1000,4638872
MPCTASK: EXP,0,200,9981,-412,426,447,-776,-1077,-22,1261,-763,-731,-104,202,454,-607,-337,454,0,0,0,0,0,0,0,0,0,0,0,0,0,0,0,5,22997,0,23052,0,0,0,0,3909433,3918920,0,0,0,0,0,1000,1000,4638872
MPCTASK: EXP,0,202,10078,-499,334,450,-659,-1227,17,553,-1107,-1027,-259,13,454,-573,-416,454,0,0,0,0,0,0,0,0,0,0,0,0,0,0,0,5,20137,0,20191,0,0,0,0,3423145,3432636,0,0,0,0,0,1000,1000,4638872
MPCTASK: EXP,0,204,10180,-567,234,465,-508,-1276,72,21,-1319,-1086,-405,-174,454,-525,-468,454,0,0,0,0,0,0,0,0,0,0,0,0,0,0,0,5,22231,0,22294,0,0,0,0,3779217,3790105,0,0,0,0,0,1000,1000,4638872
MPCTASK: EXP,0,206,10280,-610,109,474,-275,-1226,24,-732,-1069,-917,-527,-355,454,-469,-490,454,0,0,0,0,0,0,0,0,0,0,0,0,0,0,0,5,19920,0,19976,0,0,0,0,3386337,3396004,0,0,0,0,0,1000,1000,4638872
MPCTASK: EXP,0,208,10381,-627,10,473,-93,-1083,-21,-786,-984,-733,-614,-526,454,-397,-504,454,0,0,0,0,0,0,0,0,0,0,0,0,0,0,0,5,21993,0,22048,0,0,0,0,3738709,3748208,0,0,0,0,0,1000,1000,4638872
MPCTASK: EXP,0,210,10482,-625,-74,467,101,-958,-58,-514,-1124,-590,-656,-681,454,-316,-512,454,0,0,0,0,0,0,0,0,0,0,0,0,0,0,0,5,22978,0,23033,0,0,0,0,3906233,3915737,0,0,0,0,0,1000,1000,4638872
MPCTASK: EXP,0,212,10582,-605,-133,460,287,-856,-72,-435,-1092,-471,-651,-816,454,-251,-482,454,0,0,0,0,0,0,0,0,0,0,0,0,0,0,0,5,22452,0,22513,0,0,0,0,3816700,3827318,0,0,0,0,0,1000,1000,4638872
MPCTASK: EXP,0,214,10685,-541,-205,448,525,-757,-71,-400,-861,-348,-601,-925,454,-166,-452,454,0,0,0,0,0,0,0,0,0,0,0,0,0,0,0,5,24281,0,24336,0,0,0,0,4127810,4137312,0,0,0,0,0,1000,1000,4638872
MPCTASK: EXP,0,216,10782,-471,-243,439,681,-622,-38,-496,-525,-312,-512,-1003,454,-117,-378,454,0,0,0,0,0,0,0,0,0,0,0,0,0,0,0,5,21695,0,21751,0,0,0,0,3688121,3697808,0,0,0,0,0,1000,1000,4638872
MPCTASK: EXP,0,218,10883,-389,-271,437,768,-478,10,-582,-133,-304,-396,-1046,454,-90,-299,454,0,0,0,0,0,0,0,0,0,0,0,0,0,0,0,5,23010,0,23065,0,0,0,0,3911553,3921052,0,0,0,0,0,1000,1000,4638872
MPCTASK: EXP,0,220,10982,-324,-280,439,760,-323,39,-668,278,-308,-267,-1050,453,-100,-215,453,0,0,0,0,0,0,0,0,0,0,0,0,0,0,0,5,20959,0,21602,0,0,0,0,3562945,3672534,0,0,0,0,0,1000,1000,4638872
MPCTASK: EXP,0,222,11083,-229,-288,448,707,-145,60,-762,699,-283,-142,-1012,453,-91,-144,453,0,0,0,0,0,0,0,0,0,0,0,0,0,0,0,5,22619,0,22674,0,0,0,0,3845113,3854621,0,0,0,0,0,1000,1000,4638872
MPCTASK: EXP,0,224,11183,-162,-286,458,574,10,54,-805,1041,-226,-36,-932,454,-99,-100,454,0,0,0,0,0,0,0,0,0,0,0,0,0,0,0,5,22605,0,22660,0,0,0,0,3842837,3852337,0,0,0,0,0,1000,1000,4638872
MPCTASK: EXP,0,226,11281,-112,-274,464,395,154,12,-763,1191,-149,36,-812,454,-107,-79,454,0,0,0,0,0,0,0,0,0,0,0,0,0,0,0,5,21088,0,21146,0,0,0,0,3584929,3594940,0,0,0,0,0,1000,1000,4638872
MPCTASK: EXP,0,228,11382,-79,-247,464,226,280,-19,-631,1141,-57,70,-661,454,-117,-51,454,0,0,0,0,0,0,0,0,0,0,0,0,0,0,0,5,21864,0,21999,0,0,0,0,3716821,3739996,0,0,0,0,0,1000,1000,4638872
MPCTASK: EXP,0,230,11480,-63,-210,462,46,377,-21,-372,950,48,63,-487,454,-134,-20,454,0,0,0,0,0,0,0,0,0,0,0,0,0,0,0,5,18745,0,19194,0,0,0,0,3186506,3263057,0,0,0,0,0,1000,1000,4638872
MPCTASK: EXP,0,232,11584,-66,-177,460,-96,406,-17,-119,678,160,22,-309,454,-158,8,454,0,0,0,0,0,0,0,0,0,0,0,0,0,0,0,5,23070,0,23124,0,0,0,0,3921711,3931158,0,0,0,0,0,1000,1000,4638872
MPCTASK: EXP,0,234,11681,-65,-141,457,-162,397,-20,60,429,276,-38,-143,454,-174,59,454,0,0,0,0,0,0,0,0,0,0,0,0,0,0,0,5,20806,0,20860,0,0,0,0,3536829,3546169,0,0,0,0,0,1000,1000,4638872
MPCTASK: EXP,0,236,11783,-73,-114,459,-199,355,2,72,250,363,-102,-11,454,-209,137,454,0,0,0,0,0,0,0,0,0,0,0,0,0,0,0,5,23396,0,23450,0,0,0,0,3977137,3986479,0,0,0,0,0,1000,1000,4638872
MPCTASK: EXP,0,238,11883,-81,-97,461,-206,311,8,-124,189,416,-149,73,454,-249,240,454,0,0,0,0,0,0,0,0,0,0,0,0,0,0,0,5,21067,0,21124,0,0,0,0,3581341,3591244,0,0,0,0,0,1000,1000,4638872
MPCTASK: EXP,0,240,11982,-88,-84,461,-214,320,-6,-497,235,434,-171,107,454,-277,354,454,0,0,0,0,0,0,0,0,0,0,0,0,0,0,0,5,20989,0,21043,0,0,0,0,3567969,3577310,0,0,0,0,0,1000,1000,4638872
MPCTASK: EXP,0,242,12082,-94,-73,461,-235,388,-6,-957,300,432,-173,111,454,-274,458,454,0,0,0,0,0,0,0,0,0,0,0,0,0,0,0,5,20993,0,21048,0,0,0,0,3568849,3578351,0,0,0,0,0,1000,1000,4638872
MPCTASK: EXP,0,244,12183,-100,-44,464,-261,527,-8,-1266,301,429,-178,119,454,-240,546,454,0,0,0,0,0,0,0,0,0,0,0,0,0,0,0,5,21621,0,21686,0,0,0,0,3675353,3686627,0,0,0,0,0,1000,1000,4638872
MPCTASK: EXP,0,246,12285,-121,25,462,-305,771,-34,-1332,165,411,-203,164,454,-208,666,454,0,0,0,0,0,0,0,0,0,0,0,0,0,0,0,5,23075,0,23130,0,0,0,0,3922667,3932164,0,0,0,0,0,1000,1000,4638872
MPCTASK: EXP,0,248,12387,-136,106,460,-300,965,-34,-1016,-101,422,-250,263,454,-151,749,454,0,0,0,0,0,0,0,0,0,0,0,0,0,0,0,5,25382,0,25436,0,0,0,0,4314714,4324213,0,0,0,0,0,1000,1000,4638872
MPCTASK: EXP,0,250,12483,-130,217,453,-211,1119,-36,-575,-355,513,-306,409,454,-67,830,454,0,0,0,0,0,0,0,0,0,0,0,0,0,0,0,5,22024,0,22086,0,0,0,0,3743989,3754653,0,0,0,0,0,1000,1000,4638872
MPCTASK: EXP,0,252,12583,-123,289,451,-106,1126,-1,-144,-497,635,-353,583,454,7,838,454,0,0,0,0,0,0,0,0,0,0,0,0,0,0,0,5,21668,0,21958,0,0,0,0,3683397,3732986,0,0,0,0,0,1000,1000,4638872
MPCTASK: EXP,0,254,12680,-99,385,450,37,1090,3,78,-364,974,-374,764,454,70,858,454,0,0,0,0,0,0,0,0,0,0,0,0,0,0,0,5,18876,0,18931,0,0,0,0,3208841,3218345,0,0,0,0,0,1000,1000,4638872
MPCTASK: EXP,0,256,12783,-107,466,454,69,1014,49,413,-125,1320,-359,934,454,58,837,454,0,0,0,0,0,0,0,0,0,0,0,0,0,0,0,5,22040,0,22095,0,0,0,0,3746689,3756189,0,0,0,0,0,1000,1000,4638872
MPCTASK: EXP,0,258,12883,-129,544,466,15,892,88,411,400,1260,-305,1076,454,-16,827,454,0,0,0,0,0,0,0,0,0,0,0,0,0,0,0,5,22233,0,22295,0,0,0,0,3779505,3790168,0,0,0,0,0,1000,1000,4638872
MPCTASK: EXP,0,260,12984,-172,621,471,-108,826,48,544,227,903,-215,1182,453,-86,800,453,0,0,0,0,0,0,0,0,0,0,0,0,0,0,0,5,22490,0,22783,0,0,0,0,3823262,3873259,0,0,0,0,0,1000,1000,4638872
MPCTASK: EXP,0,262,13087,-232,683,479,-146,633,35,1251,-817,495,-102,1245,453,-108,699,453,0,0,0,0,0,0,0,0,0,0,0,0,0,0,0,5,25099,0,25154,0,0,0,0,4266836,4276332,0,0,0,0,0,1000,1000,4638872
MPCTASK: EXP,0,264,13187,-274,709,495,6,344,22,1702,-1660,214,20,1265,453,-103,569,453,0,0,0,0,0,0,0,0,0,0,0,0,0,0,0,5,25423,0,25478,0,0,0,0,4321714,4331213,0,0,0,0,0,1000,1000,4638872
MPCTASK: EXP,0,266,13284,-288,711,492,218,37,-110,1604,-1607,-243,137,1242,454,-129,445,454,0,0,0,0,0,0,0,0,0,0,0,0,0,0,0,5,23455,0,23519,0,0,0,0,3987385,3998269,0,0,0,0,0,1000,1000,4638872
MPCTASK: EXP,0,268,13382,-286,687,471,362,-234,-203,1333,-1228,-700,232,1180,454,-163,312,454,0,0,0,0,0,0,0,0,0,0,0,0,0,0,0,5,21306,0,21360,0,0,0,0,3621833,3631172,0,0,0,0,0,1000,1000,4638872
MPCTASK: EXP,0,270,13481,-255,670,434,468,-484,-255,1276,-642,-1338,292,1084,454,-199,190,454,0,0,0,0,0,0,0,0,0,0,0,0,0,0,0,5,20020,0,20075,0,0,0,0,3403344,3412841,0,0,0,0,0,1000,1000,4638872
MPCTASK: EXP,0,272,13586,-227,637,408,418,-660,-222,1083,264,-1736,310,959,454,-284,95,454,0,0,0,0,0,0,0,0,0,0,0,0,0,0,0,5,24518,0,24572,0,0,0,0,4167850,4177189,0,0,0,0,0,1000,1000,4638872
MPCTASK: EXP,0,274,13683,-252,556,393,162,-809,-149,839,880,-1832,281,811,454,-411,-32,454,0,0,0,0,0,0,0,0,0,0,0,0,0,0,0,5,21968,0,22029,0,0,0,0,3734349,3745021,0,0,0,0,0,1000,1000,4638872
MPCTASK: EXP,0,276,13784,-288,498,393,-95,-883,-46,953,734,-1629,207,645,454,-488,-137,454,0,0,0,0,0,0,0,0,0,0,0,0,0,0,0,5,21566,0,21759,0,0,0,0,3666025,3755023,0,0,0,0,0,1000,1000,4638872
MPCTASK: EXP,0,278,13878,-344,418,399,-303,-999,109,681,397,-1195,95,466,454,-548,-237,454,0,0,0,0,0,0,0,0,0,0,0,0,0,0,0,5,16977,0,17031,0,0,0,0,2885973,2895314,0,0,0,0,0,1000,1000,4638872
MPCTASK: EXP,0,280,13982,-394,323,416,-393,-1039,150,-18,241,-631,-44,279,454,-570,-304,454,0,0,0,0,0,0,0,0,0,0,0,0,0,0,0,5,20844,0,20898,0,0,0,0,3543337,3552678,0,0,0,0,0,1000,1000,4638872
MPCTASK: EXP,0,282,14082,-460,207,435,-459,-1033,173,-259,-80,-155,-198,89,454,-570,-397,454,0,0,0,0,0,0,0,0,0,0,0,0,0,0,0,5,20897,0,20958,0,0,0,0,3552425,3563041,0,0,0,0,0,1000,1000,4638872
MPCTASK: EXP,0,284,14182,-495,136,452,-394,-930,119,-168,-433,136,-350,-98,454,-513,-439,454,0,0,0,0,0,0,0,0,0,0,0,0,0,0,0,5,20780,0,20834,0,0,0,0,3532589,3541930,0,0,0,0,0,1000,1000,4638872
MPCTASK: EXP,0,286,14282,-518,57,463,-285,-891,65,53,-627,303,-486,-280,454,-437,-502,454,0,0,0,0,0,0,0,0,0,0,0,0,0,0,0,5,20179,0,20233,0,0,0,0,3430281,3439781,0,0,0,0,0,1000,1000,4638872
MPCTASK: EXP,0,288,14381,-523,-14,470,-134,-872,26,224,-796,364,-591,-451,454,-343,-552,454,0,0,0,0,0,0,0,0,0,0,0,0,0,0,0,5,19417,0,19472,0,0,0,0,3300842,3310344,0,0,0,0,0,1000,1000,4638872
MPCTASK: EXP,0,290,14483,-509,-95,470,46,-894,-20,311,-909,346,-656,-609,454,-235,-607,454,0,0,0,0,0,0,0,0,0,0,0,0,0,0,0,5,22065,0,22128,0,0,0,0,3750969,3761771,0,0,0,0,0,1000,1000,4638872
MPCTASK: EXP,0,292,14583,-474,-177,465,253,-919,-41,265,-978,256,-673,-748,454,-120,-647,454,0,0,0,0,0,0,0,0,0,0,0,0,0,0,0,5,21057,0,21120,0,0,0,0,3579661,3590541,0,0,0,0,0,1000,1000,4638872
MPCTASK: EXP,0,294,14684,-414,-257,456,475,-922,-54,81,-922,108,-642,-866,454,-6,-667,454,0,0,0,0,0,0,0,0,0,0,0,0,0,0,0,5,21266,0,21321,0,0,0,0,3615129,3624935,0,0,0,0,0,1000,1000,4638872
MPCTASK: EXP,0,296,14787,-343,-332,450,659,-888,-20,-127,-744,-97,-564,-961,454,83,-664,454,0,0,0,0,0,0,0,0,0,0,0,0,0,0,0,5,24969,0,25023,0,0,0,0,4244593,4254088,0,0,0,0,0,1000,1000,4638872
MPCTASK: EXP,0,298,14884,-246,-399,449,825,-811,28,-330,-469,-316,-448,-1028,454,166,-639,454,0,0,0,0,0,0,0,0,0,0,0,0,0,0,0,5,21951,0,22014,0,0,0,0,3731673,3742455,0,0,0,0,0,1000,1000,4638872
MPCTASK: EXP,0,300,14985,-154,-452,452,895,-694,53,-521,-75,-511,-305,-1068,454,198,-590,454,0,0,0,0,0,0,0,0,0,0,0,0,0,0,0,5,22715,0,22770,0,0,0,0,3861481,3870980,0,0,0,0,0,1000,1000,4638872
MPCTASK: EXP,0,302,15083,-54,-497,459,905,-553,70,-680,389,-608,-149,-1079,454,206,-525,454,0,0,0,0,0,0,0,0,0,0,0,0,0,0,0,5,21022,0,21077,0,0,0,0,3573633,3583132,0,0,0,0,0,1000,1000,4638872
MPCTASK: EXP,0,304,15186,36,-525,470,827,-377,72,-822,832,-615,4,-1061,454,177,-438,454,0,0,0,0,0,0,0,0,0,0,0,0,0,0,0,5,23797,0,23850,0,0,0,0,4045265,4054606,0,0,0,0,0,1000,1000,4638872
MPCTASK: EXP,0,306,15286,123,-542,481,692,-193,31,-938,1254,-540,141,-1014,454,128,-340,454,0,0,0,0,0,0,0,0,0,0,0,0,0,0,0,5,23288,0,23444,0,0,0,0,3958793,3985601,0,0,0,0,0,1000,1000,4638872
MPCTASK: EXP,0,308,15384,173,-547,488,467,-1,-22,-1093,1554,-427,246,-939,454,38,-233,454,0,0,0,0,0,0,0,0,0,0,0,0,0,0,0,5,21211,0,21265,0,0,0,0,3605834,3615174,0,0,0,0,0,1000,1000,4638872
MPCTASK: EXP,0,310,15482,206,-528,485,211,222,-87,-1215,1696,-254,311,-839,454,-55,-104,454,0,0,0,0,0,0,0,0,0,0,0,0,0,0,0,5,19735,0,19789,0,0,0,0,3354829,3364329,0,0,0,0,0,1000,1000,4638872
MPCTASK: EXP,0,312,15589,208,-496,473,-79,445,-126,-1234,1676,-90,327,-715,454,-159,25,454,0,0,0,0,0,0,0,0,0,0,0,0,0,0,0,5,26358,0,26713,0,0,0,0,4480746,4541214,0,0,0,0,0,1000,1000,4638872
MPCTASK: EXP,0,314,15686,174,-441,459,-386,673,-106,-1170,1478,45,295,-570,454,-270,162,454,0,0,0,0,0,0,0,0,0,0,0,0,0,0,0,5,23122,0,23314,0,0,0,0,3930661,3963468,0,0,0,0,0,1000,1000,4638872
MPCTASK: EXP,0,316,15787,127,-362,453,-627,876,-43,-1007,1159,173,217,-409,454,-350,299,454,0,0,0,0,0,0,0,0,0,0,0,0,0,0,0,5,23957,0,24012,0,0,0,0,4072590,4082088,0,0,0,0,0,1000,1000,4638872
MPCTASK: EXP,0,318,15883,64,-282,454,-794,1000,8,-659,773,275,101,-235,454,-401,399,454,0,0,0,0,0,0,0,0,0,0,0,0,0,0,0,5,21058,0,21115,0,0,0,0,3579681,3589572,0,0,0,0,0,1000,1000,4638872
MPCTASK: EXP,0,320,15984,-4,-183,458,-876,1069,35,-305,354,387,-42,-53,454,-419,496,454,0,0,0,0,0,0,0,0,0,0,0,0,0,0,0,5,22232,0,22286,0,0,0,0,3779393,3788734,0,0,0,0,0,1000,1000,4638872
MPCTASK: EXP,0,322,16084,-75,-75,463,-881,1095,36,-56,-8,487,-198,133,454,-410,586,454,0,0,0,0,0,0,0,0,0,0,0,0,0,0,0,5,20747,0,20940,0,0,0,0,3526854,3559805,0,0,0,0,0,1000,1000,4638872
MPCTASK: EXP,0,324,16189,-135,26,469,-806,1077,27,103,-369,548,-352,319,454,-363,657,454,0,0,0,0,0,0,0,0,0,0,0,0,0,0,0,5,25670,0,25989,0,0,0,0,4363802,4418195,0,0,0,0,0,1000,1000,4638872
MPCTASK: EXP,0,326,16283,-176,91,479,-664,987,24,142,-630,574,-488,500,454,-290,685,454,0,0,0,0,0,0,0,0,0,0,0,0,0,0,0,5,21097,0,21151,0,0,0,0,3586277,3595777,0,0,0,0,0,1000,1000,4638872
MPCTASK: EXP,0,328,16388,-204,158,477,-492,934,-37,-44,-807,579,-594,672,454,-205,726,454,0,0,0,0,0,0,0,0,0,0,0,0,0,0,0,5,25627,0,25682,0,0,0,0,4356514,4366017,0,0,0,0,0,1000,1000,4638872
MPCTASK: EXP,0,330,16486,-211,238,471,-286,941,-64,-193,-918,569,-658,829,454,-108,780,454,0,0,0,0,0,0,0,0,0,0,0,0,0,0,0,5,23029,0,23086,0,0,0,0,3914965,3924745,0,0,0,0,0,1000,1000,4638872
MPCTASK: EXP,0,332,16587,-203,287,465,-81,907,-53,-179,-952,569,-675,969,454,-14,784,454,0,0,0,0,0,0,0,0,0,0,0,0,0,0,0,5,23882,0,24299,0,0,0,0,4059849,4130991,0,0,0,0,0,1000,1000,4638872
MPCTASK: EXP,0,334,16683,-172,364,455,132,926,-61,-120,-904,547,-643,1088,454,77,810,454,0,0,0,0,0,0,0,0,0,0,0,0,0,0,0,5,20702,0,20757,0,0,0,0,3519349,3528848,0,0,0,0,0,1000,1000,4638872
MPCTASK: EXP,0,336,16784,-131,431,447,316,901,-40,68,-775,542,-565,1183,454,149,804,454,0,0,0,0,0,0,0,0,0,0,0,0,0,0,0,5,22252,0,22309,0,0,0,0,3782717,3792665,0,0,0,0,0,1000,1000,4638872
MPCTASK: EXP,0,338,16886,-78,493,441,461,835,-9,279,-486,616,-448,1251,454,194,778,454,0,0,0,0,0,0,0,0,0,0,0,0,0,0,0,5,23489,0,23681,0,0,0,0,3993149,4025953,0,0,0,0,0,1000,1000,4638872
MPCTASK: EXP,0,340,16987,-38,523,444,503,685,26,415,-83,811,-305,1291,454,181,706,454,0,0,0,0,0,0,0,0,0,0,0,0,0,0,0,5,23964,0,24019,0,0,0,0,4073910,4083408,0,0,0,0,0,1000,1000,4638872
MPCTASK: EXP,0,342,17083,9,560,448,493,558,20,472,354,1054,-148,1303,454,146,646,454,0,0,0,0,0,0,0,0,0,0,0,0,0,0,0,5,20378,0,20435,0,0,0,0,3464154,3474040,0,0,0,0,0,1000,1000,4638872
MPCTASK: EXP,0,344,17183,71,589,456,440,411,56,663,880,1262,4,1284,454,101,558,454,0,0,0,0,0,0,0,0,0,0,0,0,0,0,0,5,21202,0,21257,0,0,0,0,3604201,3613700,0,0,0,0,0,1000,1000,4638872
MPCTASK: EXP,0,346,17286,80,613,464,242,228,66,756,1313,1570,141,1237,454,-20,462,454,0,0,0,0,0,0,0,0,0,0,0,0,0,0,0,5,23645,0,23702,0,0,0,0,4019542,4029313,0,0,0,0,0,1000,1000,4638872
MPCTASK: EXP,0,348,17383,52,618,471,-27,20,39,589,1485,1808,246,1163,454,-171,368,454,0,0,0,0,0,0,0,0,0,0,0,0,0,0,0,5,20126,0,20183,0,0,0,0,3421454,3431178,0,0,0,0,0,1000,1000,4638872
MPCTASK: EXP,0,350,17486,-12,611,467,-323,-169,-33,579,1354,1946,311,1062,454,-320,267,454,0,0,0,0,0,0,0,0,0,0,0,0,0,0,0,5,24024,0,24079,0,0,0,0,4084061,4093561,0,0,0,0,0,1000,1000,4638872
MPCTASK: EXP,0,352,17587,-139,583,450,-636,-357,-83,674,1082,2081,328,938,454,-508,141,454,0,0,0,0,0,0,0,0,0,0,0,0,0,0,0,5,24947,0,25239,0,0,0,0,4240929,4290771,0,0,0,0,0,1000,1000,4638872
MPCTASK: EXP,0,354,17688,-248,515,437,-785,-583,-24,732,403,2335,295,794,454,-605,-6,454,0,0,0,0,0,0,0,0,0,0,0,0,0,0,0,5,23810,0,23866,0,0,0,0,4047562,4057353,0,0,0,0,0,1000,1000,4638872
MPCTASK: EXP,0,356,17786,-363,463,434,-838,-701,33,667,78,2521,217,632,454,-683,-106,454,0,0,0,0,0,0,0,0,0,0,0,0,0,0,0,5,23037,0,23092,0,0,0,0,3916129,3925631,0,0,0,0,0,1000,1000,4638872
MPCTASK: EXP,0,358,17887,-467,410,442,-808,-746,49,478,-407,2632,101,458,454,-711,-171,454,0,0,0,0,0,0,0,0,0,0,0,0,0,0,0,5,24006,0,24061,0,0,0,0,4080909,4090408,0,0,0,0,0,1000,1000,4638872
MPCTASK: EXP,0,360,17986,-543,330,450,-692,-805,19,825,-616,2400,-42,276,454,-694,-291,454,0,0,0,0,0,0,0,0,0,0,0,0,0,0,0,5,22898,0,22953,0,0,0,0,3892481,3902094,0,0,0,0,0,1000,1000,4638872
MPCTASK: EXP,0,362,18087,-616,223,455,-548,-937,-13,914,-881,1979,-198,89,454,-653,-426,454,0,0,0,0,0,0,0,0,0,0,0,0,0,0,0,5,22899,0,22954,0,0,0,0,3892738,3902236,0,0,0,0,0,1000,1000,4638872
MPCTASK: EXP,0,364,18187,-654,150,454,-328,-992,-28,900,-1170,1485,-352,-96,454,-560,-501,454,0,0,0,0,0,0,0,0,0,0,0,0,0,0,0,5,23917,0,23972,0,0,0,0,4065729,4075229,0,0,0,0,0,1000,1000,4638872
MPCTASK: EXP,0,366,18287,-662,53,451,-70,-1076,-41,715,-1252,1006,-488,-277,454,-445,-584,454,0,0,0,0,0,0,0,0,0,0,0,0,0,0,0,5,24128,0,24185,0,0,0,0,4101613,4111564,0,0,0,0,0,1000,1000,4638872
MPCTASK: EXP,0,368,18387,-652,-43,440,174,-1127,-60,449,-1241,554,-594,-449,454,-330,-648,454,0,0,0,0,0,0,0,0,0,0,0,0,0,0,0,5,23598,0,23662,0,0,0,0,4011530,4022621,0,0,0,0,0,1000,1000,4638872
MPCTASK: EXP,0,370,18487,-609,-142,433,420,-1143,-27,159,-1106,70,-658,-606,454,-201,-699,454,0,0,0,0,0,0,0,0,0,0,0,0,0,0,0,5,23552,0,23606,0,0,0,0,4003605,4013104,0,0,0,0,0,1000,1000,4638872
MPCTASK: EXP,0,372,18583,-550,-226,429,620,-1110,13,29,-925,-403,-675,-746,454,-85,-724,454,0,0,0,0,0,0,0,0,0,0,0,0,0,0,0,5,19645,0,19702,0,0,0,0,3339506,3349297,0,0,0,0,0,1000,1000,4638872
MPCTASK: EXP,0,374,18685,-469,-308,430,790,-1070,44,-86,-712,-829,-643,-865,454,22,-737,454,0,0,0,0,0,0,0,0,0,0,0,0,0,0,0,5,22146,0,22200,0,0,0,0,3764589,3774092,0,0,0,0,0,1000,1000,4638872
MPCTASK: EXP,0,376,18787,-394,-380,439,879,-999,84,-244,-438,-1178,-565,-960,454,86,-725,454,0,0,0,0,0,0,0,0,0,0,0,0,0,0,0,5,24199,0,24263,0,0,0,0,4113885,4124781,0,0,0,0,0,1000,1000,4638872
MPCTASK: EXP,0,378,18883,-302,-450,451,947,-908,100,-380,-146,-1398,-448,-1028,454,140,-701,454,0,0,0,0,0,0,0,0,0,0,0,0,0,0,0,5,19813,0,19868,0,0,0,0,3368201,3377704,0,0,0,0,0,1000,1000,4638872
MPCTASK: EXP,0,380,18983,-216,-508,466,944,-782,108,-514,223,-1471,-305,-1068,454,151,-653,454,0,0,0,0,0,0,0,0,0,0,0,0,0,0,0,5,19998,0,20052,0,0,0,0,3399613,3408954,0,0,0,0,0,1000,1000,4638872
MPCTASK: EXP,0,382,19086,-123,-560,476,907,-631,62,-745,668,-1414,-148,-1079,454,142,-582,454,0,0,0,0,0,0,0,0,0,0,0,0,0,0,0,5,23281,0,23336,0,0,0,0,3957609,3967109,0,0,0,0,0,1000,1000,4638872
MPCTASK: EXP,0,384,19187,-38,-597,483,800,-430,1,-984,1133,-1235,4,-1061,454,100,-488,454,0,0,0,0,0,0,0,0,0,0,0,0,0,0,0,5,23841,0,24269,0,0,0,0,4052893,4125784,0,0,0,0,0,1000,1000,4638872
MPCTASK: EXP,0,386,19286,34,-615,485,627,-191,-53,-1095,1453,-1005,141,-1014,454,37,-381,454,0,0,0,0,0,0,0,0,0,0,0,0,0,0,0,5,21961,0,22016,0,0,0,0,3733241,3742744,0,0,0,0,0,1000,1000,4638872
MPCTASK: EXP,0,388,19389,80,-608,479,396,62,-101,-1139,1592,-787,246,-940,454,-46,-256,454,0,0,0,0,0,0,0,0,0,0,0,0,0,0,0,5,25409,0,25463,0,0,0,0,4319469,4328811,0,0,0,0,0,1000,1000,4638872
MPCTASK: EXP,0,390,19488,94,-579,466,124,317,-129,-1132,1586,-582,311,-839,454,-150,-118,454,0,0,0,0,0,0,0,0,0,0,0,0,0,0,0,5,24421,0,24476,0,0,0,0,4151402,4160904,0,0,0,0,0,1000,1000,4638872
MPCTASK: EXP,0,392,19586,89,-533,450,-140,553,-119,-1116,1457,-380,328,-715,454,-247,21,454,0,0,0,0,0,0,0,0,0,0,0,0,0,0,0,5,21188,0,21702,0,0,0,0,3601746,3689333,0,0,0,0,0,1000,1000,4638872
MPCTASK: EXP,0,394,19687,62,-465,442,-381,772,-65,-1064,1248,-205,295,-570,454,-335,167,454,0,0,0,0,0,0,0,0,0,0,0,0,0,0,0,5,21518,0,21572,0,0,0,0,3658042,3667390,0,0,0,0,0,1000,1000,4638872
MPCTASK: EXP,0,396,19788,10,-388,442,-584,944,-9,-902,990,-77,217,-409,454,-412,294,454,0,0,0,0,0,0,0,0,0,0,0,0,0,0,0,5,22899,0,22953,0,0,0,0,3892693,3902037,0,0,0,0,0,1000,1000,4638872
MPCTASK: EXP,0,398,19887,-45,-299,445,-715,1056,24,-557,659,25,101,-235,454,-454,397,454,0,0,0,0,0,0,0,0,0,0,0,0,0,0,0,5,21296,0,21517,0,0,0,0,3620321,3658038,0,0,0,0,0,1000,1000,4638872
MPCTASK: EXP,0,400,19989,-109,-200,451,-783,1107,40,-251,316,116,-42,-53,454,-469,490,454,0,0,0,0,0,0,0,0,0,0,0,0,0,0,0,5,22485,0,22715,0,0,0,0,3822365,3861677,0,0,0,0,0,1000,1000,4638872
MPCTASK: EXP,0,402,20087,-155,-107,455,-755,1090,30,-21,10,189,-198,133,454,-436,560,454,0,0,0,0,0,0,0,0,0,0,0,0,0,0,0,5,20023,0,20078,0,0,0,0,3403721,3413225,0,0,0,0,0,1000,1000,4638872
MPCTASK: EXP,0,404,20183,-217,-14,462,-715,1059,26,28,-271,218,-352,319,454,-406,629,454,0,0,0,0,0,0,0,0,0,0,0,0,0,0,0,5,17157,0,17212,0,0,0,0,2916745,2926248,0,0,0,0,0,1000,1000,4638872
MPCTASK: EXP,0,406,20287,-258,57,466,-599,997,7,3,-585,234,-488,500,454,-335,669,454,0,0,0,0,0,0,0,0,0,0,0,0,0,0,0,5,20842,0,20897,0,0,0,0,3543034,3552532,0,0,0,0,0,1000,1000,4638872
MPCTASK: EXP,0,408,20388,-296,130,467,-455,959,-19,-111,-798,240,-594,672,454,-263,715,454,0,0,0,0,0,0,0,0,0,0,0,0,0,0,0,5,20667,0,20722,0,0,0,0,3513246,3522749,0,0,0,0,0,1000,1000,4638872
MPCTASK: EXP,0,410,20488,-309,201,467,-265,945,-35,-227,-988,247,-658,829,454,-168,755,454,0,0,0,0,0,0,0,0,0,0,0,0,0,0,0,5,19959,0,20014,0,0,0,0,3392898,3402400,0,0,0,0,0,1000,1000,4638872
MPCTASK: EXP,0,412,20587,-311,267,461,-67,939,-60,-256,-1043,259,-675,969,454,-84,782,454,0,0,0,0,0,0,0,0,0,0,0,0,0,0,0,5,20049,0,20104,0,0,0,0,3408245,3417741,0,0,0,0,0,1000,1000,4638872
MPCTASK: EXP,0,414,20688,-283,336,452,149,941,-75,-205,-963,298,-643,1088,454,4,798,454,0,0,0,0,0,0,0,0,0,0,0,0,0,0,0,5,20989,0,21044,0,0,0,0,3568045,3577546,0,0,0,0,0,1000,1000,4638872
MPCTASK: EXP,0,416,20788,-236,432,441,356,973,-55,3,-831,316,-564,1183,454,86,827,454,0,0,0,0,0,0,0,0,0,0,0,0,0,0,0,5,19749,0,19941,0,0,0,0,3357130,3390041,0,0,0,0,0,1000,1000,4638872
MPCTASK: EXP,0,418,20890,-219,507,438,442,910,-3,383,-614,349,-448,1251,454,96,800,454,0,0,0,0,0,0,0,0,0,0,0,0,0,0,0,5,22589,0,22644,0,0,0,0,3840021,3849528,0,0,0,0,0,1000,1000,4638872
MPCTASK: EXP,0,420,20988,-161,577,440,558,793,22,702,-352,418,-305,1291,454,121,753,454,0,0,0,0,0,0,0,0,0,0,0,0,0,0,0,5,20647,0,21070,0,0,0,0,3509897,3581957,0,0,0,0,0,1000,1000,4638872
MPCTASK: EXP,0,422,21089,-111,613,447,586,586,39,961,27,549,-148,1303,454,101,660,454,0,0,0,0,0,0,0,0,0,0,0,0,0,0,0,5,22100,0,22155,0,0,0,0,3757061,3766560,0,0,0,0,0,1000,1000,4638872
MPCTASK: EXP,0,424,21189,-64,648,456,548,392,66,1065,615,748,4,1285,454,43,577,454,0,0,0,0,0,0,0,0,0,0,0,0,0,0,0,5,21748,0,21802,0,0,0,0,3697165,3706506,0,0,0,0,0,1000,1000,4638872
MPCTASK: EXP,0,426,21291,-20,672,464,413,185,16,694,1017,1106,140,1238,454,-33,510,454,0,0,0,0,0,0,0,0,0,0,0,0,0,0,0,5,23749,0,23804,0,0,0,0,4037217,4046718,0,0,0,0,0,1000,1000,4638872
MPCTASK: EXP,0,428,21386,-25,674,461,171,4,-40,836,1450,1316,246,1163,454,-169,392,454,0,0,0,0,0,0,0,0,0,0,0,0,0,0,0,5,18470,0,18525,0,0,0,0,3139942,3149440,0,0,0,0,0,1000,1000,4638872
MPCTASK: EXP,0,430,21489,-64,656,453,-106,-210,-55,683,1291,1506,310,1063,454,-304,281,454,0,0,0,0,0,0,0,0,0,0,0,0,0,0,0,5,21620,0,21682,0,0,0,0,3619647,3686100,0,0,0,0,0,1000,1000,4638872
MPCTASK: EXP,0,432,21586,-127,636,440,-348,-368,-95,769,1195,1633,326,940,454,-432,167,454,0,0,0,0,0,0,0,0,0,0,0,0,0,0,0,5,19074,0,19128,0,0,0,0,3242553,3251898,0,0,0,0,0,1000,1000,4638872
MPCTASK: EXP,0,434,21692,-195,566,428,-523,-624,-66,806,737,1785,294,796,454,-514,12,454,0,0,0,0,0,0,0,0,0,0,0,0,0,0,0,5,24127,0,24184,0,0,0,0,4101566,4111473,0,0,0,0,0,1000,1000,4638872
MPCTASK: EXP,0,436,21787,-276,484,422,-628,-807,-8,643,445,1930,215,635,454,-583,-126,454,0,0,0,0,0,0,0,0,0,0,0,0,0,0,0,5,20004,0,20059,0,0,0,0,3400625,3410128,0,0,0,0,0,1000,1000,4638872
MPCTASK: EXP,0,438,21890,-354,404,426,-658,-903,56,391,7,2047,99,460,454,-612,-223,454,0,0,0,0,0,0,0,0,0,0,0,0,0,0,0,5,22811,0,22865,0,0,0,0,3877734,3887241,0,0,0,0,0,1000,1000,4638872
MPCTASK: EXP,0,440,21989,-411,326,435,-622,-949,73,496,-176,1948,-43,277,454,-604,-326,454,0,0,0,0,0,0,0,0,0,0,0,0,0,0,0,5,21587,0,21641,0,0,0,0,3669689,3679031,0,0,0,0,0,1000,1000,4638872
MPCTASK: EXP,0,442,22089,-468,240,447,-523,-990,82,683,-471,1694,-197,89,454,-560,-426,454,0,0,0,0,0,0,0,0,0,0,0,0,0,0,0,5,21671,0,21726,0,0,0,0,3683949,3693449,0,0,0,0,0,1000,1000,4638872
MPCTASK: EXP,0,444,22188,-507,142,458,-386,-1074,49,770,-704,1328,-349,-99,454,-496,-526,454,0,0,0,0,0,0,0,0,0,0,0,0,0,0,0,5,20211,0,20273,0,0,0,0,3435726,3446593,0,0,0,0,0,1000,1000,4638872
MPCTASK: EXP,0,446,22289,-522,44,462,-210,-1135,0,571,-894,874,-482,-284,454,-409,-593,454,0,0,0,0,0,0,0,0,0,0,0,0,0,0,0,5,21989,0,22050,0,0,0,0,3738033,3748682,0,0,0,0,0,1000,1000,4638872
MPCTASK: EXP,0,448,22390,-518,-56,459,-14,-1162,-33,265,-944,365,-584,-459,454,-317,-639,454,0,0,0,0,0,0,0,0,0,0,0,0,0,0,0,5,20958,0,21013,0,0,0,0,3562830,3572325,0,0,0,0,0,1000,1000,4638872
MPCTASK: EXP,0,450,22493,-500,-149,454,169,-1144,-23,45,-903,-133,-645,-621,454,-233,-661,454,0,0,0,0,0,0,0,0,0,0,0,0,0,0,0,5,24176,0,24231,0,0,0,0,4109770,4119268,0,0,0,0,0,1000,1000,4638872
MPCTASK: EXP,0,452,22587,-457,-227,452,355,-1081,4,-115,-776,-583,-659,-765,454,-147,-648,454,0,0,0,0,0,0,0,0,0,0,0,0,0,0,0,5,18927,0,18982,0,0,0,0,3217477,3226981,0,0,0,0,0,1000,1000,4638872
MPCTASK: EXP,0,454,22691,-400,-308,452,508,-1011,18,-360,-531,-927,-626,-885,454,-83,-619,454,0,0,0,0,0,0,0,0,0,0,0,0,0,0,0,5,22598,0,22662,0,0,0,0,3841605,3852679,0,0,0,0,0,1000,1000,4638872
MPCTASK: EXP,0,456,22791,-337,-366,453,606,-890,32,-585,-196,-1140,-551,-976,454,-50,-556,454,0,0,0,0,0,0,0,0,0,0,0,0,0,0,0,5,22553,0,22607,0,0,0,0,3833941,3843286,0,0,0,0,0,1000,1000,4638872
MPCTASK: EXP,0,458,22891,-265,-433,460,651,-746,52,-792,208,-1247,-444,-1033,454,-36,-493,454,0,0,0,0,0,0,0,0,0,0,0,0,0,0,0,5,22015,0,22069,0,0,0,0,3742510,3751850,0,0,0,0,0,1000,1000,4638872
MPCTASK: EXP,0,460,22987,-195,-477,469,630,-541,50,-998,614,-1240,-319,-1053,453,-44,-408,453,0,0,0,0,0,0,0,0,0,0,0,0,0,0,0,5,18856,0,18910,0,0,0,0,3205382,3214722,0,0,0,0,0,1000,1000,4638872
MPCTASK: EXP,0,462,23089,-134,-501,475,546,-306,8,-1130,964,-1142,-190,-1032,453,-70,-320,453,0,0,0,0,0,0,0,0,0,0,0,0,0,0,0,5,21295,0,21349,0,0,0,0,3620025,3629525,0,0,0,0,0,1000,1000,4638872
MPCTASK: EXP,0,464,23189,-87,-504,474,408,-53,-45,-1178,1176,-985,-75,-969,453,-83,-257,453,0,0,0,0,0,0,0,0,0,0,0,0,0,0,0,5,20361,0,20423,0,0,0,0,3461190,3471930,0,0,0,0,0,1000,1000,4638872
MPCTASK: EXP,0,466,23290,-54,-475,466,217,231,-77,-1034,1170,-794,11,-864,454,-115,-169,454,0,0,0,0,0,0,0,0,0,0,0,0,0,0,0,5,21116,0,21171,0,0,0,0,3589697,3599128,0,0,0,0,0,1000,1000,4638872
MPCTASK: EXP,0,468,23389,-40,-430,457,49,437,-70,-745,949,-616,61,-725,454,-131,-110,454,0,0,0,0,0,0,0,0,0,0,0,0,0,0,0,5,20084,0,20138,0,0,0,0,3414205,3423577,0,0,0,0,0,1000,1000,4638872
MPCTASK: EXP,0,470,23491,-50,-376,450,-92,568,-43,-462,720,-445,70,-558,454,-149,-73,454,0,0,0,0,0,0,0,0,0,0,0,0,0,0,0,5,22086,0,22139,0,0,0,0,3754589,3763741,0,0,0,0,0,1000,1000,4638872
MPCTASK: EXP,0,472,23592,-59,-317,446,-184,626,-14,-141,414,-245,42,-380,454,-147,-53,454,0,0,0,0,0,0,0,0,0,0,0,0,0,0,0,5,21598,0,21789,0,0,0,0,3671582,3704258,0,0,0,0,0,1000,1000,4638872
MPCTASK: EXP,0,474,23691,-73,-248,447,-225,636,12,168,182,-66,-12,-207,454,-147,-23,454,0,0,0,0,0,0,0,0,0,0,0,0,0,0,0,5,21745,0,21797,0,0,0,0,3696521,3705554,0,0,0,0,0,1000,1000,4638872
MPCTASK: EXP,0,476,23792,-93,-201,452,-232,560,31,406,-27,44,-77,-59,454,-156,-9,454,0,0,0,0,0,0,0,0,0,0,0,0,0,0,0,5,23013,0,23065,0,0,0,0,3912153,3921125,0,0,0,0,0,1000,1000,4638872
MPCTASK: EXP,0,478,23891,-107,-165,459,-200,453,26,487,-162,99,-133,45,454,-167,8,454,0,0,0,0,0,0,0,0,0,0,0,0,0,0,0,5,21800,0,21854,0,0,0,0,3705989,3715313,0,0,0,0,0,1000,1000,4638872
MPCTASK: EXP,0,480,23992,-111,-134,459,-142,356,-10,428,-170,102,-165,99,454,-169,23,454,0,0,0,0,0,0,0,0,0,0,0,0,0,0,0,5,21579,0,21776,0,0,0,0,3668374,3702059,0,0,0,0,0,1000,1000,4638872
MPCTASK: EXP,0,482,24090,-115,-115,454,-102,273,-38,245,-89,68,-173,111,454,-152,5,454,0,0,0,0,0,0,0,0,0,0,0,0,0,0,0,5,20877,0,20928,0,0,0,0,3549040,3557842,0,0,0,0,0,1000,1000,4638872
MPCTASK: TRAJ DONE: idx=482, max=482; requesting landing
MPCTASK: LANDING: start z=0.45, hold=(-0.11,-0.10)
MPCTASK: TIMING SUMMARY: max_step_cycles=4638872 deadline_cycles=8400000 overruns=0
MPCTASK: LANDING COMPLETE: t=30552 ms, x=-0.112, y=-0.092, z=0.007, vz=-0.076; motors off