SYS: Crazyflie 2.1 Brushless is up and running!
SYS: Build 2:de14ff9f08ae (2025.09.1 +2) MODIFIED
SYS: I am 0x373930393434471500370039 and I have 1024KB of flash!
CFGBLK: v1, verification [OK]
DECK_DISCOVERY: Backend found: onewire
DECK_DISCOVERY: Backend found: deckctrl
DECK_CORE: 1 deck(s) found
DECK_CORE: Calling INIT on driver bcFlow2 for deck 0
ZR2: Z-down sensor [OK]
PMW: Motion chip id: 0x49:0xB6
IMU: BMI088: Using I2C interface.
IMU: BMI088 Gyro connection [OK].
IMU: BMI088 Accel connection [OK]
IMU: BMP390 I2C connection [OK]
ESTIMATOR: Using Kalman (2) estimator
CONTROLLER: Using PID (1) controller
MTR-DRV: Using brushless motor driver
SYS: About to run tests in system.c.
SYS: NRF51 version: 2026.04 (C21B)
EEPROM: I2C connection [OK].
STORAGE: Storage check [OK].
IMU: BMI088 gyro self-test [OK]
DECK_CORE: Deck 0 test [OK].
SYS: Self test passed!
STAB: Wait for sensor calibration...
SYS: Free heap: 15048 bytes
MPCTASK: Waiting for activation ...
STAB: Starting stabilizer loop
STAB: WARNING: stabilizer loop rate is off (1004)
SUP: Ready to fly
MPCTASK: Benchmark mode 3, maneuver 4, max_iter 5, task_pri 0
MPCTASK: Reference altitude: 0.70 m; barrier skip when z>0.75 and vz>-0.20
MPCTASK: OOT takeoff: cfclient trigger>=0.15m ramp=0.15m/s forced_trajectory_start=3000ms timeout=12000ms
MPCTASK: Common baseline: mpc_hz=20 model_hz=20 rho=5 base_w=0 base_qz=1 Qz=100 R=4 bridge=x10 guards=z[ref,ref+0.20] xy=free cap=0.05
MPCTASK: MPC->PID: xyz=x10, z_guard=[ref,ref+0.20], yaw=raw_rz, output_hold=200ms, safety_hold=500ms
MPCTASK: Reference origin: xy=forced_3s_start z=0.70 m
MPCTASK: LIMO adaptive: cache=16x4 evals=1 timing=bar/rl/cache_cycles
MPCTASK: EXP every=2: m,s,tms,p3[mm],v3[mmps],att3[cdeg],ref3[mm],cmd3[mm],h/raw/grad/mar/thr[milli],act/ac/bind,wi/qi/cache/noa,pa/pf/du[milli],it,mpc/eval/total[us],bar/tanh/rl/cache/solve/step[cycles],overruns,post_active/post_infeasible_totals,wreq/w/qzreq/qz[milli],max_step_cycles
MPCTASK: Figure8: source=traj_fig8_12.h source_hz=100 samples=1205 laps=2 duration=24.07 s origin=forced_3s_start z_offset=0.09 m
CONTROLLER: Using OutOfTree (6) controller
MPCTASK: Trajectory origin: x=0.02 y=-0.04
MPCTASK: OOT activated at z=0.01
MPCTASK: TAKEOFF START: trigger_z=0.15 start_z=0.01 target=0.70 hold=(0.03,-0.07) ramp=0.15m/s
MPCTASK: OOT loop 1 done
MPCTASK: MPC task loop 1
MPCTASK: x0: pos=(0.MPCTASK: OOT loop 2 done
03,-0.07,0.01) vel=(0.01,-0.01,0.0)
MPCTASK: OOT loop 3 done
MPCTASK: ref: (0.03,-0.07,0.01)
MPCTASK: SAFE TV mode=3: h=0.0 raw=0.0 grad=0.0 margin=0.0 thr=0.0 active0=0 active_count=0 eval=12621 us
MPCTASK: MPC solve start
MPCTASK: MPC solve done, iter=5
MPCTASK: MPC time=23862 us
MPCTASK: MPC stack free=875 words
MPCTASK: setpoint: x=0.03 y=-0.07 z=0.07 preview_z=0.07
MPCTASK: MPC task loop 2
MPCTASK: MPC task loop 3
MPCTASK: Cache level changed: 0 -> 1
MPCTASK: TAKEOFF COMPLETE: t=3000ms z=0.43 vz=0.22; trajectory queued origin=(-0.01,-0.03)
MPCTASK: TRAJ START: z=0.44 origin=(-0.01,-0.03) EXP clock reset
MPCTASK: EXP,3,2,80,-30,-48,451,110,-192,230,94,-28,-215,-19,-38,700,-20,110,700,-248,-67,1254,69,300,1,3,3,15,3,1,1,0,0,0,5,21306,8085,30154,1374409,0,1762,69456,3622043,5126167,0,0,0,994,1000,1399,1400,5332820
MPCTASK: EXP,3,4,185,-31,-54,481,78,-125,409,-590,142,-298,-30,-19,700,-8,201,700,-218,44,792,69,300,1,3,3,15,3,1,1,0,0,0,5,22872,11486,35117,1952600,0,45583,62688,3888065,5969836,0,0,0,995,1000,1399,1400,6263105
MPCTASK: EXP,3,6,280,-11,-45,533,73,65,567,-1001,235,-376,-65,47,700,62,233,700,-166,136,989,69,300,1,3,3,15,3,1,1,0,0,0,5,19370,9874,30041,1678456,0,2099,51245,3292721,5107121,0,0,0,996,1000,1399,1400,6263105
MPCTASK: EXP,3,8,389,-8,-28,589,45,241,505,-1082,172,-428,-118,166,700,93,285,700,-110,165,971,69,300,1,3,3,15,3,1,1,0,0,0,5,28260,9057,38159,1539706,0,1762,23128,4804077,6487168,0,0,0,996,1000,1399,1400,6487168
MPCTASK: EXP,3,10,484,5,-10,633,53,377,369,-1023,61,-406,-172,326,700,126,321,700,-66,155,838,69,300,1,3,3,15,3,1,1,0,0,0,5,24533,8641,33970,1468820,0,1763,113447,4170393,5774944,0,0,0,997,1000,1399,1400,6487168
MPCTASK: EXP,3,12,585,30,55,664,91,556,266,-751,-15,-350,-211,505,700,174,378,700,-35,-50,852,69,300,1,3,3,15,3,1,1,0,0,0,5,23468,10944,35155,1860375,0,2268,54777,3989461,5976399,0,0,0,997,1000,1399,1400,6487168
MPCTASK: EXP,3,14,683,33,117,685,103,651,209,-373,-236,-316,-218,684,700,191,405,700,-14,-28,699,69,300,1,3,3,15,3,1,1,0,0,0,5,22307,9560,32627,1625127,0,1762,84762,3791989,5546677,0,0,0,997,1000,1399,1400,6487168
MPCTASK: EXP,3,16,784,40,182,706,148,676,185,31,-392,-262,-187,844,700,196,422,700,6,-9,781,69,300,1,3,3,15,3,1,1,0,0,0,5,24314,8858,33442,1505791,0,1762,23128,4133418,5685370,0,0,0,998,1000,1399,1400,6487168
MPCTASK: EXP,3,18,883,39,249,727,186,643,162,374,-401,-213,-118,973,699,178,422,699,27,62,641,69,300,1,3,3,15,3,1,1,0,0,0,5,20538,10931,32740,1858081,0,1762,63831,3491285,5565985,0,0,0,997,1000,1399,1400,6487168
MPCTASK: EXP,3,20,984,59,305,746,242,555,124,611,-323,-164,-18,1062,699,180,404,699,46,117,598,69,300,1,3,3,15,3,1,1,0,0,0,5,22051,11211,34355,1905842,0,1762,23439,3748573,5840484,0,0,0,997,1000,1399,1400,6487168
MPCTASK: EXP,3,22,1084,63,372,757,244,468,63,780,-78,-151,100,1108,699,119,387,699,57,95,772,69,300,0,1,1,15,3,1,1,0,0,0,5,21924,10018,32824,1702975,0,1792,25169,3726937,5580431,0,0,0,996,1000,1399,1400,6487168
MPCTASK: EXP,3,24,1184,98,405,760,256,318,18,926,118,-123,223,1110,699,101,329,699,60,7,1256,69,300,0,1,1,15,3,1,1,0,0,0,5,24255,8905,33423,1513713,0,1762,23128,4123305,5682082,0,0,0,995,1000,1399,1400,6487168
MPCTASK: EXP,3,26,1282,153,394,757,253,111,-5,956,364,-128,332,1071,699,101,225,699,56,3,1384,69,300,0,2,2,15,3,1,1,0,0,0,5,21808,9232,31832,1569341,0,1762,72331,3707325,5411405,0,0,0,995,1000,1399,1400,6487168
MPCTASK: EXP,3,28,1387,181,377,759,168,-76,10,898,691,-175,415,995,700,50,129,700,59,19,1143,69,300,0,2,2,15,3,1,1,0,0,0,5,23955,11427,36544,1942578,0,1763,175080,4072241,6212456,0,0,0,995,1000,1399,1400,6487168
MPCTASK: EXP,3,30,1486,182,346,758,17,-243,4,833,835,-198,459,886,700,-24,26,700,58,240,602,69,300,0,2,2,15,3,1,1,0,0,0,5,24821,9533,35160,1620410,0,1763,94605,4219453,5977278,0,0,0,994,1000,1399,1400,6487168
MPCTASK: EXP,3,32,1584,163,295,754,-147,-405,-6,771,810,-238,459,752,700,-93,-91,700,52,148,726,69,300,0,2,2,15,3,1,1,0,0,0,5,24767,8907,33937,1514036,0,1762,23128,4210165,5769377,0,0,0,994,1000,1399,1400,6487168
MPCTASK: EXP,3,34,1682,143,231,754,-289,-544,12,634,746,-308,411,596,700,-149,-197,700,54,90,811,69,300,0,2,2,15,3,1,1,0,0,0,5,21911,9544,31991,1622441,0,1765,23293,3724673,5438459,0,0,0,993,1000,1399,1400,6487168
MPCTASK: EXP,3,36,1784,126,167,758,-399,-646,44,553,668,-391,321,424,700,-163,-280,700,58,129,630,69,300,0,1,1,15,3,1,1,0,0,0,5,22116,11012,33681,1871938,0,1762,72292,3759494,5725848,0,0,0,991,1000,1399,1400,6487168
MPCTASK: EXP,3,38,1886,37,84,762,-564,-734,51,305,553,-434,196,241,700,-252,-364,700,62,32,749,69,300,0,1,1,15,3,1,1,0,0,0,5,22853,10447,35196,1775907,0,1792,23443,3884902,5983429,0,0,0,988,1000,1399,1400,6487168
MPCTASK: EXP,3,40,1984,-34,6,763,-652,-770,27,155,250,-447,48,53,700,-284,-437,700,63,8,817,69,300,0,2,2,15,3,1,1,0,0,0,5,22784,10900,33951,1852985,0,1762,23128,3873277,5771613,0,0,0,983,1000,1399,1400,6487168
MPCTASK: EXP,3,42,2081,-96,-14,768,-664,-729,26,169,-51,-509,-106,-136,700,-291,-437,700,68,80,630,69,300,0,2,2,15,3,1,1,0,0,0,5,21193,9189,31165,1561919,0,1762,111338,3602677,5298192,0,0,0,979,1000,1399,1400,6487168
MPCTASK: EXP,3,44,2187,-104,11,774,-557,-661,31,370,-604,-642,-253,-322,700,-169,-418,700,74,-29,656,69,300,0,2,2,15,3,1,1,0,0,0,5,22758,13008,36659,2211101,0,1912,46780,3868790,6232157,0,0,0,981,1000,1399,1400,6487168
MPCTASK: EXP,3,46,2285,-194,-87,786,-503,-776,-12,406,-783,-611,-378,-500,700,-187,-512,700,84,210,761,69,300,0,2,2,15,3,1,1,0,0,0,5,21616,10549,33072,1793137,0,1763,103462,3674685,5622305,0,0,0,983,1000,1399,1400,6487168
MPCTASK: EXP,3,48,2387,-263,-172,777,-410,-815,-127,-104,-769,-274,-468,-667,700,-199,-544,700,51,54,1163,69,300,0,2,2,15,3,1,1,0,0,0,5,23966,10929,35169,1857851,0,2088,23973,4074150,5978900,0,0,0,988,1000,1399,1400,6487168
MPCTASK: EXP,3,50,2489,-314,-229,767,-276,-750,-98,-318,-1024,123,-514,-817,700,-157,-540,700,47,87,1996,69,300,0,2,2,15,3,1,1,0,0,0,5,23076,13124,37793,2231023,0,1762,24280,3922864,6424926,0,0,0,991,1000,1399,1400,6487168
MPCTASK: EXP,3,52,2588,-368,-285,766,-100,-645,-7,-452,-1361,418,-512,-949,700,-129,-529,700,65,-90,2088,69,300,0,1,1,15,3,1,1,0,0,0,5,23219,11813,35429,2008049,0,1881,46145,3947198,6023006,0,0,0,992,1000,1399,1400,6487168
MPCTASK: EXP,3,54,2688,-374,-333,767,130,-535,-20,-366,-1458,517,-461,-1058,700,-64,-518,700,63,111,2195,69,300,0,1,1,15,3,1,1,0,0,0,5,24780,9314,34840,1583216,0,1757,105710,4212642,5922951,0,0,0,993,1000,1399,1400,6487168
MPCTASK: EXP,3,56,2789,-368,-356,758,340,-426,-65,-327,-1275,471,-367,-1141,700,-27,-483,700,44,-30,2149,69,300,0,1,1,15,3,1,1,0,0,0,5,22258,13959,36831,2372912,0,1762,82849,3783661,6261297,0,0,0,995,1000,1399,1400,6487168
MPCTASK: EXP,3,58,2882,-341,-365,748,523,-321,-47,-281,-973,334,-239,-1198,700,3,-435,700,39,-20,1618,69,300,1,3,3,15,3,1,1,0,0,0,5,21344,7822,29896,1329512,0,1763,23298,3628305,5082380,0,0,0,996,1000,1399,1400,6487168
MPCTASK: EXP,3,60,2987,-311,-359,745,638,-224,0,-265,-602,143,-88,-1227,700,4,-375,700,44,-23,853,69,300,1,3,3,15,3,1,1,0,0,0,5,20625,12011,34726,2041717,0,1767,331661,3506037,5903446,0,0,0,997,1000,1399,1400,6487168
MPCTASK: EXP,3,62,3085,-265,-366,743,695,-164,29,-235,-268,-35,67,-1226,700,6,-338,700,43,16,823,69,300,1,3,3,15,3,1,1,0,0,0,5,21841,9912,32256,1684940,0,1762,23128,3712813,5483558,0,0,0,997,1000,1399,1400,6487168
MPCTASK: EXP,3,64,3189,-207,-354,750,702,-91,57,-271,96,-192,216,-1196,700,-10,-275,700,50,-8,813,69,300,0,2,2,15,3,1,1,0,0,0,5,21220,14187,36109,2411686,0,1763,97137,3607221,6138606,0,0,0,998,1000,1399,1400,6487168
MPCTASK: EXP,3,66,3288,-148,-354,763,645,-36,66,-290,491,-283,342,-1138,700,-40,-227,700,63,-17,722,69,300,0,1,1,15,3,1,1,0,0,0,5,23790,10928,35724,1857562,0,1763,148175,4044089,6073159,0,0,0,997,1000,1399,1400,6611077
MPCTASK: Cache level changed: 1 -> 0
MPCTASK: EXP,3,68,3385,-18,-313,771,621,76,21,-446,958,-240,432,-1053,700,-1,-118,702,71,78,1323,69,300,0,0,0,15,3,1,1,0,0,0,5,20991,10956,32735,1862401,0,1762,46508,3568354,5564978,0,0,0,997,1000,1399,1400,6611077
MPCTASK: EXP,3,70,3487,16,-295,777,411,168,-29,-579,1396,-125,478,-942,700,-77,-36,702,71,27,2187,69,300,0,0,0,15,3,1,1,0,0,0,5,21489,11487,34935,1952706,0,1762,145515,3653165,5938949,0,0,0,997,1000,1399,1400,6611077
MPCTASK: EXP,3,72,3589,26,-269,775,157,282,-70,-691,1400,-12,475,-810,700,-149,46,701,61,70,2226,69,300,0,0,0,15,3,1,1,0,0,0,5,22446,12271,36727,2086043,0,1762,218265,3815665,6243590,0,0,0,996,1000,1399,1400,6611077
MPCTASK: EXP,3,74,3690,0,-238,762,-109,399,-96,-664,1189,97,424,-658,700,-227,122,700,42,-106,2054,69,300,0,0,0,15,3,1,1,0,0,0,5,25381,11990,37896,2038149,0,1762,23133,4314773,6442283,0,0,0,996,1000,1399,1400,6611077
MPCTASK: Cache level changed: 0 -> 1
MPCTASK: EXP,3,76,3789,-57,-198,745,-347,508,-78,-625,823,212,329,-491,700,-303,201,700,29,-42,1286,69,300,1,3,3,15,3,1,1,0,0,0,5,20763,13129,34744,2231852,0,1762,122839,3529619,5906561,0,0,0,996,1000,1399,1400,6611077
MPCTASK: EXP,3,78,3886,-110,-142,736,-483,613,-36,-577,430,360,200,-313,700,-336,287,700,29,-31,869,69,300,1,3,3,15,3,1,1,0,0,0,5,23310,9154,32893,1556094,0,8759,43141,3962552,5591902,0,0,0,995,1000,1399,1400,6611077
MPCTASK: EXP,3,80,3989,-160,-59,733,-538,725,9,-406,83,449,50,-129,700,-338,386,700,33,-20,817,69,300,1,3,3,15,3,1,1,0,0,0,5,22884,11020,36187,1873386,0,1762,23532,3890193,6151938,0,0,0,993,1000,1399,1400,6611077
MPCTASK: EXP,3,82,4084,-207,-1,741,-519,766,56,-324,-321,498,-106,57,700,-297,442,700,41,-23,712,69,300,1,3,3,15,3,1,1,0,0,0,5,21608,8422,31004,1431697,0,69147,75151,3673209,5270893,0,0,0,990,1000,1399,1400,6611077
MPCTASK: EXP,3,84,4189,-292,46,749,-485,779,19,-245,-691,565,-255,242,700,-303,482,700,49,-2,894,69,300,1,3,3,15,3,1,1,0,0,0,5,22373,10920,35465,1856255,0,1892,207085,3803421,6029238,0,0,0,989,1000,1399,1400,6611077
MPCTASK: EXP,3,86,4289,-330,124,753,-366,808,-24,74,-726,529,-380,420,700,-267,521,700,48,-3,1032,69,300,0,2,2,15,3,1,1,0,0,0,5,24875,9922,35059,1686569,0,1762,23128,4228561,5960188,0,0,0,989,1000,1399,1400,6611077
MPCTASK: EXP,3,88,4388,-371,195,756,-239,775,0,319,-905,272,-470,586,700,-226,533,700,56,-58,1272,69,300,0,1,1,15,3,1,1,0,0,0,5,25272,9224,34896,1567149,0,2101,45105,4296005,5932398,0,0,0,990,1000,1399,1400,6611077
MPCTASK: Cache level changed: 1 -> 0
MPCTASK: EXP,3,90,4489,-407,294,762,-95,737,4,540,-1165,-78,-516,737,700,-175,568,700,62,-60,2041,69,300,0,0,0,15,3,1,1,0,0,0,5,24298,10131,35602,1722190,0,1763,65445,4130602,6052403,0,0,0,991,1000,1399,1400,6611077
MPCTASK: EXP,3,92,4589,-424,341,770,93,592,4,673,-1433,-436,-513,869,700,-109,528,702,70,-135,2045,69,300,0,0,0,15,3,1,1,0,0,0,5,21251,13028,34764,2214643,0,1762,57748,3612583,5909979,0,0,0,991,1000,1399,1400,6611077
MPCTASK: EXP,3,94,4686,-410,393,771,328,440,-20,807,-1677,-768,-462,978,700,-11,480,701,67,-188,2077,69,300,0,0,0,15,3,1,1,0,0,0,5,22060,8910,32195,1514615,0,1762,23128,3750118,5473230,0,0,0,992,1000,1399,1400,6611077
MPCTASK: EXP,3,96,4788,-386,415,770,564,228,-35,875,-1651,-977,-368,1063,700,56,404,700,63,-150,2124,69,300,0,0,0,15,3,1,1,0,0,0,5,21046,12319,34990,2094164,0,1762,253014,3577801,5948351,0,0,0,992,1000,1399,1400,6611077
MPCTASK: EXP,3,98,4887,-328,412,753,775,32,-117,520,-1105,-1043,-239,1120,700,97,351,700,29,176,2106,69,300,0,0,0,15,3,1,1,0,0,0,5,23877,9117,33517,1549675,0,1762,65436,4058901,5697981,0,0,0,994,1000,1399,1400,6611077
MPCTASK: Cache level changed: 0 -> 1
MPCTASK: EXP,3,100,4989,-274,390,727,872,-80,-130,206,-421,-994,-88,1149,700,78,299,700,1,105,608,69,300,1,3,3,15,3,1,1,0,0,0,5,21986,10966,34970,1864142,0,1762,267111,3737613,5944880,0,0,0,996,1000,1399,1400,6611077
MPCTASK: EXP,3,102,5089,-155,369,713,941,-124,-5,47,152,-994,68,1148,700,137,250,700,12,-9,968,69,300,1,3,3,15,3,1,1,0,0,0,5,24148,10772,35188,1831161,0,1765,23289,4104986,5982029,0,0,0,997,1000,1399,1400,6611077
MPCTASK: EXP,3,104,5188,-111,357,729,794,-131,139,205,722,-1037,216,1119,700,44,204,700,29,-5,874,69,300,1,3,1,15,3,1,1,0,0,0,5,22496,11346,34909,1928651,0,1763,159101,3824205,5934640,0,0,0,997,1000,1399,1400,6611077
MPCTASK: EXP,3,106,5287,-52,325,755,647,-169,175,334,960,-1095,342,1060,700,4,129,703,55,90,1007,69,300,0,2,2,15,3,1,1,0,0,0,5,23647,9430,34283,1602941,0,1762,121933,4019945,5828252,0,0,0,997,1000,1399,1400,6611077
MPCTASK: Cache level changed: 1 -> 0
MPCTASK: EXP,3,108,5388,-34,313,778,430,-193,89,432,1114,-1060,432,975,700,-87,86,706,78,-7,1648,69,300,0,0,0,15,3,1,1,0,0,0,5,22313,11064,34396,1880860,0,55136,23297,3793279,5847548,0,0,0,996,1000,1399,1400,6611077
MPCTASK: EXP,3,110,5484,-32,295,783,176,-208,-43,297,1370,-1018,478,865,700,-202,52,703,74,120,2193,69,300,0,0,0,15,3,1,1,0,0,0,5,21109,8391,30764,1426358,0,1762,121100,3588546,5230010,0,0,0,995,1000,1399,1400,6611077
MPCTASK: Cache level changed: 0 -> 1
MPCTASK: EXP,3,112,5591,-62,274,777,-102,-239,-76,615,1112,-1077,475,732,700,-286,-27,701,62,86,2110,69,300,0,1,1,15,3,1,1,0,0,0,5,23909,12019,37582,2043127,0,1762,53213,4064437,6389120,0,0,0,995,1000,1399,1400,6611077
MPCTASK: Cache level changed: 1 -> 0
MPCTASK: EXP,3,114,5686,-30,286,767,-201,-275,-97,899,794,-1141,424,580,700,-266,-69,700,47,-29,1503,69,300,0,0,0,15,3,1,1,0,0,0,5,22899,8974,32632,1525419,0,42485,24656,3892809,5547608,0,0,0,994,1000,1399,1400,6611077
MPCTASK: Cache level changed: 0 -> 1
MPCTASK: EXP,3,116,5792,-100,210,757,-413,-490,-83,1174,380,-1218,329,413,700,-332,-240,700,40,65,2113,69,300,0,1,1,15,3,1,1,0,0,0,5,22644,13922,37944,2366755,0,1888,47612,3849387,6450525,0,0,0,994,1000,1399,1400,6611077
MPCTASK: EXP,3,118,5888,-217,177,748,-562,-648,-86,943,-179,-1012,200,235,700,-408,-302,700,31,86,1727,69,300,1,3,3,15,3,1,1,0,0,0,5,25849,8809,34924,1497375,0,1762,23128,4394205,5937142,0,0,0,994,1000,1399,1400,6611077
MPCTASK: EXP,3,120,5987,-318,111,734,-595,-779,-115,434,-406,-756,50,51,700,-453,-358,700,10,58,687,69,300,1,3,3,15,3,1,1,0,0,0,5,22288,10367,33785,1762282,0,1847,169002,3788785,5743500,0,0,0,994,1000,1399,1400,6611077
MPCTASK: EXP,3,122,6088,-421,23,716,-579,-846,-118,34,-635,-324,-106,-135,700,-469,-425,700,-7,150,769,69,300,1,3,3,15,3,1,1,0,0,0,5,23886,9858,34174,1675693,0,1918,50141,4060469,5809701,0,0,0,995,1000,1399,1400,6611077
MPCTASK: EXP,3,124,6189,-486,-54,716,-448,-823,-10,-202,-991,162,-255,-320,700,-428,-460,700,14,24,1653,69,300,1,3,3,15,3,1,1,0,0,0,5,21348,12506,34893,2126032,0,1762,153927,3629216,5931893,0,0,0,995,1000,1399,1400,6611077
MPCTASK: EXP,3,126,6284,-538,-134,722,-279,-754,33,-421,-1246,596,-380,-498,700,-376,-486,700,22,-69,2091,69,300,1,3,3,15,3,1,1,0,0,0,5,21667,9017,31207,1532769,0,1762,23128,3683389,5305145,0,0,0,994,1000,1399,1400,6611077
MPCTASK: EXP,3,128,6390,-556,-191,725,-68,-641,5,-292,-1378,769,-470,-664,700,-289,-488,700,25,-10,2171,69,300,1,3,3,15,3,1,1,0,0,0,5,21616,13826,36446,2350383,0,1762,23128,3674663,6195886,0,0,0,994,1000,1399,1400,6611077
MPCTASK: EXP,3,130,6489,-541,-239,720,174,-558,-52,-129,-1335,766,-516,-815,700,-184,-502,700,9,59,2205,69,300,1,3,3,15,3,1,1,0,0,0,5,24919,9391,35094,1596451,0,1762,110920,4235985,5966028,0,0,0,995,1000,1399,1400,6611077
MPCTASK: EXP,3,132,6591,-497,-275,706,417,-481,-80,-118,-1163,668,-513,-947,700,-83,-491,700,-9,-40,2145,69,300,1,3,3,15,3,1,1,0,0,0,5,22799,13471,37757,2290075,0,85481,145309,3875761,6418646,0,0,0,997,1000,1399,1400,6611077
MPCTASK: EXP,3,134,6691,-428,-304,694,638,-420,-37,-48,-910,475,-462,-1056,700,13,-483,700,-12,-65,1580,69,300,1,3,3,15,3,1,1,0,0,0,5,27538,9317,37463,1583776,0,1762,80895,4681365,6368807,0,0,0,998,1000,1399,1400,6611077
MPCTASK: EXP,3,136,6788,-359,-332,684,788,-387,11,-7,-608,207,-368,-1141,700,80,-479,700,-15,-33,975,69,300,1,3,3,15,3,1,1,0,0,0,5,22926,10517,35045,1787807,0,1763,121728,3897313,5957729,0,0,0,998,1000,1399,1400,6611077
MPCTASK: EXP,3,138,6889,-259,-350,688,899,-352,79,-33,-261,-69,-239,-1198,700,125,-455,700,-11,-19,748,69,300,1,3,3,15,3,1,1,0,0,0,5,24923,9622,35160,1635695,0,1762,81972,4236817,5977169,0,0,0,998,1000,1399,1400,6611077
MPCTASK: EXP,3,140,6987,-184,-372,698,890,-323,102,-90,163,-297,-88,-1227,700,131,-433,700,-1,-2,922,69,300,1,3,3,15,3,1,1,0,0,0,5,22983,9486,33518,1612395,0,1763,130351,3906933,5698131,0,0,0,998,1000,1399,1400,6611077
MPCTASK: EXP,3,142,7090,-87,-392,715,849,-281,119,-212,509,-430,68,-1226,700,141,-400,700,15,-21,782,69,300,1,3,3,15,3,1,1,0,0,0,5,27662,8998,36925,1529580,0,1762,23128,4702309,6277316,0,0,0,998,1000,1399,1400,6611077
MPCTASK: EXP,3,144,7189,-9,-410,731,741,-217,94,-353,864,-495,216,-1196,700,113,-355,700,31,-34,1047,69,300,1,3,3,15,3,1,1,0,0,0,5,23213,11299,35704,1920687,0,1763,49039,3946122,6069769,0,0,0,998,1000,1399,1400,6611077
MPCTASK: EXP,3,146,7290,61,-421,741,591,-126,32,-504,1151,-489,342,-1138,700,78,-299,700,41,114,1389,69,300,1,3,3,15,3,1,1,0,0,0,5,26090,9613,36455,1634276,0,1763,104300,4435221,6197481,0,0,0,998,1000,1399,1400,6611077
MPCTASK: EXP,3,148,7394,122,-416,749,416,-3,0,-605,1315,-422,432,-1053,700,39,-219,700,49,123,1903,69,300,1,3,3,15,3,1,1,0,0,0,5,24815,15259,40405,2593857,0,1762,34168,4218441,6869011,0,0,0,997,1000,1399,1400,6869011
MPCTASK: EXP,3,150,7484,176,-443,745,236,63,-60,-624,1378,-331,478,-942,700,5,-201,700,33,103,2213,69,300,1,3,3,15,3,1,1,0,0,0,5,21102,9053,30979,1538930,0,1762,24113,3587197,5266656,0,0,0,997,1000,1399,1400,6869011
MPCTASK: EXP,3,152,7589,205,-425,735,28,204,-91,-824,1376,-174,475,-810,700,-37,-103,700,17,59,2255,69,300,1,3,3,15,3,1,1,0,0,0,5,23556,11230,35869,1909048,0,1796,141037,4004505,6097932,0,0,0,997,1000,1399,1400,6869011
MPCTASK: EXP,3,154,7689,197,-390,727,-208,370,-65,-807,1219,-37,424,-658,700,-100,-3,700,14,-48,2137,69,300,1,3,3,15,3,1,1,0,0,0,5,24912,9300,34848,1580891,0,1762,85096,4234921,5924478,0,0,0,996,1000,1399,1400,6869011
MPCTASK: EXP,3,156,7787,202,-315,723,-362,550,-27,-794,918,127,329,-491,700,-104,131,700,17,-13,1429,69,300,1,3,3,15,3,1,1,0,0,0,5,21008,10967,33947,1864247,0,1885,278131,3571261,5771041,0,0,0,995,1000,1399,1400,6869011
MPCTASK: EXP,3,158,7883,179,-266,722,-479,655,-4,-628,709,222,200,-313,700,-122,202,700,21,36,950,69,300,1,3,3,15,3,1,1,0,0,0,5,20833,8873,29977,1508424,0,1762,23128,3541377,5096042,0,0,0,993,1000,1399,1400,6869011
MPCTASK: EXP,3,160,7988,139,-205,722,-562,744,-12,-608,390,312,50,-129,700,-121,287,700,19,16,907,69,300,1,3,3,15,3,1,1,0,0,0,5,22435,11458,34840,1947700,0,1762,97024,3813865,5922982,0,0,0,992,1000,1399,1400,6869011
MPCTASK: EXP,3,162,8086,97,-142,722,-586,808,-8,-451,92,412,-106,57,700,-110,349,700,20,24,837,69,300,1,3,3,15,3,1,1,0,0,0,5,22148,9403,32201,1598313,0,1762,87466,3765051,5474245,0,0,0,992,1000,1399,1400,6869011
MPCTASK: EXP,3,164,8188,34,-78,724,-583,853,-9,-395,-273,520,-255,242,700,-97,411,700,22,32,815,69,300,1,3,3,15,3,1,1,0,0,0,5,24041,9215,34108,1566553,0,1954,95708,4086886,5798340,0,0,0,994,1000,1399,1400,6869011
MPCTASK: EXP,3,166,8287,-4,12,727,-503,915,-14,-241,-493,644,-380,420,700,-57,499,700,24,104,632,69,300,1,3,3,15,3,1,1,0,0,0,5,23673,9972,33923,1695233,0,1938,23978,4024289,5766980,0,0,0,995,1000,1399,1400,6869011
MPCTASK: EXP,3,168,8388,-30,85,727,-395,918,-49,-44,-567,747,-470,586,700,-22,536,700,17,87,785,69,300,1,3,3,15,3,1,1,0,0,0,5,21179,12385,35099,2105400,0,1762,43260,3600289,5966898,0,0,0,996,1000,1399,1400,6869011
MPCTASK: EXP,3,170,8490,-43,172,725,-264,911,-55,203,-631,811,-516,737,700,32,577,700,14,101,820,69,300,1,3,3,15,3,1,1,0,0,0,5,25507,9967,36095,1694214,0,1762,82857,4336189,6136229,0,0,0,997,1000,1399,1400,6869011
MPCTASK: EXP,3,172,8589,-49,237,719,-126,848,-72,325,-737,796,-513,869,700,78,573,700,5,73,1116,69,300,1,3,3,15,3,1,1,0,0,0,5,21889,11124,35046,1890918,0,2640,94808,3721082,5957962,0,0,0,997,1000,1399,1400,6869011
MPCTASK: EXP,3,174,8687,-64,304,716,-3,768,-65,572,-765,632,-462,978,700,101,555,700,3,-35,1334,69,300,1,3,3,15,3,1,1,0,0,0,5,25969,7488,33936,1272812,0,2064,57773,4414769,5769185,0,0,0,998,1000,1399,1400,6869011
MPCTASK: EXP,3,176,8788,-67,352,713,128,623,-22,839,-831,368,-367,1063,700,127,488,700,8,-52,1226,69,300,1,3,3,15,3,1,1,0,0,0,5,20274,11666,35013,1983105,0,1763,418751,3446489,5952373,0,0,0,998,1000,1399,1400,6869011
MPCTASK: EXP,3,178,8891,-65,400,717,260,444,9,1092,-938,43,-239,1120,700,148,429,700,17,-83,1796,69,300,1,3,3,15,3,1,1,0,0,0,5,26108,9843,36558,1673112,0,1762,35517,4438257,6215026,0,0,0,998,1000,1399,1400,6869011
MPCTASK: EXP,3,180,8988,6,415,721,452,225,-10,1097,-695,-271,-88,1149,700,211,340,700,18,-27,2064,69,300,1,3,3,15,3,1,1,0,0,0,5,19920,13148,33950,2235156,0,1762,127311,3386321,5771565,0,0,0,998,1000,1399,1400,6869011
MPCTASK: EXP,3,182,9087,38,415,712,498,17,-52,902,-215,-503,68,1148,700,174,275,700,1,79,1491,69,300,1,3,3,15,3,1,1,0,0,0,5,25259,7140,32930,1213690,0,1968,65461,4293961,5598072,0,0,0,998,1000,1399,1400,6869011
MPCTASK: EXP,3,184,9191,61,387,698,444,-166,-20,714,187,-646,216,1119,700,125,170,700,-6,-24,1102,69,300,1,3,3,15,3,1,1,0,0,0,5,21673,12609,35162,2143519,0,1762,73959,3684333,5977637,0,0,0,998,1000,1399,1400,6869011
MPCTASK: EXP,3,186,9290,71,362,703,349,-329,91,997,52,-844,341,1061,700,84,43,700,3,-37,1415,69,300,1,3,3,15,3,1,1,0,0,0,5,23525,8542,33529,1451923,0,1762,83229,3999210,5700010,0,0,0,998,1000,1399,1400,6869011
MPCTASK: EXP,3,188,9389,101,256,721,307,-595,116,954,75,-1000,431,976,700,73,-151,700,21,-69,1230,69,300,1,3,3,15,3,1,1,0,0,0,5,20724,12255,33249,2083368,0,1762,23128,3522881,5652471,0,0,0,998,1000,1399,1400,6869011
MPCTASK: EXP,3,190,9494,82,202,729,192,-687,0,392,476,-977,476,866,700,-49,-172,700,29,176,595,69,300,1,3,3,15,3,1,1,0,0,0,5,24693,11373,37628,1933377,0,1763,136247,4197705,6396862,0,0,0,997,1000,1399,1400,6869011
MPCTASK: EXP,3,192,9594,44,139,723,5,-688,-65,-151,842,-830,473,734,700,-139,-228,700,10,-59,1375,69,300,1,3,3,15,3,1,1,0,0,0,5,23246,11637,35716,1978212,0,1762,24074,3951710,6071940,0,0,0,998,1000,1399,1400,6869011
MPCTASK: EXP,3,194,9693,12,55,724,-183,-646,-22,-439,1002,-576,422,583,700,-223,-277,700,19,53,1425,69,300,1,3,3,15,3,1,1,0,0,0,5,25760,9036,35219,1536151,0,1762,23128,4379089,5987273,0,0,0,998,1000,1399,1400,6869011
MPCTASK: EXP,3,196,9791,-48,24,727,-390,-527,1,-386,792,-272,327,416,700,-304,-289,700,27,-54,1034,69,300,1,3,3,15,3,1,1,0,0,0,5,22179,11168,33718,1898436,0,1796,23444,3770445,5732130,0,0,0,997,1000,1399,1400,6869011
MPCTASK: EXP,3,198,9893,-105,22,724,-510,-400,-37,-275,430,34,199,237,700,-328,-274,700,17,-20,751,69,300,1,3,3,15,3,1,1,0,0,0,5,24368,9624,35688,1635987,0,1762,254738,4142462,6066989,0,0,0,996,1000,1399,1400,6869011
MPCTASK: EXP,3,200,9991,-196,9,718,-615,-344,-37,73,113,257,49,52,700,-369,-306,700,11,44,653,69,300,1,3,3,15,3,1,1,0,0,0,5,21185,11323,33144,1924834,0,1762,84796,3601241,5634520,0,0,0,995,1000,1399,1400,6869011
MPCTASK: EXP,3,202,10089,-262,-9,721,-601,-354,-11,386,-298,443,-105,-137,700,-373,-338,700,18,-23,764,69,300,1,3,3,15,3,1,1,0,0,0,5,21624,8632,31597,1467382,0,1763,205761,3675885,5371489,0,0,0,994,1000,1399,1400,6869011
MPCTASK: EXP,3,204,10191,-324,-39,724,-530,-409,-40,527,-573,660,-251,-324,700,-357,-373,700,16,44,908,69,300,1,3,3,15,3,1,1,0,0,0,5,21092,12622,34168,2145711,0,1765,23298,3585685,5808540,0,0,0,993,1000,1399,1400,6869011
MPCTASK: EXP,3,206,10291,-358,-71,722,-389,-466,-66,594,-795,849,-373,-506,700,-299,-408,700,8,30,1335,69,300,1,3,3,15,3,1,1,0,0,0,5,22901,10982,34153,1866732,0,1762,23128,3893237,5805971,0,0,0,995,1000,1399,1400,6869011
MPCTASK: EXP,3,208,10390,-379,-118,717,-209,-536,-62,527,-969,1014,-459,-677,700,-234,-438,700,4,44,1744,69,300,1,3,3,15,3,1,1,0,0,0,5,20793,10650,32210,1810502,0,1762,107363,3534766,5475812,0,0,0,996,1000,1399,1400,6869011
MPCTASK: EXP,3,210,10491,-377,-176,704,-2,-586,-75,391,-1023,1034,-502,-832,700,-163,-466,700,-10,127,1640,69,300,1,3,3,15,3,1,1,0,0,0,5,22908,9655,33589,1641276,0,2667,42815,3894330,5710284,0,0,0,997,1000,1399,1400,6869011
MPCTASK: EXP,3,212,10593,-355,-245,688,217,-632,-65,248,-1044,912,-497,-966,700,-83,-497,700,-25,-19,2135,69,300,1,3,3,15,3,1,1,0,0,0,5,25826,9299,35837,1580805,0,1762,98615,4390209,6092358,0,0,0,997,1000,1399,1400,6869011
MPCTASK: EXP,3,214,10689,-311,-301,680,424,-621,-22,20,-911,641,-446,-1075,700,-16,-487,700,-24,-84,1557,69,300,1,3,3,15,3,1,1,0,0,0,5,22069,8217,31950,1396771,0,1805,24686,3751609,5431686,0,0,0,998,1000,1399,1400,6869011
MPCTASK: EXP,3,216,10793,-234,-350,676,609,-589,25,-179,-640,361,-357,-1153,699,51,-467,699,-23,-36,846,69,300,1,3,3,15,3,1,1,0,0,0,5,23092,12594,36197,2140973,0,1880,64377,3925469,6153570,0,0,0,998,1000,1399,1400,6869011
MPCTASK: EXP,3,218,10892,-166,-396,675,684,-497,52,-504,-104,60,-241,-1196,699,59,-420,699,-24,-22,722,69,300,1,3,3,15,3,1,1,0,0,0,5,24322,9388,34576,1595932,0,1762,35721,4134673,5878053,0,0,0,998,1000,1399,1400,6869011
MPCTASK: EXP,3,220,10990,-104,-435,682,674,-400,83,-682,300,-152,-112,-1200,699,58,-398,699,-17,-58,866,69,300,1,3,3,15,3,1,1,0,0,0,5,21235,11044,32958,1877404,0,1762,23134,3609826,5602921,0,0,0,998,1000,1399,1400,6869011
MPCTASK: EXP,3,222,11092,-39,-453,698,594,-244,114,-812,733,-320,11,-1162,699,55,-356,699,-1,-49,1042,69,300,1,3,3,15,3,1,1,0,0,0,5,24319,9888,34727,1680899,0,1762,64255,4134005,5903586,0,0,0,998,1000,1399,1400,6869011
MPCTASK: EXP,3,224,11195,20,-462,718,447,-74,87,-805,1017,-418,117,-1082,699,38,-322,699,18,170,714,69,300,1,3,3,15,3,1,1,0,0,0,5,22502,11860,35786,2016060,0,42457,108894,3825198,6083621,0,0,0,998,1000,1399,1400,6869011
MPCTASK: EXP,3,226,11291,57,-450,725,291,77,15,-681,1065,-437,191,-963,700,32,-294,700,25,134,1099,69,300,1,3,3,15,3,1,1,0,0,0,5,23395,8363,32734,1421581,0,1762,122693,3977021,5564812,0,0,0,997,1000,1399,1400,6869011
MPCTASK: EXP,3,228,11391,84,-439,722,137,187,-37,-499,943,-400,224,-811,700,29,-292,700,15,-5,1485,69,300,1,3,3,15,3,1,1,0,0,0,5,19576,12748,32730,2167146,0,1762,23128,3327773,5564133,0,0,0,996,1000,1399,1400,6869011
MPCTASK: EXP,3,230,11492,120,-381,719,46,310,-38,-290,754,-301,217,-638,700,69,-251,700,11,-49,1061,69,300,1,3,3,15,3,1,1,0,0,0,5,23195,9591,34126,1630512,0,2190,24281,3943093,5801525,0,0,0,996,1000,1399,1400,6869011
MPCTASK: EXP,3,232,11596,121,-352,715,-80,319,-23,111,520,-195,176,-459,700,54,-240,700,10,-24,918,69,300,1,3,3,15,3,1,1,0,0,0,5,23519,11401,36143,1938104,0,1762,163890,3998117,6144344,0,0,0,995,1000,1399,1400,6869011
MPCTASK: EXP,3,234,11690,111,-334,714,-142,270,-8,269,214,-101,115,-294,700,34,-218,700,12,87,625,69,300,1,3,3,15,3,1,1,0,0,0,5,21009,8311,30206,1412855,0,1762,127883,3571453,5135050,0,0,0,993,1000,1399,1400,6869011
MPCTASK: EXP,3,236,11798,97,-322,713,-162,205,-6,244,53,-39,52,-161,700,-4,-169,700,11,149,514,69,300,1,3,3,15,3,1,1,0,0,0,5,27291,10469,38621,1779669,0,2099,124088,4639389,6566029,0,0,0,993,1000,1399,1400,6869011
MPCTASK: EXP,3,238,11891,96,-329,711,-143,142,-9,67,-13,-18,4,-77,700,-27,-100,700,9,68,736,69,300,1,3,3,15,3,1,1,0,0,0,5,23279,8033,31829,1365579,0,1762,65398,3957321,5410982,0,0,0,994,1000,1399,1400,6869011
MPCTASK: EXP,3,240,11995,99,-334,709,-122,127,-9,-305,88,-11,-16,-42,700,-52,12,700,7,-22,811,69,300,1,3,3,15,3,1,1,0,0,0,5,23062,11785,35709,2003397,0,1762,100168,3920378,6070666,0,0,0,995,1000,1399,1400,6869011
MPCTASK: EXP,3,242,12094,102,-337,708,-128,197,-6,-816,275,-3,-19,-38,700,-43,101,700,6,-51,1144,69,300,1,3,3,15,3,1,1,0,0,0,5,24829,9370,34889,1592855,0,2492,78379,4220802,5931160,0,0,0,996,1000,1399,1400,6869011
MPCTASK: EXP,3,244,12192,104,-325,713,-160,347,4,-1197,394,17,-23,-31,700,2,143,700,13,-18,2135,69,300,1,3,3,15,3,1,1,0,0,0,5,20112,12301,33008,2091071,0,2066,62863,3419033,5611371,0,0,0,996,1000,1399,1400,6869011
MPCTASK: EXP,3,246,12293,104,-298,720,-194,519,5,-1298,335,28,-48,14,700,41,204,700,20,27,2171,69,300,1,3,3,15,3,1,1,0,0,0,5,22376,9944,32843,1690303,0,1762,65133,3803957,5583290,0,0,0,996,1000,1399,1400,6869011
MPCTASK: EXP,3,248,12391,93,-243,717,-218,720,-44,-1073,63,38,-95,113,700,89,266,700,8,-92,2043,69,300,1,3,3,15,3,1,1,0,0,0,5,19097,9582,30077,1628922,0,102762,54260,3246418,5113150,0,0,0,996,1000,1399,1400,6869011
MPCTASK: EXP,3,250,12492,83,-171,711,-193,867,-50,-750,-214,84,-151,258,700,132,328,700,1,-46,1212,69,300,1,3,3,15,3,1,1,0,0,0,5,23329,7721,32011,1312549,0,90871,24657,3965813,5441988,0,0,0,997,1000,1399,1400,6869011
MPCTASK: EXP,3,252,12591,95,-96,706,-97,945,-34,-404,-438,181,-198,432,700,200,367,700,0,14,913,69,300,1,3,3,15,3,1,1,0,0,0,5,18173,12362,31268,2101474,0,1763,102107,3089269,5315608,0,0,0,997,1000,1399,1400,6869011
MPCTASK: EXP,3,254,12698,94,-18,703,-21,977,-34,-120,-474,279,-219,614,700,222,395,700,-3,-33,912,69,300,1,3,3,15,3,1,1,0,0,0,5,25576,10191,36552,1732349,0,1762,109974,4347802,6213802,0,0,0,998,1000,1399,1400,6869011
MPCTASK: EXP,3,256,12794,108,71,704,90,940,0,337,-503,402,-204,783,700,258,408,700,4,14,875,69,300,1,3,3,15,3,1,1,0,0,0,5,19913,12042,32378,2047149,0,1762,32603,3384307,5504309,0,0,0,998,1000,1399,1400,6869011
MPCTASK: EXP,3,258,12897,125,130,705,173,827,-34,532,-352,523,-150,926,699,271,380,699,-1,108,659,69,300,1,3,3,15,3,1,1,0,0,0,5,26482,8979,35878,1526467,0,1762,48189,4501845,6099447,0,0,0,998,1000,1399,1400,6869011
MPCTASK: EXP,3,260,12994,135,175,697,209,691,-84,620,-125,645,-61,1032,699,238,341,699,-19,48,1070,69,300,1,3,3,15,3,1,1,0,0,0,5,20834,11305,32815,1921779,0,1763,73886,3541565,5578569,0,0,0,998,1000,1399,1400,6869011
MPCTASK: EXP,3,262,13098,156,233,691,228,594,-60,586,77,689,51,1095,699,208,342,699,-20,41,999,69,300,1,3,3,15,3,1,1,0,0,0,5,23911,10076,34991,1712738,0,1762,81900,4064705,5948610,0,0,0,998,1000,1399,1400,6869011
MPCTASK: EXP,3,264,13200,155,258,689,181,430,-9,813,170,590,174,1114,699,141,258,699,-12,-61,1285,69,300,1,3,3,15,3,1,1,0,0,0,5,26441,10857,37714,1845618,0,1762,36773,4494913,6411474,0,0,0,999,1000,1399,1400,6869011
MPCTASK: EXP,3,266,13299,178,275,692,185,243,1,1029,72,416,291,1091,699,137,168,699,-7,-78,1806,69,300,1,3,3,15,3,1,1,0,0,0,5,26641,9930,36963,1688098,0,1762,44192,4528757,6283758,0,0,0,999,1000,1399,1400,6869011
MPCTASK: EXP,3,268,13393,185,321,693,137,114,-10,920,486,295,386,1029,699,72,149,699,-8,98,1121,69,300,1,3,3,15,3,1,1,0,0,0,5,18278,10908,30387,1854143,0,1762,106268,3107155,5165872,0,0,0,999,1000,1399,1400,6869011
MPCTASK: EXP,3,270,13497,162,316,690,0,-70,-17,980,578,219,447,933,700,-19,56,700,-12,36,1513,69,300,1,3,3,15,3,1,1,0,0,0,5,22995,9102,33287,1547132,0,1763,46771,3909097,5658898,0,0,0,998,1000,1399,1400,6869011
MPCTASK: EXP,3,272,13597,129,329,687,-159,-226,-16,1013,763,139,465,808,700,-117,-5,700,-16,211,771,69,300,1,3,3,15,3,1,1,0,0,0,5,22040,9731,32230,1654271,0,1762,23128,3746737,5479046,0,0,0,998,1000,1399,1400,6869011
MPCTASK: EXP,3,274,13700,66,285,684,-342,-426,-14,867,735,230,436,660,700,-223,-115,700,-18,88,1048,69,300,1,3,3,15,3,1,1,0,0,0,5,20584,14268,35912,2425407,0,1762,49989,3499189,6105032,0,0,0,998,1000,1399,1400,6869011
MPCTASK: EXP,3,276,13797,-29,161,681,-530,-682,-20,639,499,405,361,494,700,-319,-292,700,-22,2,870,69,300,1,3,3,15,3,1,1,0,0,0,5,22947,9927,33391,1687413,0,1966,23979,3900909,5676696,0,0,0,998,1000,1399,1400,6869011
MPCTASK: EXP,3,278,13899,-147,77,675,-669,-805,-21,410,151,627,249,315,700,-409,-404,700,-28,26,673,69,300,1,3,3,15,3,1,1,0,0,0,5,21752,11779,33798,2002361,0,1916,23128,3697732,5745676,0,0,0,998,1000,1399,1400,6869011
MPCTASK: EXP,3,280,14002,-248,0,679,-678,-861,57,248,-537,771,109,129,700,-409,-474,700,-20,-37,757,69,300,1,3,3,15,3,1,1,0,0,0,5,23356,13870,37492,2357833,0,1762,23128,3970441,6373757,0,0,0,997,1000,1399,1400,6869011
MPCTASK: EXP,3,282,14102,-331,-75,693,-573,-864,126,129,-923,737,-44,-60,700,-390,-533,700,-6,-36,1249,69,300,1,3,3,15,3,1,1,0,0,0,5,25111,11483,38046,1951944,0,1763,224376,4268841,6467917,0,0,0,997,1000,1399,1400,6869011
MPCTASK: EXP,3,284,14199,-370,-145,709,-412,-847,105,114,-1090,594,-196,-248,700,-327,-584,700,9,125,1132,69,300,1,3,3,15,3,1,1,0,0,0,5,21147,13316,35262,2263630,0,39387,75555,3594957,5994591,0,0,0,996,1000,1399,1400,6869011
MPCTASK: EXP,3,286,14301,-399,-238,717,-208,-843,23,-8,-1117,389,-332,-430,700,-251,-649,700,17,85,1541,69,300,1,3,3,15,3,1,1,0,0,0,5,23546,9993,34439,1698691,0,1763,104399,4002721,5854642,0,0,0,995,1000,1399,1400,6869011
MPCTASK: EXP,3,288,14402,-396,-307,714,-2,-800,-27,-107,-1084,185,-437,-602,700,-158,-673,700,8,90,1624,69,300,1,3,3,15,3,1,1,0,0,0,5,23536,10904,35485,1853477,0,1762,154713,4001027,6032501,0,0,0,995,1000,1399,1400,6869011
MPCTASK: EXP,3,290,14503,-368,-378,702,216,-763,-42,-165,-1036,-6,-501,-759,700,-50,-705,700,-5,38,1763,69,300,1,3,3,15,3,1,1,0,0,0,5,24051,11780,36587,2002500,0,1762,105448,4088557,6219974,0,0,0,996,1000,1399,1400,6869011
MPCTASK: EXP,3,292,14600,-322,-430,698,407,-708,-8,-235,-887,-182,-519,-899,700,48,-709,700,-3,27,1295,69,300,1,3,3,15,3,1,1,0,0,0,5,21635,10396,33025,1767221,0,1763,145855,3677885,5614240,0,0,0,996,1000,1399,1400,6869011
MPCTASK: EXP,3,294,14700,-263,-482,695,570,-642,20,-297,-671,-332,-487,-1017,700,137,-706,700,-4,77,783,69,300,1,3,3,15,3,1,1,0,0,0,5,21624,10484,32922,1782109,0,2663,23441,3675942,5596767,0,0,0,997,1000,1399,1400,6869011
MPCTASK: EXP,3,296,14798,-183,-528,693,702,-556,31,-340,-412,-483,-409,-1111,700,205,-690,700,-6,-6,872,69,300,1,3,3,15,3,1,1,0,0,0,5,20088,11220,31926,1907204,0,1763,34155,3415018,5427492,0,0,0,997,1000,1399,1400,7397960
MPCTASK: EXP,3,298,14906,-121,-560,698,748,-480,60,-403,-157,-581,-293,-1179,700,220,-661,700,-1,140,555,69,300,1,3,3,15,3,1,1,0,0,0,5,25436,12384,39779,2105150,0,1921,132492,4324021,6762442,0,0,0,997,1000,1399,1400,7397960
MPCTASK: EXP,3,300,15000,-37,-582,706,762,-363,59,-422,196,-678,-150,-1219,700,229,-610,700,6,5,815,69,300,1,3,3,15,3,1,1,0,0,0,5,21789,10594,33135,1800805,0,50225,56617,3704137,5633057,0,0,0,997,1000,1399,1400,7397960
MPCTASK: EXP,3,302,15101,33,-598,715,725,-273,55,-470,500,-689,5,-1230,700,221,-563,700,15,84,632,69,300,1,3,3,15,3,1,1,0,0,0,5,24003,10187,34460,1731575,0,1762,23128,4080549,5858274,0,0,0,997,1000,1399,1400,7397960
MPCTASK: EXP,3,304,15202,110,-605,722,622,-146,25,-516,845,-649,159,-1212,700,190,-494,700,22,32,1025,69,300,1,3,3,15,3,1,1,0,0,0,5,22694,11936,35607,2029046,0,1796,24675,3857858,6053238,0,0,0,997,1000,1399,1400,7397960
MPCTASK: EXP,3,306,15300,164,-607,730,496,-41,11,-578,1069,-581,295,-1165,700,149,-431,700,30,97,1281,69,300,1,3,3,15,3,1,1,0,0,0,5,22750,10794,33813,1834957,0,1762,23128,3867441,5748346,0,0,0,997,1000,1399,1400,7397960
MPCTASK: EXP,3,308,15403,210,-595,729,323,92,-39,-654,1221,-467,401,-1090,700,95,-345,700,22,94,1926,69,300,1,3,3,15,3,1,1,0,0,0,5,23803,10424,35534,1771959,0,1762,124711,4046425,6041237,0,0,0,997,1000,1399,1400,7397960
MPCTASK: EXP,3,310,15501,232,-579,722,97,233,-74,-689,1256,-331,465,-989,700,19,-259,700,7,128,2129,69,300,1,3,3,15,3,1,1,0,0,0,5,23687,9756,33712,1658536,0,1762,23128,4026689,5731175,0,0,0,997,1000,1399,1400,7397960
MPCTASK: EXP,3,312,15601,237,-541,714,-106,376,-58,-692,1164,-211,482,-865,700,-42,-160,700,3,100,1881,69,300,1,3,3,15,3,1,1,0,0,0,5,23122,9792,33805,1664655,0,1762,81182,3930561,5746918,0,0,0,997,1000,1399,1400,7397960
MPCTASK: EXP,3,314,15702,223,-498,710,-290,502,-31,-686,1015,-101,450,-721,700,-100,-64,700,4,89,1380,69,300,1,3,3,15,3,1,1,0,0,0,5,24467,9349,34412,1589195,0,1763,78453,4159262,5850005,0,0,0,997,1000,1399,1400,7397960
MPCTASK: EXP,3,316,15802,197,-454,707,-427,601,-30,-667,835,-19,372,-560,700,-138,13,700,1,14,1234,69,300,1,3,3,15,3,1,1,0,0,0,5,21418,10228,32655,1738673,0,1762,97096,3641053,5551421,0,0,0,996,1000,1399,1400,7397960
MPCTASK: EXP,3,318,15906,165,-401,706,-533,696,-9,-624,625,52,255,-386,700,-169,103,700,4,64,815,69,300,1,3,3,15,3,1,1,0,0,0,5,25872,10269,36861,1745676,0,78059,23293,4398118,6266470,0,0,0,995,1000,1399,1400,7397960
MPCTASK: EXP,3,320,16003,159,-330,707,-552,788,9,-575,345,126,112,-203,700,-124,198,700,7,66,753,69,300,1,3,3,15,3,1,1,0,0,0,5,21620,12208,34811,2075249,0,1763,144153,3675445,5917896,0,0,0,994,1000,1399,1400,7397960
MPCTASK: EXP,3,322,16104,122,-264,710,-567,849,13,-445,182,155,-43,-16,700,-114,257,700,10,117,568,69,300,1,3,3,15,3,1,1,0,0,0,5,23770,11198,35758,1903595,0,1763,111498,4040797,6078921,0,0,0,995,1000,1399,1400,7397960
MPCTASK: EXP,3,324,16204,76,-193,714,-566,895,5,-383,-71,177,-197,169,700,-98,334,700,14,53,741,69,300,1,3,3,15,3,1,1,0,0,0,5,22932,10053,33632,1708790,0,1763,87435,3898350,5741116,0,0,0,995,1000,1399,1400,7397960
MPCTASK: EXP,3,326,16304,43,-129,714,-505,908,-7,-219,-308,190,-334,350,700,-59,373,700,13,83,642,69,300,1,3,3,15,3,1,1,0,0,0,5,22431,11187,34712,1901791,0,1778,23891,3813213,5901154,0,0,0,996,1000,1399,1400,7397960
MPCTASK: EXP,3,328,16400,19,-50,719,-408,916,0,-105,-482,228,-439,521,700,-14,425,700,19,159,564,69,300,1,3,3,15,3,1,1,0,0,0,5,20641,9139,30764,1553504,0,1762,46201,3508817,5230002,0,0,0,997,1000,1399,1400,7397960
MPCTASK: EXP,3,330,16504,15,18,717,-276,895,-51,1,-594,322,-504,679,700,70,464,700,7,148,621,69,300,1,3,3,15,3,1,1,0,0,0,5,22516,11551,34901,1963557,0,1763,118298,3827681,5933256,0,0,0,998,1000,1399,1400,7397960
MPCTASK: EXP,3,332,16604,4,98,709,-152,866,-95,122,-543,476,-520,819,700,111,481,700,-9,145,685,69,300,1,3,3,15,3,1,1,0,0,0,5,22580,9933,33169,1688599,0,1762,87802,3838481,5638787,0,0,0,998,1000,1399,1400,7397960
MPCTASK: EXP,3,334,16703,7,145,700,-39,785,-81,292,-524,574,-488,937,700,139,472,700,-15,137,667,69,300,1,3,3,15,3,1,1,0,0,0,5,21145,10178,32203,1730111,0,1762,127311,3594609,5474700,0,0,0,998,1000,1399,1400,7397960
MPCTASK: EXP,3,336,16806,46,157,696,115,639,-51,408,-594,579,-410,1032,700,218,387,700,-14,191,578,69,300,1,3,3,15,3,1,1,0,0,0,5,25417,9655,36098,1641229,0,1762,24678,4320721,6136745,0,0,0,999,1000,1399,1400,7397960
MPCTASK: EXP,3,338,16902,65,200,691,214,565,-30,371,-425,530,-294,1101,700,223,371,700,-14,29,885,69,300,1,3,3,15,3,1,1,0,0,0,5,22161,9385,32397,1595354,0,1762,120787,3767277,5507530,0,0,0,999,1000,1399,1400,7397960
MPCTASK: EXP,3,340,17002,90,241,684,275,479,-45,352,-190,553,-150,1141,700,210,353,700,-24,22,937,69,300,1,3,3,15,3,1,1,0,0,0,5,20082,10740,31093,1825685,0,1764,23291,3413921,5285741,0,0,0,999,1000,1399,1400,7397960
MPCTASK: EXP,3,342,17102,128,298,682,311,423,-27,523,7,599,5,1152,700,207,343,700,-22,-20,1001,69,300,1,3,3,15,3,1,1,0,0,0,5,23268,8166,31964,1388222,0,1880,67258,3955437,5433860,0,0,0,999,1000,1399,1400,7397960
MPCTASK: EXP,3,344,17204,140,317,682,259,293,-22,595,466,673,159,1134,700,129,280,700,-21,1,1022,69,300,1,3,3,15,3,1,1,0,0,0,5,23496,9622,33606,1635655,0,1764,23290,3994402,5713036,0,0,0,999,1000,1399,1400,7397960
MPCTASK: EXP,3,346,17304,125,346,682,129,210,-34,494,682,697,295,1087,700,27,261,700,-23,149,622,69,300,1,3,3,15,3,1,1,0,0,0,5,21737,10295,32878,1750106,0,1763,121359,3695233,5589414,0,0,0,999,1000,1399,1400,7397960
MPCTASK: EXP,3,348,17404,95,373,682,-50,105,-4,559,704,707,401,1012,700,-87,220,700,-18,116,681,69,300,1,3,3,15,3,1,1,0,0,0,5,21067,10523,32330,1788948,0,1763,86675,3581333,5496173,0,0,0,998,1000,1399,1400,7397960
MPCTASK: EXP,3,350,17504,39,369,683,-217,-29,7,677,624,640,465,912,700,-202,143,700,-16,109,719,69,300,1,3,3,15,3,1,1,0,0,0,5,20959,11235,32913,1909988,0,1762,46735,3562861,5595374,0,0,0,998,1000,1399,1400,7397960
MPCTASK: EXP,3,352,17606,-24,387,682,-353,-136,0,922,497,576,482,787,700,-289,72,700,-17,-86,1549,69,300,1,3,3,15,3,1,1,0,0,0,5,23812,10086,34590,1714455,0,2192,24282,4047917,5880306,0,0,0,998,1000,1399,1400,7397960
MPCTASK: EXP,3,354,17706,-88,364,688,-438,-310,26,1081,189,556,450,643,700,-331,-25,700,-11,-105,1915,69,300,1,3,3,15,3,1,1,0,0,0,5,22090,11694,34644,1987788,0,1936,66649,3755284,5889695,0,0,0,998,1000,1399,1400,7397960
MPCTASK: EXP,3,356,17802,-161,311,692,-454,-512,-1,958,-94,446,372,482,700,-367,-146,700,-7,75,1258,69,300,1,3,3,15,3,1,1,0,0,0,5,20275,8567,29990,1456415,0,1762,128835,3446783,5098502,0,0,0,998,1000,1399,1400,7397960
MPCTASK: EXP,3,358,17907,-223,239,687,-446,-683,-35,803,-212,439,255,308,700,-375,-252,700,-19,-67,1280,69,300,1,3,3,15,3,1,1,0,0,0,5,24544,10160,35915,1727189,0,1883,181943,4172321,6105613,0,0,0,998,1000,1399,1400,7397960
MPCTASK: EXP,3,360,18011,-271,158,683,-387,-816,8,567,-403,514,112,125,700,-357,-359,700,-16,31,851,69,300,1,3,3,15,3,1,1,0,0,0,5,27603,10120,39445,1720332,0,1967,146920,4692325,6705643,0,0,0,998,1000,1399,1400,7397960
MPCTASK: EXP,3,362,18106,-303,72,688,-300,-899,63,409,-579,498,-43,-61,700,-314,-451,700,-11,116,601,69,300,1,3,3,15,3,1,1,0,0,0,5,23359,9805,33966,1666786,0,1762,89774,3971081,5774405,0,0,0,997,1000,1399,1400,7397960
MPCTASK: EXP,3,364,18203,-314,-11,697,-167,-940,76,299,-688,381,-197,-247,700,-231,-533,700,-2,109,658,69,300,1,3,3,15,3,1,1,0,0,0,5,20987,9364,31063,1591862,0,77021,23298,3567785,5280852,0,0,0,997,1000,1399,1400,7397960
MPCTASK: EXP,3,366,18307,-311,-105,700,-29,-969,29,143,-723,213,-334,-428,700,-154,-605,700,0,73,827,69,300,1,3,3,15,3,1,1,0,0,0,5,25968,9785,36023,1663525,0,1762,23128,4414501,6124022,0,0,0,996,1000,1399,1400,7397960
MPCTASK: EXP,3,368,18409,-295,-189,703,114,-959,31,0,-719,6,-439,-599,700,-55,-651,700,3,88,771,69,300,1,3,3,15,3,1,1,0,0,0,5,22434,12968,37739,2204401,0,130153,24652,3813813,6415700,0,0,0,996,1000,1399,1400,7397960
MPCTASK: EXP,3,370,18507,-260,-273,706,261,-930,33,-140,-674,-195,-504,-757,700,34,-691,700,6,108,677,69,300,1,3,3,15,3,1,1,0,0,0,5,24145,10633,35546,1807523,0,1916,75718,4104674,6043006,0,0,0,997,1000,1399,1400,7397960
MPCTASK: EXP,3,372,18606,-216,-344,711,387,-871,29,-265,-574,-384,-520,-897,700,122,-702,700,11,90,672,69,300,1,3,3,15,3,1,1,0,0,0,5,22467,10602,34512,1802356,0,1762,222709,3819317,5867154,0,0,0,997,1000,1399,1400,7397960
MPCTASK: EXP,3,374,18708,-162,-405,714,495,-789,16,-336,-462,-563,-488,-1015,700,194,-682,700,14,53,743,69,300,1,3,3,15,3,1,1,0,0,0,5,27006,9067,37125,1541339,0,1762,71246,4590869,6311420,0,0,0,997,1000,1399,1400,7397960
MPCTASK: EXP,3,376,18803,-101,-458,716,582,-700,14,-411,-347,-723,-410,-1110,700,240,-681,700,16,158,565,69,300,1,3,3,15,3,1,1,0,0,0,5,22344,9046,31925,1537852,0,1967,65256,3798329,5427369,0,0,0,997,1000,1399,1400,7397960
MPCTASK: EXP,3,378,18906,-27,-502,717,657,-598,15,-456,-127,-821,-294,-1178,700,286,-657,700,17,63,707,69,300,1,3,3,15,3,1,1,0,0,0,5,21739,10493,33070,1783777,0,1762,100896,3695581,5621897,0,0,0,997,1000,1399,1400,7397960
MPCTASK: EXP,3,380,19001,46,-528,718,683,-469,9,-531,135,-868,-150,-1219,700,298,-590,700,18,-16,877,69,300,1,3,3,15,3,1,1,0,0,0,5,18866,9860,29355,1676051,0,1764,23301,3207160,4990541,0,0,0,997,1000,1399,1400,7397960
MPCTASK: EXP,3,382,19111,121,-546,718,664,-335,4,-552,419,-852,5,-1230,700,309,-526,700,18,152,578,69,300,1,3,3,15,3,1,1,0,0,0,5,25765,11635,39094,1977910,0,1762,64240,4379993,6646046,0,0,0,997,1000,1399,1400,7397960
MPCTASK: EXP,3,384,19203,198,-555,721,608,-204,-6,-538,689,-794,159,-1212,700,296,-466,700,19,129,642,69,300,1,3,3,15,3,1,1,0,0,0,5,20612,9677,31106,1645015,0,1762,64277,3503797,5288090,0,0,0,997,1000,1399,1400,7397960
MPCTASK: EXP,3,386,19306,257,-542,720,490,-53,-21,-568,964,-704,295,-1165,700,248,-380,700,16,114,1067,69,300,1,3,3,15,3,1,1,0,0,0,5,21835,10566,33506,1796083,0,1763,89975,3711853,5696028,0,0,0,997,1000,1399,1400,7397960
MPCTASK: EXP,3,388,19404,303,-532,723,331,72,-19,-538,1133,-599,401,-1090,700,194,-303,700,19,149,1339,69,300,1,3,3,15,3,1,1,0,0,0,5,21427,9549,31991,1623207,0,1762,148486,3642441,5438471,0,0,0,997,1000,1399,1400,7397960
MPCTASK: EXP,3,390,19505,329,-508,718,145,199,-55,-562,1216,-485,465,-989,700,127,-223,700,7,145,1804,69,300,1,3,3,15,3,1,1,0,0,0,5,22825,9845,32939,1673525,0,1762,23282,3880129,5599833,0,0,0,997,1000,1399,1400,7397960
MPCTASK: EXP,3,392,19607,337,-471,712,-54,331,-61,-594,1220,-371,482,-865,700,55,-120,700,0,137,1906,69,300,1,3,3,15,3,1,1,0,0,0,5,25385,8946,34841,1469119,0,1763,23132,4315257,5923010,0,0,0,997,1000,1399,1400,7397960
MPCTASK: EXP,3,394,19707,328,-424,705,-251,458,-49,-571,1133,-275,450,-721,700,-8,-24,700,-4,112,1703,69,300,1,3,3,15,3,1,1,0,0,0,5,22952,10081,33881,1713697,0,2676,43200,3901617,5759762,0,0,0,997,1000,1399,1400,7397960
MPCTASK: EXP,3,396,19806,297,-377,704,-428,562,-5,-565,923,-210,372,-560,700,-71,63,700,3,92,1079,69,300,1,3,3,15,3,1,1,0,0,0,5,23971,8659,33945,1471883,0,1762,200775,4075121,5770640,0,0,0,996,1000,1399,1400,7397960
MPCTASK: EXP,3,398,19906,256,-326,703,-554,647,0,-518,675,-151,255,-386,700,-111,141,700,3,72,810,69,300,1,3,3,15,3,1,1,0,0,0,5,22006,10641,33668,1808898,0,1796,46915,3740914,5723633,0,0,0,995,1000,1399,1400,7397960
MPCTASK: EXP,3,400,20003,211,-266,702,-628,723,0,-481,436,-84,112,-203,700,-122,230,700,2,92,649,69,300,1,3,3,15,3,1,1,0,0,0,5,19786,9525,30114,1619188,0,1762,77762,3363549,5119589,0,0,0,994,1000,1399,1400,7397960
MPCTASK: EXP,3,402,20110,164,-198,704,-657,787,19,-391,187,-14,-43,-16,700,-126,309,700,4,105,568,69,300,1,3,3,15,3,1,1,0,0,0,5,22320,11529,35813,1959828,0,1762,310513,3794238,6088300,0,0,0,994,1000,1399,1400,7397960
MPCTASK: EXP,3,404,20210,119,-141,707,-641,813,14,-373,-45,55,-197,169,700,-107,342,700,7,139,536,69,300,1,3,3,15,3,1,1,0,0,0,5,22839,12879,36564,2189237,0,1763,121855,3882573,6215989,0,0,0,995,1000,1399,1400,7397960
MPCTASK: EXP,3,406,20305,83,-73,711,-583,846,0,-286,-240,138,-334,350,700,-64,409,700,10,53,752,69,300,1,3,3,15,3,1,1,0,0,0,5,21352,8985,31884,1527430,0,1762,23437,3629737,5420357,0,0,0,996,1000,1399,1400,7397960
MPCTASK: EXP,3,408,20409,45,-2,711,-504,863,-17,-198,-430,194,-439,521,700,-36,463,700,8,146,545,69,300,1,3,3,15,3,1,1,0,0,0,5,24000,10290,34923,1749196,0,1762,84799,4020047,5936956,0,0,0,997,1000,1399,1400,7397960
MPCTASK: EXP,3,410,20508,25,76,711,-383,877,-23,-61,-595,246,-503,679,700,24,508,700,7,179,578,69,300,1,3,3,15,3,1,1,0,0,0,5,20928,11102,33937,1887322,0,62546,164385,3557766,5769340,0,0,0,998,1000,1399,1400,7397960
MPCTASK: EXP,3,412,20607,14,135,706,-252,845,-69,21,-588,320,-520,819,700,84,509,700,-6,103,802,69,300,1,3,3,15,3,1,1,0,0,0,5,22951,9269,33314,1575412,0,26381,137131,3901614,5663377,0,0,0,998,1000,1399,1400,7397960
MPCTASK: EXP,3,414,20708,20,199,699,-110,806,-52,173,-621,494,-488,937,700,132,517,700,-11,126,711,69,300,1,3,3,15,3,1,1,0,0,0,5,23543,9309,34376,1582339,0,2186,24280,4002295,5844143,0,0,0,998,1000,1399,1400,7397960
MPCTASK: EXP,3,416,20807,30,255,694,10,752,-51,181,-432,643,-410,1032,700,146,524,700,-15,14,963,69,300,1,3,3,15,3,1,1,0,0,0,5,22526,9943,33397,1690243,0,1796,24674,3829349,5677656,0,0,0,998,1000,1399,1400,7397960
MPCTASK: EXP,3,418,20909,65,332,687,125,712,-45,467,-368,671,-294,1100,700,184,520,700,-21,-35,883,69,300,1,3,3,15,3,1,1,0,0,0,5,21365,11535,34010,1960884,0,1763,141617,3631905,5781765,0,0,0,998,1000,1399,1400,7397960
MPCTASK: EXP,3,420,21008,74,378,690,181,571,13,776,-247,655,-150,1141,700,173,471,700,-9,138,676,69,300,1,3,2,15,3,1,1,0,0,0,5,24331,8321,33284,1414457,0,1762,85426,4136086,5658313,0,0,0,998,1000,1399,1400,7397960
MPCTASK: EXP,3,422,21107,95,423,690,224,442,-28,784,-31,634,5,1152,700,151,435,700,-15,35,1147,69,300,1,3,3,15,3,1,1,0,0,0,5,22343,9493,32557,1613670,0,1762,78531,3798310,5534737,0,0,0,998,1000,1399,1400,7397960
MPCTASK: EXP,3,424,21209,107,437,686,210,261,-19,885,225,569,159,1134,700,106,350,700,-16,95,1112,69,300,1,3,3,15,3,1,1,0,0,0,5,23960,9360,33952,1591044,0,1763,84991,4073181,5771936,0,0,0,998,1000,1399,1400,7397960
MPCTASK: EXP,3,426,21310,109,440,687,141,79,-13,876,508,512,295,1087,700,29,265,700,-14,72,1170,69,300,1,3,3,15,3,1,1,0,0,0,5,22899,11824,35001,2009835,0,2121,23982,3892814,5950220,0,0,0,998,1000,1399,1400,7397960
MPCTASK: EXP,3,428,21408,88,420,684,10,-99,-22,714,644,498,400,1013,700,-65,172,700,-19,164,629,69,300,1,3,3,15,3,1,1,0,0,0,5,23285,9465,33292,1608964,0,2305,59075,3958457,5659676,0,0,0,998,1000,1399,1400,7397960
MPCTASK: EXP,3,430,21512,47,392,682,-138,-247,-27,713,583,488,464,913,700,-163,82,700,-23,137,710,69,300,1,3,3,15,3,1,1,0,0,0,5,23487,12870,37414,2187740,0,1762,156700,3992809,6360370,0,0,0,998,1000,1399,1400,7397960
MPCTASK: EXP,3,432,21606,-4,356,676,-262,-388,-35,722,418,430,480,789,700,-240,-13,700,-30,126,770,69,300,1,3,3,15,3,1,1,0,0,0,5,21524,9314,31504,1583331,0,1935,89562,3659087,5355800,0,0,0,998,1000,1399,1400,7397960
MPCTASK: EXP,3,434,21707,-60,306,674,-355,-537,-4,781,311,404,448,645,700,-307,-133,700,-26,107,842,69,300,1,3,3,15,3,1,1,0,0,0,5,20755,11808,32831,2007251,0,1762,23128,3528313,5581414,0,0,0,998,1000,1399,1400,7397960
MPCTASK: EXP,3,436,21804,-125,245,676,-420,-676,35,668,91,426,370,484,700,-344,-245,700,-23,72,775,69,300,1,3,3,15,3,1,1,0,0,0,5,20899,8996,30163,1529256,0,1762,23128,3552673,5127820,0,0,0,998,1000,1399,1400,7397960
MPCTASK: EXP,3,438,21909,-184,176,680,-438,-770,49,470,-89,398,253,310,700,-356,-316,700,-19,154,606,69,300,1,3,3,15,3,1,1,0,0,0,5,21793,10310,34802,1752522,0,1762,141938,3704713,5916510,0,0,0,998,1000,1399,1400,7397960
MPCTASK: EXP,3,440,22009,-226,105,687,-400,-831,63,373,-317,307,111,127,700,-329,-396,700,-12,123,532,69,300,1,3,3,15,3,1,1,0,0,0,5,24027,9327,33991,1585532,0,1762,84808,4084406,5778580,0,0,0,997,1000,1399,1400,7397960
MPCTASK: EXP,3,442,22108,-261,17,695,-331,-886,68,248,-440,172,-43,-61,700,-299,-482,700,-4,81,615,69,300,1,3,3,15,3,1,1,0,0,0,5,23968,9191,33951,1562353,0,1762,111805,4074589,5771652,0,0,0,997,1000,1399,1400,7397960
MPCTASK: EXP,3,444,22212,-279,-59,702,-230,-898,60,141,-565,15,-195,-250,700,-240,-540,700,2,137,579,69,300,1,3,3,15,3,1,1,0,0,0,5,27613,9130,38160,1551890,0,1762,177307,4694217,6487260,0,0,0,996,1000,1399,1400,7397960
MPCTASK: EXP,3,446,22308,-283,-139,709,-114,-898,37,34,-570,-135,-328,-434,700,-177,-596,700,9,140,580,69,300,1,3,3,15,3,1,1,0,0,0,5,23529,9077,33467,1543078,0,1762,77600,3999853,5689500,0,0,0,995,1000,1399,1400,7397960
MPCTASK: EXP,3,448,22409,-279,-215,711,-3,-874,6,-94,-584,-254,-430,-610,700,-116,-623,700,11,167,585,69,300,1,3,3,15,3,1,1,0,0,0,5,22453,9494,33852,1613823,0,2662,23446,3816913,5755188,0,0,0,996,1000,1399,1400,7397960
MPCTASK: EXP,3,450,22506,-264,-286,713,111,-834,8,-184,-566,-348,-490,-772,700,-70,-640,700,13,175,595,69,300,1,3,3,15,3,1,1,0,0,0,5,23017,8190,32007,1392251,0,1762,113130,3912729,5441292,0,0,0,996,1000,1399,1400,7397960
MPCTASK: EXP,3,452,22608,-234,-352,710,230,-776,-16,-317,-541,-426,-504,-915,700,6,-618,700,7,142,582,69,300,1,3,3,15,3,1,1,0,0,0,5,23744,9893,33906,1681732,0,1762,23128,4036373,5764087,0,0,0,997,1000,1399,1400,7397960
MPCTASK: EXP,3,454,22708,-191,-415,711,340,-701,-4,-441,-393,-470,-472,-1035,700,43,-612,700,10,111,583,69,300,1,3,3,15,3,1,1,0,0,0,5,21126,11189,34084,1902084,0,2100,192177,3591265,5794318,0,0,0,997,1000,1399,1400,7397960
MPCTASK: EXP,3,456,22808,-144,-460,710,417,-583,-10,-611,-228,-498,-397,-1126,699,78,-553,699,8,61,817,69,300,1,3,3,15,3,1,1,0,0,0,5,21633,9450,32975,1606382,0,102819,56522,3677609,5605818,0,0,0,997,1000,1399,1400,7397960
MPCTASK: EXP,3,458,22908,-85,-493,709,472,-443,-6,-710,-8,-510,-290,-1184,699,109,-502,699,8,84,833,69,300,1,3,3,15,3,1,1,0,0,0,5,21445,10029,33344,1704833,0,1762,295312,3645573,5668574,0,0,0,998,1000,1399,1400,7397960
MPCTASK: EXP,3,460,23008,-35,-516,709,472,-288,-3,-806,230,-508,-164,-1203,699,108,-435,699,8,43,1087,69,300,1,3,3,15,3,1,1,0,0,0,5,24911,8976,34156,1525985,0,1763,23134,4234793,5806606,0,0,0,998,1000,1399,1400,7397960
MPCTASK: EXP,3,462,23109,19,-521,712,439,-118,7,-822,450,-491,-36,-1182,699,116,-360,699,12,88,951,69,300,1,3,3,15,3,1,1,0,0,0,5,20854,11719,33563,1992144,0,1762,76802,3545013,5705851,0,0,0,998,1000,1399,1400,7397960
MPCTASK: EXP,3,464,23211,57,-513,711,359,44,-12,-791,606,-460,78,-1119,699,116,-315,699,8,138,764,69,300,1,3,3,15,3,1,1,0,0,0,5,24295,8621,34414,1465495,0,1762,148706,4130005,5850386,0,0,0,998,1000,1399,1400,7397960
MPCTASK: EXP,3,466,23310,89,-489,710,260,204,-12,-722,677,-404,166,-1015,699,80,-236,699,8,126,723,69,300,1,3,3,15,3,1,1,0,0,0,5,22624,10622,34217,1805688,0,1762,84781,3845869,5816998,0,0,0,998,1000,1399,1400,7397960
MPCTASK: EXP,3,468,23409,112,-450,706,153,340,-23,-554,664,-330,216,-875,700,72,-195,700,2,112,706,69,300,1,3,3,15,3,1,1,0,0,0,5,23623,7748,32459,1317140,0,2158,98409,4015706,5518133,0,0,0,997,1000,1399,1400,7397960
MPCTASK: EXP,3,470,23511,124,-404,703,45,440,-13,-367,637,-234,225,-709,700,57,-171,700,1,92,746,69,300,1,3,3,15,3,1,1,0,0,0,5,22421,11021,34352,1873516,0,1762,89390,3811553,5839795,0,0,0,997,1000,1399,1400,7397960
MPCTASK: EXP,3,472,23606,131,-357,703,-42,490,1,-123,477,-142,196,-530,700,77,-166,700,3,-2,891,69,300,1,3,3,15,3,1,1,0,0,0,5,22316,7508,30246,1276301,0,1762,49510,3793710,5141922,0,0,0,996,1000,1399,1400,7397960
MPCTASK: EXP,3,474,23708,123,-311,704,-110,485,8,142,300,-59,141,-357,700,54,-143,700,4,48,757,69,300,1,3,3,15,3,1,1,0,0,0,5,20388,11291,32284,1919433,0,1762,23128,3465853,5488344,0,0,0,994,1000,1399,1400,7397960
MPCTASK: EXP,3,476,23811,114,-275,706,-142,431,10,317,133,6,76,-209,700,41,-124,700,6,147,536,69,300,1,3,3,15,3,1,1,0,0,0,5,23485,9274,34112,1576542,0,131888,77905,3992326,5799154,0,0,0,993,1000,1399,1400,7397960
MPCTASK: EXP,3,478,23910,103,-246,705,-150,356,-7,349,38,47,20,-104,700,5,-112,700,4,168,585,69,300,1,3,3,15,3,1,1,0,0,0,5,20609,11724,33141,1993034,0,2066,90758,3503390,5634008,0,0,0,993,1000,1399,1400,7397960
MPCTASK: EXP,3,480,24011,95,-224,701,-142,284,-26,311,26,65,-11,-51,700,18,-109,700,-3,170,572,69,300,1,3,3,15,3,1,1,0,0,0,5,22987,9596,34083,1631191,0,1762,84765,3907789,5794164,0,0,0,994,1000,1399,1400,7397960
MPCTASK: EXP,3,482,24109,88,-209,698,-139,223,-22,187,80,73,-19,-39,700,18,-135,700,-6,169,585,69,300,1,3,3,15,3,1,1,0,0,0,5,19322,12535,33099,2130854,0,99143,25601,3284537,5626976,0,0,0,995,1000,1399,1400,7397960
MPCTASK: TRAJ DONE: idx=482, max=482; requesting landing
MPCTASK: LANDING: start z=0.69, hold=(0.08,-0.20)
MPCTASK: TIMING SUMMARY: max_step_cycles=7397960 deadline_cycles=8400000 overruns=0
MPCTASK: LANDING COMPLETE: t=32186 ms, x=0.080, y=-0.219, z=0.007, vz=-0.069; motors off
SUP: Disarming
