---
SYS: Crazyflie 2.1 Brushless is up and running!
SYS: Build 2:de14ff9f08ae (2025.09.1 +2) MODIFIED
SYS: I am 0x373930393434471500370039 and I have 1024KB of flash!
CFGBLK: v1, verification [OK]
DECK_DISCOVERY: Backend found: onewire
DECK_DISCOVERY: Backend found: deckctrl
DECK_CORE: 1 deck(s) found
DECK_CORE: Calling INIT on driver bcFlow2 for deck 0
ZR2: Z-down sensor [OK]
PMW: Motion chip id: 0x49:0xB6
IMU: BMI088: Using I2C interface.
IMU: BMI088 Gyro connection [OK].
IMU: BMI088 Accel connection [OK]
IMU: BMP390 I2C connection [OK]
ESTIMATOR: Using Kalman (2) estimator
CONTROLLER: Using PID (1) controller
MTR-DRV: Using brushless motor driver
SYS: About to run tests in system.c.
SYS: NRF51 version: 2026.04 (C21B)
EEPROM: I2C connection [OK].
STORAGE: Storage check [OK].
IMU: BMI088 gyro self-test [OK]
DECK_CORE: Deck 0 test [OK].
SYS: Self test passed!
STAB: Wait for sensor calibration...
SYS: Free heap: 15048 bytes
MPCTASK: Waiting for activation ...
STAB: Starting stabilizer loop
STAB: WARNING: stabilizer loop rate is off (1004)
SUP: Ready to fly
MPCTASK: Benchmark mode 3, maneuver 4, max_iter 5, task_pri 0
MPCTASK: Reference altitude: 0.70 m; barrier skip when z>0.75 and vz>-0.20
MPCTASK: Common baseline: mpc_hz=20 model_hz=20 rho=5 base_w=0 base_qz=1 Qz=100 R=4 bridge=x10 guards=z[ref,ref+0.20] xy=free cap=0.05
MPCTASK: MPC->PID: xyz=x10, z_guard=[ref,ref+0.20], yaw=raw_rz, output_hold=200ms, safety_hold=500ms
MPCTASK: Reference origin: xy=OOT_activation z=0.70 m
MPCTASK: LIMO adaptive: cache=16x4 evals=1 timing=bar/rl/cache_cycles
MPCTASK: EXP every=2: m,s,tms,p3[mm],v3[mmps],att3[cdeg],ref3[mm],cmd3[mm],h/raw/grad/mar/thr[milli],act/ac/bind,wi/qi/cache/noa,pa/pf/du[milli],it,mpc/eval/total[us],bar/tanh/rl/cache/solve/step[cycles],overruns,post_active/post_infeasible_totals,wreq/w/qzreq/qz[milli],max_step_cycles
MPCTASK: Figure8: source=traj_fig8_12.h source_hz=100 samples=1205 laps=2 duration=24.07 s origin=OOT_activation z_offset=0.09 m
CONTROLLER: Using OutOfTree (6) controller
MPCTASK: Trajectory origin: x=-0.05 y=-0.04
MPCTASK: OOT activated at z=0.55
MPCTASK: OOT loop 1 done
MPCTASK: OOT loop 2 done
MPCTASK: OOT loop 3 done
MPCTASK: MPC task loop 1
MPCTASK: Benchmark reset: mode=3 maneuver=4
MPCTASK: x0: pos=(-0.05,-0.04,0.55) vel=(0.12,0.04,-0.0)
MPCTASK: ref: (-0.05,-0.04,0.70)
MPCTASK: SAFE TV mode=3: h=0.0 raw=0.0 grad=0.0 margin=0.0 thr=0.0 active0=0 active_count=0 eval=13563 us
MPCTASK: MPC solve start
MPCTASK: MPC solve done, iter=5
MPCTASK: MPC time=29424 us
MPCTASK: MPC stack free=859 words
MPCTASK: setpoint: x=-0.07 y=0.20 z=0.70 preview_z=0.64
MPCTASK: MPC task loop 2
MPCTASK: MPC task loop 3
MPCTASK: x0: pos=(-0.04,-0.05,0.55) vel=(0.12,0.02,-0.02)
MPCTASK: ref: (-0.06,-0.04,0.70)
MPCTASK: SAFE TV mode=3: h=0.0 raw=0.0 grad=0.0 margin=0.0 thr=0.0 active0=0 active_count=0 eval=15700 us
MPCTASK: MPC solve start
MPCTASK: MPC solve done, iter=5
MPCTASK: MPC time=26260 us
MPCTASK: EXP,3,2,99,-46,-50,553,129,29,-29,114,79,-46,-60,-49,700,-46,180,700,0,0,0,0,0,0,0,0,15,1,1,1,0,0,0,5,26260,15700,45448,2669015,0,1807,91571,4464256,7726173,0,0,0,992,1000,1080,1133,8044201
MPCTASK: setpoint: x=-0.04 y=0.18 z=0.70 preview_z=0.64
MPCTASK: EXP,3,4,191,-43,-54,545,95,2,-187,142,202,-66,-71,-30,700,-7,133,700,0,0,0,0,0,0,0,0,15,1,1,1,0,0,0,5,23286,12420,38081,2111342,0,78671,24305,3958596,6473888,0,0,0,993,1000,1195,1133,8044201
MPCTASK: EXP,3,6,293,-41,-61,523,52,-24,-249,-29,196,-72,-105,36,700,27,117,700,0,0,0,0,0,0,0,0,15,2,1,1,0,0,0,5,27032,12197,39641,2073311,0,2841,50630,4595363,6739002,0,0,0,993,1000,1268,1266,8044201
MPCTASK: EXP,3,8,391,-45,-73,508,13,30,-9,-574,19,-68,-158,155,700,59,135,700,0,0,0,0,0,0,0,0,15,2,1,1,0,0,0,5,24508,11338,36798,1927336,0,1795,89802,4166183,6255804,0,0,0,995,1000,1316,1266,8044201
MPCTASK: EXP,3,10,493,-56,-71,516,11,153,136,-765,-216,-91,-213,315,700,83,165,700,0,0,0,0,0,0,0,0,15,3,1,1,0,0,0,5,28009,9632,39103,1637256,0,1802,24305,4761461,6647736,0,0,0,996,1000,1346,1400,8044201
MPCTASK: Cache level changed: 0 -> 1
MPCTASK: EXP,3,12,589,-63,-54,531,49,277,153,-730,-417,-103,-251,494,700,107,193,700,-168,-2,983,69,300,1,3,3,15,3,1,1,0,0,0,5,24509,10293,35820,1749808,0,1795,149156,4166307,6089468,0,0,0,997,1000,1365,1400,8044201
MPCTASK: EXP,3,14,690,-62,-20,546,123,391,139,-558,-544,-96,-259,673,700,130,228,700,-153,7,847,69,300,1,3,3,15,3,1,1,0,0,0,5,25983,10459,37125,1777905,0,1923,91624,4417023,6311284,0,0,0,998,1000,1378,1400,8044201
MPCTASK: EXP,3,16,790,-52,21,560,206,461,129,-307,-550,-72,-228,833,700,144,249,700,-139,39,732,69,300,1,3,3,15,3,1,1,0,0,0,5,25331,10444,36686,1775306,0,1797,51844,4306219,6236623,0,0,0,998,1000,1385,1400,8044201
MPCTASK: EXP,3,18,891,-30,65,571,290,487,116,-53,-458,-46,-159,962,699,159,255,699,-128,21,777,69,300,1,3,3,15,3,1,1,0,0,0,5,24732,11245,37893,1911530,0,24224,159447,4204311,6441862,0,0,0,999,1000,1390,1400,8044201
MPCTASK: EXP,3,20,991,0,109,581,353,471,116,169,-272,-23,-58,1051,699,156,242,699,-118,-12,946,69,300,1,3,3,15,3,1,1,0,0,0,5,25536,11052,37476,1878697,0,1940,86728,4340927,6371064,0,0,0,999,1000,1394,1400,8044201
MPCTASK: EXP,3,22,1092,29,150,595,368,418,130,369,-36,-11,60,1097,699,133,219,699,-104,12,806,69,300,1,3,3,15,3,1,1,0,0,0,5,23029,13382,38435,2274803,0,1802,70635,3914948,6534026,0,0,0,999,1000,1396,1400,8044201
MPCTASK: EXP,3,24,1191,59,176,609,342,320,121,519,215,-1,182,1099,699,100,173,699,-90,9,838,69,300,1,3,3,15,3,1,1,0,0,0,5,24569,11402,36856,1938363,0,1795,113944,4176649,6265631,0,0,0,999,1000,1397,1400,8044201
MPCTASK: EXP,3,26,1289,91,196,624,291,214,108,619,436,5,292,1060,699,69,123,699,-75,21,840,69,300,1,3,3,15,3,1,1,0,0,0,5,24518,10138,35540,1723405,0,1795,68672,4167915,6041921,0,0,0,999,1000,1398,1400,8044201
MPCTASK: EXP,3,28,1393,112,205,636,197,92,84,675,617,14,375,984,700,19,56,700,-63,114,627,69,300,1,3,3,15,3,1,1,0,0,0,5,27920,10215,39855,1736360,0,2349,141137,4746395,6775509,0,0,0,999,1000,1399,1400,8044201
MPCTASK: EXP,3,30,1490,125,202,643,81,-35,48,726,737,14,419,875,700,-35,-16,700,-56,182,681,69,300,1,3,3,15,3,1,1,0,0,0,5,24156,11316,36421,1923668,0,1795,85293,4106443,6191722,0,0,0,999,1000,1399,1400,8044201
MPCTASK: EXP,3,32,1591,123,184,646,-56,-176,25,738,801,6,418,741,700,-99,-103,700,-53,193,658,69,300,1,3,3,15,3,1,1,0,0,0,5,25522,11349,37578,1929122,0,1802,23151,4338604,6388310,0,0,0,999,1000,1399,1400,8044201
MPCTASK: EXP,3,34,1700,102,152,645,-208,-317,18,698,757,29,371,585,700,-161,-193,700,-54,178,636,69,300,1,3,3,15,3,1,1,0,0,0,5,31580,12363,46713,2101588,0,1795,415302,5368495,7941258,0,0,0,998,1000,1399,1400,8044201
MPCTASK: EXP,3,36,1794,71,112,646,-343,-445,46,657,667,59,280,413,700,-215,-275,700,-53,96,674,69,300,1,3,3,15,3,1,1,0,0,0,5,24756,13661,38824,2322220,0,1795,45551,4208515,6600175,0,0,0,998,1000,1399,1400,8044201
MPCTASK: EXP,3,38,1894,25,61,652,-455,-560,71,578,483,96,155,230,700,-250,-365,700,-47,39,786,69,300,1,3,3,15,3,1,1,0,0,0,5,26671,11602,39063,1972190,0,1795,110821,4533895,6640862,0,0,0,997,1000,1399,1400,8044201
MPCTASK: EXP,3,40,1990,-28,0,661,-527,-657,84,493,255,117,8,42,700,-272,-446,700,-38,22,794,69,300,1,3,3,15,3,1,1,0,0,0,5,21279,10518,34708,1788041,0,1795,394841,3617060,5900288,0,0,0,996,1000,1399,1400,8044201
MPCTASK: EXP,3,42,2093,-78,-62,669,-541,-720,77,380,0,121,-146,-147,700,-272,-509,700,-30,35,744,69,300,1,3,3,15,3,1,1,0,0,0,5,24187,12952,38032,2201670,0,1899,128928,4111687,6465430,0,0,0,995,1000,1399,1400,8044201
MPCTASK: EXP,3,44,2193,-127,-127,676,-513,-763,66,277,-255,120,-294,-333,700,-251,-575,700,-23,61,651,69,300,1,3,3,15,3,1,1,0,0,0,5,25682,11289,37993,1919193,0,1795,150358,4365839,6458830,0,0,0,996,1000,1399,1400,8044201
MPCTASK: EXP,3,46,2293,-168,-202,687,-441,-793,82,165,-476,93,-418,-511,700,-217,-643,700,-12,97,582,69,300,1,3,3,15,3,1,1,0,0,0,5,24755,10674,37362,1814528,0,1797,305809,4208295,6351650,0,0,0,997,1000,1399,1400,8044201
MPCTASK: EXP,3,48,2390,-199,-277,697,-337,-800,64,47,-634,76,-509,-678,700,-167,-688,700,-2,179,646,69,300,1,3,3,15,3,1,1,0,0,0,5,21049,11716,33035,1991713,0,1795,23151,3578187,5616014,0,0,0,997,1000,1399,1400,8044201
MPCTASK: EXP,3,50,2493,-221,-348,705,-216,-784,50,-57,-743,56,-555,-828,700,-119,-712,700,5,194,626,69,300,1,3,3,15,3,1,1,0,0,0,5,26476,9420,36844,1601292,0,1795,138749,4500803,6263523,0,0,0,998,1000,1399,1400,8044201
MPCTASK: EXP,3,52,2594,-228,-408,709,-74,-740,20,-164,-806,41,-552,-960,700,-64,-732,700,9,185,606,69,300,1,3,3,15,3,1,1,0,0,0,5,25441,11019,37931,1873089,0,31588,197689,4324763,6448280,0,0,0,998,1000,1399,1400,8044201
MPCTASK: EXP,3,54,2694,-221,-472,713,71,-694,1,-237,-792,36,-502,-1069,700,-5,-730,700,13,184,608,69,300,1,3,3,15,3,1,1,0,0,0,5,23478,13341,37528,2267939,0,1795,98150,3991239,6379777,0,0,0,998,1000,1399,1400,8044201
MPCTASK: EXP,3,56,2796,-200,-520,713,213,-614,-3,-377,-745,28,-407,-1152,700,48,-707,700,13,168,615,69,300,1,3,3,15,3,1,1,0,0,0,5,27750,10284,39754,1748202,0,2097,269322,4717399,6758333,0,0,0,998,1000,1399,1400,8044201
MPCTASK: EXP,3,58,2895,-160,-565,713,347,-522,-1,-476,-563,39,-279,-1209,700,92,-675,700,12,68,754,69,300,1,3,3,15,3,1,1,0,0,0,5,24953,11548,38822,1963024,0,36662,206101,4241975,6599767,0,0,0,998,1000,1399,1400,8044201
MPCTASK: EXP,3,60,2995,-115,-599,709,437,-411,-5,-565,-347,46,-129,-1238,700,113,-641,700,8,69,762,69,300,1,3,3,15,3,1,1,0,0,0,5,25860,11582,39033,1968808,0,1956,46761,4396071,6635656,0,0,0,998,1000,1399,1400,8044201
MPCTASK: EXP,3,62,3094,-67,-623,710,481,-288,16,-637,-95,61,27,-1237,700,122,-583,700,10,65,790,69,300,1,3,3,15,3,1,1,0,0,0,5,24549,12333,37585,2096547,0,1795,97581,4173171,6389526,0,0,0,998,1000,1399,1400,8044201
MPCTASK: EXP,3,64,3196,-17,-627,715,480,-148,37,-671,157,72,176,-1207,700,113,-493,700,15,28,871,69,300,1,3,3,15,3,1,1,0,0,0,5,26583,11581,39230,1968783,0,2088,158206,4518988,6669258,0,0,0,998,1000,1399,1400,8044201
MPCTASK: EXP,3,66,3293,27,-628,717,432,-20,19,-708,389,85,301,-1149,700,93,-429,700,17,92,756,69,300,1,3,3,15,3,1,1,0,0,0,5,25652,10227,36928,1738454,0,1795,155535,4360720,6277867,0,0,0,998,1000,1399,1400,8044201
MPCTASK: EXP,3,68,3394,56,-615,722,335,113,21,-703,569,80,391,-1064,700,42,-363,700,22,175,595,69,300,1,3,3,15,3,1,1,0,0,0,5,23574,12381,37047,2104795,0,1797,47580,4007467,6298184,0,0,0,998,1000,1399,1400,8044201
MPCTASK: EXP,3,70,3494,86,-585,725,232,252,8,-756,675,78,437,-953,700,5,-242,700,25,168,607,69,300,1,3,3,15,3,1,1,0,0,0,5,23770,13258,37889,2253802,0,2375,123241,4040843,6441279,0,0,0,997,1000,1399,1400,8044201
MPCTASK: EXP,3,72,3594,93,-552,724,94,375,-15,-660,775,68,434,-821,700,-66,-171,700,21,232,620,69,300,1,3,1,15,3,1,1,0,0,0,5,24500,11683,38117,1986013,0,1802,50363,4164919,6479854,0,0,0,997,1000,1399,1400,8044201
MPCTASK: EXP,3,74,3695,89,-502,720,-47,502,-27,-685,783,57,383,-669,700,-107,-66,700,15,187,612,69,300,1,3,3,15,3,1,1,0,0,0,5,25215,12737,38742,2165233,0,2097,110648,4286531,6586208,0,0,0,997,1000,1399,1400,8044201
MPCTASK: EXP,3,76,3796,69,-450,715,-192,612,-26,-625,696,41,289,-502,700,-153,23,700,10,124,712,69,300,1,3,3,15,3,1,1,0,0,0,5,24597,11660,37378,1982008,0,1795,123414,4181375,6354340,0,0,0,996,1000,1399,1400,8044201
MPCTASK: EXP,3,78,3896,31,-379,714,-319,723,0,-543,558,23,160,-324,700,-197,130,700,14,84,704,69,300,1,3,3,15,3,1,1,0,0,0,5,25508,10789,37751,1833991,0,1834,60282,4336295,6417759,0,0,0,995,1000,1399,1400,8044201
MPCTASK: EXP,3,80,3995,-11,-308,712,-408,805,6,-468,350,-20,10,-140,700,-224,215,700,12,92,639,69,300,1,3,3,15,3,1,1,0,0,0,5,26360,10287,37103,1748714,0,1795,42516,4481187,6307582,0,0,0,995,1000,1399,1400,8044201
MPCTASK: EXP,3,82,4096,-51,-234,716,-445,867,35,-355,107,-57,-147,46,700,-216,293,700,16,60,683,69,300,1,3,3,15,3,1,1,0,0,0,5,24325,12388,37231,2105856,0,1795,64283,4135279,6329340,0,0,0,995,1000,1399,1400,8044201
MPCTASK: EXP,3,84,4196,-95,-159,722,-439,902,44,-296,-166,-84,-295,231,700,-199,354,700,22,64,663,69,300,1,3,3,15,3,1,1,0,0,0,5,24627,11630,37089,1977069,0,1802,75301,4186603,6305230,0,0,0,996,1000,1399,1400,8044201
MPCTASK: EXP,3,86,4299,-139,-82,729,-393,920,44,-145,-432,-102,-421,409,700,-166,408,700,29,56,693,69,300,1,3,3,15,3,1,1,0,0,0,5,25775,14521,41127,2468469,0,27613,93061,4381647,6991624,0,0,0,996,1000,1399,1400,8044201
MPCTASK: EXP,3,88,4395,-168,-10,736,-296,905,31,-47,-652,-96,-511,575,700,-122,451,700,36,173,593,69,300,1,3,3,15,3,1,1,0,0,0,5,24059,11596,36055,1971180,0,1922,45811,4089890,6129505,0,0,0,997,1000,1399,1400,8044201
MPCTASK: EXP,3,90,4494,-181,64,740,-164,883,4,64,-756,-79,-557,726,700,-75,483,700,40,195,589,69,300,1,3,3,15,3,1,1,0,0,0,5,23732,9766,34803,1660161,0,1911,148279,4034419,5916685,0,0,0,997,1000,1399,1400,8044201
MPCTASK: EXP,3,92,4597,-178,133,740,-18,839,-20,132,-777,-60,-554,858,700,20,502,700,36,201,589,69,300,1,3,3,15,3,1,1,0,0,0,5,24446,11948,37022,2031142,0,1796,83010,4155795,6293768,0,0,0,998,1000,1399,1400,8044201
MPCTASK: EXP,3,94,4700,-167,192,736,120,775,-34,227,-761,-38,-503,967,700,61,500,700,29,220,576,69,300,1,3,3,15,3,1,1,0,0,0,5,27188,13022,40731,2213757,0,1795,53473,4621896,6924502,0,0,0,998,1000,1399,1400,8044201
MPCTASK: EXP,3,96,4795,-134,253,735,264,710,-25,312,-641,-18,-408,1052,700,113,497,700,30,68,840,69,300,1,3,3,15,3,1,1,0,0,0,5,24799,10403,35901,1768339,0,15626,82622,4215779,6103308,0,0,0,998,1000,1399,1400,8044201
MPCTASK: EXP,3,98,4896,-94,303,732,372,617,-22,445,-463,-9,-279,1109,700,152,473,700,27,165,554,69,300,1,3,3,15,3,1,1,0,0,0,5,25246,10924,36625,1856992,0,1925,54421,4291695,6226259,0,0,0,998,1000,1399,1400,8044201
MPCTASK: EXP,3,100,4994,-39,344,728,456,510,-16,522,-235,-25,-129,1138,700,179,435,700,25,98,669,69,300,1,3,3,15,3,1,1,0,0,0,5,22150,11333,34153,1926566,0,1922,91121,3765387,5806094,0,0,0,998,1000,1399,1400,8044201
MPCTASK: EXP,3,102,5099,10,367,729,480,383,-1,615,43,-33,27,1137,700,165,378,700,29,103,688,69,300,1,3,3,15,3,1,1,0,0,0,5,27828,11273,39774,1916333,0,1795,92047,4730731,6761723,0,0,0,998,1000,1399,1400,8044201
MPCTASK: EXP,3,104,5197,62,382,729,461,249,-9,677,312,-52,176,1108,700,148,311,700,27,107,729,69,300,1,3,3,15,3,1,1,0,0,0,5,25099,10994,37732,1868821,0,2017,109445,4266799,6414532,0,0,0,998,1000,1399,1400,8044201
MPCTASK: EXP,3,106,5296,102,392,731,381,116,-9,713,573,-77,301,1049,700,108,248,700,29,122,707,69,300,1,3,3,15,3,1,1,0,0,0,5,24459,11082,36949,1883749,0,1795,118962,4158063,6281502,0,0,0,998,1000,1399,1400,8044201
MPCTASK: EXP,3,108,5394,137,388,732,271,-20,-11,779,750,-99,391,964,700,68,163,700,30,177,609,69,300,1,3,3,15,3,1,1,0,0,0,5,22301,11407,34737,1939146,0,1802,23461,3791071,5905303,0,0,0,998,1000,1399,1400,8044201
MPCTASK: EXP,3,110,5495,155,371,730,130,-162,-32,790,855,-100,437,854,700,-10,76,700,24,246,588,69,300,1,3,3,15,3,1,1,0,0,0,5,24618,10339,35702,1757494,0,1795,104518,4185015,6069427,0,0,0,997,1000,1399,1400,8044201
MPCTASK: EXP,3,112,5597,156,338,727,-26,-312,-36,784,867,-103,434,721,700,-55,-19,700,20,215,615,69,300,1,3,3,15,3,1,1,0,0,0,5,25425,10788,37889,1833892,0,32759,144996,4322251,6441151,0,0,0,997,1000,1399,1400,8044201
MPCTASK: EXP,3,114,5696,149,303,721,-165,-434,-38,736,853,-113,383,569,700,-111,-101,700,13,207,629,69,300,1,3,3,15,3,1,1,0,0,0,5,24593,11369,37178,1932789,0,2064,60099,4180715,6320344,0,0,0,997,1000,1399,1400,8044201
MPCTASK: EXP,3,116,5800,121,239,717,-328,-583,-16,641,734,-93,289,402,700,-160,-216,700,13,61,936,69,300,1,3,3,15,3,1,1,0,0,0,5,23998,14129,40768,2401934,0,1796,402181,4079656,6930730,0,0,0,996,1000,1399,1400,8044201
MPCTASK: EXP,3,118,5900,82,180,715,-444,-682,9,528,524,-50,160,224,700,-189,-295,700,15,34,813,69,300,1,3,3,15,3,1,1,0,0,0,5,27421,13021,40830,2213568,0,1928,42936,4661639,6941272,0,0,0,995,1000,1399,1400,8044201
MPCTASK: EXP,3,120,5999,31,117,712,-522,-755,12,417,306,0,9,40,700,-204,-363,700,12,1,858,69,300,1,3,3,15,3,1,1,0,0,0,5,26415,12200,39943,2073937,0,1967,116296,4490495,6790407,0,0,0,994,1000,1399,1400,8044201
MPCTASK: EXP,3,122,6099,-18,64,716,-548,-792,37,351,15,43,-147,-146,700,-212,-419,700,16,68,655,69,300,1,3,3,15,3,1,1,0,0,0,5,26767,11934,39335,2028711,0,1796,84925,4550413,6686989,0,0,0,994,1000,1399,1400,8044201
MPCTASK: EXP,3,124,6199,-78,-13,723,-524,-830,43,239,-303,65,-295,-331,700,-200,-485,700,23,111,525,69,300,1,3,3,15,3,1,1,0,0,0,5,27402,9600,39041,1631941,0,1796,176353,4658187,6637262,0,0,0,995,1000,1399,1400,8044201
MPCTASK: EXP,3,126,6297,-123,-84,730,-447,-841,28,152,-558,87,-421,-509,700,-170,-533,700,30,112,613,69,300,1,3,3,15,3,1,1,0,0,0,5,26620,11060,38108,1880187,0,1802,49324,4525291,6478448,0,0,0,996,1000,1399,1400,8044201
MPCTASK: EXP,3,128,6395,-155,-153,735,-332,-838,7,95,-732,120,-511,-675,700,-125,-587,700,35,160,621,69,300,1,3,3,15,3,1,1,0,0,0,5,25076,10426,36094,1772453,0,1834,77624,4262879,6136107,0,0,0,996,1000,1399,1400,8044201
MPCTASK: EXP,3,130,6499,-166,-217,739,-184,-815,-14,2,-813,127,-557,-826,700,-29,-608,700,36,244,596,69,300,1,3,3,15,3,1,1,0,0,0,5,26800,11496,39358,1954244,0,1796,158556,4555916,6690939,0,0,0,997,1000,1399,1400,8044201
MPCTASK: EXP,3,132,6595,-161,-278,738,-25,-780,-34,-43,-854,122,-554,-958,700,5,-623,700,32,192,691,69,300,1,3,3,15,3,1,1,0,0,0,5,22853,11246,35781,1911769,0,1802,174469,3884919,6082841,0,0,0,997,1000,1399,1400,8044201
MPCTASK: EXP,3,134,6694,-150,-332,737,113,-744,-32,-128,-805,134,-503,-1067,700,73,-622,700,30,157,746,69,300,1,3,3,15,3,1,1,0,0,0,5,22881,11335,35025,1926955,0,1795,114864,3889572,5954351,0,0,0,998,1000,1399,1400,8044201
MPCTASK: EXP,3,136,6799,-118,-379,733,264,-669,-35,-287,-720,167,-408,-1152,700,124,-600,700,26,110,809,69,300,1,3,3,15,3,1,1,0,0,0,5,26585,11083,38692,1884036,0,1795,117474,4519392,6577622,0,0,0,998,1000,1399,1400,8044201
MPCTASK: EXP,3,138,6896,-81,-436,728,382,-580,-34,-439,-491,231,-279,-1209,700,152,-587,700,21,102,662,69,300,1,3,3,15,3,1,1,0,0,0,5,21518,12358,35142,2100714,0,1795,192043,3658127,5974079,0,0,0,998,1000,1399,1400,8044201
MPCTASK: EXP,3,140,6996,-32,-473,726,455,-466,-20,-571,-243,266,-129,-1238,700,164,-535,700,22,26,890,69,300,1,3,3,15,3,1,1,0,0,0,5,23087,12028,35935,2044677,0,1795,67331,3924723,6108969,0,0,0,998,1000,1399,1400,8044201
MPCTASK: EXP,3,142,7096,17,-490,722,474,-326,-21,-653,64,283,27,-1237,700,160,-472,700,18,56,885,69,300,1,3,3,15,3,1,1,0,0,0,5,24369,10898,35781,1852610,0,1795,23151,4142579,6082918,0,0,0,998,1000,1399,1400,8044201
MPCTASK: EXP,3,144,7198,64,-498,721,449,-197,-11,-723,306,275,176,-1207,700,143,-402,700,19,34,976,69,300,1,3,3,15,3,1,1,0,0,0,5,24943,12065,37847,2050979,0,1795,96880,4240323,6434031,0,0,0,998,1000,1399,1400,8044201
MPCTASK: EXP,3,146,7295,104,-502,724,354,-47,-5,-759,560,246,301,-1149,700,103,-328,700,23,168,614,69,300,1,3,3,15,3,1,1,0,0,0,5,22291,10330,33781,1755981,0,1795,151252,3789391,5742771,0,0,0,998,1000,1399,1400,8044201
MPCTASK: EXP,3,148,7402,126,-486,723,232,98,-22,-749,708,196,391,-1064,700,45,-233,700,19,202,587,69,300,1,3,3,15,3,1,1,0,0,0,5,26868,12851,40864,2184503,0,1977,71244,4567403,6946988,0,0,0,998,1000,1399,1400,8044201
MPCTASK: EXP,3,150,7499,133,-458,722,88,240,-25,-734,768,135,437,-953,700,-44,-136,700,17,220,593,69,300,1,3,3,15,3,1,1,0,0,0,5,25577,12001,38638,2040118,0,2206,24314,4348023,6568535,0,0,0,998,1000,1399,1400,8044201
MPCTASK: EXP,3,152,7597,123,-419,717,-50,372,-34,-694,735,77,434,-821,700,-100,-46,700,10,209,586,69,300,1,3,3,15,3,1,1,0,0,0,5,23708,12129,36893,2061793,0,1796,134521,4030352,6271885,0,0,0,997,1000,1399,1400,8044201
MPCTASK: EXP,3,154,7700,97,-375,712,-202,493,-22,-626,738,24,383,-669,700,-164,55,700,7,173,610,69,300,1,3,3,15,3,1,1,0,0,0,5,27742,11056,39770,1879475,0,1959,78891,4716059,6761010,0,0,0,997,1000,1399,1400,8044201
MPCTASK: EXP,3,156,7801,60,-319,708,-339,601,-11,-563,618,-11,289,-502,700,-228,136,700,6,145,597,69,300,1,3,3,15,3,1,1,0,0,0,5,26086,13409,40575,2279441,0,2259,127598,4434434,6897969,0,0,0,997,1000,1399,1400,8044201
MPCTASK: EXP,3,158,7899,20,-254,708,-438,692,2,-445,498,-27,160,-324,700,-257,236,700,8,130,570,69,300,1,3,3,15,3,1,1,0,0,0,5,26944,11183,38889,1900977,0,1795,73289,4580395,6611202,0,0,0,996,1000,1399,1400,8044201
MPCTASK: EXP,3,160,8001,-31,-178,708,-516,768,10,-376,277,-52,9,-140,700,-283,305,700,8,78,650,69,300,1,3,3,15,3,1,1,0,0,0,5,27600,11255,39757,1913322,0,1802,129689,4691891,6758993,0,0,0,994,1000,1399,1400,8044201
MPCTASK: EXP,3,162,8099,-82,-109,710,-540,809,28,-247,22,-86,-147,46,700,-272,364,700,10,35,796,69,300,1,3,3,15,3,1,1,0,0,0,5,25979,11262,38003,1914519,0,2137,105825,4416335,6460635,0,0,0,994,1000,1399,1400,8044201
MPCTASK: EXP,3,164,8198,-133,-30,713,-519,838,29,-146,-259,-93,-295,231,700,-248,436,700,13,71,648,69,300,1,3,3,15,3,1,1,0,0,0,5,25633,10979,37410,1866431,0,1802,24305,4357387,6359773,0,0,0,995,1000,1399,1400,8044201
MPCTASK: EXP,3,166,8292,-171,42,718,-439,836,29,-54,-516,-95,-421,409,700,-213,470,700,18,73,687,69,300,1,3,3,15,3,1,1,0,0,0,5,21919,10058,32516,1709864,0,1796,23579,3726075,5527808,0,0,0,996,1000,1399,1400,8044201
MPCTASK: EXP,3,168,8395,-204,113,724,-329,818,17,13,-704,-98,-511,575,700,-171,523,700,24,121,682,69,300,1,3,3,15,3,1,1,0,0,0,5,23248,10505,34660,1785846,0,1795,89587,3952015,5892464,0,0,0,996,1000,1399,1400,8044201
MPCTASK: EXP,3,170,8501,-225,176,729,-194,779,0,108,-821,-102,-557,726,700,-117,530,700,29,223,586,69,300,1,3,3,15,3,1,1,0,0,0,5,27967,11957,40359,2032526,0,1795,23151,4754251,6861050,0,0,0,997,1000,1399,1400,8044201
MPCTASK: EXP,3,172,8600,-227,239,728,-38,737,-24,141,-851,-102,-554,858,700,-36,544,700,23,184,690,69,300,1,3,3,15,3,1,1,0,0,0,5,26710,11305,40013,1921870,0,1978,316660,4540615,6802274,0,0,0,997,1000,1399,1400,8044201
MPCTASK: EXP,3,174,8700,-216,293,722,112,675,-47,260,-789,-96,-503,967,700,8,546,700,13,208,603,69,300,1,3,3,15,3,1,1,0,0,0,5,26111,12718,39502,2162025,0,1802,23151,4438871,6715429,0,0,0,998,1000,1399,1400,8044201
MPCTASK: EXP,3,176,8800,-185,346,717,264,602,-34,352,-692,-87,-408,1052,700,71,529,700,10,121,741,69,300,1,3,3,15,3,1,1,0,0,0,5,26752,11553,38583,1963842,0,1795,23151,4547770,6559288,0,0,0,998,1000,1399,1400,8044201
MPCTASK: EXP,3,178,8901,-145,382,712,383,503,-27,440,-507,-81,-279,1109,700,111,502,700,6,112,633,69,300,1,3,3,15,3,1,1,0,0,0,5,26124,12445,39150,2115579,0,1813,75275,4441084,6655499,0,0,0,998,1000,1399,1400,8044201
MPCTASK: EXP,3,180,8996,-89,408,709,473,388,-15,518,-269,-89,-129,1138,700,134,445,700,6,23,878,69,300,1,3,3,15,3,1,1,0,0,0,5,21764,11999,34297,2039710,0,1795,67253,3699709,5830599,0,0,0,998,1000,1399,1400,8044201
MPCTASK: EXP,3,182,9097,-39,428,711,498,273,5,579,-2,-95,27,1137,700,143,399,700,11,77,732,69,300,1,3,3,15,3,1,1,0,0,0,5,23963,10562,35230,1795476,0,1795,74862,4073635,5989174,0,0,0,998,1000,1399,1400,8044201
MPCTASK: EXP,3,184,9198,13,434,714,483,147,15,621,261,-97,176,1108,700,131,321,700,14,128,615,69,300,1,3,3,15,3,1,1,0,0,0,5,25114,10304,36139,1751736,0,1796,100178,4269169,6143705,0,0,0,998,1000,1399,1400,8044201
MPCTASK: EXP,3,186,9296,48,431,717,406,25,7,658,498,-79,301,1050,700,84,267,700,17,125,641,69,300,1,3,3,15,3,1,1,0,0,0,5,22776,11125,34781,1803298,0,1795,77029,3871776,5912759,0,0,0,998,1000,1399,1400,8044201
MPCTASK: EXP,3,188,9396,86,413,718,314,-108,-9,669,641,-66,390,965,700,58,158,700,16,134,640,69,300,1,3,3,15,3,1,1,0,0,0,5,23369,10576,34581,1797950,0,1796,85182,3972667,5878901,0,0,0,998,1000,1399,1400,8044201
MPCTASK: EXP,3,190,9500,102,389,718,179,-231,-16,668,745,-43,436,855,700,-18,102,700,15,217,607,69,300,1,3,3,15,3,1,1,0,0,0,5,25474,11788,38092,2003765,0,19697,77659,4330451,6475764,0,0,0,998,1000,1399,1400,8044201
MPCTASK: EXP,3,192,9598,106,352,714,37,-359,-35,647,813,-24,433,723,700,-75,-17,700,7,184,649,69,300,1,3,3,15,3,1,1,0,0,0,5,25889,10094,36808,1716008,0,1803,84902,4401023,6257580,0,0,0,998,1000,1399,1400,8044201
MPCTASK: EXP,3,194,9699,100,303,709,-108,-480,-31,633,804,-7,381,572,700,-125,-110,700,2,220,592,69,300,1,3,3,15,3,1,1,0,0,0,5,25924,10894,37250,1851859,0,1802,23693,4406859,6332897,0,0,0,997,1000,1399,1400,8044201
MPCTASK: EXP,3,196,9799,72,244,704,-262,-598,-21,561,759,8,287,405,700,-179,-210,700,0,138,716,69,300,1,3,3,15,3,1,1,0,0,0,5,26341,11493,38412,1953777,0,1795,76185,4477992,6530207,0,0,0,997,1000,1399,1400,8044201
MPCTASK: EXP,3,198,9900,33,184,699,-390,-687,-9,483,552,25,158,226,700,-216,-293,700,-2,65,773,69,300,1,3,3,15,3,1,1,0,0,0,5,25657,10524,37669,1788857,0,1795,139005,4361575,6403949,0,0,0,996,1000,1399,1400,8044201
MPCTASK: EXP,3,200,9999,-14,114,696,-476,-765,4,404,310,34,9,41,700,-241,-374,700,-3,69,692,69,300,1,3,3,15,3,1,1,0,0,0,5,27528,9622,37833,1635684,0,1795,78390,4679679,6431678,0,0,0,995,1000,1399,1400,8044201
MPCTASK: EXP,3,202,10099,-66,49,700,-510,-805,42,277,35,58,-145,-148,700,-241,-429,700,0,29,799,69,300,1,3,3,15,3,1,1,0,0,0,5,26468,10984,38053,1867176,0,1795,23151,4499619,6469118,0,0,0,995,1000,1399,1400,8044201
MPCTASK: EXP,3,204,10199,-120,-23,707,-498,-835,47,247,-246,103,-291,-335,700,-232,-489,700,7,60,679,69,300,1,3,3,15,3,1,1,0,0,0,5,26439,10934,37882,1858583,0,1795,23151,4494483,6439985,0,0,0,996,1000,1399,1400,8044201
MPCTASK: EXP,3,206,10302,-166,-97,713,-432,-848,28,121,-503,144,-414,-517,700,-211,-536,700,13,63,712,69,300,1,3,3,15,3,1,1,0,0,0,5,27749,11258,39798,1913826,0,2099,111040,4717351,6765952,0,0,0,996,1000,1399,1400,8044201
MPCTASK: EXP,3,208,10399,-201,-176,718,-327,-850,11,42,-710,171,-500,-688,700,-176,-586,700,18,145,634,69,300,1,3,3,15,3,1,1,0,0,0,5,26304,11054,37836,1878997,0,1917,58318,4471527,6432159,0,0,0,997,1000,1399,1400,8044201
MPCTASK: EXP,3,210,10497,-219,-246,721,-191,-818,-9,-121,-805,185,-542,-843,700,-138,-596,700,19,180,633,69,300,1,3,3,15,3,1,1,0,0,0,5,23818,10695,35712,1817996,0,1795,81036,4048991,6071107,0,0,0,997,1000,1399,1400,8044201
MPCTASK: EXP,3,212,10600,-228,-316,721,-52,-773,-35,-227,-810,189,-537,-977,700,-81,-601,700,13,131,850,69,300,1,3,3,15,3,1,1,0,0,0,5,25944,11227,37810,1908487,0,1796,46388,4410395,6427784,0,0,0,998,1000,1399,1400,8044201
MPCTASK: EXP,3,214,10701,-222,-376,716,86,-696,-44,-378,-750,182,-487,-1086,700,-60,-584,700,7,108,872,69,300,1,3,3,15,3,1,1,0,0,0,5,26414,10743,37988,1826152,0,52010,68552,4490175,6458050,0,0,0,998,1000,1399,1400,8044201
MPCTASK: EXP,3,216,10800,-208,-428,716,203,-593,-26,-548,-634,178,-398,-1164,699,-24,-539,699,10,69,829,69,300,1,3,3,15,3,1,1,0,0,0,5,24302,11827,36834,2010398,0,1795,96751,4131216,6261913,0,0,0,998,1000,1399,1400,8044201
MPCTASK: EXP,3,218,10901,-181,-469,712,297,-465,-27,-671,-436,180,-282,-1207,699,-10,-492,699,6,75,864,69,300,1,3,3,15,3,1,1,0,0,0,5,27589,10858,38726,1845761,0,1979,24000,4690163,6583566,0,0,0,998,1000,1399,1400,8044201
MPCTASK: EXP,3,220,11001,-151,-498,709,349,-319,-23,-795,-220,189,-153,-1211,699,-7,-432,699,4,28,1153,69,300,1,3,3,15,3,1,1,0,0,0,5,26035,11787,38773,2003805,0,1795,118804,4425935,6591530,0,0,0,998,1000,1399,1400,8044201
MPCTASK: EXP,3,222,11095,-116,-510,706,361,-157,-23,-852,8,202,-28,-1173,699,-6,-381,699,1,15,1286,69,300,1,3,3,15,3,1,1,0,0,0,5,22462,8524,32020,1448999,0,1807,23460,3818335,5443833,0,0,0,998,1000,1399,1400,8044201
MPCTASK: EXP,3,224,11201,-85,-508,706,331,6,-10,-859,189,213,77,-1093,699,3,-321,699,4,122,895,69,300,1,3,3,15,3,1,1,0,0,0,5,25042,12239,38125,2080623,0,1795,50388,4257161,6481448,0,0,0,998,1000,1399,1400,8044201
MPCTASK: EXP,3,226,11297,-55,-486,705,281,166,-12,-754,321,214,150,-974,700,6,-263,700,2,129,730,69,300,1,3,3,15,3,1,1,0,0,0,5,22959,11834,35062,2011686,0,1795,23151,3902875,5960595,0,0,0,998,1000,1399,1400,8044201
MPCTASK: EXP,3,228,11400,-39,-454,705,204,296,0,-591,360,207,184,-822,700,-9,-219,700,5,95,690,69,300,1,3,3,15,3,1,1,0,0,0,5,24975,11353,37427,1930005,0,1796,139917,4245711,6362663,0,0,0,998,1000,1399,1400,8044201
MPCTASK: EXP,3,230,11502,-35,-410,702,123,396,-9,-391,319,190,177,-649,700,-17,-183,700,0,57,748,69,300,1,3,3,15,3,1,1,0,0,0,5,27678,10909,38855,1854436,0,1795,23151,4705275,6704591,0,0,0,997,1000,1399,1400,8044201
MPCTASK: EXP,3,232,11598,-36,-367,701,56,445,0,-160,257,167,136,-470,700,-27,-152,700,1,56,742,69,300,1,3,3,15,3,1,1,0,0,0,5,24732,10242,36022,1741111,0,1796,155728,4204271,6123923,0,0,0,996,1000,1399,1400,8044201
MPCTASK: EXP,3,234,11699,-47,-318,702,0,458,6,63,132,147,75,-305,700,-64,-87,700,2,85,609,69,300,1,3,3,15,3,1,1,0,0,0,5,23888,12065,36802,2050863,0,1795,73833,4060739,6256298,0,0,0,995,1000,1399,1400,8044201
MPCTASK: EXP,3,236,11802,-54,-276,704,-24,432,9,152,64,140,11,-172,700,-87,-35,700,4,197,899,69,300,1,3,3,15,3,1,1,0,0,0,5,27115,11093,38771,1885820,0,1795,72744,4609519,6591492,0,0,0,995,1000,1399,1400,8044201
MPCTASK: EXP,3,238,11900,-64,-242,706,-41,395,14,132,30,135,-35,-88,700,-144,48,700,6,161,575,69,300,1,3,3,15,3,1,1,0,0,0,5,24789,12118,37764,2059990,0,1795,123664,4214156,6420082,0,0,0,994,1000,1399,1400,8044201
MPCTASK: EXP,3,240,11995,-71,-209,709,-53,378,19,-83,99,137,-57,-53,700,-162,144,700,9,65,712,69,300,1,3,3,15,3,1,1,0,0,0,5,22820,10069,33281,1711617,0,1902,44240,3879283,5657931,0,0,0,994,1000,1399,1400,8044201
MPCTASK: EXP,3,242,12101,-74,-182,712,-73,393,12,-351,194,157,-59,-49,700,-163,214,700,12,39,779,69,300,1,3,3,15,3,1,1,0,0,0,5,25696,12531,38789,2130270,0,50926,23151,4368255,6594363,0,0,0,994,1000,1399,1400,8044201
MPCTASK: EXP,3,244,12202,-91,-150,714,-122,453,1,-579,212,170,-64,-42,700,-158,254,700,14,139,588,69,300,1,3,3,15,3,1,1,0,0,0,5,24279,11901,37757,2023075,0,1795,89291,4127375,6419045,0,0,0,993,1000,1399,1400,8044201
MPCTASK: EXP,3,246,12302,-113,-108,713,-163,547,-18,-643,86,156,-89,3,700,-142,326,700,9,103,733,69,300,1,3,3,15,3,1,1,0,0,0,5,28423,9993,38680,1698664,0,1795,23151,4831699,6575778,0,0,0,993,1000,1399,1400,8044201
MPCTASK: EXP,3,248,12400,-134,-60,712,-170,634,-22,-576,-121,124,-136,102,700,-115,374,700,8,97,712,69,300,1,3,3,15,3,1,1,0,0,0,5,24186,11223,36372,1907843,0,1802,114224,4046128,6183572,0,0,0,994,1000,1399,1400,8044201
MPCTASK: EXP,3,250,12498,-162,-5,706,-152,704,-31,-400,-324,73,-192,247,700,-90,400,700,0,39,842,69,300,1,3,3,15,3,1,1,0,0,0,5,23635,10602,35246,1802291,0,1802,108043,4017838,5991901,0,0,0,995,1000,1399,1400,8044201
MPCTASK: EXP,3,252,12603,-176,51,702,-80,742,-21,-270,-535,26,-239,421,700,-43,434,700,-1,43,853,69,300,1,3,3,15,3,1,1,0,0,0,5,26313,11740,38960,1995747,0,1795,80763,4473044,6623158,0,0,0,996,1000,1399,1400,8044201
MPCTASK: EXP,3,254,12700,-183,125,705,16,769,4,-71,-663,-2,-260,603,700,-11,475,700,5,68,820,69,300,1,3,3,15,3,1,1,0,0,0,5,26192,9613,36889,1634097,0,1952,161407,4452463,6271242,0,0,0,997,1000,1399,1400,8044201
MPCTASK: EXP,3,256,12804,-180,179,706,126,732,0,114,-688,-27,-245,772,700,27,474,700,6,181,593,69,300,1,3,3,15,3,1,1,0,0,0,5,28136,11444,40486,1945443,0,1938,128810,4783040,6882616,0,0,0,997,1000,1399,1400,8044201
MPCTASK: EXP,3,258,12902,-166,238,706,237,682,-1,246,-653,-69,-191,915,699,62,462,699,6,85,768,69,300,1,3,3,15,3,1,1,0,0,0,5,26323,11781,38751,2002596,0,1795,23458,4474911,6587743,0,0,0,998,1000,1399,1400,8044201
MPCTASK: EXP,3,260,12998,-134,289,706,341,607,0,390,-499,-125,-102,1021,699,79,450,699,6,56,762,69,300,1,3,3,15,3,1,1,0,0,0,5,22957,9411,33079,1599920,0,1796,98091,3902627,5799494,0,0,0,998,1000,1399,1400,8044201
MPCTASK: EXP,3,262,13101,-97,335,706,409,508,-7,575,-306,-194,11,1084,699,91,408,699,4,70,772,69,300,1,3,3,15,3,1,1,0,0,0,5,25764,11009,37981,1871460,0,2138,62324,4379859,6456948,0,0,0,998,1000,1399,1400,8044201
MPCTASK: EXP,3,264,13204,-53,360,708,441,370,5,693,-68,-269,134,1103,699,83,345,699,8,4,995,69,300,1,3,3,15,3,1,1,0,0,0,5,27521,11698,40332,1988692,0,1834,83401,4678436,6856587,0,0,0,998,1000,1399,1400,8044201
MPCTASK: EXP,3,266,13303,-2,376,709,436,223,4,794,207,-354,250,1080,699,76,278,699,9,19,1083,69,300,1,3,3,15,3,1,1,0,0,0,5,26163,12047,38725,2047962,0,1795,65423,4447636,6583313,0,0,0,998,1000,1399,1400,8044201
MPCTASK: EXP,3,268,13402,27,377,713,359,68,6,852,424,-393,346,1018,699,41,203,699,13,131,789,69,300,1,3,3,15,3,1,1,0,0,0,5,25318,12890,38474,2191204,0,1795,23151,4304007,6540663,0,0,0,998,1000,1399,1400,8044201
MPCTASK: EXP,3,270,13500,52,363,711,258,-94,-21,873,565,-392,406,922,700,-3,84,700,7,166,729,69,300,1,3,3,15,3,1,1,0,0,0,5,26113,9801,36181,1666129,0,1795,23151,4439159,6151126,0,0,0,998,1000,1399,1400,8044201
MPCTASK: EXP,3,272,13603,67,338,709,135,-244,-25,826,670,-362,424,797,700,-47,20,700,3,187,619,69,300,1,3,3,15,3,1,1,0,0,0,5,26985,11875,39544,2018738,0,2675,92020,4587420,6722509,0,0,0,998,1000,1399,1400,8044201
MPCTASK: EXP,3,274,13704,65,296,703,-4,-396,-34,776,698,-309,395,649,700,-116,-91,700,-3,74,961,69,300,1,3,3,15,3,1,1,0,0,0,5,27433,11724,39819,1992964,0,1802,65124,4663515,6769229,0,0,0,998,1000,1399,1400,8044201
MPCTASK: EXP,3,276,13805,50,248,698,-146,-520,-29,652,713,-261,321,483,700,-158,-172,700,-7,96,842,69,300,1,3,3,15,3,1,1,0,0,0,5,26368,11324,40387,1925153,0,1795,387334,4482567,6865842,0,0,0,997,1000,1399,1400,8044201
MPCTASK: EXP,3,278,13905,20,179,698,-277,-636,-5,516,582,-210,209,304,700,-196,-274,700,-2,53,826,69,300,1,3,3,15,3,1,1,0,0,0,5,27239,11893,40349,2021799,0,1795,63875,4630507,6859414,0,0,0,997,1000,1399,1400,8044201
MPCTASK: EXP,3,280,14003,-12,116,692,-368,-709,-14,393,360,-144,69,118,700,-207,-344,700,-10,37,829,69,300,1,3,3,15,3,1,1,0,0,0,5,26410,11195,38624,1903071,0,2098,108309,4489587,6566163,0,0,0,996,1000,1399,1400,8044201
MPCTASK: EXP,3,282,14108,-63,43,689,-428,-770,6,289,103,-82,-84,-71,700,-216,-423,700,-10,15,884,69,300,1,3,3,15,3,1,1,0,0,0,5,26736,14508,43144,2466244,0,1796,99675,4544979,7334513,0,0,0,995,1000,1399,1400,8044201
MPCTASK: EXP,3,284,14204,-101,-17,693,-416,-786,32,186,-169,-50,-237,-259,700,-193,-470,700,-6,32,829,69,300,1,3,3,15,3,1,1,0,0,0,5,25288,13963,39681,2373679,0,1795,23151,4298983,6745786,0,0,0,996,1000,1399,1400,8044201
MPCTASK: EXP,3,286,14304,-145,-91,698,-373,-800,28,84,-416,-15,-372,-441,700,-167,-523,700,-1,30,791,69,300,1,3,3,15,3,1,1,0,0,0,5,28760,10187,39820,1731590,0,1803,23318,4889099,6769484,0,0,0,996,1000,1399,1400,8044201
MPCTASK: EXP,3,288,14405,-176,-155,705,-279,-782,33,16,-653,30,-477,-613,700,-126,-559,700,5,103,678,69,300,1,3,3,15,3,1,1,0,0,0,5,25757,12450,39756,2116418,0,1796,240547,4378667,6758607,0,0,0,997,1000,1399,1400,8044201
MPCTASK: EXP,3,290,14505,-190,-225,711,-151,-767,10,-35,-780,90,-542,-770,700,-64,-605,700,11,189,598,69,300,1,3,3,15,3,1,1,0,0,0,5,22890,15319,38978,2604114,0,1796,108465,3891200,6626346,0,0,0,997,1000,1399,1400,8044201
MPCTASK: EXP,3,292,14604,-193,-283,713,-11,-727,-19,-94,-814,145,-559,-910,700,-11,-613,700,9,194,618,69,300,1,3,3,15,3,1,1,0,0,0,5,25876,10293,37868,1749793,0,1796,265793,4398847,6437795,0,0,0,998,1000,1399,1400,8044201
MPCTASK: EXP,3,294,14711,-186,-343,710,128,-686,-35,-160,-823,203,-528,-1028,700,56,-624,700,3,153,786,69,300,1,3,3,15,3,1,1,0,0,0,5,30096,13053,44422,2219067,0,1795,193565,5116200,7551716,0,0,0,998,1000,1399,1400,8044201
MPCTASK: EXP,3,296,14809,-159,-395,707,272,-621,-31,-247,-693,225,-450,-1122,700,111,-612,700,1,110,773,69,300,1,3,3,15,3,1,1,0,0,0,5,27099,13298,41424,2260723,0,1796,151722,4606703,7042090,0,0,0,998,1000,1399,1400,8044201
MPCTASK: EXP,3,298,14906,-123,-442,703,387,-546,-21,-353,-576,217,-334,-1190,700,149,-598,700,0,128,618,69,300,1,3,3,15,3,1,1,0,0,0,5,25921,10527,37664,1789473,0,1796,156625,4406420,6402867,0,0,0,998,1000,1399,1400,8044201
MPCTASK: EXP,3,300,15008,-79,-476,702,471,-450,-8,-421,-365,185,-191,-1230,700,163,-559,700,0,63,735,69,300,1,3,3,15,3,1,1,0,0,0,5,27970,10820,39777,1839373,0,1969,24646,4754967,6762147,0,0,0,998,1000,1399,1400,8044201
MPCTASK: EXP,3,302,15107,-31,-501,700,512,-345,-6,-528,-143,135,-35,-1241,700,168,-508,700,-1,30,861,69,300,1,3,3,15,3,1,1,0,0,0,5,25656,11061,38041,1880359,0,1795,132767,4361263,6467166,0,0,0,998,1000,1399,1400,8044201
MPCTASK: EXP,3,304,15207,25,-517,702,519,-229,13,-559,136,98,118,-1223,700,169,-458,700,2,33,833,69,300,1,3,3,15,3,1,1,0,0,0,5,24406,11959,37109,2032834,0,1802,55293,4149063,6308651,0,0,0,998,1000,1399,1400,8044201
MPCTASK: EXP,3,306,15304,68,-529,705,463,-118,19,-629,393,68,254,-1176,700,146,-396,700,5,77,741,69,300,1,3,3,15,3,1,1,0,0,0,5,23415,10292,34439,1749539,0,1970,101640,3980443,5854747,0,0,0,998,1000,1399,1400,8044201
MPCTASK: EXP,3,308,15406,111,-522,713,381,9,32,-676,584,47,360,-1101,700,118,-336,700,13,136,613,69,300,1,3,3,15,3,1,1,0,0,0,5,25451,10405,36491,1768827,0,1796,85466,4326576,6203542,0,0,0,998,1000,1399,1400,8044201
MPCTASK: EXP,3,310,15505,138,-505,711,264,141,-18,-692,702,21,424,-1000,700,63,-208,700,8,190,589,69,300,1,3,3,15,3,1,1,0,0,0,5,24148,11059,35750,1879957,0,1795,69711,4105155,6077502,0,0,0,998,1000,1399,1400,8044201
MPCTASK: EXP,3,312,15610,154,-475,707,130,274,-36,-703,789,2,441,-876,700,-4,-152,700,0,219,593,69,300,1,3,3,15,3,1,1,0,0,0,5,26307,13141,40413,2233862,0,2727,52004,4472079,6870239,0,0,0,998,1000,1399,1400,8044201
MPCTASK: EXP,3,314,15708,153,-435,704,-19,406,-29,-657,837,-16,409,-732,700,-52,-48,700,-1,147,786,69,300,1,3,3,15,3,1,1,0,0,0,5,26926,11591,39377,1970314,0,1795,59039,4577303,6694199,0,0,0,997,1000,1399,1400,8044201
MPCTASK: EXP,3,316,15811,139,-382,698,-174,527,-39,-604,832,-41,331,-571,700,-105,46,700,-9,134,860,69,300,1,3,3,15,3,1,1,0,0,0,5,28285,12303,41406,2091498,0,2676,68075,4808267,7038999,0,0,0,997,1000,1399,1400,8044201
MPCTASK: EXP,3,318,15908,106,-326,695,-320,630,-21,-548,664,-98,215,-397,700,-150,136,700,-8,69,854,69,300,1,3,3,15,3,1,1,0,0,0,5,25203,12950,38669,2201210,0,1795,65462,4284347,6573967,0,0,0,996,1000,1399,1400,8044201
MPCTASK: EXP,3,320,16005,56,-260,689,-437,722,-10,-447,434,-152,71,-214,700,-170,216,700,-12,-12,937,69,300,1,3,3,15,3,1,1,0,0,0,5,23263,11792,35488,2004669,0,1795,23151,3954580,6033111,0,0,0,995,1000,1399,1400,8044201
MPCTASK: EXP,3,322,16111,12,-190,687,-485,786,11,-332,146,-166,-84,-27,700,-173,292,700,-12,25,838,69,300,1,3,3,15,3,1,1,0,0,0,5,28511,11624,41100,1976037,0,1795,130388,4846671,6987012,0,0,0,995,1000,1399,1400,8044201
MPCTASK: EXP,3,324,16210,-42,-115,691,-493,826,35,-219,-153,-168,-238,158,700,-161,353,700,-8,-4,938,69,300,1,3,3,15,3,1,1,0,0,0,5,28060,11997,40588,2039454,0,1795,23540,4770075,6899979,0,0,0,996,1000,1399,1400,8044201
MPCTASK: EXP,3,326,16306,-81,-49,700,-444,837,53,-139,-404,-154,-374,339,700,-132,405,700,0,37,746,69,300,1,3,3,15,3,1,1,0,0,0,5,25002,11193,36989,1902709,0,1795,111685,4250283,6288230,0,0,0,997,1000,1399,1400,8044201
MPCTASK: EXP,3,328,16409,-119,25,706,-337,822,25,-34,-681,-134,-480,510,700,-89,445,700,6,133,632,69,300,1,3,3,15,3,1,1,0,0,0,5,26232,11970,39084,2034893,0,1795,127146,4459291,6644462,0,0,0,997,1000,1399,1400,8044201
MPCTASK: EXP,3,330,16505,-141,86,707,-205,788,-5,42,-793,-107,-544,668,700,-44,460,700,6,159,675,69,300,1,3,3,15,3,1,1,0,0,0,5,23585,11188,35783,1901882,0,1796,87602,4009471,6083224,0,0,0,998,1000,1399,1400,8044201
MPCTASK: EXP,3,332,16612,-149,149,711,-60,753,-9,83,-833,-85,-561,808,700,25,487,700,9,204,603,69,300,1,3,3,15,3,1,1,0,0,0,5,28858,12402,42363,2108273,0,2262,163931,4905768,7201742,0,0,0,998,1000,1399,1400,8044201
MPCTASK: EXP,3,334,16710,-143,195,709,75,701,-30,170,-818,-78,-529,926,700,69,477,700,3,235,600,69,300,1,3,3,15,3,1,1,0,0,0,5,27208,11604,39882,1972567,0,2233,24307,4625255,6780008,0,0,0,998,1000,1399,1400,8044201
MPCTASK: EXP,3,336,16813,-116,255,706,238,639,-33,271,-728,-72,-451,1021,700,121,478,700,0,36,1056,69,300,1,3,3,15,3,1,1,0,0,0,5,29447,12505,42805,2125870,0,2705,23543,5005955,7277015,0,0,0,999,1000,1399,1400,8044201
MPCTASK: EXP,3,338,16913,-80,296,701,359,553,-40,347,-546,-70,-334,1090,700,168,453,700,-6,126,630,69,300,1,3,3,15,3,1,1,0,0,0,5,28118,13245,41979,2251662,0,1957,81428,4779917,7136395,0,0,0,999,1000,1399,1400,8044201
MPCTASK: EXP,3,340,17006,-35,328,696,445,458,-28,415,-322,-69,-191,1130,700,182,421,700,-9,64,760,69,300,1,3,3,15,3,1,1,0,0,0,5,22863,11385,35108,1935473,0,1795,92917,3886623,5968533,0,0,0,999,1000,1399,1400,8044201
MPCTASK: EXP,3,342,17110,13,352,695,486,352,0,493,-70,-76,-35,1141,700,189,374,700,-4,38,819,69,300,1,3,3,15,3,1,1,0,0,0,5,24148,13039,38213,2216497,0,1795,128738,4105059,6496360,0,0,0,999,1000,1399,1400,8044201
MPCTASK: EXP,3,344,17211,65,364,697,481,234,24,551,201,-88,118,1123,700,176,314,700,-2,6,876,69,300,1,3,3,15,3,1,1,0,0,0,5,27821,10409,39454,1769399,0,1795,186045,4729600,6707322,0,0,0,999,1000,1399,1400,8044201
MPCTASK: EXP,3,346,17311,104,367,702,417,114,31,598,428,-99,255,1076,700,153,242,700,2,110,626,69,300,1,3,3,15,3,1,1,0,0,0,5,27077,11804,39622,2006596,0,1963,86922,4602967,6735798,0,0,0,999,1000,1399,1400,8044201
MPCTASK: EXP,3,348,17410,138,361,708,324,-5,15,652,618,-105,360,1001,700,115,182,700,8,130,618,69,300,1,3,3,15,3,1,1,0,0,0,5,25866,11877,38838,2018949,0,45927,65403,4397023,6602479,0,0,0,998,1000,1399,1400,8044201
MPCTASK: EXP,3,350,17510,162,348,710,207,-124,-17,678,738,-97,425,901,700,69,95,700,6,202,594,69,300,1,3,3,15,3,1,1,0,0,0,5,26617,10942,38497,1860044,0,1795,137242,4524843,6544561,0,0,0,998,1000,1399,1400,8044201
MPCTASK: EXP,3,352,17610,173,322,705,69,-250,-51,691,816,-79,441,776,700,-18,0,700,-5,216,611,69,300,1,3,3,15,3,1,1,0,0,0,5,27726,10883,38876,1849889,0,1795,23151,4713241,6609050,0,0,0,998,1000,1399,1400,8044201
MPCTASK: EXP,3,354,17712,170,286,699,-76,-375,-51,656,804,-55,409,632,700,-53,-91,700,-10,213,610,69,300,1,3,3,15,3,1,1,0,0,0,5,25396,13943,40690,2370289,0,1795,166281,4317327,6917484,0,0,0,998,1000,1399,1400,8044201
MPCTASK: EXP,3,356,17811,147,239,692,-233,-496,-35,634,769,-33,331,471,700,-127,-176,700,-14,161,676,69,300,1,3,3,15,3,1,1,0,0,0,5,26338,13359,40277,2270828,0,1796,76236,4477471,6847153,0,0,0,997,1000,1399,1400,8044201
MPCTASK: EXP,3,358,17911,118,184,691,-357,-602,0,539,626,-18,215,297,700,-161,-275,700,-8,142,600,69,300,1,3,3,15,3,1,1,0,0,0,5,27129,11451,39614,1946655,0,1961,152155,4611787,6734487,0,0,0,996,1000,1399,1400,8044201
MPCTASK: EXP,3,360,18011,68,120,689,-469,-691,3,461,455,-6,71,114,700,-195,-348,700,-10,34,821,69,300,1,3,3,15,3,1,1,0,0,0,5,25915,12769,39400,2170724,0,1795,23151,4405404,6698179,0,0,0,995,1000,1399,1400,8044201
MPCTASK: EXP,3,362,18111,15,56,690,-532,-754,17,361,211,5,-84,-72,700,-210,-421,700,-9,31,806,69,300,1,3,3,15,3,1,1,0,0,0,5,28086,10961,39554,1863300,0,1795,23151,4774447,6724276,0,0,0,995,1000,1399,1400,8044201
MPCTASK: EXP,3,364,18212,-30,-4,690,-542,-789,21,274,-47,16,-238,-258,700,-203,-465,700,-9,28,825,69,300,1,3,3,15,3,1,1,0,0,0,5,26718,12583,40428,2138904,0,2233,99039,4541964,6872792,0,0,0,996,1000,1399,1400,8044201
MPCTASK: EXP,3,366,18309,-83,-80,697,-498,-813,38,149,-346,30,-374,-439,700,-177,-536,700,-2,71,643,69,300,1,3,3,15,3,1,1,0,0,0,5,23185,12934,36836,2198762,0,1802,88119,3941339,6262326,0,0,0,997,1000,1399,1400,8044201
MPCTASK: EXP,3,368,18410,-121,-151,702,-411,-811,30,45,-562,40,-480,-610,700,-147,-571,700,2,81,686,69,300,1,3,3,15,3,1,1,0,0,0,5,27024,9886,37948,1680501,0,1795,129954,4594055,6451143,0,0,0,997,1000,1399,1400,8044201
MPCTASK: EXP,3,370,18511,-153,-215,708,-296,-789,19,-10,-742,65,-544,-768,700,-99,-613,700,8,174,601,69,300,1,3,3,15,3,1,1,0,0,0,5,28448,10109,39624,1718467,0,1795,159014,4836087,6736256,0,0,0,998,1000,1399,1400,8044201
MPCTASK: EXP,3,372,18610,-170,-277,713,-174,-767,6,-92,-808,93,-561,-908,700,-63,-637,700,13,184,614,69,300,1,3,3,15,3,1,1,0,0,0,5,24881,12925,38643,2197269,0,1795,118699,4229735,6569393,0,0,0,998,1000,1399,1400,8044201
MPCTASK: EXP,3,374,18711,-175,-341,713,-13,-715,-27,-129,-844,135,-529,-1026,700,19,-631,700,7,205,625,69,300,1,3,3,15,3,1,1,0,0,0,5,25393,11405,38137,1938836,0,1795,141585,4316719,6502762,0,0,0,998,1000,1399,1400,8044201
MPCTASK: EXP,3,376,18816,-166,-400,706,128,-665,-52,-244,-788,162,-451,-1121,700,47,-640,700,-3,192,647,69,300,1,3,3,15,3,1,1,0,0,0,5,30750,12326,43803,2095423,0,2131,99682,5227531,7446762,0,0,0,998,1000,1399,1400,8044201
MPCTASK: EXP,3,378,18909,-139,-442,701,272,-579,-39,-341,-717,166,-334,-1189,700,104,-605,700,-5,109,817,69,300,1,3,3,15,3,1,1,0,0,0,5,24739,12079,37336,2053397,0,1795,65451,4205395,6347248,0,0,0,998,1000,1399,1400,8044201
MPCTASK: EXP,3,380,19015,-100,-487,700,387,-493,-21,-452,-517,170,-191,-1230,700,134,-591,700,-3,88,699,69,300,1,3,3,15,3,1,1,0,0,0,5,28790,11650,41405,1980371,0,2106,73243,4894379,7038949,0,0,0,998,1000,1399,1400,8044201
MPCTASK: EXP,3,382,19112,-59,-517,700,453,-383,-4,-536,-260,155,-35,-1241,700,138,-534,700,0,52,802,69,300,1,3,3,15,3,1,1,0,0,0,5,26239,11250,38497,1912325,0,19031,24706,4460615,6544527,0,0,0,998,1000,1399,1400,8044201
MPCTASK: EXP,3,384,19216,-12,-531,700,475,-255,3,-622,18,140,118,-1223,700,131,-468,700,0,24,907,69,300,1,3,3,15,3,1,1,0,0,0,5,27291,14962,42793,2543591,0,1795,48642,4639307,7274828,0,0,0,998,1000,1399,1400,8044201
MPCTASK: EXP,3,386,19311,31,-543,703,445,-136,11,-656,275,142,255,-1176,700,111,-428,700,3,86,745,69,300,1,3,3,15,3,1,1,0,0,0,5,22563,13332,38116,2266356,0,1795,354464,3835727,6479783,0,0,0,998,1000,1399,1400,8044201
MPCTASK: EXP,3,388,19411,72,-543,707,376,-7,9,-713,497,159,360,-1101,700,91,-335,700,7,120,685,69,300,1,3,3,15,3,1,1,0,0,0,5,23942,12862,37519,2186613,0,1795,98799,4069971,6378408,0,0,0,998,1000,1399,1400,8044201
MPCTASK: EXP,3,390,19511,98,-529,708,269,123,-14,-759,633,149,425,-1000,700,35,-268,700,5,190,593,69,300,1,3,3,15,3,1,1,0,0,0,5,24932,12045,37810,2047616,0,1795,118759,4238395,6427875,0,0,0,998,1000,1399,1400,8044201
MPCTASK: EXP,3,392,19611,112,-504,706,138,261,-25,-748,755,131,441,-876,700,-29,-165,700,1,221,612,69,300,1,3,3,15,3,1,1,0,0,0,5,25805,11780,37851,2002518,0,1795,23151,4386647,6434895,0,0,0,998,1000,1399,1400,8044201
MPCTASK: EXP,3,394,19714,107,-474,702,-1,378,-36,-753,807,97,409,-732,700,-86,-82,700,-4,203,606,69,300,1,3,3,15,3,1,1,0,0,0,5,28082,11262,40265,1914466,0,2217,131741,4773847,6845139,0,0,0,998,1000,1399,1400,8044201
MPCTASK: EXP,3,396,19813,82,-421,697,-179,521,-33,-669,771,29,331,-571,700,-155,18,700,-9,115,831,69,300,1,3,3,15,3,1,1,0,0,0,5,27373,11125,39097,1891280,0,1920,78782,4653291,6646501,0,0,0,997,1000,1399,1400,8044201
MPCTASK: EXP,3,398,19913,49,-363,693,-314,635,-18,-617,622,-31,215,-397,700,-199,111,700,-9,73,803,69,300,1,3,3,15,3,1,1,0,0,0,5,26851,11776,39784,2001798,0,1928,173942,4564531,6763396,0,0,0,996,1000,1399,1400,8044201
MPCTASK: EXP,3,400,20012,4,-294,688,-418,737,-11,-479,404,-88,71,-214,700,-219,202,700,-13,25,874,69,300,1,3,3,15,3,1,1,0,0,0,5,27528,10263,38673,1744598,0,1795,127998,4679615,6574485,0,0,0,996,1000,1399,1400,8044201
MPCTASK: EXP,3,402,20111,-38,-231,684,-470,800,1,-408,173,-126,-84,-27,700,-227,275,700,-15,41,795,69,300,1,3,3,15,3,1,1,0,0,0,5,24517,12107,37506,2058008,0,1795,112173,4167763,6376193,0,0,0,996,1000,1399,1400,8044201
MPCTASK: EXP,3,404,20214,-86,-143,689,-467,862,46,-284,-150,-140,-238,158,700,-216,359,700,-10,69,637,69,300,1,3,3,15,3,1,1,0,0,0,5,28089,11970,40470,2034759,0,1795,47951,4775015,6879991,0,0,0,996,1000,1399,1400,8044201
MPCTASK: EXP,3,406,20311,-131,-77,692,-422,870,36,-190,-374,-146,-374,339,700,-194,407,700,-7,103,558,69,300,1,3,3,15,3,1,1,0,0,0,5,24491,12028,37242,2044571,0,1795,66983,4163456,6331249,0,0,0,997,1000,1399,1400,8044201
MPCTASK: EXP,3,408,20410,-171,-4,702,-343,871,51,-98,-607,-123,-480,510,700,-159,452,700,2,96,653,69,300,1,3,3,15,3,1,1,0,0,0,5,26075,10020,36506,1703376,0,1795,47528,4432675,6206125,0,0,0,997,1000,1399,1400,8044201
MPCTASK: EXP,3,410,20511,-195,57,709,-241,853,30,-25,-725,-104,-544,668,700,-112,481,700,9,129,664,69,300,1,3,3,15,3,1,1,0,0,0,5,25983,10896,37702,1852225,0,1795,117134,4417023,6409522,0,0,0,998,1000,1399,1400,8044201
MPCTASK: EXP,3,412,20611,-214,131,713,-99,816,-6,89,-862,-93,-561,808,700,-50,506,700,11,196,634,69,300,1,3,3,15,3,1,1,0,0,0,5,26780,9440,36990,1604749,0,63358,23324,4552599,6288481,0,0,0,998,1000,1399,1400,8044201
MPCTASK: EXP,3,414,20710,-211,186,712,52,754,-37,194,-854,-85,-529,926,700,-13,498,700,4,201,662,69,300,1,3,3,15,3,1,1,0,0,0,5,23775,12509,36853,2126551,0,1798,23320,4041731,6265086,0,0,0,998,1000,1399,1400,8044201
MPCTASK: EXP,3,416,20812,-193,247,709,203,694,-31,269,-783,-78,-450,1021,700,48,491,700,3,94,939,69,300,1,3,3,15,3,1,1,0,0,0,5,26610,11281,39068,1917752,0,1795,135296,4523587,6641506,0,0,0,999,1000,1399,1400,8044201
MPCTASK: EXP,3,418,20912,-163,284,704,325,607,-33,385,-628,-69,-334,1089,700,84,460,700,-2,77,829,69,300,1,3,3,15,3,1,1,0,0,0,5,25827,12785,39326,2173520,0,1926,75191,4390546,6685420,0,0,0,999,1000,1399,1400,8044201
MPCTASK: EXP,3,420,21012,-118,322,700,426,503,-27,479,-380,-64,-191,1130,700,109,425,700,-5,73,749,69,300,1,3,3,15,3,1,1,0,0,0,5,27069,9921,37698,1686537,0,1795,97544,4601651,6432262,0,0,0,999,1000,1399,1400,8044201
MPCTASK: EXP,3,422,21112,-70,351,698,477,388,-10,547,-123,-62,-34,1141,700,119,376,700,-3,53,815,69,300,1,3,3,15,3,1,1,0,0,0,5,26723,11316,38931,1923742,0,1803,62525,4542851,6618228,0,0,0,999,1000,1399,1400,8044201
MPCTASK: EXP,3,424,21212,-13,374,697,488,274,-3,606,166,-73,118,1123,700,116,332,700,-2,27,905,69,300,1,3,3,15,3,1,1,0,0,0,5,24381,13208,38464,2245346,0,2703,24014,4144819,6539019,0,0,0,999,1000,1399,1400,8044201
MPCTASK: EXP,3,426,21310,34,383,699,438,145,5,658,417,-74,254,1076,700,88,264,700,0,28,916,69,300,1,3,3,15,3,1,1,0,0,0,5,24375,10273,35642,1746476,0,1795,122293,4143615,6059133,0,0,0,999,1000,1399,1400,8044201
MPCTASK: EXP,3,428,21413,85,377,702,364,11,5,691,640,-77,360,1002,700,68,186,700,2,72,814,69,300,1,3,3,15,3,1,1,0,0,0,5,24096,11332,38010,1926342,0,1971,389451,4096288,6461783,0,0,0,999,1000,1399,1400,8044201
MPCTASK: EXP,3,430,21518,111,361,707,235,-120,0,702,792,-64,423,902,700,17,89,700,7,202,598,69,300,1,3,3,15,3,1,1,0,0,0,5,27517,15064,43687,2496276,0,1802,59217,4677863,7426879,0,0,0,998,1000,1399,1400,8044201
MPCTASK: EXP,3,432,21612,121,331,707,85,-253,-25,685,850,-40,440,778,700,-47,16,700,2,235,602,69,300,1,3,3,15,3,1,1,0,0,0,5,26274,10675,37678,1814620,0,1795,23701,4466391,6405375,0,0,0,998,1000,1399,1400,8044201
MPCTASK: EXP,3,434,21712,119,295,700,-66,-379,-57,686,841,-23,407,634,700,-106,-93,700,-11,181,736,69,300,1,3,3,15,3,1,1,0,0,0,5,23304,11493,37134,1953804,0,2247,166463,3961615,6312822,0,0,0,998,1000,1399,1400,8044201
MPCTASK: EXP,3,436,21809,97,247,689,-228,-505,-51,622,809,-2,329,473,700,-163,-174,700,-21,144,822,69,300,1,3,3,15,3,1,1,0,0,0,5,21340,11832,34731,2011353,0,1795,242524,3627725,5904399,0,0,0,997,1000,1399,1400,8044201
MPCTASK: EXP,3,438,21911,68,191,684,-359,-615,-15,555,605,19,213,299,700,-192,-273,700,-18,96,715,69,300,1,3,3,15,3,1,1,0,0,0,5,23409,12269,36577,2085604,0,1795,130560,3979420,6218270,0,0,0,996,1000,1399,1400,8044201
MPCTASK: EXP,3,440,22014,14,121,682,-469,-711,8,434,390,25,70,116,700,-222,-351,700,-17,21,851,69,300,1,3,3,15,3,1,1,0,0,0,5,24412,11192,38538,1902632,0,1802,203330,4149892,6551423,0,0,0,995,1000,1399,1400,8044201
MPCTASK: EXP,3,442,22112,-41,57,684,-524,-767,34,347,115,33,-84,-72,700,-227,-415,700,-15,-14,907,69,300,1,3,3,15,3,1,1,0,0,0,5,23380,10977,37067,1865946,0,1796,179377,3974451,6301575,0,0,0,995,1000,1399,1400,8044201
MPCTASK: EXP,3,444,22212,-92,-8,690,-515,-797,51,236,-193,41,-235,-261,700,-212,-463,700,-9,-9,927,69,300,1,3,3,15,3,1,1,0,0,0,5,25917,9312,36183,1582925,0,1802,93621,4405839,6151121,0,0,0,996,1000,1399,1400,8044201
MPCTASK: EXP,3,446,22313,-135,-74,699,-451,-805,56,123,-479,41,-368,-445,700,-183,-501,700,0,37,755,69,300,1,3,3,15,3,1,1,0,0,0,5,26594,10126,37846,1721251,0,2322,25072,4520839,6433919,0,0,0,997,1000,1399,1400,8044201
MPCTASK: EXP,3,448,22413,-176,-151,709,-357,-809,41,-3,-689,47,-470,-621,700,-158,-540,700,9,58,817,69,300,1,3,3,15,3,1,1,0,0,0,5,23508,13246,37595,2251794,0,1802,96553,3996219,6391126,0,0,0,997,1000,1399,1400,8044201
MPCTASK: EXP,3,450,22515,-201,-214,714,-228,-773,0,-120,-803,54,-531,-783,700,-125,-554,700,14,190,605,69,300,1,3,3,15,3,1,1,0,0,0,5,24842,13372,39425,2273125,0,65824,23322,4222967,6702381,0,0,0,998,1000,1399,1400,8044201
MPCTASK: EXP,3,452,22615,-209,-274,713,-83,-721,-31,-220,-818,53,-545,-926,700,-71,-547,700,7,174,695,69,300,1,3,3,15,3,1,1,0,0,0,5,25310,11177,39174,1900034,0,72622,323816,4302723,6659889,0,0,0,998,1000,1399,1400,8044201
MPCTASK: EXP,3,454,22716,-207,-331,711,58,-654,-31,-345,-777,39,-512,-1046,700,-40,-520,700,4,131,795,69,300,1,3,3,15,3,1,1,0,0,0,5,28769,11101,40392,1887070,0,1795,65398,4890671,6866674,0,0,0,998,1000,1399,1400,8044201
MPCTASK: EXP,3,456,22815,-184,-378,707,195,-561,-37,-474,-614,28,-437,-1137,699,-6,-489,699,0,87,789,69,300,1,3,3,15,3,1,1,0,0,0,5,24964,11690,38821,1987143,0,1802,47687,4243936,6599717,0,0,0,998,1000,1399,1400,8044201
MPCTASK: EXP,3,458,22913,-155,-413,702,293,-445,-30,-588,-405,41,-330,-1195,699,10,-442,699,-3,92,747,69,300,1,3,3,15,3,1,1,0,0,0,5,26835,10098,37460,1716688,0,1802,66503,4561939,6368381,0,0,0,999,1000,1399,1400,8044201
MPCTASK: EXP,3,460,23011,-120,-438,700,348,-312,-10,-685,-165,83,-205,-1214,699,19,-395,699,-1,88,806,69,300,1,3,3,15,3,1,1,0,0,0,5,24588,10612,35970,1804003,0,35066,23710,4179839,6115001,0,0,0,999,1000,1399,1400,8044201
MPCTASK: EXP,3,462,23115,-89,-447,702,350,-166,-1,-718,46,131,-77,-1193,699,18,-338,699,1,102,777,69,300,1,3,3,15,3,1,1,0,0,0,5,25528,12093,39441,2055687,0,1795,285215,4339799,6704940,0,0,0,999,1000,1399,1400,8044201
MPCTASK: EXP,3,464,23215,-59,-448,704,317,-27,3,-744,207,175,38,-1130,699,21,-290,699,4,149,649,69,300,1,3,3,15,3,1,1,0,0,0,5,24322,13091,38780,2225476,0,1795,108172,4134723,6592806,0,0,0,998,1000,1399,1400,8044201
MPCTASK: EXP,3,466,23318,-35,-434,704,262,108,-4,-671,288,202,125,-1026,699,11,-240,699,3,175,590,69,300,1,3,3,15,3,1,1,0,0,0,5,31474,9357,42364,1590522,0,1803,34084,5350583,7201950,0,0,0,998,1000,1399,1400,8044201
MPCTASK: EXP,3,468,23415,-20,-410,703,192,225,-7,-581,358,212,175,-886,700,-1,-203,700,2,154,577,69,300,1,3,3,15,3,1,1,0,0,0,5,25744,12067,40049,2051370,0,1795,358060,4376327,6808293,0,0,0,998,1000,1399,1400,8044201
MPCTASK: EXP,3,470,23514,-17,-375,698,111,325,-25,-422,297,181,184,-720,700,-24,-177,700,-6,122,572,69,300,1,3,3,15,3,1,1,0,0,0,5,24139,13212,38608,2246113,0,1795,132927,4103556,6563426,0,0,0,998,1000,1399,1400,8044201
MPCTASK: EXP,3,472,23617,-18,-332,693,48,394,-15,-209,256,153,156,-541,700,-14,-161,700,-9,85,635,69,300,1,3,3,15,3,1,1,0,0,0,5,25835,13360,40283,2271202,0,1795,119744,4390973,6848135,0,0,0,997,1000,1399,1400,8044201
MPCTASK: EXP,3,474,23711,-25,-290,696,0,414,15,22,132,127,100,-368,700,-24,-128,700,-3,79,624,69,300,1,3,3,15,3,1,1,0,0,0,5,22839,9659,34481,1641819,0,1920,276965,3882515,5861759,0,0,0,996,1000,1399,1400,8044201
MPCTASK: EXP,3,476,23815,-43,-252,699,-39,390,26,206,27,106,35,-220,700,-77,-108,700,0,143,517,69,300,1,3,3,15,3,1,1,0,0,0,5,26295,9659,38846,1641837,0,2094,405858,4470079,6603810,0,0,0,995,1000,1399,1400,8044201
MPCTASK: EXP,3,478,23913,-58,-218,701,-53,346,14,242,-27,85,-19,-115,700,-76,-69,700,1,195,832,69,300,1,3,3,15,3,1,1,0,0,0,5,23363,9797,35273,1665385,0,1795,91767,3971566,5996433,0,0,0,995,1000,1399,1400,8044201
MPCTASK: EXP,3,480,24011,-71,-197,701,-59,285,-5,256,-62,68,-51,-62,700,-111,-77,700,0,164,575,69,300,1,3,3,15,3,1,1,0,0,0,5,21735,9432,32239,1603413,0,1795,132533,3694807,5480758,0,0,0,995,1000,1399,1400,8044201
MPCTASK: EXP,3,482,24115,-75,-178,700,-47,242,-7,124,-10,48,-59,-50,700,-87,-87,700,-1,187,768,69,300,1,3,3,15,3,1,1,0,0,0,5,24448,11809,37281,2007559,0,1802,64355,4155907,6337812,0,0,0,995,1000,1399,1400,8044201
MPCTASK: TRAJ DONE: idx=482, max=482; requesting landing
MPCTASK: LANDING: start z=0.70, hold=(-0.07,-0.16)
MPCTASK: TIMING SUMMARY: max_step_cycles=8044201 deadline_cycles=8400000 overruns=0
MPCTASK: LANDING COMPLETE: t=29209 ms, x=-0.084, y=-0.186, z=-0.0, vz=-0.098; motors off
