---
SYS: Crazyflie 2.1 Brushless is up and running!
SYS: Build 2:de14ff9f08ae (2025.09.1 +2) MODIFIED
SYS: I am 0x373930393434471500370039 and I have 1024KB of flash!
CFGBLK: v1, verification [OK]
DECK_DISCOVERY: Backend found: onewire
DECK_DISCOVERY: Backend found: deckctrl
DECK_CORE: 1 deck(s) found
DECK_CORE: Calling INIT on driver bcFlow2 for deck 0
ZR2: Z-down sensor [OK]
PMW: Motion chip id: 0x49:0xB6
IMU: BMI088: Using I2C interface.
IMU: BMI088 Gyro connection [OK].
IMU: BMI088 Accel connection [OK]
IMU: BMP390 I2C connection [OK]
ESTIMATOR: Using Kalman (2) estimator
CONTROLLER: Using PID (1) controller
MTR-DRV: Using brushless motor driver
SYS: About to run tests in system.c.
SYS: NRF51 version: 2026.04 (C21B)
EEPROM: I2C connection [OK].
STORAGE: Storage check [OK].
IMU: BMI088 gyro self-test [OK]
DECK_CORE: Deck 0 test [OK].
SYS: Self test passed!
STAB: Wait for sensor calibration...
SYS: Free heap: 15048 bytes
MPCTASK: Waiting for activation ...
STAB: Starting stabilizer loop
STAB: WARNING: stabilizer loop rate is off (1004)
SUP: Ready to fly
MPCTASK: Benchmark mode 1, maneuver 4, max_iter 5, task_pri 0
MPCTASK: Reference altitude: 0.70 m; barrier skip when z>0.75 and vz>-0.20
MPCTASK: OOT takeoff: cfclient trigger>=0.15m ramp=0.15m/s figure8_start=3000ms_at_measureMPCTASK: Common baseline: mpc_hz=20 model_hz=20 rho=5 base_w=0 base_qz=1 Qz=100 R=4 bridge=x10 guards=z[ref,ref+0.20] xy=free cap=0.05
MPCTASK: MPC->PID: xyz=x10, z_guard=[ref,ref+0.20], yaw=raw_rz, output_hold=200ms, safety_hold=500ms
MPCTASK: Reference origin: xyz=measured_at_forced_3s_start target_z=0.70 m
MPCTASK: Fixed baseline: w=0 qz=1 adaptive_cache=off
MPCTASK: MPC-CBF analytic LTV rows: always_on=1 horizon=20 gate=off floor_z=0.70 margin=0
MPCTASK: EXP every=2: m,s,tms,p3[mm],v3[mmps],att3[cdeg],ref3[mm],cmd3[mm],h/raw/grad/mar/thr[milli],act/ac/bind,wi/qi/cache/noa,pa/pf/du[milli],it,mpc/eval/total[us],bar/tanh/rl/cache/solve/step[cycles],overruns,post_active/post_infeasible_totals,wreq/w/qzreq/qz[milli],max_step_cycles
MPCTASK: Figure8: source=traj_fig8_12.h source_hz=100 samples=1205 laps=2 duration=24.07 s origin=forced_3s_start start_delay=3000ms z_baseline=measured_at_start
CONTROLLER: Using OutOfTree (6) controller
MPCTASK: Trajectory origin: x=0.02 y=-0.06 z=0.01
MPCTASK: OOT activated at z=0.01
MPCTASK: TAKEOFF START: trigger_z=0.15 start_z=0.01 target=0.70 hold=(0.03,-0.06) ramp=0.15m/s
MPCTASK: OOT loop 1 done
MPCTASK: MPC MPCTASK: OOT loop 2 done
task loop 1
MPCTASK: x0: pos=(0.03,-0.06,0.01) vel=(0.0,0.08,-0.0)
MPCTASK:MPCTASK: OOT loop 3 done
 ref: (0.03,-0.06,0.01)
MPCTASK: SAFE TV mode=1: h=-0.682 raw=0.017 grad=1.019 margin=0.0 thr=0.0 active0=1 active_count=20 eval=0 us
MPCTASK: Cache level changed: 0 -> 1
MPCTASK: MPC solve start
MPCTASK: MPC solve done, iter=5
MPCTASK: MPC time=29055 us
MPCTASK: MPC stack free=1105 words
MPCTASK: setpoint: x=0.03 y=-0.06 z=0.08 preview_z=0.08
MPCTASK: MPC task loop 2
MPCTASK: MPC task loop 3
MPCTASK: TAKEOFF COMPLETE: t=3000ms z=0.65 vz=0.17; trajectory queued origin=(0.07,-0.29,0.65)
MPCTASK: TRAJ START: z=0.65 origin=(0.07,-0.29,0.65) EXP clock reset; Z metric begins at t+3s
MPCTASK: EXP,1,2,76,91,-299,661,178,278,262,-356,-65,-842,76,-298,651,85,109,781,-38,661,1000,0,0,1,20,20,0,0,0,0,0,0,0,5,23233,0,24847,0,0,0,0,3949569,4224199,0,0,0,0,0,1000,1000,4804129
MPCTASK: EXP,1,4,175,117,-274,694,231,255,510,474,-440,-1258,65,-279,652,186,78,785,-5,694,1000,0,0,1,20,20,0,0,0,0,0,0,0,5,24187,0,24368,0,0,0,0,4111852,4142739,0,0,0,0,0,1000,1000,4804129
MPCTASK: EXP,1,6,277,126,-252,752,291,133,539,384,-841,-1423,30,-212,652,275,84,790,52,752,1000,0,0,1,20,20,0,0,0,0,0,0,0,5,26582,0,27021,0,0,0,0,4518772,4593640,0,0,0,0,0,1000,1000,4804129
MPCTASK: EXP,1,8,377,178,-287,797,402,43,346,-614,-167,-1375,-22,-92,652,340,100,828,97,797,1000,0,0,1,20,20,0,0,0,0,0,0,0,5,26929,0,27126,0,0,0,0,4577864,4611636,0,0,0,0,0,1000,1000,4804129
MPCTASK: EXP,1,10,477,232,-285,836,416,190,174,-1906,880,-1059,-76,66,652,368,204,817,136,836,1000,0,0,1,20,20,0,0,0,0,0,0,0,5,26027,0,26685,0,0,0,0,4424613,4536648,0,0,0,0,0,1000,1000,4804129
MPCTASK: EXP,1,12,578,284,-271,865,349,485,55,-2181,1131,-940,-115,245,652,410,273,791,165,865,1000,0,0,1,20,20,0,0,0,0,0,0,0,5,27077,0,27258,0,0,0,0,4602884,4633776,0,0,0,0,0,1000,1000,4804129
MPCTASK: EXP,1,14,673,324,-201,851,258,809,-179,-1823,867,-730,-122,424,652,440,349,759,115,815,1019,0,0,1,20,20,0,0,0,0,0,0,0,5,22911,0,23092,0,0,0,0,3894728,3925616,0,0,0,0,0,1000,1000,4804129
MPCTASK: EXP,1,16,777,349,-79,807,156,1126,-283,-1249,630,-527,-91,584,651,439,443,733,50,750,1019,0,0,1,20,20,0,0,0,0,0,0,0,5,26464,0,27020,0,0,0,0,4498820,4593571,0,0,0,0,0,1000,1000,4804129
MPCTASK: EXP,1,18,877,370,30,760,86,1283,-212,-350,284,-457,-22,713,651,437,463,721,17,717,1019,0,0,1,20,20,0,0,0,0,0,0,0,5,24849,0,26089,0,0,0,0,4224204,4435153,0,0,0,0,0,1000,1000,4929316
MPCTASK: EXP,1,20,976,396,132,728,84,1239,-66,448,30,-461,77,802,651,432,432,717,14,714,1019,0,0,1,20,20,0,0,0,0,0,0,0,5,23181,0,23746,0,0,0,0,3940588,4036820,0,0,0,0,0,1000,1000,4929316
MPCTASK: EXP,1,22,1077,393,215,737,54,1056,93,1039,5,-425,196,848,651,378,361,722,37,737,1000,0,0,1,20,20,0,0,0,0,0,0,0,5,24365,0,24957,0,0,0,0,4141920,4242787,0,0,0,0,0,1000,1000,4929316
MPCTASK: EXP,1,24,1182,406,317,761,44,861,113,1383,105,-391,319,850,651,325,311,721,61,761,1000,0,0,1,20,20,0,0,0,0,0,0,0,5,28593,0,29350,0,0,0,0,4860816,4989704,0,0,0,0,0,1000,1000,4989704
MPCTASK: EXP,1,26,1277,403,399,784,-11,637,62,1604,351,-400,429,811,651,242,247,718,84,784,1000,0,0,1,20,20,0,0,0,0,0,0,0,5,22652,0,22832,0,0,0,0,3850660,3881463,0,0,0,0,0,1000,1000,4989704
MPCTASK: EXP,1,28,1377,408,444,789,-84,377,-36,1711,563,-413,511,735,651,166,154,714,82,782,1019,0,0,1,20,20,0,0,0,0,0,0,0,5,21904,0,22085,0,0,0,0,3723560,3754464,0,0,0,0,0,1000,1000,4989704
MPCTASK: EXP,1,30,1477,396,465,783,-209,92,-88,1737,759,-411,556,627,651,75,44,710,65,765,1019,0,0,1,20,20,0,0,0,0,0,0,0,5,22131,0,22312,0,0,0,0,3762184,3793080,0,0,0,0,0,1000,1000,4989704
MPCTASK: EXP,1,32,1576,374,452,772,-361,-212,-101,1745,848,-401,555,492,651,-12,-91,710,52,752,1019,0,0,1,20,20,0,0,0,0,0,0,0,5,21623,0,21803,0,0,0,0,3675781,3706678,0,0,0,0,0,1000,1000,4989704
MPCTASK: EXP,1,34,1677,329,414,758,-532,-517,-106,1681,847,-392,507,336,651,-99,-236,706,37,737,1019,0,0,1,20,20,0,0,0,0,0,0,0,5,22042,0,22239,0,0,0,0,3747036,3780688,0,0,0,0,0,1000,1000,4989704
MPCTASK: EXP,1,36,1780,280,350,746,-680,-795,-68,1367,685,-391,417,164,651,-158,-369,706,33,733,1019,0,0,1,20,20,0,0,0,0,0,0,0,5,24014,0,24195,0,0,0,0,4082304,4113219,0,0,0,0,0,1000,1000,4989704
MPCTASK: EXP,1,38,1880,209,257,737,-802,-997,-26,778,488,-404,292,-18,651,-209,-482,703,32,732,1019,0,0,1,20,20,0,0,0,0,0,0,0,5,24870,0,25050,0,0,0,0,4227800,4258681,0,0,0,0,0,1000,1000,4989704
MPCTASK: EXP,1,40,1983,135,184,735,-868,-1051,31,263,274,-411,144,-206,651,-232,-546,704,35,735,1000,0,0,1,20,20,0,0,0,0,0,0,0,5,27462,0,28007,0,0,0,0,4668440,4761248,0,0,0,0,0,1000,1000,4989704
MPCTASK: EXP,1,42,2080,55,107,743,-883,-1048,73,92,-93,-380,-10,-396,651,-224,-608,706,43,743,1000,0,0,1,20,20,0,0,0,0,0,0,0,5,23844,0,24287,0,0,0,0,4053444,4128968,0,0,0,0,0,1000,1000,4989704
MPCTASK: EXP,1,44,2182,41,-23,757,-761,-1088,80,158,-663,-476,-157,-582,651,-115,-731,708,57,757,1000,0,0,1,20,20,0,0,0,0,0,0,0,5,26123,0,26304,0,0,0,0,4440880,4471791,0,0,0,0,0,1000,1000,4989704
MPCTASK: EXP,1,46,2279,-76,-73,775,-678,-1062,65,154,-1032,-449,-282,-760,651,-110,-753,711,75,775,1000,0,0,1,20,20,0,0,0,0,0,0,0,5,23470,0,23651,0,0,0,0,3989841,4020756,0,0,0,0,0,1000,1000,4989704
MPCTASK: EXP,1,48,2383,-106,-152,782,-472,-1057,5,31,-1194,-469,-372,-927,651,-20,-796,710,82,782,1000,0,0,1,20,20,0,0,0,0,0,0,0,5,27140,0,27670,0,0,0,0,4613661,4703948,0,0,0,0,0,1000,1000,4989704
MPCTASK: EXP,1,50,2479,-96,-203,780,-219,-1009,-67,-108,-1212,-475,-418,-1077,651,88,-791,707,66,766,1019,0,0,1,20,20,0,0,0,0,0,0,0,5,22752,0,23081,0,0,0,0,3867684,3924015,0,0,0,0,0,1000,1000,4989704
MPCTASK: EXP,1,52,2579,-103,-275,766,-28,-955,-117,-360,-943,-519,-416,-1209,651,146,-790,703,42,742,1019,0,0,1,20,19,0,0,0,0,0,0,0,5,23901,0,24082,0,0,0,0,4063116,4094031,0,0,0,0,0,1000,1000,4989704
MPCTASK: EXP,1,54,2677,-119,-312,753,138,-845,-74,-257,-1135,-806,-365,-1317,651,205,-773,704,39,739,1019,0,0,1,20,19,0,0,0,0,0,0,0,5,22146,0,22327,0,0,0,0,3764768,3795683,0,0,0,0,0,1000,1000,4989704
MPCTASK: EXP,1,56,2780,-128,-301,752,340,-758,32,120,-1364,-1174,-271,-1401,651,260,-734,705,52,752,1000,0,0,1,20,19,0,0,0,0,0,0,0,5,24725,0,25318,0,0,0,0,4203244,4304096,0,0,0,0,0,1000,1000,4989704
MPCTASK: EXP,1,58,2879,-83,-259,762,583,-735,116,432,-1192,-1466,-142,-1458,651,315,-672,709,62,762,1000,0,0,1,20,19,0,0,0,0,0,0,0,5,23003,0,23437,0,0,0,0,3910340,3984244,0,0,0,0,0,1000,1000,4989704
MPCTASK: EXP,1,60,2985,-6,-337,773,752,-859,124,343,-690,-1472,7,-1487,651,348,-693,711,73,773,1000,0,0,1,20,19,0,0,0,0,0,0,0,5,27905,0,28086,0,0,0,0,4743633,4774555,0,0,0,0,0,1000,1000,4989704
MPCTASK: EXP,1,62,3084,58,-428,772,786,-881,40,-307,189,-1382,164,-1486,651,311,-670,707,72,772,1000,0,0,1,20,19,0,0,0,0,0,0,0,5,27288,0,27886,0,0,0,0,4638828,4740672,0,0,0,0,0,1000,1000,4989704
MPCTASK: EXP,1,64,3184,123,-505,778,713,-769,23,-798,712,-1160,312,-1456,651,266,-611,708,78,778,1000,0,0,1,20,19,0,0,0,0,0,0,0,5,27545,0,28057,0,0,0,0,4682628,4769786,0,0,0,0,0,1000,1000,4989704
MPCTASK: EXP,1,66,3280,180,-582,784,583,-587,5,-1237,1113,-889,438,-1398,651,198,-539,709,84,784,1000,0,0,1,20,19,0,0,0,0,0,0,0,5,21882,0,22441,0,0,0,0,3719840,3815105,0,0,0,0,0,1000,1000,4989704
MPCTASK: EXP,1,68,3385,211,-624,793,390,-323,-35,-1614,1483,-637,528,-1312,651,99,-427,709,86,786,1019,0,0,1,20,19,0,0,0,0,0,0,0,5,27841,0,28022,0,0,0,0,4732980,4763888,0,0,0,0,0,1000,1000,4989704
MPCTASK: EXP,1,70,3486,220,-638,788,153,-27,-131,-1699,1585,-415,574,-1202,651,1,-310,706,62,762,1019,0,0,1,20,19,0,0,0,0,0,0,0,5,28405,0,28584,0,0,0,0,4828748,4859313,0,0,0,0,0,1000,1000,4989704
MPCTASK: EXP,1,72,3584,209,-625,763,-109,275,-213,-1567,1450,-189,571,-1070,651,-94,-186,699,20,720,1019,0,0,1,20,19,0,0,0,0,0,0,0,5,26719,0,27230,0,0,0,0,4542224,4629091,0,0,0,0,0,1000,1000,4989704
MPCTASK: EXP,1,74,3681,150,-575,738,-395,578,-165,-1321,1126,55,520,-918,651,-203,-47,692,5,705,1019,0,0,1,20,19,0,0,0,0,0,0,0,5,21877,0,22216,0,0,0,0,3718893,3776692,0,0,0,0,0,1000,1000,4989704
MPCTASK: EXP,1,76,3786,68,-515,720,-621,802,-50,-987,645,354,425,-751,651,-285,68,684,10,710,1019,0,0,1,20,19,0,0,0,0,0,0,0,5,27342,0,27542,0,0,0,0,4648205,4682212,0,0,0,0,0,1000,1000,4989704
MPCTASK: EXP,1,78,3887,-25,-475,712,-727,897,29,-589,101,561,296,-573,651,-335,133,685,12,712,1000,0,0,1,20,19,0,0,0,0,0,0,0,5,28697,0,29226,0,0,0,0,4878560,4968622,0,0,0,0,0,1000,1000,4989704
MPCTASK: EXP,1,80,3984,-89,-419,724,-728,935,141,-283,-202,638,146,-389,651,-325,184,692,24,724,1000,0,0,1,20,19,0,0,0,0,0,0,0,5,25699,0,26206,0,0,0,0,4368820,4455092,0,0,0,0,0,1000,1000,4989704
MPCTASK: EXP,1,82,4083,-152,-376,751,-671,896,185,-155,-378,539,-10,-202,651,-305,221,705,51,751,1000,0,0,1,20,19,0,0,0,0,0,0,0,5,23272,0,23718,0,0,0,0,3956192,4032221,0,0,0,0,0,1000,1000,4989704
MPCTASK: EXP,1,84,4187,-215,-325,775,-604,875,93,-210,-594,445,-159,-17,651,-275,265,708,75,775,1000,0,0,1,20,19,0,0,0,0,0,0,0,5,27841,0,28022,0,0,0,0,4733016,4763928,0,0,0,0,0,1000,1000,4989704
MPCTASK: EXP,1,86,4283,-256,-286,784,-496,867,0,-437,-801,282,-284,160,651,-207,302,707,84,784,1019,0,0,1,20,19,0,0,0,0,0,0,0,5,23769,0,24078,0,0,0,0,4040612,4093399,0,0,0,0,0,1000,1000,4989704
MPCTASK: EXP,1,88,4385,-282,-243,787,-347,894,-43,-615,-1006,143,-374,326,651,-124,340,707,79,779,1019,0,0,1,20,19,0,0,0,0,0,0,0,5,25263,0,25743,0,0,0,0,4294753,4376498,0,0,0,0,0,1000,1000,4989704
MPCTASK: EXP,1,90,4483,-296,-181,783,-146,958,-49,-647,-1042,-114,-420,477,651,-45,389,706,73,773,1019,0,0,1,20,19,0,0,0,0,0,0,0,5,23265,0,23745,0,0,0,0,3954892,4036727,0,0,0,0,0,1000,1000,4989704
MPCTASK: EXP,1,92,4587,-302,-124,777,44,1005,-83,-560,-1296,-370,-417,609,651,46,407,704,60,760,1019,0,0,1,20,19,0,0,0,0,0,0,0,5,27829,0,28010,0,0,0,0,4730952,4761868,0,0,0,0,0,1000,1000,4989704
MPCTASK: EXP,1,94,4684,-265,-47,766,317,1046,-71,-396,-1264,-570,-366,719,651,144,430,704,52,752,1019,0,0,1,20,19,0,0,0,0,0,0,0,5,24850,0,25031,0,0,0,0,4224360,4255236,0,0,0,0,0,1000,1000,4989704
MPCTASK: EXP,1,96,4786,-203,-6,752,527,1029,-82,-413,-885,-765,-271,803,651,222,417,702,35,735,1019,0,0,1,20,19,0,0,0,0,0,0,0,5,26715,0,27071,0,0,0,0,4541572,4602156,0,0,0,0,0,1000,1000,4989704
MPCTASK: EXP,1,98,4885,-120,52,745,732,954,59,373,-982,-1171,-143,860,651,329,337,708,45,745,1000,0,0,1,20,19,0,0,0,0,0,0,0,5,23410,0,23927,0,0,0,0,3979600,4067704,0,0,0,0,0,1000,1000,4989704
MPCTASK: EXP,1,100,4987,-16,95,764,944,704,203,1122,-1378,-1529,7,889,651,442,206,719,64,764,1000,0,0,1,20,18,0,0,0,0,0,0,0,5,26079,0,26260,0,0,0,0,4433485,4464400,0,0,0,0,0,1000,1000,4989704
MPCTASK: EXP,1,102,5084,50,150,794,1055,389,239,1717,-1450,-1848,164,888,651,469,74,725,94,794,1000,0,0,1,20,18,0,0,0,0,0,0,0,5,23860,0,24041,0,0,0,0,4056184,4086958,0,0,0,0,0,1000,1000,4989704
MPCTASK: EXP,1,104,5186,178,160,824,1185,58,198,2038,-1250,-2016,312,859,651,523,-74,727,124,824,1000,0,0,1,20,18,0,0,0,0,0,0,0,5,25303,0,25605,0,0,0,0,4301437,4352817,0,0,0,0,0,1000,1000,4989704
MPCTASK: EXP,1,106,5285,317,94,841,1203,-388,62,2060,-361,-2228,438,800,651,517,-277,723,141,841,1000,0,0,1,20,18,0,0,0,0,0,0,0,5,21882,0,22426,0,0,0,0,3719888,3812496,0,0,0,0,0,1000,1000,4989704
MPCTASK: EXP,1,108,5386,410,42,840,1051,-658,-59,1664,682,-2257,528,715,651,435,-398,717,128,828,1019,0,0,1,20,18,0,0,0,0,0,0,0,5,23185,0,24079,0,0,0,0,3941224,4093389,0,0,0,0,0,1000,1000,4989704
MPCTASK: EXP,1,110,5490,485,-31,831,774,-796,-165,983,1849,-2085,574,605,651,315,-477,711,98,798,1019,0,0,1,20,18,0,0,0,0,0,0,0,5,27293,0,27710,0,0,0,0,4639656,4710852,0,0,0,0,0,1000,1000,4989704
MPCTASK: EXP,1,112,5590,528,-103,823,417,-776,-213,283,2549,-1765,571,472,651,199,-530,709,81,781,1019,0,0,1,20,18,0,0,0,0,0,0,0,5,27263,0,27693,0,0,0,0,4634540,4707829,0,0,0,0,0,1000,1000,4989704
MPCTASK: EXP,1,114,5687,534,-172,806,-23,-680,-278,113,2547,-1352,520,320,651,82,-597,704,50,750,1019,0,0,1,20,18,0,0,0,0,0,0,0,5,23311,0,24265,0,0,0,0,3961827,4125017,0,0,0,0,0,1000,1000,4989704
MPCTASK: EXP,1,116,5788,485,-208,763,-481,-584,-370,97,2178,-928,425,154,651,-41,-640,698,-10,689,1019,0,0,1,20,20,0,0,0,0,0,0,0,5,25005,0,25576,0,0,0,0,4250688,4347932,0,0,0,0,0,1000,1000,4989704
MPCTASK: EXP,1,118,5890,380,-233,718,-913,-526,-309,179,1487,-531,296,-23,651,-163,-684,688,-43,656,1019,0,0,1,20,20,0,0,0,0,0,0,0,5,27671,0,28248,0,0,0,0,4704076,4802243,0,0,0,0,0,1000,1000,4989704
MPCTASK: EXP,1,120,5988,284,-265,676,-1143,-544,-216,428,651,-22,146,-208,651,-210,-758,672,-66,633,1019,0,0,1,20,20,0,0,0,0,0,0,0,5,24189,0,24641,0,0,0,0,4112060,4189105,0,0,0,0,0,1000,1000,4989704
MPCTASK: EXP,1,122,6086,160,-306,661,-1172,-644,-67,901,-349,667,-10,-395,651,-194,-861,671,-51,648,1019,0,0,1,20,20,0,0,0,0,0,0,0,5,21817,0,21998,0,0,0,0,3708892,3739804,0,0,0,0,0,1000,1000,4989704
MPCTASK: EXP,1,124,6188,50,-332,669,-1027,-733,-58,1124,-912,1123,-159,-580,651,-162,-911,680,-42,657,1019,0,0,1,20,20,0,0,0,0,0,0,0,5,24321,0,24824,0,0,0,0,4134548,4220159,0,0,0,0,0,1000,1000,4989704
MPCTASK: EXP,1,126,6288,-11,-415,679,-786,-896,-15,1303,-1053,1418,-284,-758,651,-78,-1023,686,-23,676,1019,0,0,1,20,20,0,0,0,0,0,0,0,5,24787,0,24968,0,0,0,0,4213820,4244716,0,0,0,0,0,1000,1000,4989704
MPCTASK: EXP,1,128,6389,-50,-489,674,-558,-1021,-63,1150,-946,1600,-374,-924,651,-11,-1090,685,-37,662,1019,0,0,1,20,20,0,0,0,0,0,0,0,5,25337,0,25774,0,0,0,0,4307157,4381625,0,0,0,0,0,1000,1000,4989704
MPCTASK: EXP,1,130,6487,-63,-617,662,-273,-1177,-38,710,-942,1403,-420,-1075,651,90,-1178,677,-45,654,1019,0,0,1,20,20,0,0,0,0,0,0,0,5,22135,0,22316,0,0,0,0,3762872,3793763,0,0,0,0,0,1000,1000,4989704
MPCTASK: EXP,1,132,6590,-41,-760,658,-10,-1267,58,229,-1088,886,-417,-1207,651,208,-1254,681,-41,658,1000,0,0,1,20,20,0,0,0,0,0,0,0,5,25902,0,26084,0,0,0,0,4403212,4434364,0,0,0,0,0,1000,1000,4989704
MPCTASK: EXP,1,134,6685,-21,-866,662,222,-1224,96,-222,-1174,227,-366,-1316,651,297,-1265,676,-37,662,1000,0,0,1,20,20,0,0,0,0,0,0,0,5,20527,0,21143,0,0,0,0,3489460,3594431,0,0,0,0,0,1000,1000,4989704
MPCTASK: EXP,1,136,6789,20,-966,677,421,-1150,154,-600,-1054,-312,-271,-1401,651,370,-1260,681,-22,677,1000,0,0,1,20,20,0,0,0,0,0,0,0,5,24635,0,25355,0,0,0,0,4187849,4310429,0,0,0,0,0,1000,1000,4989704
MPCTASK: EXP,1,138,6888,75,-1068,696,621,-994,171,-966,-883,-623,-143,-1458,651,434,-1227,687,-3,696,1000,0,0,1,20,20,0,0,0,0,0,0,0,5,22936,0,23118,0,0,0,0,3899068,3930103,0,0,0,0,0,1000,1000,4989704
MPCTASK: EXP,1,140,6988,169,-1165,707,779,-828,45,-1567,-266,-398,7,-1487,651,461,-1161,695,7,707,1000,0,0,1,20,20,0,0,0,0,0,0,0,5,24118,0,24299,0,0,0,0,4100076,4130983,0,0,0,0,0,1000,1000,4989704
MPCTASK: EXP,1,142,7091,262,-1235,701,782,-514,-66,-2261,647,76,164,-1486,651,430,-1040,698,-12,687,1019,0,0,1,20,20,0,0,0,0,0,0,0,5,26638,0,27229,0,0,0,0,4528380,4629099,0,0,0,0,0,1000,1000,4989704
MPCTASK: EXP,1,144,7190,347,-1254,701,665,-131,-48,-2277,1008,273,312,-1456,651,393,-907,704,-8,691,1019,0,0,1,20,20,0,0,0,0,0,0,0,5,25198,0,25647,0,0,0,0,4283561,4360165,0,0,0,0,0,1000,1000,4989704
MPCTASK: EXP,1,146,7286,389,-1223,702,407,318,-27,-2056,1252,355,438,-1398,651,289,-728,703,-2,697,1019,0,0,1,20,20,0,0,0,0,0,0,0,5,21505,0,21705,0,0,0,0,3655920,3689965,0,0,0,0,0,1000,1000,4989704
MPCTASK: EXP,1,148,7387,398,-1148,696,146,686,-79,-1797,1342,387,528,-1313,651,175,-543,698,-19,680,1019,0,0,1,20,20,0,0,0,0,0,0,0,5,22851,0,23032,0,0,0,0,3884544,3915459,0,0,0,0,0,1000,1000,4989704
MPCTASK: EXP,1,150,7486,375,-1060,682,-144,988,-67,-1440,1262,385,574,-1202,651,53,-373,686,-30,669,1019,0,0,1,20,20,0,0,0,0,0,0,0,5,21889,0,22070,0,0,0,0,3721172,3752067,0,0,0,0,0,1000,1000,4989704
MPCTASK: EXP,1,152,7589,336,-970,664,-388,1188,-54,-801,1166,417,571,-1070,651,-59,-253,676,-46,653,1019,0,0,1,20,20,0,0,0,0,0,0,0,5,23171,0,23667,0,0,0,0,3938917,4023394,0,0,0,0,0,1000,1000,4989704
MPCTASK: EXP,1,154,7693,281,-853,658,-611,1241,23,-60,855,446,520,-918,651,-147,-153,669,-41,658,1000,0,0,1,20,20,0,0,0,0,0,0,0,5,27014,0,27197,0,0,0,0,4592296,4623508,0,0,0,0,0,1000,1000,4989704
MPCTASK: EXP,1,156,7788,195,-745,663,-757,1179,132,457,431,499,425,-751,651,-214,-86,675,-36,663,1000,0,0,1,20,20,0,0,0,0,0,0,0,5,22819,0,22998,0,0,0,0,3879216,3909781,0,0,0,0,0,1000,1000,4989704
MPCTASK: EXP,1,158,7889,121,-657,688,-785,1026,264,644,24,541,296,-573,651,-229,-40,691,-11,688,1000,0,0,1,20,20,0,0,0,0,0,0,0,5,23317,0,23841,0,0,0,0,3963841,4053107,0,0,0,0,0,1000,1000,5188016
MPCTASK: EXP,1,160,7990,59,-607,712,-740,881,209,537,-458,454,146,-388,651,-201,-9,696,12,712,1000,0,0,1,20,20,0,0,0,0,0,0,0,5,24649,0,25429,0,0,0,0,4190276,4323101,0,0,0,0,0,1000,1000,5188016
MPCTASK: EXP,1,162,8092,2,-562,738,-586,735,185,297,-958,314,-10,-201,651,-130,16,711,38,738,1000,0,0,1,20,20,0,0,0,0,0,0,0,5,26857,0,27038,0,0,0,0,4565708,4596616,0,0,0,0,0,1000,1000,5188016
MPCTASK: EXP,1,164,8189,-32,-528,756,-388,662,164,-72,-1163,46,-159,-17,651,-44,49,718,56,756,1000,0,0,1,20,20,0,0,0,0,0,0,0,5,24043,0,24222,0,0,0,0,4087244,4117809,0,0,0,0,0,1000,1000,5188016
MPCTASK: EXP,1,166,8293,-51,-495,772,-195,656,97,-560,-981,-238,-284,160,651,31,101,714,72,772,1000,0,0,1,20,20,0,0,0,0,0,0,0,5,27213,0,27724,0,0,0,0,4626122,4713143,0,0,0,0,0,1000,1000,5188016
MPCTASK: EXP,1,168,8391,-34,-461,783,16,717,110,-781,-953,-505,-374,326,651,148,140,725,83,783,1000,0,0,1,20,20,0,0,0,0,0,0,0,5,24630,0,24999,0,0,0,0,4187041,4249847,0,0,0,0,0,1000,1000,5188016
MPCTASK: EXP,1,170,8490,1,-422,790,223,767,91,-631,-1003,-625,-420,477,651,275,156,721,90,790,1000,0,0,1,20,20,0,0,0,0,0,0,0,5,24920,0,25101,0,0,0,0,4236376,4267287,0,0,0,0,0,1000,1000,5188016
MPCTASK: EXP,1,172,8588,52,-376,793,397,802,-27,-715,-595,-459,-417,609,651,343,189,715,88,788,1019,0,0,1,20,20,0,0,0,0,0,0,0,5,22901,0,23082,0,0,0,0,3892976,3923867,0,0,0,0,0,1000,1000,5188016
MPCTASK: EXP,1,174,8689,109,-328,786,463,886,-129,-1081,28,-247,-366,718,651,381,233,709,60,760,1019,0,0,1,20,20,0,0,0,0,0,0,0,5,23224,0,23770,0,0,0,0,3947937,4040902,0,0,0,0,0,1000,1000,5188016
MPCTASK: EXP,1,176,8792,166,-277,774,473,988,-161,-814,105,-183,-271,803,651,419,236,705,41,741,1019,0,0,1,20,20,0,0,0,0,0,0,0,5,25036,0,25856,0,0,0,0,4256168,4395604,0,0,0,0,0,1000,1000,5188016
MPCTASK: EXP,1,178,8889,212,-197,756,454,1056,-99,-296,-27,-104,-143,860,651,438,238,698,36,736,1019,0,0,1,20,19,0,0,0,0,0,0,0,5,22898,0,23082,0,0,0,0,3892624,3923915,0,0,0,0,0,1000,1000,5188016
MPCTASK: EXP,1,180,8993,219,-84,738,396,1081,-144,51,276,120,7,889,651,365,264,683,9,709,1019,0,0,1,20,19,0,0,0,0,0,0,0,5,26142,0,26323,0,0,0,0,4444141,4475060,0,0,0,0,0,1000,1000,5188016
MPCTASK: EXP,1,182,9090,255,-25,727,322,987,-113,359,512,275,164,888,651,321,208,681,4,704,1019,0,0,1,20,19,0,0,0,0,0,0,0,5,24102,0,24537,0,0,0,0,4097300,4171315,0,0,0,0,0,1000,1000,5188016
MPCTASK: EXP,1,184,9192,278,62,719,227,879,-86,734,650,345,312,859,651,251,168,681,2,702,1019,0,0,1,20,19,0,0,0,0,0,0,0,5,24253,0,24614,0,0,0,0,4122980,4184599,0,0,0,0,0,1000,1000,5188016
MPCTASK: EXP,1,186,9292,296,126,721,111,697,-67,1098,852,360,437,801,651,173,91,676,7,707,1019,0,0,1,20,19,0,0,0,0,0,0,0,5,24874,0,25054,0,0,0,0,4228504,4259411,0,0,0,0,0,1000,1000,5188016
MPCTASK: EXP,1,188,9393,287,177,716,-37,469,-82,1351,880,355,527,716,651,80,1,676,0,700,1019,0,0,1,20,19,0,0,0,0,0,0,0,5,25889,0,26070,0,0,0,0,4401124,4432044,0,0,0,0,0,1000,1000,5188016
MPCTASK: EXP,1,190,9489,254,223,707,-200,258,-112,1463,986,317,573,606,651,-31,-77,674,-14,685,1019,0,0,1,20,20,0,0,0,0,0,0,0,5,21770,0,22282,0,0,0,0,3700864,3787999,0,0,0,0,0,1000,1000,5188016
MPCTASK: EXP,1,192,9592,208,223,692,-397,-58,-133,1543,1008,271,569,474,651,-140,-212,671,-34,665,1019,0,0,1,20,20,0,0,0,0,0,0,0,5,23656,0,23837,0,0,0,0,4021548,4052473,0,0,0,0,0,1000,1000,5188016
MPCTASK: EXP,1,194,9693,149,196,679,-570,-358,-100,1476,852,282,518,323,651,-228,-350,671,-40,659,1019,0,0,1,20,20,0,0,0,0,0,0,0,5,24824,0,25005,0,0,0,0,4220000,4250932,0,0,0,0,0,1000,1000,5188016
MPCTASK: EXP,1,196,9798,51,179,673,-732,-587,-32,1383,547,491,423,156,651,-312,-457,654,-32,667,1019,0,0,1,20,20,0,0,0,0,0,0,0,5,29185,0,29366,0,0,0,0,4961353,4992286,0,0,0,0,0,1000,1000,5188016
MPCTASK: EXP,1,198,9892,-16,109,670,-768,-830,-27,1438,214,776,295,-21,651,-328,-603,656,-35,664,1019,0,0,1,20,20,0,0,0,0,0,0,0,5,23747,0,24046,0,0,0,0,4036892,4087892,0,0,0,0,0,1000,1000,5188016
MPCTASK: EXP,1,200,9995,-93,-5,666,-737,-1102,-29,1248,39,1054,145,-207,651,-333,-769,659,-39,660,1019,0,0,1,20,20,0,0,0,0,0,0,0,5,25093,0,25274,0,0,0,0,4265776,4296708,0,0,0,0,0,1000,1000,5188016
MPCTASK: EXP,1,202,10094,-167,-138,663,-689,-1302,-10,814,-325,1117,-9,-396,651,-311,-898,661,-38,661,1019,0,0,1,20,20,0,0,0,0,0,0,0,5,24870,0,25051,0,0,0,0,4227812,4258759,0,0,0,0,0,1000,1000,5188016
MPCTASK: EXP,1,204,10195,-248,-261,667,-596,-1375,70,318,-680,799,-155,-584,651,-283,-976,665,-32,667,1000,0,0,1,20,20,0,0,0,0,0,0,0,5,25461,0,26016,0,0,0,0,4328260,4422868,0,0,0,0,0,1000,1000,5188016
MPCTASK: EXP,1,206,10298,-277,-375,677,-436,-1356,104,-252,-1003,248,-277,-766,651,-203,-1011,675,-22,677,1000,0,0,1,20,20,0,0,0,0,0,0,0,5,27420,0,28105,0,0,0,0,4661336,4778017,0,0,0,0,0,1000,1000,5188016
MPCTASK: EXP,1,208,10396,-296,-522,696,-205,-1272,139,-741,-1106,-437,-363,-937,651,-117,-1046,688,-3,696,1000,0,0,1,20,20,0,0,0,0,0,0,0,5,24175,0,24764,0,0,0,0,4109724,4209983,0,0,0,0,0,1000,1000,5188016
MPCTASK: EXP,1,210,10500,-297,-615,706,1,-1104,112,-1031,-931,-833,-406,-1092,651,-50,-1016,685,6,706,1000,0,0,1,20,20,0,0,0,0,0,0,0,5,29336,0,29517,0,0,0,0,4987148,5018100,0,0,0,0,0,1000,1000,5188016
MPCTASK: EXP,1,212,10597,-270,-704,715,200,-930,83,-1008,-824,-1042,-401,-1226,651,25,-996,688,15,715,1000,0,0,1,20,20,0,0,0,0,0,0,0,5,24375,0,26783,0,0,0,0,4143716,4553232,0,0,0,0,0,1000,1000,5188016
MPCTASK: EXP,1,214,10697,-237,-756,715,378,-779,45,-653,-914,-1218,-350,-1335,651,90,-963,701,15,715,1000,0,0,1,20,20,0,0,0,0,0,0,0,5,26814,0,26995,0,0,0,0,4558168,4589091,0,0,0,0,0,1000,1000,5188016
MPCTASK: EXP,1,216,10796,-173,-802,712,569,-677,45,-505,-623,-1235,-261,-1413,651,141,-911,700,12,712,1000,0,0,1,20,20,0,0,0,0,0,0,0,5,25462,0,25915,0,0,0,0,4328568,4405633,0,0,0,0,0,1000,1000,5188016
MPCTASK: EXP,1,218,10897,-103,-842,716,671,-554,52,-780,-134,-1086,-145,-1456,651,162,-830,694,16,716,1000,0,0,1,20,20,0,0,0,0,0,0,0,5,25556,0,26264,0,0,0,0,4344516,4464992,0,0,0,0,0,1000,1000,5188016
MPCTASK: EXP,1,220,10996,-20,-877,729,705,-391,48,-1050,360,-885,-16,-1460,651,167,-747,691,29,729,1000,0,0,1,20,20,0,0,0,0,0,0,0,5,25510,0,25987,0,0,0,0,4336644,4417871,0,0,0,0,0,1000,1000,5188016
MPCTASK: EXP,1,222,11098,59,-902,736,644,-175,-33,-1508,1030,-528,108,-1422,651,150,-659,691,30,730,1019,0,0,1,20,20,0,0,0,0,0,0,0,5,26046,0,26602,0,0,0,0,4427740,4522486,0,0,0,0,0,1000,1000,5188016
MPCTASK: EXP,1,224,11196,111,-897,739,468,100,-75,-1582,1230,-196,213,-1342,651,127,-581,689,23,723,1019,0,0,1,20,20,0,0,0,0,0,0,0,5,23176,0,23740,0,0,0,0,3939888,4035932,0,0,0,0,0,1000,1000,5188016
MPCTASK: EXP,1,226,11297,132,-858,722,242,385,-170,-1525,1250,159,287,-1223,651,93,-509,680,-11,688,1019,0,0,1,20,20,0,0,0,0,0,0,0,5,25072,0,25269,0,0,0,0,4262276,4295788,0,0,0,0,0,1000,1000,5188016
MPCTASK: EXP,1,228,11397,132,-795,695,-1,646,-177,-1108,1012,448,320,-1071,651,52,-438,668,-39,660,1019,0,0,1,20,20,0,0,0,0,0,0,0,5,23452,0,24537,0,0,0,0,3986648,4171325,0,0,0,0,0,1000,1000,5188016
MPCTASK: EXP,1,230,11497,102,-717,661,-204,804,-182,-507,623,704,313,-898,652,5,-383,666,-75,624,1019,0,0,1,20,20,0,0,0,0,0,0,0,5,24030,0,24714,0,0,0,0,4084924,4201428,0,0,0,0,0,1000,1000,5188016
MPCTASK: EXP,1,232,11597,62,-636,636,-327,841,-112,9,390,954,272,-719,652,-41,-332,662,-85,614,1019,0,0,1,20,20,0,0,0,0,0,0,0,5,24211,0,24946,0,0,0,0,4115780,4240984,0,0,0,0,0,1000,1000,5188016
MPCTASK: EXP,1,234,11699,-6,-540,632,-404,803,32,584,-88,1031,211,-554,652,-90,-271,662,-67,632,1000,0,0,1,20,20,0,0,0,0,0,0,0,5,26692,0,27518,0,0,0,0,4537516,4678204,0,0,0,0,0,1000,1000,5188016
MPCTASK: EXP,1,236,11797,-77,-452,652,-378,692,144,850,-336,1025,148,-421,652,-153,-172,668,-47,652,1000,0,0,1,20,20,0,0,0,0,0,0,0,5,23979,0,24560,0,0,0,0,4076352,4175364,0,0,0,0,0,1000,1000,5188016
MPCTASK: EXP,1,238,11900,-114,-416,671,-297,525,145,787,-463,891,100,-336,652,-186,-98,672,-28,671,1000,0,0,1,20,20,0,0,0,0,0,0,0,5,27124,0,27684,0,0,0,0,4611036,4706304,0,0,0,0,0,1000,1000,5188016
MPCTASK: EXP,1,240,11995,-143,-393,684,-210,396,103,395,-410,759,79,-302,651,-210,-11,677,-15,684,1000,0,0,1,20,20,0,0,0,0,0,0,0,5,21762,0,23176,0,0,0,0,3699488,3939961,0,0,0,0,0,1000,1000,5188016
MPCTASK: EXP,1,242,12103,-154,-389,688,-142,319,71,-78,-307,625,76,-298,651,-182,50,688,-11,688,1000,0,0,1,20,20,0,0,0,0,0,0,0,5,30799,0,31273,0,0,0,0,5235848,5316529,0,0,0,0,0,1000,1000,5316529
MPCTASK: EXP,1,244,12196,-174,-388,700,-96,343,107,-687,-420,497,72,-291,651,-136,106,691,0,700,1000,0,0,1,20,20,0,0,0,0,0,0,0,5,22903,0,23593,0,0,0,0,3893368,4010816,0,0,0,0,0,1000,1000,5316529
MPCTASK: EXP,1,246,12299,-181,-368,718,-31,460,99,-1009,-478,380,47,-245,652,-76,173,696,18,718,1000,0,0,1,20,20,0,0,0,0,0,0,0,5,25938,0,26726,0,0,0,0,4409389,4543484,0,0,0,0,0,1000,1000,5316529
MPCTASK: EXP,1,248,12395,-177,-333,730,20,618,61,-1267,-270,361,0,-146,652,-23,251,709,30,730,1000,0,0,1,20,20,0,0,0,0,0,0,0,5,22979,0,23390,0,0,0,0,3906352,3976411,0,0,0,0,0,1000,1000,5316529
MPCTASK: EXP,1,250,12502,-164,-290,737,70,789,46,-1102,-402,256,-55,-1,652,57,296,707,37,737,1000,0,0,1,20,20,0,0,0,0,0,0,0,5,29814,0,29995,0,0,0,0,5068232,5099192,0,0,0,0,0,1000,1000,5316529
MPCTASK: EXP,1,252,12595,-151,-223,735,159,929,33,-781,-548,112,-102,172,652,123,345,701,35,735,1000,0,0,1,20,20,0,0,0,0,0,0,0,5,22475,0,22902,0,0,0,0,3820656,3893365,0,0,0,0,0,1000,1000,5316529
MPCTASK: EXP,1,254,12697,-123,-164,734,264,991,-48,-561,-714,-40,-123,354,652,204,355,703,24,724,1019,0,0,1,20,20,0,0,0,0,0,0,0,5,24657,0,25217,0,0,0,0,4191548,4286857,0,0,0,0,0,1000,1000,5316529
MPCTASK: EXP,1,256,12797,-87,-94,728,414,1012,-41,-187,-873,-250,-108,523,651,277,354,696,19,719,1019,0,0,1,20,20,0,0,0,0,0,0,0,5,24118,0,24299,0,0,0,0,4099961,4130928,0,0,0,0,0,1000,1000,5316529
MPCTASK: EXP,1,258,12901,-24,-29,727,588,968,13,77,-835,-350,-54,666,651,358,331,692,27,727,1000,0,0,1,20,20,0,0,0,0,0,0,0,5,28221,0,28412,0,0,0,0,4797579,4830071,0,0,0,0,0,1000,1000,5316529
MPCTASK: EXP,1,260,12997,48,36,728,723,885,-17,279,-479,-263,34,772,651,386,306,693,25,725,1019,0,0,1,20,20,0,0,0,0,0,0,0,5,23884,0,24317,0,0,0,0,4060188,4133976,0,0,0,0,0,1000,1000,5316529
MPCTASK: EXP,1,262,13097,112,90,720,734,795,-92,314,148,-150,147,835,651,362,268,687,2,702,1019,0,0,1,20,20,0,0,0,0,0,0,0,5,23880,0,24425,0,0,0,0,4059580,4152385,0,0,0,0,0,1000,1000,5316529
MPCTASK: EXP,1,264,13196,186,152,717,678,702,-54,607,518,-68,270,854,651,332,217,682,6,706,1019,0,0,1,20,20,0,0,0,0,0,0,0,5,22916,0,23593,0,0,0,0,3895528,4010795,0,0,0,0,0,1000,1000,5316529
MPCTASK: EXP,1,266,13300,239,209,718,553,564,-35,947,811,-54,387,831,651,269,147,684,11,711,1019,0,0,1,20,20,0,0,0,0,0,0,0,5,26564,0,27502,0,0,0,0,4515904,4675496,0,0,0,0,0,1000,1000,5316529
MPCTASK: EXP,1,268,13397,280,263,718,387,388,-51,1293,1024,-88,482,769,651,194,68,683,8,708,1019,0,0,1,20,20,0,0,0,0,0,0,0,5,23429,0,24044,0,0,0,0,3982916,4087630,0,0,0,0,0,1000,1000,5316529
MPCTASK: EXP,1,270,13497,292,286,715,179,147,-76,1528,1128,-120,543,673,651,98,-41,682,0,700,1019,0,0,1,20,20,0,0,0,0,0,0,0,5,24663,0,25222,0,0,0,0,4192480,4287913,0,0,0,0,0,1000,1000,5316529
MPCTASK: EXP,1,272,13595,281,292,706,-42,-117,-107,1660,1114,-153,561,549,651,2,-161,680,-15,684,1019,0,0,1,20,20,0,0,0,0,0,0,0,5,22605,0,23411,0,0,0,0,3842700,3979925,0,0,0,0,0,1000,1000,5316529
MPCTASK: EXP,1,274,13695,249,271,694,-260,-401,-111,1632,1018,-183,532,400,651,-90,-292,677,-27,672,1019,0,0,1,20,20,0,0,0,0,0,0,0,5,23030,0,23209,0,0,0,0,3915072,3945677,0,0,0,0,0,1000,1000,5316529
MPCTASK: EXP,1,276,13796,185,219,678,-477,-688,-98,1473,804,-174,458,234,651,-179,-433,663,-41,658,1019,0,0,1,20,20,0,0,0,0,0,0,0,5,22763,0,23249,0,0,0,0,3869543,3952399,0,0,0,0,0,1000,1000,5316529
MPCTASK: EXP,1,278,13903,99,132,670,-648,-941,-40,1109,505,-112,345,55,651,-254,-570,653,-38,661,1019,0,0,1,20,20,0,0,0,0,0,0,0,5,28480,0,28661,0,0,0,0,4841436,4872389,0,0,0,0,0,1000,1000,5316529
MPCTASK: EXP,1,280,13996,-13,2,666,-771,-1137,-10,593,185,56,205,-130,651,-321,-713,657,-35,664,1019,0,0,1,20,20,0,0,0,0,0,0,0,5,21441,0,21620,0,0,0,0,3644920,3675529,0,0,0,0,0,1000,1000,5316529
MPCTASK: EXP,1,282,14104,-89,-70,669,-768,-1138,9,122,-136,328,51,-320,651,-315,-757,658,-30,669,1000,0,0,1,20,20,0,0,0,0,0,0,0,5,29796,0,29976,0,0,0,0,5065212,5096159,0,0,0,0,0,1000,1000,5316529
MPCTASK: EXP,1,284,14198,-152,-155,675,-700,-1098,6,110,-520,673,-100,-508,651,-271,-823,665,-24,675,1000,0,0,1,20,20,0,0,0,0,0,0,0,5,23737,0,24197,0,0,0,0,4035052,4113508,0,0,0,0,0,1000,1000,5316529
MPCTASK: EXP,1,286,14304,-212,-222,683,-593,-1050,-2,245,-660,980,-235,-690,651,-228,-868,668,-16,683,1019,0,0,1,20,20,0,0,0,0,0,0,0,5,28062,0,28243,0,0,0,0,4770424,4801375,0,0,0,0,0,1000,1000,5316529
MPCTASK: EXP,1,288,14398,-260,-293,687,-445,-1040,10,505,-979,1173,-341,-862,651,-149,-924,668,-12,687,1000,0,0,1,20,20,0,0,0,0,0,0,0,5,22909,0,23090,0,0,0,0,3894400,3925348,0,0,0,0,0,1000,1000,5316529
MPCTASK: EXP,1,290,14501,-303,-378,694,-251,-1072,21,623,-1318,995,-405,-1019,651,-67,-984,674,-5,694,1000,0,0,1,20,20,0,0,0,0,0,0,0,5,25782,0,25963,0,0,0,0,4382844,4413800,0,0,0,0,0,1000,1000,5316529
MPCTASK: EXP,1,292,14600,-315,-470,692,-8,-1104,-53,387,-1484,609,-423,-1159,651,24,-1021,677,-18,681,1019,0,0,1,20,20,0,0,0,0,0,0,0,5,23320,0,24060,0,0,0,0,3964236,4090291,0,0,0,0,0,1000,1000,5316529
MPCTASK: EXP,1,294,14705,-304,-573,684,264,-1117,-39,132,-1552,220,-391,-1277,651,124,-1063,681,-23,676,1019,0,0,1,20,20,0,0,0,0,0,0,0,5,28760,0,28941,0,0,0,0,4889105,4920060,0,0,0,0,0,1000,1000,5316529
MPCTASK: EXP,1,296,14800,-261,-660,679,544,-1098,-11,-30,-1430,-99,-313,-1371,651,222,-1074,666,-22,677,1019,0,0,1,20,20,0,0,0,0,0,0,0,5,24750,0,24929,0,0,0,0,4207336,4237945,0,0,0,0,0,1000,1000,5316529
MPCTASK: EXP,1,298,14900,-188,-763,677,798,-1069,34,-354,-1142,-260,-197,-1439,651,309,-1078,668,-22,677,1000,0,0,1,20,20,0,0,0,0,0,0,0,5,25027,0,25208,0,0,0,0,4254484,4285440,0,0,0,0,0,1000,1000,5316529
MPCTASK: EXP,1,300,15001,-107,-838,681,951,-938,51,-797,-560,-331,-54,-1479,651,344,-1025,671,-18,681,1000,0,0,1,20,20,0,0,0,0,0,0,0,5,24925,0,25285,0,0,0,0,4237180,4298472,0,0,0,0,0,1000,1000,5316529
MPCTASK: EXP,1,302,15106,0,-924,690,1023,-774,37,-1227,28,-243,101,-1490,651,362,-967,673,-9,690,1000,0,0,1,20,20,0,0,0,0,0,0,0,5,30349,0,30559,0,0,0,0,5159304,5195068,0,0,0,0,0,1000,1000,5316529
MPCTASK: EXP,1,304,15202,86,-977,696,955,-517,13,-1666,701,-92,255,-1472,651,318,-858,684,-3,696,1000,0,0,1,20,20,0,0,0,0,0,0,0,5,26810,0,27250,0,0,0,0,4557680,4632551,0,0,0,0,0,1000,1000,5316529
MPCTASK: EXP,1,306,15300,167,-1004,701,788,-191,-13,-1956,1210,8,391,-1425,651,252,-726,693,-1,698,1019,0,0,1,20,20,0,0,0,0,0,0,0,5,24484,0,25049,0,0,0,0,4162128,4258320,0,0,0,0,0,1000,1000,5316529
MPCTASK: EXP,1,308,15400,218,-989,697,539,172,-60,-1879,1440,17,497,-1350,651,165,-575,698,-14,685,1019,0,0,1,20,20,0,0,0,0,0,0,0,5,22706,0,23025,0,0,0,0,3859908,3914313,0,0,0,0,0,1000,1000,5316529
MPCTASK: EXP,1,310,15503,226,-934,685,236,526,-74,-1518,1463,-62,561,-1249,651,47,-414,695,-29,670,1019,0,0,1,20,20,0,0,0,0,0,0,0,5,25930,0,26115,0,0,0,0,4407970,4439620,0,0,0,0,0,1000,1000,5316529
MPCTASK: EXP,1,312,15603,213,-850,673,-55,817,-53,-1106,1322,-162,578,-1125,651,-57,-255,686,-37,662,1019,0,0,1,20,20,0,0,0,0,0,0,0,5,26855,0,27037,0,0,0,0,4565332,4596303,0,0,0,0,0,1000,1000,5316529
MPCTASK: EXP,1,314,15705,177,-732,648,-310,1056,-36,-664,989,-273,546,-981,651,-149,-88,668,-58,641,1019,0,0,1,20,20,0,0,0,0,0,0,0,5,28194,0,28707,0,0,0,0,4792945,4880214,0,0,0,0,0,1000,1000,5316529
MPCTASK: EXP,1,316,15800,132,-613,649,-478,1172,72,-312,714,-318,468,-820,651,-212,45,670,-50,649,1000,0,0,1,20,20,0,0,0,0,0,0,0,5,23366,0,23711,0,0,0,0,3972224,4031033,0,0,0,0,0,1000,1000,5316529
MPCTASK: EXP,1,318,15906,70,-483,659,-596,1227,118,-23,456,-306,351,-646,651,-260,168,675,-40,659,1000,0,0,1,20,20,0,0,0,0,0,0,0,5,27582,0,28346,0,0,0,0,4688849,4818949,0,0,0,0,0,1000,1000,5316529
MPCTASK: EXP,1,320,16002,16,-376,680,-638,1191,166,170,136,-242,208,-463,651,-260,252,684,-19,680,1000,0,0,1,20,20,0,0,0,0,0,0,0,5,24815,0,25203,0,0,0,0,4218380,4284599,0,0,0,0,0,1000,1000,5316529
MPCTASK: EXP,1,322,16106,-39,-271,702,-625,1135,165,264,-197,-120,52,-276,651,-238,327,693,2,702,1000,0,0,1,20,20,0,0,0,0,0,0,0,5,28158,0,28649,0,0,0,0,4786857,4870404,0,0,0,0,0,1000,1000,5316529
MPCTASK: EXP,1,324,16204,-89,-185,723,-559,1060,144,161,-495,62,-101,-90,651,-188,389,702,23,723,1000,0,0,1,20,20,0,0,0,0,0,0,0,5,25678,0,25859,0,0,0,0,4365268,4396226,0,0,0,0,0,1000,1000,5316529
MPCTASK: EXP,1,326,16307,-125,-106,738,-441,1009,76,74,-673,329,-238,90,651,-125,442,724,38,738,1000,0,0,1,20,20,0,0,0,0,0,0,0,5,28827,0,29008,0,0,0,0,4900412,4931368,0,0,0,0,0,1000,1000,5316529
MPCTASK: EXP,1,328,16404,-152,-18,739,-322,997,-22,-44,-689,493,-343,261,651,-59,497,738,35,735,1019,0,0,1,20,20,0,0,0,0,0,0,0,5,25172,0,25353,0,0,0,0,4279232,4310109,0,0,0,0,0,1000,1000,5316529
MPCTASK: EXP,1,330,16504,-173,78,737,-167,991,-19,167,-991,430,-407,419,651,25,542,734,33,733,1019,0,0,1,20,20,0,0,0,0,0,0,0,5,25207,0,25897,0,0,0,0,4284980,4402649,0,0,0,0,0,1000,1000,5316529
MPCTASK: EXP,1,332,16605,-191,188,737,16,974,-1,409,-1259,289,-424,559,651,108,578,728,37,737,1019,0,0,1,20,20,0,0,0,0,0,0,0,5,25474,0,25902,0,0,0,0,4330641,4403511,0,0,0,0,0,1000,1000,5316529
MPCTASK: EXP,1,334,16707,-169,261,739,260,858,-8,713,-1492,135,-392,678,651,224,556,725,38,738,1019,0,0,1,20,20,0,0,0,0,0,0,0,5,28390,0,28571,0,0,0,0,4826212,4857167,0,0,0,0,0,1000,1000,5316529
MPCTASK: EXP,1,336,16805,-100,325,736,547,716,-73,690,-1283,-82,-314,772,651,325,533,717,21,721,1019,0,0,1,20,20,0,0,0,0,0,0,0,5,26730,0,27229,0,0,0,0,4543972,4629003,0,0,0,0,0,1000,1000,5316529
MPCTASK: EXP,1,338,16905,-16,377,722,752,587,-102,530,-775,-290,-198,841,651,397,500,713,1,701,1019,0,0,1,20,20,0,0,0,0,0,0,0,5,26475,0,26935,0,0,0,0,4500628,4578952,0,0,0,0,0,1000,1000,5316529
MPCTASK: EXP,1,340,17003,103,440,707,915,490,-83,604,-405,-426,-54,881,651,474,469,711,-9,690,1019,0,0,1,20,20,0,0,0,0,0,0,0,5,23002,0,23637,0,0,0,0,3910300,4018484,0,0,0,0,0,1000,1000,5316529
MPCTASK: EXP,1,342,17106,193,487,703,916,359,-15,891,243,-545,101,892,651,462,406,712,0,700,1019,0,0,1,20,20,0,0,0,0,0,0,0,5,26039,0,26702,0,0,0,0,4426453,4539311,0,0,0,0,0,1000,1000,5316529
MPCTASK: EXP,1,344,17204,259,512,706,794,196,17,1026,629,-585,255,874,651,406,322,713,6,706,1000,0,0,1,20,20,0,0,0,0,0,0,0,5,24806,0,24986,0,0,0,0,4217008,4247825,0,0,0,0,0,1000,1000,5316529
MPCTASK: EXP,1,346,17307,319,524,715,628,26,21,1148,922,-600,391,827,651,336,227,714,15,715,1000,0,0,1,20,20,0,0,0,0,0,0,0,5,27629,0,28160,0,0,0,0,4696872,4787388,0,0,0,0,0,1000,1000,5316529
MPCTASK: EXP,1,348,17400,348,523,718,406,-144,-17,1217,1142,-599,497,752,651,237,126,712,14,714,1019,0,0,1,20,20,0,0,0,0,0,0,0,5,20458,0,20638,0,0,0,0,3477696,3508477,0,0,0,0,0,1000,1000,5316529
MPCTASK: EXP,1,350,17506,362,496,719,167,-337,-38,1268,1234,-587,561,652,651,136,3,711,11,711,1019,0,0,1,20,20,0,0,0,0,0,0,0,5,26393,0,27037,0,0,0,0,4486712,4596342,0,0,0,0,0,1000,1000,5316529
MPCTASK: EXP,1,352,17607,336,459,709,-104,-526,-86,1247,1240,-542,578,528,651,16,-119,707,-8,691,1019,0,0,1,20,20,0,0,0,0,0,0,0,5,27803,0,27982,0,0,0,0,4726412,4757017,0,0,0,0,0,1000,1000,5316529
MPCTASK: EXP,1,354,17708,285,406,700,-367,-718,-72,1191,1049,-446,546,383,651,-93,-249,706,-14,685,1019,0,0,1,20,20,0,0,0,0,0,0,0,5,27296,0,27745,0,0,0,0,4640273,4716752,0,0,0,0,0,1000,1000,5316529
MPCTASK: EXP,1,356,17807,217,345,693,-571,-878,-43,933,754,-354,468,222,651,-179,-356,706,-15,684,1019,0,0,1,20,20,0,0,0,0,0,0,0,5,26464,0,26664,0,0,0,0,4498749,4532956,0,0,0,0,0,1000,1000,5316529
MPCTASK: EXP,1,358,17907,136,259,687,-713,-1001,-15,582,456,-301,351,48,651,-241,-463,706,-15,684,1019,0,0,1,20,20,0,0,0,0,0,0,0,5,26835,0,27032,0,0,0,0,4561952,4595616,0,0,0,0,0,1000,1000,5316529
MPCTASK: EXP,1,360,18007,57,191,689,-770,-1027,39,279,82,-211,208,-134,651,-261,-528,709,-10,689,1000,0,0,1,20,20,0,0,0,0,0,0,0,5,26731,0,26910,0,0,0,0,4544088,4574693,0,0,0,0,0,1000,1000,5316529
MPCTASK: EXP,1,362,18108,-38,104,697,-775,-1039,33,164,-313,25,52,-320,651,-265,-607,706,-2,697,1000,0,0,1,20,20,0,0,0,0,0,0,0,5,24625,0,25689,0,0,0,0,4186328,4367341,0,0,0,0,0,1000,1000,5316529
MPCTASK: EXP,1,364,18207,-93,19,711,-670,-1033,33,212,-621,379,-101,-507,651,-215,-680,711,11,711,1000,0,0,1,20,20,0,0,0,0,0,0,0,5,23925,0,24605,0,0,0,0,4067176,4183021,0,0,0,0,0,1000,1000,5316529
MPCTASK: EXP,1,366,18308,-145,-65,715,-549,-1028,-27,288,-697,721,-238,-688,651,-165,-750,710,10,710,1019,0,0,1,20,20,0,0,0,0,0,0,0,5,25339,0,26226,0,0,0,0,4307536,4458531,0,0,0,0,0,1000,1000,5316529
MPCTASK: EXP,1,368,18405,-166,-165,716,-374,-1063,-30,431,-852,1053,-343,-859,651,-73,-831,708,9,709,1019,0,0,1,20,20,0,0,0,0,0,0,0,5,22566,0,22999,0,0,0,0,3836244,3909939,0,0,0,0,0,1000,1000,5316529
MPCTASK: EXP,1,370,18508,-173,-259,712,-181,-1092,-51,479,-947,1446,-407,-1017,651,20,-888,704,2,702,1019,0,0,1,20,20,0,0,0,0,0,0,0,5,24764,0,25459,0,0,0,0,4209820,4328109,0,0,0,0,0,1000,1000,5316529
MPCTASK: EXP,1,372,18608,-158,-368,705,30,-1118,-25,407,-830,1717,-424,-1157,651,113,-949,704,0,700,1019,0,0,1,20,20,0,0,0,0,0,0,0,5,25061,0,25875,0,0,0,0,4260336,4398885,0,0,0,0,0,1000,1000,5316529
MPCTASK: EXP,1,374,18708,-130,-482,698,214,-1120,-37,117,-826,1773,-392,-1275,651,193,-987,703,-9,690,1019,0,0,1,20,20,0,0,0,0,0,0,0,5,24212,0,25072,0,0,0,0,4116001,4262317,0,0,0,0,0,1000,1000,5316529
MPCTASK: EXP,1,376,18805,-101,-584,689,342,-1072,-64,-142,-773,1620,-314,-1370,651,248,-997,702,-22,677,1019,0,0,1,20,20,0,0,0,0,0,0,0,5,21749,0,22520,0,0,0,0,3697348,3828501,0,0,0,0,0,1000,1000,5316529
MPCTASK: EXP,1,378,18908,-60,-692,688,466,-1000,-48,-381,-833,1200,-198,-1438,651,297,-1004,704,-21,678,1019,0,0,1,20,20,0,0,0,0,0,0,0,5,24650,0,25160,0,0,0,0,4190485,4277348,0,0,0,0,0,1000,1000,5316529
MPCTASK: EXP,1,380,19006,-17,-774,688,580,-878,-9,-547,-808,635,-54,-1479,651,330,-978,701,-13,686,1019,0,0,1,20,20,0,0,0,0,0,0,0,5,22762,0,23630,0,0,0,0,3869349,4017125,0,0,0,0,0,1000,1000,5316529
MPCTASK: EXP,1,382,19109,46,-855,694,703,-761,20,-739,-625,151,101,-1490,651,354,-946,705,-5,694,1000,0,0,1,20,20,0,0,0,0,0,0,0,5,26217,0,27222,0,0,0,0,4456920,4627933,0,0,0,0,0,1000,1000,5316529
MPCTASK: EXP,1,384,19208,121,-915,693,780,-596,6,-1075,-171,-127,255,-1472,651,351,-873,705,-6,693,1000,0,0,1,20,20,0,0,0,0,0,0,0,5,24330,0,25054,0,0,0,0,4136069,4259332,0,0,0,0,0,1000,1000,5316529
MPCTASK: EXP,1,386,19308,210,-964,689,780,-387,-31,-1333,539,-238,391,-1425,651,321,-786,704,-16,683,1019,0,0,1,20,20,0,0,0,0,0,0,0,5,25232,0,25902,0,0,0,0,4289368,4403365,0,0,0,0,0,1000,1000,5316529
MPCTASK: EXP,1,388,19403,279,-981,687,643,-119,-28,-1521,1143,-242,497,-1350,651,251,-664,702,-17,682,1019,0,0,1,20,20,0,0,0,0,0,0,0,5,20981,0,21531,0,0,0,0,3566776,3660359,0,0,0,0,0,1000,1000,5316529
MPCTASK: EXP,1,390,19506,328,-974,690,423,163,-29,-1545,1505,-214,561,-1249,651,167,-533,703,-14,685,1019,0,0,1,20,20,0,0,0,0,0,0,0,5,23224,0,24464,0,0,0,0,3947920,4158926,0,0,0,0,0,1000,1000,5316529
MPCTASK: EXP,1,392,19607,347,-929,692,154,453,-44,-1416,1610,-220,578,-1125,651,73,-386,702,-15,684,1019,0,0,1,20,20,0,0,0,0,0,0,0,5,24046,0,24340,0,0,0,0,4087780,4137975,0,0,0,0,0,1000,1000,5316529
MPCTASK: EXP,1,394,19708,332,-866,683,-138,706,-83,-1191,1570,-216,546,-981,651,-27,-243,702,-33,666,1019,0,0,1,20,20,0,0,0,0,0,0,0,5,25323,0,26035,0,0,0,0,4304748,4425969,0,0,0,0,0,1000,1000,5316529
MPCTASK: EXP,1,396,19804,306,-768,669,-400,946,-88,-945,1328,-214,468,-820,651,-101,-89,697,-48,651,1019,0,0,1,20,20,0,0,0,0,0,0,0,5,22283,0,22528,0,0,0,0,3788032,3829921,0,0,0,0,0,1000,1000,5316529
MPCTASK: EXP,1,398,19909,253,-656,650,-619,1114,-77,-527,898,-218,351,-646,651,-156,41,697,-65,634,1019,0,0,1,20,20,0,0,0,0,0,0,0,5,26582,0,27394,0,0,0,0,4518852,4657002,0,0,0,0,0,1000,1000,5316529
MPCTASK: EXP,1,400,20005,185,-560,643,-744,1150,9,-63,426,-166,208,-463,651,-181,119,698,-56,643,1000,0,0,1,20,20,0,0,0,0,0,0,0,5,22712,0,22902,0,0,0,0,3860924,3893433,0,0,0,0,0,1000,1000,5316529
MPCTASK: EXP,1,402,20109,114,-457,650,-776,1121,89,93,5,-105,52,-276,651,-176,198,706,-49,650,1000,0,0,1,20,20,0,0,0,0,0,0,0,5,25672,0,26287,0,0,0,0,4364112,4468848,0,0,0,0,0,1000,1000,5316529
MPCTASK: EXP,1,404,20206,57,-378,668,-717,1053,138,132,-373,50,-101,-90,651,-130,247,713,-31,668,1000,0,0,1,20,20,0,0,0,0,0,0,0,5,23624,0,24385,0,0,0,0,4015936,4145497,0,0,0,0,0,1000,1000,5316529
MPCTASK: EXP,1,406,20310,8,-309,687,-599,986,109,108,-687,319,-238,90,651,-69,284,720,-12,687,1000,0,0,1,20,20,0,0,0,0,0,0,0,5,27890,0,28071,0,0,0,0,4741144,4772094,0,0,0,0,0,1000,1000,5316529
MPCTASK: EXP,1,408,20405,-30,-231,698,-463,958,31,-54,-789,552,-343,261,651,-6,338,717,-1,698,1000,0,0,1,20,20,0,0,0,0,0,0,0,5,21302,0,22194,0,0,0,0,3621241,3773025,0,0,0,0,0,1000,1000,5316529
MPCTASK: EXP,1,410,20509,-49,-162,699,-299,944,-12,-125,-864,759,-407,419,651,69,380,713,-3,696,1019,0,0,1,20,20,0,0,0,0,0,0,0,5,25655,0,26282,0,0,0,0,4361201,4468060,0,0,0,0,0,1000,1000,5316529
MPCTASK: EXP,1,412,20605,-57,-100,695,-135,942,-13,-84,-886,957,-424,559,651,143,395,711,-6,693,1019,0,0,1,20,20,0,0,0,0,0,0,0,5,22104,0,22663,0,0,0,0,3757501,3852801,0,0,0,0,0,1000,1000,5316529
MPCTASK: EXP,1,414,20706,-52,-37,697,37,931,-8,-39,-931,1138,-392,677,651,206,410,710,-4,695,1019,0,0,1,20,20,0,0,0,0,0,0,0,5,23817,0,23996,0,0,0,0,4048772,4079377,0,0,0,0,0,1000,1000,5316529
MPCTASK: EXP,1,416,20804,-46,42,691,174,932,-49,187,-873,1051,-314,772,651,250,414,707,-18,681,1019,0,0,1,20,20,0,0,0,0,0,0,0,5,21424,0,22108,0,0,0,0,3641845,3758397,0,0,0,0,0,1000,1000,5316529
MPCTASK: EXP,1,418,20909,-23,102,690,350,852,-1,516,-1076,825,-197,840,651,313,375,711,-9,690,1019,0,0,1,20,20,0,0,0,0,0,0,0,5,25973,0,26613,0,0,0,0,4415256,4524203,0,0,0,0,0,1000,1000,5316529
MPCTASK: EXP,1,420,21002,17,160,695,535,739,10,672,-936,638,-54,881,651,349,335,711,-4,695,1000,0,0,1,20,20,0,0,0,0,0,0,0,5,20305,0,20555,0,0,0,0,3451731,3494281,0,0,0,0,0,1000,1000,5316529
MPCTASK: EXP,1,422,21109,73,203,693,658,598,-32,676,-455,443,101,892,651,351,280,709,-13,686,1019,0,0,1,20,20,0,0,0,0,0,0,0,5,25692,0,26422,0,0,0,0,4367604,4491893,0,0,0,0,0,1000,1000,5316529
MPCTASK: EXP,1,424,21207,120,249,686,680,486,-32,740,25,232,255,874,651,313,224,708,-19,680,1019,0,0,1,20,20,0,0,0,0,0,0,0,5,24369,0,24839,0,0,0,0,4142548,4222584,0,0,0,0,0,1000,1000,5316529
MPCTASK: EXP,1,426,21308,197,269,689,644,284,28,977,400,-68,391,827,651,285,118,710,-10,689,1000,0,0,1,20,20,0,0,0,0,0,0,0,5,24958,0,25665,0,0,0,0,4242752,4363029,0,0,0,0,0,1000,1000,5316529
MPCTASK: EXP,1,428,21401,238,281,698,514,93,68,1144,719,-342,496,753,651,212,15,715,-1,698,1000,0,0,1,20,20,0,0,0,0,0,0,0,5,19024,0,19676,0,0,0,0,3233956,3344937,0,0,0,0,0,1000,1000,5316529
MPCTASK: EXP,1,430,21510,272,273,710,347,-109,53,1313,940,-560,560,653,651,136,-104,715,10,710,1000,0,0,1,20,20,0,0,0,0,0,0,0,5,26516,0,26713,0,0,0,0,4507633,4541271,0,0,0,0,0,1000,1000,5316529
MPCTASK: EXP,1,432,21607,278,245,715,130,-323,1,1369,1104,-682,577,529,651,44,-231,706,15,715,1000,0,0,1,20,20,0,0,0,0,0,0,0,5,23029,0,23348,0,0,0,0,3914877,3969168,0,0,0,0,0,1000,1000,5316529
MPCTASK: EXP,1,434,21713,266,198,713,-103,-540,-29,1345,1115,-700,544,385,651,-42,-366,699,7,707,1019,0,0,1,20,20,0,0,0,0,0,0,0,5,28964,0,29145,0,0,0,0,4923788,4954743,0,0,0,0,0,1000,1000,5316529
MPCTASK: EXP,1,436,21807,222,132,707,-346,-749,-50,1212,994,-636,466,224,651,-128,-501,694,-2,697,1019,0,0,1,20,20,0,0,0,0,0,0,0,5,23822,0,24003,0,0,0,0,4049584,4080536,0,0,0,0,0,1000,1000,5316529
MPCTASK: EXP,1,438,21908,171,55,702,-530,-921,-31,928,698,-540,349,50,651,-178,-618,693,-4,695,1019,0,0,1,20,20,0,0,0,0,0,0,0,5,23871,0,24529,0,0,0,0,4057970,4169939,0,0,0,0,0,1000,1000,5316529
MPCTASK: EXP,1,440,22007,114,-41,699,-636,-1044,2,514,358,-466,207,-132,651,-196,-721,692,0,699,1000,0,0,1,20,20,0,0,0,0,0,0,0,5,22592,0,23096,0,0,0,0,3840484,3926350,0,0,0,0,0,1000,1000,5316529
MPCTASK: EXP,1,442,22108,51,-125,697,-675,-1072,11,223,32,-334,52,-321,651,-192,-793,693,-2,697,1000,0,0,1,20,20,0,0,0,0,0,0,0,5,23866,0,24046,0,0,0,0,4057265,4087873,0,0,0,0,0,1000,1000,5316529
MPCTASK: EXP,1,444,22207,-15,-199,705,-645,-1053,69,214,-483,-111,-99,-509,651,-153,-853,695,5,705,1000,0,0,1,20,20,0,0,0,0,0,0,0,5,24116,0,24297,0,0,0,0,4099716,4130681,0,0,0,0,0,1000,1000,5316529
MPCTASK: EXP,1,446,22309,-49,-318,716,-494,-1121,34,441,-975,271,-232,-694,651,-67,-959,694,16,716,1000,0,0,1,20,20,0,0,0,0,0,0,0,5,25532,0,25720,0,0,0,0,4340217,4372395,0,0,0,0,0,1000,1000,5316529
MPCTASK: EXP,1,448,22405,-65,-434,728,-321,-1186,-7,297,-981,571,-334,-870,651,-1,-1027,690,26,726,1019,0,0,1,20,20,0,0,0,0,0,0,0,5,22190,0,22560,0,0,0,0,3772252,3835291,0,0,0,0,0,1000,1000,5316529
MPCTASK: EXP,1,450,22510,-68,-555,717,-129,-1179,-105,0,-846,855,-394,-1032,651,69,-1065,682,-3,696,1019,0,0,1,20,20,0,0,0,0,0,0,0,5,25916,0,26097,0,0,0,0,4405561,4436517,0,0,0,0,0,1000,1000,5316529
MPCTASK: EXP,1,452,22607,-54,-686,702,46,-1156,-122,-325,-968,936,-408,-1175,651,144,-1088,676,-21,678,1019,0,0,1,20,20,0,0,0,0,0,0,0,5,23860,0,24059,0,0,0,0,4056032,4089975,0,0,0,0,0,1000,1000,5316529
MPCTASK: EXP,1,454,22708,-41,-782,696,202,-1024,-74,-597,-925,778,-376,-1295,651,187,-1057,677,-18,681,1019,0,0,1,20,20,0,0,0,0,0,0,0,5,24278,0,24457,0,0,0,0,4127287,4157890,0,0,0,0,0,1000,1000,5316529
MPCTASK: EXP,1,456,22807,-4,-875,690,352,-878,-62,-945,-716,602,-301,-1386,651,219,-1003,676,-21,678,1019,0,0,1,20,20,0,0,0,0,0,0,0,5,22721,0,23041,0,0,0,0,3862425,3917032,0,0,0,0,0,1000,1000,5316529
MPCTASK: EXP,1,458,22909,41,-938,684,444,-642,-28,-1317,-418,541,-194,-1444,651,229,-908,676,-21,678,1019,0,0,1,20,20,0,0,0,0,0,0,0,5,25868,0,26049,0,0,0,0,4397552,4428483,0,0,0,0,0,1000,1000,5316529
MPCTASK: EXP,1,460,23005,100,-980,677,478,-366,-52,-1660,19,624,-68,-1463,651,221,-795,674,-32,667,1019,0,0,1,20,20,0,0,0,0,0,0,0,5,21507,0,21688,0,0,0,0,3656120,3687071,0,0,0,0,0,1000,1000,5316529
MPCTASK: EXP,1,462,23108,137,-984,668,395,-37,-82,-1862,423,704,59,-1442,651,175,-672,675,-47,652,1019,0,0,1,20,20,0,0,0,0,0,0,0,5,24288,0,24751,0,0,0,0,4128885,4207663,0,0,0,0,0,1000,1000,5316529
MPCTASK: EXP,1,464,23208,169,-952,664,259,302,-47,-1654,666,621,174,-1379,651,150,-579,691,-44,655,1019,0,0,1,20,20,0,0,0,0,0,0,0,5,23965,0,24285,0,0,0,0,4074028,4128625,0,0,0,0,0,1000,1000,5316529
MPCTASK: EXP,1,466,23310,173,-882,664,97,587,-4,-1160,649,446,262,-1275,651,110,-482,697,-36,663,1019,0,0,1,20,20,0,0,0,0,0,0,0,5,26792,0,26973,0,0,0,0,4554520,4585395,0,0,0,0,0,1000,1000,5316529
MPCTASK: EXP,1,468,23406,157,-786,661,-51,780,0,-580,571,371,312,-1135,651,71,-403,698,-38,661,1000,0,0,1,20,20,0,0,0,0,0,0,0,5,23044,0,23242,0,0,0,0,3917476,3951283,0,0,0,0,0,1000,1000,5316529
MPCTASK: EXP,1,470,23509,141,-710,656,-148,836,49,-51,316,323,321,-969,652,65,-384,700,-43,656,1000,0,0,1,20,20,0,0,0,0,0,0,0,5,25295,0,25949,0,0,0,0,4300060,4411396,0,0,0,0,0,1000,1000,5316529
MPCTASK: EXP,1,472,23608,119,-646,662,-192,777,94,395,105,305,292,-790,652,67,-395,706,-37,662,1000,0,0,1,20,20,0,0,0,0,0,0,0,5,23555,0,23735,0,0,0,0,4004192,4035000,0,0,0,0,0,1000,1000,5316529
MPCTASK: EXP,1,474,23710,97,-585,674,-185,668,113,627,-225,286,237,-617,652,79,-398,711,-25,674,1000,0,0,1,20,20,0,0,0,0,0,0,0,5,24840,0,25204,0,0,0,0,4222776,4284765,0,0,0,0,0,1000,1000,5316529
MPCTASK: EXP,1,476,23806,77,-516,694,-132,552,134,945,-426,256,172,-469,652,87,-383,715,-5,694,1000,0,0,1,20,20,0,0,0,0,0,0,0,5,21952,0,22131,0,0,0,0,3731688,3762268,0,0,0,0,0,1000,1000,5316529
MPCTASK: EXP,1,478,23909,79,-501,706,-44,370,59,1059,-500,294,116,-364,652,98,-397,711,6,706,1000,0,0,1,20,20,0,0,0,0,0,0,0,5,24450,0,24627,0,0,0,0,4156433,4186609,0,0,0,0,0,1000,1000,5316529
MPCTASK: EXP,1,480,24008,87,-497,700,46,180,-61,523,-159,390,84,-310,652,90,-393,703,-11,688,1019,0,0,1,20,20,0,0,0,0,0,0,0,5,22920,0,23098,0,0,0,0,3896272,3926728,0,0,0,0,0,1000,1000,5316529
MPCTASK: EXP,1,482,24106,105,-513,686,74,90,-61,-36,92,520,76,-298,651,109,-421,698,-25,674,1019,0,0,1,20,20,0,0,0,0,0,0,0,5,21916,0,22093,0,0,0,0,3725612,3755905,0,0,0,0,0,1000,1000,5316529
MPCTASK: TRAJ DONE: idx=482, max=482; requesting landing
MPCTASK: LANDING: start z=0.68, hold=(0.10,-0.51)
MPCTASK: TIMING SUMMARY: max_step_cycles=5316529 deadline_cycles=8400000 overruns=0
MPCTASK: LANDING COMPLETE: t=32092 ms, x=0.123, y=-0.510, z=0.005, vz=-0.071; motors off
