SYS: Crazyflie 2.1 Brushless is up and running!
SYS: Build 2:de14ff9f08ae (2025.09.1 +2) MODIFIED
SYS: I am 0x373930393434471500370039 and I have 1024KB of flash!
CFGBLK: v1, verification [OK]
DECK_DISCOVERY: Backend found: onewire
DECK_DISCOVERY: Backend found: deckctrl
DECK_CORE: 1 deck(s) found
DECK_CORE: Calling INIT on driver bcFlow2 for deck 0
ZR2: Z-down sensor [OK]
PMW: Motion chip id: 0x49:0xB6
IMU: BMI088: Using I2C interface.
IMU: BMI088 Gyro connection [OK].
IMU: BMI088 Accel connection [OK]
IMU: BMP390 I2C connection [OK]
ESTIMATOR: Using Kalman (2) estimator
CONTROLLER: Using PID (1) controller
MTR-DRV: Using brushless motor driver
SYS: About to run tests in system.c.
SYS: NRF51 version: 2026.04 (C21B)
EEPROM: I2C connection [OK].
STORAGE: Storage check [OK].
IMU: BMI088 gyro self-test [OK]
DECK_CORE: Deck 0 test [OK].
SYS: Self test passed!
STAB: Wait for sensor calibration...
SYS: Free heap: 15048 bytes
MPCTASK: Waiting for activation ...
STAB: Starting stabilizer loop
STAB: WARNING: stabilizer loop rate is off (1004)
SUP: Ready to fly
MPCTASK: Benchmark mode 0, maneuver 4, max_iter 5, task_pri 0
MPCTASK: Reference altitude: 0.70 m; barrier skip when z>0.75 and vz>-0.20
MPCTASK: OOT takeoff: cfclient trigger>=0.15m ramp=0.15m/s forced_trajectory_start=3000ms timeout=12000ms
MPCTASK: Common baseline: mpc_hz=20 model_hz=20 rho=5 base_w=0 base_qz=1 Qz=100 R=4 bridge=x10 guards=z[ref,ref+0.20] xy=free cap=0.05
MPCTASK: MPC->PID: xyz=x10, z_guard=[ref,ref+0.20], yaw=raw_rz, output_hold=200ms, safety_hold=500ms
MPCTASK: Reference origin: xy=forced_3s_start z=0.70 m
MPCTASK: Fixed baseline: w=0 qz=1 adaptive_cache=off
MPCTASK: EXP every=2: m,s,tms,p3[mm],v3[mmps],att3[cdeg],ref3[mm],cmd3[mm],h/raw/grad/mar/thr[milli],act/ac/bind,wi/qi/cache/noa,pa/pf/du[milli],it,mpc/eval/total[us],bar/tanh/rl/cache/solve/step[cycles],overruns,post_active/post_infeasible_totals,wreq/w/qzreq/qz[milli],max_step_cycles
MPCTASK: Figure8: source=traj_fig8_12.h source_hz=100 samples=1205 laps=2 duration=24.07 s origin=forced_3s_start z_offset=0.09 m
CONTROLLER: Using OutOfTree (6) controller
MPCTASK: Trajectory origin: x=0.0 y=-0.04
MPCTASK: OOT activated at z=0.01
MPCTASK: TAKEOFF START: trigger_z=0.15 start_z=0.01 target=0.70 hold=(0.0,-0.05) ramp=0.15m/s
MPCTASK: OOT loop 1 done
MPCTASK: OOT loop 2 done
MPCTASK: MPC task loop 1
MPCTASK: x0: pos=(0.0,-0.05,0.01) vel=(0MPCTASK: OOT loop 3 done
.0,0.0,-0.0)
MPCTASK: ref: (0.0,-0.05,0.01)
MPCTASK: MPC solve start
MPCTASK: MPC solve done, iter=5
MPCTASK: MPC time=22081 us
MPCTASK: MPC stack free=1165 words
MPCTASK: setpoint: x=0.0 y=-0.05 z=0.07 preview_z=0.07
MPCTASK: MPC task loop 2
MPCTASK: MPC task loop 3
MPCTASK: TAKEOFF COMPLETE: t=3000ms z=0.40 vz=0.29; trajectory queued origin=(0.02,-0.07)
MPCTASK: TRAJ START: z=0.40 origin=(0.02,-0.07) EXP clock reset
MPCTASK: EXP,0,2,72,29,-78,422,-14,-7,300,-214,190,-386,25,-75,700,-45,256,700,0,0,0,0,0,0,0,0,0,0,0,0,0,0,0,5,21637,0,21917,0,0,0,0,3678259,3726026,0,0,0,0,0,1000,1000,3726026
MPCTASK: EXP,0,4,176,25,-76,459,-52,85,440,-869,291,-452,14,-56,700,-20,341,700,0,0,0,0,0,0,0,0,0,0,0,0,0,0,0,5,25672,0,25725,0,0,0,0,4364239,4373382,0,0,0,0,0,1000,1000,4373382
MPCTASK: EXP,0,6,269,22,-61,514,-95,303,555,-1392,411,-466,-19,10,700,14,438,700,0,0,0,0,0,0,0,0,0,0,0,0,0,0,0,5,18505,0,18557,0,0,0,0,3145727,3154870,0,0,0,0,0,1000,1000,4373382
MPCTASK: EXP,0,8,374,-6,-30,572,-168,529,523,-1515,251,-508,-72,129,700,34,517,700,0,0,0,0,0,0,0,0,0,0,0,0,0,0,0,5,24029,0,24083,0,0,0,0,4084987,4094288,0,0,0,0,0,1000,1000,4373382
MPCTASK: EXP,0,10,471,-22,43,620,-162,781,427,-1389,-59,-518,-127,288,700,81,608,700,0,0,0,0,0,0,0,0,0,0,0,0,0,0,0,5,20765,0,20825,0,0,0,0,3530000,3540285,0,0,0,0,0,1000,1000,4373382
MPCTASK: EXP,0,12,573,-32,133,655,-101,973,322,-972,-427,-499,-165,468,700,138,670,700,0,0,0,0,0,0,0,0,0,0,0,0,0,0,0,5,22021,0,22081,0,0,0,0,3743503,3753790,0,0,0,0,0,1000,1000,4373382
MPCTASK: EXP,0,14,671,-29,228,683,14,1073,263,-453,-743,-436,-173,647,700,199,702,700,0,0,0,0,0,0,0,0,0,0,0,0,0,0,0,5,20067,0,20119,0,0,0,0,3411271,3420414,0,0,0,0,0,1000,1000,4373382
MPCTASK: EXP,0,16,773,-7,326,706,170,1086,214,28,-836,-346,-142,807,700,254,709,700,0,0,0,0,0,0,0,0,0,0,0,0,0,0,0,5,22055,0,22109,0,0,0,0,3749319,3758624,0,0,0,0,0,1000,1000,4373382
MPCTASK: EXP,0,18,871,26,433,731,312,1040,195,501,-691,-281,-73,936,699,286,703,699,0,0,0,0,0,0,0,0,0,0,0,0,0,0,0,5,19927,0,20326,0,0,0,0,3387416,3455484,0,0,0,0,0,1000,1000,4373382
MPCTASK: EXP,0,20,975,54,538,749,391,928,143,917,-444,-255,27,1025,699,277,677,699,0,0,0,0,0,0,0,0,0,0,0,0,0,0,0,5,22810,0,22863,0,0,0,0,3877692,3886834,0,0,0,0,0,1000,1000,4373382
MPCTASK: EXP,0,22,1071,100,594,769,444,706,114,1294,-182,-202,146,1071,699,264,587,704,0,0,0,0,0,0,0,0,0,0,0,0,0,0,0,5,19660,0,19714,0,0,0,0,3342059,3351367,0,0,0,0,0,1000,1000,4373382
MPCTASK: EXP,0,24,1175,144,654,778,439,483,39,1507,168,-210,268,1073,699,223,507,704,0,0,0,0,0,0,0,0,0,0,0,0,0,0,0,5,24232,0,24285,0,0,0,0,4119343,4128653,0,0,0,0,0,1000,1000,4373382
MPCTASK: EXP,0,26,1272,213,653,782,416,172,-1,1608,486,-236,378,1034,699,196,368,703,0,0,0,0,0,0,0,0,0,0,0,0,0,0,0,5,20671,0,20995,0,0,0,0,3514051,3569226,0,0,0,0,0,1000,1000,4373382
MPCTASK: EXP,0,28,1375,239,637,776,278,-124,-36,1561,829,-305,461,957,700,111,231,701,0,0,0,0,0,0,0,0,0,0,0,0,0,0,0,5,23266,0,23561,0,0,0,0,3955220,4005489,0,0,0,0,0,1000,1000,4373382
MPCTASK: EXP,0,30,1471,251,581,768,92,-427,-44,1458,1016,-366,505,849,700,22,69,700,0,0,0,0,0,0,0,0,0,0,0,0,0,0,0,5,20084,0,20138,0,0,0,0,3414343,3423653,0,0,0,0,0,1000,1000,4373382
MPCTASK: EXP,0,32,1573,239,514,761,-128,-684,-30,1297,1110,-422,504,715,700,-75,-82,700,0,0,0,0,0,0,0,0,0,0,0,0,0,0,0,5,22057,0,22111,0,0,0,0,3749555,3758868,0,0,0,0,0,1000,1000,4373382
MPCTASK: EXP,0,34,1673,210,412,756,-348,-917,-6,1051,1045,-445,457,559,700,-160,-243,700,0,0,0,0,0,0,0,0,0,0,0,0,0,0,0,5,21402,0,21739,0,0,0,0,3638267,3695615,0,0,0,0,0,1000,1000,4435417
MPCTASK: EXP,0,36,1776,163,283,751,-539,-1098,18,628,859,-445,366,387,700,-227,-393,700,0,0,0,0,0,0,0,0,0,0,0,0,0,0,0,5,23960,0,24013,0,0,0,0,4073128,4082286,0,0,0,0,0,1000,1000,4435417
MPCTASK: EXP,0,38,1871,39,113,751,-755,-1232,54,144,651,-390,241,204,700,-339,-553,700,0,0,0,0,0,0,0,0,0,0,0,0,0,0,0,5,19650,0,19706,0,0,0,0,3340379,3350102,0,0,0,0,0,1000,1000,4435417
MPCTASK: EXP,0,40,1973,-36,-1,758,-834,-1205,103,-276,232,-374,94,16,700,-354,-630,700,0,0,0,0,0,0,0,0,0,0,0,0,0,0,0,5,22259,0,22313,0,0,0,0,3783979,3793305,0,0,0,0,0,1000,1000,4435417
MPCTASK: EXP,0,42,2071,-125,-110,777,-842,-1132,129,-414,-176,-363,-60,-173,700,-354,-700,706,0,0,0,0,0,0,0,0,0,0,0,0,0,0,0,5,20067,0,20130,0,0,0,0,3411371,3422205,0,0,0,0,0,1000,1000,4435417
MPCTASK: EXP,0,44,2175,-266,-188,795,-851,-1029,101,-419,-537,-366,-208,-359,700,-386,-739,710,0,0,0,0,0,0,0,0,0,0,0,0,0,0,0,5,23561,0,23615,0,0,0,0,4005264,4014588,0,0,0,0,0,1000,1000,4435417
MPCTASK: EXP,0,46,2273,-326,-295,808,-718,-1000,27,-35,-941,-454,-332,-537,700,-319,-838,712,0,0,0,0,0,0,0,0,0,0,0,0,0,0,0,5,22008,0,22063,0,0,0,0,3741191,3750708,0,0,0,0,0,1000,1000,4435417
MPCTASK: EXP,0,48,2372,-395,-360,817,-541,-976,-7,-103,-1425,-553,-423,-704,700,-247,-861,713,0,0,0,0,0,0,0,0,0,0,0,0,0,0,0,5,20671,0,21074,0,0,0,0,3514007,3582745,0,0,0,0,0,1000,1000,4435417
MPCTASK: EXP,0,50,2472,-447,-364,816,-315,-875,-88,-139,-1638,-496,-469,-854,700,-173,-817,710,0,0,0,0,0,0,0,0,0,0,0,0,0,0,0,5,20397,0,20689,0,0,0,0,3467380,3517238,0,0,0,0,0,1000,1000,4435417
MPCTASK: EXP,0,52,2575,-493,-423,804,-65,-835,-146,-210,-1737,-240,-466,-986,700,-107,-814,704,0,0,0,0,0,0,0,0,0,0,0,0,0,0,0,5,23438,0,23492,0,0,0,0,3984335,3993661,0,0,0,0,0,1000,1000,4435417
MPCTASK: EXP,0,54,2673,-480,-427,786,244,-716,-151,-261,-1647,-36,-416,-1095,700,-12,-751,700,0,0,0,0,0,0,0,0,0,0,0,0,0,0,0,5,21146,0,21202,0,0,0,0,3594728,3604341,0,0,0,0,0,1000,1000,4435417
MPCTASK: EXP,0,56,2773,-406,-474,766,585,-639,-108,-273,-1522,4,-321,-1179,700,117,-728,700,0,0,0,0,0,0,0,0,0,0,0,0,0,0,0,5,21966,0,22019,0,0,0,0,3734159,3743322,0,0,0,0,0,1000,1000,4435417
MPCTASK: EXP,0,58,2873,-389,-465,759,788,-517,-36,-221,-1215,-141,-193,-1235,700,141,-653,700,0,0,0,0,0,0,0,0,0,0,0,0,0,0,0,5,21428,0,21752,0,0,0,0,3642608,3697907,0,0,0,0,0,1000,1000,4435417
MPCTASK: EXP,0,60,2974,-344,-463,759,929,-443,16,-185,-913,-313,-43,-1264,700,161,-587,700,0,0,0,0,0,0,0,0,0,0,0,0,0,0,0,5,22529,0,22676,0,0,0,0,3829963,3855100,0,0,0,0,0,1000,1000,4435417
MPCTASK: EXP,0,62,3071,-300,-501,763,996,-410,51,-175,-431,-522,113,-1263,700,134,-554,700,0,0,0,0,0,0,0,0,0,0,0,0,0,0,0,5,19072,0,19713,0,0,0,0,3242151,3351387,0,0,0,0,0,1000,1000,4435417
MPCTASK: EXP,0,64,3177,-183,-435,772,1056,-260,77,-275,145,-701,262,-1233,700,149,-410,703,0,0,0,0,0,0,0,0,0,0,0,0,0,0,0,5,25568,0,25621,0,0,0,0,4346527,4355698,0,0,0,0,0,1000,1000,4435417
MPCTASK: EXP,0,66,3273,-106,-433,787,971,-181,90,-284,624,-766,387,-1175,700,104,-330,708,0,0,0,0,0,0,0,0,0,0,0,0,0,0,0,5,21667,0,21915,0,0,0,0,3683343,3725632,0,0,0,0,0,1000,1000,4435417
MPCTASK: EXP,0,68,3379,-30,-425,803,848,-91,85,-419,1070,-761,477,-1090,700,52,-237,712,0,0,0,0,0,0,0,0,0,0,0,0,0,0,0,5,25961,0,26020,0,0,0,0,4412938,4423494,0,0,0,0,0,1000,1000,4435417
MPCTASK: EXP,0,70,3475,9,-411,819,590,51,36,-706,1526,-679,523,-979,700,-49,-120,715,0,0,0,0,0,0,0,0,0,0,0,0,0,0,0,5,21116,0,21169,0,0,0,0,3589488,3598814,0,0,0,0,0,1000,1000,4435417
MPCTASK: EXP,0,72,3575,39,-394,819,329,214,-58,-913,1698,-553,520,-847,700,-131,-7,711,0,0,0,0,0,0,0,0,0,0,0,0,0,0,0,5,21598,0,21651,0,0,0,0,3671567,3680734,0,0,0,0,0,1000,1000,4435417
MPCTASK: EXP,0,74,3674,36,-373,808,63,375,-122,-1009,1675,-428,469,-695,700,-211,95,706,0,0,0,0,0,0,0,0,0,0,0,0,0,0,0,5,21118,0,21178,0,0,0,0,3590031,3600473,0,0,0,0,0,1000,1000,4435417
MPCTASK: EXP,0,76,3776,-12,-316,788,-251,594,-156,-1046,1402,-314,375,-528,700,-306,230,700,0,0,0,0,0,0,0,0,0,0,0,0,0,0,0,5,21909,0,21964,0,0,0,0,3724440,3734012,0,0,0,0,0,1000,1000,4435417
MPCTASK: EXP,0,78,3871,-72,-270,770,-486,769,-112,-941,893,-254,246,-350,700,-360,332,700,0,0,0,0,0,0,0,0,0,0,0,0,0,0,0,5,17862,0,17915,0,0,0,0,3036527,3045690,0,0,0,0,0,1000,1000,4435417
MPCTASK: EXP,0,80,3980,-111,-163,760,-586,968,-32,-823,334,-146,96,-166,700,-348,475,700,0,0,0,0,0,0,0,0,0,0,0,0,0,0,0,5,25978,0,26256,0,0,0,0,4416121,4463703,0,0,0,0,0,1000,1000,4463703
MPCTASK: EXP,0,82,4073,-196,-82,763,-635,1064,44,-502,-74,-76,-61,20,700,-354,556,700,0,0,0,0,0,0,0,0,0,0,0,0,0,0,0,5,19907,0,20092,0,0,0,0,3384059,3415639,0,0,0,0,0,1000,1000,4463703
MPCTASK: EXP,0,84,4176,-262,74,772,-599,1191,52,-283,-434,29,-209,205,700,-326,692,702,0,0,0,0,0,0,0,0,0,0,0,0,0,0,0,5,21948,0,22086,0,0,0,0,3731060,3754686,0,0,0,0,0,1000,1000,4463703
MPCTASK: EXP,0,86,4276,-308,157,788,-480,1140,66,142,-836,-13,-335,383,700,-248,715,707,0,0,0,0,0,0,0,0,0,0,0,0,0,0,0,5,21680,0,21734,0,0,0,0,3685599,3694925,0,0,0,0,0,1000,1000,4463703
MPCTASK: EXP,0,88,4381,-347,232,800,-312,1055,35,270,-1262,-100,-425,549,700,-160,733,709,0,0,0,0,0,0,0,0,0,0,0,0,0,0,0,5,26975,0,27029,0,0,0,0,4585587,4594913,0,0,0,0,0,1000,1000,4594913
MPCTASK: EXP,0,90,4476,-354,290,802,-78,957,-44,187,-1472,-177,-471,700,700,-55,737,707,0,0,0,0,0,0,0,0,0,0,0,0,0,0,0,5,21690,0,21745,0,0,0,0,3687271,3696784,0,0,0,0,0,1000,1000,4594913
MPCTASK: EXP,0,92,4578,-340,362,789,177,893,-129,156,-1458,-244,-468,832,700,47,749,701,0,0,0,0,0,0,0,0,0,0,0,0,0,0,0,5,22925,0,22979,0,0,0,0,3897103,3906428,0,0,0,0,0,1000,1000,4594913
MPCTASK: EXP,0,94,4675,-260,412,766,491,801,-160,290,-1301,-323,-417,941,700,186,718,700,0,0,0,0,0,0,0,0,0,0,0,0,0,0,0,5,20305,0,20359,0,0,0,0,3451796,3461117,0,0,0,0,0,1000,1000,4594913
MPCTASK: EXP,0,96,4776,-185,448,744,728,679,-122,328,-1007,-378,-322,1026,700,279,674,700,0,0,0,0,0,0,0,0,0,0,0,0,0,0,0,5,21909,0,21962,0,0,0,0,3724455,3733618,0,0,0,0,0,1000,1000,4594913
MPCTASK: EXP,0,98,4874,-107,465,731,879,557,-67,415,-654,-368,-193,1083,700,334,605,700,0,0,0,0,0,0,0,0,0,0,0,0,0,0,0,5,20126,0,20179,0,0,0,0,3421267,3430430,0,0,0,0,0,1000,1000,4594913
MPCTASK: EXP,0,100,4978,-1,488,725,965,417,-1,527,-111,-350,-43,1112,700,367,533,700,0,0,0,0,0,0,0,0,0,0,0,0,0,0,0,5,22889,0,22945,0,0,0,0,3891127,3900726,0,0,0,0,0,1000,1000,4594913
MPCTASK: EXP,0,102,5076,88,496,734,931,287,66,569,382,-322,113,1111,700,347,452,700,0,0,0,0,0,0,0,0,0,0,0,0,0,0,0,5,20293,0,20348,0,0,0,0,3449759,3459240,0,0,0,0,0,1000,1000,4594913
MPCTASK: EXP,0,104,5182,183,527,748,833,202,81,662,827,-301,262,1081,700,316,394,700,0,0,0,0,0,0,0,0,0,0,0,0,0,0,0,5,27170,0,27226,0,0,0,0,4618755,4628537,0,0,0,0,0,1000,1000,4628537
MPCTASK: EXP,0,106,5276,244,510,763,642,44,52,844,1183,-280,387,1023,700,237,279,700,0,0,0,0,0,0,0,0,0,0,0,0,0,0,0,5,20999,0,21053,0,0,0,0,3569711,3579165,0,0,0,0,0,1000,1000,4628537
MPCTASK: EXP,0,108,5383,285,477,769,405,-122,-10,823,1510,-285,477,938,700,138,163,700,0,0,0,0,0,0,0,0,0,0,0,0,0,0,0,5,27017,0,27071,0,0,0,0,4592743,4602065,0,0,0,0,0,1000,1000,4628537
MPCTASK: EXP,0,110,5476,292,435,758,108,-284,-92,837,1573,-236,523,827,700,26,36,700,0,0,0,0,0,0,0,0,0,0,0,0,0,0,0,5,20726,0,20780,0,0,0,0,3523387,3532709,0,0,0,0,0,1000,1000,4628537
MPCTASK: EXP,0,112,5579,268,371,740,-192,-476,-120,925,1369,-109,520,695,700,-80,-113,700,0,0,0,0,0,0,0,0,0,0,0,0,0,0,0,5,23990,0,24043,0,0,0,0,4078139,4087467,0,0,0,0,0,1000,1000,4628537
MPCTASK: EXP,0,114,5675,201,308,728,-448,-651,-93,898,1027,45,469,543,700,-187,-245,700,0,0,0,0,0,0,0,0,0,0,0,0,0,0,0,5,20069,0,20122,0,0,0,0,3411567,3420730,0,0,0,0,0,1000,1000,4628537
MPCTASK: EXP,0,116,5781,161,186,717,-597,-882,-38,805,662,102,375,376,700,-229,-423,700,0,0,0,0,0,0,0,0,0,0,0,0,0,0,0,5,24829,0,24883,0,0,0,0,4220959,4230281,0,0,0,0,0,1000,1000,4628537
MPCTASK: EXP,0,118,5878,99,93,712,-693,-1013,12,559,416,121,246,198,700,-263,-539,700,0,0,0,0,0,0,0,0,0,0,0,0,0,0,0,5,22994,0,23048,0,0,0,0,3908919,3918240,0,0,0,0,0,1000,1000,4628537
MPCTASK: EXP,0,120,5979,50,-17,715,-717,-1099,64,300,175,76,95,14,700,-260,-649,700,0,0,0,0,0,0,0,0,0,0,0,0,0,0,0,5,23834,0,23887,0,0,0,0,4051615,4060782,0,0,0,0,0,1000,1000,4628537
MPCTASK: EXP,0,122,6076,-27,-110,728,-735,-1100,109,24,-60,45,-61,-172,700,-262,-717,700,0,0,0,0,0,0,0,0,0,0,0,0,0,0,0,5,21196,0,21249,0,0,0,0,3603347,3612510,0,0,0,0,0,1000,1000,4628537
MPCTASK: EXP,0,124,6180,-109,-198,745,-710,-1064,110,-48,-408,4,-209,-357,700,-242,-776,700,0,0,0,0,0,0,0,0,0,0,0,0,0,0,0,5,24148,0,24201,0,0,0,0,4105091,4114257,0,0,0,0,0,1000,1000,4628537
MPCTASK: EXP,0,126,6275,-177,-280,765,-620,-1021,100,-35,-776,-24,-335,-535,700,-194,-823,702,0,0,0,0,0,0,0,0,0,0,0,0,0,0,0,5,20133,0,20187,0,0,0,0,3422387,3431716,0,0,0,0,0,1000,1000,4628537
MPCTASK: EXP,0,128,6385,-226,-374,779,-470,-1004,40,-60,-1113,-54,-425,-701,700,-125,-876,704,0,0,0,0,0,0,0,0,0,0,0,0,0,0,0,5,30191,0,30248,0,0,0,0,5132355,5142133,0,0,0,0,0,1000,1000,5142133
MPCTASK: EXP,0,130,6479,-254,-459,779,-268,-967,-61,-156,-1305,-67,-471,-852,700,-41,-904,700,0,0,0,0,0,0,0,0,0,0,0,0,0,0,0,5,23196,0,23259,0,0,0,0,3916731,3954143,0,0,0,0,0,1000,1000,5142133
MPCTASK: EXP,0,132,6582,-259,-539,770,-29,-913,-118,-278,-1409,-97,-468,-984,700,47,-917,700,0,0,0,0,0,0,0,0,0,0,0,0,0,0,0,5,24918,0,24971,0,0,0,0,4235920,4245245,0,0,0,0,0,1000,1000,5142133
MPCTASK: EXP,0,134,6676,-249,-605,754,217,-829,-132,-362,-1350,-169,-417,-1093,700,126,-907,700,0,0,0,0,0,0,0,0,0,0,0,0,0,0,0,5,19259,0,19313,0,0,0,0,3273851,3283309,0,0,0,0,0,1000,1000,5142133
MPCTASK: EXP,0,136,6779,-211,-651,736,462,-717,-130,-448,-1206,-285,-322,-1178,700,206,-869,700,0,0,0,0,0,0,0,0,0,0,0,0,0,0,0,5,23003,0,23056,0,0,0,0,3910387,3919550,0,0,0,0,0,1000,1000,5142133
MPCTASK: EXP,0,138,6880,-150,-693,722,674,-605,-81,-479,-901,-415,-193,-1235,700,267,-826,700,0,0,0,0,0,0,0,0,0,0,0,0,0,0,0,5,23231,0,23513,0,0,0,0,3949207,3997344,0,0,0,0,0,1000,1000,5142133
MPCTASK: EXP,0,140,6982,-76,-729,712,823,-495,-26,-510,-523,-551,-43,-1264,700,302,-772,700,0,0,0,0,0,0,0,0,0,0,0,0,0,0,0,5,23491,0,23544,0,0,0,0,3993355,4002518,0,0,0,0,0,1000,1000,5142133
MPCTASK: EXP,0,142,7083,-13,-719,714,858,-321,41,-598,-10,-671,113,-1263,700,283,-663,700,0,0,0,0,0,0,0,0,0,0,0,0,0,0,0,5,25306,0,25358,0,0,0,0,4301863,4311026,0,0,0,0,0,1000,1000,5142133
MPCTASK: EXP,0,144,7180,65,-719,725,825,-176,92,-584,449,-701,262,-1234,700,253,-571,700,0,0,0,0,0,0,0,0,0,0,0,0,0,0,0,5,21396,0,22020,0,0,0,0,3637143,3743430,0,0,0,0,0,1000,1000,5142133
MPCTASK: EXP,0,146,7276,146,-721,738,735,-51,81,-659,901,-662,387,-1175,700,209,-480,700,0,0,0,0,0,0,0,0,0,0,0,0,0,0,0,5,17926,0,17981,0,0,0,0,3047439,3056910,0,0,0,0,0,1000,1000,5142133
MPCTASK: EXP,0,148,7383,199,-713,749,554,93,30,-818,1313,-563,477,-1090,700,130,-374,700,0,0,0,0,0,0,0,0,0,0,0,0,0,0,0,5,24175,0,24228,0,0,0,0,4109692,4118853,0,0,0,0,0,1000,1000,5142133
MPCTASK: EXP,0,150,7479,232,-671,756,324,288,-10,-923,1554,-437,523,-980,700,41,-237,700,0,0,0,0,0,0,0,0,0,0,0,0,0,0,0,5,20496,0,20549,0,0,0,0,3484191,3493353,0,0,0,0,0,1000,1000,5142133
MPCTASK: EXP,0,152,7584,243,-639,750,62,457,-86,-1006,1595,-296,520,-847,700,-46,-119,700,0,0,0,0,0,0,0,0,0,0,0,0,0,0,0,5,25843,0,25896,0,0,0,0,4393283,4402446,0,0,0,0,0,1000,1000,5142133
MPCTASK: EXP,0,154,7681,216,-567,734,-230,677,-131,-1028,1469,-159,469,-695,700,-146,31,700,0,0,0,0,0,0,0,0,0,0,0,0,0,0,0,5,21905,0,22502,0,0,0,0,3723627,3825291,0,0,0,0,0,1000,1000,5142133
MPCTASK: EXP,0,156,7781,173,-505,718,-481,847,-102,-928,1157,-65,375,-528,700,-218,150,700,0,0,0,0,0,0,0,0,0,0,0,0,0,0,0,5,22123,0,22703,0,0,0,0,3760739,3859618,0,0,0,0,0,1000,1000,5142133
MPCTASK: EXP,0,158,7878,104,-416,709,-673,1003,-34,-693,704,6,246,-350,700,-271,268,700,0,0,0,0,0,0,0,0,0,0,0,0,0,0,0,5,19130,0,19713,0,0,0,0,3251985,3351153,0,0,0,0,0,1000,1000,5142133
MPCTASK: EXP,0,160,7982,40,-323,708,-750,1085,23,-352,233,79,95,-166,700,-276,360,700,0,0,0,0,0,0,0,0,0,0,0,0,0,0,0,5,23606,0,23906,0,0,0,0,4012915,4064218,0,0,0,0,0,1000,1000,5142133
MPCTASK: EXP,0,162,8081,26,-293,717,-665,999,72,-68,-180,146,-61,20,700,-196,359,700,0,0,0,0,0,0,0,0,0,0,0,0,0,0,0,5,21603,0,21657,0,0,0,0,3672451,3681775,0,0,0,0,0,1000,1000,5142133
MPCTASK: EXP,0,164,8183,-28,-203,727,-610,993,66,-123,-335,193,-209,205,700,-163,437,700,0,0,0,0,0,0,0,0,0,0,0,0,0,0,0,5,22666,0,22727,0,0,0,0,3853188,3863625,0,0,0,0,0,1000,1000,5142133
MPCTASK: EXP,0,166,8282,-74,-99,737,-527,1028,48,-196,-563,224,-335,383,700,-110,523,700,0,0,0,0,0,0,0,0,0,0,0,0,0,0,0,5,21096,0,21149,0,0,0,0,3586124,3595286,0,0,0,0,0,1000,1000,5142133
MPCTASK: EXP,0,168,8382,-114,-18,742,-413,1028,-3,-167,-788,215,-425,549,700,-48,572,700,0,0,0,0,0,0,0,0,0,0,0,0,0,0,0,5,21885,0,21941,0,0,0,0,3720423,3730113,0,0,0,0,0,1000,1000,5142133
MPCTASK: EXP,0,170,8484,-123,38,743,-225,988,-18,-117,-1050,180,-471,700,700,48,581,700,0,0,0,0,0,0,0,0,0,0,0,0,0,0,0,5,23198,0,23252,0,0,0,0,3943603,3952924,0,0,0,0,0,1000,1000,5142133
MPCTASK: EXP,0,172,8584,-131,132,743,-39,1001,-46,-98,-1108,91,-468,832,700,120,628,700,0,0,0,0,0,0,0,0,0,0,0,0,0,0,0,5,21838,0,21891,0,0,0,0,3712463,3721626,0,0,0,0,0,1000,1000,5142133
MPCTASK: EXP,0,174,8684,-172,216,737,91,986,-59,37,-1213,10,-417,941,700,145,643,700,0,0,0,0,0,0,0,0,0,0,0,0,0,0,0,5,22147,0,22200,0,0,0,0,3764907,3774070,0,0,0,0,0,1000,1000,5142133
MPCTASK: EXP,0,176,8785,-106,284,728,379,919,-70,274,-1265,-29,-322,1026,700,261,621,700,0,0,0,0,0,0,0,0,0,0,0,0,0,0,0,5,24002,0,24055,0,0,0,0,4080295,4089458,0,0,0,0,0,1000,1000,5142133
MPCTASK: EXP,0,178,8885,-36,390,719,606,881,-69,450,-892,-86,-193,1083,700,328,636,700,0,0,0,0,0,0,0,0,0,0,0,0,0,0,0,5,22839,0,22892,0,0,0,0,3882547,3891709,0,0,0,0,0,1000,1000,5142133
MPCTASK: EXP,0,180,8990,4,447,708,688,715,-56,735,-387,-64,-43,1112,700,317,570,700,0,0,0,0,0,0,0,0,0,0,0,0,0,0,0,5,25662,0,25997,0,0,0,0,4362432,4419502,0,0,0,0,0,1000,1000,5142133
MPCTASK: EXP,0,182,9087,73,494,705,722,538,-14,977,-2,-50,113,1111,700,307,491,700,0,0,0,0,0,0,0,0,0,0,0,0,0,0,0,5,23360,0,23414,0,0,0,0,3971120,3980447,0,0,0,0,0,1000,1000,5142133
MPCTASK: EXP,0,184,9189,118,482,707,655,270,19,1078,320,-31,262,1082,700,256,358,700,0,0,0,0,0,0,0,0,0,0,0,0,0,0,0,5,25963,0,26017,0,0,0,0,4413579,4423015,0,0,0,0,0,1000,1000,5142133
MPCTASK: EXP,0,186,9289,211,492,710,622,76,10,1106,646,-114,387,1024,700,240,257,700,0,0,0,0,0,0,0,0,0,0,0,0,0,0,0,5,25145,0,25569,0,0,0,0,4274435,4346880,0,0,0,0,0,1000,1000,5142133
MPCTASK: EXP,0,188,9385,219,461,713,412,-155,-4,1103,1040,-167,476,939,700,121,124,700,0,0,0,0,0,0,0,0,0,0,0,0,0,0,0,5,20964,0,21018,0,0,0,0,3563863,3573190,0,0,0,0,0,1000,1000,5142133
MPCTASK: EXP,0,190,9485,254,420,714,211,-350,-19,972,1337,-225,522,829,700,38,0,700,0,0,0,0,0,0,0,0,0,0,0,0,0,0,0,5,22005,0,22059,0,0,0,0,3740735,3750069,0,0,0,0,0,1000,1000,5142133
MPCTASK: EXP,0,192,9583,260,363,711,-45,-524,-33,881,1492,-211,519,697,700,-56,-129,700,0,0,0,0,0,0,0,0,0,0,0,0,0,0,0,5,20023,0,20077,0,0,0,0,3403867,3413204,0,0,0,0,0,1000,1000,5142133
MPCTASK: EXP,0,194,9686,238,307,706,-293,-659,-44,811,1391,-122,467,546,700,-139,-248,700,0,0,0,0,0,0,0,0,0,0,0,0,0,0,0,5,21840,0,21893,0,0,0,0,3712675,3721854,0,0,0,0,0,1000,1000,5142133
MPCTASK: EXP,0,196,9786,173,215,698,-563,-836,-41,778,988,40,373,379,700,-222,-396,700,0,0,0,0,0,0,0,0,0,0,0,0,0,0,0,5,20534,0,20591,0,0,0,0,3490707,3500443,0,0,0,0,0,1000,1000,5142133
MPCTASK: EXP,0,198,9888,116,118,690,-698,-981,-19,645,585,114,244,200,700,-255,-528,700,0,0,0,0,0,0,0,0,0,0,0,0,0,0,0,5,22962,0,23016,0,0,0,0,3903347,3912693,0,0,0,0,0,1000,1000,5142133
MPCTASK: EXP,0,200,9986,51,4,689,-757,-1102,31,447,148,160,95,14,700,-259,-652,700,0,0,0,0,0,0,0,0,0,0,0,0,0,0,0,5,20994,0,21047,0,0,0,0,3568727,3578079,0,0,0,0,0,1000,1000,5142133
MPCTASK: EXP,0,202,10089,-14,-66,696,-746,-1108,77,161,-198,189,-59,-174,700,-241,-699,700,0,0,0,0,0,0,0,0,0,0,0,0,0,0,0,5,24490,0,24545,0,0,0,0,4163187,4172825,0,0,0,0,0,1000,1000,5142133
MPCTASK: EXP,0,204,10189,-107,-167,714,-704,-1079,105,-81,-452,168,-205,-361,700,-239,-752,700,0,0,0,0,0,0,0,0,0,0,0,0,0,0,0,5,22546,0,22600,0,0,0,0,3832759,3842116,0,0,0,0,0,1000,1000,5142133
MPCTASK: EXP,0,206,10291,-154,-263,727,-584,-1043,75,-79,-744,144,-328,-543,700,-181,-803,700,0,0,0,0,0,0,0,0,0,0,0,0,0,0,0,5,24927,0,24982,0,0,0,0,4237583,4246944,0,0,0,0,0,1000,1000,5142133
MPCTASK: EXP,0,208,10392,-194,-353,738,-435,-1008,24,-73,-962,146,-414,-714,700,-124,-834,700,0,0,0,0,0,0,0,0,0,0,0,0,0,0,0,5,25885,0,25942,0,0,0,0,4400375,4410112,0,0,0,0,0,1000,1000,5142133
MPCTASK: EXP,0,210,10491,-183,-405,739,-227,-937,-36,-94,-1056,134,-456,-869,700,-36,-816,700,0,0,0,0,0,0,0,0,0,0,0,0,0,0,0,5,23371,0,23426,0,0,0,0,3972947,3982457,0,0,0,0,0,1000,1000,5142133
MPCTASK: EXP,0,212,10590,-151,-503,731,31,-897,-85,-297,-1046,100,-451,-1004,700,59,-814,700,0,0,0,0,0,0,0,0,0,0,0,0,0,0,0,5,20678,0,21486,0,0,0,0,3515041,3652586,0,0,0,0,0,1000,1000,5142133
MPCTASK: EXP,0,214,10690,-113,-510,717,234,-712,-93,-473,-806,31,-401,-1112,700,116,-707,700,0,0,0,0,0,0,0,0,0,0,0,0,0,0,0,5,22106,0,22448,0,0,0,0,3757828,3816185,0,0,0,0,0,1000,1000,5142133
MPCTASK: EXP,0,216,10792,-71,-548,705,384,-587,-60,-463,-633,-67,-312,-1191,699,156,-643,699,0,0,0,0,0,0,0,0,0,0,0,0,0,0,0,5,23563,0,23618,0,0,0,0,4005615,4015124,0,0,0,0,0,1000,1000,5142133
MPCTASK: EXP,0,218,10891,-79,-537,703,406,-419,-14,-587,-354,-167,-196,-1233,699,108,-526,699,0,0,0,0,0,0,0,0,0,0,0,0,0,0,0,5,23298,0,23353,0,0,0,0,3960547,3970042,0,0,0,0,0,1000,1000,5142133
MPCTASK: EXP,0,220,10987,-25,-554,701,469,-267,15,-622,-99,-239,-67,-1237,699,117,-453,699,0,0,0,0,0,0,0,0,0,0,0,0,0,0,0,5,18571,0,18633,0,0,0,0,3156988,3167723,0,0,0,0,0,1000,1000,5142133
MPCTASK: EXP,0,222,11091,18,-556,707,458,-123,38,-770,282,-251,57,-1199,699,102,-382,699,0,0,0,0,0,0,0,0,0,0,0,0,0,0,0,5,23026,0,23080,0,0,0,0,3914331,3923692,0,0,0,0,0,1000,1000,5142133
MPCTASK: EXP,0,224,11191,57,-553,711,382,30,18,-888,624,-228,163,-1119,699,88,-333,699,0,0,0,0,0,0,0,0,0,0,0,0,0,0,0,5,21938,0,22590,0,0,0,0,3729259,3840417,0,0,0,0,0,1000,1000,5142133
MPCTASK: EXP,0,226,11291,79,-528,718,254,201,19,-833,769,-184,236,-1000,700,74,-298,700,0,0,0,0,0,0,0,0,0,0,0,0,0,0,0,5,23099,0,23152,0,0,0,0,3926597,3935802,0,0,0,0,0,1000,1000,5142133
MPCTASK: EXP,0,228,11390,88,-492,718,118,344,-7,-606,702,-115,270,-848,700,57,-263,700,0,0,0,0,0,0,0,0,0,0,0,0,0,0,0,5,21365,0,21427,0,0,0,0,3632008,3642726,0,0,0,0,0,1000,1000,5142133
MPCTASK: EXP,0,230,11490,88,-457,715,2,420,-26,-318,533,-17,263,-675,700,42,-242,700,0,0,0,0,0,0,0,0,0,0,0,0,0,0,0,5,22245,0,22298,0,0,0,0,3781583,3790789,0,0,0,0,0,1000,1000,5142133
MPCTASK: EXP,0,232,11593,72,-400,707,-90,472,-35,-15,315,91,222,-496,700,19,-194,700,0,0,0,0,0,0,0,0,0,0,0,0,0,0,0,5,24528,0,24581,0,0,0,0,4169639,4178840,0,0,0,0,0,1000,1000,5142133
MPCTASK: EXP,0,234,11693,45,-375,706,-147,432,-4,176,95,177,161,-331,700,-15,-156,700,0,0,0,0,0,0,0,0,0,0,0,0,0,0,0,5,23745,0,24358,0,0,0,0,4036676,4140906,0,0,0,0,0,1000,1000,5142133
MPCTASK: EXP,0,236,11788,17,-329,707,-166,404,13,209,-62,259,97,-198,700,-61,-63,700,0,0,0,0,0,0,0,0,0,0,0,0,0,0,0,5,19367,0,19420,0,0,0,0,3292316,3301522,0,0,0,0,0,1000,1000,5142133
MPCTASK: EXP,0,238,11888,-5,-298,707,-157,363,8,90,-130,306,50,-114,700,-108,46,700,0,0,0,0,0,0,0,0,0,0,0,0,0,0,0,5,20375,0,20437,0,0,0,0,3463643,3474424,0,0,0,0,0,1000,1000,5142133
MPCTASK: EXP,0,240,11990,-21,-278,706,-140,348,3,-240,-73,323,28,-79,700,-135,155,700,0,0,0,0,0,0,0,0,0,0,0,0,0,0,0,5,21034,0,21088,0,0,0,0,3575751,3584953,0,0,0,0,0,1000,1000,5142133
MPCTASK: EXP,0,242,12091,-33,-271,710,-136,379,16,-700,49,324,26,-76,700,-134,247,700,0,0,0,0,0,0,0,0,0,0,0,0,0,0,0,5,22019,0,22079,0,0,0,0,3743231,3753581,0,0,0,0,0,1000,1000,5142133
MPCTASK: EXP,0,244,12188,-42,-243,715,-151,507,18,-1113,104,320,21,-68,700,-102,338,700,0,0,0,0,0,0,0,0,0,0,0,0,0,0,0,5,18153,0,18207,0,0,0,0,3085963,3095169,0,0,0,0,0,1000,1000,5142133
MPCTASK: EXP,0,246,12294,-19,-224,718,-119,644,-13,-1283,13,319,-3,-22,700,-21,399,700,0,0,0,0,0,0,0,0,0,0,0,0,0,0,0,5,24933,0,24987,0,0,0,0,4238511,4247873,0,0,0,0,0,1000,1000,5142133
MPCTASK: EXP,0,248,12390,-29,-148,715,-121,854,-45,-1126,-75,327,-50,76,700,23,493,700,0,0,0,0,0,0,0,0,0,0,0,0,0,0,0,5,21151,0,21205,0,0,0,0,3595595,3604798,0,0,0,0,0,1000,1000,5142133
MPCTASK: EXP,0,250,12491,-55,-33,708,-125,1062,-57,-834,-277,329,-106,221,700,60,598,700,0,0,0,0,0,0,0,0,0,0,0,0,0,0,0,5,21656,0,21716,0,0,0,0,3681480,3691810,0,0,0,0,0,1000,1000,5142133
MPCTASK: EXP,0,252,12589,-29,95,698,-8,1201,-49,-326,-581,306,-153,395,700,160,674,700,0,0,0,0,0,0,0,0,0,0,0,0,0,0,0,5,19657,0,19711,0,0,0,0,3341563,3350929,0,0,0,0,0,1000,1000,5142133
MPCTASK: EXP,0,254,12690,-24,175,703,106,1161,19,134,-753,235,-174,576,700,224,669,700,0,0,0,0,0,0,0,0,0,0,0,0,0,0,0,5,21285,0,21342,0,0,0,0,3618395,3628210,0,0,0,0,0,1000,1000,5142133
MPCTASK: EXP,0,256,12792,24,273,710,291,1098,44,392,-855,167,-159,746,700,312,671,700,0,0,0,0,0,0,0,0,0,0,0,0,0,0,0,5,23098,0,23151,0,0,0,0,3926607,3935809,0,0,0,0,0,1000,1000,5142133
MPCTASK: EXP,0,258,12894,53,341,715,410,963,6,603,-668,109,-105,889,699,340,632,699,0,0,0,0,0,0,0,0,0,0,0,0,0,0,0,5,22956,0,23012,0,0,0,0,3902332,3912140,0,0,0,0,0,1000,1000,5142133
MPCTASK: EXP,0,260,12994,43,386,712,422,784,-40,748,-407,69,-16,995,699,293,564,699,0,0,0,0,0,0,0,0,0,0,0,0,0,0,0,5,23103,0,23160,0,0,0,0,3927455,3937224,0,0,0,0,0,1000,1000,5142133
MPCTASK: EXP,0,262,13092,68,460,705,454,649,-52,940,-246,60,97,1058,699,270,517,699,0,0,0,0,0,0,0,0,0,0,0,0,0,0,0,5,21368,0,21422,0,0,0,0,3632444,3641807,0,0,0,0,0,1000,1000,5142133
MPCTASK: EXP,0,264,13192,71,495,702,422,434,-30,1124,-43,60,220,1077,699,203,425,699,0,0,0,0,0,0,0,0,0,0,0,0,0,0,0,5,21678,0,22041,0,0,0,0,3685184,3747026,0,0,0,0,0,1000,1000,5142133
MPCTASK: EXP,0,266,13294,110,500,699,410,189,-16,1206,196,39,336,1054,699,162,307,699,0,0,0,0,0,0,0,0,0,0,0,0,0,0,0,5,23588,0,23643,0,0,0,0,4009967,4019338,0,0,0,0,0,1000,1000,5142133
MPCTASK: EXP,0,268,13391,153,486,700,359,-49,-10,1168,506,-6,432,992,699,109,185,699,0,0,0,0,0,0,0,0,0,0,0,0,0,0,0,5,21048,0,21102,0,0,0,0,3578115,3587476,0,0,0,0,0,1000,1000,5142133
MPCTASK: EXP,0,270,13496,189,481,699,254,-228,-21,1051,832,-52,492,896,700,45,90,700,0,0,0,0,0,0,0,0,0,0,0,0,0,0,0,5,25985,0,26038,0,0,0,0,4417307,4426673,0,0,0,0,0,1000,1000,5142133
MPCTASK: EXP,0,272,13591,200,423,693,76,-449,-37,1052,1067,-72,510,771,700,-35,-56,700,0,0,0,0,0,0,0,0,0,0,0,0,0,0,0,5,20581,0,20641,0,0,0,0,3498810,3509166,0,0,0,0,0,1000,1000,5142133
MPCTASK: EXP,0,274,13694,200,399,692,-115,-583,-17,961,1129,-57,481,623,700,-108,-149,700,0,0,0,0,0,0,0,0,0,0,0,0,0,0,0,5,23023,0,23083,0,0,0,0,3913707,3924061,0,0,0,0,0,1000,1000,5142133
MPCTASK: EXP,0,276,13792,162,304,690,-336,-799,-14,964,1044,-10,407,457,700,-187,-312,700,0,0,0,0,0,0,0,0,0,0,0,0,0,0,0,5,21056,0,21110,0,0,0,0,3579379,3588744,0,0,0,0,0,1000,1000,5142133
MPCTASK: EXP,0,278,13893,139,197,688,-477,-977,-1,717,806,7,295,278,700,-212,-451,700,0,0,0,0,0,0,0,0,0,0,0,0,0,0,0,5,22262,0,22316,0,0,0,0,3784483,3793849,0,0,0,0,0,1000,1000,5142133
MPCTASK: EXP,0,280,13991,80,86,682,-615,-1092,-5,359,604,24,155,91,700,-252,-566,700,0,0,0,0,0,0,0,0,0,0,0,0,0,0,0,5,20293,0,20356,0,0,0,0,3449663,3460581,0,0,0,0,0,1000,1000,5142133
MPCTASK: EXP,0,282,14095,11,7,685,-698,-1084,47,50,274,4,1,-97,700,-262,-622,700,0,0,0,0,0,0,0,0,0,0,0,0,0,0,0,5,22314,0,22505,0,0,0,0,3793176,3825810,0,0,0,0,0,1000,1000,5142133
MPCTASK: EXP,0,284,14193,-53,-86,695,-709,-1058,95,-52,-66,-66,-151,-285,700,-243,-690,700,0,0,0,0,0,0,0,0,0,0,0,0,0,0,0,5,20480,0,20533,0,0,0,0,3481488,3490690,0,0,0,0,0,1000,1000,5142133
MPCTASK: EXP,0,286,14300,-110,-165,714,-648,-1009,126,-37,-503,-117,-286,-467,700,-191,-740,700,0,0,0,0,0,0,0,0,0,0,0,0,0,0,0,5,27854,0,27907,0,0,0,0,4735083,4744286,0,0,0,0,0,1000,1000,5142133
MPCTASK: EXP,0,288,14391,-179,-268,731,-557,-1009,87,-24,-866,-130,-391,-639,700,-146,-808,700,0,0,0,0,0,0,0,0,0,0,0,0,0,0,0,5,19129,0,19190,0,0,0,0,3251963,3262437,0,0,0,0,0,1000,1000,5142133
MPCTASK: EXP,0,290,14499,-214,-309,739,-380,-917,4,-34,-1143,-132,-456,-796,700,-67,-801,700,0,0,0,0,0,0,0,0,0,0,0,0,0,0,0,5,25239,0,25295,0,0,0,0,4290579,4300170,0,0,0,0,0,1000,1000,5142133
MPCTASK: EXP,0,292,14596,-254,-411,736,-176,-918,-80,-50,-1364,-140,-473,-936,700,4,-850,700,0,0,0,0,0,0,0,0,0,0,0,0,0,0,0,5,22057,0,22111,0,0,0,0,3749507,3758872,0,0,0,0,0,1000,1000,5142133
MPCTASK: EXP,0,294,14699,-251,-478,726,75,-874,-108,-145,-1449,-202,-442,-1054,700,94,-853,700,0,0,0,0,0,0,0,0,0,0,0,0,0,0,0,5,24381,0,24435,0,0,0,0,4144548,4153908,0,0,0,0,0,1000,1000,5142133
MPCTASK: EXP,0,296,14795,-215,-563,710,354,-847,-124,-269,-1389,-294,-364,-1148,700,191,-866,700,0,0,0,0,0,0,0,0,0,0,0,0,0,0,0,5,21587,0,21650,0,0,0,0,3603959,3680637,0,0,0,0,0,1000,1000,5142133
MPCTASK: EXP,0,298,14899,-158,-617,697,607,-756,-87,-473,-1115,-424,-248,-1216,700,265,-827,700,0,0,0,0,0,0,0,0,0,0,0,0,0,0,0,5,24571,0,24625,0,0,0,0,4177036,4186402,0,0,0,0,0,1000,1000,5142133
MPCTASK: EXP,0,300,14995,-90,-656,688,782,-621,-38,-635,-658,-537,-105,-1256,700,303,-763,700,0,0,0,0,0,0,0,0,0,0,0,0,0,0,0,5,21006,0,21060,0,0,0,0,3570931,3580293,0,0,0,0,0,1000,1000,5142133
MPCTASK: EXP,0,302,15096,-26,-670,682,853,-445,8,-701,-200,-628,50,-1267,700,303,-675,700,0,0,0,0,0,0,0,0,0,0,0,0,0,0,0,5,22213,0,22267,0,0,0,0,3776079,3785444,0,0,0,0,0,1000,1000,5142133
MPCTASK: EXP,0,304,15199,51,-674,686,871,-289,57,-666,193,-684,204,-1249,700,292,-586,700,0,0,0,0,0,0,0,0,0,0,0,0,0,0,0,5,24768,0,24827,0,0,0,0,4210427,4220746,0,0,0,0,0,1000,1000,5142133
MPCTASK: EXP,0,306,15300,128,-665,699,783,-108,87,-643,681,-691,340,-1202,700,243,-479,700,0,0,0,0,0,0,0,0,0,0,0,0,0,0,0,5,24252,0,24528,0,0,0,0,4122815,4169837,0,0,0,0,0,1000,1000,5142133
MPCTASK: EXP,0,308,15394,196,-663,717,646,20,76,-698,1128,-599,446,-1127,700,179,-385,700,0,0,0,0,0,0,0,0,0,0,0,0,0,0,0,5,18222,0,18277,0,0,0,0,3097591,3107139,0,0,0,0,0,1000,1000,5142133
MPCTASK: EXP,0,310,15500,231,-634,725,428,191,-1,-889,1485,-451,510,-1026,700,84,-256,700,0,0,0,0,0,0,0,0,0,0,0,0,0,0,0,5,24799,0,24853,0,0,0,0,4215763,4225128,0,0,0,0,0,1000,1000,5142133
MPCTASK: EXP,0,312,15596,251,-610,725,197,348,-59,-1040,1662,-283,527,-902,700,-2,-142,700,0,0,0,0,0,0,0,0,0,0,0,0,0,0,0,5,21463,0,21518,0,0,0,0,3648544,3658134,0,0,0,0,0,1000,1000,5142133
MPCTASK: EXP,0,314,15698,235,-555,709,-136,577,-130,-1140,1612,-85,495,-758,700,-115,4,700,0,0,0,0,0,0,0,0,0,0,0,0,0,0,0,5,22645,0,22699,0,0,0,0,3849539,3858905,0,0,0,0,0,1000,1000,5142133
MPCTASK: EXP,0,316,15796,187,-499,694,-430,770,-117,-1081,1295,40,417,-597,700,-207,129,700,0,0,0,0,0,0,0,0,0,0,0,0,0,0,0,5,20304,0,20359,0,0,0,0,3451707,3461073,0,0,0,0,0,1000,1000,5142133
MPCTASK: EXP,0,318,15901,118,-428,680,-660,940,-56,-881,867,132,301,-423,700,-277,243,700,0,0,0,0,0,0,0,0,0,0,0,0,0,0,0,5,25642,0,26086,0,0,0,0,4359055,4434719,0,0,0,0,0,1000,1000,5142133
MPCTASK: EXP,0,320,15994,42,-355,676,-787,1042,11,-545,392,184,157,-240,700,-308,327,700,0,0,0,0,0,0,0,0,0,0,0,0,0,0,0,5,18911,0,18964,0,0,0,0,3214807,3224009,0,0,0,0,0,1000,1000,5142133
MPCTASK: EXP,0,322,16099,-43,-230,681,-816,1119,74,-143,-134,272,1,-53,700,-306,433,700,0,0,0,0,0,0,0,0,0,0,0,0,0,0,0,5,23368,0,23425,0,0,0,0,3972391,3982179,0,0,0,0,0,1000,1000,5142133
MPCTASK: EXP,0,324,16196,-116,-138,700,-750,1089,127,109,-577,341,-152,132,700,-268,490,700,0,0,0,0,0,0,0,0,0,0,0,0,0,0,0,5,20348,0,20402,0,0,0,0,3459084,3468444,0,0,0,0,0,1000,1000,5142133
MPCTASK: EXP,0,326,16300,-164,-24,717,-608,1078,86,145,-857,383,-288,313,700,-198,573,700,0,0,0,0,0,0,0,0,0,0,0,0,0,0,0,5,24957,0,25011,0,0,0,0,4242715,4251918,0,0,0,0,0,1000,1000,5142133
MPCTASK: EXP,0,328,16397,-211,77,727,-473,1077,31,74,-1042,394,-394,484,700,-137,646,700,0,0,0,0,0,0,0,0,0,0,0,0,0,0,0,5,21677,0,21730,0,0,0,0,3685013,3694214,0,0,0,0,0,1000,1000,5142133
MPCTASK: EXP,0,330,16500,-232,163,726,-249,1031,-49,110,-1205,396,-458,642,700,-41,679,700,0,0,0,0,0,0,0,0,0,0,0,0,0,0,0,5,24246,0,24301,0,0,0,0,4121667,4131220,0,0,0,0,0,1000,1000,5142133
MPCTASK: EXP,0,332,16595,-230,233,719,-16,975,-83,148,-1275,356,-475,782,700,56,694,700,0,0,0,0,0,0,0,0,0,0,0,0,0,0,0,5,19329,0,19384,0,0,0,0,3285796,3295345,0,0,0,0,0,1000,1000,5142133
MPCTASK: EXP,0,334,16700,-196,336,706,236,968,-99,270,-1128,257,-443,900,700,153,722,700,0,0,0,0,0,0,0,0,0,0,0,0,0,0,0,5,25181,0,25235,0,0,0,0,4280619,4289985,0,0,0,0,0,1000,1000,5142133
MPCTASK: EXP,0,336,16797,-157,437,698,425,935,-65,502,-1040,139,-365,995,700,230,739,700,0,0,0,0,0,0,0,0,0,0,0,0,0,0,0,5,21834,0,21896,0,0,0,0,3711803,3722539,0,0,0,0,0,1000,1000,5142133
MPCTASK: EXP,0,338,16900,-82,536,696,632,808,-21,896,-739,10,-248,1063,700,304,711,700,0,0,0,0,0,0,0,0,0,0,0,0,0,0,0,5,23931,0,23986,0,0,0,0,4068312,4077676,0,0,0,0,0,1000,1000,5142133
MPCTASK: EXP,0,340,16996,-10,585,694,740,605,-17,1003,-427,-77,-105,1104,700,336,643,700,0,0,0,0,0,0,0,0,0,0,0,0,0,0,0,5,20448,0,20501,0,0,0,0,3475991,3485194,0,0,0,0,0,1000,1000,5142133
MPCTASK: EXP,0,342,17095,60,583,691,770,351,-20,1025,-37,-129,50,1115,700,332,526,700,0,0,0,0,0,0,0,0,0,0,0,0,0,0,0,5,20272,0,20326,0,0,0,0,3446059,3455423,0,0,0,0,0,1000,1000,5142133
MPCTASK: EXP,0,344,17195,113,601,689,727,184,-6,960,294,-198,204,1097,700,291,447,700,0,0,0,0,0,0,0,0,0,0,0,0,0,0,0,5,19812,0,19865,0,0,0,0,3367959,3377161,0,0,0,0,0,1000,1000,5142133
MPCTASK: EXP,0,346,17301,207,577,692,653,-48,26,1016,685,-318,341,1050,700,263,313,700,0,0,0,0,0,0,0,0,0,0,0,0,0,0,0,5,24558,0,24771,0,0,0,0,4174749,4211061,0,0,0,0,0,1000,1000,5142133
MPCTASK: EXP,0,348,17399,248,528,696,477,-263,26,959,985,-407,446,975,700,181,174,700,0,0,0,0,0,0,0,0,0,0,0,0,0,0,0,5,23798,0,23852,0,0,0,0,4045623,4054984,0,0,0,0,0,1000,1000,5142133
MPCTASK: EXP,0,350,17500,271,478,698,259,-431,11,891,1204,-438,511,874,700,84,47,700,0,0,0,0,0,0,0,0,0,0,0,0,0,0,0,5,24773,0,24829,0,0,0,0,4211395,4221033,0,0,0,0,0,1000,1000,5142133
MPCTASK: EXP,0,352,17595,269,406,698,34,-593,-16,809,1258,-430,527,750,700,-10,-88,700,0,0,0,0,0,0,0,0,0,0,0,0,0,0,0,5,20392,0,20447,0,0,0,0,3466607,3476066,0,0,0,0,0,1000,1000,5142133
MPCTASK: EXP,0,354,17699,251,320,693,-212,-735,-36,663,1296,-418,495,606,700,-108,-223,700,0,0,0,0,0,0,0,0,0,0,0,0,0,0,0,5,23531,0,23585,0,0,0,0,4000175,4009536,0,0,0,0,0,1000,1000,5142133
MPCTASK: EXP,0,356,17798,198,229,689,-469,-853,-11,591,1143,-353,417,445,700,-201,-356,700,0,0,0,0,0,0,0,0,0,0,0,0,0,0,0,5,22962,0,23016,0,0,0,0,3903495,3912856,0,0,0,0,0,1000,1000,5142133
MPCTASK: EXP,0,358,17896,115,164,690,-687,-908,21,463,817,-230,301,271,700,-285,-444,700,0,0,0,0,0,0,0,0,0,0,0,0,0,0,0,5,20400,0,21074,0,0,0,0,3467892,3582679,0,0,0,0,0,1000,1000,5142133
MPCTASK: EXP,0,360,17996,31,75,690,-813,-971,30,375,366,-119,157,88,700,-322,-546,700,0,0,0,0,0,0,0,0,0,0,0,0,0,0,0,5,21597,0,21660,0,0,0,0,3671495,3682229,0,0,0,0,0,1000,1000,5142133
MPCTASK: EXP,0,362,18101,-23,-12,695,-796,-1007,51,246,-120,-23,1,-98,700,-288,-630,700,0,0,0,0,0,0,0,0,0,0,0,0,0,0,0,5,24987,0,25041,0,0,0,0,4247803,4257006,0,0,0,0,0,1000,1000,5142133
MPCTASK: EXP,0,364,18195,-115,-138,706,-768,-1069,74,129,-494,38,-152,-284,700,-277,-740,700,0,0,0,0,0,0,0,0,0,0,0,0,0,0,0,5,19281,0,19336,0,0,0,0,3277780,3287140,0,0,0,0,0,1000,1000,5142133
MPCTASK: EXP,0,366,18300,-188,-235,717,-662,-1065,53,51,-821,87,-288,-465,700,-232,-808,700,0,0,0,0,0,0,0,0,0,0,0,0,0,0,0,5,25280,0,25334,0,0,0,0,4297447,4306813,0,0,0,0,0,1000,1000,5142133
MPCTASK: EXP,0,368,18399,-232,-329,727,-487,-1044,23,1,-1090,94,-394,-636,700,-153,-862,700,0,0,0,0,0,0,0,0,0,0,0,0,0,0,0,5,22739,0,22792,0,0,0,0,3865532,3874732,0,0,0,0,0,1000,1000,5142133
MPCTASK: EXP,0,370,18500,-261,-414,730,-280,-1010,-19,-59,-1283,73,-458,-794,700,-66,-897,700,0,0,0,0,0,0,0,0,0,0,0,0,0,0,0,5,23618,0,23674,0,0,0,0,4015076,4024723,0,0,0,0,0,1000,1000,5142133
MPCTASK: EXP,0,372,18599,-268,-494,724,-47,-963,-78,-152,-1362,20,-475,-934,700,25,-915,700,0,0,0,0,0,0,0,0,0,0,0,0,0,0,0,5,22821,0,23110,0,0,0,0,3879411,3928873,0,0,0,0,0,1000,1000,5142133
MPCTASK: EXP,0,374,18699,-253,-559,712,198,-886,-108,-260,-1340,-70,-443,-1053,700,116,-907,700,0,0,0,0,0,0,0,0,0,0,0,0,0,0,0,5,22938,0,23106,0,0,0,0,3899371,3928112,0,0,0,0,0,1000,1000,5142133
MPCTASK: EXP,0,376,18802,-213,-623,699,445,-803,-88,-367,-1225,-199,-365,-1147,700,205,-891,700,0,0,0,0,0,0,0,0,0,0,0,0,0,0,0,5,24748,0,24804,0,0,0,0,4207139,4216679,0,0,0,0,0,1000,1000,5142133
MPCTASK: EXP,0,378,18901,-151,-670,691,663,-696,-43,-442,-949,-338,-248,-1216,700,274,-852,700,0,0,0,0,0,0,0,0,0,0,0,0,0,0,0,5,22461,0,22631,0,0,0,0,3818232,3847304,0,0,0,0,0,1000,1000,5142133
MPCTASK: EXP,0,380,18998,-92,-699,687,787,-566,-6,-526,-528,-474,-105,-1256,700,296,-787,700,0,0,0,0,0,0,0,0,0,0,0,0,0,0,0,5,20414,0,20467,0,0,0,0,3470235,3479442,0,0,0,0,0,1000,1000,5142133
MPCTASK: EXP,0,382,19101,-17,-702,690,846,-401,37,-593,-72,-587,50,-1267,700,298,-692,700,0,0,0,0,0,0,0,0,0,0,0,0,0,0,0,5,21804,0,22239,0,0,0,0,3706575,3780678,0,0,0,0,0,1000,1000,5142133
MPCTASK: EXP,0,384,19201,52,-709,699,813,-256,71,-595,352,-650,204,-1249,700,268,-605,700,0,0,0,0,0,0,0,0,0,0,0,0,0,0,0,5,20670,0,20934,0,0,0,0,3513767,3558854,0,0,0,0,0,1000,1000,5142133
MPCTASK: EXP,0,386,19303,116,-710,708,699,-101,54,-654,782,-661,341,-1202,700,207,-507,700,0,0,0,0,0,0,0,0,0,0,0,0,0,0,0,5,20984,0,21038,0,0,0,0,3567104,3576470,0,0,0,0,0,1000,1000,5142133
MPCTASK: EXP,0,388,19404,163,-703,718,535,48,32,-781,1125,-597,446,-1127,700,128,-401,700,0,0,0,0,0,0,0,0,0,0,0,0,0,0,0,5,22786,0,22992,0,0,0,0,3873651,3908845,0,0,0,0,0,1000,1000,5142133
MPCTASK: EXP,0,390,19502,189,-680,722,325,218,-17,-902,1360,-485,511,-1027,700,36,-282,700,0,0,0,0,0,0,0,0,0,0,0,0,0,0,0,5,20363,0,20573,0,0,0,0,3461583,3497480,0,0,0,0,0,1000,1000,5142133
MPCTASK: EXP,0,392,19605,197,-649,717,103,386,-73,-1004,1447,-353,527,-902,700,-51,-162,700,0,0,0,0,0,0,0,0,0,0,0,0,0,0,0,5,22650,0,22711,0,0,0,0,3850415,3860934,0,0,0,0,0,1000,1000,5142133
MPCTASK: EXP,0,394,19703,181,-597,711,-169,598,-81,-1106,1367,-194,495,-758,700,-147,-20,700,0,0,0,0,0,0,0,0,0,0,0,0,0,0,0,5,20580,0,20635,0,0,0,0,3498572,3507936,0,0,0,0,0,1000,1000,5142133
MPCTASK: EXP,0,396,19803,138,-530,698,-412,802,-91,-1110,1154,-71,417,-597,700,-231,118,700,0,0,0,0,0,0,0,0,0,0,0,0,0,0,0,5,21008,0,21063,0,0,0,0,3571351,3580717,0,0,0,0,0,1000,1000,5142133
MPCTASK: EXP,0,398,19906,77,-448,690,-607,985,-44,-891,803,27,301,-423,700,-290,240,700,0,0,0,0,0,0,0,0,0,0,0,0,0,0,0,5,24011,0,24066,0,0,0,0,4081835,4091205,0,0,0,0,0,1000,1000,5142133
MPCTASK: EXP,0,400,20003,16,-373,684,-712,1080,-5,-509,375,107,157,-240,700,-306,321,700,0,0,0,0,0,0,0,0,0,0,0,0,0,0,0,5,20482,0,20544,0,0,0,0,3481883,3492486,0,0,0,0,0,1000,1000,5142133
MPCTASK: EXP,0,402,20106,-51,-279,689,-723,1099,54,-123,-105,220,1,-53,700,-290,391,700,0,0,0,0,0,0,0,0,0,0,0,0,0,0,0,5,22065,0,22236,0,0,0,0,3750916,3780256,0,0,0,0,0,1000,1000,5142133
MPCTASK: EXP,0,404,20208,-105,-189,700,-658,1076,68,35,-432,307,-152,132,700,-244,455,700,0,0,0,0,0,0,0,0,0,0,0,0,0,0,0,5,24962,0,25019,0,0,0,0,4243495,4253311,0,0,0,0,0,1000,1000,5142133
MPCTASK: EXP,0,406,20305,-144,-104,714,-535,1039,65,45,-707,383,-288,313,700,-174,511,700,0,0,0,0,0,0,0,0,0,0,0,0,0,0,0,5,21935,0,22095,0,0,0,0,3728899,3756253,0,0,0,0,0,1000,1000,5142133
MPCTASK: EXP,0,408,20403,-170,-38,719,-398,1003,7,-28,-905,415,-394,484,700,-96,548,700,0,0,0,0,0,0,0,0,0,0,0,0,0,0,0,5,19728,0,19794,0,0,0,0,3353599,3365086,0,0,0,0,0,1000,1000,5142133
MPCTASK: EXP,0,410,20504,-188,43,715,-197,987,-61,-120,-1078,434,-458,642,700,-3,596,700,0,0,0,0,0,0,0,0,0,0,0,0,0,0,0,5,19888,0,19945,0,0,0,0,3380879,3390713,0,0,0,0,0,1000,1000,5142133
MPCTASK: EXP,0,412,20609,-189,122,709,3,992,-69,-120,-1156,445,-475,781,700,84,632,700,0,0,0,0,0,0,0,0,0,0,0,0,0,0,0,5,25376,0,25430,0,0,0,0,4313783,4323149,0,0,0,0,0,1000,1000,5142133
MPCTASK: EXP,0,414,20705,-174,226,701,207,1027,-74,0,-1088,447,-443,900,700,159,679,700,0,0,0,0,0,0,0,0,0,0,0,0,0,0,0,5,21788,0,21850,0,0,0,0,3703908,3714572,0,0,0,0,0,1000,1000,5142133
MPCTASK: EXP,0,416,20805,-141,295,691,382,990,-68,242,-972,452,-364,995,700,226,667,700,0,0,0,0,0,0,0,0,0,0,0,0,0,0,0,5,22045,0,22098,0,0,0,0,3747507,3756709,0,0,0,0,0,1000,1000,5142133
MPCTASK: EXP,0,418,20910,-93,396,688,556,917,-15,573,-748,400,-248,1063,700,277,659,700,0,0,0,0,0,0,0,0,0,0,0,0,0,0,0,5,25947,0,26002,0,0,0,0,4410763,4420573,0,0,0,0,0,1000,1000,5142133
MPCTASK: EXP,0,420,21008,0,489,691,718,805,17,921,-466,285,-105,1104,700,340,630,700,0,0,0,0,0,0,0,0,0,0,0,0,0,0,0,5,24242,0,24297,0,0,0,0,4121143,4130517,0,0,0,0,0,1000,1000,5142133
MPCTASK: EXP,0,422,21104,62,536,697,752,596,27,1125,-58,156,51,1115,700,330,550,700,0,0,0,0,0,0,0,0,0,0,0,0,0,0,0,5,19837,0,20044,0,0,0,0,3372231,3407654,0,0,0,0,0,1000,1000,5142133
MPCTASK: EXP,0,424,21207,166,551,703,792,371,20,1213,262,19,204,1097,700,348,444,700,0,0,0,0,0,0,0,0,0,0,0,0,0,0,0,5,21980,0,22033,0,0,0,0,3736503,3745707,0,0,0,0,0,1000,1000,5142133
MPCTASK: EXP,0,426,21306,225,563,703,662,118,-11,1207,802,-178,340,1050,700,271,338,700,0,0,0,0,0,0,0,0,0,0,0,0,0,0,0,5,20601,0,20663,0,0,0,0,3502167,3512754,0,0,0,0,0,1000,1000,5142133
MPCTASK: EXP,0,428,21407,250,549,701,439,-100,-26,1117,1170,-300,446,976,700,161,222,700,0,0,0,0,0,0,0,0,0,0,0,0,0,0,0,5,20714,0,20768,0,0,0,0,3521336,3530697,0,0,0,0,0,1000,1000,5142133
MPCTASK: EXP,0,430,21511,288,490,696,225,-338,-46,1102,1238,-389,509,876,700,88,66,700,0,0,0,0,0,0,0,0,0,0,0,0,0,0,0,5,24911,0,24973,0,0,0,0,4234767,4245415,0,0,0,0,0,1000,1000,5142133
MPCTASK: EXP,0,432,21611,281,429,688,-13,-535,-56,1044,1279,-431,526,752,700,-14,-75,700,0,0,0,0,0,0,0,0,0,0,0,0,0,0,0,5,23412,0,23804,0,0,0,0,3979996,4046746,0,0,0,0,0,1000,1000,5142133
MPCTASK: EXP,0,434,21705,255,353,681,-274,-722,-38,940,1245,-407,493,608,700,-112,-218,700,0,0,0,0,0,0,0,0,0,0,0,0,0,0,0,5,18947,0,19000,0,0,0,0,3220959,3230162,0,0,0,0,0,1000,1000,5142133
MPCTASK: EXP,0,436,21810,197,263,679,-520,-884,-1,782,1023,-309,415,447,700,-204,-357,700,0,0,0,0,0,0,0,0,0,0,0,0,0,0,0,5,23501,0,23556,0,0,0,0,3995015,4004649,0,0,0,0,0,1000,1000,5142133
MPCTASK: EXP,0,438,21909,146,181,681,-670,-982,39,530,705,-209,299,273,700,-246,-462,700,0,0,0,0,0,0,0,0,0,0,0,0,0,0,0,5,22566,0,22627,0,0,0,0,3836195,3846664,0,0,0,0,0,1000,1000,5142133
MPCTASK: EXP,0,440,22010,61,73,683,-788,-1061,49,280,367,-97,156,89,700,-288,-572,700,0,0,0,0,0,0,0,0,0,0,0,0,0,0,0,5,23778,0,23832,0,0,0,0,4042127,4051488,0,0,0,0,0,1000,1000,5142133
MPCTASK: EXP,0,442,22109,-22,-18,694,-822,-1070,76,91,-49,8,1,-98,700,-294,-648,700,0,0,0,0,0,0,0,0,0,0,0,0,0,0,0,5,22968,0,23024,0,0,0,0,3904439,3914090,0,0,0,0,0,1000,1000,5142133
MPCTASK: EXP,0,444,22209,-102,-77,709,-780,-1013,92,74,-446,107,-149,-287,700,-272,-683,700,0,0,0,0,0,0,0,0,0,0,0,0,0,0,0,5,22981,0,23036,0,0,0,0,3906691,3916220,0,0,0,0,0,1000,1000,5142133
MPCTASK: EXP,0,446,22309,-158,-159,723,-658,-1000,68,156,-789,164,-282,-471,700,-217,-737,700,0,0,0,0,0,0,0,0,0,0,0,0,0,0,0,5,23154,0,23216,0,0,0,0,3936087,3946845,0,0,0,0,0,1000,1000,5142133
MPCTASK: EXP,0,448,22411,-204,-249,735,-498,-1004,20,175,-1028,195,-384,-647,700,-156,-784,700,0,0,0,0,0,0,0,0,0,0,0,0,0,0,0,5,24767,0,24821,0,0,0,0,4210295,4219657,0,0,0,0,0,1000,1000,5142133
MPCTASK: EXP,0,450,22509,-223,-338,731,-290,-1005,-67,98,-1176,203,-445,-809,700,-79,-812,700,0,0,0,0,0,0,0,0,0,0,0,0,0,0,0,5,23090,0,23145,0,0,0,0,3925290,3934653,0,0,0,0,0,1000,1000,5142133
MPCTASK: EXP,0,452,22609,-224,-426,720,-61,-984,-105,-95,-1195,156,-459,-953,700,-7,-813,700,0,0,0,0,0,0,0,0,0,0,0,0,0,0,0,5,22749,0,22803,0,0,0,0,3867283,3876649,0,0,0,0,0,1000,1000,5142133
MPCTASK: EXP,0,454,22707,-199,-498,702,175,-906,-120,-338,-1090,56,-426,-1072,700,61,-778,700,0,0,0,0,0,0,0,0,0,0,0,0,0,0,0,5,21053,0,21115,0,0,0,0,3578855,3589569,0,0,0,0,0,1000,1000,5142133
MPCTASK: EXP,0,456,22812,-146,-570,692,393,-801,-64,-604,-833,-82,-351,-1163,699,124,-728,699,0,0,0,0,0,0,0,0,0,0,0,0,0,0,0,5,25651,0,25705,0,0,0,0,4360492,4369857,0,0,0,0,0,1000,1000,5142133
MPCTASK: EXP,0,458,22906,-94,-614,686,527,-631,-23,-814,-457,-212,-244,-1221,699,145,-645,699,0,0,0,0,0,0,0,0,0,0,0,0,0,0,0,5,20069,0,20123,0,0,0,0,3411571,3420933,0,0,0,0,0,1000,1000,5142133
MPCTASK: EXP,0,460,23012,-26,-644,685,601,-436,11,-982,-46,-304,-119,-1241,699,158,-557,699,0,0,0,0,0,0,0,0,0,0,0,0,0,0,0,5,25974,0,26028,0,0,0,0,4415427,4424789,0,0,0,0,0,1000,1000,5142133
MPCTASK: EXP,0,462,23110,22,-655,690,566,-221,41,-1077,431,-340,8,-1219,699,132,-469,699,0,0,0,0,0,0,0,0,0,0,0,0,0,0,0,5,24204,0,24265,0,0,0,0,4114619,4125111,0,0,0,0,0,1000,1000,5142133
MPCTASK: EXP,0,464,23210,71,-644,698,473,3,44,-1064,733,-342,124,-1156,699,123,-405,699,0,0,0,0,0,0,0,0,0,0,0,0,0,0,0,5,23058,0,23113,0,0,0,0,3919668,3929305,0,0,0,0,0,1000,1000,5142133
MPCTASK: EXP,0,466,23309,108,-626,704,341,195,19,-965,903,-296,211,-1052,699,101,-345,699,0,0,0,0,0,0,0,0,0,0,0,0,0,0,0,5,22629,0,22683,0,0,0,0,3846791,3856084,0,0,0,0,0,1000,1000,5142133
MPCTASK: EXP,0,468,23409,131,-584,704,188,372,-11,-754,905,-206,261,-912,700,83,-290,700,0,0,0,0,0,0,0,0,0,0,0,0,0,0,0,5,22937,0,22990,0,0,0,0,3899191,3908424,0,0,0,0,0,1000,1000,5142133
MPCTASK: EXP,0,470,23506,145,-538,703,49,490,-17,-505,772,-80,270,-746,700,78,-260,700,0,0,0,0,0,0,0,0,0,0,0,0,0,0,0,5,20608,0,20669,0,0,0,0,3503239,3513804,0,0,0,0,0,1000,1000,5142133
MPCTASK: EXP,0,472,23613,145,-482,700,-69,561,-13,-215,559,55,242,-567,700,75,-236,700,0,0,0,0,0,0,0,0,0,0,0,0,0,0,0,5,25989,0,26041,0,0,0,0,4417919,4427028,0,0,0,0,0,1000,1000,5142133
MPCTASK: EXP,0,474,23709,134,-430,699,-146,564,-1,93,311,184,186,-394,700,71,-221,700,0,0,0,0,0,0,0,0,0,0,0,0,0,0,0,5,22187,0,22239,0,0,0,0,3771640,3780689,0,0,0,0,0,1000,1000,5142133
MPCTASK: EXP,0,476,23810,118,-377,701,-179,524,13,330,70,300,121,-246,700,59,-193,700,0,0,0,0,0,0,0,0,0,0,0,0,0,0,0,5,24002,0,24055,0,0,0,0,4080319,4089473,0,0,0,0,0,1000,1000,5142133
MPCTASK: EXP,0,478,23908,107,-336,705,-164,445,18,437,-64,388,66,-141,700,46,-165,700,0,0,0,0,0,0,0,0,0,0,0,0,0,0,0,5,22560,0,22618,0,0,0,0,3835099,3845270,0,0,0,0,0,1000,1000,5142133
MPCTASK: EXP,0,480,24010,96,-305,707,-136,359,0,392,-104,434,34,-88,700,35,-147,700,0,0,0,0,0,0,0,0,0,0,0,0,0,0,0,5,23222,0,23273,0,0,0,0,3947671,3956544,0,0,0,0,0,1000,1000,5142133
MPCTASK: EXP,0,482,24104,91,-280,702,-106,293,-32,251,-50,437,26,-76,700,47,-159,700,0,0,0,0,0,0,0,0,0,0,0,0,0,0,0,5,18067,0,18118,0,0,0,0,3071351,3080160,0,0,0,0,0,1000,1000,5142133
MPCTASK: TRAJ DONE: idx=482, max=482; requesting landing
MPCTASK: LANDING: start z=0.70, hold=(0.09,-0.27)
MPCTASK: TIMING SUMMARY: max_step_cycles=5142133 deadline_cycles=8400000 overruns=0