---
SYS: Crazyflie 2.1 Brushless is up and running!
SYS: Build 2:de14ff9f08ae (2025.09.1 +2) MODIFIED
SYS: I am 0x373930393434471500370039 and I have 1024KB of flash!
CFGBLK: v1, verification [OK]
DECK_DISCOVERY: Backend found: onewire
DECK_DISCOVERY: Backend found: deckctrl
DECK_CORE: 1 deck(s) found
DECK_CORE: Calling INIT on driver bcFlow2 for deck 0
ZR2: Z-down sensor [OK]
PMW: Motion chip id: 0x49:0xB6
IMU: BMI088: Using I2C interface.
IMU: BMI088 Gyro connection [OK].
IMU: BMI088 Accel connection [OK]
IMU: BMP390 I2C connection [OK]
ESTIMATOR: Using Kalman (2) estimator
CONTROLLER: Using PID (1) controller
MTR-DRV: Using brushless motor driver
SYS: About to run tests in system.c.
SYS: NRF51 version: 2026.04 (C21B)
EEPROM: I2C connection [OK].
STORAGE: Storage check [OK].
IMU: BMI088 gyro self-test [OK]
DECK_CORE: Deck 0 test [OK].
SYS: Self test passed!
STAB: Wait for sensor calibration...
SYS: Free heap: 15048 bytes
MPCTASK: Waiting for activation ...
STAB: Starting stabilizer loop
STAB: WARNING: stabilizer loop rate is off (1004)
SUP: Ready to fly
MPCTASK: Benchmark mode 3, maneuver 4, max_iter 5, task_pri 0
MPCTASK: Reference altitude: 0.70 m; barrier skip when z>0.75 and vz>-0.20
MPCTASK: OOT takeoff: cfclient trigger>=0.15m ramp=0.15m/s figure8_start=2000ms_at_measured_z target=0.70m timeout=12000ms
MPCTASK: Common baseline: mpc_hz=20 model_hz=20 rho=5 base_w=0 base_qz=1 Qz=100 R=4 bridge=x10 guards=z[ref,ref+0.20] xy=free cap=0.05
MPCTASK: MPC->PID: xyz=x10, z_guard=[ref,ref+0.20], yaw=raw_rz, output_hold=200ms, safety_hold=500ms
MPCTASK: Reference origin: xyz=measured_at_forced_timed_start target_z=0.70 m
MPCTASK: LIMO adaptive: cache=16x4 evals=1 timing=bar/rl/cache_cycles
MPCTASK: EXP every=2: m,s,tms,p3[mm],v3[mmps],att3[cdeg],ref3[mm],cmd3[mm],h/raw/grad/mar/thr[milli],act/ac/bind,wi/qi/cache/noa,pa/pf/du[milli],it,mpc/eval/total[us],bar/tanh/rl/cache/solve/step[cycles],overruns,post_active/post_infeasible_totals,wreq/w/qzreq/qz[milli],max_step_cycles
MPCTASK: Figure8: source=traj_fig8_12.h source_hz=100 samples=1205 laps=2 duration=24.07 s origin=forced_timed_start start_delay=2000ms z_baseline=measured_at_start
CONTROLLER: Using OutOfTree (6) controller
MPCTASK: Trajectory origin: x=0.04 y=0.07 z=0.0
MPCTASK: OOT activated at z=0.0
MPCTASK: TAKEOFF START: trigger_z=0.15 start_z=0.0 target=0.70 hold=(0.05,0.09) ramp=0.15m/s
MPCTASK: OOT loop 1 done
MPCTASK:MPCTASK: OOT loop 2 done
 MPC task loop 1
MPCTASK: x0: pos=(0.05,0.0MPCTASK: OOT loop 3 done
9,0.0) vel=(-0.01,0.02,-0.0)
MPCTASK: ref: (0.05,0.09,0.0)
MPCTASK: SAFE TV mode=3: h=0.0 raw=0.0 grad=0.0 margin=0.0 thr=0.0 active0=0 active_count=0 eval=11119 us
MPCTASK: MPC solve start
MPCTASK: MPC solve done, iter=5
MPCTASK: MPC time=23781 us
MPCTASK: MPC stack free=875 words
MPCTASK: setpoint: x=0.05 y=0.09 z=0.07 preview_z=0.07
MPCTASK: MPC task loop 2
MPCTASK: MPC task loop 3
MPCTASK: Cache level changed: 0 -> 1
MPCTASK: TAKEOFF COMPLETE: t=2000ms z=0.12 vz=0.19; trajectory queued origin=(0.10,0.01,0.12)
MPCTASK: TRAJ START: z=0.12 origin=(0.10,0.01,0.12) EXP clock reset; Z metric begins at t+3s
MPCTASK: EXP,3,2,89,114,3,138,87,-78,211,-959,723,-1044,107,13,127,54,297,127,-561,-316,2362,73,300,1,3,3,15,3,1,1,0,0,0,5,24836,13139,38648,2233496,0,1790,90072,4222177,6570278,0,0,0,989,1000,1399,1400,6571831
MPCTASK: EXP,3,4,184,116,2,159,-6,89,94,-1218,840,-972,96,32,127,62,351,127,-540,-541,2421,72,300,1,3,3,15,3,1,1,0,0,0,5,21975,10847,33471,1843793,0,1790,46581,3735685,5690239,0,0,0,987,1000,1399,1400,6571831
MPCTASK: EXP,3,6,281,108,27,161,-114,332,-95,-1576,973,-878,62,99,128,60,448,128,-557,-680,3121,72,300,1,3,3,15,3,1,1,0,0,0,5,19636,10588,30954,1799887,0,1790,23099,3338105,5262181,0,0,0,987,1000,1399,1400,6571831
MPCTASK: EXP,3,8,383,85,69,141,-224,594,-187,-1262,506,-1071,9,218,128,91,503,128,-595,-545,2769,73,300,1,3,3,15,3,1,1,0,0,0,5,23163,9145,33110,1554594,0,1790,69858,3937669,5628760,0,0,0,986,1000,1399,1400,6571831
MPCTASK: EXP,3,10,484,62,130,122,-225,741,-167,-803,-45,-1013,-45,377,128,121,543,128,-610,-531,2474,73,300,1,3,3,15,3,1,1,0,0,0,5,22933,9847,34024,1673910,0,1790,25052,3898477,5784030,0,0,0,987,1000,1399,1400,6602145
MPCTASK: EXP,3,12,586,37,194,104,-176,814,-81,-385,-508,-1037,-83,556,128,160,553,128,-612,-244,2204,74,300,1,3,3,15,3,1,1,0,0,0,5,24139,10296,35142,1750245,0,1790,97672,4103477,5974377,0,0,0,990,1000,1399,1400,6602145
MPCTASK: EXP,3,14,683,15,282,97,-73,836,4,285,-1064,-891,-91,735,127,195,561,127,-602,-574,2439,74,300,1,3,3,15,3,1,1,0,0,0,5,23482,7522,32026,1278597,0,1790,133816,3991869,5444495,0,0,0,992,1000,1399,1400,6602145
MPCTASK: EXP,3,16,784,0,354,105,57,697,71,506,-879,-349,-60,896,127,174,541,127,-594,-459,2384,74,300,1,3,3,15,3,1,1,0,0,0,5,22653,10251,33934,1644048,0,2660,23409,3850861,5768873,0,0,0,993,1000,1399,1400,6602145
MPCTASK: EXP,3,18,888,25,411,106,234,575,62,577,-748,-312,8,1024,127,223,524,127,-593,-425,2360,74,300,1,3,3,15,3,1,1,0,0,0,5,26095,11433,38090,1943513,0,1790,73282,4436077,6475387,0,0,0,994,1000,1399,1400,6602145
MPCTASK: EXP,3,20,986,52,465,114,326,467,74,659,-464,-330,109,1114,127,219,504,127,-585,-384,2353,74,300,1,3,3,15,3,1,1,0,0,0,5,25140,9132,34851,1552325,0,2174,75605,4273730,5924714,0,0,0,995,1000,1399,1400,6602145
MPCTASK: EXP,3,22,1082,81,502,119,368,313,61,911,-223,-370,228,1159,127,201,442,127,-580,-396,2450,73,300,1,3,3,15,3,1,1,0,0,0,5,20754,10077,31623,1712982,0,1790,47169,3527984,5375956,0,0,0,996,1000,1399,1400,6602145
MPCTASK: EXP,3,24,1180,108,522,125,355,138,45,949,107,-457,350,1161,127,155,375,127,-574,-479,2382,73,300,1,3,3,15,3,1,1,0,0,0,5,22743,6255,29994,1063134,0,42467,106374,3866221,5099013,0,0,0,996,1000,1399,1400,6602145
MPCTASK: EXP,3,26,1286,156,529,131,327,-3,61,878,408,-644,460,1122,127,133,317,127,-568,-443,2344,73,300,1,3,3,15,3,1,1,0,0,0,5,25469,8976,34961,1525816,0,1790,65396,4329597,5943411,0,0,0,996,1000,1399,1400,6602145
MPCTASK: EXP,3,28,1387,179,527,140,212,-118,62,800,699,-614,543,1046,127,74,262,127,-559,-329,2370,73,300,1,3,3,15,3,1,1,0,0,0,5,23436,10980,35034,1866624,0,1790,80770,3941315,5955857,0,0,0,996,1000,1399,1400,6602145
MPCTASK: EXP,3,30,1490,204,502,148,84,-250,48,709,863,-619,587,938,127,30,187,127,-551,-363,2408,72,300,1,3,3,15,3,1,1,0,0,0,5,26156,10871,37692,1847969,0,1791,90166,4446479,6407774,0,0,0,996,1000,1399,1400,6602145
MPCTASK: EXP,3,32,1585,209,472,149,-72,-344,17,577,957,-563,586,803,127,-22,119,127,-550,-331,2497,72,300,1,3,3,15,3,1,1,0,0,0,5,25098,6543,33416,1112358,0,2093,156918,4266601,5680700,0,0,0,995,1000,1399,1400,6602145
MPCTASK: EXP,3,34,1686,185,437,150,-254,-423,-12,627,900,-400,539,647,127,-84,42,127,-552,-364,2458,72,300,1,3,3,15,3,1,1,0,0,0,5,23618,9547,33871,1622784,0,1790,95945,4015141,5758235,0,0,0,994,1000,1399,1400,6602145
MPCTASK: EXP,3,36,1791,146,399,148,-411,-496,-4,508,790,-245,448,475,127,-139,-15,127,-552,-346,2408,72,300,1,3,3,15,3,1,1,0,0,0,5,27365,10882,38513,1849898,0,1790,23099,4652029,6547222,0,0,0,993,1000,1399,1400,6602145
MPCTASK: EXP,3,38,1885,97,358,150,-519,-544,26,518,505,-136,323,293,127,-158,-80,127,-549,-359,2243,72,300,1,3,3,15,3,1,1,0,0,0,5,23470,9012,32960,1531924,0,1790,23099,3989805,5603297,0,0,0,991,1000,1399,1400,6602145
MPCTASK: EXP,3,40,1990,49,330,154,-534,-559,26,662,212,-34,176,104,127,-153,-126,127,-545,-320,2340,72,300,1,3,3,15,3,1,1,0,0,0,5,25954,11526,38160,1959438,0,1791,53121,4412113,6487200,0,0,0,990,1000,1399,1400,6602145
MPCTASK: EXP,3,42,2089,1,262,152,-538,-698,10,710,-80,-96,21,-84,127,-132,-230,127,-547,-400,2292,72,300,1,3,3,15,3,1,1,0,0,0,5,26196,9565,36535,1625934,0,1790,79455,4452940,6211078,0,0,0,991,1000,1399,1400,6602145
MPCTASK: EXP,3,44,2186,-46,188,153,-484,-820,18,617,-419,-196,-125,-270,127,-96,-322,127,-546,-381,2263,72,300,1,3,3,15,3,1,1,0,0,0,5,23338,10014,33669,1702302,0,1790,23099,3967345,5723838,0,0,0,992,1000,1399,1400,6602145
MPCTASK: EXP,3,46,2291,-93,94,152,-396,-952,3,508,-738,-449,-250,-449,127,-48,-433,127,-547,-303,2359,72,300,1,3,3,15,3,1,1,0,0,0,5,27631,10210,38862,1735742,0,1791,86634,4697133,6606525,0,0,0,993,1000,1399,1400,6606525
MPCTASK: EXP,3,48,2389,-129,2,160,-259,-1013,16,277,-1255,-765,-341,-615,127,25,-502,127,-539,-555,2425,72,300,1,3,3,15,3,1,1,0,0,0,5,24773,11478,36923,1951136,0,1790,90647,4211277,6276867,0,0,0,994,1000,1399,1400,6606525
MPCTASK: EXP,3,50,2491,-146,-117,157,-41,-1119,-74,-126,-1311,-800,-387,-766,127,87,-581,127,-556,-485,2601,72,300,1,3,3,15,3,1,1,0,0,0,5,26863,10038,37687,1706334,0,1790,37747,4566619,6406931,0,0,0,995,1000,1399,1400,6606525
MPCTASK: EXP,3,52,2586,-133,-237,153,189,-1090,-56,-915,-871,-715,-384,-897,127,137,-586,127,-557,-312,2450,72,300,1,3,3,15,3,1,1,0,0,0,5,22719,10449,33950,1776243,0,1790,23099,3862265,5771710,0,0,0,996,1000,1399,1400,6606525
MPCTASK: EXP,3,54,2687,-101,-328,158,350,-864,15,-1344,-514,-746,-334,-1006,127,187,-542,127,-541,-447,2596,72,300,1,3,3,15,3,1,1,0,0,0,5,23108,10365,34652,1761925,0,1823,67812,3928277,5890970,0,0,0,996,1000,1399,1400,6606525
MPCTASK: EXP,3,56,2786,-80,-383,160,398,-585,20,-1299,-307,-887,-239,-1090,127,185,-478,127,-539,-459,2552,72,300,1,3,3,15,3,1,1,0,0,0,5,21680,11214,33936,1906259,0,1790,65324,3685529,5769109,0,0,0,997,1000,1399,1400,6606525
MPCTASK: EXP,3,58,2889,-47,-423,157,450,-362,2,-1062,-220,-930,-111,-1147,127,193,-433,127,-542,-416,2458,72,300,1,3,3,15,3,1,1,0,0,0,5,24315,10825,36034,1840186,0,1790,87253,4133541,6125894,0,0,0,997,1000,1399,1400,6606525
MPCTASK: EXP,3,60,2990,-17,-445,154,461,-182,1,-814,-73,-987,38,-1175,127,176,-386,127,-545,-365,2379,72,300,1,3,3,15,3,1,1,0,0,0,5,27806,9144,37388,1554365,0,19511,34943,4726828,6356185,0,0,0,997,1000,1399,1400,6606525
MPCTASK: EXP,3,62,3088,21,-453,153,471,-47,24,-565,17,-1008,195,-1175,127,168,-341,127,-546,-303,2267,72,300,1,3,3,15,3,1,1,0,0,0,5,24632,10715,35614,1821494,0,1790,23099,4187489,6054450,0,0,0,997,1000,1399,1400,6606525
MPCTASK: EXP,3,64,3185,59,-450,158,446,51,46,-430,233,-956,344,-1145,127,140,-287,127,-541,-286,2131,72,300,1,3,3,15,3,1,1,0,0,0,5,23143,9148,33445,1555199,0,2182,84900,3934254,5685701,0,0,0,997,1000,1399,1400,6606525
MPCTASK: EXP,3,66,3288,94,-440,163,373,135,34,-458,560,-822,469,-1087,127,89,-221,127,-536,-307,2278,72,300,1,3,3,15,3,1,1,0,0,0,5,24320,9894,35148,1681969,0,1790,87677,4134333,5975293,0,0,0,997,1000,1399,1400,6606525
MPCTASK: EXP,3,68,3385,123,-416,168,260,249,16,-501,805,-649,559,-1001,127,39,-136,127,-531,-330,2355,72,300,1,3,3,15,3,1,1,0,0,0,5,23796,8191,32917,1392271,0,26403,111199,4045337,5596033,0,0,0,997,1000,1399,1400,6606525
MPCTASK: EXP,3,70,3490,132,-384,173,95,356,1,-553,978,-497,605,-891,127,-31,-46,127,-526,-330,2438,71,300,1,3,3,15,3,1,1,0,0,0,5,26669,10438,37632,1774413,0,2665,65923,4533717,6397541,0,0,0,997,1000,1399,1400,6606525
MPCTASK: EXP,3,72,3590,131,-347,173,-73,459,-27,-637,1014,-368,602,-758,127,-89,44,127,-531,-313,2511,71,300,1,3,3,15,3,1,1,0,0,0,5,26744,10073,37654,1712241,0,1790,65526,4546538,6401278,0,0,0,996,1000,1399,1400,6606525
MPCTASK: EXP,3,74,3690,113,-297,168,-237,570,-50,-634,904,-275,551,-607,127,-137,137,127,-541,-331,2468,72,300,1,3,3,15,3,1,1,0,0,0,5,26249,10420,37649,1771350,0,1790,102047,4462257,6400435,0,0,0,996,1000,1399,1400,6606525
MPCTASK: EXP,3,76,3791,76,-242,162,-392,667,-38,-581,738,-223,457,-440,127,-185,223,127,-545,-328,2380,72,300,1,3,3,15,3,1,1,0,0,0,5,26939,10211,38203,1735638,0,2035,36150,4579657,6494637,0,0,0,994,1000,1399,1400,6606525
MPCTASK: EXP,3,78,3887,38,-184,161,-470,737,-4,-569,458,-178,328,-262,127,-192,303,127,-539,-278,2172,72,300,1,3,3,15,3,1,1,0,0,0,5,23467,10306,34826,1751901,0,1791,157044,3989297,5920600,0,0,0,993,1000,1399,1400,6606525
MPCTASK: EXP,3,80,3987,-3,-110,163,-504,821,-5,-545,250,-94,178,-77,127,-189,394,127,-537,-273,2141,72,300,1,3,3,15,3,1,1,0,0,0,5,23622,9861,34170,1676361,0,1944,46905,4015613,5808929,0,0,0,990,1000,1399,1400,6606525
MPCTASK: EXP,3,82,4092,-26,-29,166,-443,879,-8,-328,65,38,20,109,127,-139,460,127,-535,-303,2209,72,300,1,3,3,15,3,1,1,0,0,0,5,28366,10099,39023,1716789,0,1790,72930,4822085,6634010,0,0,0,987,1000,1399,1400,6634010
MPCTASK: EXP,3,84,4184,-74,51,160,-453,903,-89,-366,-80,209,-127,293,127,-141,538,127,-557,-294,2278,72,300,1,3,3,15,3,1,1,0,0,0,5,22995,7703,31558,1309479,0,1790,113752,3909093,5364818,0,0,0,987,1000,1399,1400,6634010
MPCTASK: EXP,3,86,4291,-119,116,152,-423,847,-96,16,-405,341,-253,471,127,-112,526,127,-567,-323,2274,72,300,1,3,3,15,3,1,1,0,0,0,5,27799,10204,39013,1734655,0,2093,90424,4725761,6632331,0,0,0,988,1000,1399,1400,6634010
MPCTASK: EXP,3,88,4386,-148,193,141,-286,808,-26,278,-875,366,-343,637,127,-32,555,127,-563,-469,2361,73,300,1,3,3,15,3,1,1,0,0,0,5,21977,10578,33520,1798218,0,1790,101207,3735786,5698554,0,0,0,990,1000,1399,1400,6634010
MPCTASK: EXP,3,90,4489,-162,270,141,-86,750,48,369,-969,256,-389,788,127,35,582,127,-558,-344,2476,73,300,1,3,3,15,3,1,1,0,0,0,5,25619,10322,36570,1754721,0,1790,84940,4355125,6217014,0,0,0,992,1000,1399,1400,6634010
MPCTASK: EXP,3,92,4586,-154,332,150,125,651,81,480,-1122,134,-386,920,127,124,572,127,-549,-339,2514,72,300,1,3,3,15,3,1,1,0,0,0,5,22270,10389,33928,1765968,0,1935,168971,3785913,5767925,0,0,0,994,1000,1399,1400,6634010
MPCTASK: EXP,3,94,4689,-114,394,156,363,577,47,421,-995,-11,-335,1030,127,214,582,127,-543,-425,2391,72,300,1,3,3,15,3,1,1,0,0,0,5,26502,10023,37042,1703872,0,1790,65069,4505325,6297330,0,0,0,995,1000,1399,1400,6634010
MPCTASK: EXP,3,96,4786,-74,437,161,499,467,39,439,-637,-27,-240,1114,127,242,558,127,-538,-315,2314,72,300,1,3,3,15,3,1,1,0,0,0,5,22024,10338,32764,1757482,0,2088,44908,3744056,5569937,0,0,0,996,1000,1399,1400,6634010
MPCTASK: EXP,3,98,4892,-18,475,160,596,375,10,481,-363,-29,-111,1172,127,267,529,127,-539,-337,2241,72,300,1,3,3,15,3,1,1,0,0,0,5,29560,10014,39897,1702287,0,1790,23099,5025089,6782661,0,0,0,996,1000,1399,1400,6782661
MPCTASK: EXP,3,100,4990,21,496,165,579,241,31,607,0,11,38,1200,127,236,466,127,-534,-316,2298,72,300,1,3,3,15,3,1,1,0,0,0,5,24166,12361,37245,2101249,0,1909,99830,4108006,6331884,0,0,0,997,1000,1399,1400,6782661
MPCTASK: EXP,3,102,5094,76,509,164,558,110,-15,748,243,-4,195,1200,127,220,396,127,-538,-376,2325,72,300,1,3,3,15,3,1,1,0,0,0,5,29100,11825,42324,2010175,0,2340,111789,4946905,7195039,0,0,0,997,1000,1399,1400,7195039
MPCTASK: EXP,3,104,5186,115,506,161,459,-40,-23,687,525,8,344,1170,127,167,324,127,-543,-326,2355,72,300,1,3,3,15,3,1,1,0,0,0,5,23132,9228,33122,1568702,0,2219,65980,3932353,5630782,0,0,0,997,1000,1399,1400,7195039
MPCTASK: EXP,3,106,5292,153,504,159,344,-129,0,581,720,24,469,1112,127,119,276,127,-540,-271,2152,72,300,1,3,3,15,3,1,1,0,0,0,5,26609,12356,39595,2100531,0,1794,23260,4523553,6731213,0,0,0,997,1000,1399,1400,7195039
MPCTASK: EXP,3,108,5388,180,494,161,208,-205,5,555,911,69,559,1026,127,61,220,127,-538,-317,2447,72,300,1,3,3,15,3,1,1,0,0,0,5,24475,10529,35860,1789813,0,1790,123029,4160597,6096313,0,0,0,996,1000,1399,1400,7195039
MPCTASK: EXP,3,110,5489,184,483,161,27,-256,-3,507,1048,165,605,916,127,-15,175,127,-539,-334,2522,72,300,1,3,3,15,3,1,1,0,0,0,5,24064,11493,36422,1953784,0,1790,23099,4090741,6191995,0,0,0,996,1000,1399,1400,7195039
MPCTASK: EXP,3,112,5589,162,451,163,-182,-362,-1,518,911,265,603,783,127,-89,94,127,-537,-311,2451,72,300,1,3,3,15,3,1,1,0,0,0,5,23178,10992,34826,1868604,0,1790,89020,3940334,5920585,0,0,0,996,1000,1399,1400,7195039
MPCTASK: EXP,3,114,5689,136,415,158,-325,-442,-42,463,855,426,551,632,127,-140,24,127,-549,-387,2399,72,300,1,3,3,15,3,1,1,0,0,0,5,24920,10054,35759,1709011,0,13294,99593,4236285,6078986,0,0,0,995,1000,1399,1400,7195039
MPCTASK: EXP,3,116,5790,96,376,156,-435,-515,-20,584,510,563,457,465,127,-155,-55,127,-548,-381,2266,72,300,1,3,3,15,3,1,1,0,0,0,5,26783,9873,36928,1678445,0,1790,23099,4553153,6277886,0,0,0,993,1000,1399,1400,7195039
MPCTASK: EXP,3,118,5890,56,335,157,-480,-595,31,639,337,621,328,287,127,-167,-127,127,-542,-288,2159,72,300,1,3,3,15,3,1,1,0,0,0,5,25951,10185,36734,1731417,0,1946,77242,4411597,6244763,0,0,0,991,1000,1399,1400,7195039
MPCTASK: EXP,3,120,5990,2,281,161,-497,-658,22,579,61,650,178,102,127,-160,-192,127,-538,-350,2266,72,300,1,3,3,15,3,1,1,0,0,0,5,25413,9809,35644,1667465,0,1790,49387,4320058,6059426,0,0,0,989,1000,1399,1400,7195039
MPCTASK: EXP,3,122,6089,-32,212,161,-430,-748,8,553,-217,525,20,-84,127,-114,-277,127,-538,-296,2293,72,300,1,3,3,15,3,1,1,0,0,0,5,25563,9304,35721,1581607,0,1916,121749,4345637,6072577,0,0,0,989,1000,1399,1400,7195039
MPCTASK: EXP,3,124,6189,-72,120,159,-373,-872,-47,516,-371,324,-127,-269,127,-88,-390,127,-550,-302,2314,72,300,1,3,3,15,3,1,1,0,0,0,5,22667,12109,35722,2058466,0,1791,93366,3853397,6072866,0,0,0,991,1000,1399,1400,7195039
MPCTASK: EXP,3,126,6290,-79,46,158,-229,-914,-49,374,-682,62,-253,-446,127,10,-444,127,-551,-402,2292,72,300,1,3,3,15,3,1,1,0,0,0,5,25736,10234,36601,1739699,0,1791,84966,4374989,6222263,0,0,0,992,1000,1399,1400,7195039
MPCTASK: EXP,3,128,6392,-87,-52,152,-75,-968,-52,38,-754,-125,-343,-613,127,74,-505,127,-558,-430,2319,72,300,1,3,3,15,3,1,1,0,0,0,5,26014,11132,38318,1892352,0,1790,149771,4422393,6514012,0,0,0,994,1000,1399,1400,7195039
MPCTASK: EXP,3,130,6490,-92,-126,152,24,-863,-9,-394,-583,-219,-389,-764,127,98,-487,127,-549,-288,2224,72,300,1,3,3,15,3,1,1,0,0,0,5,25597,10241,36814,1740865,0,1790,35868,4351421,6258504,0,0,0,995,1000,1399,1400,7195039
MPCTASK: EXP,3,132,6589,-93,-213,146,100,-809,-21,-450,-648,-201,-386,-895,127,129,-521,127,-557,-292,2294,72,300,1,3,3,15,3,1,1,0,0,0,5,24849,9887,36035,1680672,0,1790,65398,4224213,6125941,0,0,0,996,1000,1399,1400,7195039
MPCTASK: EXP,3,134,6689,-98,-282,147,149,-692,7,-580,-654,-303,-335,-1005,127,130,-508,127,-552,-278,2081,72,300,1,3,3,15,3,1,1,0,0,0,5,25040,9775,35419,1661735,0,1790,56481,4256769,6021192,0,0,0,997,1000,1399,1400,7195039
MPCTASK: EXP,3,136,6786,-84,-341,149,246,-575,16,-627,-650,-384,-240,-1089,127,152,-494,127,-550,-270,1987,72,300,1,3,3,15,3,1,1,0,0,0,5,22261,8628,32149,1466574,0,96465,35334,3784265,5465418,0,0,0,997,1000,1399,1400,7195039
MPCTASK: EXP,3,138,6886,-59,-392,153,342,-465,24,-666,-518,-466,-111,-1147,127,166,-473,127,-546,-288,2140,72,300,1,3,3,15,3,1,1,0,0,0,5,21524,10127,32571,1721509,0,1790,134536,3658921,5537181,0,0,0,997,1000,1399,1400,7195039
MPCTASK: EXP,3,140,6990,-18,-431,155,435,-354,14,-620,-327,-553,38,-1175,127,182,-447,127,-544,-335,2303,72,300,1,3,3,15,3,1,1,0,0,0,5,23437,12894,36838,2191903,0,1790,23099,3984205,6262484,0,0,0,997,1000,1399,1400,7195039
MPCTASK: EXP,3,142,7091,16,-457,157,445,-238,12,-598,-33,-652,195,-1175,127,158,-405,127,-542,-305,2327,72,300,1,3,3,15,3,1,1,0,0,0,5,25406,10546,36844,1792722,0,1791,79716,4318873,6263649,0,0,0,997,1000,1399,1400,7195039
MPCTASK: EXP,3,144,7189,61,-471,154,451,-117,-6,-558,167,-703,344,-1145,127,152,-353,127,-546,-282,2180,72,300,1,3,3,15,3,1,1,0,0,0,5,24935,9574,35486,1627467,0,1791,126216,4238821,6032626,0,0,0,997,1000,1399,1400,7195039
MPCTASK: EXP,3,146,7290,86,-474,157,359,-2,20,-509,443,-796,469,-1087,127,92,-294,127,-542,-282,2110,72,300,1,3,3,15,3,1,1,0,0,0,5,27921,8848,37038,1504114,0,1790,23099,4746509,6296491,0,0,0,997,1000,1399,1400,7195039
MPCTASK: EXP,3,148,7384,111,-467,160,260,104,12,-503,614,-814,559,-1001,127,47,-228,127,-539,-249,1845,72,300,1,3,3,15,3,1,1,0,0,0,5,21081,8618,30688,1465032,0,2697,74705,3583749,5216973,0,0,0,997,1000,1399,1400,7195039
MPCTASK: EXP,3,150,7489,126,-452,160,142,202,-18,-524,770,-772,605,-891,127,-2,-159,127,-543,-331,2371,72,300,1,3,3,15,3,1,1,0,0,0,5,24743,9928,35325,1687627,0,1790,88888,4206091,6005307,0,0,0,997,1000,1399,1400,7195039
MPCTASK: EXP,3,152,7586,130,-426,158,2,318,-28,-613,907,-669,603,-758,127,-53,-72,127,-547,-303,2496,72,300,1,3,3,15,3,1,1,0,0,0,5,24308,8237,32965,1400086,0,1790,48912,4132257,5604150,0,0,0,996,1000,1399,1400,7195039
MPCTASK: EXP,3,154,7686,121,-396,158,-142,417,-8,-590,870,-606,551,-607,127,-94,-1,127,-543,-300,2449,72,300,1,3,3,15,3,1,1,0,0,0,5,23071,9768,33109,1660583,0,1793,23256,3921909,5628563,0,0,0,996,1000,1399,1400,7195039
MPCTASK: EXP,3,156,7787,114,-345,159,-231,543,-7,-622,737,-496,457,-440,127,-97,98,127,-541,-278,2220,72,300,1,3,3,15,3,1,1,0,0,0,5,24094,9100,34046,1546967,0,1790,52609,4095891,5787999,0,0,0,995,1000,1399,1400,7195039
MPCTASK: EXP,3,158,7891,81,-287,158,-353,651,-22,-619,604,-421,328,-262,127,-126,191,127,-546,-323,2340,72,300,1,3,3,15,3,1,1,0,0,0,5,26683,9586,37018,1629661,0,1790,94969,4536141,6293144,0,0,0,993,1000,1399,1400,7195039
MPCTASK: EXP,3,160,7985,46,-235,156,-405,703,-10,-560,293,-370,178,-77,127,-112,249,127,-545,-359,2271,72,300,1,3,3,15,3,1,1,0,0,0,5,22008,8982,31258,1526990,0,1790,23099,3741226,5313905,0,0,0,991,1000,1399,1400,7195039
MPCTASK: EXP,3,162,8086,27,-172,152,-345,768,-42,-589,-31,-255,20,109,127,-51,327,127,-556,-299,2372,72,300,1,3,3,15,3,1,1,0,0,0,5,23411,8828,32507,1500712,0,1793,23254,3979881,5526230,0,0,0,991,1000,1399,1400,7195039
MPCTASK: EXP,3,164,8186,-8,-87,145,-339,875,-70,-533,-93,-94,-127,293,127,-40,423,127,-568,-375,2289,73,300,1,3,3,15,3,1,1,0,0,0,5,22174,10472,33153,1780169,0,1790,60671,3769485,5636065,0,0,0,991,1000,1399,1400,7195039
MPCTASK: EXP,3,166,8290,-44,-14,143,-316,889,-23,-323,-395,65,-253,471,127,-14,466,127,-560,-289,2274,73,300,1,3,3,15,3,1,1,0,0,0,5,25441,10366,36452,1762147,0,1790,87415,4324912,6196819,0,0,0,992,1000,1399,1400,7195039
MPCTASK: EXP,3,168,8389,-52,50,144,-173,852,-24,-163,-555,221,-343,637,127,56,483,127,-560,-299,2327,73,300,1,3,3,15,3,1,1,0,0,0,5,26010,9083,35920,1544053,0,1912,46024,4421581,6106537,0,0,0,994,1000,1399,1400,7195039
MPCTASK: EXP,3,170,8491,-62,134,132,-75,870,-142,-69,-580,332,-389,788,127,91,540,127,-596,-357,2515,73,300,1,3,3,15,3,1,1,0,0,0,5,28183,9114,38016,1549366,0,1790,65345,4791125,6462807,0,0,0,995,1000,1399,1400,7195039
MPCTASK: EXP,3,172,8590,-70,223,118,8,861,-107,314,-603,419,-386,920,127,124,558,127,-602,-433,2347,74,300,1,3,3,15,3,1,1,0,0,0,5,24131,11033,35696,1875484,0,1790,68395,4102242,6068775,0,0,0,995,1000,1399,1400,7195039
MPCTASK: EXP,3,174,8690,-68,287,113,136,721,-6,707,-899,382,-334,1030,127,179,507,127,-587,-484,2408,74,300,1,3,3,15,3,1,1,0,0,0,5,24203,10523,35573,1788881,0,2127,107878,4114465,6047416,0,0,0,996,1000,1399,1400,7195039
MPCTASK: EXP,3,176,8790,-57,356,120,283,591,66,870,-961,269,-240,1114,127,213,496,127,-579,-458,2423,73,300,1,3,3,15,3,1,1,0,0,0,5,25800,8487,35228,1442631,0,1791,34959,4385973,5988912,0,0,0,997,1000,1399,1400,7195039
MPCTASK: EXP,3,178,8890,-45,407,129,347,439,81,800,-566,249,-111,1171,127,180,470,127,-570,-394,2358,73,300,1,3,3,15,3,1,1,0,0,0,5,24211,10260,35563,1744110,0,1790,118932,4115784,6045685,0,0,0,997,1000,1399,1400,7195039
MPCTASK: EXP,3,180,8986,-3,439,131,443,287,34,731,-375,184,38,1200,127,199,424,127,-568,-387,2351,73,300,1,3,3,15,3,1,1,0,0,0,5,20736,9998,31198,1699622,0,1822,55438,3525157,5303754,0,0,0,997,1000,1399,1400,7195039
MPCTASK: EXP,3,182,9089,45,456,135,503,142,31,740,-108,87,195,1200,127,207,363,127,-564,-331,2401,73,300,1,3,3,15,3,1,1,0,0,0,5,23041,11016,34534,1872685,0,1790,33015,3916937,5871008,0,0,0,997,1000,1399,1400,7195039
MPCTASK: EXP,3,184,9188,102,466,135,523,27,3,739,188,40,344,1170,127,196,310,127,-564,-405,2335,73,300,1,3,3,15,3,1,1,0,0,0,5,22860,10260,33927,1744143,0,1790,50585,3886237,5767830,0,0,0,997,1000,1399,1400,7195039
MPCTASK: EXP,3,186,9290,140,466,141,419,-79,16,670,598,80,469,1112,127,143,250,127,-558,-337,2358,73,300,1,3,3,15,3,1,1,0,0,0,5,26581,8991,36084,1528464,0,1790,23099,4518593,6134337,0,0,0,997,1000,1399,1400,7195039
MPCTASK: EXP,3,188,9390,181,455,141,317,-182,-20,612,880,85,559,1027,127,100,189,127,-562,-378,2448,73,300,1,3,3,15,3,1,1,0,0,0,5,23377,10946,34876,1860831,0,1790,71858,3974054,5928940,0,0,0,996,1000,1399,1400,7195039
MPCTASK: EXP,3,190,9490,197,434,142,127,-283,2,558,1086,173,604,917,127,26,119,127,-557,-412,2517,73,300,1,3,3,15,3,1,1,0,0,0,5,25366,8033,34085,1365526,0,1790,49870,4312097,5794413,0,0,0,996,1000,1399,1400,7195039
MPCTASK: EXP,3,192,9588,199,401,141,-63,-372,-28,389,1128,249,601,785,127,-34,52,127,-564,-438,2576,73,300,1,3,3,15,3,1,1,0,0,0,5,23742,8099,32886,1376647,0,1790,155298,4036081,5590757,0,0,0,995,1000,1399,1400,7195039
MPCTASK: EXP,3,194,9689,188,374,137,-214,-414,-22,488,897,435,549,634,127,-61,-9,127,-566,-394,2447,73,300,1,3,3,15,3,1,1,0,0,0,5,24550,8226,33321,1398361,0,1790,50658,4173429,5664628,0,0,0,994,1000,1399,1400,7195039
MPCTASK: EXP,3,196,9791,152,333,135,-370,-503,-2,523,711,601,455,467,127,-101,-88,127,-565,-390,2334,73,300,1,3,3,15,3,1,1,0,0,0,5,21330,11478,35036,1951169,0,1791,292727,3625893,5956195,0,0,0,992,1000,1399,1400,7195039
MPCTASK: EXP,3,198,9892,117,286,137,-431,-588,12,655,442,707,326,289,127,-102,-177,127,-562,-325,2385,73,300,1,3,3,15,3,1,1,0,0,0,5,26058,10032,36450,1705308,0,1790,37247,4429749,6196553,0,0,0,989,1000,1399,1400,7195039
MPCTASK: EXP,3,200,9992,90,231,140,-410,-673,14,729,293,624,177,103,127,-76,-260,127,-559,-400,2336,73,300,1,3,3,15,3,1,1,0,0,0,5,24446,11048,36765,1878146,0,1900,192467,4155797,6250102,0,0,0,987,1000,1399,1400,7195039
MPCTASK: EXP,3,202,10090,52,159,139,-421,-802,18,704,88,345,22,-85,127,-64,-356,127,-560,-412,2301,73,300,1,3,3,15,3,1,1,0,0,0,5,25256,9601,35407,1632054,0,1791,70841,4293517,6019309,0,0,0,987,1000,1399,1400,7195039
MPCTASK: EXP,3,204,10189,27,94,143,-357,-848,11,733,-275,133,-123,-273,127,-1,-414,127,-556,-406,2311,73,300,1,3,3,15,3,1,1,0,0,0,5,23169,9659,33578,1641896,0,1960,34305,3938665,5708485,0,0,0,990,1000,1399,1400,7195039
MPCTASK: EXP,3,206,10292,-4,-22,132,-281,-1045,-48,265,-479,-59,-245,-454,127,26,-511,127,-576,-167,1808,73,300,1,3,3,15,3,1,1,0,0,0,5,27522,8562,36891,1455482,0,1790,112460,4678657,6271706,0,0,0,991,1000,1399,1400,7195039
MPCTASK: EXP,3,208,10393,-32,-115,138,-207,-973,44,-462,-531,-291,-332,-625,127,39,-500,127,-561,-307,2164,73,300,1,3,3,15,3,1,1,0,0,0,5,23090,14181,37912,2410596,0,2663,23523,3925077,6445118,0,0,0,993,1000,1399,1400,7195039
MPCTASK: EXP,3,210,10493,-42,-205,142,-77,-881,45,-577,-723,-469,-374,-780,127,89,-509,127,-557,-328,2381,73,300,1,3,3,15,3,1,1,0,0,0,5,26512,10180,37607,1730676,0,1790,85080,4506901,6393222,0,0,0,995,1000,1399,1400,7195039
MPCTASK: EXP,3,212,10591,-50,-291,145,26,-780,20,-835,-626,-588,-369,-915,127,94,-493,127,-554,-368,2379,73,300,1,3,3,15,3,1,1,0,0,0,5,22398,11580,35494,1968592,0,1790,235585,3807673,6034110,0,0,0,996,1000,1399,1400,7195039
MPCTASK: EXP,3,214,10694,-57,-361,148,86,-624,26,-989,-504,-703,-319,-1024,127,79,-456,127,-551,-315,2497,72,300,1,3,3,15,3,1,1,0,0,0,5,28360,9557,38760,1624512,0,1791,119812,4821177,6589297,0,0,0,996,1000,1399,1400,7195039
MPCTASK: EXP,3,216,10791,-55,-406,151,153,-436,14,-950,-451,-788,-230,-1102,127,70,-404,127,-548,-318,2471,72,300,1,3,3,15,3,1,1,0,0,0,5,24564,10198,35903,1733564,0,42559,25005,4175741,6103588,0,0,0,996,1000,1399,1400,7195039
MPCTASK: EXP,3,218,10891,-41,-435,151,224,-264,-17,-934,-260,-778,-114,-1145,127,60,-345,127,-551,-396,2431,72,300,1,3,3,15,3,1,1,0,0,0,5,25577,9314,35662,1583293,0,1790,108362,4347934,6062711,0,0,0,997,1000,1399,1400,7195039
MPCTASK: EXP,3,220,10991,-22,-450,146,251,-97,-37,-894,-9,-714,14,-1149,127,42,-291,127,-560,-363,2488,72,300,1,3,3,15,3,1,1,0,0,0,5,21522,13076,35138,2222925,0,1790,69379,3658645,5973585,0,0,0,997,1000,1399,1400,7195039
MPCTASK: EXP,3,222,11094,-2,-448,139,244,65,-40,-751,150,-671,139,-1111,127,32,-247,127,-568,-372,2415,73,300,1,3,3,15,3,1,1,0,0,0,5,28220,10050,38861,1708427,0,1790,23099,4797393,6606598,0,0,0,997,1000,1399,1400,7195039
MPCTASK: EXP,3,224,11185,13,-435,137,201,195,-13,-640,296,-614,245,-1031,127,26,-217,127,-565,-318,2397,73,300,1,3,3,15,3,1,1,0,0,0,5,21524,8144,30184,1384361,0,1790,65389,3659029,5131412,0,0,0,997,1000,1399,1400,7195039
MPCTASK: EXP,3,226,11292,25,-410,135,133,301,-14,-493,403,-544,318,-912,127,23,-204,127,-567,-298,2222,73,300,1,3,3,15,3,1,1,0,0,0,5,25951,9341,35922,1587845,0,1790,84741,4411433,6106814,0,0,0,996,1000,1399,1400,7195039
MPCTASK: EXP,3,228,11398,30,-378,137,52,372,0,-326,384,-470,352,-760,127,22,-193,127,-562,-303,2282,73,300,1,3,3,15,3,1,1,0,0,0,5,30194,10910,42819,1854716,0,1945,24504,5132781,7279257,0,0,0,996,1000,1399,1400,7279257
MPCTASK: EXP,3,230,11495,28,-343,137,-9,393,-5,-93,262,-353,345,-587,128,29,-190,128,-563,-275,2143,73,300,1,3,3,15,3,1,1,0,0,0,5,28741,10884,39898,1850216,0,1792,23247,4885925,6782818,0,0,0,995,1000,1399,1400,7279257
MPCTASK: EXP,3,232,11593,30,-311,140,-23,371,2,62,131,-222,304,-408,128,46,-179,128,-559,-236,1710,73,300,1,3,3,15,3,1,1,0,0,0,5,26644,11042,38111,1877066,0,1790,23099,4529397,6478888,0,0,0,993,1000,1399,1400,7279257
MPCTASK: EXP,3,234,11693,33,-278,138,-13,337,-9,213,6,-126,243,-242,128,53,-139,128,-563,-247,1804,73,300,1,3,3,15,3,1,1,0,0,0,5,26359,8742,35810,1486013,0,1790,48630,4480997,6087709,0,0,0,991,1000,1399,1400,7279257
MPCTASK: EXP,3,236,11792,32,-248,138,-5,288,0,231,-56,-74,179,-110,128,25,-58,128,-561,-240,1584,73,300,1,3,3,15,3,1,1,0,0,0,5,21320,14087,35903,2394712,0,1790,35151,3624333,6103481,0,0,0,990,1000,1399,1400,7279257
MPCTASK: EXP,3,238,11894,31,-224,138,-2,245,4,70,-18,-47,132,-25,128,-23,55,128,-561,-264,2207,73,300,1,3,3,15,3,1,1,0,0,0,5,28708,8938,37914,1519424,0,1790,23099,4880297,6445480,0,0,0,989,1000,1399,1400,7279257
MPCTASK: EXP,3,240,11991,29,-205,138,-18,241,-2,-316,120,23,110,8,127,-64,168,127,-562,-332,2224,73,300,1,3,3,15,3,1,1,0,0,0,5,21769,11480,35114,1951369,0,1790,293055,3700629,5969605,0,0,0,989,1000,1399,1400,7279257
MPCTASK: EXP,3,242,12090,24,-177,140,-59,331,6,-763,323,89,108,12,127,-73,276,127,-559,-423,2321,73,300,1,3,3,15,3,1,1,0,0,0,5,21504,8452,31378,1436858,0,1790,158442,3655681,5334426,0,0,0,989,1000,1399,1400,7279257
MPCTASK: EXP,3,244,12190,13,-138,141,-130,472,-2,-951,381,65,103,19,127,-49,335,127,-558,-338,2522,73,300,1,3,3,15,3,1,1,0,0,0,5,18571,11794,32153,2004937,0,1790,252673,3157005,5466015,0,0,0,989,1000,1399,1400,7279257
MPCTASK: EXP,3,246,12295,-9,-96,144,-211,578,-4,-895,218,-29,78,65,128,-29,368,128,-556,-452,2366,73,300,1,3,3,15,3,1,1,0,0,0,5,28639,7645,37247,1299506,0,1790,23281,4868409,6332137,0,0,0,989,1000,1399,1400,7279257
MPCTASK: EXP,3,248,12394,-36,-28,137,-237,736,-57,-791,-121,-40,31,164,128,4,432,128,-573,-436,2361,73,300,1,3,3,15,3,1,1,0,0,0,5,23460,11153,34883,1895905,0,1790,23104,3988041,5930167,0,0,0,989,1000,1399,1400,7279257
MPCTASK: EXP,3,250,12499,-60,21,133,-201,736,-55,-421,-430,91,-24,310,128,40,431,128,-577,-293,2324,73,300,1,3,3,15,3,1,1,0,0,0,5,29126,10357,40135,1760604,0,1790,88863,4951239,6823125,0,0,0,989,1000,1399,1400,7279257
MPCTASK: EXP,3,252,12595,-69,81,122,-98,744,-87,-204,-603,171,-71,484,128,91,431,128,-594,-390,2353,73,300,1,3,3,15,3,1,1,0,0,0,5,25126,10733,36971,1824530,0,1790,123246,4271385,6285043,0,0,0,990,1000,1399,1400,7279257
MPCTASK: EXP,3,254,12698,-77,162,112,23,764,-48,243,-881,115,-92,665,128,137,450,128,-597,-507,2402,74,300,1,3,3,15,3,1,1,0,0,0,5,25836,11680,38755,1985482,0,1822,23412,4392110,6714854,0,0,0,992,1000,1399,1400,7279257
MPCTASK: EXP,3,256,12795,-72,234,117,181,685,66,512,-1025,-70,-77,835,127,190,443,127,-582,-517,2394,74,300,1,3,3,15,3,1,1,0,0,0,5,23593,11439,36176,1944481,0,1790,145464,4010664,6149983,0,0,0,994,1000,1399,1400,7279257
MPCTASK: EXP,3,258,12895,-42,303,124,367,586,71,744,-979,-246,-23,977,127,242,430,127,-575,-458,2400,73,300,1,3,3,15,3,1,1,0,0,0,5,25879,9875,36398,1678728,0,1940,23099,4399297,6187831,0,0,0,995,1000,1399,1400,7279257
MPCTASK: EXP,3,260,12993,-4,351,131,484,438,46,715,-634,-321,66,1083,127,252,403,127,-568,-353,2379,73,300,1,3,3,15,3,1,1,0,0,0,5,24004,10494,35332,1783953,0,1790,118283,4080641,6006594,0,0,0,996,1000,1399,1400,7279257
MPCTASK: EXP,3,262,13094,53,384,133,572,293,21,784,-239,-315,179,1146,127,254,354,127,-566,-438,2325,73,300,1,3,3,15,3,1,1,0,0,0,5,22769,11074,35257,1882414,0,2219,24246,3870761,5993863,0,0,0,997,1000,1399,1400,7279257
MPCTASK: EXP,3,264,13193,110,403,138,567,144,27,792,168,-253,302,1165,127,241,294,127,-561,-410,2346,73,300,1,3,3,15,3,1,1,0,0,0,5,23680,10262,34363,1744431,0,1901,49068,4025473,5841746,0,0,0,997,1000,1399,1400,7279257
MPCTASK: EXP,3,266,13297,149,405,139,467,-16,0,848,459,-91,419,1142,127,189,215,127,-560,-358,2437,73,300,1,3,3,15,3,1,1,0,0,0,5,28493,8369,38291,1422665,0,1790,86947,4843726,6509563,0,0,0,997,1000,1399,1400,7279257
MPCTASK: EXP,3,268,13396,185,392,137,361,-170,-42,730,656,87,514,1081,127,144,141,127,-571,-419,2348,73,300,1,3,3,15,3,1,1,0,0,0,5,23308,13153,37837,2235883,0,1790,159838,3962277,6432289,0,0,0,997,1000,1399,1400,7279257
MPCTASK: EXP,3,270,13496,217,369,132,237,-284,-65,605,994,258,574,985,127,83,71,127,-580,-524,2420,73,300,1,3,3,15,3,1,1,0,0,0,5,26312,8768,37007,1490600,0,1790,247967,4473014,6291316,0,0,0,996,1000,1399,1400,7279257
MPCTASK: EXP,3,272,13593,226,349,129,32,-343,-44,388,1182,423,592,860,127,12,27,127,-579,-472,2654,73,300,1,3,3,15,3,1,1,0,0,0,5,22086,11877,34704,2019129,0,1790,69079,3754421,5899702,0,0,0,996,1000,1399,1400,7279257
MPCTASK: EXP,3,274,13690,211,316,119,-175,-430,-61,593,941,496,563,712,127,-36,-67,127,-592,-514,2423,73,300,1,3,3,15,3,1,1,0,0,0,5,23458,7691,31616,1307297,0,2399,49864,3987770,5374805,0,0,0,995,1000,1399,1400,7279257
MPCTASK: EXP,3,276,13792,186,279,118,-297,-532,18,723,601,499,489,546,127,-53,-150,127,-581,-383,2402,74,300,1,3,3,15,3,1,1,0,0,0,5,23379,10171,33821,1729033,0,1790,23099,3974354,5749632,0,0,0,994,1000,1399,1400,7279257
MPCTASK: EXP,3,278,13891,168,212,117,-333,-682,-13,641,567,263,377,367,127,-55,-254,127,-585,-424,2325,74,300,1,3,3,15,3,1,1,0,0,0,5,21388,10937,32595,1859239,0,1791,23105,3635837,5541309,0,0,0,992,1000,1399,1400,7279257
MPCTASK: EXP,3,280,13993,141,145,120,-362,-767,23,547,178,226,237,180,127,-20,-337,127,-579,-401,2276,73,300,1,3,3,15,3,1,1,0,0,0,5,22682,11720,35034,1992313,0,1790,84749,3855978,5955963,0,0,0,989,1000,1399,1400,7279257
MPCTASK: EXP,3,282,14093,111,68,121,-354,-818,12,199,111,88,83,-9,127,-11,-396,127,-578,-257,1686,73,300,1,3,3,15,3,1,1,0,0,0,5,24534,10445,35387,1775539,0,1790,23099,4170725,6015922,0,0,0,987,1000,1399,1400,7279257
MPCTASK: EXP,3,284,14194,79,-17,116,-348,-851,-37,-16,0,105,-68,-197,127,7,-460,127,-591,-245,1647,74,300,1,3,3,15,3,1,1,0,0,0,5,22726,12308,35860,2092271,0,1931,117008,3863317,6096188,0,0,0,988,1000,1399,1400,7279257
MPCTASK: EXP,3,286,14295,49,-105,119,-321,-846,6,-308,-125,278,-204,-379,127,29,-496,127,-580,-352,2234,73,300,1,3,3,15,3,1,1,0,0,0,5,27891,8497,37113,1444344,0,2660,23411,4741389,6309185,0,0,0,990,1000,1399,1400,7279257
MPCTASK: EXP,3,288,14392,22,-179,124,-281,-734,37,-635,-277,465,-309,-550,127,56,-490,127,-575,-348,2367,73,300,1,3,3,15,3,1,1,0,0,0,5,21265,11505,33538,1955795,0,2173,24871,3614993,5701651,0,0,0,992,1000,1399,1400,7279257
MPCTASK: EXP,3,290,14495,-1,-231,126,-228,-569,11,-486,-449,424,-374,-708,127,80,-481,127,-573,-367,2286,73,300,1,3,3,15,3,1,1,0,0,0,5,25947,9862,36880,1676370,0,1790,112338,4410897,6269750,0,0,0,993,1000,1399,1400,7279257
MPCTASK: EXP,3,292,14590,-29,-271,123,-172,-440,-18,-363,-735,275,-391,-847,127,104,-463,127,-580,-426,2355,73,300,1,3,3,15,3,1,1,0,0,0,5,20699,8403,31620,1428444,0,1790,229880,3518822,5375459,0,0,0,995,1000,1399,1400,7279257
MPCTASK: EXP,3,294,14694,-62,-312,119,-109,-374,-15,-212,-939,96,-360,-965,127,107,-467,127,-583,-481,2437,73,300,1,3,3,15,3,1,1,0,0,0,5,26870,7426,35158,1262249,0,2081,74095,4567929,5976901,0,0,0,996,1000,1399,1400,7279257
MPCTASK: EXP,3,296,14792,-69,-345,119,53,-329,3,-152,-1061,0,-282,-1060,127,143,-463,127,-580,-405,2582,73,300,1,3,3,15,3,1,1,0,0,0,5,19852,12612,33470,2143803,0,1914,104247,3374793,5689887,0,0,0,996,1000,1399,1400,7279257
MPCTASK: EXP,3,298,14891,-66,-382,120,189,-326,27,-115,-970,-118,-166,-1128,127,158,-473,127,-579,-370,2529,73,300,1,3,3,15,3,1,1,0,0,0,5,24822,7923,33386,1346956,0,1790,23099,4219653,5675719,0,0,0,997,1000,1399,1400,7279257
MPCTASK: EXP,3,300,14996,-37,-406,126,364,-277,56,-133,-862,-266,-23,-1168,127,199,-452,127,-573,-406,2403,73,300,1,3,3,15,3,1,1,0,0,0,5,25168,11457,37424,1947642,0,1790,112259,4278325,6362259,0,0,0,997,1000,1399,1400,7279257
MPCTASK: EXP,3,302,15092,0,-431,133,474,-256,50,-135,-581,-410,132,-1179,127,211,-438,127,-566,-358,2308,73,300,1,3,3,15,3,1,1,0,0,0,5,23329,9005,33404,1530818,0,1791,158858,3965911,5678735,0,0,0,997,1000,1399,1400,7279257
MPCTASK: EXP,3,304,15189,44,-456,139,515,-230,42,-277,-188,-522,286,-1160,127,195,-410,127,-560,-297,2237,73,300,1,3,3,15,3,1,1,0,0,0,5,22635,7950,31231,1351381,0,65903,23275,3847942,5309406,0,0,0,997,1000,1399,1400,7279257
MPCTASK: EXP,3,306,15292,88,-477,140,493,-175,22,-415,233,-609,423,-1113,127,161,-372,127,-559,-344,2248,73,300,1,3,3,15,3,1,1,0,0,0,5,25212,7298,33628,1240499,0,1790,110131,4285925,5716851,0,0,0,997,1000,1399,1400,7279257
MPCTASK: EXP,3,308,15399,123,-492,145,393,-93,26,-564,590,-697,528,-1038,127,107,-319,127,-554,-363,2288,72,300,1,3,3,15,3,1,1,0,0,0,5,26687,12437,40370,2114143,0,1790,188480,4536769,6863071,0,0,0,997,1000,1399,1400,7279257
MPCTASK: EXP,3,310,15492,157,-498,142,308,7,-17,-705,820,-678,593,-938,127,75,-256,127,-560,-409,2353,73,300,1,3,3,15,3,1,1,0,0,0,5,23398,9441,34297,1604894,0,1790,159031,3977601,5830480,0,0,0,996,1000,1399,1400,7279257
MPCTASK: EXP,3,312,15589,186,-492,146,159,158,-10,-839,1057,-567,609,-814,127,30,-169,127,-555,-411,2477,72,300,1,3,3,15,3,1,1,0,0,0,5,19900,9000,30544,1529954,0,2189,24246,3382937,5192586,0,0,0,996,1000,1399,1400,7279257
MPCTASK: EXP,3,314,15695,199,-466,144,4,329,-49,-969,1152,-410,577,-669,127,-9,-63,127,-564,-422,2602,73,300,1,3,3,15,3,1,1,0,0,0,5,26635,7942,36546,1350042,0,1790,121361,4527917,6212810,0,0,0,995,1000,1399,1400,7279257
MPCTASK: EXP,3,316,15792,196,-428,140,-160,497,-58,-1011,1103,-270,499,-508,127,-43,39,127,-571,-429,2593,73,300,1,3,3,15,3,1,1,0,0,0,5,20514,12175,33197,2069704,0,1790,38127,3487433,5643661,0,0,0,994,1000,1399,1400,7279257
MPCTASK: EXP,3,318,15895,174,-371,132,-324,674,-48,-915,874,-172,383,-334,127,-69,145,127,-576,-475,2428,73,300,1,3,3,15,3,1,1,0,0,0,5,25236,10481,36566,1781615,0,2127,60086,4290029,6216359,0,0,0,992,1000,1399,1400,7279257
MPCTASK: EXP,3,320,15994,147,-309,132,-404,783,-3,-689,491,-143,239,-152,127,-56,219,127,-568,-418,2313,73,300,1,3,3,15,3,1,1,0,0,0,5,23286,12451,36345,2116592,0,2126,39609,3958385,6178590,0,0,0,990,1000,1399,1400,7279257
MPCTASK: EXP,3,322,16092,118,-232,132,-416,861,30,-466,167,-29,83,34,127,-24,296,127,-567,-346,2277,73,300,1,3,3,15,3,1,1,0,0,0,5,22649,10689,34269,1817201,0,1790,46606,3850265,5825950,0,0,0,990,1000,1399,1400,7279257
MPCTASK: EXP,3,324,16191,86,-173,140,-395,826,63,-246,11,75,-70,220,127,-1,311,127,-559,-259,1812,73,300,1,3,3,15,3,1,1,0,0,0,5,21084,10570,32418,1796893,0,1790,107365,3584209,5511127,0,0,0,991,1000,1399,1400,7279257
MPCTASK: EXP,3,326,16297,55,-107,141,-364,832,27,-244,-271,159,-206,401,127,34,368,127,-558,-247,1701,73,300,1,3,3,15,3,1,1,0,0,0,5,27599,10225,38225,1738227,0,1790,45878,4691786,6498410,0,0,0,993,1000,1399,1400,7279257
MPCTASK: EXP,3,328,16394,32,-33,145,-272,812,0,-257,-311,189,-312,573,127,70,414,127,-554,-253,1856,72,300,1,3,3,15,3,1,1,0,0,0,5,24252,11214,35828,1906430,0,2657,37926,4122749,6090864,0,0,0,994,1000,1399,1400,7279257
MPCTASK: EXP,3,330,16493,13,48,134,-201,881,-104,-260,-580,70,-376,730,127,115,488,127,-586,-410,2327,73,300,1,3,3,15,3,1,1,0,0,0,5,27956,6835,35059,1161847,0,1790,23099,4752389,5960138,0,0,0,995,1000,1399,1400,7279257
MPCTASK: EXP,3,332,16595,7,136,122,-55,901,-129,47,-819,-2,-393,870,127,181,517,127,-603,-459,2457,73,300,1,3,3,15,3,1,1,0,0,0,5,23809,11236,36439,1909915,0,1790,214196,4047401,6194661,0,0,0,996,1000,1399,1400,7279257
MPCTASK: EXP,3,334,16696,9,229,113,98,875,-92,378,-923,-69,-361,989,127,231,550,127,-604,-518,2507,74,300,1,3,3,15,3,1,1,0,0,0,5,27517,8907,37786,1514067,0,1791,209543,4677889,6423759,0,0,0,997,1000,1399,1400,7279257
MPCTASK: EXP,3,336,16796,34,291,117,295,662,24,790,-968,-105,-283,1084,127,307,477,127,-582,-384,2506,74,300,1,3,3,15,3,1,1,0,0,0,5,27769,9851,37890,1674660,0,1790,23099,4720649,6441418,0,0,0,997,1000,1399,1400,7279257
MPCTASK: EXP,3,338,16891,72,346,117,446,543,14,723,-677,-209,-166,1152,127,328,469,127,-582,-420,2349,74,300,1,3,3,15,3,1,1,0,0,0,5,23227,8123,33183,1380759,0,1790,288807,3948501,5641199,0,0,0,998,1000,1399,1400,7279257
MPCTASK: EXP,3,340,16993,114,389,123,504,396,54,736,-341,-206,-23,1192,127,333,425,127,-576,-344,2409,73,300,1,3,3,15,3,1,1,0,0,0,5,22378,12177,35342,2070066,0,1790,111636,3804193,6008163,0,0,0,998,1000,1399,1400,7279257
MPCTASK: EXP,3,342,17093,155,415,129,512,240,53,714,-105,-160,133,1203,127,314,374,127,-570,-409,2320,73,300,1,3,3,15,3,1,1,0,0,0,5,24254,8762,34421,1489353,0,2697,23408,4123185,5851626,0,0,0,998,1000,1399,1400,7279257
MPCTASK: EXP,3,344,17190,201,432,132,462,105,11,624,350,-68,286,1185,127,268,324,127,-567,-356,2342,73,300,1,3,3,15,3,1,1,0,0,0,5,23867,7365,32023,1252024,0,25551,87293,4057421,5444042,0,0,0,997,1000,1399,1400,7279257
MPCTASK: EXP,3,346,17293,232,441,132,374,24,1,616,536,49,423,1138,127,221,278,127,-567,-360,2337,73,300,1,3,3,15,3,1,1,0,0,0,5,26465,7511,34915,1276869,0,1964,115217,4498937,5935666,0,0,0,997,1000,1399,1400,7279257
MPCTASK: EXP,3,348,17390,261,445,135,257,-62,-5,641,778,190,528,1064,127,166,227,127,-565,-338,2426,73,300,1,3,3,15,3,1,1,0,0,0,5,20557,10620,31874,1805317,0,1791,35745,3494577,5418663,0,0,0,997,1000,1399,1400,7279257
MPCTASK: EXP,3,350,17496,278,439,136,115,-152,-28,594,976,325,593,963,127,104,172,127,-569,-358,2557,73,300,1,3,3,15,3,1,1,0,0,0,5,24736,12129,37249,2061982,0,1791,23254,4205026,6332475,0,0,0,996,1000,1399,1400,7279257
MPCTASK: EXP,3,352,17591,280,422,132,-52,-254,-46,607,1009,413,610,839,127,46,102,127,-576,-373,2637,73,300,1,3,3,15,3,1,1,0,0,0,5,22751,10150,33169,1725415,0,1790,23099,3867657,5638811,0,0,0,995,1000,1399,1400,7279257
MPCTASK: EXP,3,354,17693,270,390,127,-201,-375,-44,633,892,472,577,694,127,6,14,127,-581,-360,2540,73,300,1,3,3,15,3,1,1,0,0,0,5,23027,11476,35024,1950822,0,1790,66188,3914469,5954183,0,0,0,994,1000,1399,1400,7279257
MPCTASK: EXP,3,356,17792,239,353,124,-346,-491,-9,764,711,432,499,533,127,-27,-78,127,-577,-454,2342,73,300,1,3,3,15,3,1,1,0,0,0,5,21632,10659,33418,1811900,0,1790,87225,3677333,5681157,0,0,0,992,1000,1399,1400,7279257
MPCTASK: EXP,3,358,17894,203,304,129,-419,-611,40,777,458,298,383,359,127,-41,-168,127,-570,-441,2326,73,300,1,3,3,15,3,1,1,0,0,0,5,25302,7939,35896,1349493,0,1790,336405,4301241,6102267,0,0,0,990,1000,1399,1400,7279257
MPCTASK: EXP,3,360,17992,165,234,133,-433,-743,31,830,136,87,239,177,127,-22,-280,127,-566,-428,2359,73,300,1,3,3,15,3,1,1,0,0,0,5,23639,9932,33841,1688258,0,1790,23099,4018618,5753142,0,0,0,988,1000,1399,1400,7279257
MPCTASK: EXP,3,362,18095,133,174,135,-410,-816,4,661,-111,-110,83,-9,127,8,-343,127,-564,-359,2354,73,300,1,3,3,15,3,1,1,0,0,0,5,25714,10798,36923,1835617,0,1790,23099,4371173,6276959,0,0,0,988,1000,1399,1400,7279257
MPCTASK: EXP,3,364,18194,93,81,132,-387,-940,-20,521,-185,-304,-70,-195,127,25,-441,127,-571,-368,2289,73,300,1,3,3,15,3,1,1,0,0,0,5,22744,11835,35364,2011927,0,61325,51451,3866425,6011983,0,0,0,989,1000,1399,1400,7279257
MPCTASK: EXP,3,366,18289,73,2,136,-283,-927,-10,-51,-395,-376,-206,-376,127,83,-453,127,-565,-354,2238,73,300,1,3,3,15,3,1,1,0,0,0,5,22453,7732,30831,1314256,0,65936,23267,3817037,5241440,0,0,0,991,1000,1399,1400,7279257
MPCTASK: EXP,3,368,18393,52,-89,130,-205,-906,-19,-345,-386,-386,-312,-548,127,118,-491,127,-573,-352,2255,73,300,1,3,3,15,3,1,1,0,0,0,5,22947,10760,34200,1829202,0,1900,61521,3900982,5814055,0,0,0,993,1000,1399,1400,7279257
MPCTASK: EXP,3,370,18495,38,-175,132,-109,-820,6,-669,-526,-429,-376,-705,127,162,-500,127,-567,-291,2071,73,300,1,3,3,15,3,1,1,0,0,0,5,25747,10694,36757,1817947,0,2205,29986,4376925,6248763,0,0,0,995,1000,1399,1400,7279257
MPCTASK: EXP,3,372,18593,31,-240,134,-13,-663,17,-698,-585,-515,-393,-845,127,197,-484,127,-565,-294,2094,73,300,1,3,3,15,3,1,1,0,0,0,5,21299,11554,34000,1964063,0,1791,125434,3620750,5780003,0,0,0,996,1000,1399,1400,7279257
MPCTASK: EXP,3,374,18692,26,-298,134,67,-544,6,-628,-616,-597,-361,-964,127,216,-479,127,-565,-291,2093,73,300,1,3,3,15,3,1,1,0,0,0,5,25633,8353,34259,1419985,0,1790,23099,4357549,5824163,0,0,0,996,1000,1399,1400,7279257
MPCTASK: EXP,3,376,18793,24,-335,135,132,-401,-4,-586,-585,-697,-283,-1059,127,213,-445,127,-565,-296,2167,73,300,1,3,3,15,3,1,1,0,0,0,5,22881,11114,34547,1889205,0,1907,71592,3889765,5873285,0,0,0,997,1000,1399,1400,7279257
MPCTASK: EXP,3,378,18895,38,-373,135,225,-330,-1,-464,-573,-748,-166,-1127,127,229,-441,127,-565,-300,2203,73,300,1,3,3,15,3,1,1,0,0,0,5,25312,10883,36726,1850103,0,46749,23099,4302993,6243393,0,0,0,997,1000,1399,1400,7279257
MPCTASK: EXP,3,380,18996,59,-400,136,304,-259,11,-398,-434,-769,-23,-1167,127,229,-418,127,-563,-278,1968,73,300,1,3,3,15,3,1,1,0,0,0,5,24716,11532,37177,1960286,0,1790,23402,4201517,6320107,0,0,0,997,1000,1399,1400,7279257
MPCTASK: EXP,3,382,19094,87,-423,134,349,-196,-1,-415,-176,-738,133,-1179,127,210,-387,127,-565,-305,2300,73,300,1,3,3,15,3,1,1,0,0,0,5,24846,10873,36357,1848401,0,1791,23261,4223797,6180782,0,0,0,997,1000,1399,1400,7279257
MPCTASK: EXP,3,384,19195,119,-441,133,343,-119,-4,-419,86,-695,286,-1160,127,180,-350,127,-567,-319,2297,73,300,1,3,3,15,3,1,1,0,0,0,5,22405,12804,35742,2176564,0,1790,66864,3808724,6076238,0,0,0,997,1000,1399,1400,7279257
MPCTASK: EXP,3,386,19294,149,-451,134,320,-60,2,-434,332,-640,423,-1113,127,148,-311,127,-565,-342,2278,73,300,1,3,3,15,3,1,1,0,0,0,5,25179,8915,34800,1515070,0,1791,54595,4280377,5916007,0,0,0,997,1000,1399,1400,7279257
MPCTASK: EXP,3,388,19392,169,-448,135,214,48,-3,-541,608,-580,528,-1039,127,86,-236,127,-564,-322,2353,73,300,1,3,3,15,3,1,1,0,0,0,5,20712,10267,31827,1745208,0,2126,49572,3520994,5410603,0,0,0,997,1000,1399,1400,7279257
MPCTASK: EXP,3,390,19494,180,-436,139,91,164,-1,-638,787,-478,593,-938,127,27,-157,127,-560,-341,2407,73,300,1,3,3,15,3,1,1,0,0,0,5,25351,9065,34900,1540961,0,1790,58577,4309649,5933054,0,0,0,997,1000,1399,1400,7279257
MPCTASK: EXP,3,392,19596,175,-415,139,-67,287,-24,-777,918,-344,610,-814,127,-42,-67,127,-564,-362,2477,73,300,1,3,3,15,3,1,1,0,0,0,5,23399,12589,37089,2140085,0,1790,23104,3977749,6305215,0,0,0,996,1000,1399,1400,7279257
MPCTASK: EXP,3,394,19690,160,-384,134,-220,419,-46,-789,915,-257,577,-670,127,-98,18,127,-574,-356,2540,73,300,1,3,3,15,3,1,1,0,0,0,5,24217,6317,31300,1073731,0,1791,84918,4116773,5321148,0,0,0,996,1000,1399,1400,7279257
MPCTASK: EXP,3,396,19792,127,-342,133,-370,536,-13,-715,737,-262,499,-508,127,-142,100,127,-569,-360,2396,73,300,1,3,3,15,3,1,1,0,0,0,5,20506,10521,31888,1788550,0,1790,124241,3485864,5421074,0,0,0,995,1000,1399,1400,7279257
MPCTASK: EXP,3,398,19893,94,-287,135,-431,644,0,-748,485,-221,383,-334,127,-145,196,127,-564,-318,2437,73,300,1,3,3,15,3,1,1,0,0,0,5,24697,8981,33946,1526808,0,1790,23099,4198353,5770895,0,0,0,993,1000,1399,1400,7279257
MPCTASK: EXP,3,400,20000,57,-224,136,-460,746,3,-744,291,-143,239,-152,127,-137,286,127,-563,-378,2374,73,300,1,3,3,15,3,1,1,0,0,0,5,28181,11166,40674,1898201,0,1790,143833,4790678,6914565,0,0,0,992,1000,1399,1400,7279257
MPCTASK: EXP,3,402,20095,23,-153,134,-439,827,-12,-479,-7,-59,83,34,127,-99,351,127,-567,-364,2270,73,300,1,3,3,15,3,1,1,0,0,0,5,26277,8465,35509,1438973,0,1790,108429,4466998,6036646,0,0,0,990,1000,1399,1400,7279257
MPCTASK: EXP,3,404,20192,-12,-73,127,-391,874,-44,-368,-241,37,-70,220,127,-66,426,127,-580,-285,2178,73,300,1,3,3,15,3,1,1,0,0,0,5,20430,10601,32079,1802202,0,1790,155981,3473126,5453553,0,0,0,990,1000,1399,1400,7279257
MPCTASK: EXP,3,406,20291,-51,7,121,-356,901,-48,-328,-366,218,-206,401,127,-45,495,127,-587,-318,2312,73,300,1,3,3,15,3,1,1,0,0,0,5,22195,9211,32182,1565898,0,45567,65672,3772985,5471095,0,0,0,991,1000,1399,1400,7279257
MPCTASK: EXP,3,408,20395,-84,87,121,-285,888,-33,-28,-586,289,-312,573,127,-5,510,127,-585,-317,2321,73,300,1,3,3,15,3,1,1,0,0,0,5,24668,10575,36110,1797738,0,1790,123480,4193617,6138722,0,0,0,992,1000,1399,1400,7279257
MPCTASK: EXP,3,410,20497,-111,153,118,-176,769,15,506,-831,137,-376,730,127,39,481,127,-581,-470,2357,73,300,1,3,3,15,3,1,1,0,0,0,5,26457,9645,36853,1639667,0,1790,104228,4497626,6265193,0,0,0,994,1000,1399,1400,7279257
MPCTASK: EXP,3,412,20593,-124,214,121,-8,641,41,523,-1173,68,-393,870,127,112,470,127,-578,-405,2605,73,300,1,3,3,15,3,1,1,0,0,0,5,20757,12034,33351,2045769,0,1790,23099,3528493,5669865,0,0,0,995,1000,1399,1400,7279257
MPCTASK: EXP,3,414,20694,-118,267,118,180,536,-22,429,-1096,97,-361,989,127,163,470,127,-586,-545,2503,74,300,1,3,3,15,3,1,1,0,0,0,5,26092,7502,35156,1275160,0,1791,243266,4435637,5976731,0,0,0,996,1000,1399,1400,7279257
MPCTASK: EXP,3,416,20794,-90,310,113,353,455,-35,292,-830,219,-282,1083,127,206,468,127,-593,-444,2445,74,300,1,3,3,15,3,1,1,0,0,0,5,23687,10507,35044,1786023,0,1790,121935,4026653,5957609,0,0,0,997,1000,1399,1400,7279257
MPCTASK: EXP,3,418,20896,-47,353,111,484,409,0,309,-547,323,-166,1152,127,237,462,127,-588,-374,2345,74,300,1,3,3,15,3,1,1,0,0,0,5,25867,9995,36515,1699151,0,25312,65409,4397298,6207653,0,0,0,997,1000,1399,1400,7279257
MPCTASK: EXP,3,420,20999,19,397,112,614,382,13,335,-289,350,-23,1192,127,281,462,127,-587,-360,2243,74,300,1,3,3,15,3,1,1,0,0,0,5,24363,12915,39437,2195510,0,46289,236660,4141741,6704305,0,0,0,997,1000,1399,1400,7279257
MPCTASK: EXP,3,422,21097,82,441,118,627,343,49,502,190,384,133,1203,127,267,445,127,-581,-382,2279,73,300,1,3,3,15,3,1,1,0,0,0,5,27828,9477,37878,1610985,0,1790,74759,4730637,6439434,0,0,0,997,1000,1399,1400,7279257
MPCTASK: EXP,3,424,21194,126,470,126,519,250,42,590,522,436,286,1185,127,211,407,127,-573,-327,2271,73,300,1,3,3,15,3,1,1,0,0,0,5,22659,11220,35117,1907300,0,2186,24245,3851953,5969962,0,0,0,997,1000,1399,1400,7279257
MPCTASK: EXP,3,426,21294,169,484,132,403,111,32,685,778,421,422,1139,127,157,337,127,-567,-340,2401,73,300,1,3,3,15,3,1,1,0,0,0,5,23852,9521,34059,1618623,0,2094,91990,4054765,5790125,0,0,0,996,1000,1399,1400,7279257
MPCTASK: EXP,3,428,21395,195,492,136,248,-3,13,726,903,387,528,1064,127,98,276,127,-563,-336,2470,73,300,1,3,3,15,3,1,1,0,0,0,5,23411,11199,35720,1903850,0,25554,45291,3979797,6072482,0,0,0,996,1000,1399,1400,7279257
MPCTASK: EXP,3,430,21493,210,488,137,94,-135,-2,805,911,305,592,964,127,46,200,127,-563,-341,2480,73,300,1,3,3,15,3,1,1,0,0,0,5,23773,8681,33770,1475592,0,2172,65956,4041361,5740866,0,0,0,996,1000,1399,1400,7279257
MPCTASK: EXP,3,432,21594,218,474,131,-36,-263,-32,840,949,192,608,841,127,2,124,127,-575,-386,2512,73,300,1,3,3,15,3,1,1,0,0,0,5,22530,11679,34848,1985294,0,1941,61792,3830049,5924186,0,0,0,995,1000,1399,1400,7279257
MPCTASK: EXP,3,434,21694,205,438,129,-204,-424,0,881,830,15,576,697,127,-41,18,127,-570,-454,2384,73,300,1,3,3,15,3,1,1,0,0,0,5,24099,9978,34504,1696146,0,1790,50544,4096809,5865766,0,0,0,995,1000,1399,1400,7279257
MPCTASK: EXP,3,436,21798,191,392,135,-281,-564,45,856,529,-149,497,536,127,-39,-75,127,-564,-379,2402,73,300,1,3,3,15,3,1,1,0,0,0,5,23608,14137,38863,2403213,0,25524,142446,4013213,6606709,0,0,0,994,1000,1399,1400,7279257
MPCTASK: EXP,3,438,21892,156,324,133,-381,-712,8,656,423,-247,381,361,127,-68,-175,127,-566,-358,2348,73,300,1,3,3,15,3,1,1,0,0,0,5,26153,6464,33111,1098856,0,2661,59909,4445897,5628929,0,0,0,992,1000,1399,1400,7279257
MPCTASK: EXP,3,440,21996,130,258,141,-386,-760,50,418,190,-299,238,178,127,-41,-234,127,-558,-272,1868,73,300,1,3,3,15,3,1,1,0,0,0,5,23359,12166,36654,2068028,0,1791,168736,3970958,6231345,0,0,0,990,1000,1399,1400,7279257
MPCTASK: EXP,3,442,22094,84,179,137,-434,-833,-7,429,47,-419,84,-9,127,-49,-329,127,-563,-356,2245,73,300,1,3,3,15,3,1,1,0,0,0,5,24423,9284,34671,1578120,0,2187,24245,4151733,5894021,0,0,0,989,1000,1399,1400,7279257
MPCTASK: EXP,3,444,22196,48,105,145,-395,-851,0,335,-360,-531,-67,-198,127,-7,-381,127,-554,-280,2158,73,300,1,3,3,15,3,1,1,0,0,0,5,26472,9220,36901,1567268,0,42735,142208,4500097,6273149,0,0,0,990,1000,1399,1400,7279257
MPCTASK: EXP,3,446,22290,38,19,137,-241,-895,-84,68,-391,-509,-200,-383,127,59,-431,127,-578,-326,2298,73,300,1,3,3,15,3,1,1,0,0,0,5,23405,7004,30676,1190661,0,1790,23099,3978757,5215065,0,0,0,992,1000,1399,1400,7279257
MPCTASK: EXP,3,448,22399,20,-60,132,-168,-859,-61,-177,-437,-388,-302,-559,127,88,-448,127,-579,-318,2337,73,300,1,3,3,15,3,1,1,0,0,0,5,24256,13510,38645,2296528,0,1790,47080,4123474,6569872,0,0,0,993,1000,1399,1400,7279257
MPCTASK: EXP,3,450,22495,2,-146,126,-101,-826,-33,-313,-533,-201,-363,-721,127,106,-468,127,-580,-400,2280,73,300,1,3,3,15,3,1,1,0,0,0,5,24066,10214,35060,1736155,0,1790,68254,4091241,5960414,0,0,0,995,1000,1399,1400,7279257
MPCTASK: EXP,3,452,22598,1,-216,126,-1,-711,-20,-699,-418,52,-377,-864,127,114,-426,127,-577,-439,2314,73,300,1,3,3,15,3,1,1,0,0,0,5,25693,11285,38860,1918443,0,1791,156163,4367681,6606304,0,0,0,996,1000,1399,1400,7279257
MPCTASK: EXP,3,454,22694,-5,-263,124,17,-520,-11,-751,-392,306,-344,-984,127,100,-368,127,-577,-444,2346,73,300,1,3,3,15,3,1,1,0,0,0,5,23498,10410,34920,1769565,0,45625,105886,3994593,5936530,0,0,0,996,1000,1399,1400,7279257
MPCTASK: EXP,3,456,22794,-13,-301,124,44,-359,1,-776,-544,519,-269,-1075,127,83,-308,127,-575,-404,2405,73,300,1,3,3,15,3,1,1,0,0,0,5,22199,11174,34169,1899604,0,1790,112683,3773705,5808825,0,0,0,996,1000,1399,1400,7279257
MPCTASK: EXP,3,458,22895,-15,-330,124,80,-207,-13,-885,-463,698,-162,-1132,127,52,-245,127,-578,-438,2453,73,300,1,3,3,15,3,1,1,0,0,0,5,24849,9590,35507,1630154,0,1791,86673,4224386,6036194,0,0,0,996,1000,1399,1400,7279257
MPCTASK: EXP,3,460,22991,-16,-342,122,85,-40,-21,-913,-266,767,-37,-1152,127,12,-179,127,-581,-407,2511,73,300,1,3,3,15,3,1,1,0,0,0,5,19687,11194,31974,1902816,0,1791,23449,3346613,5435621,0,0,0,996,1000,1399,1400,7279257
MPCTASK: EXP,3,462,23098,-17,-335,116,65,128,-17,-803,-132,666,91,-1131,127,-20,-121,127,-586,-395,2459,74,300,1,3,3,15,3,1,1,0,0,0,5,26703,11371,39006,1932916,0,1790,91252,4539425,6631094,0,0,0,997,1000,1399,1400,7279257
MPCTASK: EXP,3,464,23193,-19,-315,118,35,258,29,-563,-20,481,206,-1068,127,-34,-103,127,-581,-373,2323,74,300,1,3,3,15,3,1,1,0,0,0,5,21113,11521,33457,1958499,0,1790,117817,3589141,5687722,0,0,0,997,1000,1399,1400,7279257
MPCTASK: EXP,3,466,23291,-22,-285,122,6,332,46,-289,30,300,293,-964,127,-42,-90,127,-577,-303,2205,73,300,1,3,3,15,3,1,1,0,0,0,5,22521,7230,31548,1228900,0,1790,34710,3828405,5363181,0,0,0,997,1000,1399,1400,7279257
MPCTASK: EXP,3,468,23393,-24,-254,125,-9,350,28,-58,47,122,343,-824,127,-33,-106,127,-574,-290,2189,73,300,1,3,3,15,3,1,1,0,0,0,5,23317,8802,33870,1496211,0,1790,258997,3963689,5757885,0,0,0,997,1000,1399,1400,7279257
MPCTASK: EXP,3,470,23496,-25,-222,129,-14,317,39,264,23,-110,352,-657,127,-4,-139,127,-570,-286,2089,73,300,1,3,3,15,3,1,1,0,0,0,5,25419,10606,36571,1802915,0,1790,23099,4321138,6217009,0,0,0,996,1000,1399,1400,7279257
MPCTASK: EXP,3,472,23598,-24,-198,134,-2,243,25,371,-23,-275,324,-479,128,28,-174,128,-565,-281,1988,73,300,1,3,3,15,3,1,1,0,0,0,5,25095,11790,37933,2004310,0,42560,34173,4265961,6448839,0,0,0,995,1000,1399,1400,7279257
MPCTASK: EXP,3,474,23695,-21,-181,137,19,157,18,418,-185,-288,269,-306,128,56,-188,128,-562,-257,1724,73,300,1,3,3,15,3,1,1,0,0,0,5,25909,7202,35874,1224267,0,1790,447403,4404561,6098745,0,0,0,994,1000,1399,1400,7279257
MPCTASK: EXP,3,476,23792,-18,-173,136,49,78,-14,324,-151,-244,204,-158,128,51,-171,128,-566,-255,1823,73,300,1,3,3,15,3,1,1,0,0,0,5,21632,9866,32728,1677282,0,1790,65420,3677289,5563860,0,0,0,992,1000,1399,1400,7279257
MPCTASK: EXP,3,478,23895,-9,-171,134,79,16,-37,226,-81,-202,148,-53,128,33,-138,128,-572,-251,1888,73,300,1,3,3,15,3,1,1,0,0,0,5,27461,7430,35857,1262969,0,1790,97950,4668217,6095825,0,0,0,991,1000,1399,1400,7279257
MPCTASK: EXP,3,480,23997,-3,-171,128,81,-12,-53,111,-118,-248,116,0,127,22,-117,127,-581,-244,1852,73,300,1,3,3,15,3,1,1,0,0,0,5,24892,11427,36930,1942475,0,1934,81629,4231637,6278410,0,0,0,990,1000,1399,1400,7279257
MPCTASK: EXP,3,482,24096,4,-170,123,98,-12,-31,-46,-93,-362,108,12,127,55,-144,127,-582,-249,1857,73,300,1,3,3,15,3,1,1,0,0,0,5,26114,9437,36461,1604104,0,1822,23407,4439213,6198536,0,0,0,990,1000,1399,1400,7279257
MPCTASK: TRAJ DONE: idx=482, max=482; requesting landing
MPCTASK: LANDING: start z=0.12, hold=(0.0,-0.17)
MPCTASK: TIMING SUMMARY: max_step_cycles=7279257 deadline_cycles=8400000 overruns=0
MPCTASK: LANDING COMPLETE: t=27356 ms, x=0.039, y=-0.202, z=0.011, vz=-0.097; motors off
