---
SYS: Crazyflie 2.1 Brushless is up and running!
SYS: Build 2:de14ff9f08ae (2025.09.1 +2) MODIFIED
SYS: I am 0x373930393434471500370039 and I have 1024KB of flash!
CFGBLK: v1, verification [OK]
DECK_DISCOVERY: Backend found: onewire
DECK_DISCOVERY: Backend found: deckctrl
DECK_CORE: 1 deck(s) found
DECK_CORE: Calling INIT on driver bcFlow2 for deck 0
ZR2: Z-down sensor [OK]
PMW: Motion chip id: 0x49:0xB6
IMU: BMI088: Using I2C interface.
IMU: BMI088 Gyro connection [OK].
IMU: BMI088 Accel connection [OK]
IMU: BMP390 I2C connection [OK]
ESTIMATOR: Using Kalman (2) estimator
CONTROLLER: Using PID (1) controller
MTR-DRV: Using brushless motor driver
SYS: About to run tests in system.c.
SYS: NRF51 version: 2026.04 (C21B)
EEPROM: I2C connection [OK].
STORAGE: Storage check [OK].
IMU: BMI088 gyro self-test [OK]
DECK_CORE: Deck 0 test [OK].
SYS: Self test passed!
STAB: Wait for sensor calibration...
SYS: Free heap: 15048 bytes
MPCTASK: Waiting for activation ...
STAB: Starting stabilizer loop
ESTKALMAN: State out of bounds, resetting
STAB: WARNING: stabilizer loop rate is off (1004)
SUP: Ready to fly
MPCTASK: Benchmark mode 0, maneuver 4, max_iter 5, task_pri 0
MPCTASK: Reference altitude: 0.70 m; barrier skip when z>0.75 and vz>-0.20
MPCTASK: OOT takeoff: GATED cfclient trigger>=0.15m ramp=0.15m/s settle=+/-0.05m,vz<0.10m/s,1000ms timeout=12000ms
MPCTASK: Common baseline: mpc_hz=20 model_hz=20 rho=5 base_w=0 base_qz=1 Qz=100 R=4 bridge=x10 guards=z[ref,ref+0.20] xy=free cap=0.05
MPCTASK: MPC->PID: xyz=x10, z_guard=[ref,ref+0.20], yaw=raw_rz, output_hold=200ms, safety_hold=500ms
MPCTASK: Reference origin: xy=post_takeoff_settle z=0.70 m
MPCTASK: Fixed baseline: w=0 qz=1 adaptive_cache=off
MPCTASK: EXP every=2: m,s,tms,p3[mm],v3[mmps],att3[cdeg],ref3[mm],cmd3[mm],h/raw/grad/mar/thr[milli],act/ac/bind,wi/qi/cache/noa,pa/pf/du[milli],it,mpc/eval/total[us],bar/tanh/rl/cache/solve/step[cycles],overruns,post_active/post_infeasible_totals,wreq/w/qzreq/qz[milli],max_step_cycles
MPCTASK: Figure8: source=traj_fig8_12.h source_hz=100 samples=1205 laps=2 duration=24.07 s origin=post_takeoff_settle z_offset=0.09 m
CONTROLLER: Using OutOfTree (6) controller
MPCTASK: Trajectory origin: x=0.05 y=0.04
MPCTASK: OOT activated at z=0.01
MPCTASK: TAKEOFF START: trigger_z=0.15 start_z=0.01 target=0.70 hold=(0.06,0.04) ramp=0.15m/s
MPCTASK: OOT loop 1 done
MPCTASK: MPC task looMPCTASK: OOT loop 2 done
p 1
MPCTASK: x0: pos=(0.06,0.04,0.01) vel=(-MPCTASK: OOT loop 3 done
0.0,0.04,-0.0)
MPCTASK: ref: (0.06,0.04,0.01)
MPCTASK: MPC solve start
MPCTASK: MPC solve done, iter=5
MPCTASK: MPC time=25261 us
MPCTASK: MPC stack free=1167 words
MPCTASK: setpoint: x=0.06 y=0.04 z=0.07 preview_z=0.07
MPCTASK: MPC task loop 2
MPCTASK: MPC task loop 3
MPCTASK: TAKEOFF SETTLING: z=0.74 vz=0.09; hold for 1000ms
MPCTASK: TAKEOFF SETTLING: z=0.74 vz=-0.03; hold for 1000ms
MPCTASK: TAKEOFF SETTLING: z=0.74 vz=-0.06; hold for 1000ms
MPCTASK: TAKEOFF COMPLETE: t=9356ms z=0.73 vz=-0.01; trajectory queued origin=(0.05,0.10)
MPCTASK: TRAJ START: z=0.73 origin=(0.05,0.10) EXP clock reset
MPCTASK: EXP,0,2,70,20,140,737,16,124,-22,627,81,8,55,105,700,-27,444,700,0,0,0,0,0,0,0,0,0,0,0,0,0,0,0,5,20081,0,20135,0,0,0,0,3413647,3422950,0,0,0,0,0,1000,1000,4461142
MPCTASK: EXP,0,4,174,17,140,735,4,51,-16,-187,10,-13,44,124,700,11,498,700,0,0,0,0,0,0,0,0,0,0,0,0,0,0,0,5,24148,0,24201,0,0,0,0,4105235,4114380,0,0,0,0,0,1000,1000,4461142
MPCTASK: EXP,0,6,274,18,129,734,-17,127,-15,-1084,208,13,9,191,700,50,561,700,0,0,0,0,0,0,0,0,0,0,0,0,0,0,0,5,22724,0,23189,0,0,0,0,3862963,3942164,0,0,0,0,0,1000,1000,4461142
MPCTASK: EXP,0,8,376,7,140,740,-51,325,-2,-1384,10,-24,-43,311,700,94,627,700,0,0,0,0,0,0,0,0,0,0,0,0,0,0,0,5,25627,0,25681,0,0,0,0,4356380,4365682,0,0,0,0,0,1000,1000,4461142
MPCTASK: EXP,0,10,473,0,177,739,-34,554,-32,-1407,-289,-80,-97,470,700,149,696,700,0,0,0,0,0,0,0,0,0,0,0,0,0,0,0,5,23028,0,23082,0,0,0,0,3914671,3923978,0,0,0,0,0,1000,1000,4461142
MPCTASK: EXP,0,12,575,-4,234,730,32,767,-72,-1179,-539,-115,-136,649,700,206,753,700,0,0,0,0,0,0,0,0,0,0,0,0,0,0,0,5,24569,0,24623,0,0,0,0,4176679,4185985,0,0,0,0,0,1000,1000,4461142
MPCTASK: EXP,0,14,674,2,329,718,147,958,-73,-731,-725,-137,-143,828,700,263,809,700,0,0,0,0,0,0,0,0,0,0,0,0,0,0,0,5,22664,0,22855,0,0,0,0,3852783,3885381,0,0,0,0,0,1000,1000,4461142
MPCTASK: EXP,0,16,776,16,401,709,280,1002,-24,-182,-800,-169,-112,988,700,307,802,700,0,0,0,0,0,0,0,0,0,0,0,0,0,0,0,5,24969,0,25023,0,0,0,0,4244783,4254086,0,0,0,0,0,1000,1000,4461142
MPCTASK: EXP,0,18,870,35,505,711,398,996,42,306,-730,-221,-43,1117,699,325,802,699,0,0,0,0,0,0,0,0,0,0,0,0,0,0,0,5,19661,0,19714,0,0,0,0,3342140,3351448,0,0,0,0,0,1000,1000,4461142
MPCTASK: EXP,0,20,975,109,616,721,551,926,66,734,-570,-274,56,1206,699,373,791,699,0,0,0,0,0,0,0,0,0,0,0,0,0,0,0,5,24590,0,24644,0,0,0,0,4180115,4189422,0,0,0,0,0,1000,1000,4461142
MPCTASK: EXP,0,22,1074,201,690,730,644,747,37,1174,-37,-358,175,1252,699,385,725,699,0,0,0,0,0,0,0,0,0,0,0,0,0,0,0,5,23075,0,23129,0,0,0,0,3922755,3932058,0,0,0,0,0,1000,1000,4461142
MPCTASK: EXP,0,24,1173,285,729,741,631,508,12,1370,398,-398,298,1254,699,369,626,699,0,0,0,0,0,0,0,0,0,0,0,0,0,0,0,5,22601,0,22655,0,0,0,0,3842016,3851319,0,0,0,0,0,1000,1000,4461142
MPCTASK: EXP,0,26,1270,283,781,743,438,296,-34,1482,745,-391,408,1215,699,245,549,699,0,0,0,0,0,0,0,0,0,0,0,0,0,0,0,5,19666,0,19720,0,0,0,0,3343159,3352471,0,0,0,0,0,1000,1000,4461142
MPCTASK: EXP,0,28,1373,278,744,735,226,-37,-97,1577,938,-302,490,1139,700,130,380,700,0,0,0,0,0,0,0,0,0,0,0,0,0,0,0,5,23136,0,23192,0,0,0,0,3933007,3942639,0,0,0,0,0,1000,1000,4461142
MPCTASK: EXP,0,30,1472,239,651,714,-19,-407,-145,1244,906,-144,535,1031,700,4,188,700,0,0,0,0,0,0,0,0,0,0,0,0,0,0,0,5,20348,0,20524,0,0,0,0,3459079,3533552,0,0,0,0,0,1000,1000,4461142
MPCTASK: EXP,0,32,1574,255,583,694,-158,-644,-95,956,874,6,534,896,700,-44,45,700,0,0,0,0,0,0,0,0,0,0,0,0,0,0,0,5,22533,0,22587,0,0,0,0,3830476,3839791,0,0,0,0,0,1000,1000,4461142
MPCTASK: EXP,0,34,1677,250,485,687,-305,-842,-11,675,949,208,486,740,700,-102,-102,700,0,0,0,0,0,0,0,0,0,0,0,0,0,0,0,5,25951,0,26007,0,0,0,0,4411671,4421316,0,0,0,0,0,1000,1000,4461142
MPCTASK: EXP,0,36,1775,202,400,689,-480,-941,48,334,884,497,396,568,700,-174,-209,700,0,0,0,0,0,0,0,0,0,0,0,0,0,0,0,5,23811,0,23872,0,0,0,0,4047879,4058358,0,0,0,0,0,1000,1000,4461142
MPCTASK: EXP,0,38,1876,103,325,696,-669,-974,74,164,656,800,271,385,700,-259,-294,700,0,0,0,0,0,0,0,0,0,0,0,0,0,0,0,5,23823,0,23876,0,0,0,0,4049771,4059091,0,0,0,0,0,1000,1000,4461142
MPCTASK: EXP,0,40,1975,42,270,708,-723,-952,98,191,249,1007,123,197,700,-261,-353,700,0,0,0,0,0,0,0,0,0,0,0,0,0,0,0,5,23472,0,23802,0,0,0,0,3990056,4046280,0,0,0,0,0,1000,1000,4461142
MPCTASK: EXP,0,42,2073,-54,168,722,-767,-1005,84,346,-35,1085,-31,7,700,-279,-461,700,0,0,0,0,0,0,0,0,0,0,0,0,0,0,0,5,22055,0,22109,0,0,0,0,3749295,3758622,0,0,0,0,0,1000,1000,4461142
MPCTASK: EXP,0,44,2178,-122,88,729,-711,-1024,38,417,-462,1090,-178,-178,700,-238,-537,700,0,0,0,0,0,0,0,0,0,0,0,0,0,0,0,5,26832,0,27214,0,0,0,0,4561315,4626363,0,0,0,0,0,1000,1000,4626363
MPCTASK: EXP,0,46,2278,-185,8,739,-593,-1042,26,473,-803,1015,-303,-356,700,-182,-598,700,0,0,0,0,0,0,0,0,0,0,0,0,0,0,0,5,24307,0,24365,0,0,0,0,4132155,4142204,0,0,0,0,0,1000,1000,4626363
MPCTASK: EXP,0,48,2376,-223,-74,741,-414,-1056,-20,425,-1103,917,-393,-523,700,-98,-649,700,0,0,0,0,0,0,0,0,0,0,0,0,0,0,0,5,22651,0,22705,0,0,0,0,3850555,3925744,0,0,0,0,0,1000,1000,4626363
MPCTASK: EXP,0,50,2478,-244,-150,739,-194,-1051,-57,363,-1292,793,-439,-673,700,-6,-681,700,0,0,0,0,0,0,0,0,0,0,0,0,0,0,0,5,25508,0,25568,0,0,0,0,4336203,4346514,0,0,0,0,0,1000,1000,4626363
MPCTASK: EXP,0,52,2577,-231,-233,732,65,-1042,-93,240,-1411,725,-437,-805,700,102,-706,700,0,0,0,0,0,0,0,0,0,0,0,0,0,0,0,5,22719,0,23137,0,0,0,0,3862052,3933313,0,0,0,0,0,1000,1000,4626363
MPCTASK: EXP,0,54,2675,-208,-306,722,312,-993,-97,27,-1284,700,-386,-913,700,187,-700,700,0,0,0,0,0,0,0,0,0,0,0,0,0,0,0,5,21459,0,21874,0,0,0,0,3647987,3718751,0,0,0,0,0,1000,1000,4626363
MPCTASK: EXP,0,56,2778,-153,-379,715,541,-917,-68,-225,-1094,673,-292,-997,700,269,-682,700,0,0,0,0,0,0,0,0,0,0,0,0,0,0,0,5,24527,0,24583,0,0,0,0,4169431,4179179,0,0,0,0,0,1000,1000,4626363
MPCTASK: EXP,0,58,2879,-99,-427,708,690,-784,-46,-447,-765,613,-163,-1054,700,306,-627,700,0,0,0,0,0,0,0,0,0,0,0,0,0,0,0,5,26321,0,26585,0,0,0,0,4474440,4519516,0,0,0,0,0,1000,1000,4626363
MPCTASK: EXP,0,60,2978,-20,-480,706,792,-653,-11,-626,-380,530,-13,-1083,700,332,-574,700,0,0,0,0,0,0,0,0,0,0,0,0,0,0,0,5,24112,0,24169,0,0,0,0,4098932,4108834,0,0,0,0,0,1000,1000,4626363
MPCTASK: EXP,0,62,3075,44,-517,709,792,-492,20,-795,22,392,143,-1082,700,311,-499,700,0,0,0,0,0,0,0,0,0,0,0,0,0,0,0,5,22217,0,22271,0,0,0,0,3776843,3786232,0,0,0,0,0,1000,1000,4626363
MPCTASK: EXP,0,64,3178,114,-540,717,744,-326,32,-887,368,219,291,-1052,700,280,-415,700,0,0,0,0,0,0,0,0,0,0,0,0,0,0,0,5,24478,0,24893,0,0,0,0,4161120,4231931,0,0,0,0,0,1000,1000,4626363
MPCTASK: EXP,0,66,3274,163,-543,725,621,-139,29,-967,731,27,417,-994,700,211,-310,700,0,0,0,0,0,0,0,0,0,0,0,0,0,0,0,5,21055,0,21110,0,0,0,0,3579235,3588670,0,0,0,0,0,1000,1000,4626363
MPCTASK: EXP,0,68,3377,201,-533,728,462,47,-6,-962,961,-165,507,-908,700,137,-202,700,0,0,0,0,0,0,0,0,0,0,0,0,0,0,0,5,22860,0,23440,0,0,0,0,3886167,3984955,0,0,0,0,0,1000,1000,4626363
MPCTASK: EXP,0,70,3474,224,-515,725,272,227,-30,-957,1136,-324,553,-798,700,55,-91,700,0,0,0,0,0,0,0,0,0,0,0,0,0,0,0,5,20362,0,20470,0,0,0,0,3461528,3480015,0,0,0,0,0,1000,1000,4626363
MPCTASK: EXP,0,72,3579,225,-472,719,57,427,-49,-953,1220,-427,550,-666,700,-29,38,700,0,0,0,0,0,0,0,0,0,0,0,0,0,0,0,5,25452,0,25623,0,0,0,0,4326652,4355892,0,0,0,0,0,1000,1000,4626363
MPCTASK: EXP,0,74,3676,199,-415,714,-169,621,-40,-919,1158,-498,499,-514,700,-114,172,700,0,0,0,0,0,0,0,0,0,0,0,0,0,0,0,5,22606,0,22659,0,0,0,0,3842917,3852084,0,0,0,0,0,1000,1000,4626363
MPCTASK: EXP,0,76,3776,150,-353,710,-374,790,-15,-878,987,-536,404,-347,700,-187,294,700,0,0,0,0,0,0,0,0,0,0,0,0,0,0,0,5,22824,0,22877,0,0,0,0,3880124,3889292,0,0,0,0,0,1000,1000,4626363
MPCTASK: EXP,0,78,3878,96,-288,708,-522,924,3,-764,701,-546,275,-169,700,-228,397,700,0,0,0,0,0,0,0,0,0,0,0,0,0,0,0,5,24201,0,24257,0,0,0,0,4114195,4123803,0,0,0,0,0,1000,1000,4626363
MPCTASK: EXP,0,80,3974,28,-201,710,-622,1040,22,-611,377,-516,125,14,700,-251,503,700,0,0,0,0,0,0,0,0,0,0,0,0,0,0,0,5,20397,0,20699,0,0,0,0,3467319,3518776,0,0,0,0,0,1000,1000,4626363
MPCTASK: EXP,0,82,4079,-22,-116,712,-631,1097,30,-376,-7,-461,-31,201,700,-224,579,700,0,0,0,0,0,0,0,0,0,0,0,0,0,0,0,5,26087,0,26313,0,0,0,0,4434739,4473266,0,0,0,0,0,1000,1000,4626363
MPCTASK: EXP,0,84,4177,-74,-24,715,-583,1117,32,-211,-371,-397,-180,386,700,-178,649,700,0,0,0,0,0,0,0,0,0,0,0,0,0,0,0,5,23874,0,23927,0,0,0,0,4058363,4067528,0,0,0,0,0,1000,1000,4626363
MPCTASK: EXP,0,86,4277,-116,79,728,-480,1122,56,-115,-684,-324,-305,564,700,-111,720,700,0,0,0,0,0,0,0,0,0,0,0,0,0,0,0,5,23478,0,23537,0,0,0,0,3991147,4001851,0,0,0,0,0,1000,1000,4626363
MPCTASK: EXP,0,88,4378,-148,183,738,-337,1115,31,-61,-949,-293,-395,730,700,-35,781,700,0,0,0,0,0,0,0,0,0,0,0,0,0,0,0,5,25313,0,25369,0,0,0,0,4303083,4312831,0,0,0,0,0,1000,1000,4626363
MPCTASK: EXP,0,90,4479,-166,266,742,-164,1073,-24,-50,-1117,-291,-441,881,700,46,813,700,0,0,0,0,0,0,0,0,0,0,0,0,0,0,0,5,25471,0,25524,0,0,0,0,4329867,4339031,0,0,0,0,0,1000,1000,4626363
MPCTASK: EXP,0,92,4577,-158,343,735,50,1031,-77,-30,-1200,-293,-438,1013,700,137,831,700,0,0,0,0,0,0,0,0,0,0,0,0,0,0,0,5,22650,0,22710,0,0,0,0,3850344,3860656,0,0,0,0,0,1000,1000,4626363
MPCTASK: EXP,0,94,4678,-130,424,724,277,985,-87,77,-1149,-287,-387,1123,700,225,838,700,0,0,0,0,0,0,0,0,0,0,0,0,0,0,0,5,23261,0,23315,0,0,0,0,3954311,3963635,0,0,0,0,0,1000,1000,4626363
MPCTASK: EXP,0,96,4779,-84,490,714,481,903,-78,257,-981,-281,-292,1207,700,296,816,700,0,0,0,0,0,0,0,0,0,0,0,0,0,0,0,5,25053,0,25109,0,0,0,0,4258979,4268595,0,0,0,0,0,1000,1000,4626363
MPCTASK: EXP,0,98,4876,-11,544,703,656,788,-57,424,-668,-291,-164,1264,700,355,772,700,0,0,0,0,0,0,0,0,0,0,0,0,0,0,0,5,21463,0,21516,0,0,0,0,3648543,3657866,0,0,0,0,0,1000,1000,4626363
MPCTASK: EXP,0,100,4979,42,554,699,721,603,-10,556,-324,-312,-13,1293,700,357,678,700,0,0,0,0,0,0,0,0,0,0,0,0,0,0,0,5,24095,0,24148,0,0,0,0,4096055,4105221,0,0,0,0,0,1000,1000,4626363
MPCTASK: EXP,0,102,5080,120,593,701,743,475,23,599,82,-389,143,1292,700,348,620,700,0,0,0,0,0,0,0,0,0,0,0,0,0,0,0,5,24775,0,24829,0,0,0,0,4211699,4221027,0,0,0,0,0,1000,1000,4626363
MPCTASK: EXP,0,104,5175,184,613,706,675,333,35,786,476,-444,291,1263,700,304,532,700,0,0,0,0,0,0,0,0,0,0,0,0,0,0,0,5,20010,0,20063,0,0,0,0,3401739,3410904,0,0,0,0,0,1000,1000,4626363
MPCTASK: EXP,0,106,5284,286,610,715,620,152,30,1004,749,-514,417,1204,700,295,418,700,0,0,0,0,0,0,0,0,0,0,0,0,0,0,0,5,29162,0,29216,0,0,0,0,4957439,4966763,0,0,0,0,0,1000,1000,4966763
MPCTASK: EXP,0,108,5377,344,601,721,460,-31,-9,1088,1143,-527,507,1119,700,221,308,700,0,0,0,0,0,0,0,0,0,0,0,0,0,0,0,5,20805,0,20860,0,0,0,0,3536787,3546396,0,0,0,0,0,1000,1000,4966763
MPCTASK: EXP,0,110,5478,370,569,722,221,-225,-52,1121,1435,-462,553,1009,700,125,182,700,0,0,0,0,0,0,0,0,0,0,0,0,0,0,0,5,21676,0,21730,0,0,0,0,3684851,3694186,0,0,0,0,0,1000,1000,4966763
MPCTASK: EXP,0,112,5578,380,514,713,-41,-433,-95,1079,1496,-333,550,876,700,34,43,700,0,0,0,0,0,0,0,0,0,0,0,0,0,0,0,5,22053,0,22107,0,0,0,0,3748899,3758222,0,0,0,0,0,1000,1000,4966763
MPCTASK: EXP,0,114,5680,348,454,694,-335,-621,-127,928,1437,-128,499,724,700,-70,-82,700,0,0,0,0,0,0,0,0,0,0,0,0,0,0,0,5,23593,0,23647,0,0,0,0,4010743,4020069,0,0,0,0,0,1000,1000,4966763
MPCTASK: EXP,0,116,5777,311,388,679,-571,-780,-81,792,1128,120,404,558,700,-132,-203,700,0,0,0,0,0,0,0,0,0,0,0,0,0,0,0,5,21495,0,21548,0,0,0,0,3653771,3663118,0,0,0,0,0,1000,1000,4966763
MPCTASK: EXP,0,118,5879,225,339,673,-767,-872,-3,537,793,410,275,380,700,-205,-275,700,0,0,0,0,0,0,0,0,0,0,0,0,0,0,0,5,22562,0,22616,0,0,0,0,3835411,3844735,0,0,0,0,0,1000,1000,4966763
MPCTASK: EXP,0,120,5977,138,300,673,-873,-903,58,455,380,682,125,195,700,-236,-333,700,0,0,0,0,0,0,0,0,0,0,0,0,0,0,0,5,20675,0,20729,0,0,0,0,3514703,3524034,0,0,0,0,0,1000,1000,4966763
MPCTASK: EXP,0,122,6084,42,195,682,-900,-1003,95,490,-106,854,-31,8,700,-240,-450,700,0,0,0,0,0,0,0,0,0,0,0,0,0,0,0,5,27827,0,27881,0,0,0,0,4730435,4739761,0,0,0,0,0,1000,1000,4966763
MPCTASK: EXP,0,124,6180,-21,112,700,-805,-1041,111,471,-507,942,-180,-176,700,-187,-524,700,0,0,0,0,0,0,0,0,0,0,0,0,0,0,0,5,22609,0,22669,0,0,0,0,3843460,3853772,0,0,0,0,0,1000,1000,4966763
MPCTASK: EXP,0,126,6283,-88,11,719,-682,-1082,85,409,-831,944,-305,-354,700,-134,-602,700,0,0,0,0,0,0,0,0,0,0,0,0,0,0,0,5,24104,0,24158,0,0,0,0,4097527,4106855,0,0,0,0,0,1000,1000,4966763
MPCTASK: EXP,0,128,6384,-136,-79,727,-507,-1089,14,330,-1096,884,-395,-520,700,-61,-655,700,0,0,0,0,0,0,0,0,0,0,0,0,0,0,0,5,25501,0,25554,0,0,0,0,4335107,4344272,0,0,0,0,0,1000,1000,4966763
MPCTASK: EXP,0,130,6481,-155,-163,727,-282,-1069,-48,247,-1285,787,-441,-671,700,33,-689,700,0,0,0,0,0,0,0,0,0,0,0,0,0,0,0,5,23033,0,23087,0,0,0,0,3915419,3924746,0,0,0,0,0,1000,1000,4966763
MPCTASK: EXP,0,132,6580,-154,-250,722,-27,-1045,-87,174,-1395,716,-438,-803,700,134,-715,700,0,0,0,0,0,0,0,0,0,0,0,0,0,0,0,5,22052,0,22115,0,0,0,0,3748763,3759603,0,0,0,0,0,1000,1000,4966763
MPCTASK: EXP,0,134,6681,-134,-326,714,225,-990,-89,-21,-1300,726,-387,-912,700,217,-712,700,0,0,0,0,0,0,0,0,0,0,0,0,0,0,0,5,22024,0,22078,0,0,0,0,3743875,3753354,0,0,0,0,0,1000,1000,4966763
MPCTASK: EXP,0,136,6783,-82,-395,701,463,-901,-82,-247,-1060,763,-292,-997,700,296,-687,700,0,0,0,0,0,0,0,0,0,0,0,0,0,0,0,5,24320,0,24380,0,0,0,0,3937031,4144631,0,0,0,0,0,1000,1000,4966763
MPCTASK: EXP,0,138,6883,-18,-453,694,630,-777,-42,-465,-716,738,-164,-1054,700,344,-642,700,0,0,0,0,0,0,0,0,0,0,0,0,0,0,0,5,25093,0,25154,0,0,0,0,4265715,4276325,0,0,0,0,0,1000,1000,4966763
MPCTASK: EXP,0,140,6981,52,-488,689,724,-629,-21,-650,-354,664,-13,-1083,700,364,-571,700,0,0,0,0,0,0,0,0,0,0,0,0,0,0,0,5,22670,0,22929,0,0,0,0,3853772,3897980,0,0,0,0,0,1000,1000,4966763
MPCTASK: EXP,0,142,7081,119,-515,694,727,-458,24,-808,44,548,143,-1082,700,346,-488,700,0,0,0,0,0,0,0,0,0,0,0,0,0,0,0,5,21948,0,22002,0,0,0,0,3730997,3740348,0,0,0,0,0,1000,1000,4966763
MPCTASK: EXP,0,144,7180,185,-527,700,674,-277,39,-878,380,365,291,-1052,700,311,-395,700,0,0,0,0,0,0,0,0,0,0,0,0,0,0,0,5,21399,0,21452,0,0,0,0,3637719,3646884,0,0,0,0,0,1000,1000,4966763
MPCTASK: EXP,0,146,7284,230,-529,704,555,-102,23,-911,700,155,417,-994,700,243,-295,700,0,0,0,0,0,0,0,0,0,0,0,0,0,0,0,5,26037,0,26090,0,0,0,0,4426207,4435371,0,0,0,0,0,1000,1000,4966763
MPCTASK: EXP,0,148,7381,274,-517,710,406,75,22,-906,959,-31,507,-909,700,174,-187,700,0,0,0,0,0,0,0,0,0,0,0,0,0,0,0,5,21650,0,21711,0,0,0,0,3680412,3690976,0,0,0,0,0,1000,1000,4966763
MPCTASK: EXP,0,150,7482,297,-489,711,219,250,-7,-893,1152,-190,553,-798,700,93,-71,700,0,0,0,0,0,0,0,0,0,0,0,0,0,0,0,5,22282,0,22335,0,0,0,0,3787819,3796984,0,0,0,0,0,1000,1000,4966763
MPCTASK: EXP,0,152,7580,305,-448,708,14,427,-31,-887,1271,-295,550,-666,700,12,52,700,0,0,0,0,0,0,0,0,0,0,0,0,0,0,0,5,20909,0,20962,0,0,0,0,3554483,3563646,0,0,0,0,0,1000,1000,4966763
MPCTASK: EXP,0,154,7685,283,-393,704,-214,602,-33,-881,1248,-365,499,-514,700,-72,179,700,0,0,0,0,0,0,0,0,0,0,0,0,0,0,0,5,25814,0,25867,0,0,0,0,4388267,4397431,0,0,0,0,0,1000,1000,4966763
MPCTASK: EXP,0,156,7783,245,-330,699,-424,764,-25,-828,1071,-407,404,-347,700,-139,300,700,0,0,0,0,0,0,0,0,0,0,0,0,0,0,0,5,21951,0,22004,0,0,0,0,3731675,3740839,0,0,0,0,0,1000,1000,4966763
MPCTASK: EXP,0,158,7885,172,-259,697,-613,905,0,-746,743,-445,275,-169,700,-200,412,700,0,0,0,0,0,0,0,0,0,0,0,0,0,0,0,5,23979,0,24033,0,0,0,0,4076475,4085804,0,0,0,0,0,1000,1000,4966763
MPCTASK: EXP,0,160,7981,97,-181,699,-715,1007,28,-577,371,-454,125,15,700,-225,507,700,0,0,0,0,0,0,0,0,0,0,0,0,0,0,0,5,20334,0,20388,0,0,0,0,3456691,3466014,0,0,0,0,0,1000,1000,4966763
MPCTASK: EXP,0,162,8087,32,-106,702,-727,1053,39,-397,-36,-442,-31,202,700,-207,577,700,0,0,0,0,0,0,0,0,0,0,0,0,0,0,0,5,25963,0,26024,0,0,0,0,4413523,4424289,0,0,0,0,0,1000,1000,4966763
MPCTASK: EXP,0,164,8184,-28,-26,709,-690,1079,49,-279,-380,-422,-180,386,700,-172,642,700,0,0,0,0,0,0,0,0,0,0,0,0,0,0,0,5,22833,0,23072,0,0,0,0,3881407,3922206,0,0,0,0,0,1000,1000,4966763
MPCTASK: EXP,0,166,8288,-88,74,723,-570,1084,60,-191,-792,-380,-305,564,700,-107,710,700,0,0,0,0,0,0,0,0,0,0,0,0,0,0,0,5,26937,0,26991,0,0,0,0,4579287,4588615,0,0,0,0,0,1000,1000,4966763
MPCTASK: EXP,0,168,8381,-131,175,729,-411,1088,5,-146,-1074,-364,-395,730,700,-35,773,700,0,0,0,0,0,0,0,0,0,0,0,0,0,0,0,5,20030,0,20084,0,0,0,0,3405027,3414350,0,0,0,0,0,1000,1000,4966763
MPCTASK: EXP,0,170,8486,-135,287,730,-188,1100,-51,-82,-1201,-342,-441,881,700,66,836,700,0,0,0,0,0,0,0,0,0,0,0,0,0,0,0,5,24954,0,25010,0,0,0,0,4242079,4251786,0,0,0,0,0,1000,1000,4966763
MPCTASK: EXP,0,172,8583,-118,363,723,36,1063,-79,-12,-1239,-340,-438,1013,700,163,853,700,0,0,0,0,0,0,0,0,0,0,0,0,0,0,0,5,20668,0,20839,0,0,0,0,3513423,3542682,0,0,0,0,0,1000,1000,4966763
MPCTASK: EXP,0,174,8685,-95,469,712,275,1026,-76,126,-1122,-348,-387,1122,700,247,879,700,0,0,0,0,0,0,0,0,0,0,0,0,0,0,0,5,22404,0,22544,0,0,0,0,3808619,3832614,0,0,0,0,0,1000,1000,4966763
MPCTASK: EXP,0,176,8785,-29,556,704,498,952,-56,422,-903,-357,-292,1207,700,335,866,700,0,0,0,0,0,0,0,0,0,0,0,0,0,0,0,5,21462,0,21515,0,0,0,0,3648479,3657644,0,0,0,0,0,1000,1000,4966763
MPCTASK: EXP,0,178,8891,76,577,695,702,753,-45,643,-616,-384,-164,1264,700,427,774,700,0,0,0,0,0,0,0,0,0,0,0,0,0,0,0,5,27375,0,27428,0,0,0,0,4653548,4662712,0,0,0,0,0,1000,1000,4966763
MPCTASK: EXP,0,180,8986,152,602,693,775,584,-11,684,-179,-459,-13,1293,700,437,701,700,0,0,0,0,0,0,0,0,0,0,0,0,0,0,0,5,21964,0,22017,0,0,0,0,3733815,3742980,0,0,0,0,0,1000,1000,4966763
MPCTASK: EXP,0,182,9088,248,675,695,783,493,22,744,296,-535,143,1292,700,438,674,700,0,0,0,0,0,0,0,0,0,0,0,0,0,0,0,5,24897,0,24950,0,0,0,0,4232535,4241700,0,0,0,0,0,1000,1000,4966763
MPCTASK: EXP,0,184,9185,337,692,706,706,318,47,1004,698,-581,291,1263,700,408,575,700,0,0,0,0,0,0,0,0,0,0,0,0,0,0,0,5,21777,0,21830,0,0,0,0,3702028,3711192,0,0,0,0,0,1000,1000,4966763
MPCTASK: EXP,0,186,9288,389,692,711,534,127,5,1086,1041,-576,416,1205,700,329,467,700,0,0,0,0,0,0,0,0,0,0,0,0,0,0,0,5,24799,0,24851,0,0,0,0,4215599,4224763,0,0,0,0,0,1000,1000,4966763
MPCTASK: EXP,0,188,9388,450,700,712,350,-31,-35,1138,1299,-525,506,1120,700,263,375,700,0,0,0,0,0,0,0,0,0,0,0,0,0,0,0,5,24146,0,24493,0,0,0,0,4104787,4163910,0,0,0,0,0,1000,1000,4966763
MPCTASK: EXP,0,190,9490,450,702,705,71,-192,-80,1143,1456,-386,552,1010,700,145,284,700,0,0,0,0,0,0,0,0,0,0,0,0,0,0,0,5,26711,0,26766,0,0,0,0,4540859,4550349,0,0,0,0,0,1000,1000,4966763
MPCTASK: EXP,0,192,9586,433,640,694,-210,-433,-92,1173,1453,-205,548,878,700,36,126,700,0,0,0,0,0,0,0,0,0,0,0,0,0,0,0,5,22847,0,22900,0,0,0,0,3883863,3893044,0,0,0,0,0,1000,1000,4966763
MPCTASK: EXP,0,194,9687,350,522,678,-549,-733,-86,899,1127,96,497,727,700,-96,-67,700,0,0,0,0,0,0,0,0,0,0,0,0,0,0,0,5,23574,0,23634,0,0,0,0,4007479,4017813,0,0,0,0,0,1000,1000,4966763
MPCTASK: EXP,0,196,9785,268,440,667,-748,-897,-24,665,787,404,402,560,700,-183,-195,700,0,0,0,0,0,0,0,0,0,0,0,0,0,0,0,5,20355,0,20408,0,0,0,0,3460228,3469416,0,0,0,0,0,1000,1000,4966763
MPCTASK: EXP,0,198,9891,191,320,665,-860,-1043,44,397,476,642,274,382,700,-228,-333,700,0,0,0,0,0,0,0,0,0,0,0,0,0,0,0,5,27001,0,27058,0,0,0,0,4589987,4599819,0,0,0,0,0,1000,1000,4966763
MPCTASK: EXP,0,200,9986,67,244,677,-950,-1065,118,229,120,872,124,196,700,-286,-409,700,0,0,0,0,0,0,0,0,0,0,0,0,0,0,0,5,22047,0,22103,0,0,0,0,3747911,3757537,0,0,0,0,0,1000,1000,4966763
MPCTASK: EXP,0,202,10091,9,186,692,-888,-1040,126,255,-352,980,-30,7,700,-243,-459,700,0,0,0,0,0,0,0,0,0,0,0,0,0,0,0,5,26050,0,26105,0,0,0,0,4428447,4437924,0,0,0,0,0,1000,1000,4966763
MPCTASK: EXP,0,204,10187,-67,95,709,-771,-1043,80,373,-650,1011,-176,-180,700,-205,-531,700,0,0,0,0,0,0,0,0,0,0,0,0,0,0,0,5,21243,0,21302,0,0,0,0,3611235,3621489,0,0,0,0,0,1000,1000,4966763
MPCTASK: EXP,0,206,10289,-130,4,727,-634,-1062,49,408,-915,959,-298,-362,700,-157,-592,700,0,0,0,0,0,0,0,0,0,0,0,0,0,0,0,5,23582,0,23635,0,0,0,0,4008811,4018016,0,0,0,0,0,1000,1000,4966763
MPCTASK: EXP,0,208,10390,-165,-79,733,-441,-1064,-16,363,-1118,855,-384,-533,700,-85,-624,700,0,0,0,0,0,0,0,0,0,0,0,0,0,0,0,5,24860,0,24917,0,0,0,0,4226063,4235949,0,0,0,0,0,1000,1000,4966763
MPCTASK: EXP,0,210,10489,-187,-162,729,-245,-1064,-76,248,-1297,764,-427,-688,700,-17,-640,700,0,0,0,0,0,0,0,0,0,0,0,0,0,0,0,5,23749,0,23811,0,0,0,0,4037163,4048005,0,0,0,0,0,1000,1000,4966763
MPCTASK: EXP,0,212,10585,-186,-244,720,0,-1030,-112,77,-1339,748,-422,-822,700,53,-630,700,0,0,0,0,0,0,0,0,0,0,0,0,0,0,0,5,19780,0,19833,0,0,0,0,3362443,3371652,0,0,0,0,0,1000,1000,4966763
MPCTASK: EXP,0,214,10689,-155,-326,707,251,-960,-102,-268,-1188,821,-371,-931,700,122,-595,700,0,0,0,0,0,0,0,0,0,0,0,0,0,0,0,5,24023,0,24077,0,0,0,0,4083759,4093126,0,0,0,0,0,1000,1000,4966763
MPCTASK: EXP,0,216,10787,-98,-387,697,459,-813,-65,-614,-857,874,-282,-1009,699,171,-521,699,0,0,0,0,0,0,0,0,0,0,0,0,0,0,0,5,22181,0,22235,0,0,0,0,3770719,3780082,0,0,0,0,0,1000,1000,4966763
MPCTASK: EXP,0,218,10890,-35,-443,692,567,-633,-31,-951,-372,880,-166,-1052,699,184,-440,699,0,0,0,0,0,0,0,0,0,0,0,0,0,0,0,5,25099,0,25160,0,0,0,0,4266863,4277222,0,0,0,0,0,1000,1000,4966763
MPCTASK: EXP,0,220,10986,30,-463,694,579,-394,-2,-1169,84,773,-37,-1056,699,177,-339,699,0,0,0,0,0,0,0,0,0,0,0,0,0,0,0,5,20855,0,20908,0,0,0,0,3545263,3554468,0,0,0,0,0,1000,1000,4966763
MPCTASK: EXP,0,222,11090,90,-472,697,514,-163,2,-1228,488,562,87,-1018,699,161,-258,699,0,0,0,0,0,0,0,0,0,0,0,0,0,0,0,5,23834,0,24298,0,0,0,0,4051576,4130595,0,0,0,0,0,1000,1000,4966763
MPCTASK: EXP,0,224,11190,132,-458,698,391,62,-3,-1100,725,276,192,-938,699,146,-200,699,0,0,0,0,0,0,0,0,0,0,0,0,0,0,0,5,24957,0,25212,0,0,0,0,4242531,4286118,0,0,0,0,0,1000,1000,4966763
MPCTASK: EXP,0,226,11288,153,-421,696,240,262,-4,-802,774,-26,266,-819,700,132,-159,700,0,0,0,0,0,0,0,0,0,0,0,0,0,0,0,5,22858,0,22911,0,0,0,0,3885751,3894956,0,0,0,0,0,1000,1000,4966763
MPCTASK: EXP,0,228,11387,163,-386,689,101,389,-6,-448,643,-271,299,-667,700,119,-136,700,0,0,0,0,0,0,0,0,0,0,0,0,0,0,0,5,20877,0,20935,0,0,0,0,3548983,3559068,0,0,0,0,0,1000,1000,4966763
MPCTASK: EXP,0,230,11488,160,-333,692,-3,461,45,-110,416,-417,292,-494,700,108,-104,700,0,0,0,0,0,0,0,0,0,0,0,0,0,0,0,5,23025,0,23079,0,0,0,0,3914159,3923526,0,0,0,0,0,1000,1000,4966763
MPCTASK: EXP,0,232,11587,148,-279,695,-71,477,54,126,213,-472,251,-315,700,92,-63,700,0,0,0,0,0,0,0,0,0,0,0,0,0,0,0,5,21871,0,21926,0,0,0,0,3718099,3727467,0,0,0,0,0,1000,1000,4966763
MPCTASK: EXP,0,234,11690,138,-227,704,-98,450,49,275,64,-451,190,-150,700,71,-2,700,0,0,0,0,0,0,0,0,0,0,0,0,0,0,0,5,24296,0,24592,0,0,0,0,4130276,4180596,0,0,0,0,0,1000,1000,4966763
MPCTASK: EXP,0,236,11783,132,-192,711,-102,396,37,205,40,-387,127,-17,700,37,83,700,0,0,0,0,0,0,0,0,0,0,0,0,0,0,0,5,17573,0,17626,0,0,0,0,2987381,2996596,0,0,0,0,0,1000,1000,4966763
MPCTASK: EXP,0,238,11890,123,-170,713,-112,352,-5,-14,121,-311,79,67,700,-11,191,700,0,0,0,0,0,0,0,0,0,0,0,0,0,0,0,5,24289,0,24342,0,0,0,0,4129100,4138302,0,0,0,0,0,1000,1000,4966763
MPCTASK: EXP,0,240,11986,116,-158,711,-132,348,-28,-400,243,-226,58,101,700,-44,301,700,0,0,0,0,0,0,0,0,0,0,0,0,0,0,0,5,21117,0,21170,0,0,0,0,3589851,3599056,0,0,0,0,0,1000,1000,4966763
MPCTASK: EXP,0,242,12089,104,-139,711,-175,427,-21,-874,381,-146,55,105,700,-55,414,700,0,0,0,0,0,0,0,0,0,0,0,0,0,0,0,5,23841,0,23903,0,0,0,0,4052899,4063512,0,0,0,0,0,1000,1000,4966763
MPCTASK: EXP,0,244,12189,87,-112,712,-233,571,-17,-1219,386,-113,51,112,700,-36,505,700,0,0,0,0,0,0,0,0,0,0,0,0,0,0,0,5,23950,0,24003,0,0,0,0,4071467,4080672,0,0,0,0,0,1000,1000,4966763
MPCTASK: EXP,0,246,12290,60,-67,714,-284,754,-23,-1259,223,-133,26,158,700,-7,588,700,0,0,0,0,0,0,0,0,0,0,0,0,0,0,0,5,24327,0,24381,0,0,0,0,4135468,4144830,0,0,0,0,0,1000,1000,4966763
MPCTASK: EXP,0,248,12387,80,-13,708,-226,909,-41,-979,-50,-157,-20,257,700,85,644,700,0,0,0,0,0,0,0,0,0,0,0,0,0,0,0,5,21997,0,22058,0,0,0,0,3739379,3749914,0,0,0,0,0,1000,1000,4966763
MPCTASK: EXP,0,250,12491,54,66,699,-201,1030,-44,-656,-301,-215,-76,402,700,132,700,700,0,0,0,0,0,0,0,0,0,0,0,0,0,0,0,5,24015,0,24071,0,0,0,0,4082282,4092046,0,0,0,0,0,1000,1000,4966763
MPCTASK: EXP,0,252,12586,33,168,690,-120,1107,-15,-313,-640,-291,-123,576,700,190,752,700,0,0,0,0,0,0,0,0,0,0,0,0,0,0,0,5,18730,0,18783,0,0,0,0,3183867,3193231,0,0,0,0,0,1000,1000,4966763
MPCTASK: EXP,0,254,12690,27,261,697,15,1105,49,-60,-875,-367,-144,758,700,252,775,700,0,0,0,0,0,0,0,0,0,0,0,0,0,0,0,5,23240,0,23294,0,0,0,0,3950771,3960134,0,0,0,0,0,1000,1000,4966763
MPCTASK: EXP,0,256,12788,26,365,707,153,1080,53,150,-913,-441,-129,927,700,289,793,700,0,0,0,0,0,0,0,0,0,0,0,0,0,0,0,5,21232,0,21289,0,0,0,0,3609415,3619135,0,0,0,0,0,1000,1000,4966763
MPCTASK: EXP,0,258,12891,20,505,714,252,1073,18,389,-872,-510,-75,1070,699,294,838,699,0,0,0,0,0,0,0,0,0,0,0,0,0,0,0,5,23040,0,23094,0,0,0,0,3916811,3926179,0,0,0,0,0,1000,1000,4966763
MPCTASK: EXP,0,260,12991,49,559,715,376,900,-19,745,-791,-516,13,1176,699,315,763,699,0,0,0,0,0,0,0,0,0,0,0,0,0,0,0,5,23603,0,23657,0,0,0,0,4012399,4021768,0,0,0,0,0,1000,1000,4966763
MPCTASK: EXP,0,262,13091,111,625,713,509,721,-45,981,-594,-545,126,1239,699,337,701,699,0,0,0,0,0,0,0,0,0,0,0,0,0,0,0,5,23769,0,23822,0,0,0,0,4040579,4049784,0,0,0,0,0,1000,1000,4966763
MPCTASK: EXP,0,264,13189,166,651,708,564,480,-57,1140,-177,-572,249,1258,699,320,598,699,0,0,0,0,0,0,0,0,0,0,0,0,0,0,0,5,21514,0,21929,0,0,0,0,3657439,3728138,0,0,0,0,0,1000,1000,4966763
MPCTASK: EXP,0,266,13293,228,662,703,549,238,-44,1195,259,-600,366,1235,699,281,487,699,0,0,0,0,0,0,0,0,0,0,0,0,0,0,0,5,25615,0,25669,0,0,0,0,4354444,4363810,0,0,0,0,0,1000,1000,4966763
MPCTASK: EXP,0,268,13388,282,642,700,454,-11,-26,1201,663,-598,461,1173,699,222,355,699,0,0,0,0,0,0,0,0,0,0,0,0,0,0,0,5,20677,0,20731,0,0,0,0,3514931,3524299,0,0,0,0,0,1000,1000,4966763
MPCTASK: EXP,0,270,13490,308,609,697,274,-238,-28,1160,1012,-536,522,1077,700,132,225,700,0,0,0,0,0,0,0,0,0,0,0,0,0,0,0,5,22940,0,22994,0,0,0,0,3899755,3908960,0,0,0,0,0,1000,1000,4966763
MPCTASK: EXP,0,272,13589,294,569,695,21,-425,-37,981,1234,-375,540,953,700,13,111,700,0,0,0,0,0,0,0,0,0,0,0,0,0,0,0,5,22438,0,22603,0,0,0,0,3814435,3842567,0,0,0,0,0,1000,1000,4966763
MPCTASK: EXP,0,274,13694,297,543,691,-191,-549,-39,969,1278,-140,511,804,700,-58,11,700,0,0,0,0,0,0,0,0,0,0,0,0,0,0,0,5,24822,0,24875,0,0,0,0,4219612,4228816,0,0,0,0,0,1000,1000,4966763
MPCTASK: EXP,0,276,13789,237,473,686,-448,-725,-41,814,1184,166,437,638,700,-162,-112,700,0,0,0,0,0,0,0,0,0,0,0,0,0,0,0,5,21055,0,21110,0,0,0,0,3579283,3588646,0,0,0,0,0,1000,1000,4966763
MPCTASK: EXP,0,278,13893,204,361,678,-610,-911,-26,580,905,465,324,459,700,-196,-262,700,0,0,0,0,0,0,0,0,0,0,0,0,0,0,0,5,24371,0,24427,0,0,0,0,4143020,4152674,0,0,0,0,0,1000,1000,4966763
MPCTASK: EXP,0,280,13990,126,258,672,-761,-1024,9,346,567,753,184,273,700,-242,-379,700,0,0,0,0,0,0,0,0,0,0,0,0,0,0,0,5,21154,0,21345,0,0,0,0,3596083,3628711,0,0,0,0,0,1000,1000,4966763
MPCTASK: EXP,0,282,14096,51,167,678,-810,-1063,74,240,128,973,30,83,700,-243,-467,700,0,0,0,0,0,0,0,0,0,0,0,0,0,0,0,5,25844,0,25898,0,0,0,0,4393312,4402674,0,0,0,0,0,1000,1000,4966763
MPCTASK: EXP,0,284,14193,-28,67,687,-791,-1087,92,215,-306,1101,-121,-104,700,-221,-553,700,0,0,0,0,0,0,0,0,0,0,0,0,0,0,0,5,23532,0,23587,0,0,0,0,4000443,4009811,0,0,0,0,0,1000,1000,4966763
MPCTASK: EXP,0,286,14294,-104,-19,702,-703,-1075,92,243,-720,1159,-256,-286,700,-176,-615,700,0,0,0,0,0,0,0,0,0,0,0,0,0,0,0,5,24841,0,24894,0,0,0,0,4222911,4232116,0,0,0,0,0,1000,1000,4966763
MPCTASK: EXP,0,288,14390,-157,-109,718,-540,-1060,67,285,-1051,1117,-362,-458,700,-104,-671,700,0,0,0,0,0,0,0,0,0,0,0,0,0,0,0,5,20902,0,20964,0,0,0,0,3553251,3563914,0,0,0,0,0,1000,1000,4966763
MPCTASK: EXP,0,290,14495,-184,-186,728,-334,-1029,0,277,-1264,989,-426,-615,700,-16,-704,700,0,0,0,0,0,0,0,0,0,0,0,0,0,0,0,5,25052,0,25107,0,0,0,0,4258899,4268262,0,0,0,0,0,1000,1000,4966763
MPCTASK: EXP,0,292,14590,-191,-269,725,-94,-1009,-67,226,-1370,815,-444,-755,700,78,-733,700,0,0,0,0,0,0,0,0,0,0,0,0,0,0,0,5,20520,0,20574,0,0,0,0,3488275,3497638,0,0,0,0,0,1000,1000,4966763
MPCTASK: EXP,0,294,14693,-174,-343,716,159,-968,-111,74,-1402,662,-412,-873,700,175,-739,700,0,0,0,0,0,0,0,0,0,0,0,0,0,0,0,5,24131,0,24186,0,0,0,0,4102204,4111570,0,0,0,0,0,1000,1000,4966763
MPCTASK: EXP,0,296,14790,-131,-421,700,419,-918,-127,-121,-1243,579,-334,-967,700,265,-735,700,0,0,0,0,0,0,0,0,0,0,0,0,0,0,0,5,19610,0,19663,0,0,0,0,3333611,3342816,0,0,0,0,0,1000,1000,4966763
MPCTASK: EXP,0,298,14897,-65,-481,688,634,-816,-77,-370,-894,504,-218,-1035,700,332,-696,700,0,0,0,0,0,0,0,0,0,0,0,0,0,0,0,5,26629,0,26683,0,0,0,0,4526739,4536103,0,0,0,0,0,1000,1000,4966763
MPCTASK: EXP,0,300,14994,15,-531,679,768,-683,-41,-593,-411,422,-75,-1075,700,368,-640,700,0,0,0,0,0,0,0,0,0,0,0,0,0,0,0,5,23315,0,23369,0,0,0,0,3963529,3973764,0,0,0,0,0,1000,1000,4966763
MPCTASK: EXP,0,302,15094,86,-562,679,783,-513,19,-760,63,307,80,-1086,700,354,-560,700,0,0,0,0,0,0,0,0,0,0,0,0,0,0,0,5,23637,0,24039,0,0,0,0,4018147,4086703,0,0,0,0,0,1000,1000,4966763
MPCTASK: EXP,0,304,15193,162,-588,687,734,-342,61,-866,405,164,234,-1068,700,330,-477,700,0,0,0,0,0,0,0,0,0,0,0,0,0,0,0,5,22188,0,22242,0,0,0,0,3771827,3781195,0,0,0,0,0,1000,1000,4966763
MPCTASK: EXP,0,306,15298,220,-594,698,622,-161,54,-971,728,35,370,-1021,700,271,-374,700,0,0,0,0,0,0,0,0,0,0,0,0,0,0,0,5,27076,0,27135,0,0,0,0,4602739,4612933,0,0,0,0,0,1000,1000,4966763
MPCTASK: EXP,0,308,15390,270,-587,709,475,25,27,-1025,1012,-62,476,-946,700,205,-264,700,0,0,0,0,0,0,0,0,0,0,0,0,0,0,0,5,19347,0,19401,0,0,0,0,3288859,3298226,0,0,0,0,0,1000,1000,4966763
MPCTASK: EXP,0,310,15495,291,-563,710,273,218,-20,-1050,1205,-161,540,-845,700,113,-143,700,0,0,0,0,0,0,0,0,0,0,0,0,0,0,0,5,25029,0,25228,0,0,0,0,4254859,4288806,0,0,0,0,0,1000,1000,4966763
MPCTASK: EXP,0,312,15592,301,-527,705,55,417,-45,-1024,1265,-245,557,-721,700,29,-18,700,0,0,0,0,0,0,0,0,0,0,0,0,0,0,0,5,21337,0,21391,0,0,0,0,3627139,3636503,0,0,0,0,0,1000,1000,4966763
MPCTASK: EXP,0,314,15693,288,-472,701,-164,610,-47,-971,1239,-300,525,-577,700,-53,113,700,0,0,0,0,0,0,0,0,0,0,0,0,0,0,0,5,22271,0,22326,0,0,0,0,3785907,3795458,0,0,0,0,0,1000,1000,4966763
MPCTASK: EXP,0,316,15793,242,-399,691,-393,797,-52,-906,1115,-347,447,-416,700,-138,249,700,0,0,0,0,0,0,0,0,0,0,0,0,0,0,0,5,23041,0,23095,0,0,0,0,3916915,3926278,0,0,0,0,0,1000,1000,4966763
MPCTASK: EXP,0,318,15896,192,-325,688,-562,944,-6,-736,820,-399,330,-242,700,-187,362,700,0,0,0,0,0,0,0,0,0,0,0,0,0,0,0,5,25232,0,25630,0,0,0,0,4289379,4357106,0,0,0,0,0,1000,1000,4966763
MPCTASK: EXP,0,320,15996,119,-234,688,-688,1053,30,-499,465,-458,187,-59,700,-222,467,700,0,0,0,0,0,0,0,0,0,0,0,0,0,0,0,5,24029,0,24082,0,0,0,0,4084755,4094119,0,0,0,0,0,1000,1000,4966763
MPCTASK: EXP,0,322,16096,63,-163,692,-710,1071,59,-266,71,-501,31,127,700,-207,528,700,0,0,0,0,0,0,0,0,0,0,0,0,0,0,0,5,24889,0,24942,0,0,0,0,4230987,4240192,0,0,0,0,0,1000,1000,4966763
MPCTASK: EXP,0,324,16194,-7,-74,704,-691,1076,78,-184,-288,-507,-122,313,700,-183,599,700,0,0,0,0,0,0,0,0,0,0,0,0,0,0,0,5,22321,0,22376,0,0,0,0,3794563,3803932,0,0,0,0,0,1000,1000,4966763
MPCTASK: EXP,0,326,16297,-63,9,716,-601,1063,64,-177,-624,-470,-259,494,700,-129,659,700,0,0,0,0,0,0,0,0,0,0,0,0,0,0,0,5,25759,0,26182,0,0,0,0,4378934,4451033,0,0,0,0,0,1000,1000,4966763
MPCTASK: EXP,0,328,16396,-97,92,722,-451,1049,11,-198,-886,-429,-364,665,700,-50,711,700,0,0,0,0,0,0,0,0,0,0,0,0,0,0,0,5,24231,0,24285,0,0,0,0,4119299,4128662,0,0,0,0,0,1000,1000,4966763
MPCTASK: EXP,0,330,16495,-121,175,727,-275,1040,-25,-238,-1054,-403,-428,823,700,30,757,700,0,0,0,0,0,0,0,0,0,0,0,0,0,0,0,5,23935,0,23989,0,0,0,0,4068855,4078060,0,0,0,0,0,1000,1000,4966763
MPCTASK: EXP,0,332,16591,-120,253,726,-63,1028,-49,-227,-1157,-414,-445,963,700,125,788,700,0,0,0,0,0,0,0,0,0,0,0,0,0,0,0,5,20288,0,20342,0,0,0,0,3448911,3458274,0,0,0,0,0,1000,1000,4966763
MPCTASK: EXP,0,334,16698,-103,338,722,155,1023,-62,-157,-1153,-436,-413,1082,700,210,812,700,0,0,0,0,0,0,0,0,0,0,0,0,0,0,0,5,26925,0,26980,0,0,0,0,4577055,4586708,0,0,0,0,0,1000,1000,4966763
MPCTASK: EXP,0,336,16794,-43,448,707,403,1033,-85,32,-1040,-486,-335,1176,700,313,847,700,0,0,0,0,0,0,0,0,0,0,0,0,0,0,0,5,21245,0,21307,0,0,0,0,3611563,3622311,0,0,0,0,0,1000,1000,4966763
MPCTASK: EXP,0,338,16896,17,517,698,580,939,-53,377,-747,-529,-219,1245,700,370,811,700,0,0,0,0,0,0,0,0,0,0,0,0,0,0,0,5,22864,0,22919,0,0,0,0,3886936,3896331,0,0,0,0,0,1000,1000,4966763
MPCTASK: EXP,0,340,16994,80,612,695,681,847,-11,669,-439,-609,-75,1285,700,394,791,700,0,0,0,0,0,0,0,0,0,0,0,0,0,0,0,5,21313,0,21530,0,0,0,0,3623131,3660191,0,0,0,0,0,1000,1000,4966763
MPCTASK: EXP,0,342,17097,160,648,698,727,638,24,982,-117,-684,80,1296,700,402,697,700,0,0,0,0,0,0,0,0,0,0,0,0,0,0,0,5,22928,0,22988,0,0,0,0,3897543,3908034,0,0,0,0,0,1000,1000,4966763
MPCTASK: EXP,0,344,17195,251,692,704,723,443,21,1122,265,-756,234,1278,700,395,619,700,0,0,0,0,0,0,0,0,0,0,0,0,0,0,0,5,20319,0,20375,0,0,0,0,3454111,3463886,0,0,0,0,0,1000,1000,4966763
MPCTASK: EXP,0,346,17297,285,712,709,572,233,9,1256,683,-764,370,1231,700,304,521,700,0,0,0,0,0,0,0,0,0,0,0,0,0,0,0,5,23011,0,23065,0,0,0,0,3911892,3921096,0,0,0,0,0,1000,1000,4966763
MPCTASK: EXP,0,348,17395,295,714,710,358,19,-24,1290,919,-684,476,1156,700,194,414,700,0,0,0,0,0,0,0,0,0,0,0,0,0,0,0,5,20953,0,21007,0,0,0,0,3561783,3571151,0,0,0,0,0,1000,1000,4966763
MPCTASK: EXP,0,350,17499,338,700,701,188,-196,-72,1323,1113,-582,540,1056,700,125,293,700,0,0,0,0,0,0,0,0,0,0,0,0,0,0,0,5,24910,0,24966,0,0,0,0,4234663,4244256,0,0,0,0,0,1000,1000,4966763
MPCTASK: EXP,0,352,17596,348,675,692,-35,-401,-77,1238,1247,-414,557,932,700,36,176,700,0,0,0,0,0,0,0,0,0,0,0,0,0,0,0,5,20932,0,20986,0,0,0,0,3558320,3567687,0,0,0,0,0,1000,1000,4966763
MPCTASK: EXP,0,354,17698,328,591,683,-280,-654,-70,1098,1256,-180,525,787,700,-57,14,700,0,0,0,0,0,0,0,0,0,0,0,0,0,0,0,5,24010,0,24064,0,0,0,0,4081495,4090863,0,0,0,0,0,1000,1000,4966763
MPCTASK: EXP,0,356,17796,280,500,674,-514,-857,-41,783,1103,113,447,626,700,-143,-125,700,0,0,0,0,0,0,0,0,0,0,0,0,0,0,0,5,22155,0,22209,0,0,0,0,3766279,3775643,0,0,0,0,0,1000,1000,4966763
MPCTASK: EXP,0,358,17897,207,392,669,-709,-1009,-6,473,835,445,330,452,700,-215,-258,700,0,0,0,0,0,0,0,0,0,0,0,0,0,0,0,5,21899,0,22239,0,0,0,0,3722708,3780777,0,0,0,0,0,1000,1000,4966763
MPCTASK: EXP,0,360,17998,135,342,670,-811,-1004,52,180,439,783,187,269,700,-241,-302,700,0,0,0,0,0,0,0,0,0,0,0,0,0,0,0,5,21973,0,22029,0,0,0,0,3735260,3745134,0,0,0,0,0,1000,1000,4966763
MPCTASK: EXP,0,362,18099,62,268,680,-832,-999,103,213,33,1027,31,83,700,-235,-376,700,0,0,0,0,0,0,0,0,0,0,0,0,0,0,0,5,24004,0,24060,0,0,0,0,4080687,4090322,0,0,0,0,0,1000,1000,4966763
MPCTASK: EXP,0,364,18195,0,185,694,-775,-1012,100,356,-285,1158,-122,-103,700,-198,-458,700,0,0,0,0,0,0,0,0,0,0,0,0,0,0,0,5,20326,0,20380,0,0,0,0,3455215,3464581,0,0,0,0,0,1000,1000,4966763
MPCTASK: EXP,0,366,18298,-65,96,709,-683,-1042,83,470,-606,1208,-259,-284,700,-149,-536,700,0,0,0,0,0,0,0,0,0,0,0,0,0,0,0,5,21934,0,21987,0,0,0,0,3728615,3737820,0,0,0,0,0,1000,1000,4966763
MPCTASK: EXP,0,368,18400,-123,3,726,-551,-1075,55,487,-884,1141,-364,-455,700,-91,-606,700,0,0,0,0,0,0,0,0,0,0,0,0,0,0,0,5,23297,0,23351,0,0,0,0,3960383,3969750,0,0,0,0,0,1000,1000,4966763
MPCTASK: EXP,0,370,18500,-166,-94,730,-378,-1100,-23,428,-1170,1002,-428,-613,700,-18,-664,700,0,0,0,0,0,0,0,0,0,0,0,0,0,0,0,5,24006,0,24061,0,0,0,0,4081015,4090380,0,0,0,0,0,1000,1000,4966763
MPCTASK: EXP,0,372,18600,-177,-186,729,-146,-1102,-76,310,-1341,805,-445,-753,700,73,-703,700,0,0,0,0,0,0,0,0,0,0,0,0,0,0,0,5,23742,0,23798,0,0,0,0,4036095,4045792,0,0,0,0,0,1000,1000,4966763
MPCTASK: EXP,0,374,18699,-164,-281,718,112,-1089,-121,136,-1415,645,-413,-871,700,172,-730,700,0,0,0,0,0,0,0,0,0,0,0,0,0,0,0,5,22320,0,22376,0,0,0,0,3794219,3803979,0,0,0,0,0,1000,1000,4966763
MPCTASK: EXP,0,376,18801,-132,-362,704,363,-1032,-123,-131,-1285,593,-335,-966,700,252,-720,700,0,0,0,0,0,0,0,0,0,0,0,0,0,0,0,5,22984,0,23038,0,0,0,0,3907087,3916454,0,0,0,0,0,1000,1000,4966763
MPCTASK: EXP,0,378,18898,-65,-441,686,598,-932,-117,-437,-978,593,-219,-1034,700,326,-693,700,0,0,0,0,0,0,0,0,0,0,0,0,0,0,0,5,21024,0,21079,0,0,0,0,3573991,3583467,0,0,0,0,0,1000,1000,4966763
MPCTASK: EXP,0,380,19000,1,-502,675,732,-775,-56,-694,-526,574,-75,-1075,700,354,-636,700,0,0,0,0,0,0,0,0,0,0,0,0,0,0,0,5,22537,0,22598,0,0,0,0,3831168,3841675,0,0,0,0,0,1000,1000,4966763
MPCTASK: EXP,0,382,19100,76,-546,672,774,-583,10,-916,-73,482,80,-1086,700,353,-557,700,0,0,0,0,0,0,0,0,0,0,0,0,0,0,0,5,22275,0,22328,0,0,0,0,3786527,3795892,0,0,0,0,0,1000,1000,4966763
MPCTASK: EXP,0,384,19197,139,-568,678,721,-376,48,-996,330,320,234,-1068,700,313,-464,700,0,0,0,0,0,0,0,0,0,0,0,0,0,0,0,5,19962,0,20016,0,0,0,0,3393443,3402811,0,0,0,0,0,1000,1000,4966763
MPCTASK: EXP,0,386,19298,192,-575,690,610,-178,75,-980,659,118,370,-1021,700,253,-366,700,0,0,0,0,0,0,0,0,0,0,0,0,0,0,0,5,20990,0,21043,0,0,0,0,3568059,3577264,0,0,0,0,0,1000,1000,4966763
MPCTASK: EXP,0,388,19401,233,-569,701,464,4,60,-938,893,-93,476,-946,700,181,-263,700,0,0,0,0,0,0,0,0,0,0,0,0,0,0,0,5,24086,0,24140,0,0,0,0,4094483,4103846,0,0,0,0,0,1000,1000,4966763
MPCTASK: EXP,0,390,19501,256,-546,713,281,184,35,-909,1106,-282,540,-845,700,96,-147,700,0,0,0,0,0,0,0,0,0,0,0,0,0,0,0,5,22628,0,22688,0,0,0,0,3846579,3856932,0,0,0,0,0,1000,1000,4966763
MPCTASK: EXP,0,392,19604,260,-509,716,79,361,-17,-933,1237,-412,557,-721,700,8,-25,700,0,0,0,0,0,0,0,0,0,0,0,0,0,0,0,5,25171,0,25225,0,0,0,0,4278976,4288342,0,0,0,0,0,1000,1000,4966763
MPCTASK: EXP,0,394,19700,245,-454,710,-136,552,-56,-918,1246,-497,525,-577,700,-76,108,700,0,0,0,0,0,0,0,0,0,0,0,0,0,0,0,5,21468,0,21522,0,0,0,0,3649576,3658938,0,0,0,0,0,1000,1000,4966763
MPCTASK: EXP,0,396,19799,208,-398,698,-350,722,-74,-887,1118,-558,447,-416,700,-152,230,700,0,0,0,0,0,0,0,0,0,0,0,0,0,0,0,5,21048,0,21110,0,0,0,0,3578092,3588756,0,0,0,0,0,1000,1000,4966763
MPCTASK: EXP,0,398,19900,157,-328,688,-522,883,-47,-845,896,-596,330,-242,700,-206,352,700,0,0,0,0,0,0,0,0,0,0,0,0,0,0,0,5,21639,0,21699,0,0,0,0,3678544,3688901,0,0,0,0,0,1000,1000,4966763
MPCTASK: EXP,0,400,20001,90,-240,689,-652,1026,40,-635,496,-616,187,-59,700,-235,465,700,0,0,0,0,0,0,0,0,0,0,0,0,0,0,0,5,22131,0,22185,0,0,0,0,3762239,3771607,0,0,0,0,0,1000,1000,4966763
MPCTASK: EXP,0,402,20100,20,-156,694,-698,1087,68,-388,82,-618,31,127,700,-234,544,700,0,0,0,0,0,0,0,0,0,0,0,0,0,0,0,5,22308,0,22362,0,0,0,0,3792147,3801514,0,0,0,0,0,1000,1000,4966763
MPCTASK: EXP,0,404,20204,-33,-75,705,-653,1092,72,-230,-303,-584,-122,313,700,-191,605,700,0,0,0,0,0,0,0,0,0,0,0,0,0,0,0,5,25813,0,25875,0,0,0,0,4388211,4398845,0,0,0,0,0,1000,1000,4966763
MPCTASK: EXP,0,406,20300,-92,15,718,-573,1089,51,-192,-629,-528,-259,494,700,-142,670,700,0,0,0,0,0,0,0,0,0,0,0,0,0,0,0,5,21491,0,21727,0,0,0,0,3653333,3693652,0,0,0,0,0,1000,1000,4966763
MPCTASK: EXP,0,408,20399,-122,94,728,-421,1064,18,-172,-908,-448,-364,665,700,-59,714,700,0,0,0,0,0,0,0,0,0,0,0,0,0,0,0,5,21118,0,21173,0,0,0,0,3589907,3599454,0,0,0,0,0,1000,1000,4966763
MPCTASK: EXP,0,410,20500,-143,184,727,-243,1057,-53,-187,-1062,-378,-428,823,700,24,765,700,0,0,0,0,0,0,0,0,0,0,0,0,0,0,0,5,22001,0,22054,0,0,0,0,3740003,3749208,0,0,0,0,0,1000,1000,4966763
MPCTASK: EXP,0,412,20601,-139,265,723,-30,1041,-79,-179,-1152,-331,-445,963,700,120,797,700,0,0,0,0,0,0,0,0,0,0,0,0,0,0,0,5,22989,0,23051,0,0,0,0,3908079,3918742,0,0,0,0,0,1000,1000,4966763
MPCTASK: EXP,0,414,20701,-113,349,714,196,1026,-92,-77,-1141,-305,-413,1081,700,213,818,700,0,0,0,0,0,0,0,0,0,0,0,0,0,0,0,5,22015,0,22308,0,0,0,0,3742456,3792527,0,0,0,0,0,1000,1000,4966763
MPCTASK: EXP,0,416,20800,-71,416,703,406,967,-80,111,-987,-298,-335,1176,700,289,804,700,0,0,0,0,0,0,0,0,0,0,0,0,0,0,0,5,21287,0,21343,0,0,0,0,3618661,3628439,0,0,0,0,0,1000,1000,4966763
MPCTASK: EXP,0,418,20901,-9,496,696,581,902,-45,325,-713,-348,-218,1244,700,348,790,700,0,0,0,0,0,0,0,0,0,0,0,0,0,0,0,5,23234,0,23288,0,0,0,0,3949607,3958971,0,0,0,0,0,1000,1000,4966763
MPCTASK: EXP,0,420,20999,41,561,696,660,808,-3,549,-435,-436,-75,1285,700,361,753,700,0,0,0,0,0,0,0,0,0,0,0,0,0,0,0,5,20901,0,20960,0,0,0,0,3553147,3563235,0,0,0,0,0,1000,1000,4966763
MPCTASK: EXP,0,422,21103,115,609,700,702,627,24,838,-125,-564,80,1296,700,364,675,700,0,0,0,0,0,0,0,0,0,0,0,0,0,0,0,5,24425,0,24642,0,0,0,0,4152121,4189146,0,0,0,0,0,1000,1000,4966763
MPCTASK: EXP,0,424,21199,174,653,706,663,456,22,1015,221,-681,234,1278,700,326,600,700,0,0,0,0,0,0,0,0,0,0,0,0,0,0,0,5,20188,0,20242,0,0,0,0,3431872,3441235,0,0,0,0,0,1000,1000,4966763
MPCTASK: EXP,0,426,21304,240,663,711,585,244,4,1176,526,-760,370,1231,700,284,492,700,0,0,0,0,0,0,0,0,0,0,0,0,0,0,0,5,25875,0,25928,0,0,0,0,4398559,4407764,0,0,0,0,0,1000,1000,4966763
MPCTASK: EXP,0,428,21400,287,688,712,462,90,-18,1227,806,-779,475,1157,700,220,414,700,0,0,0,0,0,0,0,0,0,0,0,0,0,0,0,5,21842,0,21898,0,0,0,0,3713059,3722712,0,0,0,0,0,1000,1000,4966763
MPCTASK: EXP,0,430,21505,333,681,709,266,-133,-51,1353,1084,-715,539,1057,700,144,292,700,0,0,0,0,0,0,0,0,0,0,0,0,0,0,0,5,24965,0,25398,0,0,0,0,4243851,4317775,0,0,0,0,0,1000,1000,4966763
MPCTASK: EXP,0,432,21601,350,635,704,44,-376,-71,1311,1249,-591,556,933,700,60,150,700,0,0,0,0,0,0,0,0,0,0,0,0,0,0,0,5,21759,0,21813,0,0,0,0,3698959,3708326,0,0,0,0,0,1000,1000,4966763
MPCTASK: EXP,0,434,21704,338,545,688,-207,-638,-108,1105,1290,-389,523,789,700,-30,-17,700,0,0,0,0,0,0,0,0,0,0,0,0,0,0,0,5,24772,0,24826,0,0,0,0,4211131,4220494,0,0,0,0,0,1000,1000,4966763
MPCTASK: EXP,0,436,21803,292,474,674,-448,-804,-87,805,1175,-100,445,628,700,-116,-135,700,0,0,0,0,0,0,0,0,0,0,0,0,0,0,0,5,24351,0,24405,0,0,0,0,4139607,4148977,0,0,0,0,0,1000,1000,4966763
MPCTASK: EXP,0,438,21905,235,389,667,-645,-930,-16,500,861,264,328,454,700,-173,-249,700,0,0,0,0,0,0,0,0,0,0,0,0,0,0,0,5,24367,0,24425,0,0,0,0,4142199,4152357,0,0,0,0,0,1000,1000,4966763
MPCTASK: EXP,0,440,22005,154,269,665,-786,-1045,31,279,505,584,186,271,700,-218,-378,700,0,0,0,0,0,0,0,0,0,0,0,0,0,0,0,5,24906,0,24960,0,0,0,0,4233999,4243204,0,0,0,0,0,1000,1000,4966763
MPCTASK: EXP,0,442,22104,52,157,670,-860,-1084,83,55,-1,828,31,82,700,-243,-475,700,0,0,0,0,0,0,0,0,0,0,0,0,0,0,0,5,23782,0,23835,0,0,0,0,4042863,4052068,0,0,0,0,0,1000,1000,4966763
MPCTASK: EXP,0,444,22205,-28,74,684,-814,-1052,120,119,-438,996,-120,-105,700,-218,-535,700,0,0,0,0,0,0,0,0,0,0,0,0,0,0,0,5,23791,0,23848,0,0,0,0,4044332,4054130,0,0,0,0,0,1000,1000,4966763
MPCTASK: EXP,0,446,22303,-109,-10,707,-690,-1016,115,251,-838,1060,-253,-290,700,-177,-588,700,0,0,0,0,0,0,0,0,0,0,0,0,0,0,0,5,19680,0,20023,0,0,0,0,3345507,3403927,0,0,0,0,0,1000,1000,4966763
MPCTASK: EXP,0,448,22408,-157,-80,723,-518,-991,50,387,-1086,994,-355,-466,700,-113,-620,700,0,0,0,0,0,0,0,0,0,0,0,0,0,0,0,5,25061,0,25416,0,0,0,0,4260415,4320820,0,0,0,0,0,1000,1000,4966763
MPCTASK: EXP,0,450,22504,-197,-156,730,-328,-989,-28,399,-1291,856,-415,-628,700,-54,-643,700,0,0,0,0,0,0,0,0,0,0,0,0,0,0,0,5,20673,0,20733,0,0,0,0,3514351,3524732,0,0,0,0,0,1000,1000,4966763
MPCTASK: EXP,0,452,22608,-206,-223,724,-111,-983,-98,287,-1359,723,-429,-771,700,12,-637,700,0,0,0,0,0,0,0,0,0,0,0,0,0,0,0,5,24475,0,24817,0,0,0,0,4160679,4218888,0,0,0,0,0,1000,1000,4966763
MPCTASK: EXP,0,454,22705,-198,-303,711,131,-959,-119,8,-1265,618,-397,-891,700,70,-618,700,0,0,0,0,0,0,0,0,0,0,0,0,0,0,0,5,20733,0,21353,0,0,0,0,3524517,3630103,0,0,0,0,0,1000,1000,4966763
MPCTASK: EXP,0,456,22807,-162,-376,697,365,-860,-92,-388,-981,572,-322,-982,699,121,-563,699,0,0,0,0,0,0,0,0,0,0,0,0,0,0,0,5,24121,0,24174,0,0,0,0,4100467,4109670,0,0,0,0,0,1000,1000,4966763
MPCTASK: EXP,0,458,22903,-114,-422,689,506,-722,-67,-694,-661,530,-215,-1040,699,142,-485,699,0,0,0,0,0,0,0,0,0,0,0,0,0,0,0,5,20012,0,20065,0,0,0,0,3401951,3411156,0,0,0,0,0,1000,1000,4966763
MPCTASK: EXP,0,460,23007,-60,-453,681,575,-512,-38,-998,-226,464,-89,-1059,699,143,-386,699,0,0,0,0,0,0,0,0,0,0,0,0,0,0,0,5,23453,0,23508,0,0,0,0,3986927,3996424,0,0,0,0,0,1000,1000,4966763
MPCTASK: EXP,0,462,23104,3,-472,683,573,-289,11,-1138,205,371,38,-1038,699,137,-302,699,0,0,0,0,0,0,0,0,0,0,0,0,0,0,0,5,21034,0,21087,0,0,0,0,3575635,3584840,0,0,0,0,0,1000,1000,4966763
MPCTASK: EXP,0,464,23206,48,-469,691,486,-60,46,-1136,525,208,153,-975,699,129,-244,699,0,0,0,0,0,0,0,0,0,0,0,0,0,0,0,5,23022,0,23358,0,0,0,0,3913683,3970988,0,0,0,0,0,1000,1000,4966763
MPCTASK: EXP,0,466,23306,78,-442,700,361,151,44,-965,698,13,241,-871,699,103,-176,699,0,0,0,0,0,0,0,0,0,0,0,0,0,0,0,5,22313,0,22366,0,0,0,0,3793255,3802391,0,0,0,0,0,1000,1000,4966763
MPCTASK: EXP,0,468,23407,88,-405,702,217,313,1,-653,671,-187,291,-731,700,81,-135,700,0,0,0,0,0,0,0,0,0,0,0,0,0,0,0,5,23664,0,24094,0,0,0,0,4022895,4096100,0,0,0,0,0,1000,1000,4966763
MPCTASK: EXP,0,470,23507,88,-356,698,91,424,-20,-344,541,-343,300,-565,700,70,-105,700,0,0,0,0,0,0,0,0,0,0,0,0,0,0,0,5,23110,0,23443,0,0,0,0,3928471,3985534,0,0,0,0,0,1000,1000,4966763
MPCTASK: EXP,0,472,23607,77,-306,696,-7,477,-3,-78,325,-439,271,-386,700,65,-89,700,0,0,0,0,0,0,0,0,0,0,0,0,0,0,0,5,24318,0,24380,0,0,0,0,4134027,4144557,0,0,0,0,0,1000,1000,4966763
MPCTASK: EXP,0,474,23706,57,-260,695,-65,469,16,179,41,-464,216,-213,700,60,-77,700,0,0,0,0,0,0,0,0,0,0,0,0,0,0,0,5,21290,0,22200,0,0,0,0,3619109,3773947,0,0,0,0,0,1000,1000,4966763
MPCTASK: EXP,0,476,23807,41,-223,698,-70,410,34,314,-185,-446,151,-65,700,53,-60,700,0,0,0,0,0,0,0,0,0,0,0,0,0,0,0,5,23684,0,23736,0,0,0,0,4026126,4035076,0,0,0,0,0,1000,1000,4966763
MPCTASK: EXP,0,478,23905,33,-189,704,-38,346,36,329,-273,-409,95,39,700,44,-29,700,0,0,0,0,0,0,0,0,0,0,0,0,0,0,0,5,22493,0,22628,0,0,0,0,3823847,3846874,0,0,0,0,0,1000,1000,4966763
MPCTASK: EXP,0,480,24006,29,-160,707,-1,288,16,238,-227,-377,63,93,700,34,-4,700,0,0,0,0,0,0,0,0,0,0,0,0,0,0,0,5,22655,0,22712,0,0,0,0,3851368,3861205,0,0,0,0,0,1000,1000,4966763
MPCTASK: EXP,0,482,24104,34,-154,706,33,227,-8,87,-122,-346,55,105,700,53,-26,700,0,0,0,0,0,0,0,0,0,0,0,0,0,0,0,5,20618,0,20675,0,0,0,0,3504975,3514886,0,0,0,0,0,1000,1000,4966763
MPCTASK: TRAJ DONE: idx=482, max=482; requesting landing
MPCTASK: LANDING: start z=0.70, hold=(0.04,-0.15)
MPCTASK: TIMING SUMMARY: max_step_cycles=4966763 deadline_cycles=8400000 overruns=0
MPCTASK: LANDING COMPLETE: t=38692 ms, x=0.113, y=-0.147, z=-0.019, vz=-0.097; motors off
