s up and running!
SYS: Build 2:de14ff9f08ae (2025.09.1 +2) MODIFIED
SYS: I am 0x373930393434471500370039 and I have 1024KB of flash!
CFGBLK: v1, verification [OK]
DECK_DISCOVERY: Backend found: onewire
DECK_DISCOVERY: Backend found: deckctrl
DECK_CORE: 1 deck(s) found
DECK_CORE: Calling INIT on driver bcFlow2 for deck 0
ZR2: Z-down sensor [OK]
PMW: Motion chip id: 0x49:0xB6
IMU: BMI088: Using I2C interface.
IMU: BMI088 Gyro connection [OK].
IMU: BMI088 Accel connection [OK]
IMU: BMP390 I2C connection [OK]
ESTIMATOR: Using Kalman (2) estimator
CONTROLLER: Using PID (1) controller
MTR-DRV: Using brushless motor driver
SYS: About to run tests in system.c.
SYS: NRF51 version: 2026.04 (C21B)
EEPROM: I2C connection [OK].
STORAGE: Storage check [OK].
IMU: BMI088 gyro self-test [OK]
DECK_CORE: Deck 0 test [OK].
SYS: Self test passed!
STAB: Wait for sensor calibration...
SYS: Free heap: 15048 bytes
MPCTASK: Waiting for activation ...
STAB: Starting stabilizer loop
STAB: WARNING: stabilizer loop rate is off (1004)
SUP: Ready to fly
MPCTASK: Benchmark mode 0, maneuver 4, max_iter 5, task_pri 0
MPCTASK: Reference altitude: 0.70 m; barrier skip when z>0.75 and vz>-0.20
MPCTASK: OOT takeoff: GATED cfclient trigger>=0.15m ramp=0.15m/s settle=+/-0.05m,vz<0.10m/s,1000ms timeout=12000ms
MPCTASK: Common baseline: mpc_hz=20 model_hz=20 rho=5 base_w=0 base_qz=1 Qz=100 R=4 bridge=x10 guards=z[ref,ref+0.20] xy=free cap=0.05
MPCTASK: MPC->PID: xyz=x10, z_guard=[ref,ref+0.20], yaw=raw_rz, output_hold=200ms, safety_hold=500ms
MPCTASK: Reference origin: xy=post_takeoff_settle z=0.70 m
MPCTASK: Fixed baseline: w=0 qz=1 adaptive_cache=off
MPCTASK: EXP every=2: m,s,tms,p3[mm],v3[mmps],att3[cdeg],ref3[mm],cmd3[mm],h/raw/grad/mar/thr[milli],act/ac/bind,wi/qi/cache/noa,pa/pf/du[milli],it,mpc/eval/total[us],bar/tanh/rl/cache/solve/step[cycles],overruns,post_active/post_infeasible_totals,wreq/w/qzreq/qz[milli],max_step_cycles
MPCTASK: Figure8: source=traj_fig8_12.h source_hz=100 samples=1205 laps=2 duration=24.07 s origin=post_takeoff_settle z_offset=0.09 m
CONTROLLER: Using OutOfTree (6) controller
MPCTASK: Trajectory origin: x=-0.03 y=-0.08
MPCTASK: OOT activated at z=0.01
MPCTASK: TAKEOFF START: trigger_z=0.15 start_z=0.01 target=0.70 hold=(-0.04,-0.11) ramp=0.15m/s
MPCTASK: OOT loop 1 done
MPCTASK: MPC task loop 1
MPCTASK: x0: poMPCTASK: OOT loop 2 done
MPCTASK: OOT loop 3 done
s=(-0.04,-0.11,0.01) vel=(0.0,-0.02,-0.0)
MPCTASK: ref: (-0.04,-0.11,0.01)
MPCTASK: MPC solve start
MPCTASK: MPC solve done, iter=5
MPCTASK: MPC time=27850 us
MPCTASK: MPC stack free=1143 words
MPCTASK: setpoint: x=-0.04 y=-0.11 z=0.07 preview_z=0.07
MPCTASK: MPC task loop 2
MPCTASK: MPC task loop 3
MPCTASK: TAKEOFF SETTLING: z=0.74 vz=0.09; hold for 1000ms
MPCTASK: TAKEOFF SETTLING: z=0.74 vz=0.08; hold for 1000ms
MPCTASK: TAKEOFF SETTLING: z=0.74 vz=-0.03; hold for 1000ms
MPCTASK: TAKEOFF SETTLING: z=0.74 vz=-0.04; hold for 1000ms
MPCTASK: TAKEOFF SETTLING: z=0.74 vz=-0.04; hold for 1000ms
MPCTASK: TAKEOFF COMPLETE: t=9778ms z=0.73 vz=-0.02; trajectory queued origin=(0.0,-0.08)
MPCTASK: TRAJ START: z=0.73 origin=(0.0,-0.08) EXP clock reset; Z metric begins at t+3s
MPCTASK: EXP,0,2,76,-11,-86,731,-118,0,-32,342,357,46,0,-82,700,-116,217,700,0,0,0,0,0,0,0,0,0,0,0,0,0,0,0,5,26046,0,26099,0,0,0,0,4427689,4436979,0,0,0,0,0,1000,1000,4436979
MPCTASK: EXP,0,4,171,-34,-101,724,-170,-25,-39,-535,150,17,-10,-63,700,-92,274,700,0,0,0,0,0,0,0,0,0,0,0,0,0,0,0,5,20623,0,20676,0,0,0,0,3505841,3514970,0,0,0,0,0,1000,1000,4436979
MPCTASK: EXP,0,6,273,-31,-110,724,-167,123,-6,-1348,131,-33,-44,3,700,-35,350,700,0,0,0,0,0,0,0,0,0,0,0,0,0,0,0,5,22994,0,23055,0,0,0,0,3908599,3919468,0,0,0,0,0,1000,1000,4593089
MPCTASK: EXP,0,8,377,-61,-91,728,-187,376,5,-1606,-125,-155,-97,122,700,3,434,700,0,0,0,0,0,0,0,0,0,0,0,0,0,0,0,5,24854,0,24910,0,0,0,0,4225125,4234676,0,0,0,0,0,1000,1000,4593089
MPCTASK: EXP,0,10,476,-84,-56,729,-140,620,-18,-1494,-459,-264,-152,281,700,59,497,700,0,0,0,0,0,0,0,0,0,0,0,0,0,0,0,5,24012,0,24067,0,0,0,0,4081997,4091476,0,0,0,0,0,1000,1000,4593089
MPCTASK: EXP,0,12,577,-94,0,724,-26,829,-35,-1182,-771,-312,-190,461,700,124,547,700,0,0,0,0,0,0,0,0,0,0,0,0,0,0,0,5,24999,0,25053,0,0,0,0,4249657,4258948,0,0,0,0,0,1000,1000,4593089
MPCTASK: EXP,0,14,671,-93,90,716,127,997,-46,-770,-921,-303,-198,640,700,186,599,700,0,0,0,0,0,0,0,0,0,0,0,0,0,0,0,5,19048,0,19104,0,0,0,0,3238085,3247809,0,0,0,0,0,1000,1000,4593089
MPCTASK: EXP,0,16,777,-46,246,705,347,1167,-34,-226,-948,-244,-167,800,700,273,684,700,0,0,0,0,0,0,0,0,0,0,0,0,0,0,0,5,23922,0,23976,0,0,0,0,4066620,4075913,0,0,0,0,0,1000,1000,4593089
MPCTASK: EXP,0,18,877,-15,332,705,485,1099,18,477,-723,-161,-98,929,699,296,645,699,0,0,0,0,0,0,0,0,0,0,0,0,0,0,0,5,25016,0,25070,0,0,0,0,4252749,4261878,0,0,0,0,0,1000,1000,4593089
MPCTASK: EXP,0,20,979,67,408,713,629,939,39,905,-436,-29,2,1018,699,343,585,699,0,0,0,0,0,0,0,0,0,0,0,0,0,0,0,5,26998,0,27054,0,0,0,0,4589517,4599256,0,0,0,0,0,1000,1000,4599256
MPCTASK: EXP,0,22,1073,122,482,724,645,751,28,1132,98,11,121,1064,699,309,528,699,0,0,0,0,0,0,0,0,0,0,0,0,0,0,0,5,21136,0,21232,0,0,0,0,3592889,3609442,0,0,0,0,0,1000,1000,4599256
MPCTASK: EXP,0,24,1178,218,515,729,640,509,-11,1306,618,53,243,1066,699,296,426,699,0,0,0,0,0,0,0,0,0,0,0,0,0,0,0,5,24919,0,24975,0,0,0,0,4236057,4245874,0,0,0,0,0,1000,1000,4599256
MPCTASK: EXP,0,26,1272,242,541,728,461,267,-49,1313,992,112,353,1027,699,197,326,699,0,0,0,0,0,0,0,0,0,0,0,0,0,0,0,5,19588,0,19640,0,0,0,0,3329735,3338978,0,0,0,0,0,1000,1000,4599256
MPCTASK: EXP,0,28,1380,243,501,717,242,-50,-85,1278,1055,171,436,950,700,91,166,700,0,0,0,0,0,0,0,0,0,0,0,0,0,0,0,5,27571,0,27625,0,0,0,0,4686982,4696281,0,0,0,0,0,1000,1000,4696281
MPCTASK: EXP,0,30,1473,236,485,704,23,-288,-77,1180,1121,172,480,842,700,-14,48,700,0,0,0,0,0,0,0,0,0,0,0,0,0,0,0,5,21643,0,21697,0,0,0,0,3679266,3688565,0,0,0,0,0,1000,1000,4696281
MPCTASK: EXP,0,32,1580,168,456,692,-247,-503,-54,1062,1039,229,479,708,700,-153,-69,700,0,0,0,0,0,0,0,0,0,0,0,0,0,0,0,5,27203,0,27257,0,0,0,0,4624569,4633868,0,0,0,0,0,1000,1000,4696281
MPCTASK: EXP,0,34,1677,115,403,690,-433,-700,16,1030,794,234,432,552,700,-238,-199,700,0,0,0,0,0,0,0,0,0,0,0,0,0,0,0,5,25101,0,25155,0,0,0,0,4267125,4276428,0,0,0,0,0,1000,1000,4696281
MPCTASK: EXP,0,36,1779,37,319,692,-582,-894,52,895,532,225,341,380,700,-312,-338,700,0,0,0,0,0,0,0,0,0,0,0,0,0,0,0,5,26694,0,26750,0,0,0,0,4537869,4547557,0,0,0,0,0,1000,1000,4696281
MPCTASK: EXP,0,38,1876,-31,238,698,-649,-1018,65,667,189,190,216,197,700,-341,-445,700,0,0,0,0,0,0,0,0,0,0,0,0,0,0,0,5,22866,0,23204,0,0,0,0,3887161,3944771,0,0,0,0,0,1000,1000,4696281
MPCTASK: EXP,0,40,1979,-110,125,702,-671,-1125,61,402,-112,106,69,9,700,-351,-560,700,0,0,0,0,0,0,0,0,0,0,0,0,0,0,0,5,25235,0,25289,0,0,0,0,4289897,4299204,0,0,0,0,0,1000,1000,4696281
MPCTASK: EXP,0,42,2075,-174,30,713,-628,-1143,81,119,-351,12,-85,-180,700,-331,-631,700,0,0,0,0,0,0,0,0,0,0,0,0,0,0,0,5,21967,0,22022,0,0,0,0,3734401,3743946,0,0,0,0,0,1000,1000,4696281
MPCTASK: EXP,0,44,2176,-224,-57,730,-544,-1106,92,-69,-549,-97,-232,-366,700,-282,-684,700,0,0,0,0,0,0,0,0,0,0,0,0,0,0,0,5,23069,0,23123,0,0,0,0,3921645,3930959,0,0,0,0,0,1000,1000,4696281
MPCTASK: EXP,0,46,2277,-270,-161,740,-436,-1084,44,-113,-763,-169,-357,-544,700,-222,-751,700,0,0,0,0,0,0,0,0,0,0,0,0,0,0,0,5,22626,0,22871,0,0,0,0,3846340,3888122,0,0,0,0,0,1000,1000,4696281
MPCTASK: EXP,0,48,2381,-299,-241,749,-294,-1029,3,-93,-949,-203,-448,-711,700,-148,-788,700,0,0,0,0,0,0,0,0,0,0,0,0,0,0,0,5,25534,0,25586,0,0,0,0,4340631,4349781,0,0,0,0,0,1000,1000,4696281
MPCTASK: EXP,0,50,2476,-305,-322,746,-104,-992,-58,-74,-1150,-216,-494,-861,700,-52,-821,700,0,0,0,0,0,0,0,0,0,0,0,0,0,0,0,5,21303,0,21356,0,0,0,0,3621447,3630592,0,0,0,0,0,1000,1000,4696281
MPCTASK: EXP,0,52,2580,-296,-399,738,110,-954,-83,-112,-1224,-242,-491,-993,700,41,-839,700,0,0,0,0,0,0,0,0,0,0,0,0,0,0,0,5,24017,0,24371,0,0,0,0,4082857,4143064,0,0,0,0,0,1000,1000,4696281
MPCTASK: EXP,0,54,2678,-268,-463,729,334,-896,-80,-187,-1199,-297,-441,-1102,700,130,-834,700,0,0,0,0,0,0,0,0,0,0,0,0,0,0,0,5,22124,0,22177,0,0,0,0,3761005,3770158,0,0,0,0,0,1000,1000,4696281
MPCTASK: EXP,0,56,2782,-212,-533,718,557,-838,-77,-320,-1056,-355,-346,-1186,700,213,-824,700,0,0,0,0,0,0,0,0,0,0,0,0,0,0,0,5,26762,0,27198,0,0,0,0,4549358,4623688,0,0,0,0,0,1000,1000,4696281
MPCTASK: EXP,0,58,2882,-145,-581,708,735,-736,-49,-462,-735,-439,-218,-1242,700,268,-780,700,0,0,0,0,0,0,0,0,0,0,0,0,0,0,0,5,26532,0,26585,0,0,0,0,4510366,4519516,0,0,0,0,0,1000,1000,4696281
MPCTASK: EXP,0,60,2980,-71,-621,705,836,-609,2,-572,-313,-532,-68,-1271,700,290,-721,700,0,0,0,0,0,0,0,0,0,0,0,0,0,0,0,5,24315,0,24369,0,0,0,0,4133441,4142902,0,0,0,0,0,1000,1000,4696281
MPCTASK: EXP,0,62,3078,17,-652,708,874,-469,40,-651,111,-594,88,-1270,700,295,-651,700,0,0,0,0,0,0,0,0,0,0,0,0,0,0,0,5,22164,0,22220,0,0,0,0,3767753,3777361,0,0,0,0,0,1000,1000,4696281
MPCTASK: EXP,0,64,3184,85,-669,719,809,-315,65,-741,566,-614,237,-1240,700,251,-563,700,0,0,0,0,0,0,0,0,0,0,0,0,0,0,0,5,28135,0,28566,0,0,0,0,4782942,4856251,0,0,0,0,0,1000,1000,4856251
MPCTASK: EXP,0,66,3279,152,-671,732,688,-140,45,-862,990,-577,362,-1182,700,191,-456,700,0,0,0,0,0,0,0,0,0,0,0,0,0,0,0,5,23029,0,23706,0,0,0,0,3914864,4030158,0,0,0,0,0,1000,1000,4856251
MPCTASK: EXP,0,68,3386,204,-663,736,508,45,-10,-971,1327,-500,452,-1097,700,114,-343,700,0,0,0,0,0,0,0,0,0,0,0,0,0,0,0,5,29266,0,30119,0,0,0,0,4974831,5120278,0,0,0,0,0,1000,1000,5120278
MPCTASK: EXP,0,70,3478,240,-636,735,283,250,-53,-1037,1512,-393,498,-986,700,33,-217,700,0,0,0,0,0,0,0,0,0,0,0,0,0,0,0,5,22584,0,22639,0,0,0,0,3839237,3848678,0,0,0,0,0,1000,1000,5120278
MPCTASK: EXP,0,72,3577,248,-594,724,20,460,-104,-1076,1556,-268,495,-854,700,-59,-84,700,0,0,0,0,0,0,0,0,0,0,0,0,0,0,0,5,21825,0,22240,0,0,0,0,3710193,3780980,0,0,0,0,0,1000,1000,5120278
MPCTASK: EXP,0,74,3678,232,-533,713,-247,675,-95,-1064,1425,-149,444,-702,700,-143,56,700,0,0,0,0,0,0,0,0,0,0,0,0,0,0,0,5,22335,0,22391,0,0,0,0,3796805,3806501,0,0,0,0,0,1000,1000,5120278
MPCTASK: EXP,0,76,3782,183,-452,703,-497,876,-62,-948,1142,-67,350,-535,700,-222,195,700,0,0,0,0,0,0,0,0,0,0,0,0,0,0,0,5,26695,0,26748,0,0,0,0,4538153,4547301,0,0,0,0,0,1000,1000,5120278
MPCTASK: EXP,0,78,3877,118,-370,696,-680,1017,-11,-665,733,-15,221,-357,700,-272,301,700,0,0,0,0,0,0,0,0,0,0,0,0,0,0,0,5,21403,0,21458,0,0,0,0,3638233,3647860,0,0,0,0,0,1000,1000,5120278
MPCTASK: EXP,0,80,3982,54,-279,696,-764,1087,40,-315,292,47,71,-173,700,-281,388,700,0,0,0,0,0,0,0,0,0,0,0,0,0,0,0,5,26696,0,26750,0,0,0,0,4538385,4547537,0,0,0,0,0,1000,1000,5120278
MPCTASK: EXP,0,82,4075,-3,-236,703,-750,1027,66,-87,-88,65,-86,13,700,-252,407,700,0,0,0,0,0,0,0,0,0,0,0,0,0,0,0,5,20071,0,20125,0,0,0,0,3411941,3421254,0,0,0,0,0,1000,1000,5120278
MPCTASK: EXP,0,84,4180,-46,-124,714,-674,1046,74,-60,-405,151,-234,198,700,-196,500,700,0,0,0,0,0,0,0,0,0,0,0,0,0,0,0,5,24211,0,24594,0,0,0,0,4115929,4181118,0,0,0,0,0,1000,1000,5120278
MPCTASK: EXP,0,86,4277,-91,-31,726,-567,1035,58,-51,-661,170,-360,376,700,-134,565,700,0,0,0,0,0,0,0,0,0,0,0,0,0,0,0,5,21297,0,21350,0,0,0,0,3620370,3629522,0,0,0,0,0,1000,1000,5120278
MPCTASK: EXP,0,88,4381,-123,66,736,-421,1039,20,-84,-901,165,-450,542,700,-55,630,700,0,0,0,0,0,0,0,0,0,0,0,0,0,0,0,5,26240,0,26294,0,0,0,0,4460849,4470002,0,0,0,0,0,1000,1000,5120278
MPCTASK: EXP,0,90,4474,-132,125,735,-225,992,-42,-70,-1093,145,-496,693,700,37,642,700,0,0,0,0,0,0,0,0,0,0,0,0,0,0,0,5,19057,0,19110,0,0,0,0,3239545,3248862,0,0,0,0,0,1000,1000,5120278
MPCTASK: EXP,0,92,4583,-121,153,730,-4,905,-64,-81,-1162,160,-493,825,700,133,616,700,0,0,0,0,0,0,0,0,0,0,0,0,0,0,0,5,26951,0,27013,0,0,0,0,4581566,4592275,0,0,0,0,0,1000,1000,5120278
MPCTASK: EXP,0,94,4676,-136,268,721,155,954,-85,-28,-1029,123,-442,934,700,167,674,700,0,0,0,0,0,0,0,0,0,0,0,0,0,0,0,5,20256,0,20690,0,0,0,0,3443406,3517410,0,0,0,0,0,1000,1000,5120278
MPCTASK: EXP,0,96,4782,-99,349,710,353,923,-74,263,-989,154,-347,1019,700,239,669,700,0,0,0,0,0,0,0,0,0,0,0,0,0,0,0,5,26903,0,27383,0,0,0,0,4573473,4655222,0,0,0,0,0,1000,1000,5120278
MPCTASK: EXP,0,98,4878,-42,414,701,535,825,-44,500,-739,190,-218,1076,700,291,634,700,0,0,0,0,0,0,0,0,0,0,0,0,0,0,0,5,22146,0,22597,0,0,0,0,3764605,3841470,0,0,0,0,0,1000,1000,5120278
MPCTASK: EXP,0,100,4981,52,449,697,694,657,-16,782,-368,220,-68,1105,700,346,549,700,0,0,0,0,0,0,0,0,0,0,0,0,0,0,0,5,24739,0,24801,0,0,0,0,4205613,4216282,0,0,0,0,0,1000,1000,5120278
MPCTASK: EXP,0,102,5079,115,478,701,718,472,14,850,72,191,88,1104,700,325,469,700,0,0,0,0,0,0,0,0,0,0,0,0,0,0,0,5,22273,0,22415,0,0,0,0,3786281,3810593,0,0,0,0,0,1000,1000,5120278
MPCTASK: EXP,0,104,5183,202,502,707,698,296,23,963,536,119,237,1074,700,307,379,700,0,0,0,0,0,0,0,0,0,0,0,0,0,0,0,5,25812,0,25865,0,0,0,0,4388002,4397151,0,0,0,0,0,1000,1000,5120278
MPCTASK: EXP,0,106,5283,264,480,713,579,65,8,984,920,50,362,1016,700,245,253,700,0,0,0,0,0,0,0,0,0,0,0,0,0,0,0,5,26015,0,26069,0,0,0,0,4422533,4431839,0,0,0,0,0,1000,1000,5120278
MPCTASK: EXP,0,108,5382,314,501,712,396,-61,-28,941,1273,-49,452,931,700,166,184,700,0,0,0,0,0,0,0,0,0,0,0,0,0,0,0,5,24334,0,24396,0,0,0,0,4136694,4147377,0,0,0,0,0,1000,1000,5120278
MPCTASK: EXP,0,110,5483,324,479,711,136,-244,-33,1082,1447,-110,498,820,700,57,61,700,0,0,0,0,0,0,0,0,0,0,0,0,0,0,0,5,24600,0,24654,0,0,0,0,4181929,4191237,0,0,0,0,0,1000,1000,5120278
MPCTASK: EXP,0,112,5583,346,406,703,-92,-493,-62,1166,1384,-176,496,688,700,-8,-107,700,0,0,0,0,0,0,0,0,0,0,0,0,0,0,0,5,24258,0,24311,0,0,0,0,4123770,4133080,0,0,0,0,0,1000,1000,5120278
MPCTASK: EXP,0,114,5679,373,330,696,-274,-707,-58,1062,1312,-216,444,536,700,-47,-252,700,0,0,0,0,0,0,0,0,0,0,0,0,0,0,0,5,20953,0,21011,0,0,0,0,3561937,3571922,0,0,0,0,0,1000,1000,5120278
MPCTASK: EXP,0,116,5783,310,286,687,-547,-831,-42,809,1280,-90,350,369,700,-154,-338,700,0,0,0,0,0,0,0,0,0,0,0,0,0,0,0,5,24632,0,24978,0,0,0,0,4187241,4246280,0,0,0,0,0,1000,1000,5120278
MPCTASK: EXP,0,118,5881,208,256,682,-790,-886,-4,600,882,62,221,191,700,-242,-395,700,0,0,0,0,0,0,0,0,0,0,0,0,0,0,0,5,22261,0,22315,0,0,0,0,3784353,3793664,0,0,0,0,0,1000,1000,5120278
MPCTASK: EXP,0,120,5985,90,156,681,-946,-1012,44,567,297,140,71,7,700,-301,-520,700,0,0,0,0,0,0,0,0,0,0,0,0,0,0,0,5,26647,0,26700,0,0,0,0,4529829,4539090,0,0,0,0,0,1000,1000,5120278
MPCTASK: EXP,0,122,6081,1,40,686,-946,-1115,73,390,-224,143,-86,-179,700,-292,-634,700,0,0,0,0,0,0,0,0,0,0,0,0,0,0,0,5,23275,0,23329,0,0,0,0,3956649,3965959,0,0,0,0,0,1000,1000,5120278
MPCTASK: EXP,0,124,6183,-71,-65,697,-846,-1143,85,115,-664,85,-234,-364,700,-241,-709,700,0,0,0,0,0,0,0,0,0,0,0,0,0,0,0,5,25383,0,25436,0,0,0,0,4314965,4324113,0,0,0,0,0,1000,1000,5120278
MPCTASK: EXP,0,126,6281,-149,-162,717,-718,-1117,109,-45,-950,24,-360,-542,700,-198,-763,700,0,0,0,0,0,0,0,0,0,0,0,0,0,0,0,5,22012,0,22066,0,0,0,0,3741953,3751273,0,0,0,0,0,1000,1000,5120278
MPCTASK: EXP,0,128,6383,-207,-261,733,-543,-1084,68,-116,-1219,-15,-450,-708,700,-130,-814,700,0,0,0,0,0,0,0,0,0,0,0,0,0,0,0,5,24146,0,24318,0,0,0,0,4104654,4134114,0,0,0,0,0,1000,1000,5120278
MPCTASK: EXP,0,130,6481,-245,-347,736,-332,-1033,-25,-154,-1388,-28,-496,-859,700,-54,-843,700,0,0,0,0,0,0,0,0,0,0,0,0,0,0,0,5,22953,0,23006,0,0,0,0,3901887,3911034,0,0,0,0,0,1000,1000,5120278
MPCTASK: EXP,0,132,6583,-254,-433,729,-73,-980,-90,-216,-1510,-58,-493,-991,700,41,-863,700,0,0,0,0,0,0,0,0,0,0,0,0,0,0,0,5,23695,0,23901,0,0,0,0,4028038,4063164,0,0,0,0,0,1000,1000,5120278
MPCTASK: EXP,0,134,6681,-240,-501,717,199,-902,-103,-285,-1442,-140,-442,-1100,700,129,-856,700,0,0,0,0,0,0,0,0,0,0,0,0,0,0,0,5,22124,0,22178,0,0,0,0,3761005,3770317,0,0,0,0,0,1000,1000,5120278
MPCTASK: EXP,0,136,6785,-197,-568,703,463,-820,-92,-390,-1225,-236,-347,-1185,700,209,-840,700,0,0,0,0,0,0,0,0,0,0,0,0,0,0,0,5,26953,0,27009,0,0,0,0,4581921,4591665,0,0,0,0,0,1000,1000,5120278
MPCTASK: EXP,0,138,6880,-138,-618,693,669,-709,-40,-520,-849,-346,-218,-1242,700,263,-796,700,0,0,0,0,0,0,0,0,0,0,0,0,0,0,0,5,22090,0,22143,0,0,0,0,3755206,3764352,0,0,0,0,0,1000,1000,5120278
MPCTASK: EXP,0,140,6984,-66,-664,692,791,-581,16,-645,-404,-428,-68,-1271,700,287,-740,700,0,0,0,0,0,0,0,0,0,0,0,0,0,0,0,5,25081,0,25134,0,0,0,0,4263566,4272877,0,0,0,0,0,1000,1000,5120278
MPCTASK: EXP,0,142,7078,-8,-685,695,805,-417,48,-741,44,-506,88,-1270,700,265,-655,700,0,0,0,0,0,0,0,0,0,0,0,0,0,0,0,5,19724,0,19780,0,0,0,0,3353113,3362808,0,0,0,0,0,1000,1000,5120278
MPCTASK: EXP,0,144,7184,66,-701,708,769,-256,77,-822,474,-516,237,-1241,700,232,-566,700,0,0,0,0,0,0,0,0,0,0,0,0,0,0,0,5,25410,0,25464,0,0,0,0,4319574,4328886,0,0,0,0,0,1000,1000,5120278
MPCTASK: EXP,0,146,7281,125,-700,719,656,-77,46,-943,899,-480,362,-1182,700,168,-457,700,0,0,0,0,0,0,0,0,0,0,0,0,0,0,0,5,22146,0,22669,0,0,0,0,3764761,3853855,0,0,0,0,0,1000,1000,5120278
MPCTASK: EXP,0,148,7383,169,-686,727,481,112,1,-1028,1230,-400,452,-1097,700,87,-339,700,0,0,0,0,0,0,0,0,0,0,0,0,0,0,0,5,24095,0,24287,0,0,0,0,4095961,4128828,0,0,0,0,0,1000,1000,5120278
MPCTASK: EXP,0,150,7480,185,-659,723,245,312,-68,-1101,1433,-307,498,-987,700,-12,-213,700,0,0,0,0,0,0,0,0,0,0,0,0,0,0,0,5,21047,0,21101,0,0,0,0,3577899,3587208,0,0,0,0,0,1000,1000,5120278
MPCTASK: EXP,0,152,7589,186,-605,712,-11,538,-96,-1101,1446,-208,496,-854,700,-105,-71,700,0,0,0,0,0,0,0,0,0,0,0,0,0,0,0,5,30089,0,30142,0,0,0,0,5115026,5124174,0,0,0,0,0,1000,1000,5124174
MPCTASK: EXP,0,154,7681,152,-540,701,-282,746,-80,-1024,1300,-134,444,-702,700,-203,66,700,0,0,0,0,0,0,0,0,0,0,0,0,0,0,0,5,22938,0,22992,0,0,0,0,3899321,3908641,0,0,0,0,0,1000,1000,5124174
MPCTASK: EXP,0,156,7783,116,-479,691,-487,897,-44,-852,982,-72,350,-535,700,-258,174,700,0,0,0,0,0,0,0,0,0,0,0,0,0,0,0,5,24027,0,24080,0,0,0,0,4084457,4093765,0,0,0,0,0,1000,1000,5124174
MPCTASK: EXP,0,158,7877,46,-389,685,-657,1026,4,-586,652,-19,221,-357,700,-313,286,700,0,0,0,0,0,0,0,0,0,0,0,0,0,0,0,5,18957,0,19011,0,0,0,0,3222597,3231907,0,0,0,0,0,1000,1000,5124174
MPCTASK: EXP,0,160,7986,-47,-288,683,-770,1106,47,-286,213,32,71,-173,700,-350,385,700,0,0,0,0,0,0,0,0,0,0,0,0,0,0,0,5,27269,0,27322,0,0,0,0,4635561,4644868,0,0,0,0,0,1000,1000,5124174
MPCTASK: EXP,0,162,8082,-109,-196,692,-750,1103,85,-18,-241,119,-86,13,700,-319,451,700,0,0,0,0,0,0,0,0,0,0,0,0,0,0,0,5,23634,0,23696,0,0,0,0,4017773,4028474,0,0,0,0,0,1000,1000,5124174
MPCTASK: EXP,0,164,8184,-188,-97,705,-689,1078,82,92,-606,161,-234,198,700,-289,520,700,0,0,0,0,0,0,0,0,0,0,0,0,0,0,0,5,24252,0,24306,0,0,0,0,4122801,4132113,0,0,0,0,0,1000,1000,5124174
MPCTASK: EXP,0,166,8285,-252,-25,721,-568,1016,64,38,-939,173,-360,376,700,-232,560,700,0,0,0,0,0,0,0,0,0,0,0,0,0,0,0,5,26042,0,26096,0,0,0,0,4427121,4436432,0,0,0,0,0,1000,1000,5124174
MPCTASK: EXP,0,168,8384,-286,48,728,-377,983,8,-69,-1208,154,-450,542,700,-145,601,700,0,0,0,0,0,0,0,0,0,0,0,0,0,0,0,5,25229,0,25283,0,0,0,0,4288845,4298157,0,0,0,0,0,1000,1000,5124174
MPCTASK: EXP,0,170,8482,-291,129,727,-141,979,-42,-137,-1314,118,-496,693,700,-42,645,700,0,0,0,0,0,0,0,0,0,0,0,0,0,0,0,5,22624,0,22683,0,0,0,0,3845970,3856159,0,0,0,0,0,1000,1000,5124174
MPCTASK: EXP,0,172,8583,-283,202,718,102,965,-83,-69,-1337,68,-493,825,700,55,664,700,0,0,0,0,0,0,0,0,0,0,0,0,0,0,0,5,22411,0,22631,0,0,0,0,3809762,3847341,0,0,0,0,0,1000,1000,5124174
MPCTASK: EXP,0,174,8685,-251,279,709,347,941,-75,87,-1245,41,-441,934,700,145,672,700,0,0,0,0,0,0,0,0,0,0,0,0,0,0,0,5,24192,0,24246,0,0,0,0,4112590,4121897,0,0,0,0,0,1000,1000,5124174
MPCTASK: EXP,0,176,8785,-197,356,698,568,888,-62,287,-1016,24,-347,1019,700,225,665,700,0,0,0,0,0,0,0,0,0,0,0,0,0,0,0,5,25182,0,25237,0,0,0,0,4280777,4290357,0,0,0,0,0,1000,1000,5124174
MPCTASK: EXP,0,178,8881,-120,416,692,742,785,-31,513,-658,40,-218,1076,700,284,624,700,0,0,0,0,0,0,0,0,0,0,0,0,0,0,0,5,21558,0,21619,0,0,0,0,3664653,3675280,0,0,0,0,0,1000,1000,5124174
MPCTASK: EXP,0,180,8983,-29,423,689,841,589,-8,644,-187,75,-68,1105,700,312,525,700,0,0,0,0,0,0,0,0,0,0,0,0,0,0,0,5,22262,0,22317,0,0,0,0,3784493,3794072,0,0,0,0,0,1000,1000,5124174
MPCTASK: EXP,0,182,9080,56,458,693,835,449,18,711,306,86,88,1104,700,300,457,700,0,0,0,0,0,0,0,0,0,0,0,0,0,0,0,5,19656,0,19711,0,0,0,0,3341545,3350856,0,0,0,0,0,1000,1000,5124174
MPCTASK: EXP,0,184,9184,125,439,700,747,234,22,848,619,105,237,1075,700,260,327,700,0,0,0,0,0,0,0,0,0,0,0,0,0,0,0,5,23546,0,23992,0,0,0,0,4002786,4078791,0,0,0,0,0,1000,1000,5124174
MPCTASK: EXP,0,186,9283,222,441,705,659,76,10,776,963,62,362,1017,700,232,239,700,0,0,0,0,0,0,0,0,0,0,0,0,0,0,0,5,22745,0,22805,0,0,0,0,3812476,3876873,0,0,0,0,0,1000,1000,5124174
MPCTASK: EXP,0,188,9384,259,444,709,439,-57,-8,843,1361,52,452,932,700,134,147,700,0,0,0,0,0,0,0,0,0,0,0,0,0,0,0,5,22994,0,23046,0,0,0,0,3908843,3917994,0,0,0,0,0,1000,1000,5124174
MPCTASK: EXP,0,190,9483,259,370,707,153,-303,-43,930,1479,84,497,822,700,16,-24,700,0,0,0,0,0,0,0,0,0,0,0,0,0,0,0,5,22194,0,22248,0,0,0,0,3772926,3782245,0,0,0,0,0,1000,1000,5124174
MPCTASK: EXP,0,192,9589,255,326,697,-110,-473,-61,811,1465,135,494,690,700,-80,-143,700,0,0,0,0,0,0,0,0,0,0,0,0,0,0,0,5,29172,0,29227,0,0,0,0,4959253,4968581,0,0,0,0,0,1000,1000,5124174
MPCTASK: EXP,0,194,9681,204,278,682,-403,-621,-65,780,1307,205,442,539,700,-192,-261,700,0,0,0,0,0,0,0,0,0,0,0,0,0,0,0,5,20493,0,20546,0,0,0,0,3483738,3492902,0,0,0,0,0,1000,1000,5124174
MPCTASK: EXP,0,196,9786,140,224,677,-624,-763,-4,843,934,258,348,372,700,-266,-379,700,0,0,0,0,0,0,0,0,0,0,0,0,0,0,0,5,24383,0,24701,0,0,0,0,4145129,4199328,0,0,0,0,0,1000,1000,5124174
MPCTASK: EXP,0,198,9883,64,150,675,-760,-912,25,840,527,274,219,193,700,-311,-502,700,0,0,0,0,0,0,0,0,0,0,0,0,0,0,0,5,22017,0,22073,0,0,0,0,3742801,3752529,0,0,0,0,0,1000,1000,5124174
MPCTASK: EXP,0,200,9983,82,96,678,-686,-984,64,662,157,201,70,7,700,-229,-569,700,0,0,0,0,0,0,0,0,0,0,0,0,0,0,0,5,22170,0,22226,0,0,0,0,3768897,3778536,0,0,0,0,0,1000,1000,5124174
MPCTASK: EXP,0,202,10084,-8,-9,687,-734,-1082,82,353,24,115,-84,-181,700,-254,-664,700,0,0,0,0,0,0,0,0,0,0,0,0,0,0,0,5,22143,0,22250,0,0,0,0,3719729,3782691,0,0,0,0,0,1000,1000,5124174
MPCTASK: EXP,0,204,10188,-76,-85,698,-699,-1076,86,175,-379,44,-230,-368,700,-226,-710,700,0,0,0,0,0,0,0,0,0,0,0,0,0,0,0,5,25661,0,25714,0,0,0,0,4362189,4371378,0,0,0,0,0,1000,1000,5124174
MPCTASK: EXP,0,206,10282,-156,-178,717,-629,-1071,88,56,-740,-7,-352,-550,700,-201,-759,700,0,0,0,0,0,0,0,0,0,0,0,0,0,0,0,5,19657,0,19711,0,0,0,0,3341653,3351004,0,0,0,0,0,1000,1000,5124174
MPCTASK: EXP,0,208,10388,-206,-252,726,-480,-1027,34,12,-1033,-30,-439,-721,700,-146,-775,700,0,0,0,0,0,0,0,0,0,0,0,0,0,0,0,5,25880,0,25933,0,0,0,0,4399457,4408646,0,0,0,0,0,1000,1000,5124174
MPCTASK: EXP,0,210,10483,-244,-346,731,-299,-1012,-17,-87,-1225,-42,-481,-876,700,-93,-794,700,0,0,0,0,0,0,0,0,0,0,0,0,0,0,0,5,21385,0,21441,0,0,0,0,3635347,3645001,0,0,0,0,0,1000,1000,5124174
MPCTASK: EXP,0,212,10590,-255,-414,727,-80,-938,-66,-270,-1265,-65,-476,-1011,700,-37,-766,700,0,0,0,0,0,0,0,0,0,0,0,0,0,0,0,5,27392,0,27445,0,0,0,0,4656466,4665813,0,0,0,0,0,1000,1000,5124174
MPCTASK: EXP,0,214,10687,-246,-488,719,139,-857,-84,-451,-1184,-94,-426,-1119,700,11,-731,700,0,0,0,0,0,0,0,0,0,0,0,0,0,0,0,5,24768,0,24822,0,0,0,0,4210381,4219729,0,0,0,0,0,1000,1000,5124174
MPCTASK: EXP,0,216,10786,-218,-541,711,336,-724,-69,-666,-940,-135,-337,-1198,699,45,-663,699,0,0,0,0,0,0,0,0,0,0,0,0,0,0,0,5,23438,0,23491,0,0,0,0,3984278,3993463,0,0,0,0,0,1000,1000,5124174
MPCTASK: EXP,0,218,10885,-168,-584,701,493,-560,-59,-860,-581,-170,-221,-1240,699,71,-583,699,0,0,0,0,0,0,0,0,0,0,0,0,0,0,0,5,22998,0,23156,0,0,0,0,3909606,3936682,0,0,0,0,0,1000,1000,5124174
MPCTASK: EXP,0,220,10987,-115,-601,694,566,-347,-28,-1029,-133,-187,-92,-1244,699,72,-485,699,0,0,0,0,0,0,0,0,0,0,0,0,0,0,0,5,24045,0,24099,0,0,0,0,4087559,4096909,0,0,0,0,0,1000,1000,5124174
MPCTASK: EXP,0,222,11081,-46,-608,698,577,-133,16,-1094,300,-169,32,-1206,699,78,-406,699,0,0,0,0,0,0,0,0,0,0,0,0,0,0,0,5,19097,0,19151,0,0,0,0,3246425,3255777,0,0,0,0,0,1000,1000,5124174
MPCTASK: EXP,0,224,11188,-10,-595,702,476,81,22,-1084,667,-149,138,-1126,699,54,-341,699,0,0,0,0,0,0,0,0,0,0,0,0,0,0,0,5,26163,0,26216,0,0,0,0,4447544,4456734,0,0,0,0,0,1000,1000,5124174
MPCTASK: EXP,0,226,11284,25,-558,706,345,287,4,-910,807,-121,211,-1007,700,49,-295,700,0,0,0,0,0,0,0,0,0,0,0,0,0,0,0,5,20721,0,21126,0,0,0,0,3522466,3591497,0,0,0,0,0,1000,1000,5124174
MPCTASK: EXP,0,228,11390,42,-511,702,194,440,-25,-613,792,-69,245,-855,700,31,-255,700,0,0,0,0,0,0,0,0,0,0,0,0,0,0,0,5,27425,0,27478,0,0,0,0,4662169,4671358,0,0,0,0,0,1000,1000,5124174
MPCTASK: EXP,0,230,11485,55,-448,698,69,541,-17,-231,611,2,238,-682,700,25,-211,700,0,0,0,0,0,0,0,0,0,0,0,0,0,0,0,5,22961,0,23015,0,0,0,0,3903161,3912513,0,0,0,0,0,1000,1000,5124174
MPCTASK: EXP,0,232,11586,53,-396,698,-28,546,8,111,432,77,197,-503,700,8,-180,700,0,0,0,0,0,0,0,0,0,0,0,0,0,0,0,5,24071,0,24125,0,0,0,0,4092009,4101202,0,0,0,0,0,1000,1000,5124174
MPCTASK: EXP,0,234,11685,26,-337,695,-117,520,3,287,233,135,136,-338,700,-36,-115,700,0,0,0,0,0,0,0,0,0,0,0,0,0,0,0,5,22145,0,22199,0,0,0,0,3764553,3773901,0,0,0,0,0,1000,1000,5124174
MPCTASK: EXP,0,236,11790,0,-265,700,-158,497,38,332,43,182,72,-205,700,-83,-2,700,0,0,0,0,0,0,0,0,0,0,0,0,0,0,0,5,27846,0,27900,0,0,0,0,4733805,4742994,0,0,0,0,0,1000,1000,5124174
MPCTASK: EXP,0,238,11882,-18,-227,703,-160,426,26,282,-59,187,25,-121,700,-127,100,700,0,0,0,0,0,0,0,0,0,0,0,0,0,0,0,5,20037,0,20090,0,0,0,0,3406189,3415540,0,0,0,0,0,1000,1000,5124174
MPCTASK: EXP,0,240,11986,-42,-215,705,-161,362,16,-104,-35,163,3,-86,700,-164,196,700,0,0,0,0,0,0,0,0,0,0,0,0,0,0,0,5,23185,0,23575,0,0,0,0,3941361,4007783,0,0,0,0,0,1000,1000,5124174
MPCTASK: EXP,0,242,12084,-53,-208,706,-157,372,8,-596,57,138,1,-83,700,-161,283,700,0,0,0,0,0,0,0,0,0,0,0,0,0,0,0,5,21803,0,21864,0,0,0,0,3706478,3717074,0,0,0,0,0,1000,1000,5124174
MPCTASK: EXP,0,244,12188,-70,-178,709,-176,500,0,-1061,110,104,-3,-75,700,-135,379,700,0,0,0,0,0,0,0,0,0,0,0,0,0,0,0,5,25982,0,26037,0,0,0,0,4416769,4426385,0,0,0,0,0,1000,1000,5124174
MPCTASK: EXP,0,246,12283,-82,-139,712,-181,668,-7,-1254,7,61,-28,-29,700,-88,465,700,0,0,0,0,0,0,0,0,0,0,0,0,0,0,0,5,21055,0,21109,0,0,0,0,3579273,3588624,0,0,0,0,0,1000,1000,5124174
MPCTASK: EXP,0,248,12386,-96,-75,710,-165,857,-33,-1137,-198,23,-75,69,700,-31,545,700,0,0,0,0,0,0,0,0,0,0,0,0,0,0,0,5,24496,0,24558,0,0,0,0,4164262,4174855,0,0,0,0,0,1000,1000,5124174
MPCTASK: EXP,0,250,12485,-112,22,704,-111,1035,-37,-784,-496,-8,-131,214,700,32,627,700,0,0,0,0,0,0,0,0,0,0,0,0,0,0,0,5,22269,0,22323,0,0,0,0,3785533,3794885,0,0,0,0,0,1000,1000,5124174
MPCTASK: EXP,0,252,12588,-108,104,696,16,1101,-24,-344,-787,-18,-178,388,700,117,656,700,0,0,0,0,0,0,0,0,0,0,0,0,0,0,0,5,25997,0,26051,0,0,0,0,4419546,4428892,0,0,0,0,0,1000,1000,5124174
MPCTASK: EXP,0,254,12687,-95,193,700,170,1100,9,-23,-897,-3,-199,569,700,190,673,700,0,0,0,0,0,0,0,0,0,0,0,0,0,0,0,5,25008,0,25062,0,0,0,0,4251221,4260573,0,0,0,0,0,1000,1000,5124174
MPCTASK: EXP,0,256,12788,-74,267,704,315,1033,15,223,-852,25,-184,739,700,241,659,700,0,0,0,0,0,0,0,0,0,0,0,0,0,0,0,5,25898,0,25954,0,0,0,0,4402513,4412134,0,0,0,0,0,1000,1000,5124174
MPCTASK: EXP,0,258,12887,-35,347,704,443,969,-6,473,-679,49,-130,882,699,277,642,699,0,0,0,0,0,0,0,0,0,0,0,0,0,0,0,5,25083,0,25380,0,0,0,0,4264109,4314709,0,0,0,0,0,1000,1000,5124174
MPCTASK: EXP,0,260,12990,26,417,703,557,815,-16,723,-403,93,-40,988,699,307,591,699,0,0,0,0,0,0,0,0,0,0,0,0,0,0,0,5,27547,0,27601,0,0,0,0,4682829,4692179,0,0,0,0,0,1000,1000,5124174
MPCTASK: EXP,0,262,13090,81,447,702,599,608,-24,941,-72,124,72,1051,699,299,495,699,0,0,0,0,0,0,0,0,0,0,0,0,0,0,0,5,28162,0,28218,0,0,0,0,4787469,4797200,0,0,0,0,0,1000,1000,5124174
MPCTASK: EXP,0,264,13188,178,503,699,659,469,-29,987,155,110,195,1070,699,320,445,699,0,0,0,0,0,0,0,0,0,0,0,0,0,0,0,5,26203,0,26264,0,0,0,0,4454485,4464983,0,0,0,0,0,1000,1000,5124174
MPCTASK: EXP,0,266,13293,270,563,700,611,291,-9,1117,737,51,312,1047,699,291,384,699,0,0,0,0,0,0,0,0,0,0,0,0,0,0,0,5,28838,0,28892,0,0,0,0,4902417,4911772,0,0,0,0,0,1000,1000,5124174
MPCTASK: EXP,0,268,13396,329,519,706,462,1,-7,1167,1112,16,407,985,699,223,223,699,0,0,0,0,0,0,0,0,0,0,0,0,0,0,0,5,32481,0,32886,0,0,0,0,5521749,5590812,0,0,0,0,0,1000,1000,5590812
MPCTASK: EXP,0,270,13489,355,487,701,235,-221,-56,1056,1435,-11,467,889,700,119,96,700,0,0,0,0,0,0,0,0,0,0,0,0,0,0,0,5,25486,0,25539,0,0,0,0,4332517,4341706,0,0,0,0,0,1000,1000,5590812
MPCTASK: EXP,0,272,13588,324,414,694,-56,-453,-65,957,1445,14,485,764,700,-7,-60,700,0,0,0,0,0,0,0,0,0,0,0,0,0,0,0,5,25535,0,25591,0,0,0,0,4340969,4350468,0,0,0,0,0,1000,1000,5590812
MPCTASK: EXP,0,274,13689,326,334,680,-307,-673,-61,899,1327,6,456,616,700,-83,-216,700,0,0,0,0,0,0,0,0,0,0,0,0,0,0,0,5,23497,0,23553,0,0,0,0,3994541,4004038,0,0,0,0,0,1000,1000,5590812
MPCTASK: EXP,0,276,13789,262,259,674,-566,-828,-23,737,1129,56,382,450,700,-187,-341,700,0,0,0,0,0,0,0,0,0,0,0,0,0,0,0,5,24312,0,24367,0,0,0,0,4133021,4142526,0,0,0,0,0,1000,1000,5590812
MPCTASK: EXP,0,278,13890,154,172,668,-794,-965,9,649,697,123,270,271,700,-283,-467,700,0,0,0,0,0,0,0,0,0,0,0,0,0,0,0,5,24348,0,24411,0,0,0,0,4139057,4150105,0,0,0,0,0,1000,1000,5590812
MPCTASK: EXP,0,280,13992,65,81,669,-893,-1065,56,494,264,121,130,84,700,-318,-573,700,0,0,0,0,0,0,0,0,0,0,0,0,0,0,0,5,26024,0,26430,0,0,0,0,4423909,4493186,0,0,0,0,0,1000,1000,5590812
MPCTASK: EXP,0,282,14089,-17,-8,682,-887,-1101,115,222,-197,85,-23,-104,700,-311,-651,700,0,0,0,0,0,0,0,0,0,0,0,0,0,0,0,5,22732,0,23283,0,0,0,0,3864273,3958190,0,0,0,0,0,1000,1000,5590812
MPCTASK: EXP,0,284,14188,-89,-92,698,-807,-1083,115,46,-528,46,-175,-292,700,-274,-708,700,0,0,0,0,0,0,0,0,0,0,0,0,0,0,0,5,22727,0,22780,0,0,0,0,3863515,3872702,0,0,0,0,0,1000,1000,5590812
MPCTASK: EXP,0,286,14292,-174,-194,719,-715,-1072,107,-18,-845,11,-311,-474,700,-241,-779,700,0,0,0,0,0,0,0,0,0,0,0,0,0,0,0,5,25930,0,26284,0,0,0,0,4408017,4468453,0,0,0,0,0,1000,1000,5590812
MPCTASK: EXP,0,288,14392,-223,-270,729,-541,-1021,22,-9,-1122,-10,-416,-646,700,-165,-816,700,0,0,0,0,0,0,0,0,0,0,0,0,0,0,0,5,25986,0,26039,0,0,0,0,4417497,4426686,0,0,0,0,0,1000,1000,5590812
MPCTASK: EXP,0,290,14489,-263,-351,729,-342,-993,-43,-9,-1312,-51,-481,-803,700,-87,-853,700,0,0,0,0,0,0,0,0,0,0,0,0,0,0,0,5,23398,0,23451,0,0,0,0,3977562,3986754,0,0,0,0,0,1000,1000,5590812
MPCTASK: EXP,0,292,14591,-266,-422,723,-85,-952,-80,-61,-1430,-131,-498,-943,700,13,-869,700,0,0,0,0,0,0,0,0,0,0,0,0,0,0,0,5,26167,0,26220,0,0,0,0,4448337,4457530,0,0,0,0,0,1000,1000,5590812
MPCTASK: EXP,0,294,14693,-246,-499,715,203,-903,-79,-158,-1351,-229,-467,-1061,700,116,-877,700,0,0,0,0,0,0,0,0,0,0,0,0,0,0,0,5,26870,0,26923,0,0,0,0,4567785,4576974,0,0,0,0,0,1000,1000,5590812
MPCTASK: EXP,0,296,14791,-202,-556,702,435,-845,-92,-289,-1187,-318,-389,-1155,700,202,-860,700,0,0,0,0,0,0,0,0,0,0,0,0,0,0,0,5,24713,0,24766,0,0,0,0,4201125,4210314,0,0,0,0,0,1000,1000,5590812
MPCTASK: EXP,0,298,14891,-140,-611,692,653,-740,-46,-420,-857,-441,-273,-1223,700,269,-823,700,0,0,0,0,0,0,0,0,0,0,0,0,0,0,0,5,24318,0,24372,0,0,0,0,4134041,4143393,0,0,0,0,0,1000,1000,5590812
MPCTASK: EXP,0,300,14989,-66,-651,689,789,-621,5,-540,-488,-549,-130,-1263,700,307,-768,700,0,0,0,0,0,0,0,0,0,0,0,0,0,0,0,5,23038,0,23092,0,0,0,0,3916377,3925728,0,0,0,0,0,1000,1000,5590812
MPCTASK: EXP,0,302,15092,2,-681,693,834,-485,37,-651,-62,-622,25,-1274,700,303,-697,700,0,0,0,0,0,0,0,0,0,0,0,0,0,0,0,5,25741,0,26139,0,0,0,0,4375981,4443724,0,0,0,0,0,1000,1000,5590812
MPCTASK: EXP,0,304,15191,67,-695,701,812,-343,55,-718,343,-652,179,-1256,700,271,-612,700,0,0,0,0,0,0,0,0,0,0,0,0,0,0,0,5,24841,0,25052,0,0,0,0,4222821,4258920,0,0,0,0,0,1000,1000,5590812
MPCTASK: EXP,0,306,15290,128,-703,713,690,-162,42,-846,830,-608,316,-1209,700,204,-509,700,0,0,0,0,0,0,0,0,0,0,0,0,0,0,0,5,23866,0,23920,0,0,0,0,4057145,4066497,0,0,0,0,0,1000,1000,5590812
MPCTASK: EXP,0,308,15388,191,-701,720,546,7,-4,-924,1169,-505,421,-1134,700,142,-405,700,0,0,0,0,0,0,0,0,0,0,0,0,0,0,0,5,22043,0,22098,0,0,0,0,3747317,3756776,0,0,0,0,0,1000,1000,5590812
MPCTASK: EXP,0,310,15489,227,-685,720,336,197,-59,-1086,1450,-354,486,-1033,700,53,-282,700,0,0,0,0,0,0,0,0,0,0,0,0,0,0,0,5,22494,0,22815,0,0,0,0,3823925,3878598,0,0,0,0,0,1000,1000,5590812
MPCTASK: EXP,0,312,15588,246,-653,715,113,392,-83,-1183,1570,-213,502,-909,700,-28,-156,700,0,0,0,0,0,0,0,0,0,0,0,0,0,0,0,5,22567,0,22622,0,0,0,0,3836345,3845815,0,0,0,0,0,1000,1000,5590812
MPCTASK: EXP,0,314,15692,229,-584,701,-197,652,-106,-1154,1467,-92,470,-765,700,-132,0,700,0,0,0,0,0,0,0,0,0,0,0,0,0,0,0,5,25943,0,25996,0,0,0,0,4410102,4419450,0,0,0,0,0,1000,1000,5590812
MPCTASK: EXP,0,316,15790,168,-495,689,-480,879,-69,-983,1166,-48,392,-604,700,-233,152,700,0,0,0,0,0,0,0,0,0,0,0,0,0,0,0,5,24023,0,24077,0,0,0,0,4083801,4093148,0,0,0,0,0,1000,1000,5590812
MPCTASK: EXP,0,318,15892,101,-415,680,-676,1021,-16,-666,754,-21,276,-430,700,-293,260,700,0,0,0,0,0,0,0,0,0,0,0,0,0,0,0,5,26170,0,26236,0,0,0,0,4448833,4460180,0,0,0,0,0,1000,1000,5590812
MPCTASK: EXP,0,320,15991,38,-346,677,-765,1072,26,-353,331,0,132,-247,700,-308,329,700,0,0,0,0,0,0,0,0,0,0,0,0,0,0,0,5,25069,0,25130,0,0,0,0,4261586,4272234,0,0,0,0,0,1000,1000,5590812
MPCTASK: EXP,0,322,16093,-32,-248,684,-768,1084,84,-112,-110,41,-23,-60,700,-295,409,700,0,0,0,0,0,0,0,0,0,0,0,0,0,0,0,5,26153,0,26207,0,0,0,0,4445849,4484136,0,0,0,0,0,1000,1000,5590812
MPCTASK: EXP,0,324,16190,-104,-160,701,-716,1063,106,-17,-497,84,-177,125,700,-262,473,700,0,0,0,0,0,0,0,0,0,0,0,0,0,0,0,5,23942,0,23995,0,0,0,0,4070069,4079258,0,0,0,0,0,1000,1000,5590812
MPCTASK: EXP,0,326,16288,-104,-131,717,-522,954,78,-15,-776,150,-313,306,700,-147,470,700,0,0,0,0,0,0,0,0,0,0,0,0,0,0,0,5,22417,0,22470,0,0,0,0,3810780,3819983,0,0,0,0,0,1000,1000,5590812
MPCTASK: EXP,0,328,16394,-130,-51,724,-367,951,4,-248,-855,195,-419,477,700,-70,537,700,0,0,0,0,0,0,0,0,0,0,0,0,0,0,0,5,25439,0,25734,0,0,0,0,4324445,4374742,0,0,0,0,0,1000,1000,5590812
MPCTASK: EXP,0,330,16495,-143,36,722,-201,993,-43,-328,-939,231,-483,635,700,12,601,700,0,0,0,0,0,0,0,0,0,0,0,0,0,0,0,5,26982,0,27037,0,0,0,0,4586849,4596308,0,0,0,0,0,1000,1000,5590812
MPCTASK: EXP,0,332,16597,-142,115,717,-21,1018,-61,-227,-998,264,-500,775,700,95,636,700,0,0,0,0,0,0,0,0,0,0,0,0,0,0,0,5,28720,0,28774,0,0,0,0,4882297,4891648,0,0,0,0,0,1000,1000,5590812
MPCTASK: EXP,0,334,16694,-126,184,708,164,1003,-69,-58,-977,280,-468,893,700,172,642,700,0,0,0,0,0,0,0,0,0,0,0,0,0,0,0,5,25155,0,25214,0,0,0,0,4276321,4286528,0,0,0,0,0,1000,1000,5590812
MPCTASK: EXP,0,336,16793,-60,258,699,386,968,-58,168,-818,287,-390,988,700,267,638,700,0,0,0,0,0,0,0,0,0,0,0,0,0,0,0,5,22936,0,22990,0,0,0,0,3898969,3908320,0,0,0,0,0,1000,1000,5590812
MPCTASK: EXP,0,338,16898,-17,333,696,508,898,-20,405,-552,275,-273,1056,700,302,616,700,0,0,0,0,0,0,0,0,0,0,0,0,0,0,0,5,29033,0,29087,0,0,0,0,4935413,4944761,0,0,0,0,0,1000,1000,5590812
MPCTASK: EXP,0,340,16996,48,384,695,605,761,-5,679,-297,262,-130,1097,700,331,556,700,0,0,0,0,0,0,0,0,0,0,0,0,0,0,0,5,26553,0,26609,0,0,0,0,4513929,4523664,0,0,0,0,0,1000,1000,5590812
MPCTASK: EXP,0,342,17095,101,399,697,618,551,2,821,112,246,26,1108,700,306,454,700,0,0,0,0,0,0,0,0,0,0,0,0,0,0,0,5,26392,0,26445,0,0,0,0,4486473,4495662,0,0,0,0,0,1000,1000,5590812
MPCTASK: EXP,0,344,17197,182,462,702,610,436,8,791,379,212,179,1090,700,299,418,700,0,0,0,0,0,0,0,0,0,0,0,0,0,0,0,5,26981,0,27034,0,0,0,0,4586737,4595926,0,0,0,0,0,1000,1000,5590812
MPCTASK: EXP,0,346,17297,234,528,704,510,323,-6,1009,783,171,316,1043,700,236,371,700,0,0,0,0,0,0,0,0,0,0,0,0,0,0,0,5,27575,0,27639,0,0,0,0,4687745,4698767,0,0,0,0,0,1000,1000,5590812
MPCTASK: EXP,0,348,17394,259,529,706,336,100,-25,1213,1030,139,421,968,700,146,248,700,0,0,0,0,0,0,0,0,0,0,0,0,0,0,0,5,24932,0,24988,0,0,0,0,4238517,4248036,0,0,0,0,0,1000,1000,5590812
MPCTASK: EXP,0,350,17495,265,506,704,154,-132,-48,1286,1148,102,486,867,700,51,116,700,0,0,0,0,0,0,0,0,0,0,0,0,0,0,0,5,25969,0,26022,0,0,0,0,4414637,4423826,0,0,0,0,0,1000,1000,5590812
MPCTASK: EXP,0,352,17597,244,438,694,-103,-441,-85,1224,1207,71,503,743,700,-65,-56,700,0,0,0,0,0,0,0,0,0,0,0,0,0,0,0,5,27209,0,27263,0,0,0,0,4625497,4634848,0,0,0,0,0,1000,1000,5590812
MPCTASK: EXP,0,354,17695,204,381,679,-340,-660,-85,1044,1118,72,470,599,700,-170,-188,700,0,0,0,0,0,0,0,0,0,0,0,0,0,0,0,5,25745,0,25799,0,0,0,0,4376613,4385965,0,0,0,0,0,1000,1000,5590812
MPCTASK: EXP,0,356,17797,152,291,671,-541,-869,-20,878,858,59,392,438,700,-241,-337,700,0,0,0,0,0,0,0,0,0,0,0,0,0,0,0,5,27672,0,27730,0,0,0,0,4704293,4714091,0,0,0,0,0,1000,1000,5590812
MPCTASK: EXP,0,358,17896,98,212,668,-664,-1003,26,738,614,40,276,264,700,-288,-451,700,0,0,0,0,0,0,0,0,0,0,0,0,0,0,0,5,27014,0,27067,0,0,0,0,4592373,4601559,0,0,0,0,0,1000,1000,5590812
MPCTASK: EXP,0,360,17996,36,69,672,-740,-1152,65,361,294,9,132,81,700,-303,-597,700,0,0,0,0,0,0,0,0,0,0,0,0,0,0,0,5,26134,0,26189,0,0,0,0,4442577,4452125,0,0,0,0,0,1000,1000,5590812
MPCTASK: EXP,0,362,18096,0,4,683,-716,-1115,96,92,56,3,-23,-105,700,-271,-639,700,0,0,0,0,0,0,0,0,0,0,0,0,0,0,0,5,27047,0,27101,0,0,0,0,4597901,4607266,0,0,0,0,0,1000,1000,5590812
MPCTASK: EXP,0,364,18198,-82,-103,699,-721,-1110,106,-66,-229,5,-177,-291,700,-265,-717,700,0,0,0,0,0,0,0,0,0,0,0,0,0,0,0,5,28624,0,28828,0,0,0,0,4865926,4900711,0,0,0,0,0,1000,1000,5590812
MPCTASK: EXP,0,366,18297,-146,-174,712,-668,-1056,81,-88,-544,5,-313,-472,700,-226,-756,700,0,0,0,0,0,0,0,0,0,0,0,0,0,0,0,5,27080,0,27348,0,0,0,0,4603633,4649361,0,0,0,0,0,1000,1000,5590812
MPCTASK: EXP,0,368,18397,-214,-257,723,-544,-998,24,-32,-922,-5,-419,-643,700,-171,-799,700,0,0,0,0,0,0,0,0,0,0,0,0,0,0,0,5,26846,0,26899,0,0,0,0,4563761,4572947,0,0,0,0,0,1000,1000,5590812
MPCTASK: EXP,0,370,18496,-245,-326,726,-355,-955,-31,32,-1196,-28,-483,-801,700,-85,-827,700,0,0,0,0,0,0,0,0,0,0,0,0,0,0,0,5,25862,0,25915,0,0,0,0,4396417,4405606,0,0,0,0,0,1000,1000,5590812
MPCTASK: EXP,0,372,18596,-262,-397,723,-132,-930,-57,31,-1346,-60,-500,-941,700,1,-850,700,0,0,0,0,0,0,0,0,0,0,0,0,0,0,0,5,25428,0,25579,0,0,0,0,4322660,4348594,0,0,0,0,0,1000,1000,5590812
MPCTASK: EXP,0,374,18698,-253,-450,715,94,-888,-81,-56,-1368,-120,-468,-1060,700,85,-843,700,0,0,0,0,0,0,0,0,0,0,0,0,0,0,0,5,27130,0,27342,0,0,0,0,4612009,4648239,0,0,0,0,0,1000,1000,5590812
MPCTASK: EXP,0,376,18799,-207,-520,703,384,-835,-87,-197,-1235,-236,-390,-1154,700,186,-836,700,0,0,0,0,0,0,0,0,0,0,0,0,0,0,0,5,27698,0,27754,0,0,0,0,4708701,4718337,0,0,0,0,0,1000,1000,5590812
MPCTASK: EXP,0,378,18902,-150,-572,694,600,-756,-54,-337,-968,-358,-273,-1223,700,255,-805,700,0,0,0,0,0,0,0,0,0,0,0,0,0,0,0,5,30909,0,30966,0,0,0,0,5254561,5264305,0,0,0,0,0,1000,1000,5590812
MPCTASK: EXP,0,380,18998,-80,-613,687,752,-655,-14,-439,-549,-469,-130,-1263,700,290,-755,700,0,0,0,0,0,0,0,0,0,0,0,0,0,0,0,5,27199,0,27256,0,0,0,0,4623813,4633613,0,0,0,0,0,1000,1000,5590812
MPCTASK: EXP,0,382,19097,-23,-636,689,796,-533,31,-579,-128,-553,26,-1274,700,278,-681,700,0,0,0,0,0,0,0,0,0,0,0,0,0,0,0,5,25376,0,25436,0,0,0,0,4313817,4324159,0,0,0,0,0,1000,1000,5590812
MPCTASK: EXP,0,384,19200,49,-654,698,767,-360,57,-733,386,-591,179,-1256,700,244,-585,700,0,0,0,0,0,0,0,0,0,0,0,0,0,0,0,5,27350,0,27404,0,0,0,0,4649533,4658885,0,0,0,0,0,1000,1000,5590812
MPCTASK: EXP,0,386,19299,114,-652,710,671,-176,50,-853,823,-554,316,-1209,700,189,-475,700,0,0,0,0,0,0,0,0,0,0,0,0,0,0,0,5,26966,0,27022,0,0,0,0,4584077,4593712,0,0,0,0,0,1000,1000,5590812
MPCTASK: EXP,0,388,19396,170,-655,719,519,-12,17,-910,1143,-475,421,-1134,700,122,-378,700,0,0,0,0,0,0,0,0,0,0,0,0,0,0,0,5,23650,0,23712,0,0,0,0,4020481,4031221,0,0,0,0,0,1000,1000,5590812
MPCTASK: EXP,0,390,19499,191,-637,719,324,160,-39,-1001,1339,-384,486,-1034,700,33,-263,700,0,0,0,0,0,0,0,0,0,0,0,0,0,0,0,5,25843,0,25978,0,0,0,0,4393173,4416276,0,0,0,0,0,1000,1000,5590812
MPCTASK: EXP,0,392,19599,188,-602,710,44,383,-95,-1089,1412,-259,503,-909,700,-78,-127,700,0,0,0,0,0,0,0,0,0,0,0,0,0,0,0,5,25981,0,26035,0,0,0,0,4416769,4426120,0,0,0,0,0,1000,1000,5590812
MPCTASK: EXP,0,394,19701,159,-546,697,-221,600,-94,-1074,1294,-167,470,-765,700,-178,11,700,0,0,0,0,0,0,0,0,0,0,0,0,0,0,0,5,27603,0,27657,0,0,0,0,4692550,4701898,0,0,0,0,0,1000,1000,5590812
MPCTASK: EXP,0,396,19799,107,-473,686,-460,807,-55,-986,1028,-116,392,-604,700,-263,151,700,0,0,0,0,0,0,0,0,0,0,0,0,0,0,0,5,25968,0,26024,0,0,0,0,4414597,4424253,0,0,0,0,0,1000,1000,5590812
MPCTASK: EXP,0,398,19898,35,-401,677,-641,959,-9,-797,665,-99,276,-430,700,-328,261,700,0,0,0,0,0,0,0,0,0,0,0,0,0,0,0,5,23950,0,24005,0,0,0,0,4071545,4080904,0,0,0,0,0,1000,1000,5590812
MPCTASK: EXP,0,400,20001,-68,-293,675,-776,1094,35,-496,224,-80,132,-247,700,-382,382,700,0,0,0,0,0,0,0,0,0,0,0,0,0,0,0,5,27894,0,27948,0,0,0,0,4742017,4751206,0,0,0,0,0,1000,1000,5590812
MPCTASK: EXP,0,402,20100,-135,-197,681,-761,1131,79,-159,-241,-4,-23,-60,700,-360,460,700,0,0,0,0,0,0,0,0,0,0,0,0,0,0,0,5,26981,0,27035,0,0,0,0,4586645,4595997,0,0,0,0,0,1000,1000,5590812
MPCTASK: EXP,0,404,20201,-194,-69,697,-690,1177,120,2,-582,88,-177,125,700,-316,567,700,0,0,0,0,0,0,0,0,0,0,0,0,0,0,0,5,27837,0,27890,0,0,0,0,4732318,4741506,0,0,0,0,0,1000,1000,5590812
MPCTASK: EXP,0,406,20299,-246,28,713,-541,1118,71,152,-876,157,-313,306,700,-245,619,700,0,0,0,0,0,0,0,0,0,0,0,0,0,0,0,5,25214,0,25268,0,0,0,0,4286393,4295749,0,0,0,0,0,1000,1000,5590812
MPCTASK: EXP,0,408,20401,-280,114,722,-371,1063,6,113,-1085,208,-419,477,700,-164,665,700,0,0,0,0,0,0,0,0,0,0,0,0,0,0,0,5,27665,0,27721,0,0,0,0,4702965,4712602,0,0,0,0,0,1000,1000,5590812
MPCTASK: EXP,0,410,20498,-288,184,720,-156,1007,-59,56,-1201,244,-483,635,700,-64,690,700,0,0,0,0,0,0,0,0,0,0,0,0,0,0,0,5,24977,0,25031,0,0,0,0,4246095,4255455,0,0,0,0,0,1000,1000,5590812
MPCTASK: EXP,0,412,20600,-275,247,713,57,965,-85,77,-1219,262,-500,774,700,32,702,700,0,0,0,0,0,0,0,0,0,0,0,0,0,0,0,5,24903,0,24956,0,0,0,0,4233517,4242706,0,0,0,0,0,1000,1000,5590812
MPCTASK: EXP,0,414,20700,-249,311,700,282,910,-89,160,-1099,281,-468,893,700,119,698,700,0,0,0,0,0,0,0,0,0,0,0,0,0,0,0,5,24699,0,24752,0,0,0,0,4198721,4207914,0,0,0,0,0,1000,1000,5590812
MPCTASK: EXP,0,416,20802,-192,368,691,503,820,-52,297,-870,309,-389,988,700,206,671,700,0,0,0,0,0,0,0,0,0,0,0,0,0,0,0,5,25940,0,26566,0,0,0,0,4409825,4516362,0,0,0,0,0,1000,1000,5590812
MPCTASK: EXP,0,418,20900,-127,422,687,653,729,-14,409,-613,303,-273,1056,700,263,639,700,0,0,0,0,0,0,0,0,0,0,0,0,0,0,0,5,23655,0,24092,0,0,0,0,4021245,4095805,0,0,0,0,0,1000,1000,5590812
MPCTASK: EXP,0,420,21002,-55,470,685,741,612,4,600,-280,267,-130,1097,700,289,585,700,0,0,0,0,0,0,0,0,0,0,0,0,0,0,0,5,25372,0,25489,0,0,0,0,4313285,4333318,0,0,0,0,0,1000,1000,5590812
MPCTASK: EXP,0,422,21106,48,529,690,819,521,30,738,8,201,26,1108,700,328,545,700,0,0,0,0,0,0,0,0,0,0,0,0,0,0,0,5,28873,0,28926,0,0,0,0,4908322,4917510,0,0,0,0,0,1000,1000,5590812
MPCTASK: EXP,0,424,21199,102,541,700,745,329,43,936,480,139,179,1090,700,271,443,700,0,0,0,0,0,0,0,0,0,0,0,0,0,0,0,5,22890,0,22943,0,0,0,0,3891229,3900418,0,0,0,0,0,1000,1000,5590812
MPCTASK: EXP,0,426,21302,171,575,708,643,188,25,919,834,92,315,1043,700,221,376,700,0,0,0,0,0,0,0,0,0,0,0,0,0,0,0,5,25774,0,25827,0,0,0,0,4381533,4390722,0,0,0,0,0,1000,1000,5590812
MPCTASK: EXP,0,428,21402,209,565,708,452,-8,-28,1051,1151,56,421,969,700,132,257,700,0,0,0,0,0,0,0,0,0,0,0,0,0,0,0,5,25397,0,25592,0,0,0,0,4317497,4350817,0,0,0,0,0,1000,1000,5590812
MPCTASK: EXP,0,430,21503,230,543,705,229,-214,-52,1114,1290,22,485,869,700,39,131,700,0,0,0,0,0,0,0,0,0,0,0,0,0,0,0,5,26607,0,26952,0,0,0,0,4523145,4582083,0,0,0,0,0,1000,1000,5590812
MPCTASK: EXP,0,432,21603,222,500,693,-25,-432,-87,1112,1299,21,501,745,700,-63,-5,700,0,0,0,0,0,0,0,0,0,0,0,0,0,0,0,5,26900,0,26954,0,0,0,0,4573017,4582369,0,0,0,0,0,1000,1000,5590812
MPCTASK: EXP,0,434,21704,188,431,681,-278,-658,-77,1021,1147,40,469,601,700,-161,-155,700,0,0,0,0,0,0,0,0,0,0,0,0,0,0,0,5,27980,0,28034,0,0,0,0,4756673,4765862,0,0,0,0,0,1000,1000,5590812
MPCTASK: EXP,0,436,21801,129,353,670,-503,-852,-38,924,919,76,390,440,700,-247,-297,700,0,0,0,0,0,0,0,0,0,0,0,0,0,0,0,5,25414,0,25470,0,0,0,0,4320297,4329924,0,0,0,0,0,1000,1000,5590812
MPCTASK: EXP,0,438,21901,82,245,666,-629,-1036,21,711,514,89,274,266,700,-274,-442,700,0,0,0,0,0,0,0,0,0,0,0,0,0,0,0,5,24911,0,24964,0,0,0,0,4234789,4243976,0,0,0,0,0,1000,1000,5590812
MPCTASK: EXP,0,440,22002,11,105,671,-707,-1190,77,429,265,46,131,82,700,-304,-591,700,0,0,0,0,0,0,0,0,0,0,0,0,0,0,0,5,26162,0,26218,0,0,0,0,4447457,4457217,0,0,0,0,0,1000,1000,5590812
MPCTASK: EXP,0,442,22100,-85,-9,681,-762,-1224,106,14,-42,50,-22,-105,700,-330,-677,700,0,0,0,0,0,0,0,0,0,0,0,0,0,0,0,5,23278,0,23342,0,0,0,0,3957165,3968119,0,0,0,0,0,1000,1000,5590812
MPCTASK: EXP,0,444,22203,-96,-126,698,-643,-1193,117,-207,-367,1,-174,-294,700,-247,-749,700,0,0,0,0,0,0,0,0,0,0,0,0,0,0,0,5,25971,0,26027,0,0,0,0,4415021,4424556,0,0,0,0,0,1000,1000,5590812
MPCTASK: EXP,0,446,22305,-160,-218,714,-576,-1110,83,-341,-553,1,-307,-478,700,-218,-782,700,0,0,0,0,0,0,0,0,0,0,0,0,0,0,0,5,28922,0,28976,0,0,0,0,4916653,4926004,0,0,0,0,0,1000,1000,5590812
MPCTASK: EXP,0,448,22403,-198,-288,726,-451,-1006,34,-215,-813,-5,-409,-654,700,-159,-794,700,0,0,0,0,0,0,0,0,0,0,0,0,0,0,0,5,26926,0,26982,0,0,0,0,4577317,4587116,0,0,0,0,0,1000,1000,5590812
MPCTASK: EXP,0,450,22503,-234,-352,728,-301,-927,-22,-140,-1044,-5,-470,-816,700,-104,-792,700,0,0,0,0,0,0,0,0,0,0,0,0,0,0,0,5,27104,0,27281,0,0,0,0,4607630,4637807,0,0,0,0,0,1000,1000,5590812
MPCTASK: EXP,0,452,22603,-249,-410,726,-109,-859,-55,-131,-1165,-23,-484,-960,700,-46,-772,700,0,0,0,0,0,0,0,0,0,0,0,0,0,0,0,5,24516,0,24664,0,0,0,0,4167601,4192947,0,0,0,0,0,1000,1000,5590812
MPCTASK: EXP,0,454,22702,-236,-478,714,126,-791,-93,-254,-1102,-51,-451,-1079,700,16,-742,700,0,0,0,0,0,0,0,0,0,0,0,0,0,0,0,5,23951,0,24004,0,0,0,0,4071677,4080866,0,0,0,0,0,1000,1000,5590812
MPCTASK: EXP,0,456,22801,-207,-522,702,319,-688,-77,-431,-916,-99,-376,-1170,699,61,-676,699,0,0,0,0,0,0,0,0,0,0,0,0,0,0,0,5,23030,0,23084,0,0,0,0,3915041,3924401,0,0,0,0,0,1000,1000,5590812
MPCTASK: EXP,0,458,22901,-158,-552,696,473,-567,-37,-598,-648,-160,-269,-1228,699,88,-599,699,0,0,0,0,0,0,0,0,0,0,0,0,0,0,0,5,22764,0,22817,0,0,0,0,3869861,3879054,0,0,0,0,0,1000,1000,5590812
MPCTASK: EXP,0,460,23002,-108,-573,694,549,-386,3,-795,-160,-214,-144,-1248,699,86,-504,699,0,0,0,0,0,0,0,0,0,0,0,0,0,0,0,5,23172,0,23677,0,0,0,0,3939129,4025220,0,0,0,0,0,1000,1000,5590812
MPCTASK: EXP,0,462,23108,-40,-584,698,568,-208,24,-920,254,-249,-15,-1226,699,87,-425,699,0,0,0,0,0,0,0,0,0,0,0,0,0,0,0,5,29585,0,29639,0,0,0,0,5029405,5038757,0,0,0,0,0,1000,1000,5590812
MPCTASK: EXP,0,464,23207,3,-579,705,486,-19,25,-988,627,-255,99,-1163,699,76,-371,699,0,0,0,0,0,0,0,0,0,0,0,0,0,0,0,5,28281,0,28345,0,0,0,0,4807661,4818673,0,0,0,0,0,1000,1000,5590812
MPCTASK: EXP,0,466,23305,38,-555,713,376,158,20,-940,828,-239,186,-1059,699,56,-306,699,0,0,0,0,0,0,0,0,0,0,0,0,0,0,0,5,26996,0,27057,0,0,0,0,4589249,4599859,0,0,0,0,0,1000,1000,5590812
MPCTASK: EXP,0,468,23407,59,-508,708,208,352,-46,-734,861,-196,236,-919,700,31,-244,700,0,0,0,0,0,0,0,0,0,0,0,0,0,0,0,5,27599,0,27653,0,0,0,0,4691881,4701101,0,0,0,0,0,1000,1000,5590812
MPCTASK: EXP,0,470,23502,62,-459,699,54,476,-53,-440,721,-137,245,-753,700,16,-212,700,0,0,0,0,0,0,0,0,0,0,0,0,0,0,0,5,22211,0,22266,0,0,0,0,3775673,3785212,0,0,0,0,0,1000,1000,5590812
MPCTASK: EXP,0,472,23603,32,-399,691,-96,547,-31,-122,469,-77,217,-574,700,-13,-186,700,0,0,0,0,0,0,0,0,0,0,0,0,0,0,0,5,23896,0,23947,0,0,0,0,4062101,4071150,0,0,0,0,0,1000,1000,5590812
MPCTASK: EXP,0,474,23707,25,-345,686,-146,554,0,150,163,7,162,-401,700,-5,-167,700,0,0,0,0,0,0,0,0,0,0,0,0,0,0,0,5,26824,0,27023,0,0,0,0,4559985,4594018,0,0,0,0,0,1000,1000,5590812
MPCTASK: EXP,0,476,23807,2,-297,695,-157,482,54,427,-122,111,97,-253,700,-13,-153,700,0,0,0,0,0,0,0,0,0,0,0,0,0,0,0,5,26140,0,26192,0,0,0,0,4443673,4452651,0,0,0,0,0,1000,1000,5590812
MPCTASK: EXP,0,478,23907,-6,-254,703,-115,399,42,528,-257,187,41,-148,700,-19,-125,700,0,0,0,0,0,0,0,0,0,0,0,0,0,0,0,5,26150,0,26201,0,0,0,0,4445413,4454328,0,0,0,0,0,1000,1000,5590812
MPCTASK: EXP,0,480,24004,-14,-220,706,-68,313,3,466,-214,225,9,-95,700,-29,-104,700,0,0,0,0,0,0,0,0,0,0,0,0,0,0,0,5,24174,0,24226,0,0,0,0,4109553,4118416,0,0,0,0,0,1000,1000,5590812
MPCTASK: EXP,0,482,24106,-7,-206,703,-20,234,-19,340,-133,229,1,-83,700,-2,-128,700,0,0,0,0,0,0,0,0,0,0,0,0,0,0,0,5,25420,0,26270,0,0,0,0,4321309,4465992,0,0,0,0,0,1000,1000,5590812
MPCTASK: TRAJ DONE: idx=482, max=482; requesting landing
MPCTASK: LANDING: start z=0.70, hold=(-0.01,-0.20)
MPCTASK: TIMING SUMMARY: max_step_cycles=5590812 deadline_cycles=8400000 overruns=0