---
SYS: Crazyflie 2.1 Brushless is up and running!
SYS: Build 2:de14ff9f08ae (2025.09.1 +2) MODIFIED
SYS: I am 0x373930393434471500370039 and I have 1024KB of flash!
CFGBLK: v1, verification [OK]
DECK_DISCOVERY: Backend found: onewire
DECK_DISCOVERY: Backend found: deckctrl
DECK_CORE: 1 deck(s) found
DECK_CORE: Calling INIT on driver bcFlow2 for deck 0
ZR2: Z-down sensor [OK]
PMW: Motion chip id: 0x49:0xB6
IMU: BMI088: Using I2C interface.
IMU: BMI088 Gyro connection [OK].
IMU: BMI088 Accel connection [OK]
IMU: BMP390 I2C connection [OK]
ESTIMATOR: Using Kalman (2) estimator
CONTROLLER: Using PID (1) controller
MTR-DRV: Using brushless motor driver
SYS: About to run tests in system.c.
SYS: NRF51 version: 2026.04 (C21B)
EEPROM: I2C connection [OK].
STORAGE: Storage check [OK].
IMU: BMI088 gyro self-test [OK]
DECK_CORE: Deck 0 test [OK].
SYS: Self test passed!
STAB: Wait for sensor calibration...
SYS: Free heap: 15048 bytes
MPCTASK: Waiting for activation ...
STAB: Starting stabilizer loop
STAB: WARNING: stabilizer loop rate is off (1004)
SUP: Ready to fly
MPCTASK: Benchmark mode 1, maneuver 4, max_iter 5, task_pri 0
MPCTASK: Reference altitude: 0.70 m; barrier skip when z>0.75 and vz>-0.20
MPCTASK: OOT takeoff: GATED cfclient trigger>=0.15m ramp=0.15m/s settle=+/-0.05m,vz<0.10m/s,1000ms timeout=12000ms
MPCTASK: Common baseline: mpc_hz=20 model_hz=20 rho=5 base_w=0 base_qz=1 Qz=100 R=4 bridge=x10 guards=z[ref,ref+0.20] xy=free cap=0.05
MPCTASK: MPC->PID: xyz=x10, z_guard=[ref,ref+0.20], yaw=raw_rz, output_hold=200ms, safety_hold=500ms
MPCTASK: Reference origin: xy=post_takeoff_settle z=0.70 m
MPCTASK: Fixed baseline: w=0 qz=1 adaptive_cache=off
MPCTASK: MPC-CBF analytic LTV rows: always_on=1 horizon=20 gate=off floor_z=0.70 margin=0
MPCTASK: EXP every=2: m,s,tms,p3[mm],v3[mmps],att3[cdeg],ref3[mm],cmd3[mm],h/raw/grad/mar/thr[milli],act/ac/bind,wi/qi/cache/noa,pa/pf/du[milli],it,mpc/eval/total[us],bar/tanh/rl/cache/solve/step[cycles],overruns,post_active/post_infeasible_totals,wreq/w/qzreq/qz[milli],max_step_cycles
MPCTASK: Figure8: source=traj_fig8_12.h source_hz=100 samples=1205 laps=2 duration=24.07 s origin=post_takeoff_settle z_offset=0.09 m
CONTROLLER: Using OutOfTree (6) controller
MPCTASK: Trajectory origin: x=-0.02 y=-0.13
MPCTASK: OOT activated at z=0.01
MPCTASK: TAKEOFF START: trigger_z=0.15 start_z=0.01 target=0.70 hold=(-0.02,-0.11) ramp=0.15m/s
MPCTASK: OOT loop 1 done
MPCTASK: OOT loop 2 done
MPCTASK: OOT loop 3 done
MPCTASK: MPC task loop 1
MPCTASK: x0: pos=(-0.02,-0.11,0.01) vel=(0.0,-0.0,-0.0)
MPCTASK: ref: (-0.02,-0.11,0.01)
MPCTASK: SAFE TV mode=1: h=-0.689 raw=0.010 grad=1.019 margin=0.0 thr=0.0 active0=1 active_count=20 eval=0 us
MPCTASK: Cache level changed: 0 -> 1
MPCTASK: MPC solve start
MPCTASK: MPC solve done, iter=5
MPCTASK: MPC time=24790 us
MPCTASK: MPC stack free=1103 words
MPCTASK: setpoint: x=-0.02 y=-0.11 z=0.07 preview_z=0.07
MPCTASK: MPC task loop 2
MPCTASK: MPC task loop 3
MPCTASK: TAKEOFF SETTLING: z=0.74 vz=-0.02; hold for 1000ms
MPCTASK: TAKEOFF SETTLING: z=0.74 vz=-0.0; hold for 1000ms
MPCTASK: TAKEOFF COMPLETE: t=9074ms z=0.72 vz=-0.02; trajectory queued origin=(-0.02,-0.05)
MPCTASK: TRAJ START: z=0.72 origin=(-0.02,-0.05) EXP clock reset; Z metric begins at t+3s
MPCTASK: EXP,1,2,76,-35,-43,724,-41,-129,-31,260,-111,-373,-30,-54,700,-95,227,700,18,718,1019,0,0,1,20,19,0,0,0,0,0,0,0,5,25477,0,26019,0,0,0,0,4331027,4423309,0,0,0,0,0,1000,1000,4837962
MPCTASK: EXP,1,4,177,-30,-46,721,-8,-107,-15,-571,-27,-415,-41,-35,700,-47,301,700,18,718,1019,0,0,1,20,19,0,0,0,0,0,0,0,5,24325,0,25802,0,0,0,0,4135116,4386359,0,0,0,0,0,1000,1000,4837962
MPCTASK: EXP,1,6,275,-39,-76,730,-33,34,24,-1516,290,-387,-75,31,700,-22,372,704,30,730,1000,0,0,1,20,18,0,0,0,0,0,0,0,5,24098,0,24295,0,0,0,0,4096603,4130277,0,0,0,0,0,1000,1000,4837962
MPCTASK: EXP,1,8,375,-42,-66,737,-54,311,3,-1811,163,-440,-128,150,700,27,455,704,37,737,1000,0,0,1,20,18,0,0,0,0,0,0,0,5,24883,0,25066,0,0,0,0,4229955,4261285,0,0,0,0,0,1000,1000,4837962
MPCTASK: EXP,1,10,475,-60,-12,736,-55,619,-45,-1697,-113,-471,-183,310,700,71,548,702,27,727,1019,0,0,1,20,18,0,0,0,0,0,0,0,5,24261,0,24707,0,0,0,0,4124327,4200190,0,0,0,0,0,1000,1000,4837962
MPCTASK: EXP,1,12,577,-66,49,718,10,877,-101,-1302,-446,-489,-221,489,700,129,609,700,-1,698,1019,0,0,1,20,20,0,0,0,0,0,0,0,5,26094,0,26467,0,0,0,0,4435891,4499605,0,0,0,0,0,1000,1000,4837962
MPCTASK: EXP,1,14,682,-58,165,707,138,1094,-44,-682,-726,-460,-229,668,700,196,678,700,-1,698,1019,0,0,1,20,20,0,0,0,0,0,0,0,5,30030,0,30226,0,0,0,0,5105033,5138519,0,0,0,0,0,1000,1000,5138519
MPCTASK: EXP,1,16,775,-38,256,699,292,1123,2,-1,-845,-405,-198,828,700,250,674,700,0,699,1000,0,0,1,20,20,0,0,0,0,0,0,0,5,22053,0,23927,0,0,0,0,3748887,4067551,0,0,0,0,0,1000,1000,5138519
MPCTASK: EXP,1,18,877,-19,358,707,405,1058,62,492,-720,-288,-129,957,699,263,660,699,7,707,1000,0,0,1,20,19,0,0,0,0,0,0,0,5,25688,0,26104,0,0,0,0,4366735,4437878,0,0,0,0,0,1000,1000,5138519
MPCTASK: EXP,1,20,977,42,474,715,529,936,42,904,-418,-138,-28,1046,699,287,640,702,15,715,1000,0,0,1,20,19,0,0,0,0,0,0,0,5,22518,0,22974,0,0,0,0,3828024,3905757,0,0,0,0,0,1000,1000,5138519
MPCTASK: EXP,1,22,1077,103,542,726,577,765,32,1205,-6,-14,90,1092,699,276,577,704,26,726,1000,0,0,1,20,19,0,0,0,0,0,0,0,5,23106,0,24280,0,0,0,0,3928027,4127635,0,0,0,0,0,1000,1000,5138519
MPCTASK: EXP,1,24,1179,155,585,732,541,520,-7,1358,431,100,212,1094,699,230,483,703,30,730,1019,0,0,1,20,19,0,0,0,0,0,0,0,5,25618,0,26055,0,0,0,0,4354975,4429327,0,0,0,0,0,1000,1000,5138519
MPCTASK: EXP,1,26,1277,194,603,728,433,252,-62,1375,817,207,322,1055,699,156,373,701,15,715,1019,0,0,1,20,19,0,0,0,0,0,0,0,5,24122,0,24430,0,0,0,0,4100684,4153107,0,0,0,0,0,1000,1000,5138519
MPCTASK: EXP,1,28,1377,236,512,718,285,-149,-80,1267,1012,246,405,979,700,94,158,700,2,702,1019,0,0,1,20,19,0,0,0,0,0,0,0,5,22372,0,23157,0,0,0,0,3803071,3936883,0,0,0,0,0,1000,1000,5138519
MPCTASK: EXP,1,30,1477,240,476,703,80,-391,-86,1028,1235,311,449,870,700,-13,32,700,-13,686,1019,0,0,1,20,20,0,0,0,0,0,0,0,5,23220,0,23762,0,0,0,0,3947384,4039696,0,0,0,0,0,1000,1000,5138519
MPCTASK: EXP,1,32,1579,238,417,699,-149,-596,-19,887,1360,359,448,736,700,-108,-104,700,-4,695,1019,0,0,1,20,20,0,0,0,0,0,0,0,5,25666,0,26347,0,0,0,0,4363143,4478962,0,0,0,0,0,1000,1000,5138519
MPCTASK: EXP,1,34,1679,235,303,699,-362,-809,19,672,1222,310,401,580,700,-168,-270,700,0,699,1000,0,0,1,20,20,0,0,0,0,0,0,0,5,24600,0,25157,0,0,0,0,4181975,4276818,0,0,0,0,0,1000,1000,5138519
MPCTASK: EXP,1,36,1778,163,252,698,-579,-892,21,555,1038,405,310,408,700,-259,-362,700,-1,698,1000,0,0,1,20,20,0,0,0,0,0,0,0,5,23995,0,24520,0,0,0,0,4079136,4168517,0,0,0,0,0,1000,1000,5138519
MPCTASK: EXP,1,38,1884,65,179,698,-759,-990,30,536,674,407,185,225,700,-335,-467,701,-1,698,1000,0,0,1,20,20,0,0,0,0,0,0,0,5,28982,0,30301,0,0,0,0,4926874,5151195,0,0,0,0,0,1000,1000,5151195
MPCTASK: EXP,1,40,1981,-13,112,700,-821,-1040,45,433,177,340,38,37,700,-345,-545,701,0,700,1000,0,0,1,20,20,0,0,0,0,0,0,0,5,27483,0,27847,0,0,0,0,4671951,4733973,0,0,0,0,0,1000,1000,5151195
MPCTASK: EXP,1,42,2080,-109,3,705,-833,-1117,65,347,-219,231,-116,-152,700,-350,-651,703,5,705,1000,0,0,1,20,20,0,0,0,0,0,0,0,5,25787,0,25993,0,0,0,0,4383643,4418925,0,0,0,0,0,1000,1000,5151195
MPCTASK: EXP,1,44,2180,-175,-56,721,-740,-1076,99,118,-607,111,-264,-338,700,-303,-678,706,21,721,1000,0,0,1,20,19,0,0,0,0,0,0,0,5,25072,0,25269,0,0,0,0,4262163,4295853,0,0,0,0,0,1000,1000,5151195
MPCTASK: EXP,1,46,2277,-198,-164,739,-575,-1070,95,28,-825,-105,-388,-516,700,-213,-750,708,39,739,1000,0,0,1,20,19,0,0,0,0,0,0,0,5,22458,0,22655,0,0,0,0,3817739,3851439,0,0,0,0,0,1000,1000,5151195
MPCTASK: EXP,1,48,2378,-246,-258,749,-436,-1046,31,-99,-964,-154,-479,-683,700,-155,-795,707,49,749,1000,0,0,1,20,19,0,0,0,0,0,0,0,5,23736,0,23932,0,0,0,0,4035047,4068555,0,0,0,0,0,1000,1000,5151195
MPCTASK: EXP,1,50,2479,-283,-351,750,-266,-1013,-33,-147,-1192,-187,-525,-833,700,-83,-834,705,44,744,1019,0,0,1,20,19,0,0,0,0,0,0,0,5,23495,0,23815,0,0,0,0,3993983,4048624,0,0,0,0,0,1000,1000,5151195
MPCTASK: EXP,1,52,2578,-296,-430,746,-52,-956,-67,-266,-1323,-228,-522,-965,700,-4,-845,703,33,733,1019,0,0,1,20,19,0,0,0,0,0,0,0,5,22763,0,22959,0,0,0,0,3869592,3903099,0,0,0,0,0,1000,1000,5151195
MPCTASK: EXP,1,54,2676,-291,-503,740,177,-881,-74,-349,-1354,-270,-472,-1074,700,73,-842,702,25,725,1019,0,0,1,20,19,0,0,0,0,0,0,0,5,21954,0,22151,0,0,0,0,3732135,3765830,0,0,0,0,0,1000,1000,5151195
MPCTASK: EXP,1,56,2781,-265,-568,729,406,-795,-89,-451,-1249,-309,-377,-1157,700,140,-823,700,11,711,1019,0,0,1,20,19,0,0,0,0,0,0,0,5,27005,0,27201,0,0,0,0,4590687,4624196,0,0,0,0,0,1000,1000,5151195
MPCTASK: EXP,1,58,2883,-227,-623,718,597,-684,-70,-555,-981,-353,-249,-1214,700,181,-784,700,4,704,1019,0,0,1,20,19,0,0,0,0,0,0,0,5,27263,0,28274,0,0,0,0,4634731,4806804,0,0,0,0,0,1000,1000,5151195
MPCTASK: EXP,1,60,2977,-164,-667,713,750,-556,-26,-667,-642,-397,-99,-1243,700,211,-727,700,8,708,1019,0,0,1,20,19,0,0,0,0,0,0,0,5,22606,0,22803,0,0,0,0,3842911,3876601,0,0,0,0,0,1000,1000,5151195
MPCTASK: EXP,1,62,3081,-107,-695,712,808,-404,5,-786,-183,-434,57,-1242,700,196,-649,701,12,712,1000,0,0,1,20,19,0,0,0,0,0,0,0,5,26194,0,26391,0,0,0,0,4452776,4486474,0,0,0,0,0,1000,1000,5151195
MPCTASK: EXP,1,64,3179,-34,-705,715,808,-220,26,-919,281,-432,206,-1212,700,170,-547,702,15,715,1000,0,0,1,20,19,0,0,0,0,0,0,0,5,24250,0,24740,0,0,0,0,4122392,4205809,0,0,0,0,0,1000,1000,5151195
MPCTASK: EXP,1,66,3278,11,-708,727,695,-40,44,-976,726,-386,331,-1154,700,98,-445,704,27,727,1000,0,0,1,20,19,0,0,0,0,0,0,0,5,22978,0,23314,0,0,0,0,3906235,3963423,0,0,0,0,0,1000,1000,5151195
MPCTASK: EXP,1,68,3380,48,-692,735,528,151,19,-1030,1060,-303,421,-1069,700,13,-327,704,35,735,1000,0,0,1,20,19,0,0,0,0,0,0,0,5,25397,0,25593,0,0,0,0,4317431,4350943,0,0,0,0,0,1000,1000,5151195
MPCTASK: EXP,1,70,3476,66,-653,734,321,356,-46,-1053,1219,-217,467,-958,700,-73,-196,702,24,724,1019,0,0,1,20,19,0,0,0,0,0,0,0,5,21330,0,21783,0,0,0,0,3625967,3703223,0,0,0,0,0,1000,1000,5151195
MPCTASK: EXP,1,72,3579,70,-592,725,91,568,-76,-998,1268,-106,464,-826,700,-161,-53,700,9,709,1019,0,0,1,20,19,0,0,0,0,0,0,0,5,24296,0,25065,0,0,0,0,4130283,4261220,0,0,0,0,0,1000,1000,5151195
MPCTASK: EXP,1,74,3678,41,-520,713,-161,759,-81,-908,1183,-11,413,-674,700,-254,83,700,-2,697,1019,0,0,1,20,20,0,0,0,0,0,0,0,5,22697,0,23033,0,0,0,0,3858487,3915659,0,0,0,0,0,1000,1000,5151195
MPCTASK: EXP,1,76,3778,-18,-449,705,-392,908,-53,-797,944,35,319,-507,700,-337,203,700,-5,694,1019,0,0,1,20,20,0,0,0,0,0,0,0,5,23896,0,24300,0,0,0,0,4062235,4131004,0,0,0,0,0,1000,1000,5151195
MPCTASK: EXP,1,78,3877,-99,-358,703,-572,1038,2,-574,579,74,190,-329,700,-401,318,700,3,703,1000,0,0,1,20,20,0,0,0,0,0,0,0,5,22836,0,23033,0,0,0,0,3881927,3915607,0,0,0,0,0,1000,1000,5151195
MPCTASK: EXP,1,80,3980,-182,-217,702,-667,1164,22,-267,84,152,40,-145,700,-421,457,701,2,702,1000,0,0,1,20,20,0,0,0,0,0,0,0,5,24854,0,25549,0,0,0,0,4225068,4343422,0,0,0,0,0,1000,1000,5151195
MPCTASK: EXP,1,82,4078,-244,-121,706,-639,1150,55,93,-357,201,-117,41,700,-389,518,703,6,706,1000,0,0,1,20,19,0,0,0,0,0,0,0,5,22568,0,22903,0,0,0,0,3836404,3893599,0,0,0,0,0,1000,1000,5151195
MPCTASK: EXP,1,84,4178,-298,-5,719,-548,1122,73,202,-691,249,-265,226,700,-335,600,704,19,719,1000,0,0,1,20,19,0,0,0,0,0,0,0,5,23856,0,24052,0,0,0,0,4055439,4089036,0,0,0,0,0,1000,1000,5151195
MPCTASK: EXP,1,86,4284,-328,74,728,-393,1051,29,154,-950,236,-391,404,700,-250,643,704,28,728,1000,0,0,1,20,19,0,0,0,0,0,0,0,5,29798,0,29994,0,0,0,0,5065531,5099226,0,0,0,0,0,1000,1000,5151195
MPCTASK: EXP,1,88,4377,-341,146,731,-200,991,-19,70,-1155,213,-481,570,700,-149,674,703,27,727,1019,0,0,1,20,19,0,0,0,0,0,0,0,5,22499,0,22842,0,0,0,0,3824784,3883173,0,0,0,0,0,1000,1000,5151195
MPCTASK: EXP,1,90,4477,-339,217,726,17,949,-65,51,-1236,179,-527,721,700,-48,698,700,13,713,1019,0,0,1,20,19,0,0,0,0,0,0,0,5,21716,0,22049,0,0,0,0,3691700,3748557,0,0,0,0,0,1000,1000,5151195
MPCTASK: EXP,1,92,4576,-303,274,717,267,892,-69,63,-1234,170,-524,853,700,67,698,700,3,703,1019,0,0,1,20,19,0,0,0,0,0,0,0,5,21548,0,21746,0,0,0,0,3663115,3696798,0,0,0,0,0,1000,1000,5151195
MPCTASK: EXP,1,94,4682,-252,323,708,491,828,-63,127,-1016,201,-473,962,700,160,681,700,-4,695,1019,0,0,1,20,20,0,0,0,0,0,0,0,5,28030,0,28226,0,0,0,0,4764919,4798614,0,0,0,0,0,1000,1000,5151195
MPCTASK: EXP,1,96,4779,-184,380,696,668,770,-53,217,-703,247,-378,1047,700,233,663,700,-13,686,1019,0,0,1,20,20,0,0,0,0,0,0,0,5,24458,0,24937,0,0,0,0,4157679,4239239,0,0,0,0,0,1000,1000,5151195
MPCTASK: EXP,1,98,4881,-62,386,689,846,628,-18,346,-379,319,-249,1104,700,328,580,700,-13,686,1019,0,0,1,20,20,0,0,0,0,0,0,0,5,24917,0,25253,0,0,0,0,4235839,4293021,0,0,0,0,0,1000,1000,5151195
MPCTASK: EXP,1,100,4979,51,468,692,913,599,34,425,136,266,-99,1133,700,364,578,700,-7,692,1000,0,0,1,20,20,0,0,0,0,0,0,0,5,22868,0,23065,0,0,0,0,3887359,3921051,0,0,0,0,0,1000,1000,5151195
MPCTASK: EXP,1,102,5084,125,501,704,839,471,70,687,562,249,57,1132,700,329,501,707,4,704,1000,0,0,1,20,20,0,0,0,0,0,0,0,5,28720,0,28917,0,0,0,0,4882303,4915985,0,0,0,0,0,1000,1000,5151195
MPCTASK: EXP,1,104,5179,246,529,718,779,329,63,810,956,163,206,1103,700,325,425,708,18,718,1000,0,0,1,20,20,0,0,0,0,0,0,0,5,23153,0,24096,0,0,0,0,3935835,4096255,0,0,0,0,0,1000,1000,5151195
MPCTASK: EXP,1,106,5280,290,542,725,560,165,13,916,1363,130,331,1044,700,226,332,705,25,725,1000,0,0,1,20,19,0,0,0,0,0,0,0,5,24103,0,24300,0,0,0,0,4097407,4131006,0,0,0,0,0,1000,1000,5151195
MPCTASK: EXP,1,108,5380,332,543,726,326,-10,-37,1002,1478,118,421,959,700,142,229,703,18,718,1019,0,0,1,20,19,0,0,0,0,0,0,0,5,23996,0,24204,0,0,0,0,4079224,4114883,0,0,0,0,0,1000,1000,5151195
MPCTASK: EXP,1,110,5477,324,516,715,32,-227,-92,1085,1549,141,467,849,700,17,99,700,-2,697,1019,0,0,1,20,20,0,0,0,0,0,0,0,5,21861,0,22058,0,0,0,0,3716299,3749982,0,0,0,0,0,1000,1000,5151195
MPCTASK: EXP,1,112,5579,283,460,701,-271,-472,-100,1080,1394,197,464,716,700,-106,-51,700,-18,681,1019,0,0,1,20,20,0,0,0,0,0,0,0,5,24110,0,24534,0,0,0,0,4098647,4170878,0,0,0,0,0,1000,1000,5151195
MPCTASK: EXP,1,114,5680,213,416,682,-541,-678,-81,1019,1124,289,413,564,700,-221,-176,700,-34,665,1019,0,0,1,20,20,0,0,0,0,0,0,0,5,24100,0,24297,0,0,0,0,4096799,4130489,0,0,0,0,0,1000,1000,5151195
MPCTASK: EXP,1,116,5780,155,342,676,-704,-873,2,945,761,305,319,397,700,-281,-311,700,-23,676,1000,0,0,1,20,20,0,0,0,0,0,0,0,5,24050,0,24248,0,0,0,0,4088544,4122222,0,0,0,0,0,1000,1000,5151195
MPCTASK: EXP,1,118,5880,85,268,679,-792,-1005,62,703,354,266,190,219,700,-310,-414,700,-20,679,1000,0,0,1,20,20,0,0,0,0,0,0,0,5,25053,0,25251,0,0,0,0,4259023,4292715,0,0,0,0,0,1000,1000,5151195
MPCTASK: EXP,1,120,5977,4,162,688,-821,-1107,87,427,17,161,39,35,700,-326,-521,700,-11,688,1000,0,0,1,20,20,0,0,0,0,0,0,0,5,21296,0,21677,0,0,0,0,3620391,3685309,0,0,0,0,0,1000,1000,5151195
MPCTASK: EXP,1,122,6082,-54,70,700,-778,-1125,100,138,-195,49,-117,-151,700,-301,-590,701,0,700,1000,0,0,1,20,20,0,0,0,0,0,0,0,5,26190,0,26386,0,0,0,0,4452147,4485622,0,0,0,0,0,1000,1000,5151195
MPCTASK: EXP,1,124,6180,-124,-44,717,-722,-1128,105,-75,-448,-60,-265,-336,700,-271,-672,705,17,717,1000,0,0,1,20,20,0,0,0,0,0,0,0,5,23620,0,25129,0,0,0,0,4015271,4272004,0,0,0,0,0,1000,1000,5151195
MPCTASK: EXP,1,126,6281,-177,-145,733,-613,-1092,75,-153,-698,-149,-391,-514,700,-214,-731,712,33,733,1000,0,0,1,20,20,0,0,0,0,0,0,0,5,25832,0,26030,0,0,0,0,4391471,4425158,0,0,0,0,0,1000,1000,5151195
MPCTASK: EXP,1,128,6378,-227,-245,742,-476,-1056,27,-165,-963,-221,-481,-680,700,-151,-786,710,42,742,1000,0,0,1,20,20,0,0,0,0,0,0,0,5,21546,0,22098,0,0,0,0,3662855,3756802,0,0,0,0,0,1000,1000,5151195
MPCTASK: EXP,1,130,6480,-255,-331,744,-289,-1010,-30,-147,-1193,-286,-527,-831,700,-69,-820,707,38,738,1019,0,0,1,20,19,0,0,0,0,0,0,0,5,23329,0,23527,0,0,0,0,3965863,3999562,0,0,0,0,0,1000,1000,5151195
MPCTASK: EXP,1,132,6579,-270,-429,739,-74,-989,-72,-227,-1318,-346,-524,-963,700,8,-856,704,25,725,1019,0,0,1,20,19,0,0,0,0,0,0,0,5,22855,0,23053,0,0,0,0,3885355,3919041,0,0,0,0,0,1000,1000,5151195
MPCTASK: EXP,1,134,6681,-261,-513,730,167,-937,-88,-339,-1354,-433,-473,-1072,700,91,-866,701,12,712,1019,0,0,1,20,19,0,0,0,0,0,0,0,5,24684,0,25301,0,0,0,0,4196131,4301237,0,0,0,0,0,1000,1000,5151195
MPCTASK: EXP,1,136,6781,-223,-582,720,416,-850,-78,-500,-1195,-525,-378,-1157,700,169,-845,700,4,704,1019,0,0,1,20,19,0,0,0,0,0,0,0,5,22390,0,23285,0,0,0,0,3806100,3958395,0,0,0,0,0,1000,1000,5151195
MPCTASK: EXP,1,138,6884,-175,-644,709,613,-737,-59,-657,-884,-567,-249,-1214,700,217,-807,700,-2,697,1019,0,0,1,20,20,0,0,0,0,0,0,0,5,26840,0,27037,0,0,0,0,4562779,4596474,0,0,0,0,0,1000,1000,5151195
MPCTASK: EXP,1,140,6981,-105,-682,702,755,-576,-27,-795,-466,-580,-99,-1243,700,246,-736,700,-3,696,1019,0,0,1,20,20,0,0,0,0,0,0,0,5,24099,0,24296,0,0,0,0,4096683,4130377,0,0,0,0,0,1000,1000,5151195
MPCTASK: EXP,1,142,7081,-45,-718,703,788,-412,16,-872,-18,-541,57,-1242,700,226,-663,700,3,703,1000,0,0,1,20,20,0,0,0,0,0,0,0,5,23800,0,24353,0,0,0,0,4045803,4140246,0,0,0,0,0,1000,1000,5151195
MPCTASK: EXP,1,144,7181,29,-733,709,768,-224,41,-966,419,-457,206,-1212,700,199,-565,700,9,709,1000,0,0,1,20,19,0,0,0,0,0,0,0,5,22959,0,23296,0,0,0,0,3902967,3960317,0,0,0,0,0,1000,1000,5151195
MPCTASK: EXP,1,146,7281,79,-734,715,650,-28,22,-1061,801,-357,331,-1154,700,130,-455,701,15,715,1000,0,0,1,20,19,0,0,0,0,0,0,0,5,23455,0,23652,0,0,0,0,3987283,4020977,0,0,0,0,0,1000,1000,5151195
MPCTASK: EXP,1,148,7382,128,-716,719,493,177,-9,-1116,1100,-229,421,-1069,700,60,-333,701,17,717,1019,0,0,1,20,19,0,0,0,0,0,0,0,5,24852,0,25049,0,0,0,0,4224799,4258497,0,0,0,0,0,1000,1000,5151195
MPCTASK: EXP,1,150,7484,154,-669,716,285,401,-57,-1125,1308,-87,467,-958,700,-27,-192,700,5,705,1019,0,0,1,20,19,0,0,0,0,0,0,0,5,26548,0,27055,0,0,0,0,4513075,4599417,0,0,0,0,0,1000,1000,5151195
MPCTASK: EXP,1,152,7581,157,-596,709,36,630,-78,-1069,1371,48,464,-826,700,-119,-37,700,-6,693,1019,0,0,1,20,20,0,0,0,0,0,0,0,5,23238,0,23685,0,0,0,0,3950440,4026565,0,0,0,0,0,1000,1000,5151195
MPCTASK: EXP,1,154,7684,142,-498,702,-214,847,-62,-952,1277,177,413,-674,700,-201,123,700,-10,689,1019,0,0,1,20,20,0,0,0,0,0,0,0,5,26555,0,26811,0,0,0,0,4514295,4557857,0,0,0,0,0,1000,1000,5151195
MPCTASK: EXP,1,156,7784,88,-405,694,-459,1001,-41,-715,1037,244,319,-507,700,-284,252,700,-13,686,1019,0,0,1,20,20,0,0,0,0,0,0,0,5,26371,0,26811,0,0,0,0,4483051,4557913,0,0,0,0,0,1000,1000,5151195
MPCTASK: EXP,1,158,7885,74,-338,690,-569,1038,-2,-356,675,312,190,-329,700,-282,318,700,-9,690,1019,0,0,1,20,20,0,0,0,0,0,0,0,5,27574,0,28014,0,0,0,0,4687511,4762405,0,0,0,0,0,1000,1000,5151195
MPCTASK: EXP,1,160,7980,9,-244,691,-669,1062,31,-140,347,321,39,-145,700,-300,404,700,-8,691,1000,0,0,1,20,20,0,0,0,0,0,0,0,5,23080,0,23381,0,0,0,0,3923587,3974989,0,0,0,0,0,1000,1000,5151195
MPCTASK: EXP,1,162,8084,-11,-175,696,-629,1010,50,30,-91,325,-117,41,700,-234,446,700,-3,696,1000,0,0,1,20,20,0,0,0,0,0,0,0,5,25920,0,26118,0,0,0,0,4406387,4440077,0,0,0,0,0,1000,1000,5151195
MPCTASK: EXP,1,164,8185,-125,-51,705,-658,1040,52,8,-462,266,-265,226,700,-251,556,700,5,705,1000,0,0,1,20,20,0,0,0,0,0,0,0,5,27673,0,27869,0,0,0,0,4704267,4737783,0,0,0,0,0,1000,1000,5151195
MPCTASK: EXP,1,166,8282,-178,35,719,-543,1011,53,16,-842,235,-391,404,700,-186,611,705,19,719,1000,0,0,1,20,20,0,0,0,0,0,0,0,5,24748,0,25236,0,0,0,0,4207063,4290249,0,0,0,0,0,1000,1000,5151195
MPCTASK: EXP,1,168,8381,-225,99,725,-389,964,11,-72,-1097,184,-481,570,700,-119,642,705,25,725,1000,0,0,1,20,20,0,0,0,0,0,0,0,5,22605,0,22941,0,0,0,0,3842856,3900002,0,0,0,0,0,1000,1000,5151195
MPCTASK: EXP,1,170,8480,-261,142,724,-202,914,-35,-206,-1317,153,-527,721,700,-43,651,703,17,717,1019,0,0,1,20,19,0,0,0,0,0,0,0,5,22218,0,22641,0,0,0,0,3777016,3849157,0,0,0,0,0,1000,1000,5151195
MPCTASK: EXP,1,172,8581,-247,225,720,56,938,-64,-133,-1332,153,-524,853,700,59,686,701,7,707,1019,0,0,1,20,19,0,0,0,0,0,0,0,5,23806,0,24003,0,0,0,0,4046939,4080447,0,0,0,0,0,1000,1000,5151195
MPCTASK: EXP,1,174,8684,-207,313,708,315,943,-91,56,-1180,159,-473,962,700,157,707,700,-9,690,1019,0,0,1,20,20,0,0,0,0,0,0,0,5,26481,0,26981,0,0,0,0,4501599,4586717,0,0,0,0,0,1000,1000,5151195
MPCTASK: EXP,1,176,8780,-140,378,695,537,894,-77,272,-930,186,-378,1047,700,244,692,700,-20,679,1019,0,0,1,20,20,0,0,0,0,0,0,0,5,22634,0,23235,0,0,0,0,3847631,3950124,0,0,0,0,0,1000,1000,5151195
MPCTASK: EXP,1,178,8883,-65,438,682,703,773,-43,511,-503,220,-249,1104,700,295,645,700,-26,673,1019,0,0,1,20,20,0,0,0,0,0,0,0,5,25839,0,26036,0,0,0,0,4392559,4426253,0,0,0,0,0,1000,1000,5151195
MPCTASK: EXP,1,180,8986,18,481,682,780,628,11,683,-92,237,-99,1133,700,319,580,700,-17,682,1000,0,0,1,20,20,0,0,0,0,0,0,0,5,28442,0,28976,0,0,0,0,4835095,4925894,0,0,0,0,0,1000,1000,5151195
MPCTASK: EXP,1,182,9080,95,506,688,785,473,39,792,256,239,57,1132,700,310,501,700,-11,688,1000,0,0,1,20,20,0,0,0,0,0,0,0,5,23351,0,23557,0,0,0,0,3969576,4004706,0,0,0,0,0,1000,1000,5151195
MPCTASK: EXP,1,184,9181,173,550,700,692,316,42,923,762,186,206,1103,700,261,430,700,0,700,1000,0,0,1,20,20,0,0,0,0,0,0,0,5,23454,0,23652,0,0,0,0,3987167,4020859,0,0,0,0,0,1000,1000,5151195
MPCTASK: EXP,1,186,9280,229,592,708,535,176,25,1061,1100,147,331,1045,700,190,361,701,8,708,1000,0,0,1,20,20,0,0,0,0,0,0,0,5,22184,0,22389,0,0,0,0,3771195,3806093,0,0,0,0,0,1000,1000,5151195
MPCTASK: EXP,1,188,9380,270,583,712,338,-40,-9,1152,1298,123,420,960,700,111,242,701,11,711,1019,0,0,1,20,20,0,0,0,0,0,0,0,5,23095,0,23292,0,0,0,0,3926023,3959714,0,0,0,0,0,1000,1000,5151195
MPCTASK: EXP,1,190,9484,287,565,709,132,-230,-52,1130,1414,129,466,850,700,24,128,700,-1,698,1019,0,0,1,20,20,0,0,0,0,0,0,0,5,26422,0,26860,0,0,0,0,4491623,4566210,0,0,0,0,0,1000,1000,5151195
MPCTASK: EXP,1,192,9580,286,483,699,-144,-525,-72,1134,1411,138,463,718,700,-70,-55,700,-14,685,1019,0,0,1,20,20,0,0,0,0,0,0,0,5,22387,0,22583,0,0,0,0,3805691,3839227,0,0,0,0,0,1000,1000,5151195
MPCTASK: EXP,1,194,9683,261,384,687,-388,-782,-64,1001,1250,159,411,567,700,-153,-230,700,-25,674,1019,0,0,1,20,20,0,0,0,0,0,0,0,5,25213,0,25411,0,0,0,0,4286107,4319810,0,0,0,0,0,1000,1000,5151195
MPCTASK: EXP,1,196,9784,178,282,675,-635,-980,-29,703,923,203,317,400,700,-250,-376,700,-29,670,1019,0,0,1,20,20,0,0,0,0,0,0,0,5,26083,0,26619,0,0,0,0,4434023,4525320,0,0,0,0,0,1000,1000,5151195
MPCTASK: EXP,1,198,9880,119,217,674,-754,-1054,32,525,595,179,188,221,700,-284,-461,700,-25,674,1000,0,0,1,20,20,0,0,0,0,0,0,0,5,22528,0,22726,0,0,0,0,3829651,3863463,0,0,0,0,0,1000,1000,5151195
MPCTASK: EXP,1,200,9983,38,119,682,-821,-1104,88,245,203,95,39,36,700,-304,-550,700,-17,682,1000,0,0,1,20,20,0,0,0,0,0,0,0,5,25460,0,26043,0,0,0,0,4328079,4427313,0,0,0,0,0,1000,1000,5151195
MPCTASK: EXP,1,202,10083,-32,12,694,-813,-1123,105,78,-147,2,-115,-153,700,-291,-637,703,-5,694,1000,0,0,1,20,20,0,0,0,0,0,0,0,5,26071,0,26268,0,0,0,0,4431987,4465717,0,0,0,0,0,1000,1000,5151195
MPCTASK: EXP,1,204,10180,-108,-78,710,-760,-1097,95,-26,-477,-55,-261,-340,700,-268,-691,713,10,710,1000,0,0,1,20,20,0,0,0,0,0,0,0,5,22653,0,23275,0,0,0,0,3850927,3956935,0,0,0,0,0,1000,1000,5151195
MPCTASK: EXP,1,206,10281,-157,-150,732,-655,-1045,101,-98,-755,-125,-384,-522,700,-217,-716,715,32,732,1000,0,0,1,20,20,0,0,0,0,0,0,0,5,23336,0,23783,0,0,0,0,3967095,4043223,0,0,0,0,0,1000,1000,5151195
MPCTASK: EXP,1,208,10385,-209,-225,742,-487,-980,21,-14,-1023,-170,-470,-693,700,-160,-736,711,42,742,1000,0,0,1,20,20,0,0,0,0,0,0,0,5,27352,0,27549,0,0,0,0,4649667,4683410,0,0,0,0,0,1000,1000,5151195
MPCTASK: EXP,1,210,10484,-235,-303,740,-291,-958,-58,-6,-1197,-204,-512,-848,700,-96,-749,706,28,728,1019,0,0,1,20,20,0,0,0,0,0,0,0,5,25800,0,26531,0,0,0,0,4385987,4510333,0,0,0,0,0,1000,1000,5151195
MPCTASK: EXP,1,212,10582,-240,-386,732,-65,-936,-90,-159,-1229,-220,-507,-982,700,-33,-745,703,14,714,1019,0,0,1,20,20,0,0,0,0,0,0,0,5,24901,0,25097,0,0,0,0,4233011,4266559,0,0,0,0,0,1000,1000,5151195
MPCTASK: EXP,1,214,10684,-224,-448,723,144,-868,-91,-408,-1111,-226,-457,-1091,700,16,-699,700,5,705,1019,0,0,1,20,20,0,0,0,0,0,0,0,5,25155,0,25738,0,0,0,0,4276192,4375579,0,0,0,0,0,1000,1000,5151195
MPCTASK: EXP,1,216,10780,-180,-513,712,350,-754,-90,-689,-816,-194,-368,-1169,699,59,-640,699,-5,694,1019,0,0,1,20,20,0,0,0,0,0,0,0,5,22793,0,22989,0,0,0,0,3874751,3908299,0,0,0,0,0,1000,1000,5151195
MPCTASK: EXP,1,218,10880,-132,-560,701,480,-579,-70,-952,-408,-173,-252,-1212,699,74,-556,699,-12,687,1019,0,0,1,20,20,0,0,0,0,0,0,0,5,23013,0,23210,0,0,0,0,3912211,3945759,0,0,0,0,0,1000,1000,5151195
MPCTASK: EXP,1,220,10980,-70,-578,697,540,-345,-15,-1131,7,-165,-123,-1216,699,78,-455,699,-5,694,1019,0,0,1,20,20,0,0,0,0,0,0,0,5,22587,0,22955,0,0,0,0,3839683,3902451,0,0,0,0,0,1000,1000,5151195
MPCTASK: EXP,1,222,11084,-23,-580,701,488,-90,23,-1124,437,-152,1,-1178,699,54,-365,699,1,701,1000,0,0,1,20,20,0,0,0,0,0,0,0,5,25088,0,25285,0,0,0,0,4264799,4298533,0,0,0,0,0,1000,1000,5151195
MPCTASK: EXP,1,224,11183,11,-567,706,383,117,26,-1066,692,-142,107,-1098,699,36,-306,699,6,706,1000,0,0,1,20,20,0,0,0,0,0,0,0,5,24459,0,24657,0,0,0,0,4158036,4191769,0,0,0,0,0,1000,1000,5151195
MPCTASK: EXP,1,226,11281,29,-521,710,243,324,13,-841,778,-138,180,-979,700,19,-256,701,10,710,1000,0,0,1,20,20,0,0,0,0,0,0,0,5,22864,0,23062,0,0,0,0,3886851,3920586,0,0,0,0,0,1000,1000,5151195
MPCTASK: EXP,1,228,11380,49,-398,704,134,566,-27,-507,722,-97,214,-827,700,15,-142,700,-1,698,1019,0,0,1,20,20,0,0,0,0,0,0,0,5,21956,0,22472,0,0,0,0,3732511,3820415,0,0,0,0,0,1000,1000,5151195
MPCTASK: EXP,1,230,11484,34,-343,697,-15,601,-31,87,558,-27,207,-654,700,-16,-131,700,-8,691,1019,0,0,1,20,20,0,0,0,0,0,0,0,5,24908,0,25244,0,0,0,0,4234247,4291581,0,0,0,0,0,1000,1000,5151195
MPCTASK: EXP,1,232,11579,35,-253,694,-85,601,-8,456,335,74,166,-475,700,-23,-77,700,-7,692,1019,0,0,1,20,20,0,0,0,0,0,0,0,5,20846,0,21044,0,0,0,0,3543735,3577465,0,0,0,0,0,1000,1000,5151195
MPCTASK: EXP,1,234,11679,12,-192,700,-140,507,24,679,128,156,105,-310,700,-55,-30,700,0,700,1000,0,0,1,20,20,0,0,0,0,0,0,0,5,21041,0,21238,0,0,0,0,3576827,3610562,0,0,0,0,0,1000,1000,5151195
MPCTASK: EXP,1,236,11781,0,-123,704,-143,426,14,637,-32,209,41,-177,700,-85,72,700,4,704,1000,0,0,1,20,20,0,0,0,0,0,0,0,5,22358,0,22939,0,0,0,0,3800775,3899854,0,0,0,0,0,1000,1000,5151195
MPCTASK: EXP,1,238,11885,12,-145,702,-94,237,-15,506,-26,191,-5,-93,700,-97,105,700,0,699,1019,0,0,1,20,20,0,0,0,0,0,0,0,5,25625,0,25983,0,0,0,0,4356099,4417146,0,0,0,0,0,1000,1000,5151195
MPCTASK: EXP,1,240,11980,-14,-164,693,-116,135,-36,-79,51,140,-27,-58,700,-148,181,700,-13,686,1019,0,0,1,20,20,0,0,0,0,0,0,0,5,21437,0,21634,0,0,0,0,3644131,3677865,0,0,0,0,0,1000,1000,5151195
MPCTASK: EXP,1,242,12086,-30,-177,691,-143,167,3,-787,171,92,-29,-54,700,-156,271,700,-8,691,1000,0,0,1,20,20,0,0,0,0,0,0,0,5,27985,0,28182,0,0,0,0,4757299,4791030,0,0,0,0,0,1000,1000,5151195
MPCTASK: EXP,1,244,12181,-61,-185,698,-199,302,44,-1262,185,28,-34,-47,700,-146,342,700,-1,698,1000,0,0,1,20,20,0,0,0,0,0,0,0,5,23288,0,23485,0,0,0,0,3958856,3992402,0,0,0,0,0,1000,1000,5151195
MPCTASK: EXP,1,246,12285,-94,-161,709,-237,513,43,-1531,61,-37,-59,-1,700,-123,433,700,9,709,1000,0,0,1,20,20,0,0,0,0,0,0,0,5,25812,0,26009,0,0,0,0,4387887,4421610,0,0,0,0,0,1000,1000,5151195
MPCTASK: EXP,1,248,12388,-134,-111,712,-253,747,-7,-1469,-169,-98,-106,97,700,-91,518,701,10,710,1019,0,0,1,20,20,0,0,0,0,0,0,0,5,28017,0,29226,0,0,0,0,4762880,4968567,0,0,0,0,0,1000,1000,5151195
MPCTASK: EXP,1,250,12481,-162,-39,710,-199,953,-21,-1092,-524,-129,-162,242,700,-33,585,700,6,706,1019,0,0,1,20,20,0,0,0,0,0,0,0,5,22912,0,23118,0,0,0,0,3894971,3930297,0,0,0,0,0,1000,1000,5151195
MPCTASK: EXP,1,252,12581,-183,45,702,-87,1082,-49,-626,-866,-118,-209,416,700,33,632,700,-7,692,1019,0,0,1,20,20,0,0,0,0,0,0,0,5,21725,0,22301,0,0,0,0,3693231,3791163,0,0,0,0,0,1000,1000,5151195
MPCTASK: EXP,1,254,12684,-179,130,698,92,1117,-18,-243,-1069,-37,-230,598,700,109,652,700,-4,695,1019,0,0,1,20,20,0,0,0,0,0,0,0,5,25016,0,25213,0,0,0,0,4252503,4286234,0,0,0,0,0,1000,1000,5151195
MPCTASK: EXP,1,256,12782,-164,213,698,273,1092,0,86,-1028,53,-215,767,700,167,650,700,-1,698,1000,0,0,1,20,20,0,0,0,0,0,0,0,5,24009,0,24215,0,0,0,0,4081415,4116583,0,0,0,0,0,1000,1000,5151195
MPCTASK: EXP,1,258,12887,-135,313,704,429,1042,19,410,-874,121,-161,910,699,205,647,701,4,704,1000,0,0,1,20,20,0,0,0,0,0,0,0,5,27953,0,29210,0,0,0,0,4751935,4965841,0,0,0,0,0,1000,1000,5151195
MPCTASK: EXP,1,260,12984,-81,395,707,567,924,0,739,-629,165,-72,1016,699,238,611,701,6,706,1019,0,0,1,20,20,0,0,0,0,0,0,0,5,24933,0,25270,0,0,0,0,4238559,4295941,0,0,0,0,0,1000,1000,5151195
MPCTASK: EXP,1,262,13086,-36,445,705,627,729,-19,964,-284,184,41,1079,699,226,534,701,2,702,1019,0,0,1,20,20,0,0,0,0,0,0,0,5,25990,0,27583,0,0,0,0,4418328,4689314,0,0,0,0,0,1000,1000,5151195
MPCTASK: EXP,1,264,13181,35,508,705,666,553,-21,1131,68,146,164,1098,699,218,471,700,1,701,1019,0,0,1,20,20,0,0,0,0,0,0,0,5,22881,0,23079,0,0,0,0,3889663,3923397,0,0,0,0,0,1000,1000,5151195
MPCTASK: EXP,1,266,13285,127,498,704,666,266,-26,1272,478,84,280,1075,699,210,329,700,0,699,1019,0,0,1,20,20,0,0,0,0,0,0,0,5,26218,0,26760,0,0,0,0,4456976,4549294,0,0,0,0,0,1000,1000,5151195
MPCTASK: EXP,1,268,13382,197,491,705,564,15,-18,1199,926,-25,376,1013,699,153,211,700,1,701,1019,0,0,1,20,20,0,0,0,0,0,0,0,5,23208,0,23557,0,0,0,0,3945375,4004841,0,0,0,0,0,1000,1000,5151195
MPCTASK: EXP,1,270,13487,215,447,703,333,-233,-33,1080,1272,-69,436,917,700,47,70,700,-3,696,1019,0,0,1,20,20,0,0,0,0,0,0,0,5,27896,0,28093,0,0,0,0,4742236,4775970,0,0,0,0,0,1000,1000,5151195
MPCTASK: EXP,1,272,13583,263,426,697,136,-396,-48,1007,1377,-115,454,792,700,-10,-33,700,-12,687,1019,0,0,1,20,20,0,0,0,0,0,0,0,5,24273,0,24470,0,0,0,0,4126303,4160034,0,0,0,0,0,1000,1000,5151195
MPCTASK: EXP,1,274,13684,246,368,690,-140,-584,-50,923,1393,-121,425,644,700,-109,-160,700,-19,680,1019,0,0,1,20,20,0,0,0,0,0,0,0,5,25681,0,26255,0,0,0,0,4365563,4463409,0,0,0,0,0,1000,1000,5151195
MPCTASK: EXP,1,276,13783,180,295,681,-434,-753,-47,792,1215,-92,351,478,700,-225,-288,700,-28,671,1019,0,0,1,20,20,0,0,0,0,0,0,0,5,23079,0,23414,0,0,0,0,3923247,3980475,0,0,0,0,0,1000,1000,5151195
MPCTASK: EXP,1,278,13885,112,222,677,-650,-876,9,657,853,-53,239,299,700,-294,-400,700,-22,677,1000,0,0,1,20,20,0,0,0,0,0,0,0,5,25835,0,26042,0,0,0,0,4391927,4427248,0,0,0,0,0,1000,1000,5151195
MPCTASK: EXP,1,280,13985,32,168,675,-775,-939,32,563,405,-1,99,113,700,-329,-475,700,-24,675,1000,0,0,1,20,20,0,0,0,0,0,0,0,5,25226,0,25424,0,0,0,0,4288395,4322122,0,0,0,0,0,1000,1000,5151195
MPCTASK: EXP,1,282,14086,-49,101,681,-813,-985,68,409,8,22,-54,-76,700,-335,-544,700,-18,681,1000,0,0,1,20,20,0,0,0,0,0,0,0,5,26397,0,26711,0,0,0,0,4487476,4541094,0,0,0,0,0,1000,1000,5151195
MPCTASK: EXP,1,284,14184,-140,14,692,-795,-1024,83,272,-384,22,-207,-264,700,-325,-621,700,-7,692,1000,0,0,1,20,20,0,0,0,0,0,0,0,5,23514,0,23930,0,0,0,0,3997276,4068181,0,0,0,0,0,1000,1000,5151195
MPCTASK: EXP,1,286,14283,-208,-75,711,-696,-1035,96,175,-763,-3,-342,-446,700,-274,-687,707,11,711,1000,0,0,1,20,20,0,0,0,0,0,0,0,5,23868,0,24065,0,0,0,0,4057543,4091182,0,0,0,0,0,1000,1000,5151195
MPCTASK: EXP,1,288,14380,-273,-180,726,-558,-1056,60,120,-1087,1,-447,-618,700,-216,-759,707,26,726,1000,0,0,1,20,20,0,0,0,0,0,0,0,5,20407,0,20609,0,0,0,0,3468984,3503606,0,0,0,0,0,1000,1000,5151195
MPCTASK: EXP,1,290,14485,-303,-274,731,-340,-1054,-3,74,-1362,15,-512,-775,700,-122,-810,710,31,731,1019,0,0,1,20,20,0,0,0,0,0,0,0,5,25474,0,25680,0,0,0,0,4330532,4365699,0,0,0,0,0,1000,1000,5151195
MPCTASK: EXP,1,292,14587,-317,-376,728,-94,-1048,-70,-81,-1463,13,-529,-915,700,-30,-850,705,13,713,1019,0,0,1,20,20,0,0,0,0,0,0,0,5,25946,0,27030,0,0,0,0,4410655,4595221,0,0,0,0,0,1000,1000,5151195
MPCTASK: EXP,1,294,14686,-302,-471,721,170,-1008,-82,-265,-1427,-27,-498,-1033,700,64,-868,702,5,705,1019,0,0,1,20,19,0,0,0,0,0,0,0,5,26123,0,26442,0,0,0,0,4440703,4495110,0,0,0,0,0,1000,1000,5151195
MPCTASK: EXP,1,296,14784,-260,-562,709,431,-935,-94,-492,-1273,-88,-420,-1127,700,154,-866,700,-9,690,1019,0,0,1,20,20,0,0,0,0,0,0,0,5,24395,0,24834,0,0,0,0,4147047,4221938,0,0,0,0,0,1000,1000,5151195
MPCTASK: EXP,1,298,14881,-210,-632,699,635,-809,-71,-691,-981,-190,-304,-1195,700,213,-831,700,-14,685,1019,0,0,1,20,20,0,0,0,0,0,0,0,5,21642,0,22087,0,0,0,0,3678131,3754776,0,0,0,0,0,1000,1000,5151195
MPCTASK: EXP,1,300,14981,-137,-691,691,791,-653,-35,-838,-573,-291,-161,-1235,700,252,-779,700,-15,684,1019,0,0,1,20,20,0,0,0,0,0,0,0,5,21420,0,21618,0,0,0,0,3641356,3675077,0,0,0,0,0,1000,1000,5151195
MPCTASK: EXP,1,302,15084,-71,-736,691,841,-480,14,-905,-100,-385,-5,-1246,700,245,-712,700,-8,691,1000,0,0,1,20,20,0,0,0,0,0,0,0,5,24129,0,24560,0,0,0,0,4101847,4175221,0,0,0,0,0,1000,1000,5151195
MPCTASK: EXP,1,304,15182,9,-764,698,828,-300,55,-948,350,-443,148,-1228,700,225,-631,700,-1,698,1000,0,0,1,20,20,0,0,0,0,0,0,0,5,22773,0,22970,0,0,0,0,3871259,3904974,0,0,0,0,0,1000,1000,5151195
MPCTASK: EXP,1,306,15285,78,-772,705,733,-110,40,-991,790,-457,284,-1181,700,172,-530,700,5,705,1000,0,0,1,20,20,0,0,0,0,0,0,0,5,25769,0,25967,0,0,0,0,4380647,4414386,0,0,0,0,0,1000,1000,5151195
MPCTASK: EXP,1,308,15382,122,-758,715,558,93,31,-1058,1143,-423,390,-1106,700,89,-409,704,15,715,1000,0,0,1,20,20,0,0,0,0,0,0,0,5,21958,0,22159,0,0,0,0,3732844,3767161,0,0,0,0,0,1000,1000,5151195
MPCTASK: EXP,1,310,15484,143,-725,718,332,308,-12,-1085,1335,-349,454,-1005,700,-8,-277,702,16,716,1019,0,0,1,20,20,0,0,0,0,0,0,0,5,24819,0,25016,0,0,0,0,4219211,4252937,0,0,0,0,0,1000,1000,5151195
MPCTASK: EXP,1,312,15581,149,-669,713,91,528,-63,-1086,1408,-230,471,-881,700,-102,-131,700,1,701,1019,0,0,1,20,20,0,0,0,0,0,0,0,5,21833,0,22043,0,0,0,0,3711607,3747419,0,0,0,0,0,1000,1000,5151195
MPCTASK: EXP,1,314,15689,130,-586,704,-168,756,-80,-1019,1313,-110,439,-737,700,-196,26,700,-11,688,1019,0,0,1,20,20,0,0,0,0,0,0,0,5,28843,0,29215,0,0,0,0,4903123,4966665,0,0,0,0,0,1000,1000,5151195
MPCTASK: EXP,1,316,15788,77,-490,693,-418,952,-64,-826,1056,-26,361,-576,700,-284,172,700,-19,680,1019,0,0,1,20,20,0,0,0,0,0,0,0,5,28528,0,28725,0,0,0,0,4849763,4883323,0,0,0,0,0,1000,1000,5151195
MPCTASK: EXP,1,318,15888,14,-392,682,-597,1079,-25,-510,644,24,245,-402,700,-337,289,700,-22,677,1019,0,0,1,20,20,0,0,0,0,0,0,0,5,29010,0,29208,0,0,0,0,4931695,4965425,0,0,0,0,0,1000,1000,5151195
MPCTASK: EXP,1,320,15987,-65,-298,681,-700,1123,35,-184,223,53,101,-219,700,-369,377,700,-18,681,1000,0,0,1,20,20,0,0,0,0,0,0,0,5,27267,0,27676,0,0,0,0,4635331,4704998,0,0,0,0,0,1000,1000,5425932
MPCTASK: EXP,1,322,16086,-135,-203,690,-703,1111,78,9,-169,89,-54,-32,700,-358,450,700,-9,690,1000,0,0,1,20,20,0,0,0,0,0,0,0,5,26693,0,27081,0,0,0,0,4537675,4603838,0,0,0,0,0,1000,1000,5425932
MPCTASK: EXP,1,324,16188,-195,-96,705,-641,1098,80,32,-473,131,-208,153,700,-319,535,701,5,705,1000,0,0,1,20,20,0,0,0,0,0,0,0,5,28394,0,28595,0,0,0,0,4827003,4861277,0,0,0,0,0,1000,1000,5425932
MPCTASK: EXP,1,326,16290,-239,-8,714,-527,1063,35,17,-712,164,-344,334,700,-256,594,700,14,714,1000,0,0,1,20,20,0,0,0,0,0,0,0,5,30712,0,30908,0,0,0,0,5220955,5254503,0,0,0,0,0,1000,1000,5425932
MPCTASK: EXP,1,328,16385,-276,71,718,-381,1029,0,-23,-943,199,-450,505,700,-181,640,703,18,718,1000,0,0,1,20,20,0,0,0,0,0,0,0,5,25708,0,25906,0,0,0,0,4370199,4404155,0,0,0,0,0,1000,1000,5425932
MPCTASK: EXP,1,330,16486,-294,141,718,-191,992,-31,-81,-1112,236,-514,663,700,-92,671,703,12,712,1019,0,0,1,20,20,0,0,0,0,0,0,0,5,25329,0,25907,0,0,0,0,4305968,4404215,0,0,0,0,0,1000,1000,5425932
MPCTASK: EXP,1,332,16593,-292,211,713,16,972,-64,-79,-1162,282,-531,803,700,-1,694,700,0,700,1019,0,0,1,20,20,0,0,0,0,0,0,0,5,33479,0,33677,0,0,0,0,5691479,5725206,0,0,0,0,0,1000,1000,5725206
MPCTASK: EXP,1,334,16686,-268,283,706,232,954,-74,-6,-1125,321,-499,921,700,87,707,700,-8,691,1019,0,0,1,20,20,0,0,0,0,0,0,0,5,26289,0,26487,0,0,0,0,4469156,4502889,0,0,0,0,0,1000,1000,5725206
MPCTASK: EXP,1,336,16787,-224,362,700,436,928,-47,199,-987,312,-421,1016,700,166,708,700,-8,691,1019,0,0,1,20,20,0,0,0,0,0,0,0,5,27272,0,27919,0,0,0,0,4636127,4746323,0,0,0,0,0,1000,1000,5725206
MPCTASK: EXP,1,338,16889,-181,431,697,588,845,-16,481,-817,238,-304,1085,700,212,677,700,-5,694,1019,0,0,1,20,20,0,0,0,0,0,0,0,5,28486,0,28821,0,0,0,0,4842523,4899723,0,0,0,0,0,1000,1000,5725206
MPCTASK: EXP,1,340,16990,-104,491,697,729,717,-7,717,-526,131,-161,1125,700,258,627,700,-4,695,1019,0,0,1,20,20,0,0,0,0,0,0,0,5,29952,0,30149,0,0,0,0,5091792,5160719,0,0,0,0,0,1000,1000,5725206
MPCTASK: EXP,1,342,17087,-44,528,697,769,538,-5,881,-160,48,-5,1136,700,249,549,700,-3,696,1019,0,0,1,20,20,0,0,0,0,0,0,0,5,27755,0,27951,0,0,0,0,4718239,4751787,0,0,0,0,0,1000,1000,5725206
MPCTASK: EXP,1,344,17188,42,555,698,782,349,4,1012,230,-25,148,1118,700,243,458,700,-1,698,1000,0,0,1,20,20,0,0,0,0,0,0,0,5,28031,0,28552,0,0,0,0,4765151,4853799,0,0,0,0,0,1000,1000,5725206
MPCTASK: EXP,1,346,17289,132,526,699,735,88,-5,1087,618,-70,285,1071,700,221,314,700,-1,698,1019,0,0,1,20,20,0,0,0,0,0,0,0,5,28538,0,28865,0,0,0,0,4851311,4907081,0,0,0,0,0,1000,1000,5725206
MPCTASK: EXP,1,348,17387,164,482,700,550,-144,-12,841,1007,-82,390,996,700,122,186,700,-1,698,1019,0,0,1,20,20,0,0,0,0,0,0,0,5,26979,0,27177,0,0,0,0,4586351,4620082,0,0,0,0,0,1000,1000,5725206
MPCTASK: EXP,1,350,17485,185,418,701,316,-346,-5,791,1276,-90,455,896,700,21,37,700,0,700,1019,0,0,1,20,20,0,0,0,0,0,0,0,5,26011,0,26208,0,0,0,0,4421695,4455425,0,0,0,0,0,1000,1000,5725206
MPCTASK: EXP,1,352,17587,191,371,700,74,-476,-16,651,1332,-72,471,771,700,-74,-71,700,-2,697,1019,0,0,1,20,20,0,0,0,0,0,0,0,5,26803,0,28089,0,0,0,0,4556307,4775211,0,0,0,0,0,1000,1000,5725206
MPCTASK: EXP,1,354,17689,175,323,695,-178,-582,-34,639,1327,-39,439,627,700,-168,-178,700,-11,688,1019,0,0,1,20,20,0,0,0,0,0,0,0,5,28582,0,29159,0,0,0,0,4858759,4957031,0,0,0,0,0,1000,1000,5725206
MPCTASK: EXP,1,356,17785,195,218,691,-338,-752,-18,660,1107,-60,361,466,700,-183,-337,700,-12,687,1019,0,0,1,20,20,0,0,0,0,0,0,0,5,25851,0,26050,0,0,0,0,4394459,4428641,0,0,0,0,0,1000,1000,5725206
MPCTASK: EXP,1,358,17885,186,172,688,-476,-812,-2,591,1002,-37,245,292,700,-207,-416,700,-11,688,1019,0,0,1,20,20,0,0,0,0,0,0,0,5,25814,0,26251,0,0,0,0,4388223,4462705,0,0,0,0,0,1000,1000,5725206
MPCTASK: EXP,1,360,17989,99,103,689,-677,-893,22,537,748,21,101,109,700,-274,-510,700,-10,689,1000,0,0,1,20,20,0,0,0,0,0,0,0,5,27840,0,28817,0,0,0,0,4732672,4899017,0,0,0,0,0,1000,1000,5725206
MPCTASK: EXP,1,362,18087,26,66,689,-766,-907,32,471,300,87,-54,-77,700,-285,-555,700,-10,689,1000,0,0,1,20,20,0,0,0,0,0,0,0,5,26797,0,26995,0,0,0,0,4555451,4589174,0,0,0,0,0,1000,1000,5725206
MPCTASK: EXP,1,364,18184,-57,15,691,-788,-927,39,407,-132,129,-208,-263,700,-276,-603,700,-8,691,1000,0,0,1,20,20,0,0,0,0,0,0,0,5,24505,0,24703,0,0,0,0,4165895,4199621,0,0,0,0,0,1000,1000,5725206
MPCTASK: EXP,1,366,18288,-126,-45,700,-720,-946,58,384,-549,135,-344,-444,700,-233,-654,700,0,700,1000,0,0,1,20,20,0,0,0,0,0,0,0,5,28420,0,28935,0,0,0,0,4831239,4919024,0,0,0,0,0,1000,1000,5725206
MPCTASK: EXP,1,368,18388,-199,-126,713,-609,-979,57,342,-898,128,-450,-615,700,-187,-713,700,13,713,1000,0,0,1,20,20,0,0,0,0,0,0,0,5,27356,0,27871,0,0,0,0,4650460,4738050,0,0,0,0,0,1000,1000,5725206
MPCTASK: EXP,1,370,18489,-245,-203,722,-433,-992,17,306,-1213,131,-514,-773,700,-113,-755,706,22,722,1000,0,0,1,20,20,0,0,0,0,0,0,0,5,27786,0,27985,0,0,0,0,4723595,4757597,0,0,0,0,0,1000,1000,5725206
MPCTASK: EXP,1,372,18587,-272,-289,725,-213,-1009,-25,207,-1414,138,-531,-913,700,-31,-792,704,20,720,1019,0,0,1,20,20,0,0,0,0,0,0,0,5,26550,0,26932,0,0,0,0,4513547,4578561,0,0,0,0,0,1000,1000,5725206
MPCTASK: EXP,1,374,18689,-271,-373,721,43,-998,-65,25,-1445,127,-499,-1031,700,54,-811,701,8,708,1019,0,0,1,20,20,0,0,0,0,0,0,0,5,29057,0,29253,0,0,0,0,4939623,4973181,0,0,0,0,0,1000,1000,5725206
MPCTASK: EXP,1,376,18787,-244,-476,712,302,-984,-89,-221,-1356,96,-421,-1126,700,137,-831,700,-5,694,1019,0,0,1,20,20,0,0,0,0,0,0,0,5,26601,0,27049,0,0,0,0,4522175,4598430,0,0,0,0,0,1000,1000,5725206
MPCTASK: EXP,1,378,18890,-197,-547,699,531,-884,-86,-492,-1082,23,-304,-1194,700,200,-800,700,-17,682,1019,0,0,1,20,20,0,0,0,0,0,0,0,5,29719,0,29916,0,0,0,0,5052147,5085873,0,0,0,0,0,1000,1000,5725206
MPCTASK: EXP,1,380,18990,-132,-616,689,705,-756,-48,-697,-697,-84,-161,-1235,700,240,-759,700,-19,680,1019,0,0,1,20,20,0,0,0,0,0,0,0,5,29391,0,29965,0,0,0,0,4996371,5094035,0,0,0,0,0,1000,1000,5725206
MPCTASK: EXP,1,382,19087,-62,-656,688,789,-575,10,-855,-240,-212,-5,-1246,700,245,-682,700,-11,688,1000,0,0,1,20,20,0,0,0,0,0,0,0,5,26673,0,26869,0,0,0,0,4534311,4567859,0,0,0,0,0,1000,1000,5725206
MPCTASK: EXP,1,384,19187,9,-697,690,801,-422,35,-939,194,-315,148,-1228,700,227,-613,700,-9,690,1000,0,0,1,20,20,0,0,0,0,0,0,0,5,26155,0,26911,0,0,0,0,4446171,4574831,0,0,0,0,0,1000,1000,5725206
MPCTASK: EXP,1,386,19287,67,-710,699,713,-216,54,-1051,664,-382,285,-1181,700,168,-509,704,0,699,1000,0,0,1,20,20,0,0,0,0,0,0,0,5,25980,0,26787,0,0,0,0,4416619,4553895,0,0,0,0,0,1000,1000,5725206
MPCTASK: EXP,1,388,19391,120,-715,709,548,3,33,-1096,1054,-393,390,-1106,700,90,-400,705,9,709,1000,0,0,1,20,20,0,0,0,0,0,0,0,5,30141,0,30338,0,0,0,0,5123907,5157625,0,0,0,0,0,1000,1000,5725206
MPCTASK: EXP,1,390,19489,152,-682,713,349,232,-8,-1105,1283,-355,455,-1005,700,5,-264,706,11,711,1019,0,0,1,20,20,0,0,0,0,0,0,0,5,28226,0,28770,0,0,0,0,4798339,4891114,0,0,0,0,0,1000,1000,5725206
MPCTASK: EXP,1,392,19588,155,-635,711,133,441,-42,-1104,1371,-286,471,-881,700,-85,-128,702,2,702,1019,0,0,1,20,20,0,0,0,0,0,0,0,5,28018,0,28350,0,0,0,0,4762964,4819532,0,0,0,0,0,1000,1000,5725206
MPCTASK: EXP,1,394,19689,143,-555,700,-138,689,-74,-1025,1334,-152,439,-737,700,-180,31,700,-14,685,1019,0,0,1,20,20,0,0,0,0,0,0,0,5,28076,0,28823,0,0,0,0,4772727,4899927,0,0,0,0,0,1000,1000,5725206
MPCTASK: EXP,1,396,19791,99,-471,691,-383,879,-57,-877,1106,-52,361,-576,700,-263,171,700,-19,680,1019,0,0,1,20,20,0,0,0,0,0,0,0,5,30225,0,30756,0,0,0,0,5138055,5228726,0,0,0,0,0,1000,1000,5725206
MPCTASK: EXP,1,398,19889,40,-378,683,-577,1025,-23,-657,800,30,245,-402,700,-325,294,700,-20,679,1019,0,0,1,20,20,0,0,0,0,0,0,0,5,28495,0,29190,0,0,0,0,4844115,4962265,0,0,0,0,0,1000,1000,5725206
MPCTASK: EXP,1,400,19987,-41,-283,681,-717,1113,17,-361,414,68,101,-219,700,-367,393,700,-18,681,1000,0,0,1,20,20,0,0,0,0,0,0,0,5,26756,0,27071,0,0,0,0,4548523,4602121,0,0,0,0,0,1000,1000,5725206
MPCTASK: EXP,1,402,20089,-104,-152,687,-729,1152,66,16,-65,134,-54,-32,700,-348,495,700,-12,687,1000,0,0,1,20,20,0,0,0,0,0,0,0,5,28817,0,29026,0,0,0,0,4898787,4934440,0,0,0,0,0,1000,1000,5725206
MPCTASK: EXP,1,404,20186,-178,-57,700,-693,1108,85,147,-439,173,-208,153,700,-321,558,700,0,700,1000,0,0,1,20,20,0,0,0,0,0,0,0,5,26081,0,26279,0,0,0,0,4433635,4467482,0,0,0,0,0,1000,1000,5725206
MPCTASK: EXP,1,406,20291,-231,26,710,-578,1049,51,122,-759,201,-344,334,700,-260,610,700,10,710,1000,0,0,1,20,20,0,0,0,0,0,0,0,5,29677,0,30720,0,0,0,0,5044974,5222498,0,0,0,0,0,1000,1000,5725206
MPCTASK: EXP,1,408,20389,-267,106,719,-437,1019,25,20,-988,212,-450,505,700,-186,660,704,19,719,1000,0,0,1,20,20,0,0,0,0,0,0,0,5,28284,0,28651,0,0,0,0,4808083,4870716,0,0,0,0,0,1000,1000,5725206
MPCTASK: EXP,1,410,20491,-289,188,725,-226,982,-11,-17,-1158,205,-514,663,700,-95,698,705,23,723,1019,0,0,1,20,19,0,0,0,0,0,0,0,5,29118,0,30214,0,0,0,0,4949903,5136582,0,0,0,0,0,1000,1000,5725206
MPCTASK: EXP,1,412,20590,-286,269,723,-4,966,-46,12,-1210,191,-531,803,700,0,728,703,14,714,1019,0,0,1,20,19,0,0,0,0,0,0,0,5,29595,0,29793,0,0,0,0,5031091,5064922,0,0,0,0,0,1000,1000,5725206
MPCTASK: EXP,1,414,20690,-265,323,713,201,917,-83,94,-1190,186,-499,921,700,84,720,700,-3,696,1019,0,0,1,20,19,0,0,0,0,0,0,0,5,29071,0,29893,0,0,0,0,4941999,5081721,0,0,0,0,0,1000,1000,5725206
MPCTASK: EXP,1,416,20791,-216,399,702,442,858,-73,271,-1020,195,-420,1016,700,173,713,700,-12,687,1019,0,0,1,20,20,0,0,0,0,0,0,0,5,30317,0,30683,0,0,0,0,5153823,5216095,0,0,0,0,0,1000,1000,5725206
MPCTASK: EXP,1,418,20888,-159,448,695,613,748,-42,468,-752,188,-304,1084,700,229,666,700,-12,687,1019,0,0,1,20,20,0,0,0,0,0,0,0,5,27711,0,27907,0,0,0,0,4710835,4744386,0,0,0,0,0,1000,1000,5725206
MPCTASK: EXP,1,420,20990,-77,495,690,748,624,-18,613,-421,143,-161,1125,700,273,613,700,-12,687,1019,0,0,1,20,20,0,0,0,0,0,0,0,5,29495,0,29803,0,0,0,0,5014071,5066511,0,0,0,0,0,1000,1000,5725206
MPCTASK: EXP,1,422,21090,-16,521,689,778,480,-4,712,-42,89,-4,1136,700,264,539,700,-11,688,1019,0,0,1,20,20,0,0,0,0,0,0,0,5,29067,0,29506,0,0,0,0,4941335,5016071,0,0,0,0,0,1000,1000,5725206
MPCTASK: EXP,1,424,21193,56,542,693,751,314,29,852,318,19,148,1118,700,239,450,700,-6,693,1000,0,0,1,20,20,0,0,0,0,0,0,0,5,31418,0,31968,0,0,0,0,5340857,5434647,0,0,0,0,0,1000,1000,5725206
MPCTASK: EXP,1,426,21287,126,569,701,666,168,44,961,675,-62,284,1071,700,196,373,703,1,701,1000,0,0,1,20,20,0,0,0,0,0,0,0,5,25529,0,26466,0,0,0,0,4339851,4499298,0,0,0,0,0,1000,1000,5841663
MPCTASK: EXP,1,428,21389,191,571,708,535,-7,22,1085,1027,-121,390,997,700,137,267,704,8,708,1000,0,0,1,20,20,0,0,0,0,0,0,0,5,28682,0,29017,0,0,0,0,4875831,4932903,0,0,0,0,0,1000,1000,5841663
MPCTASK: EXP,1,430,21490,242,516,707,346,-253,-33,1087,1283,-162,453,897,700,67,114,702,0,700,1019,0,0,1,20,20,0,0,0,0,0,0,0,5,28938,0,29639,0,0,0,0,4919423,5038734,0,0,0,0,0,1000,1000,5841663
MPCTASK: EXP,1,432,21590,256,479,702,94,-430,-70,982,1462,-169,470,773,700,-28,-4,700,-11,688,1019,0,0,1,20,20,0,0,0,0,0,0,0,5,29406,0,29604,0,0,0,0,4998943,5032824,0,0,0,0,0,1000,1000,5841663
MPCTASK: EXP,1,434,21689,229,436,692,-197,-589,-74,950,1398,-137,437,629,700,-134,-119,700,-22,677,1019,0,0,1,20,20,0,0,0,0,0,0,0,5,28190,0,28389,0,0,0,0,4792264,4826201,0,0,0,0,0,1000,1000,5841663
MPCTASK: EXP,1,436,21790,186,338,681,-458,-798,-52,843,1150,-133,359,468,700,-219,-278,700,-28,671,1019,0,0,1,20,20,0,0,0,0,0,0,0,5,29054,0,29558,0,0,0,0,4939128,5024927,0,0,0,0,0,1000,1000,5841663
MPCTASK: EXP,1,438,21888,159,291,673,-612,-879,-8,651,885,-118,243,294,700,-247,-355,700,-28,671,1019,0,0,1,20,20,0,0,0,0,0,0,0,5,26225,0,26672,0,0,0,0,4458159,4534271,0,0,0,0,0,1000,1000,5841663
MPCTASK: EXP,1,440,21990,88,233,673,-752,-930,45,456,578,-82,100,111,700,-286,-427,700,-26,673,1000,0,0,1,20,20,0,0,0,0,0,0,0,5,27895,0,28097,0,0,0,0,4742068,4776433,0,0,0,0,0,1000,1000,5841663
MPCTASK: EXP,1,442,22093,16,183,681,-806,-936,90,347,131,-28,-54,-77,700,-287,-476,701,-18,681,1000,0,0,1,20,20,0,0,0,0,0,0,0,5,30903,0,31621,0,0,0,0,5253487,5375675,0,0,0,0,0,1000,1000,5841663
MPCTASK: EXP,1,444,22189,-75,110,693,-810,-959,99,304,-301,12,-205,-266,700,-284,-538,704,-6,693,1000,0,0,1,20,20,0,0,0,0,0,0,0,5,27649,0,27845,0,0,0,0,4700139,4733690,0,0,0,0,0,1000,1000,5841663
MPCTASK: EXP,1,446,22290,-151,39,707,-730,-967,84,277,-673,27,-338,-450,700,-253,-584,712,7,707,1000,0,0,1,20,20,0,0,0,0,0,0,0,5,26069,0,28196,0,0,0,0,4431695,4793385,0,0,0,0,0,1000,1000,5841663
MPCTASK: EXP,1,448,22388,-227,-57,724,-613,-1006,68,277,-1026,20,-440,-626,700,-217,-648,715,24,724,1000,0,0,1,20,20,0,0,0,0,0,0,0,5,25893,0,26090,0,0,0,0,4401651,4435505,0,0,0,0,0,1000,1000,5841663
MPCTASK: EXP,1,450,22493,-269,-144,733,-417,-1023,16,232,-1295,29,-501,-788,700,-154,-679,711,33,733,1000,0,0,1,20,19,0,0,0,0,0,0,0,5,31506,0,31704,0,0,0,0,5355899,5389634,0,0,0,0,0,1000,1000,5841663
MPCTASK: EXP,1,452,22591,-294,-243,730,-188,-1040,-54,27,-1376,71,-515,-931,700,-95,-697,706,19,719,1019,0,0,1,20,19,0,0,0,0,0,0,0,5,27348,0,29556,0,0,0,0,4648963,5024576,0,0,0,0,0,1000,1000,5841663
MPCTASK: EXP,1,454,22691,-291,-337,722,58,-1006,-84,-221,-1313,92,-482,-1051,700,-36,-688,702,5,705,1019,0,0,1,20,19,0,0,0,0,0,0,0,5,28185,0,28855,0,0,0,0,4791347,4905431,0,0,0,0,0,1000,1000,5841663
MPCTASK: EXP,1,456,22793,-263,-432,712,295,-936,-82,-521,-1144,87,-407,-1142,699,16,-661,700,-3,696,1019,0,0,1,20,20,0,0,0,0,0,0,0,5,31753,0,31950,0,0,0,0,5397903,5431637,0,0,0,0,0,1000,1000,5841663
MPCTASK: EXP,1,458,22890,-217,-501,700,477,-788,-80,-824,-762,68,-300,-1200,699,45,-597,699,-15,684,1019,0,0,1,20,20,0,0,0,0,0,0,0,5,28747,0,28943,0,0,0,0,4886803,4920359,0,0,0,0,0,1000,1000,5841663
MPCTASK: EXP,1,460,22991,-154,-555,693,592,-591,-35,-1064,-336,16,-175,-1219,699,64,-521,699,-13,686,1019,0,0,1,20,20,0,0,0,0,0,0,0,5,29901,0,30508,0,0,0,0,5083080,5186565,0,0,0,0,0,1000,1000,5841663
MPCTASK: EXP,1,462,23089,-91,-582,694,617,-354,7,-1223,143,-42,-47,-1198,699,62,-436,699,-5,694,1000,0,0,1,20,20,0,0,0,0,0,0,0,5,26743,0,26940,0,0,0,0,4546155,4579887,0,0,0,0,0,1000,1000,5841663
MPCTASK: EXP,1,464,23190,-37,-599,697,552,-126,10,-1251,574,-102,68,-1135,699,58,-390,699,-2,697,1000,0,0,1,20,20,0,0,0,0,0,0,0,5,28030,0,28239,0,0,0,0,4765019,4800724,0,0,0,0,0,1000,1000,5841663
MPCTASK: EXP,1,466,23289,-2,-585,703,418,108,18,-1157,825,-172,155,-1031,699,29,-322,699,3,703,1000,0,0,1,20,20,0,0,0,0,0,0,0,5,27445,0,27643,0,0,0,0,4665539,4699366,0,0,0,0,0,1000,1000,5841663
MPCTASK: EXP,1,468,23390,23,-539,700,264,332,-17,-851,867,-232,205,-891,700,11,-258,700,-2,697,1019,0,0,1,20,20,0,0,0,0,0,0,0,5,28371,0,28885,0,0,0,0,4822879,4910471,0,0,0,0,0,1000,1000,5841663
MPCTASK: EXP,1,470,23492,30,-480,697,109,489,-13,-516,743,-231,214,-725,700,-2,-212,700,-5,694,1019,0,0,1,20,20,0,0,0,0,0,0,0,5,27919,0,29315,0,0,0,0,4746236,4983655,0,0,0,0,0,1000,1000,5841663
MPCTASK: EXP,1,472,23588,16,-418,691,-29,572,0,-139,502,-180,186,-546,700,-17,-185,700,-8,691,1000,0,0,1,20,20,0,0,0,0,0,0,0,5,24953,0,25544,0,0,0,0,4241999,4342569,0,0,0,0,0,1000,1000,5841663
MPCTASK: EXP,1,474,23695,-8,-368,691,-117,565,24,141,178,-84,130,-373,700,-31,-170,700,-8,691,1000,0,0,1,20,20,0,0,0,0,0,0,0,5,30310,0,30896,0,0,0,0,5152631,5252463,0,0,0,0,0,1000,1000,5841663
MPCTASK: EXP,1,476,23788,-27,-306,699,-133,535,56,345,-98,53,65,-225,700,-39,-132,700,0,699,1000,0,0,1,20,20,0,0,0,0,0,0,0,5,23370,0,24112,0,0,0,0,3972884,4099225,0,0,0,0,0,1000,1000,5841663
MPCTASK: EXP,1,478,23896,-47,-274,705,-113,440,41,459,-232,166,10,-120,700,-57,-116,700,5,705,1000,0,0,1,20,20,0,0,0,0,0,0,0,5,31360,0,32286,0,0,0,0,5331140,5488575,0,0,0,0,0,1000,1000,5841663
MPCTASK: EXP,1,480,23990,-57,-245,709,-71,352,13,393,-228,259,-21,-67,700,-67,-100,700,9,709,1000,0,0,1,20,20,0,0,0,0,0,0,0,5,26910,0,27104,0,0,0,0,4574655,4607897,0,0,0,0,0,1000,1000,5841663
MPCTASK: EXP,1,482,24091,-57,-225,706,-29,281,-23,249,-144,322,-29,-55,700,-49,-116,700,1,701,1019,0,0,1,20,20,0,0,0,0,0,0,0,5,26385,0,26827,0,0,0,0,4485407,4560632,0,0,0,0,0,1000,1000,5841663
MPCTASK: TRAJ DONE: idx=482, max=482; requesting landing
MPCTASK: LANDING: start z=0.70, hold=(-0.05,-0.22)
MPCTASK: TIMING SUMMARY: max_step_cycles=5841663 deadline_cycles=8400000 overruns=0
MPCTASK: LANDING COMPLETE: t=38292 ms, x=-0.036, y=-0.229, z=0.002, vz=-0.091; motors off