SYS: Crazyflie 2.1 Brushless is up and running!
SYS: Build 2:de14ff9f08ae (2025.09.1 +2) MODIFIED
SYS: I am 0x373930393434471500370039 and I have 1024KB of flash!
CFGBLK: v1, verification [OK]
DECK_DISCOVERY: Backend found: onewire
DECK_DISCOVERY: Backend found: deckctrl
DECK_CORE: 1 deck(s) found
DECK_CORE: Calling INIT on driver bcFlow2 for deck 0
ZR2: Z-down sensor [OK]
PMW: Motion chip id: 0x49:0xB6
IMU: BMI088: Using I2C interface.
IMU: BMI088 Gyro connection [OK].
IMU: BMI088 Accel connection [OK]
IMU: BMP390 I2C connection [OK]
ESTIMATOR: Using Kalman (2) estimator
CONTROLLER: Using PID (1) controller
MTR-DRV: Using brushless motor driver
SYS: About to run tests in system.c.
SYS: NRF51 version: 2026.04 (C21B)
EEPROM: I2C connection [OK].
STORAGE: Storage check [OK].
IMU: BMI088 gyro self-test [OK]
DECK_CORE: Deck 0 test [OK].
SYS: Self test passed!
STAB: Wait for sensor calibration...
SYS: Free heap: 15048 bytes
MPCTASK: Waiting for activation ...
STAB: Starting stabilizer loop
ESTKALMAN: State out of bounds, resetting
STAB: WARNING: stabilizer loop rate is off (1004)
SUP: Ready to fly
MPCTASK: Benchmark mode 2, maneuver 4, max_iter 5, task_pri 0
MPCTASK: Reference altitude: 0.70 m; barrier skip when z>0.75 and vz>-0.20
MPCTASK: OOT takeoff: cfclient trigger>=0.15m ramp=0.15m/s forced_trajectory_start=3000ms timeout=12000ms
MPCTASK: Common baseline: mpc_hz=20 model_hz=20 rho=5 base_w=0 base_qz=1 Qz=100 R=4 bridge=x10 guards=z[ref,ref+0.20] xy=free cap=0.05
MPCTASK: MPC->PID: xyz=x10, z_guard=[ref,ref+0.20], yaw=raw_rz, output_hold=200ms, safety_hold=500ms
MPCTASK: Reference origin: xy=forced_3s_start z=0.70 m
MPCTASK: Fixed baseline: w=0 qz=1 adaptive_cache=off
MPCTASK: LIMO posthoc: infeasible=nominal_fallback
MPCTASK: EXP every=2: m,s,tms,p3[mm],v3[mmps],att3[cdeg],ref3[mm],cmd3[mm],h/raw/grad/mar/thr[milli],act/ac/bind,wi/qi/cache/noa,pa/pf/du[milli],it,mpc/eval/total[us],bar/tanh/rl/cache/solve/step[cycles],overruns,post_active/post_infeasible_totals,wreq/w/qzreq/qz[milli],max_step_cycles
MPCTASK: Figure8: source=traj_fig8_12.h source_hz=100 samples=1205 laps=2 duration=24.07 s origin=forced_3s_start z_offset=0.09 m
CONTROLLER: Using OutOfTree (6) controller
MPCTASK: Trajectory origin: x=-0.0 y=-0.03
MPCTASK: OOT activated at z=0.01
MPCTASK: TAKEOFF START: trigger_z=0.15 start_z=0.01 target=0.70 hold=(-0.01,-0.05) ramp=0.15m/s
MPCTASK: OOT loop 1 done
MPCTASK: OOT loop 2 done
MPCMPCTASK: OOT loop 3 done
TASK: MPC task loop 1
MPCTASK: x0: pos=(-0.01,-0.05,0.01) vel=(0.0,-0.0,-0.0)
MPCTASK: ref: (-0.01,-0.05,0.01)
MPCTASK: MPC solve start
MPCTASK: MPC solve done, iter=5
MPCTASK: MPC time=24662 us
MPCTASK: MPC stack free=1081 words
MPCTASK: setpoint: x=-0.01 y=-0.05 z=0.07 preview_z=0.07
MPCTASK: MPC task loop 2
MPCTASK: MPC task loop 3
MPCTASK: TAKEOFF COMPLETE: t=3000ms z=0.43 vz=0.23; trajectory queued origin=(-0.06,-0.01)
MPCTASK: TRAJ START: z=0.43 origin=(-0.06,-0.01) EXP clock reset
MPCTASK: EXP,2,2,84,-70,-19,447,-85,-1,242,195,-211,-416,-64,-15,700,-133,289,700,-252,-11,565,69,69,1,1,0,0,0,0,0,1,1,0,5,22535,11540,34342,1961668,0,0,0,3830930,5838113,0,2,2,0,0,1000,1000,5838113
MPCTASK: EXP,2,4,181,-87,-19,480,-52,19,414,-631,-82,-398,-75,3,700,-106,368,700,-219,348,741,69,69,1,1,0,0,0,0,0,1,1,0,5,20076,10432,30582,1773300,0,0,0,3412846,5199168,0,4,4,0,0,1000,1000,6263752
MPCTASK: EXP,2,6,281,-83,-14,532,-39,208,558,-1343,190,-363,-109,70,700,-60,460,700,-167,-28,733,69,69,1,1,0,0,0,0,0,1,1,0,5,21019,9966,31059,1694217,0,0,0,3573045,5280065,0,6,6,0,0,1000,1000,6263752
MPCTASK: EXP,2,8,382,-93,13,587,-61,437,493,-1572,162,-366,-162,189,700,-23,544,700,-112,102,768,69,69,1,1,0,0,0,0,0,1,1,0,5,20256,11320,32011,1924343,0,0,0,3443342,5441959,0,8,8,0,0,1000,1000,6263752
MPCTASK: EXP,2,10,480,-89,36,627,-47,609,365,-1593,55,-364,-217,348,700,28,589,700,-72,115,680,69,69,1,1,0,0,0,0,0,1,1,0,5,21030,9359,30535,1591100,0,0,0,3575021,5191096,0,10,10,0,0,1000,1000,6263752
MPCTASK: EXP,2,12,585,-101,117,658,-43,862,234,-1295,-148,-385,-255,528,700,-60,543,879,-41,-20,515,69,69,1,1,0,0,0,0,0,1,0,1012,5,23144,9158,34036,1556701,0,0,0,3934489,5786255,0,12,10,0,0,1000,1000,6263752
MPCTASK: EXP,2,14,684,-112,169,683,7,972,393,-404,-313,-450,-263,707,700,85,639,845,-16,322,498,69,69,1,1,0,0,0,0,0,1,0,781,5,22021,9584,33837,1629169,0,0,0,3743485,5752390,0,14,10,0,0,1000,1000,6263752
MPCTASK: EXP,2,16,783,-118,268,726,97,998,495,30,-834,-491,-232,867,700,133,657,761,26,85,447,69,69,1,1,0,0,0,0,0,1,0,282,5,22238,8792,32965,1494467,0,0,0,3780437,5604089,0,16,10,0,0,1000,1000,6263752
MPCTASK: EXP,2,18,884,-106,347,775,216,946,435,355,-925,-456,-163,996,699,155,641,717,75,131,449,69,69,0,0,0,0,0,0,0,0,0,0,5,21656,11618,33351,1974999,0,0,0,3681525,5669784,0,17,10,0,0,1000,1000,6263752
MPCTASK: EXP,2,20,983,-77,436,813,330,854,181,622,-702,-404,-62,1085,699,156,620,718,113,26,214,69,69,0,0,0,0,0,0,0,0,0,0,5,22206,9594,31869,1630847,0,0,0,3774929,5417807,0,17,10,0,0,1000,1000,6263752
MPCTASK: EXP,2,22,1082,-31,512,824,413,743,0,854,-374,-331,56,1131,699,147,579,715,124,-31,229,69,69,0,0,0,0,0,0,0,0,0,0,5,21001,9822,30892,1669650,0,0,0,3570093,5251770,0,17,10,0,0,1000,1000,6263752
MPCTASK: EXP,2,24,1186,0,566,819,424,565,-78,1156,-13,-251,178,1133,699,102,502,711,103,-79,343,69,69,0,0,0,0,0,0,0,0,0,0,5,23613,11425,35108,1942156,0,0,0,4014235,5968418,0,17,10,0,0,1000,1000,6263752
MPCTASK: EXP,2,26,1281,27,569,815,386,319,-84,1358,250,-175,288,1094,699,46,377,709,98,10,575,69,69,0,0,0,0,0,0,0,0,0,0,5,19161,9916,29148,1685646,0,0,0,3257297,4955200,0,17,10,0,0,1000,1000,6263752
MPCTASK: EXP,2,28,1385,58,575,803,295,36,-89,1376,574,-136,371,1017,700,-21,256,706,85,-51,555,69,69,0,0,0,0,0,0,0,0,0,0,5,24565,7968,32602,1354476,0,0,0,4175870,5542383,0,17,10,0,0,1000,1000,6292743
MPCTASK: EXP,2,30,1482,78,548,792,163,-226,-81,1311,817,-133,415,909,700,-94,121,703,76,61,554,69,69,0,0,0,0,0,0,0,0,0,0,5,21048,9042,30160,1537012,0,0,0,3578089,5127306,0,17,10,0,0,1000,1000,6292743
MPCTASK: EXP,2,32,1588,77,483,779,-10,-488,-76,1192,939,-148,414,775,700,-172,-31,700,64,54,457,69,69,0,0,0,0,0,0,0,0,0,0,5,23873,11959,36235,2033014,0,0,0,4058245,6160173,0,17,10,0,0,1000,1000,6292743
MPCTASK: EXP,2,34,1685,61,413,769,-184,-690,-57,1001,981,-178,367,619,700,-246,-166,700,58,124,400,69,69,0,0,0,0,0,0,0,0,0,0,5,21333,10410,31813,1769655,0,0,0,3626541,5408225,0,17,10,0,0,1000,1000,6292743
MPCTASK: EXP,2,36,1785,67,352,763,-328,-835,-25,880,954,-216,276,447,700,-274,-279,700,57,220,459,69,69,0,0,0,0,0,0,0,0,0,0,5,22089,9952,32112,1691892,0,0,0,3754982,5459212,0,17,10,0,0,1000,1000,6292743
MPCTASK: EXP,2,38,1885,-6,258,764,-533,-980,21,667,796,-212,151,264,700,-347,-400,700,64,-45,251,69,69,0,0,0,0,0,0,0,0,0,0,5,20034,11874,31978,2018606,0,0,0,3405793,5436434,0,17,10,0,0,1000,1000,6292743
MPCTASK: EXP,2,40,1987,-74,163,766,-660,-1060,44,362,450,-310,4,76,700,-374,-493,700,66,37,241,69,69,0,0,0,0,0,0,0,0,0,0,5,24667,9494,34237,1613853,0,0,0,4193357,5820402,0,17,10,0,0,1000,1000,6292743
MPCTASK: EXP,2,42,2089,-173,53,768,-743,-1101,56,104,64,-557,-150,-113,700,-401,-585,702,68,40,190,69,69,0,0,0,0,0,0,0,0,0,0,5,22944,12163,35330,2067523,0,0,0,3900421,6006132,0,17,10,0,0,1000,1000,6292743
MPCTASK: EXP,2,44,2190,-265,-23,778,-750,-1065,78,-38,-214,-885,-298,-299,700,-403,-634,707,78,16,176,69,69,0,0,0,0,0,0,0,0,0,0,5,24075,11545,35689,1962487,0,0,0,4092757,6067136,0,17,10,0,0,1000,1000,6292743
MPCTASK: EXP,2,46,2289,-403,-36,791,-743,-969,65,-49,-907,-1133,-422,-477,700,-404,-619,708,91,117,333,69,69,0,0,0,0,0,0,0,0,0,0,5,20899,13646,34613,2319680,0,0,0,3552801,5884372,0,17,10,0,0,1000,1000,6292743
MPCTASK: EXP,2,48,2385,-490,-123,810,-586,-971,68,-292,-1302,-1157,-513,-644,700,-358,-657,713,110,-102,313,69,69,0,0,0,0,0,0,0,0,0,0,5,20768,9996,30832,1699128,0,0,0,3530497,5241524,0,17,10,0,0,1000,1000,6292743
MPCTASK: EXP,2,50,2492,-590,-215,817,-396,-930,-38,-440,-1546,-1026,-559,-794,700,-324,-697,712,109,-143,494,69,69,0,0,0,0,0,0,0,0,0,0,5,22960,13014,36043,2212365,0,0,0,3902966,6127386,0,17,10,0,0,1000,1000,6292743
MPCTASK: EXP,2,52,2591,-633,-281,814,-144,-896,-130,-203,-1894,-796,-556,-926,700,-244,-721,708,88,-286,1242,69,69,0,0,0,0,0,0,0,0,0,0,5,24701,10779,35550,1832318,0,0,0,4198993,6043636,0,17,10,0,0,1000,1000,6292743
MPCTASK: EXP,2,54,2690,-657,-334,800,150,-855,-184,-209,-1927,-438,-506,-1035,700,-171,-712,702,63,-399,1537,69,69,0,0,0,0,0,0,0,0,0,0,5,21006,13178,34577,2240204,0,0,0,3570893,5878113,0,17,10,0,0,1000,1000,6614872
MPCTASK: EXP,2,56,2788,-648,-386,778,468,-790,-195,-315,-1894,-93,-411,-1119,700,-89,-684,700,39,-402,1681,69,69,0,0,0,0,0,0,0,0,0,0,5,22306,10272,32656,1746252,0,0,0,3792006,5551666,0,18,10,0,0,1000,1000,6755731
MPCTASK: EXP,2,58,2891,-605,-416,754,791,-663,-154,-432,-1663,79,-283,-1175,700,-8,-623,700,23,-195,1267,69,69,0,0,0,0,0,0,0,0,0,0,5,20941,12265,33517,2084938,0,0,0,3559873,5697923,0,18,10,0,0,1000,1000,6755731
MPCTASK: EXP,2,60,2989,-531,-434,740,1057,-526,-64,-433,-1235,64,-133,-1204,700,51,-554,805,27,-34,471,69,69,1,1,0,0,0,0,0,1,0,580,5,22477,8521,32116,1448542,0,0,0,3820897,5459860,0,20,10,0,0,1000,1000,6755731
MPCTASK: EXP,2,62,3094,-443,-431,736,1226,-383,75,-417,-676,-78,23,-1203,700,82,-467,700,36,65,317,69,69,1,1,0,0,0,0,0,1,1,0,5,23508,13609,37189,2313466,0,0,0,3996285,6322207,0,22,12,0,0,1000,1000,6755731
MPCTASK: EXP,2,64,3190,-342,-410,748,1280,-254,152,-339,-105,-285,172,-1173,700,85,-370,846,48,33,233,69,69,1,1,0,0,0,0,0,1,0,735,5,22143,8984,32550,1527235,0,0,0,3764310,5533540,0,24,13,0,0,1000,1000,6755731
MPCTASK: EXP,2,66,3292,-246,-395,763,1240,-162,158,-323,450,-410,297,-1115,700,58,-280,704,63,115,290,69,69,0,0,0,0,0,0,0,0,0,0,5,22286,12076,34436,2052912,0,0,0,3788525,5854204,0,24,13,0,0,1000,1000,6755731
MPCTASK: EXP,2,68,3391,-167,-366,800,1046,-42,201,-408,1125,-485,387,-1030,700,-21,-167,715,100,-42,288,69,69,0,0,0,0,0,0,0,0,0,0,5,22987,10085,33144,1714412,0,0,0,3907645,5634586,0,24,13,0,0,1000,1000,6801218
MPCTASK: EXP,2,70,3489,-84,-326,821,882,82,80,-639,1556,-460,433,-919,700,-69,-39,717,121,-93,376,69,69,0,0,0,0,0,0,0,0,0,0,5,21209,10850,32128,1844315,0,0,0,3605429,5461784,0,24,13,0,0,1000,1000,6801218
MPCTASK: EXP,2,72,3589,-25,-302,822,607,224,-66,-802,1963,-355,430,-787,700,-145,69,712,108,38,1092,69,69,0,0,0,0,0,0,0,0,0,0,5,22369,9657,32094,1641540,0,0,0,3802613,5456056,0,24,13,0,0,1000,1000,6801218
MPCTASK: EXP,2,74,3693,-5,-261,814,257,397,-141,-909,1939,-254,379,-635,700,-232,191,707,85,-166,1388,69,69,0,0,0,0,0,0,0,0,0,0,5,22778,12542,35650,2132142,0,0,0,3872321,6060623,0,24,13,0,0,1000,1000,6801218
MPCTASK: EXP,2,76,3793,-10,-195,790,-82,600,-193,-944,1721,-115,285,-468,700,-306,326,700,52,-310,1178,69,69,0,0,0,0,0,0,0,0,0,0,5,24272,11608,35948,1973313,0,0,0,4126109,6111307,0,24,13,0,0,1000,1000,6801218
MPCTASK: EXP,2,78,3891,-33,-101,769,-379,788,-147,-653,1387,73,156,-290,700,-362,454,700,40,-175,696,69,69,0,0,0,0,0,0,0,0,0,0,5,23847,10521,34444,1788455,0,0,0,4053877,5855543,0,24,13,0,0,1000,1000,6801218
MPCTASK: EXP,2,80,3991,-117,-41,754,-630,880,-124,-723,914,226,6,-106,700,-425,552,700,29,-45,366,69,69,0,0,0,0,0,0,0,0,0,0,5,22154,10636,33113,1808027,0,0,0,3766169,5629575,0,24,13,0,0,1000,1000,6801218
MPCTASK: EXP,2,82,4097,-240,-52,740,-809,889,-77,-625,277,242,-151,80,700,-327,406,842,24,273,492,69,69,1,1,0,0,0,0,0,1,0,769,5,23954,11693,38533,1987712,0,0,0,4071998,6550657,0,26,14,0,0,1000,1000,6801218
MPCTASK: EXP,2,84,4192,-320,38,743,-791,982,50,-410,-515,180,-299,265,700,-430,634,763,43,302,462,69,69,1,1,0,0,0,0,0,1,0,343,5,21615,9686,33254,1646503,0,0,0,3674441,5653313,0,28,15,0,0,1000,1000,6801218
MPCTASK: EXP,2,86,4292,-427,131,767,-674,1009,187,-24,-1318,11,-425,443,700,-378,690,706,67,22,408,69,69,0,0,0,0,0,0,0,0,0,0,5,22989,10580,33638,1798500,0,0,0,3907953,5718498,0,28,15,0,0,1000,1000,6801218
MPCTASK: EXP,2,88,4388,-476,217,800,-439,979,143,69,-1695,-125,-515,609,700,-285,727,713,100,-143,427,69,69,0,0,0,0,0,0,0,0,0,0,5,19634,9857,29561,1675663,0,0,0,3337801,5025510,0,28,15,0,0,1000,1000,6801218
MPCTASK: EXP,2,90,4494,-498,300,811,-160,935,2,109,-1959,-337,-561,760,700,-174,754,711,111,-134,759,69,69,0,0,0,0,0,0,0,0,0,0,5,22670,12103,34845,2057487,0,0,0,3853841,5923646,0,28,15,0,0,1000,1000,6801218
MPCTASK: EXP,2,92,4590,-488,369,802,178,857,-109,175,-2055,-481,-558,892,700,-47,754,705,80,-94,1581,69,69,0,0,0,0,0,0,0,0,0,0,5,20740,9941,31290,1689872,0,0,0,3525730,5319396,0,28,15,0,0,1000,1000,6801218
MPCTASK: EXP,2,94,4694,-436,432,775,545,771,-174,156,-1765,-533,-507,1001,700,76,748,700,40,-317,1189,69,69,0,0,0,0,0,0,0,0,0,0,5,20700,14686,35694,2496536,0,0,0,3518933,6068042,0,28,15,0,0,1000,1000,6801218
MPCTASK: EXP,2,96,4791,-344,490,734,879,686,-200,260,-1230,-497,-412,1086,700,191,723,755,-5,13,760,69,69,1,1,0,0,0,0,0,1,0,360,5,19641,10536,32694,1791040,0,0,0,3338885,5558021,0,30,15,0,0,1000,1000,6801218
MPCTASK: EXP,2,98,4894,-227,517,708,1100,551,-66,419,-619,-404,-283,1143,700,278,658,700,-4,16,338,69,69,1,1,0,0,0,0,0,1,1,0,5,22671,12671,35422,2154096,0,0,0,3854014,6021762,0,32,17,0,0,1000,1000,6801218
MPCTASK: EXP,2,100,4991,-101,494,705,1176,358,90,486,63,-307,-133,1172,700,314,541,700,5,66,320,69,69,1,1,0,0,0,0,0,1,1,0,5,24018,8749,32841,1487367,0,0,0,4082953,5583105,0,34,19,0,0,1000,1000,6801218
MPCTASK: EXP,2,102,5093,0,470,724,1088,206,156,424,689,-224,23,1171,700,219,462,900,24,0,290,69,69,1,1,0,0,0,0,0,1,0,1147,5,23024,10506,34529,1785989,0,0,0,3914081,5870006,0,36,20,0,0,1000,1000,6801218
MPCTASK: EXP,2,104,5193,74,476,747,892,128,173,344,1164,-125,172,1141,700,207,375,768,47,-64,341,69,69,1,1,0,0,0,0,0,1,0,344,5,23177,9808,34919,1667262,0,0,0,3939861,5936292,0,38,20,0,0,1000,1000,6995135
MPCTASK: EXP,2,106,5293,145,432,784,635,-5,309,437,1380,-54,297,1083,700,132,245,715,84,34,411,69,69,0,0,0,0,0,0,0,0,0,0,5,21939,11902,33970,2023257,0,0,0,3729593,5775018,0,38,20,0,0,1000,1000,6995135
MPCTASK: EXP,2,108,5392,230,397,809,485,-113,110,486,1439,-6,387,998,700,98,142,714,109,-115,335,69,69,0,0,0,0,0,0,0,0,0,0,5,23286,9882,33237,1679882,0,0,0,3958422,5650351,0,38,20,0,0,1000,1000,6995135
MPCTASK: EXP,2,110,5491,288,400,809,282,-155,-81,451,1866,48,433,887,700,24,82,708,93,-141,1012,69,69,0,0,0,0,0,0,0,0,0,0,5,22668,10537,33279,1791125,0,0,0,3853457,5657616,0,38,20,0,0,1000,1000,6995135
MPCTASK: EXP,2,112,5591,299,416,797,-34,-200,-148,600,1831,132,430,755,700,-70,24,702,68,-292,1207,69,69,0,0,0,0,0,0,0,0,0,0,5,23213,9682,32974,1645891,0,0,0,3946189,5605514,0,38,20,0,0,1000,1000,6995135
MPCTASK: EXP,2,114,5691,250,386,777,-383,-356,-163,927,1591,178,379,603,700,-189,-99,700,44,-216,835,69,69,0,0,0,0,0,0,0,0,0,0,5,21286,11252,32607,1912827,0,0,0,3618452,5543322,0,38,20,0,0,1000,1000,6995135
MPCTASK: EXP,2,116,5789,198,273,757,-641,-635,-133,1000,1114,198,285,436,700,-262,-291,700,30,-59,429,69,69,0,0,0,0,0,0,0,0,0,0,5,20053,10093,30214,1715734,0,0,0,3408949,5136567,0,38,20,0,0,1000,1000,6995135
MPCTASK: EXP,2,118,5895,115,238,744,-820,-769,-67,812,721,239,156,258,700,-326,-370,700,30,-17,325,69,69,1,1,0,0,0,0,0,1,1,0,5,25004,11895,36973,2022112,0,0,0,4250669,6285402,0,39,21,0,0,1000,1000,6995135
MPCTASK: EXP,2,120,5988,21,165,738,-914,-901,-14,700,228,233,5,74,700,-355,-474,700,35,-25,288,69,69,1,1,0,0,0,0,0,1,1,0,5,20679,9040,29792,1536688,0,0,0,3515257,5064791,0,41,23,0,0,1000,1000,6995135
MPCTASK: EXP,2,122,6093,5,112,742,-816,-957,38,583,-106,119,-151,-112,700,-283,-537,700,42,75,280,69,69,1,1,0,0,0,0,0,1,1,0,5,19914,12965,32958,2203959,0,0,0,3385269,5602859,0,43,25,0,0,1000,1000,6995135
MPCTASK: EXP,2,124,6188,-66,22,751,-773,-1044,30,747,-397,-121,-299,-297,700,-252,-642,700,51,24,297,69,69,0,0,0,0,0,0,0,0,0,0,5,19653,8669,28392,1473731,0,0,0,3341001,4826781,0,44,26,0,0,1000,1000,6995135
MPCTASK: EXP,2,126,6294,-131,-60,762,-671,-1103,-9,355,-794,-333,-425,-475,700,-203,-692,700,60,33,280,69,69,0,0,0,0,0,0,0,0,0,0,5,25670,9556,35295,1624495,0,0,0,4363781,6000322,0,44,26,0,0,1000,1000,6995135
MPCTASK: EXP,2,128,6391,-201,-162,759,-546,-1137,-58,0,-1011,-487,-515,-641,700,-157,-740,700,48,41,393,69,69,0,0,0,0,0,0,0,0,0,0,5,21543,9394,31149,1596810,0,0,0,3662193,5295393,0,44,26,0,0,1000,1000,6995135
MPCTASK: EXP,2,130,6493,-253,-279,757,-370,-1113,-17,-513,-1060,-470,-561,-792,700,-106,-772,700,54,-77,334,69,69,0,0,0,0,0,0,0,0,0,0,5,23118,10539,33726,1791561,0,0,0,3930021,5733624,0,44,26,0,0,1000,1000,6995135
MPCTASK: EXP,2,132,6592,-282,-369,758,-170,-997,-17,-662,-1259,-412,-558,-924,700,-35,-779,700,55,83,486,69,69,0,0,0,0,0,0,0,0,0,0,5,22082,10590,32742,1800209,0,0,0,3753785,5566189,0,44,26,0,0,1000,1000,6995135
MPCTASK: EXP,2,134,6693,-260,-456,755,92,-892,-58,-608,-1361,-357,-507,-1033,700,65,-786,700,44,204,806,69,69,0,0,0,0,0,0,0,0,0,0,5,23237,10946,34253,1860818,0,0,0,3950301,5823161,0,44,26,0,0,1000,1000,6995135
MPCTASK: EXP,2,136,6792,-239,-512,745,325,-758,-92,-623,-1257,-303,-412,-1118,700,130,-753,728,26,117,748,69,69,1,1,0,0,0,0,0,1,0,194,5,20758,9540,32508,1621579,0,0,0,3528813,5526376,0,45,26,0,0,1000,1000,6995135
MPCTASK: EXP,2,138,6899,-198,-556,729,538,-622,-90,-585,-1024,-267,-283,-1175,700,179,-708,827,11,-42,432,69,69,1,1,0,0,0,0,0,1,0,708,5,24761,12057,38559,2049642,0,0,0,4209357,6555151,0,47,26,0,0,1000,1000,6995135
MPCTASK: EXP,2,140,6994,-157,-573,721,690,-458,36,-537,-685,-266,-133,-1204,700,196,-633,700,21,22,289,69,69,1,1,0,0,0,0,0,1,1,0,5,22871,10681,33625,1815705,0,0,0,3888129,5716287,0,49,28,0,0,1000,1000,6995135
MPCTASK: EXP,2,142,7097,-78,-588,725,805,-334,86,-456,-317,-286,23,-1203,700,215,-564,700,25,-25,226,69,69,1,1,0,0,0,0,0,1,1,0,5,25173,11915,37160,2025497,0,0,0,4279305,6317419,0,51,30,0,0,1000,1000,6995135
MPCTASK: EXP,2,144,7192,-14,-596,733,796,-222,48,-565,256,-286,172,-1174,700,174,-478,700,33,-26,249,69,69,1,1,0,0,0,0,0,1,1,0,5,21597,10220,32140,1737457,0,0,0,3671449,5463887,0,53,32,0,0,1000,1000,6995135
MPCTASK: EXP,2,146,7294,67,-603,740,727,-102,30,-703,765,-255,297,-1115,700,133,-391,700,40,-40,267,69,69,1,1,0,0,0,0,0,1,1,0,5,21579,11443,33094,1945167,0,0,0,3668281,5626062,0,55,34,0,0,1000,1000,6995135
MPCTASK: EXP,2,148,7389,121,-597,752,557,44,22,-862,1199,-207,387,-1030,700,56,-286,700,52,-36,349,69,69,0,0,0,0,0,0,0,0,0,0,5,20026,8708,28805,1480271,0,0,0,3404473,4896893,0,56,35,0,0,1000,1000,6995135
MPCTASK: EXP,2,150,7495,156,-578,754,336,210,-37,-980,1447,-145,433,-920,700,-28,-173,700,47,127,637,69,69,0,0,0,0,0,0,0,0,0,0,5,23613,11019,34703,1873268,0,0,0,4014273,5899578,0,56,35,0,0,1000,1000,6995135
MPCTASK: EXP,2,152,7592,199,-576,751,123,346,-75,-1070,1513,-82,430,-787,700,-84,-83,700,36,47,746,69,69,0,0,0,0,0,0,0,0,0,0,5,22396,9758,32445,1658791,0,0,0,3807273,5515709,0,56,35,0,0,1000,1000,6995135
MPCTASK: EXP,2,154,7697,185,-522,741,-158,562,-108,-1182,1541,-2,379,-635,700,-180,58,722,19,9,899,69,69,1,1,0,0,0,0,0,1,0,169,5,22006,11212,36083,1905935,0,0,0,3741001,6134123,0,58,35,0,0,1000,1000,6995135
MPCTASK: EXP,2,156,7797,149,-453,730,-427,780,-78,-1080,1262,33,285,-468,700,-253,194,808,14,-124,464,69,69,1,1,0,0,0,0,0,1,0,610,5,23963,9635,36961,1637823,0,0,0,4073677,6283468,0,60,35,0,0,1000,1000,6995135
MPCTASK: EXP,2,158,7893,80,-361,721,-666,984,15,-844,897,63,156,-290,700,-323,329,700,21,-42,324,69,69,1,1,0,0,0,0,0,1,1,0,5,20932,12060,33064,2050112,0,0,0,3558297,5621024,0,62,37,0,0,1000,1000,6995135
MPCTASK: EXP,2,160,7991,-3,-257,725,-804,1109,50,-492,406,142,5,-106,700,-356,437,700,25,70,306,69,69,1,1,0,0,0,0,0,1,1,0,5,20735,9193,29999,1562711,0,0,0,3524813,5099981,0,64,39,0,0,1000,1000,6995135
MPCTASK: EXP,2,162,8098,-11,-171,731,-739,1111,-9,-192,52,385,-151,80,700,-285,500,700,29,41,230,69,69,1,1,0,0,0,0,0,1,1,0,5,26052,10116,36244,1719725,0,0,0,4428809,6161592,0,66,41,0,0,1000,1000,6995135
MPCTASK: EXP,2,164,8192,-120,-68,731,-784,1121,-56,-37,-135,608,-299,265,700,-519,308,700,19,0,225,69,69,1,1,0,0,0,0,0,1,0,1196,5,19044,10070,30777,1711909,0,0,0,3237429,5232092,0,68,41,0,0,1000,1000,6995135
MPCTASK: EXP,2,166,8295,-215,51,732,-770,1111,-18,425,-217,690,-425,443,700,-325,625,700,28,-14,249,69,69,1,1,0,0,0,0,0,1,1,0,5,21686,11853,33904,2014988,0,0,0,3686522,5763741,0,70,43,0,0,1000,1000,6995135
MPCTASK: EXP,2,168,8393,-304,126,741,-716,977,29,616,-828,669,-515,609,700,-278,631,764,41,250,492,69,69,1,1,0,0,0,0,0,1,0,354,5,20405,9237,31668,1570153,0,0,0,3468857,5383506,0,72,43,0,0,1000,1000,6995135
MPCTASK: EXP,2,170,8495,-364,196,756,-495,861,101,482,-1546,523,-561,760,700,-186,647,700,56,-134,453,69,69,0,0,0,0,0,0,0,0,0,0,5,21284,11634,32994,1977807,0,0,0,3618149,5609045,0,73,43,0,0,1000,1000,6995135
MPCTASK: EXP,2,172,8598,-405,249,763,-214,766,38,310,-1885,259,-558,892,700,-98,644,700,63,-175,672,69,69,0,0,0,0,0,0,0,0,0,0,5,22227,14276,36573,2426853,0,0,0,3778489,6217386,0,73,43,0,0,1000,1000,6995135
MPCTASK: EXP,2,174,8696,-402,310,754,105,714,-102,158,-1868,30,-507,1001,700,-6,651,700,33,-257,1173,69,69,0,0,0,0,0,0,0,0,0,0,5,23072,11721,35259,1992467,0,0,0,3922101,5994145,0,73,43,0,0,1000,1000,6995135
MPCTASK: EXP,2,176,8794,-357,348,728,447,640,-181,131,-1613,-121,-412,1086,700,93,619,718,-7,-311,1191,69,69,1,1,0,0,0,0,0,1,0,181,5,21080,9913,32300,1685218,0,0,0,3583533,5491135,0,75,43,0,0,1000,1000,6995135
MPCTASK: EXP,2,178,8899,-284,375,701,752,549,-125,172,-1213,-213,-283,1143,700,98,485,823,-23,-87,588,69,69,1,1,0,0,0,0,0,1,0,762,5,26976,9486,37461,1612559,0,0,0,4585825,6368497,0,77,43,0,0,1000,1000,6995135
MPCTASK: EXP,2,180,8992,-216,403,685,926,458,26,329,-563,-273,-133,1172,700,198,505,700,-14,296,537,69,69,1,1,0,0,0,0,0,1,1,0,5,21221,9572,30865,1627139,0,0,0,3607433,5247177,0,79,45,0,0,1000,1000,6995135
MPCTASK: EXP,2,182,9094,-119,423,693,982,341,136,492,-14,-295,23,1171,700,209,434,700,-6,70,336,69,69,1,1,0,0,0,0,0,1,1,0,5,22598,10557,33228,1794497,0,0,0,3841678,5648789,0,81,47,0,0,1000,1000,6995135
MPCTASK: EXP,2,184,9191,16,400,713,986,186,134,489,610,-264,172,1142,700,221,328,700,13,90,346,69,69,1,1,0,0,0,0,0,1,1,0,5,20565,9033,29674,1535498,0,0,0,3496045,5044537,0,83,49,0,0,1000,1000,6995135
MPCTASK: EXP,2,186,9299,101,432,737,825,147,98,459,1276,-210,297,1084,700,151,288,817,37,-108,372,69,69,1,1,0,0,0,0,0,1,0,612,5,25993,10155,37799,1726243,0,0,0,4418713,6425978,0,85,49,0,0,1000,1000,6995135
MPCTASK: EXP,2,188,9393,181,449,757,584,73,154,627,1518,-125,386,999,700,90,217,702,57,82,447,69,69,0,0,0,0,0,0,0,0,0,0,5,21239,10019,31327,1702879,0,0,0,3610505,5325705,0,86,49,0,0,1000,1000,6995135
MPCTASK: EXP,2,190,9493,218,460,773,314,-33,94,953,1695,-76,432,889,700,-4,125,704,73,-60,477,69,69,0,0,0,0,0,0,0,0,0,0,5,20696,11094,32215,1885894,0,0,0,3518293,5476706,0,86,49,0,0,1000,1000,6995135
MPCTASK: EXP,2,192,9593,257,370,770,87,-296,-102,1090,1742,-42,429,757,700,-63,-62,700,49,15,1104,69,69,0,0,0,0,0,0,0,0,0,0,5,20883,10194,31146,1732759,0,0,0,3550005,5294833,0,86,49,0,0,1000,1000,6995135
MPCTASK: EXP,2,194,9697,237,289,748,-230,-527,-190,897,1710,4,377,606,700,-165,-212,710,10,-313,1372,69,69,1,1,0,0,0,0,0,1,0,114,5,22114,10223,35245,1737899,0,0,0,3759333,5991742,0,87,49,0,0,1000,1000,6995135
MPCTASK: EXP,2,196,9797,192,205,719,-542,-723,-166,774,1350,28,283,439,700,-250,-358,751,-13,-187,767,69,69,1,1,0,0,0,0,0,1,0,352,5,20850,11312,36048,1922905,0,0,0,3544489,6128270,0,89,49,0,0,1000,1000,6995135
MPCTASK: EXP,2,198,9893,85,123,704,-824,-871,-27,560,824,9,154,260,700,-348,-474,700,-1,29,385,69,69,1,1,0,0,0,0,0,1,1,0,5,21246,10472,31798,1780250,0,0,0,3611597,5405756,0,91,51,0,0,1000,1000,6995135
MPCTASK: EXP,2,200,9993,35,26,701,-888,-978,36,613,308,-185,5,74,700,-342,-601,700,1,-40,281,69,69,1,1,0,0,0,0,0,1,1,0,5,20449,10346,30949,1758716,0,0,0,3476023,5261351,0,93,53,0,0,1000,1000,6995135
MPCTASK: EXP,2,202,10094,-54,-88,705,-913,-1088,18,509,-151,-546,-149,-114,700,-343,-716,700,5,49,325,69,69,1,1,0,0,0,0,0,1,1,0,5,20986,10593,31652,1800661,0,0,0,3567552,5380857,0,95,55,0,0,1000,1000,6995135
MPCTASK: EXP,2,204,10195,-173,-147,718,-887,-1085,81,155,-744,-683,-295,-301,700,-341,-736,700,18,11,312,69,69,1,1,0,0,0,0,0,1,1,0,5,22221,10533,32827,1790533,0,0,0,3777581,5580603,0,97,57,0,0,1000,1000,6995135
MPCTASK: EXP,2,206,10297,-286,-212,737,-798,-1029,69,-268,-872,-613,-418,-483,700,-351,-736,700,37,8,296,69,69,1,1,0,0,0,0,0,1,1,0,5,21580,13115,34775,2229406,0,0,0,3668571,5911885,0,99,59,0,0,1000,1000,6995135
MPCTASK: EXP,2,208,10396,-364,-288,743,-645,-961,-29,-296,-1261,-377,-504,-654,700,-338,-714,798,37,-100,429,69,69,1,1,0,0,0,0,0,1,0,535,5,20833,10301,33195,1751069,0,0,0,3541534,5643151,0,101,60,0,0,1000,1000,6995135
MPCTASK: EXP,2,210,10497,-427,-362,741,-423,-878,-61,-462,-1519,-108,-546,-809,700,-259,-730,732,28,-144,659,69,69,1,1,0,0,0,0,0,1,0,213,5,21990,10582,34681,1798710,0,0,0,3738321,5895914,0,103,60,0,0,1000,1000,6995135
MPCTASK: EXP,2,212,10599,-462,-427,741,-151,-760,-18,-480,-1602,144,-541,-944,700,-202,-697,725,37,-12,678,69,69,1,1,0,0,0,0,0,1,0,167,5,22986,13006,37159,2210919,0,0,0,3907573,6317110,0,105,60,0,0,1000,1000,6995135
MPCTASK: EXP,2,214,10695,-476,-464,734,104,-616,-58,-443,-1554,379,-491,-1052,700,-159,-629,735,22,-133,684,69,69,1,1,0,0,0,0,0,1,0,237,5,20695,11007,33295,1871003,0,0,0,3518133,5660334,0,107,60,0,0,1000,1000,6995135
MPCTASK: EXP,2,216,10796,-465,-482,722,340,-455,-79,-487,-1344,572,-402,-1131,699,-169,-495,774,6,-128,564,69,69,1,1,0,0,0,0,0,1,0,468,5,20881,10259,33327,1743725,0,0,0,3549698,5665670,0,109,60,0,0,1000,1000,6995135
MPCTASK: EXP,2,218,10893,-432,-494,711,532,-295,-50,-567,-979,684,-286,-1173,699,-105,-443,699,1,-74,356,69,69,1,1,0,0,0,0,0,1,1,0,5,19660,11158,30892,1896707,0,0,0,3342221,5251750,0,111,61,0,0,1000,1000,6995135
MPCTASK: EXP,2,220,10995,-384,-489,707,655,-117,69,-588,-506,752,-157,-1177,699,-96,-352,699,7,-48,262,69,69,1,1,0,0,0,0,0,1,1,0,5,23285,9456,32815,1607523,0,0,0,3958509,5578682,0,113,63,0,0,1000,1000,6995135
MPCTASK: EXP,2,222,11098,-328,-475,712,678,24,47,-702,-80,874,-32,-1139,699,-99,-272,699,12,-3,312,69,69,1,1,0,0,0,0,0,1,1,0,5,22010,14385,36476,2445394,0,0,0,3741625,6200956,0,115,65,0,0,1000,1000,6995135
MPCTASK: EXP,2,224,11192,-281,-453,719,611,166,7,-856,300,954,73,-1059,699,-106,-214,699,19,20,327,69,69,1,1,0,0,0,0,0,1,1,0,5,19458,9230,28952,1569056,0,0,0,3307721,4921975,0,117,67,0,0,1000,1000,6995135
MPCTASK: EXP,2,226,11297,-252,-418,722,483,312,-13,-855,479,1008,146,-940,700,-116,-173,700,19,220,487,69,69,1,1,0,0,0,0,0,1,1,0,5,24997,9746,34817,1656653,0,0,0,4249409,5919002,0,119,69,0,0,1000,1000,6995135
MPCTASK: EXP,2,228,11392,-249,-358,724,332,462,-35,-655,414,934,180,-788,700,-140,-121,700,17,-22,291,69,69,1,1,0,0,0,0,0,1,1,0,5,20074,9573,29721,1627395,0,0,0,3412449,5052694,0,121,71,0,0,1000,1000,6995135
MPCTASK: EXP,2,230,11495,-253,-289,720,214,544,-38,-36,306,835,173,-615,700,-160,-91,700,13,-15,236,69,69,1,1,0,0,0,0,0,1,1,0,5,22298,10844,33224,1843322,0,0,0,3790437,5648230,0,123,73,0,0,1000,1000,6995135
MPCTASK: EXP,2,232,11594,-278,-220,716,105,535,-18,405,212,676,132,-436,700,-196,-60,700,13,136,368,69,69,1,1,0,0,0,0,0,1,1,0,5,21302,10300,31678,1750960,0,0,0,3621277,5385267,0,125,75,0,0,1000,1000,6995135
MPCTASK: EXP,2,234,11694,-316,-176,722,48,426,-5,793,-219,585,71,-271,700,-228,-34,700,21,11,313,69,69,1,1,0,0,0,0,0,1,1,0,5,20000,11910,31982,2024672,0,0,0,3399813,5437128,0,127,77,0,0,1000,1000,6995135
MPCTASK: EXP,2,236,11791,-346,-142,722,55,311,-35,571,-315,517,7,-138,700,-273,44,700,15,51,300,69,69,1,1,0,0,0,0,0,1,1,0,5,18006,10457,28534,1777531,0,0,0,3060985,4851015,0,129,79,0,0,1000,1000,6995135
MPCTASK: EXP,2,238,11898,-381,-118,707,56,236,-63,260,-377,400,-39,-54,700,-331,149,700,-4,6,269,69,69,1,1,0,0,0,0,0,1,1,0,5,23004,12600,35685,2141834,0,0,0,3856121,6066544,0,131,81,0,0,1000,1000,6995135
MPCTASK: EXP,2,240,11993,-421,-103,701,55,210,-8,-48,-433,135,-61,-19,700,-370,245,700,0,-26,269,69,69,1,1,0,0,0,0,0,1,1,0,5,20633,10002,30707,1700342,0,0,0,3507373,5220211,0,133,83,0,0,1000,1000,6995135
MPCTASK: EXP,2,242,12093,-456,-77,703,91,242,40,-273,-605,-269,-63,-16,700,-363,337,700,3,-48,271,69,69,1,1,0,0,0,0,0,1,1,0,5,19724,10875,30673,1848680,0,0,0,3352981,5214473,0,135,85,0,0,1000,1000,6995135
MPCTASK: EXP,2,244,12197,-489,-49,715,148,299,105,-430,-808,-715,-68,-8,700,-308,390,700,15,-60,289,69,69,1,1,0,0,0,0,0,1,1,0,5,22038,12989,35100,2208105,0,0,0,3746321,5967081,0,137,87,0,0,1000,1000,6995135
MPCTASK: EXP,2,246,12294,-496,-24,732,247,349,132,-654,-763,-954,-93,37,700,-246,444,700,32,-52,268,69,69,1,1,0,0,0,0,0,1,1,0,5,21094,11215,32381,1906392,0,0,0,3585985,5504870,0,139,89,0,0,1000,1000,6995135
MPCTASK: EXP,2,248,12398,-482,10,744,345,466,51,-1119,-414,-1054,-140,136,700,-291,410,839,44,63,362,69,69,1,1,0,0,0,0,0,1,0,750,5,22671,9313,35187,1583099,0,0,0,3853977,5981885,0,141,89,0,0,1000,1000,6995135
MPCTASK: EXP,2,250,12495,-464,70,746,403,647,100,-755,-200,-1054,-196,281,700,-123,574,700,46,-18,245,69,69,1,1,0,0,0,0,0,1,1,0,5,20015,12056,32153,2049557,0,0,0,3402625,5466034,0,143,90,0,0,1000,1000,6995135
MPCTASK: EXP,2,252,12599,-441,147,753,396,740,125,-139,62,-1038,-243,455,700,-87,605,700,53,147,297,69,69,0,0,0,0,0,0,0,0,0,0,5,22128,14302,36499,2431310,0,0,0,3761617,6204851,0,144,90,0,0,1000,1000,6995135
MPCTASK: EXP,2,254,12698,-427,193,768,390,734,90,-273,-338,-972,-264,636,700,-42,614,702,68,31,189,69,69,0,0,0,0,0,0,0,0,0,0,5,23611,12014,35704,2042325,0,0,0,4013690,6069743,0,144,90,0,0,1000,1000,6995135
MPCTASK: EXP,2,256,12797,-396,260,776,443,766,-16,-524,-462,-767,-249,806,700,4,649,701,73,95,259,69,69,0,0,0,0,0,0,0,0,0,0,5,23065,10547,33682,1792796,0,0,0,3921043,5725927,0,144,90,0,0,1000,1000,6995135
MPCTASK: EXP,2,258,12898,-342,319,775,533,801,-92,-389,-507,-527,-195,949,699,54,648,699,57,34,248,69,69,0,0,0,0,0,0,0,0,0,0,5,21436,13054,34560,2219065,0,0,0,3644025,5875173,0,144,90,0,0,1000,1000,6995135
MPCTASK: EXP,2,260,12998,-281,386,759,624,816,-161,-45,-467,-293,-106,1055,699,90,631,699,26,-12,265,69,69,0,0,0,0,0,0,0,0,0,0,5,24565,9966,34601,1694108,0,0,0,4176001,5882193,0,144,90,0,0,1000,1000,6995135
MPCTASK: EXP,2,262,13098,-217,426,742,692,748,-160,323,-267,-118,7,1118,699,100,571,699,9,1,264,69,69,1,1,0,0,0,0,0,1,1,0,5,24547,9862,34487,1676460,0,0,0,4172973,5862839,0,146,92,0,0,1000,1000,6995135
MPCTASK: EXP,2,264,13193,-125,486,728,742,645,-99,648,79,9,130,1137,699,109,517,699,8,5,333,69,69,1,1,0,0,0,0,0,1,1,0,5,20280,9270,29874,1575857,0,0,0,3447629,5078683,0,148,94,0,0,1000,1000,6995135
MPCTASK: EXP,2,266,13297,-38,519,721,696,447,-62,967,549,65,246,1114,699,82,418,699,9,-71,363,69,69,1,1,0,0,0,0,0,1,1,0,5,20976,12579,33628,2138351,0,0,0,3565833,5716829,0,150,96,0,0,1000,1000,6995135
MPCTASK: EXP,2,268,13399,42,523,716,601,217,-56,1139,884,57,342,1052,699,6,339,850,5,-41,442,69,69,1,1,0,0,0,0,0,1,0,836,5,20058,12936,35747,2198973,0,0,0,3409717,6077174,0,152,97,0,0,1000,1000,6995135
MPCTASK: EXP,2,270,13498,102,514,714,452,-4,-13,1186,1174,-8,402,956,700,-9,182,700,12,-62,399,69,69,1,1,0,0,0,0,0,1,1,0,5,23359,10043,33479,1707242,0,0,0,3971001,5691454,0,154,98,0,0,1000,1000,6995135
MPCTASK: EXP,2,272,13595,148,474,721,212,-275,122,1158,1377,-104,420,831,700,74,194,900,21,174,512,69,69,1,1,0,0,0,0,0,1,0,1108,5,20339,8668,30679,1473569,0,0,0,3457433,5215608,0,156,98,0,0,1000,1000,6995135
MPCTASK: EXP,2,274,13698,180,418,734,-40,-515,182,906,1217,-156,391,683,700,-125,-86,745,34,243,584,69,69,1,1,0,0,0,0,0,1,0,242,5,22976,9710,33736,1650722,0,0,0,3905817,5735291,0,158,98,0,0,1000,1000,6995135
MPCTASK: EXP,2,276,13801,138,303,750,-296,-730,204,690,1106,-206,317,517,700,-223,-256,702,50,-64,330,69,69,0,0,0,0,0,0,0,0,0,0,5,24380,12754,37205,2168112,0,0,0,4144571,6324774,0,159,98,0,0,1000,1000,6995135
MPCTASK: EXP,2,278,13899,122,215,764,-428,-834,120,543,1050,-241,205,338,700,-254,-374,702,64,128,349,69,69,0,0,0,0,0,0,0,0,0,0,5,24947,9673,34693,1644296,0,0,0,4240829,5897915,0,159,98,0,0,1000,1000,6995135
MPCTASK: EXP,2,280,13995,118,156,772,-521,-849,-30,383,957,-231,65,151,700,-248,-438,700,66,249,496,69,69,0,0,0,0,0,0,0,0,0,0,5,21076,9614,30759,1634343,0,0,0,3582846,5229111,0,159,98,0,0,1000,1000,6995135
MPCTASK: EXP,2,282,14095,83,44,769,-639,-927,-96,292,857,-260,-88,-37,700,-255,-550,700,50,-50,309,69,69,0,0,0,0,0,0,0,0,0,0,5,20958,10051,31078,1708574,0,0,0,3562721,5283377,0,159,98,0,0,1000,1000,6995135
MPCTASK: EXP,2,284,14196,115,-59,754,-627,-970,-121,285,572,-457,-241,-225,700,-166,-652,700,30,-3,274,69,69,0,0,0,0,0,0,0,0,0,0,5,23273,8510,31852,1446664,0,0,0,3956285,5415029,0,159,98,0,0,1000,1000,6995135
MPCTASK: EXP,2,286,14299,70,-146,751,-689,-1015,-35,413,264,-774,-376,-407,700,-142,-737,700,44,76,291,69,69,0,0,0,0,0,0,0,0,0,0,5,23608,11110,35007,1888650,0,0,0,4013297,5951379,0,159,98,0,0,1000,1000,6995135
MPCTASK: EXP,2,288,14397,-37,-239,750,-728,-1058,-26,292,-528,-966,-481,-579,700,-127,-803,700,45,258,436,69,69,0,0,0,0,0,0,0,0,0,0,5,20078,12123,32277,2060935,0,0,0,3413173,5487045,0,159,98,0,0,1000,1000,6995135
MPCTASK: EXP,2,290,14497,-123,-318,755,-621,-1074,-49,117,-1250,-1006,-546,-736,700,-79,-844,700,46,-94,418,69,69,0,0,0,0,0,0,0,0,0,0,5,23024,9244,32340,1571538,0,0,0,3914001,5498010,0,159,98,0,0,1000,1000,6995135
MPCTASK: EXP,2,292,14600,-191,-419,764,-429,-1081,-65,-343,-1459,-978,-563,-876,700,-35,-864,700,51,-17,597,69,69,0,0,0,0,0,0,0,0,0,0,5,23633,11844,35892,2013410,0,0,0,4017421,6101701,0,159,98,0,0,1000,1000,6995135
MPCTASK: EXP,2,294,14697,-208,-501,752,-190,-1016,-141,-728,-1422,-813,-532,-994,700,30,-859,700,24,-172,867,69,69,0,0,0,0,0,0,0,0,0,0,5,21944,10967,33181,1864278,0,0,0,3730405,5640999,0,159,98,0,0,1000,1000,6995135
MPCTASK: EXP,2,296,14799,-211,-578,727,101,-852,-201,-906,-1453,-518,-454,-1088,700,109,-823,716,-12,-231,1259,69,69,1,1,0,0,0,0,0,1,0,175,5,21390,9464,34311,1608803,0,0,0,3636126,5832935,0,161,98,0,0,1000,1000,6995135
MPCTASK: EXP,2,298,14900,-182,-628,703,374,-655,-168,-925,-1255,-236,-338,-1156,700,173,-766,749,-29,-146,827,69,69,1,1,0,0,0,0,0,1,0,368,5,23014,10706,35602,1819878,0,0,0,3912189,6052375,0,163,98,0,0,1000,1000,6995135
MPCTASK: EXP,2,300,14999,-120,-657,686,624,-442,-54,-807,-951,-7,-195,-1196,700,233,-690,700,-23,-66,395,69,69,1,1,0,0,0,0,0,1,1,0,5,24003,11083,35165,1884052,0,0,0,4080513,5978089,0,165,99,0,0,1000,1000,6995135
MPCTASK: EXP,2,302,15100,-61,-667,678,760,-252,59,-803,-468,147,-39,-1207,700,240,-599,700,-21,0,372,69,69,1,1,0,0,0,0,0,1,1,0,5,24551,9920,34690,1686373,0,0,0,4173545,5897267,0,167,101,0,0,1000,1000,6995135
MPCTASK: EXP,2,304,15200,31,-669,686,802,-81,72,-691,131,227,114,-1189,700,236,-511,700,-13,-56,297,69,69,1,1,0,0,0,0,0,1,1,0,5,21217,12746,34036,2166755,0,0,0,3606849,5786253,0,169,103,0,0,1000,1000,6995135
MPCTASK: EXP,2,306,15304,103,-660,695,730,46,59,-723,608,251,250,-1142,700,188,-414,700,-4,-39,303,69,69,1,1,0,0,0,0,0,1,1,0,5,28120,10002,38201,1700183,0,0,0,4780417,6494158,0,171,105,0,0,1000,1000,6995135
MPCTASK: EXP,2,308,15398,199,-620,710,624,207,75,-837,1102,330,356,-1067,700,148,-286,700,10,-39,388,69,69,1,1,0,0,0,0,0,1,1,0,5,22110,10931,33115,1858322,0,0,0,3758630,5629592,0,173,107,0,0,1000,1000,6995135
MPCTASK: EXP,2,310,15500,232,-590,722,411,329,28,-920,1444,349,420,-966,700,57,-178,776,22,46,545,69,69,1,1,0,0,0,0,0,1,0,445,5,22689,8772,33497,1491162,0,0,0,3857189,5694689,0,175,107,0,0,1000,1000,6995135
MPCTASK: EXP,2,312,15598,289,-541,727,141,496,74,-844,1491,310,437,-842,700,-4,-56,793,27,151,567,69,69,1,1,0,0,0,0,0,1,0,511,5,17473,9986,30742,1697603,0,0,0,2970361,5226147,0,177,107,0,0,1000,1000,6995135
MPCTASK: EXP,2,314,15702,271,-479,735,-158,643,71,-934,1578,331,405,-698,700,-122,78,760,35,80,554,69,69,1,1,0,0,0,0,0,1,0,335,5,21840,11229,34904,1908918,0,0,0,3712650,5933816,0,179,107,0,0,1000,1000,6995135
MPCTASK: EXP,2,316,15801,197,-375,740,-495,838,37,-900,1439,458,327,-537,700,-254,238,763,40,-134,446,69,69,1,1,0,0,0,0,0,1,0,350,5,20894,10565,32716,1795980,0,0,0,3551969,5561744,0,181,107,0,0,1000,1000,6995135
MPCTASK: EXP,2,318,15900,150,-242,736,-710,1019,-6,-729,1066,633,211,-363,700,-309,403,700,35,-84,351,69,69,1,1,0,0,0,0,0,1,1,0,5,22045,8922,31050,1516568,0,0,0,3747553,5278471,0,183,108,0,0,1000,1000,6995135
MPCTASK: EXP,2,320,16005,44,-160,734,-908,1053,7,-88,485,715,67,-180,700,-251,343,776,34,322,488,69,69,1,1,0,0,0,0,0,1,0,431,5,23084,11088,35532,1884903,0,0,0,3924081,6040612,0,185,108,0,0,1000,1000,6995135
MPCTASK: EXP,2,322,16101,-89,-39,737,-975,1046,69,494,-482,697,-88,6,700,-374,525,731,37,405,558,69,69,1,1,0,0,0,0,0,1,0,190,5,22747,7591,31424,1290376,0,0,0,3866933,5342144,0,187,108,0,0,1000,1000,6995135
MPCTASK: EXP,2,324,16202,-202,22,765,-846,882,148,704,-1119,609,-242,192,700,-346,542,704,65,-37,328,69,69,0,0,0,0,0,0,0,0,0,0,5,21623,11018,32718,1873015,0,0,0,3675757,5562137,0,187,108,0,0,1000,1000,6995135
MPCTASK: EXP,2,326,16301,-282,71,775,-674,773,-30,327,-1362,446,-378,373,700,-294,571,700,69,-116,441,69,69,0,0,0,0,0,0,0,0,0,0,5,22316,9266,31651,1574979,0,0,0,3793677,5380838,0,187,108,0,0,1000,1000,6995135
MPCTASK: EXP,2,328,16402,-343,113,761,-453,714,-158,-10,-1526,291,-484,544,700,-222,600,700,29,-170,1111,69,69,0,0,0,0,0,0,0,0,0,0,5,20513,11712,32841,1991004,0,0,0,3487149,5583140,0,187,108,0,0,1000,1000,6995135
MPCTASK: EXP,2,330,16509,-374,153,740,-174,701,-186,-224,-1656,152,-548,702,700,-121,620,705,3,-127,1736,69,69,1,1,0,0,0,0,0,1,0,99,5,27244,11357,40002,1930724,0,0,0,4631421,6800451,0,188,108,0,0,1000,1000,6995135
MPCTASK: EXP,2,332,16605,-377,202,724,138,715,-131,-270,-1690,-37,-565,842,700,-6,641,712,-2,-115,1349,69,69,1,1,0,0,0,0,0,1,0,145,5,22760,11383,35702,1935010,0,0,0,3869134,6069484,0,190,108,0,0,1000,1000,6995135
MPCTASK: EXP,2,334,16705,-348,252,706,457,733,-94,-266,-1639,-133,-533,960,700,111,648,724,-12,-108,1071,69,69,1,1,0,0,0,0,0,1,0,225,5,23240,10568,35552,1796477,0,0,0,3950657,6043939,0,192,108,0,0,1000,1000,6995135
MPCTASK: EXP,2,336,16809,-302,292,691,726,712,-62,-173,-1290,-121,-455,1055,700,190,636,700,-20,-98,549,69,69,1,1,0,0,0,0,0,1,1,0,5,24566,14800,39441,2516059,0,0,0,4176081,6704914,0,194,109,0,0,1000,1000,6995135
MPCTASK: EXP,2,338,16903,-221,336,677,924,709,5,-204,-671,-93,-338,1123,700,251,624,700,-22,-50,323,69,69,1,1,0,0,0,0,0,1,1,0,5,23012,10877,33966,1848939,0,0,0,3911917,5774365,0,196,111,0,0,1000,1000,6995135
MPCTASK: EXP,2,340,17003,-145,382,680,988,699,76,-19,-236,-84,-195,1164,700,267,598,700,-19,1,258,69,69,1,1,0,0,0,0,0,1,1,0,5,21390,11917,33387,2025773,0,0,0,3636213,5675999,0,198,113,0,0,1000,1000,6995135
MPCTASK: EXP,2,342,17103,-38,449,696,977,664,113,303,323,-79,-39,1175,700,269,567,700,-3,-12,243,69,69,1,1,0,0,0,0,0,1,1,0,5,22855,9181,32369,1560804,0,0,0,3885278,5502849,0,200,115,0,0,1000,1000,6995135
MPCTASK: EXP,2,344,17201,39,485,717,875,552,104,614,671,-54,114,1157,700,230,494,700,17,-48,256,69,69,1,1,0,0,0,0,0,1,1,0,5,19648,10612,30335,1804085,0,0,0,3340205,5157070,0,202,117,0,0,1000,1000,6995135
MPCTASK: EXP,2,346,17301,140,535,732,768,440,48,901,1097,-34,251,1110,700,197,431,700,32,-74,339,69,69,1,1,0,0,0,0,0,1,1,0,5,21002,10120,31198,1720313,0,0,0,3570257,5303702,0,204,119,0,0,1000,1000,6995135
MPCTASK: EXP,2,348,17404,196,544,741,585,263,-11,1073,1375,4,356,1035,700,125,329,754,38,10,485,69,69,1,1,0,0,0,0,0,1,0,314,5,19712,11893,33880,2021749,0,0,0,3350841,5759659,0,206,119,0,0,1000,1000,6995135
MPCTASK: EXP,2,350,17505,245,546,743,307,20,-6,1198,1522,14,421,934,700,37,209,731,42,189,671,69,69,1,1,0,0,0,0,0,1,0,195,5,20961,10360,33134,1761109,0,0,0,3563253,5632918,0,208,119,0,0,1000,1000,6995135
MPCTASK: EXP,2,352,17607,260,515,738,38,-228,-46,1251,1555,-12,437,810,700,-54,73,731,29,76,712,69,69,1,1,0,0,0,0,0,1,0,208,5,20059,12614,35919,2144247,0,0,0,3409921,6106319,0,210,119,0,0,1000,1000,6995135
MPCTASK: EXP,2,354,17705,246,453,725,-239,-488,-79,1179,1453,-26,405,666,700,-149,-79,751,9,-78,648,69,69,1,1,0,0,0,0,0,1,0,332,5,21481,9572,33601,1627088,0,0,0,3651729,5712326,0,212,119,0,0,1000,1000,6995135
MPCTASK: EXP,2,356,17801,243,338,716,-441,-760,-33,1001,1257,-36,327,505,700,-194,-259,700,10,-123,433,69,69,1,1,0,0,0,0,0,1,1,0,5,19140,10889,30104,1851186,0,0,0,3253741,5117729,0,214,120,0,0,1000,1000,6995135
MPCTASK: EXP,2,358,17904,230,209,714,-623,-973,44,704,1068,-176,211,331,700,-228,-427,700,14,-49,354,69,69,1,1,0,0,0,0,0,1,1,0,5,21894,9340,31306,1587632,0,0,0,3721842,5322126,0,216,122,0,0,1000,1000,6995135
MPCTASK: EXP,2,360,18007,153,115,716,-797,-1063,25,455,746,-470,67,148,700,-280,-522,700,16,128,408,69,69,1,1,0,0,0,0,0,1,1,0,5,21960,12657,34690,2151577,0,0,0,3733105,5897333,0,218,124,0,0,1000,1000,6995135
MPCTASK: EXP,2,362,18110,54,22,721,-926,-1086,34,221,449,-716,-88,-38,700,-322,-606,700,21,196,406,69,69,1,1,0,0,0,0,0,1,1,0,5,26880,11147,38100,1894877,0,0,0,4569445,6477096,0,220,126,0,0,1000,1000,6995135
MPCTASK: EXP,2,364,18203,-40,-51,729,-953,-1073,36,255,-244,-939,-242,-224,700,-309,-672,700,29,189,373,69,69,1,1,0,0,0,0,0,1,1,0,5,20675,10530,31278,1789681,0,0,0,3514634,5317385,0,222,128,0,0,1000,1000,6995135
MPCTASK: EXP,2,366,18307,-151,-118,746,-889,-1065,82,168,-992,-1209,-378,-405,700,-147,-596,797,46,94,383,69,69,1,1,0,0,0,0,0,1,0,574,5,21946,9735,34091,1654788,0,0,0,3730714,5795628,0,224,128,0,0,1000,1000,6995135
MPCTASK: EXP,2,368,18405,-230,-211,767,-677,-1090,140,-168,-1659,-1340,-484,-576,700,-185,-768,704,67,56,589,69,69,0,0,0,0,0,0,0,0,0,0,5,21206,10833,32497,1841607,0,0,0,3604782,5524570,0,224,128,0,0,1000,1000,6995135
MPCTASK: EXP,2,370,18511,-285,-324,792,-416,-1094,55,-462,-1824,-1235,-548,-734,700,-108,-820,708,92,-193,574,69,69,0,0,0,0,0,0,0,0,0,0,5,25954,11912,38182,2024961,0,0,0,4412089,6491096,0,224,128,0,0,1000,1000,6995135
MPCTASK: EXP,2,372,18604,-307,-398,786,-157,-1002,-181,-876,-1635,-933,-565,-874,700,-38,-800,700,50,-285,1083,69,69,0,0,0,0,0,0,0,0,0,0,5,18841,11925,31072,2027190,0,0,0,3202885,5282462,0,224,128,0,0,1000,1000,6995135
MPCTASK: EXP,2,374,18710,-297,-478,746,122,-863,-336,-950,-1403,-595,-533,-993,700,47,-787,701,-20,-364,2394,70,70,1,1,0,0,0,0,0,1,0,95,5,24563,9645,36936,1639564,0,0,0,4175657,6279119,0,226,128,0,0,1000,1000,6995135
MPCTASK: EXP,2,376,18807,-261,-527,692,418,-656,-323,-872,-1227,-328,-455,-1087,700,84,-682,708,-72,-333,1786,70,70,1,1,0,0,0,0,0,1,0,206,5,19079,12103,34333,2057488,0,0,0,3243229,5836699,0,228,128,0,0,1000,1000,6995135
MPCTASK: EXP,2,378,18905,-200,-556,661,657,-447,-153,-748,-810,-128,-338,-1156,700,205,-666,700,-69,-75,481,69,69,1,1,0,0,0,0,0,1,1,0,5,22000,11058,33131,1879719,0,0,0,3739909,5632286,0,230,129,0,0,1000,1000,6995135
MPCTASK: EXP,2,380,19006,-125,-571,654,786,-253,58,-798,-285,-61,-195,-1196,700,232,-578,700,-45,-79,346,69,69,1,1,0,0,0,0,0,1,1,0,5,20817,11540,33083,1961710,0,0,0,3538867,5624080,0,232,131,0,0,1000,1000,6995135
MPCTASK: EXP,2,382,19104,-58,-567,668,790,-89,146,-582,19,-85,-39,-1207,700,225,-499,700,-31,-37,291,69,69,1,1,0,0,0,0,0,1,1,0,5,22664,8368,31106,1422524,0,0,0,3852905,5288264,0,234,133,0,0,1000,1000,6995135
MPCTASK: EXP,2,384,19203,15,-557,686,762,12,143,-413,313,-91,114,-1189,700,203,-420,700,-13,-35,244,69,69,1,1,0,0,0,0,0,1,1,0,5,16786,14015,30875,2382552,0,0,0,2853498,5248698,0,236,135,0,0,1000,1000,6995135
MPCTASK: EXP,2,386,19305,85,-540,704,679,96,87,-483,723,-12,251,-1142,700,156,-328,700,4,-56,278,69,69,1,1,0,0,0,0,0,1,1,0,5,25424,7333,32833,1246601,0,0,0,4322017,5581693,0,238,137,0,0,1000,1000,6995135
MPCTASK: EXP,2,388,19405,141,-517,719,525,192,44,-645,1115,105,356,-1067,700,84,-224,700,19,-26,367,69,69,1,1,0,0,0,0,0,1,1,0,5,20064,12003,32140,2040497,0,0,0,3410725,5463882,0,240,139,0,0,1000,1000,6995135
MPCTASK: EXP,2,390,19510,180,-457,725,320,354,-14,-771,1356,196,421,-967,700,3,-82,758,22,122,611,69,69,1,1,0,0,0,0,0,1,0,357,5,24461,9719,36964,1652282,0,0,0,4158409,6283923,0,242,139,0,0,1000,1000,6995135
MPCTASK: EXP,2,392,19605,197,-413,727,54,491,22,-848,1486,342,437,-842,700,-93,38,759,27,39,566,69,69,1,1,0,0,0,0,0,1,0,350,5,20061,11595,32889,1970913,0,0,0,3410313,5591266,0,244,139,0,0,1000,1000,6995135
MPCTASK: EXP,2,394,19712,206,-312,727,-194,693,25,-892,1390,560,405,-698,700,-90,129,783,27,-78,469,69,69,1,1,0,0,0,0,0,1,0,491,5,26248,11547,39778,1963001,0,0,0,4462029,6762327,0,246,139,0,0,1000,1000,6995135
MPCTASK: EXP,2,396,19808,155,-275,729,-481,762,54,-702,1271,750,327,-537,700,-122,127,837,29,-106,407,69,69,1,1,0,0,0,0,0,1,0,913,5,20852,11172,35379,1899084,0,0,0,3544717,6014566,0,248,139,0,0,1000,1000,6995135
MPCTASK: EXP,2,398,19904,77,-159,731,-719,906,74,-577,759,953,211,-363,700,-143,223,841,31,159,411,69,69,1,1,0,0,0,0,0,1,0,915,5,22186,7604,31366,1292584,0,0,0,3771590,5332247,0,250,139,0,0,1000,1000,6995135
MPCTASK: EXP,2,400,20008,-29,-86,739,-852,919,140,231,-23,1008,67,-180,700,-365,453,736,39,423,504,69,69,1,1,0,0,0,0,0,1,0,199,5,20709,12354,35740,2100093,0,0,0,3520561,6075914,0,252,139,0,0,1000,1000,6995135
MPCTASK: EXP,2,402,20111,-142,-18,762,-816,831,109,461,-722,949,-88,6,700,-369,500,701,62,59,265,69,69,0,0,0,0,0,0,0,0,0,0,5,26967,11543,38581,1962268,0,0,0,4584189,6558846,0,252,139,0,0,1000,1000,6995135
MPCTASK: EXP,2,404,20205,-223,47,769,-705,780,-58,85,-870,836,-242,192,700,-341,568,700,57,2,306,69,69,0,0,0,0,0,0,0,0,0,0,5,20016,11768,31855,2000482,0,0,0,3402733,5415294,0,252,139,0,0,1000,1000,6995135
MPCTASK: EXP,2,406,20304,-290,101,759,-551,766,-121,-32,-1148,732,-378,373,700,-280,610,700,35,-57,547,69,69,0,0,0,0,0,0,0,0,0,0,5,22442,9328,31839,1585746,0,0,0,3814905,5412741,0,252,139,0,0,1000,1000,6995135
MPCTASK: EXP,2,408,20402,-327,158,754,-319,765,-99,-66,-1418,625,-484,544,700,-182,648,700,34,91,925,69,69,0,0,0,0,0,0,0,0,0,0,5,20256,9866,30197,1677017,0,0,0,3443486,5133469,0,252,139,0,0,1000,1000,6995135
MPCTASK: EXP,2,410,20508,-343,224,745,-66,787,-106,-93,-1485,518,-548,702,700,-81,688,715,24,65,1043,69,69,1,1,0,0,0,0,0,1,0,126,5,25383,7316,35624,1243616,0,0,0,4315110,6056163,0,253,139,0,0,1000,1000,6995135
MPCTASK: EXP,2,412,20609,-328,296,731,199,811,-119,-107,-1360,454,-565,841,700,19,727,739,7,-135,733,69,69,1,1,0,0,0,0,0,1,0,271,5,21888,13131,36580,2232180,0,0,0,3720782,6218714,0,255,139,0,0,1000,1000,6995135
MPCTASK: EXP,2,414,20703,-281,339,700,458,789,-124,-48,-1088,350,-533,960,700,124,717,792,-24,-64,603,69,69,1,1,0,0,0,0,0,1,0,579,5,22707,6900,30680,1172825,0,0,0,3860209,5215574,0,257,139,0,0,1000,1000,6995135
MPCTASK: EXP,2,416,20803,-226,380,684,668,738,18,128,-866,170,-454,1055,700,207,686,700,-15,-57,343,69,69,1,1,0,0,0,0,0,1,1,0,5,20298,10634,31007,1807640,0,0,0,3450561,5271250,0,259,141,0,0,1000,1000,6995135
MPCTASK: EXP,2,418,20907,-148,430,688,818,667,100,313,-623,-14,-338,1123,700,274,651,700,-11,-26,280,69,69,1,1,0,0,0,0,0,1,1,0,5,25955,9265,35296,1574960,0,0,0,4412249,6000465,0,261,143,0,0,1000,1000,6995135
MPCTASK: EXP,2,420,21009,-69,475,704,885,571,108,480,-224,-150,-195,1164,700,295,603,700,4,-30,237,69,69,1,1,0,0,0,0,0,1,1,0,5,22415,13794,36282,2344807,0,0,0,3810445,6168001,0,263,145,0,0,1000,1000,6995135
MPCTASK: EXP,2,422,21104,21,508,716,890,459,67,572,226,-178,-38,1175,700,294,544,700,16,-36,243,69,69,1,1,0,0,0,0,0,1,1,0,5,22082,9670,31826,1643855,0,0,0,3753857,5410359,0,265,147,0,0,1000,1000,6995135
MPCTASK: EXP,2,424,21202,99,521,731,807,323,50,669,658,-144,114,1157,700,255,461,700,31,0,259,69,69,1,1,0,0,0,0,0,1,1,0,5,19157,10679,29909,1815451,0,0,0,3256533,5084630,0,267,149,0,0,1000,1000,6995135
MPCTASK: EXP,2,426,21305,171,540,737,671,201,1,773,1016,-91,250,1110,700,199,382,700,37,3,344,69,69,1,1,0,0,0,0,0,1,1,0,5,23215,9360,32922,1590987,0,0,0,3946581,5596957,0,269,151,0,0,1000,1000,6995135
MPCTASK: EXP,2,428,21410,231,533,737,490,39,-53,914,1252,-57,356,1036,700,134,273,756,26,87,557,69,69,1,1,0,0,0,0,0,1,0,334,5,20661,14892,36763,2531595,0,0,0,3512316,6249894,0,271,151,0,0,1000,1000,6995135
MPCTASK: EXP,2,430,21509,234,490,731,194,-196,-15,1011,1402,-62,419,936,700,9,123,751,28,130,610,69,69,1,1,0,0,0,0,0,1,0,311,5,21210,10546,35132,1792666,0,0,0,3605658,5972560,0,273,151,0,0,1000,1000,6995135
MPCTASK: EXP,2,432,21612,248,450,732,-38,-385,18,897,1260,-70,436,812,700,-64,2,792,32,216,566,69,69,1,1,0,0,0,0,0,1,0,511,5,25849,11546,38589,1962725,0,0,0,4394293,6560175,0,275,151,0,0,1000,1000,6995135
MPCTASK: EXP,2,434,21709,238,392,734,-264,-561,56,849,1209,-96,403,668,700,-143,-128,834,34,145,455,69,69,1,1,0,0,0,0,0,1,0,713,5,24661,8508,35736,1446373,0,0,0,4192306,6075119,0,277,151,0,0,1000,1000,6995135
MPCTASK: EXP,2,436,21812,239,321,741,-431,-723,134,813,1024,-101,325,507,700,-174,-262,821,41,75,342,69,69,1,1,0,0,0,0,0,1,0,622,5,23291,12473,37226,2120400,0,0,0,3959253,6328546,0,279,151,0,0,1000,1000,6995135
MPCTASK: EXP,2,438,21908,207,243,760,-576,-862,191,759,861,-119,209,333,700,-213,-384,704,60,134,333,69,69,0,0,0,0,0,0,0,0,0,0,5,25208,8730,34008,1484102,0,0,0,4285281,5781474,0,279,151,0,0,1000,1000,6995135
MPCTASK: EXP,2,440,22011,142,160,777,-703,-952,100,528,708,-259,66,149,700,-257,-477,705,77,13,223,69,69,0,0,0,0,0,0,0,0,0,0,5,23995,12022,36364,2043635,0,0,0,4078973,6181911,0,279,151,0,0,1000,1000,6995135
MPCTASK: EXP,2,442,22109,68,59,780,-799,-1013,-32,316,485,-429,-88,-38,700,-282,-571,701,73,3,218,69,69,0,0,0,0,0,0,0,0,0,0,5,23963,10694,34734,1817967,0,0,0,4073653,5905013,0,279,151,0,0,1000,1000,6995135
MPCTASK: EXP,2,444,22211,7,-24,774,-823,-1021,-89,155,74,-652,-239,-227,700,-261,-634,700,56,11,219,69,69,0,0,0,0,0,0,0,0,0,0,5,23804,12006,35962,2040782,0,0,0,4046693,6113517,0,279,151,0,0,1000,1000,6995135
MPCTASK: EXP,2,446,22307,-86,-96,769,-818,-1020,-72,337,-527,-1014,-372,-411,700,-244,-699,700,54,315,464,69,69,0,0,0,0,0,0,0,0,0,0,5,21061,11024,32155,1873947,0,0,0,3580241,5466450,0,279,151,0,0,1000,1000,6995135
MPCTASK: EXP,2,448,22408,-168,-166,779,-683,-1079,7,590,-1559,-1404,-474,-587,700,-167,-770,705,79,187,640,69,69,0,0,0,0,0,0,0,0,0,0,5,21050,13109,34228,2228414,0,0,0,3578365,5818872,0,279,151,0,0,1000,1000,6995135
MPCTASK: EXP,2,450,22508,-221,-263,800,-411,-1215,35,541,-2200,-1719,-535,-749,700,-73,-847,710,100,-215,762,69,69,0,0,0,0,0,0,0,0,0,0,5,22456,9998,32523,1699519,0,0,0,3817469,5528919,0,279,151,0,0,1000,1000,6995135
MPCTASK: EXP,2,452,22609,-250,-385,805,-91,-1366,-57,137,-2421,-1774,-549,-893,700,15,-903,708,93,-144,879,69,69,0,0,0,0,0,0,0,0,0,0,5,21457,11535,33061,1960853,0,0,0,3647554,5620495,0,279,151,0,0,1000,1000,6995135
MPCTASK: EXP,2,454,22710,-238,-501,786,259,-1407,-226,-669,-1875,-1423,-516,-1012,700,75,-880,713,41,154,1199,69,69,1,1,0,0,0,0,0,1,0,83,5,23028,10145,34788,1724598,0,0,0,3914761,5914054,0,280,151,0,0,1000,1000,6995135
MPCTASK: EXP,2,456,22812,-206,-582,733,526,-1202,-390,-1575,-874,-930,-441,-1103,699,91,-767,728,-44,19,1355,70,70,1,1,0,0,0,0,0,1,0,259,5,21264,13548,36902,2303008,0,0,0,3614797,6273424,0,282,151,0,0,1000,1000,6995135
MPCTASK: EXP,2,458,22908,-115,-661,690,706,-808,-255,-1950,-78,-480,-334,-1161,699,130,-639,717,-60,-242,1603,69,69,1,1,0,0,0,0,0,1,0,237,5,20780,9151,32239,1555601,0,0,0,3532573,5480662,0,284,151,0,0,1000,1000,6995135
MPCTASK: EXP,2,460,23011,-66,-690,676,666,-331,-66,-2085,390,-145,-209,-1181,699,96,-477,727,-37,-410,1192,69,69,1,1,0,0,0,0,0,1,0,275,5,21287,10546,34481,1792838,0,0,0,3618729,5861828,0,286,151,0,0,1000,1000,6995135
MPCTASK: EXP,2,462,23108,-11,-669,686,558,88,29,-1930,688,127,-81,-1159,699,62,-332,762,-13,-289,771,69,69,1,1,0,0,0,0,0,1,0,418,5,20058,9521,30509,1618405,0,0,0,3409873,5186660,0,288,151,0,0,1000,1000,6995135
MPCTASK: EXP,2,464,23214,10,-606,693,374,448,50,-1472,876,255,34,-1096,699,29,-237,857,-6,-118,511,69,69,1,1,0,0,0,0,0,1,0,893,5,23885,10452,35940,1776827,0,0,0,4060337,6109865,0,290,151,0,0,1000,1000,6995135
MPCTASK: EXP,2,466,23309,1,-517,705,147,718,149,-1008,884,361,121,-992,699,-50,-114,699,5,-42,346,69,69,1,1,0,0,0,0,0,1,1,0,5,21721,9119,31274,1550220,0,0,0,3692358,5316670,0,292,153,0,0,1000,1000,6995135
MPCTASK: EXP,2,468,23409,-10,-409,717,-12,880,82,-362,706,505,171,-852,700,-88,-42,700,17,-21,291,69,69,1,1,0,0,0,0,0,1,1,0,5,18458,13355,32248,2270173,0,0,0,3137849,5482166,0,294,154,0,0,1000,1000,6995135
MPCTASK: EXP,2,470,23507,-24,-277,723,-135,949,28,87,700,701,180,-686,700,-115,25,700,23,-19,292,69,69,1,1,0,0,0,0,0,1,1,0,5,21435,8437,29953,1434125,0,0,0,3643849,5092091,0,296,156,0,0,1000,1000,6995135
MPCTASK: EXP,2,472,23613,-86,-169,728,-284,906,-52,674,538,757,152,-507,700,-165,39,700,18,149,420,69,69,1,1,0,0,0,0,0,1,1,0,5,21433,13746,35249,2336709,0,0,0,3643557,5992507,0,298,158,0,0,1000,1000,6995135
MPCTASK: EXP,2,474,23713,-171,-86,725,-380,745,-69,1223,-28,703,96,-334,700,-210,22,830,11,-16,507,69,69,1,1,0,0,0,0,0,1,0,723,5,23682,9944,35547,1690424,0,0,0,4025925,6043040,0,300,158,0,0,1000,1000,6995135
MPCTASK: EXP,2,476,23814,-244,-29,726,-350,488,22,1491,-587,563,31,-186,700,-227,-2,792,26,-147,477,69,69,1,1,0,0,0,0,0,1,0,516,5,20421,12858,35750,2185778,0,0,0,3471465,6077636,0,302,158,0,0,1000,1000,6995135
MPCTASK: EXP,2,478,23913,-305,-19,734,-226,181,97,1416,-1016,384,-23,-81,700,-233,-43,799,34,-123,398,69,69,1,1,0,0,0,0,0,1,0,528,5,22006,10571,34595,1797034,0,0,0,3740874,5881194,0,304,158,0,0,1000,1000,6995135
MPCTASK: EXP,2,480,24013,-339,-44,736,-63,-75,71,926,-989,132,-55,-28,700,-235,-83,794,36,140,437,69,69,1,1,0,0,0,0,0,1,0,507,5,21699,11908,34692,2024343,0,0,0,3688678,5897806,0,306,158,0,0,1000,1000,6995135
MPCTASK: EXP,2,482,24112,-363,-86,723,69,-253,48,410,-837,-108,-63,-16,700,-211,-153,700,23,3,328,69,69,1,1,0,0,0,0,0,1,1,0,5,22275,10621,33211,1805525,0,0,0,3786686,5646006,0,308,160,0,0,1000,1000,6995135
MPCTASK: TRAJ DONE: idx=482, max=482; requesting landing
MPCTASK: LANDING: start z=0.72, hold=(-0.37,-0.11)
MPCTASK: TIMING SUMMARY: max_step_cycles=6995135 deadline_cycles=8400000 overruns=0
MPCTASK: POSTHOC SUMMARY: active=309 infeasible=161
MPCTASK: LANDING COMPLETE: t=32454 ms, x=-0.398, y=-0.108, z=-0.032, vz=-0.096; motors off
