---
SYS: Crazyflie 2.1 Brushless is up and running!
SYS: Build 2:de14ff9f08ae (2025.09.1 +2) MODIFIED
SYS: I am 0x373930393434471500370039 and I have 1024KB of flash!
CFGBLK: v1, verification [OK]
DECK_DISCOVERY: Backend found: onewire
DECK_DISCOVERY: Backend found: deckctrl
DECK_CORE: 1 deck(s) found
DECK_CORE: Calling INIT on driver bcFlow2 for deck 0
ZR2: Z-down sensor [OK]
PMW: Motion chip id: 0x49:0xB6
IMU: BMI088: Using I2C interface.
IMU: BMI088 Gyro connection [OK].
IMU: BMI088 Accel connection [OK]
IMU: BMP390 I2C connection [OK]
ESTIMATOR: Using Kalman (2) estimator
CONTROLLER: Using PID (1) controller
MTR-DRV: Using brushless motor driver
SYS: About to run tests in system.c.
SYS: NRF51 version: 2026.04 (C21B)
EEPROM: I2C connection [OK].
STORAGE: Storage check [OK].
IMU: BMI088 gyro self-test [OK]
DECK_CORE: Deck 0 test [OK].
SYS: Self test passed!
STAB: Wait for sensor calibration...
SYS: Free heap: 15048 bytes
MPCTASK: Waiting for activation ...
STAB: Starting stabilizer loop
STAB: WARNING: stabilizer loop rate is off (1004)
SUP: Ready to fly
MPCTASK: Benchmark mode 1, maneuver 4, max_iter 5, task_pri 0
MPCTASK: Reference altitude: 0.70 m; barrier skip when z>0.75 and vz>-0.20
MPCTASK: OOT takeoff: GATED cfclient trigger>=0.15m ramp=0.15m/s settle=+/-0.05m,vz<0.10m/s,1000ms timeout=12000ms
MPCTASK: Common baseline: mpc_hz=20 model_hz=20 rho=5 base_w=0 base_qz=1 Qz=100 R=4 bridge=x10 guards=z[ref,ref+0.20] xy=free cap=0.05
MPCTASK: MPC->PID: xyz=x10, z_guard=[ref,ref+0.20], yaw=raw_rz, output_hold=200ms, safety_hold=500ms
MPCTASK: Reference origin: xy=post_takeoff_settle z=0.70 m
MPCTASK: Fixed baseline: w=0 qz=1 adaptive_cache=off
MPCTASK: MPC-CBF analytic LTV rows: always_on=1 horizon=20 gate=off
MPCTASK: EXP every=2: m,s,tms,p3[mm],v3[mmps],att3[cdeg],ref3[mm],cmd3[mm],h/raw/grad/mar/thr[milli],act/ac/bind,wi/qi/cache/noa,pa/pf/du[milli],it,mpc/eval/total[us],bar/tanh/rl/cache/solve/step[cycles],overruns,post_active/post_infeasible_totals,wreq/w/qzreq/qz[milli],max_step_cycles
MPCTASK: Figure8: source=traj_fig8_12.h source_hz=100 samples=1205 laps=2 duration=24.07 s origin=post_takeoff_settle z_offset=0.09 m
CONTROLLER: Using OutOfTree (6) controller
MPCTASK: Trajectory origin: x=0.08 y=-0.02
MPCTASK: OOT activated at z=0.01
MPCTASK: TAKEOFF START: trigger_z=0.15 start_z=0.01 target=0.70 hold=(0.09,-0.02) ramp=0.15m/s
MPCTASK: OOT loop 1 done
MPCTASK: MMPCTASK: OOT loop 2 done
PC task loop 1
MPCTASK: x0: pos=(0.09,-0.02,0.01) vel=(-0.0,-0.0,-0.0)
MPCTASK: OOT loop 3 done
MPCTASK: ref: (0.09,-0.02,0.01)
MPCTASK: SAFE TV mode=1: h=0.010 raw=0.010 grad=1.019 margin=0.077 thr=0.300 active0=1 active_count=20 eval=0 us
MPCTASK: Cache level changed: 0 -> 1
MPCTASK: MPC solve start
MPCTASK: MPC solve done, iter=5
MPCTASK: MPC time=25950 us
MPCTASK: MPC stack free=1107 words
MPCTASK: setpoint: x=0.09 y=-0.02 z=0.07 preview_z=0.07
MPCTASK: MPC task loop 2
MPCTASK: MPC task loop 3
MPCTASK: TAKEOFF SETTLING: z=0.71 vz=0.09; hold for 1000ms
MPCTASK: TAKEOFF SETTLING: z=0.74 vz=-0.08; hold for 1000ms
MPCTASK: TAKEOFF SETTLING: z=0.74 vz=-0.03; hold for 1000ms
MPCTASK: TAKEOFF COMPLETE: t=8726ms z=0.72 vz=-0.0; trajectory queued origin=(0.02,-0.03)
MPCTASK: TRAJ START: z=0.72 origin=(0.02,-0.03) EXP clock reset; Z metric begins at t+3s
MPCTASK: EXP,1,2,77,17,-35,729,-21,-67,14,-210,-394,115,20,-37,700,-20,283,700,729,729,1000,69,300,1,20,0,0,0,0,0,0,0,0,5,25182,0,25978,0,0,0,0,4280857,4416340,0,0,0,0,0,1000,1000,4416340
MPCTASK: EXP,1,4,174,8,-48,739,21,0,42,-925,-162,96,9,-18,700,9,354,700,739,739,1000,69,300,1,20,0,0,0,0,0,0,0,0,5,22689,0,23420,0,0,0,0,3857006,3981443,0,0,0,0,0,1000,1000,4416340
MPCTASK: EXP,1,6,276,14,-49,748,25,191,11,-1554,94,109,-25,48,700,53,436,700,748,748,1000,69,300,1,20,0,0,0,0,0,0,0,0,5,25055,0,26299,0,0,0,0,4259289,4470815,0,0,0,0,0,1000,1000,4470815
MPCTASK: EXP,1,8,373,17,-22,751,12,449,-32,-1649,8,47,-78,167,700,107,517,700,744,744,1019,69,300,1,20,0,0,0,0,0,0,0,0,5,21572,0,23253,0,0,0,0,3667153,3953181,0,0,0,0,0,1000,1000,4470815
MPCTASK: EXP,1,10,477,13,32,739,17,718,-92,-1478,-182,-1,-132,326,700,157,598,700,721,721,1019,69,300,1,20,0,0,0,0,0,0,0,0,5,26163,0,26667,0,0,0,0,4447641,4533519,0,0,0,0,0,1000,1000,4533519
MPCTASK: EXP,1,12,573,32,92,725,88,921,-78,-1024,-410,-7,-170,506,700,230,642,700,709,709,1019,69,300,1,20,0,0,0,0,0,0,0,0,5,22457,0,23173,0,0,0,0,3817633,3939515,0,0,0,0,0,1000,1000,4533519
MPCTASK: EXP,1,14,673,33,183,713,170,1069,-24,-575,-600,-60,-178,684,700,275,686,700,708,708,1019,69,300,1,20,0,0,0,0,0,0,0,0,5,22785,0,22998,0,0,0,0,3873293,3909783,0,0,0,0,0,1000,1000,4533519
MPCTASK: EXP,1,16,774,90,226,707,339,1039,13,-126,-725,-35,-147,845,700,361,647,700,707,707,1000,69,300,1,20,0,0,0,0,0,0,0,0,5,23938,0,24344,0,0,0,0,4069405,4138643,0,0,0,0,0,1000,1000,4533519
MPCTASK: EXP,1,18,874,144,318,712,468,1014,54,283,-491,-53,-78,974,699,399,637,699,712,712,1000,69,300,1,20,0,0,0,0,0,0,0,0,5,23101,0,23619,0,0,0,0,3926945,4015353,0,0,0,0,0,1000,1000,4533519
MPCTASK: EXP,1,20,975,189,423,728,521,936,92,730,-253,-101,21,1063,699,397,617,699,728,728,1000,69,300,1,20,0,0,0,0,0,0,0,0,5,23148,0,23501,0,0,0,0,3935177,3995334,0,0,0,0,0,1000,1000,4533519
MPCTASK: EXP,1,22,1076,228,506,740,516,785,55,1085,44,-155,140,1108,699,361,568,699,740,740,1000,69,300,1,20,0,0,0,0,0,0,0,0,5,23151,0,24208,0,0,0,0,3935649,4115498,0,0,0,0,0,1000,1000,4533519
MPCTASK: EXP,1,24,1175,265,561,745,462,577,-13,1311,370,-158,263,1110,699,304,487,699,743,743,1019,69,300,1,20,0,0,0,0,0,0,0,0,5,23222,0,23437,0,0,0,0,3947693,3984430,0,0,0,0,0,1000,1000,4533519
MPCTASK: EXP,1,26,1276,288,554,750,343,273,-45,1469,719,-140,373,1071,699,219,345,699,741,741,1019,69,300,1,20,0,0,0,0,0,0,0,0,5,24227,0,24714,0,0,0,0,4118502,4201521,0,0,0,0,0,1000,1000,4533519
MPCTASK: EXP,1,28,1373,306,567,741,190,29,-90,1414,936,-97,455,995,700,131,238,700,723,723,1019,69,300,1,20,0,0,0,0,0,0,0,0,5,20546,0,21248,0,0,0,0,3492809,3612195,0,0,0,0,0,1000,1000,4533519
MPCTASK: EXP,1,30,1479,282,543,731,-34,-252,-90,1423,1091,-40,500,887,700,7,96,700,712,712,1019,69,300,1,20,0,0,0,0,0,0,0,0,5,26558,0,27323,0,0,0,0,4514642,4644910,0,0,0,0,0,1000,1000,4644910
MPCTASK: EXP,1,32,1574,270,503,716,-228,-506,-79,1287,1030,-38,499,752,700,-72,-37,700,701,701,1019,69,300,1,20,0,0,0,0,0,0,0,0,5,22271,0,22486,0,0,0,0,3785949,3822610,0,0,0,0,0,1000,1000,4644910
MPCTASK: EXP,1,34,1675,329,438,708,-303,-722,-41,1286,998,-223,451,596,700,-64,-181,700,700,700,1019,69,300,1,20,0,0,0,0,0,0,0,0,5,23864,0,24328,0,0,0,0,4056723,4135859,0,0,0,0,0,1000,1000,4644910
MPCTASK: EXP,1,36,1774,268,358,707,-530,-932,4,928,1000,-165,361,424,700,-159,-306,700,707,707,1000,69,300,1,20,0,0,0,0,0,0,0,0,5,21713,0,22055,0,0,0,0,3691061,3749402,0,0,0,0,0,1000,1000,4644910
MPCTASK: EXP,1,38,1873,169,343,706,-715,-971,25,573,703,4,236,242,700,-237,-338,700,706,706,1000,69,300,1,20,0,0,0,0,0,0,0,0,5,21618,0,21842,0,0,0,0,3674966,3713299,0,0,0,0,0,1000,1000,4644910
MPCTASK: EXP,1,40,1979,87,266,709,-811,-1029,44,396,331,-18,89,53,700,-267,-421,700,709,709,1000,69,300,1,20,0,0,0,0,0,0,0,0,5,28006,0,28221,0,0,0,0,4760949,4797629,0,0,0,0,0,1000,1000,4797629
MPCTASK: EXP,1,42,2075,40,166,714,-803,-1081,55,257,-67,-143,-65,-135,700,-231,-515,700,714,714,1000,69,300,1,20,0,0,0,0,0,0,0,0,5,22762,0,23618,0,0,0,0,3869378,4015255,0,0,0,0,0,1000,1000,4797629
MPCTASK: EXP,1,44,2175,-43,60,726,-756,-1092,77,83,-446,-192,-213,-321,700,-206,-591,700,726,726,1000,69,300,1,20,0,0,0,0,0,0,0,0,5,22914,0,23128,0,0,0,0,3895281,3931953,0,0,0,0,0,1000,1000,4797629
MPCTASK: EXP,1,46,2276,-107,-27,738,-649,-1064,51,-39,-792,-216,-338,-500,700,-153,-641,700,738,738,1000,69,300,1,20,0,0,0,0,0,0,0,0,5,24060,0,24275,0,0,0,0,4090042,4126750,0,0,0,0,0,1000,1000,5427269
MPCTASK: EXP,1,48,2377,-153,-118,749,-492,-1038,18,-38,-1056,-273,-428,-666,700,-83,-693,700,749,749,1000,69,300,1,20,0,0,0,0,0,0,0,0,5,25549,0,26037,0,0,0,0,4343217,4426385,0,0,0,0,0,1000,1000,5427269
MPCTASK: EXP,1,50,2475,-179,-193,752,-315,-1015,-35,-3,-1229,-286,-474,-817,700,-6,-726,700,745,745,1019,69,300,1,20,0,0,0,0,0,0,0,0,5,22675,0,23626,0,0,0,0,3854562,4016435,0,0,0,0,0,1000,1000,5427269
MPCTASK: EXP,1,52,2576,-189,-280,746,-63,-985,-84,-71,-1343,-282,-472,-948,700,84,-751,700,729,729,1019,69,300,1,20,0,0,0,0,0,0,0,0,5,23422,0,23987,0,0,0,0,3981586,4077742,0,0,0,0,0,1000,1000,5427269
MPCTASK: EXP,1,54,2675,-171,-359,734,188,-950,-102,-176,-1323,-284,-421,-1057,700,174,-761,700,713,713,1019,69,300,1,20,0,0,0,0,0,0,0,0,5,23016,0,23427,0,0,0,0,3912585,3982616,0,0,0,0,0,1000,1000,5427269
MPCTASK: EXP,1,56,2774,-135,-430,720,426,-888,-85,-321,-1143,-319,-327,-1141,700,244,-749,700,703,703,1019,69,300,1,20,0,0,0,0,0,0,0,0,5,22623,0,23078,0,0,0,0,3845853,3923201,0,0,0,0,0,1000,1000,5427269
MPCTASK: EXP,1,58,2874,-78,-488,711,617,-802,-51,-491,-856,-374,-198,-1198,700,299,-716,700,701,701,1019,69,300,1,20,0,0,0,0,0,0,0,0,5,22487,0,23025,0,0,0,0,3822585,3914345,0,0,0,0,0,1000,1000,5427269
MPCTASK: EXP,1,60,2975,-25,-524,707,728,-658,-6,-615,-437,-464,-48,-1226,700,307,-650,700,706,706,1019,69,300,1,20,0,0,0,0,0,0,0,0,5,23609,0,23823,0,0,0,0,4013429,4050114,0,0,0,0,0,1000,1000,5427269
MPCTASK: EXP,1,62,3071,43,-548,709,778,-495,33,-679,-23,-546,108,-1226,700,303,-568,700,709,709,1000,69,300,1,20,0,0,0,0,0,0,0,0,5,20012,0,20226,0,0,0,0,3401897,3438586,0,0,0,0,0,1000,1000,5427269
MPCTASK: EXP,1,64,3175,101,-555,718,737,-323,52,-723,406,-593,256,-1196,700,258,-472,700,718,718,1000,69,300,1,20,0,0,0,0,0,0,0,0,5,23535,0,23981,0,0,0,0,4000805,4076765,0,0,0,0,0,1000,1000,5427269
MPCTASK: EXP,1,66,3275,170,-564,727,651,-166,33,-785,823,-570,382,-1137,700,208,-380,700,727,727,1000,69,300,1,20,0,0,0,0,0,0,0,0,5,22917,0,23668,0,0,0,0,3895861,4023627,0,0,0,0,0,1000,1000,5427269
MPCTASK: EXP,1,68,3377,227,-559,732,500,4,-5,-899,1229,-489,472,-1052,700,139,-271,700,731,731,1019,69,300,1,20,0,0,0,0,0,0,0,0,5,25442,0,25657,0,0,0,0,4325001,4361692,0,0,0,0,0,1000,1000,5427269
MPCTASK: EXP,1,70,3479,262,-543,732,281,189,-41,-989,1490,-385,518,-942,700,53,-157,700,724,724,1019,69,300,1,20,0,0,0,0,0,0,0,0,5,27858,0,28073,0,0,0,0,4735677,4772362,0,0,0,0,0,1000,1000,5427269
MPCTASK: EXP,1,72,3575,262,-511,725,12,388,-77,-1047,1555,-284,515,-809,700,-45,-33,700,710,710,1019,69,300,1,20,0,0,0,0,0,0,0,0,5,23196,0,23736,0,0,0,0,3943276,4035137,0,0,0,0,0,1000,1000,5427269
MPCTASK: EXP,1,74,3675,229,-454,715,-273,604,-82,-1060,1451,-204,464,-658,700,-149,106,700,699,699,1019,69,300,1,20,0,0,0,0,0,0,0,0,5,23389,0,24012,0,0,0,0,3976066,4082107,0,0,0,0,0,1000,1000,5427269
MPCTASK: EXP,1,76,3772,175,-396,701,-525,793,-73,-995,1150,-167,369,-491,700,-229,231,700,686,686,1019,69,300,1,20,0,0,0,0,0,0,0,0,5,20844,0,21059,0,0,0,0,3543341,3580022,0,0,0,0,0,1000,1000,5427269
MPCTASK: EXP,1,78,3873,104,-317,695,-709,964,-5,-805,719,-139,241,-313,700,-283,348,700,694,694,1019,69,300,1,20,0,0,0,0,0,0,0,0,5,21916,0,22130,0,0,0,0,3725517,3762190,0,0,0,0,0,1000,1000,5427269
MPCTASK: EXP,1,80,3976,26,-230,693,-795,1070,35,-496,239,-71,90,-128,700,-298,442,700,693,693,1000,69,300,1,20,0,0,0,0,0,0,0,0,5,24260,0,24807,0,0,0,0,4124134,4217146,0,0,0,0,0,1000,1000,5427269
MPCTASK: EXP,1,82,4076,-46,-125,700,-791,1122,61,-192,-216,43,-66,58,700,-281,530,700,700,700,1000,69,300,1,20,0,0,0,0,0,0,0,0,5,23532,0,24014,0,0,0,0,4000461,4082507,0,0,0,0,0,1000,1000,5427269
MPCTASK: EXP,1,84,4176,-94,-62,710,-685,1063,69,12,-592,135,-215,243,700,-216,556,700,710,710,1000,69,300,1,20,0,0,0,0,0,0,0,0,5,23037,0,23252,0,0,0,0,3916277,3952961,0,0,0,0,0,1000,1000,5427269
MPCTASK: EXP,1,86,4278,-141,24,728,-556,1029,82,23,-826,218,-340,420,700,-151,612,700,728,728,1000,69,300,1,20,0,0,0,0,0,0,0,0,5,25952,0,26166,0,0,0,0,4411689,4448199,0,0,0,0,0,1000,1000,5427269
MPCTASK: EXP,1,88,4378,-159,109,732,-373,1011,-2,-49,-1009,246,-430,587,700,-59,664,700,732,732,1019,69,300,1,20,0,0,0,0,0,0,0,0,5,24339,0,24840,0,0,0,0,4137489,4222891,0,0,0,0,0,1000,1000,5427269
MPCTASK: EXP,1,90,4478,-175,194,731,-184,1003,-52,-40,-1123,252,-476,738,700,23,706,700,721,721,1019,69,300,1,20,0,0,0,0,0,0,0,0,5,23793,0,24008,0,0,0,0,4044746,4081438,0,0,0,0,0,1000,1000,5427269
MPCTASK: EXP,1,92,4576,-172,267,728,23,973,-55,51,-1149,259,-473,870,700,108,719,700,717,717,1019,69,300,1,20,0,0,0,0,0,0,0,0,5,22910,0,23125,0,0,0,0,3894565,3931245,0,0,0,0,0,1000,1000,5427269
MPCTASK: EXP,1,94,4676,-142,342,717,243,932,-78,198,-1092,246,-422,979,700,194,721,700,702,702,1019,69,300,1,20,0,0,0,0,0,0,0,0,5,22079,0,22650,0,0,0,0,3753277,3850522,0,0,0,0,0,1000,1000,5427269
MPCTASK: EXP,1,96,4781,-87,417,709,459,862,-55,379,-903,224,-327,1063,700,276,708,700,698,698,1019,69,300,1,20,0,0,0,0,0,0,0,0,5,25304,0,26984,0,0,0,0,4301681,4587289,0,0,0,0,0,1000,1000,5427269
MPCTASK: EXP,1,98,4877,-17,485,704,627,760,-21,635,-624,168,-199,1121,700,331,671,700,699,699,1019,69,300,1,20,0,0,0,0,0,0,0,0,5,23587,0,23802,0,0,0,0,4009717,4046397,0,0,0,0,0,1000,1000,5427269
MPCTASK: EXP,1,100,4978,50,521,704,714,590,6,783,-295,92,-48,1149,700,350,596,700,704,704,1000,69,300,1,20,0,0,0,0,0,0,0,0,5,24199,0,24413,0,0,0,0,4113733,4150422,0,0,0,0,0,1000,1000,5427269
MPCTASK: EXP,1,102,5078,126,588,706,741,469,16,892,51,-65,108,1149,700,346,556,700,706,706,1000,69,300,1,20,0,0,0,0,0,0,0,0,5,23597,0,24571,0,0,0,0,4011297,4176979,0,0,0,0,0,1000,1000,5427269
MPCTASK: EXP,1,104,5177,203,604,710,702,268,16,1098,460,-190,256,1119,700,316,450,700,710,710,1000,69,300,1,20,0,0,0,0,0,0,0,0,5,22947,0,23301,0,0,0,0,3900801,3961154,0,0,0,0,0,1000,1000,5427269
MPCTASK: EXP,1,106,5276,246,575,715,558,16,5,1103,830,-273,382,1061,700,236,314,700,715,715,1000,69,300,1,20,0,0,0,0,0,0,0,0,5,22360,0,22574,0,0,0,0,3801093,3837603,0,0,0,0,0,1000,1000,5427269
MPCTASK: EXP,1,108,5375,295,552,716,387,-180,-17,1078,1144,-362,472,976,700,160,195,700,713,713,1019,69,300,1,20,0,0,0,0,0,0,0,0,5,21878,0,22092,0,0,0,0,3719145,3755814,0,0,0,0,0,1000,1000,5427269
MPCTASK: EXP,1,110,5477,346,503,711,197,-383,-49,1088,1299,-454,518,865,700,100,56,700,702,702,1019,69,300,1,20,0,0,0,0,0,0,0,0,5,23707,0,24267,0,0,0,0,4030137,4125452,0,0,0,0,0,1000,1000,5427269
MPCTASK: EXP,1,112,5577,340,454,707,-68,-561,-44,1052,1369,-452,515,733,700,-4,-68,700,698,698,1019,69,300,1,20,0,0,0,0,0,0,0,0,5,23160,0,23710,0,0,0,0,3936988,4030844,0,0,0,0,0,1000,1000,5427269
MPCTASK: EXP,1,114,5672,292,389,699,-354,-727,-47,916,1230,-396,464,581,700,-112,-193,700,690,690,1019,69,300,1,20,0,0,0,0,0,0,0,0,5,18468,0,18682,0,0,0,0,3139533,3176041,0,0,0,0,0,1000,1000,5427269
MPCTASK: EXP,1,116,5778,235,319,691,-577,-867,-35,825,950,-298,369,414,700,-191,-312,700,684,684,1019,69,300,1,20,0,0,0,0,0,0,0,0,5,24671,0,24886,0,0,0,0,4193965,4230637,0,0,0,0,0,1000,1000,5427269
MPCTASK: EXP,1,118,5876,194,227,689,-702,-988,19,568,644,-251,241,236,700,-214,-425,700,689,689,1000,69,300,1,20,0,0,0,0,0,0,0,0,5,22976,0,23201,0,0,0,0,3905885,3944138,0,0,0,0,0,1000,1000,5427269
MPCTASK: EXP,1,120,5978,93,128,689,-825,-1066,48,309,284,-136,90,51,700,-262,-524,700,689,689,1000,69,300,1,20,0,0,0,0,0,0,0,0,5,23184,0,23787,0,0,0,0,3941265,4043788,0,0,0,0,0,1000,1000,5427269
MPCTASK: EXP,1,122,6079,34,44,695,-803,-1066,63,114,-190,-84,-66,-135,700,-225,-590,700,695,695,1000,69,300,1,20,0,0,0,0,0,0,0,0,5,24957,0,25172,0,0,0,0,4242704,4279369,0,0,0,0,0,1000,1000,5427269
MPCTASK: EXP,1,124,6181,-61,-62,707,-765,-1076,74,15,-580,-37,-215,-319,700,-214,-672,700,707,707,1000,69,300,1,20,0,0,0,0,0,0,0,0,5,27052,0,27278,0,0,0,0,4598765,4637512,0,0,0,0,0,1000,1000,5427269
MPCTASK: EXP,1,126,6283,-140,-153,721,-659,-1051,65,0,-900,-28,-340,-497,700,-173,-731,700,721,721,1000,69,300,1,20,0,0,0,0,0,0,0,0,5,29450,0,29864,0,0,0,0,5006403,5076961,0,0,0,0,0,1000,1000,5427269
MPCTASK: EXP,1,128,6379,-192,-233,731,-487,-1015,21,23,-1165,-30,-430,-663,700,-103,-773,700,731,731,1000,69,300,1,20,0,0,0,0,0,0,0,0,5,25101,0,25315,0,0,0,0,4267045,4303730,0,0,0,0,0,1000,1000,5427269
MPCTASK: EXP,1,130,6473,-227,-315,737,-284,-990,-28,-22,-1343,-55,-476,-814,700,-26,-805,700,731,731,1019,69,300,1,20,0,0,0,0,0,0,0,0,5,19902,0,20117,0,0,0,0,3383313,3420016,0,0,0,0,0,1000,1000,5427269
MPCTASK: EXP,1,132,6575,-232,-392,728,-39,-952,-96,-115,-1413,-89,-473,-946,700,63,-820,700,709,709,1019,69,300,1,20,0,0,0,0,0,0,0,0,5,21981,0,22196,0,0,0,0,3736810,3773481,0,0,0,0,0,1000,1000,5427269
MPCTASK: EXP,1,134,6677,-216,-466,718,219,-897,-92,-236,-1353,-178,-422,-1056,700,150,-822,700,700,700,1019,69,300,1,20,0,0,0,0,0,0,0,0,5,23560,0,23780,0,0,0,0,4004958,4042694,0,0,0,0,0,1000,1000,5427269
MPCTASK: EXP,1,136,6781,-174,-532,704,472,-820,-79,-364,-1183,-292,-327,-1140,700,232,-804,700,688,688,1019,69,300,1,20,0,0,0,0,0,0,0,0,5,26856,0,27073,0,0,0,0,4565525,4602373,0,0,0,0,0,1000,1000,5427269
MPCTASK: EXP,1,138,6877,-114,-581,699,673,-715,-20,-469,-871,-410,-199,-1197,700,289,-762,700,695,695,1019,69,300,1,20,0,0,0,0,0,0,0,0,5,23776,0,23989,0,0,0,0,4041761,4078271,0,0,0,0,0,1000,1000,5427269
MPCTASK: EXP,1,140,6982,-41,-624,698,806,-597,19,-588,-469,-510,-48,-1226,700,318,-707,700,698,698,1000,69,300,1,20,0,0,0,0,0,0,0,0,5,28759,0,28984,0,0,0,0,4889033,4927466,0,0,0,0,0,1000,1000,5427269
MPCTASK: EXP,1,142,7075,14,-643,703,834,-461,39,-701,-31,-585,108,-1226,700,296,-627,700,703,703,1000,69,300,1,20,0,0,0,0,0,0,0,0,5,21142,0,21878,0,0,0,0,3594061,3719451,0,0,0,0,0,1000,1000,5427269
MPCTASK: EXP,1,144,7176,86,-651,710,786,-269,41,-814,483,-613,256,-1196,700,256,-522,700,710,710,1000,69,300,1,20,0,0,0,0,0,0,0,0,5,22481,0,22696,0,0,0,0,3821695,3858370,0,0,0,0,0,1000,1000,5427269
MPCTASK: EXP,1,146,7276,136,-650,718,660,-90,17,-880,882,-567,382,-1138,700,183,-416,700,718,718,1000,69,300,1,20,0,0,0,0,0,0,0,0,5,22811,0,23036,0,0,0,0,3877893,3916218,0,0,0,0,0,1000,1000,5427269
MPCTASK: EXP,1,148,7378,182,-643,725,492,82,-14,-965,1196,-463,472,-1052,700,107,-308,700,723,723,1019,69,300,1,20,0,0,0,0,0,0,0,0,5,24458,0,24673,0,0,0,0,4157778,4194452,0,0,0,0,0,1000,1000,5427269
MPCTASK: EXP,1,150,7478,199,-621,724,288,255,-58,-1068,1409,-344,518,-942,700,15,-190,700,713,713,1019,69,300,1,20,0,0,0,0,0,0,0,0,5,24040,0,24641,0,0,0,0,4086637,4189043,0,0,0,0,0,1000,1000,5427269
MPCTASK: EXP,1,152,7577,204,-579,715,13,483,-100,-1141,1465,-202,515,-809,700,-82,-52,700,695,695,1019,69,300,1,20,0,0,0,0,0,0,0,0,5,23511,0,23726,0,0,0,0,3996877,4033542,0,0,0,0,0,1000,1000,5427269
MPCTASK: EXP,1,154,7678,171,-523,702,-259,696,-99,-1114,1311,-128,464,-658,700,-178,84,700,682,682,1019,69,300,1,20,0,0,0,0,0,0,0,0,5,24634,0,24849,0,0,0,0,4187817,4224494,0,0,0,0,0,1000,1000,5427269
MPCTASK: EXP,1,156,7777,112,-449,688,-503,898,-63,-984,1017,-80,369,-491,700,-262,217,700,675,675,1019,69,300,1,20,0,0,0,0,0,0,0,0,5,23573,0,23788,0,0,0,0,4007334,4044038,0,0,0,0,0,1000,1000,5427269
MPCTASK: EXP,1,158,7876,57,-376,682,-647,1028,2,-687,625,-35,241,-313,700,-296,313,700,682,682,1000,69,300,1,20,0,0,0,0,0,0,0,0,5,21608,0,22278,0,0,0,0,3673305,3787407,0,0,0,0,0,1000,1000,5427269
MPCTASK: EXP,1,160,7981,-9,-296,685,-719,1085,57,-327,198,14,90,-128,700,-303,388,700,685,685,1000,69,300,1,20,0,0,0,0,0,0,0,0,5,27645,0,27859,0,0,0,0,4699457,4736138,0,0,0,0,0,1000,1000,5427269
MPCTASK: EXP,1,162,8078,-68,-213,692,-702,1083,69,-106,-191,81,-66,58,700,-276,452,700,692,692,1000,69,300,1,20,0,0,0,0,0,0,0,0,5,24483,0,24708,0,0,0,0,4162041,4200455,0,0,0,0,0,1000,1000,5427269
MPCTASK: EXP,1,164,8176,-146,-116,702,-656,1076,64,-28,-547,139,-215,243,700,-248,524,700,702,702,1000,69,300,1,20,0,0,0,0,0,0,0,0,5,22501,0,23029,0,0,0,0,3825209,3915039,0,0,0,0,0,1000,1000,5427269
MPCTASK: EXP,1,166,8277,-181,-36,715,-513,1039,54,-9,-856,204,-340,420,700,-168,572,700,715,715,1000,69,300,1,20,0,0,0,0,0,0,0,0,5,22166,0,22692,0,0,0,0,3768008,3857725,0,0,0,0,0,1000,1000,5427269
MPCTASK: EXP,1,168,8376,-206,44,725,-339,1015,16,-60,-1030,233,-430,587,700,-82,619,700,725,725,1000,69,300,1,20,0,0,0,0,0,0,0,0,5,21187,0,21411,0,0,0,0,3601693,3640003,0,0,0,0,0,1000,1000,5427269
MPCTASK: EXP,1,170,8478,-225,110,727,-160,982,-47,-82,-1117,241,-476,738,700,-6,642,700,717,717,1019,69,300,1,20,0,0,0,0,0,0,0,0,5,22905,0,23753,0,0,0,0,3893684,4037964,0,0,0,0,0,1000,1000,5427269
MPCTASK: EXP,1,172,8582,-212,185,718,60,973,-91,-70,-1194,259,-473,869,700,90,667,700,699,699,1019,69,300,1,20,0,0,0,0,0,0,0,0,5,27308,0,27694,0,0,0,0,4642349,4708098,0,0,0,0,0,1000,1000,5427269
MPCTASK: EXP,1,174,8679,-182,255,703,296,930,-97,86,-1076,291,-422,979,700,178,666,700,684,684,1019,69,300,1,20,0,0,0,0,0,0,0,0,5,22474,0,22853,0,0,0,0,3820570,3885145,0,0,0,0,0,1000,1000,5427269
MPCTASK: EXP,1,176,8785,-142,331,697,477,888,-50,233,-876,292,-327,1063,700,237,663,700,687,687,1019,69,300,1,20,0,0,0,0,0,0,0,0,5,28242,0,28456,0,0,0,0,4800949,4837637,0,0,0,0,0,1000,1000,5427269
MPCTASK: EXP,1,178,8877,-72,388,689,636,793,-36,469,-602,283,-198,1121,700,293,621,700,682,682,1019,69,300,1,20,0,0,0,0,0,0,0,0,5,20999,0,21214,0,0,0,0,3569745,3606433,0,0,0,0,0,1000,1000,5427269
MPCTASK: EXP,1,180,8981,7,449,688,736,678,-5,669,-246,218,-48,1149,700,320,575,700,687,687,1019,69,300,1,20,0,0,0,0,0,0,0,0,5,24511,0,24922,0,0,0,0,4166797,4236809,0,0,0,0,0,1000,1000,5427269
MPCTASK: EXP,1,182,9082,66,531,693,738,599,27,823,96,114,108,1149,700,300,553,700,693,693,1000,69,300,1,20,0,0,0,0,0,0,0,0,5,24243,0,24913,0,0,0,0,4121189,4235227,0,0,0,0,0,1000,1000,5427269
MPCTASK: EXP,1,184,9182,191,600,706,764,452,62,1256,536,-19,256,1119,700,319,484,700,706,706,1000,69,300,1,20,0,0,0,0,0,0,0,0,5,25685,0,25899,0,0,0,0,4366461,4402971,0,0,0,0,0,1000,1000,5427269
MPCTASK: EXP,1,186,9282,250,613,719,609,183,15,1351,965,-111,381,1061,700,244,369,700,719,719,1000,69,300,1,20,0,0,0,0,0,0,0,0,5,24245,0,25032,0,0,0,0,4121402,4255642,0,0,0,0,0,1000,1000,5427269
MPCTASK: EXP,1,188,9383,294,628,717,435,-7,-54,1418,1286,-197,471,976,700,166,272,700,706,706,1019,69,300,1,20,0,0,0,0,0,0,0,0,5,24985,0,25437,0,0,0,0,4247261,4324466,0,0,0,0,0,1000,1000,5427269
MPCTASK: EXP,1,190,9483,310,569,704,147,-338,-106,1387,1375,-221,517,867,700,61,98,700,683,683,1019,69,300,1,20,0,0,0,0,0,0,0,0,5,23911,0,24126,0,0,0,0,4064801,4101494,0,0,0,0,0,1000,1000,5427269
MPCTASK: EXP,1,192,9582,330,521,689,-95,-580,-102,1294,1450,-259,513,735,700,-20,-45,700,668,668,1019,69,300,1,20,0,0,0,0,0,0,0,0,5,23167,0,23382,0,0,0,0,3938201,3974894,0,0,0,0,0,1000,1000,5427269
MPCTASK: EXP,1,194,9684,332,486,677,-335,-755,-56,1181,1372,-232,462,583,700,-83,-154,700,666,666,1019,69,300,1,20,0,0,0,0,0,0,0,0,5,25802,0,26016,0,0,0,0,4386181,4422882,0,0,0,0,0,1000,1000,5427269
MPCTASK: EXP,1,196,9785,262,392,669,-601,-967,-18,937,1122,-140,367,416,700,-180,-298,700,666,666,1019,69,300,1,20,0,0,0,0,0,0,0,0,5,23820,0,25746,0,0,0,0,4049217,4376882,0,0,0,0,0,1000,1000,5427269
MPCTASK: EXP,1,198,9881,171,315,668,-802,-1073,39,505,687,-18,239,238,700,-251,-388,700,668,668,1000,69,300,1,20,0,0,0,0,0,0,0,0,5,20152,0,20932,0,0,0,0,3425786,3558470,0,0,0,0,0,1000,1000,5427269
MPCTASK: EXP,1,200,9985,43,139,672,-944,-1226,88,147,120,20,90,52,700,-312,-557,700,672,672,1000,69,300,1,20,0,0,0,0,0,0,0,0,5,24390,0,25245,0,0,0,0,4146293,4291707,0,0,0,0,0,1000,1000,5427269
MPCTASK: EXP,1,202,10083,-56,42,688,-926,-1190,126,-153,-414,40,-65,-136,700,-308,-614,700,688,688,1000,69,300,1,20,0,0,0,0,0,0,0,0,5,22121,0,22582,0,0,0,0,3760429,3838999,0,0,0,0,0,1000,1000,5535465
MPCTASK: EXP,1,204,10187,-133,-63,706,-812,-1133,121,-257,-794,23,-211,-324,700,-268,-672,700,706,706,1000,69,300,1,20,0,0,0,0,0,0,0,0,5,25404,0,26371,0,0,0,0,4318578,4483139,0,0,0,0,0,1000,1000,5535465
MPCTASK: EXP,1,206,10279,-203,-143,724,-664,-1047,83,-220,-1055,7,-333,-505,700,-221,-700,700,724,724,1000,69,300,1,20,0,0,0,0,0,0,0,0,5,17625,0,18132,0,0,0,0,2996054,3082448,0,0,0,0,0,1000,1000,5535465
MPCTASK: EXP,1,208,10386,-250,-227,733,-473,-993,-2,-115,-1259,-5,-419,-676,700,-158,-728,700,732,732,1019,69,300,1,20,0,0,0,0,0,0,0,0,5,25315,0,26269,0,0,0,0,4303565,4465862,0,0,0,0,0,1000,1000,5535465
MPCTASK: EXP,1,210,10483,-269,-303,730,-212,-933,-70,-87,-1361,-34,-462,-831,700,-77,-733,700,716,716,1019,69,300,1,20,0,0,0,0,0,0,0,0,5,21539,0,22089,0,0,0,0,3661545,3755230,0,0,0,0,0,1000,1000,5535465
MPCTASK: EXP,1,212,10586,-266,-367,719,18,-887,-108,-163,-1320,-58,-457,-966,700,-11,-713,700,697,697,1019,69,300,1,20,0,0,0,0,0,0,0,0,5,23159,0,23761,0,0,0,0,3937034,4039433,0,0,0,0,0,1000,1000,5535465
MPCTASK: EXP,1,214,10685,-240,-430,705,262,-815,-105,-308,-1164,-102,-406,-1075,700,52,-674,700,684,684,1019,69,300,1,20,0,0,0,0,0,0,0,0,5,23728,0,23943,0,0,0,0,4033614,4070334,0,0,0,0,0,1000,1000,5535465
MPCTASK: EXP,1,216,10783,-199,-471,694,463,-696,-56,-498,-858,-170,-317,-1153,699,93,-603,699,683,683,1019,69,300,1,20,0,0,0,0,0,0,0,0,5,21090,0,21305,0,0,0,0,3585198,3621909,0,0,0,0,0,1000,1000,5535465
MPCTASK: EXP,1,218,10887,-136,-512,694,605,-562,12,-676,-460,-244,-201,-1196,699,121,-530,699,694,694,1000,69,300,1,20,0,0,0,0,0,0,0,0,5,25823,0,26298,0,0,0,0,4389798,4470735,0,0,0,0,0,1000,1000,5535465
MPCTASK: EXP,1,220,10988,-86,-525,697,636,-378,31,-852,31,-317,-72,-1199,699,106,-436,699,697,697,1000,69,300,1,20,0,0,0,0,0,0,0,0,5,25595,0,26194,0,0,0,0,4351149,4453075,0,0,0,0,0,1000,1000,5535465
MPCTASK: EXP,1,222,11092,-22,-532,704,608,-188,40,-969,451,-340,52,-1161,699,100,-360,699,704,704,1000,69,300,1,20,0,0,0,0,0,0,0,0,5,30087,0,30860,0,0,0,0,5114713,5246285,0,0,0,0,0,1000,1000,5535465
MPCTASK: EXP,1,224,11191,22,-525,713,500,4,26,-995,778,-336,157,-1082,699,83,-303,699,713,713,1000,69,300,1,20,0,0,0,0,0,0,0,0,5,29347,0,29562,0,0,0,0,4988977,5025686,0,0,0,0,0,1000,1000,5535465
MPCTASK: EXP,1,226,11286,59,-505,715,361,188,-15,-901,916,-298,231,-962,700,79,-269,700,712,712,1019,69,300,1,20,0,0,0,0,0,0,0,0,5,24657,0,24871,0,0,0,0,4191617,4228167,0,0,0,0,0,1000,1000,5535465
MPCTASK: EXP,1,228,11392,79,-467,712,204,348,-41,-664,861,-236,265,-811,700,63,-230,700,704,704,1019,69,300,1,20,0,0,0,0,0,0,0,0,5,29664,0,30026,0,0,0,0,5042793,5104605,0,0,0,0,0,1000,1000,5535465
MPCTASK: EXP,1,230,11487,82,-419,698,56,460,-69,-356,665,-155,258,-637,700,44,-191,700,684,684,1019,69,300,1,20,0,0,0,0,0,0,0,0,5,25812,0,26031,0,0,0,0,4388073,4425348,0,0,0,0,0,1000,1000,5535465
MPCTASK: EXP,1,232,11589,70,-373,692,-56,498,-19,-43,382,-56,217,-459,700,21,-155,700,688,688,1019,69,300,1,20,0,0,0,0,0,0,0,0,5,27785,0,28005,0,0,0,0,4723373,4760967,0,0,0,0,0,1000,1000,5535465
MPCTASK: EXP,1,234,11688,49,-324,693,-119,484,23,182,119,45,155,-293,700,-8,-97,700,693,693,1000,69,300,1,20,0,0,0,0,0,0,0,0,5,25339,0,26996,0,0,0,0,4307537,4589327,0,0,0,0,0,1000,1000,5535465
MPCTASK: EXP,1,236,11789,36,-285,696,-125,435,32,226,-18,129,92,-161,700,-41,-14,700,696,696,1000,69,300,1,20,0,0,0,0,0,0,0,0,5,27113,0,27332,0,0,0,0,4609125,4646646,0,0,0,0,0,1000,1000,5535465
MPCTASK: EXP,1,238,11891,17,-253,701,-129,391,35,70,-26,182,44,-76,700,-91,97,700,701,701,1000,69,300,1,20,0,0,0,0,0,0,0,0,5,28824,0,29920,0,0,0,0,4899997,5086460,0,0,0,0,0,1000,1000,5535465
MPCTASK: EXP,1,240,11992,8,-232,703,-124,377,16,-272,52,213,23,-42,700,-119,208,700,703,703,1000,69,300,1,20,0,0,0,0,0,0,0,0,5,30735,0,30958,0,0,0,0,5224797,5263086,0,0,0,0,0,1000,1000,5535465
MPCTASK: EXP,1,242,12088,4,-211,706,-130,427,5,-711,161,236,20,-38,700,-114,314,700,706,706,1000,69,300,1,20,0,0,0,0,0,0,0,0,5,25218,0,25778,0,0,0,0,4286921,4382234,0,0,0,0,0,1000,1000,5535465
MPCTASK: EXP,1,244,12185,-5,-175,711,-160,554,11,-1046,203,252,16,-30,700,-85,405,700,711,711,1000,69,300,1,20,0,0,0,0,0,0,0,0,5,22823,0,23039,0,0,0,0,3879769,3916724,0,0,0,0,0,1000,1000,5535465
MPCTASK: EXP,1,246,12285,-16,-118,716,-188,728,-4,-1162,108,253,-8,15,700,-44,501,700,715,715,1019,69,300,1,20,0,0,0,0,0,0,0,0,5,23514,0,24041,0,0,0,0,3997293,4087043,0,0,0,0,0,1000,1000,5535465
MPCTASK: EXP,1,248,12390,-31,-51,713,-192,890,-46,-986,-112,240,-55,114,700,7,574,700,703,703,1019,69,300,1,20,0,0,0,0,0,0,0,0,5,28973,0,29188,0,0,0,0,4925363,4962488,0,0,0,0,0,1000,1000,5535465
MPCTASK: EXP,1,250,12491,-46,37,700,-148,1028,-67,-637,-416,230,-111,259,700,68,640,700,686,686,1019,69,300,1,20,0,0,0,0,0,0,0,0,5,27863,0,28736,0,0,0,0,4736678,4885172,0,0,0,0,0,1000,1000,5535465
MPCTASK: EXP,1,252,12591,-49,129,694,-43,1098,-19,-320,-666,251,-158,433,700,141,686,700,691,691,1019,69,300,1,20,0,0,0,0,0,0,0,0,5,27783,0,27997,0,0,0,0,4722886,4759656,0,0,0,0,0,1000,1000,5535465
MPCTASK: EXP,1,254,12687,-38,212,699,96,1092,22,6,-812,291,-179,614,700,212,696,700,699,699,1000,69,300,1,20,0,0,0,0,0,0,0,0,5,24986,0,25201,0,0,0,0,4247473,4284374,0,0,0,0,0,1000,1000,5535465
MPCTASK: EXP,1,256,12787,-26,295,702,230,1040,11,277,-824,318,-164,784,700,258,690,700,702,702,1000,69,300,1,20,0,0,0,0,0,0,0,0,5,24889,0,25220,0,0,0,0,4231009,4287453,0,0,0,0,0,1000,1000,5535465
MPCTASK: EXP,1,258,12889,7,384,705,371,964,-3,530,-712,337,-110,927,699,298,677,699,704,704,1019,69,300,1,20,0,0,0,0,0,0,0,0,5,25920,0,26281,0,0,0,0,4406281,4467903,0,0,0,0,0,1000,1000,5535465
MPCTASK: EXP,1,260,12988,33,445,703,454,817,-29,768,-468,344,-21,1032,699,297,623,699,697,697,1019,69,300,1,20,0,0,0,0,0,0,0,0,5,25512,0,25728,0,0,0,0,4337065,4373786,0,0,0,0,0,1000,1000,5535465
MPCTASK: EXP,1,262,13091,104,501,703,555,648,-24,954,-190,327,91,1095,699,316,557,699,698,698,1019,69,300,1,20,0,0,0,0,0,0,0,0,5,29014,0,29229,0,0,0,0,4932233,4968945,0,0,0,0,0,1000,1000,5535465
MPCTASK: EXP,1,264,13188,157,529,700,563,433,-30,1045,173,279,214,1115,699,287,464,699,694,694,1019,69,300,1,20,0,0,0,0,0,0,0,0,5,25589,0,26230,0,0,0,0,4349985,4459187,0,0,0,0,0,1000,1000,5535465
MPCTASK: EXP,1,266,13290,213,491,699,513,138,-14,1066,538,208,331,1092,699,242,308,699,697,697,1019,69,300,1,20,0,0,0,0,0,0,0,0,5,27614,0,28123,0,0,0,0,4694232,4780976,0,0,0,0,0,1000,1000,5535465
MPCTASK: EXP,1,268,13390,268,487,697,414,-49,-13,921,849,132,426,1030,699,187,211,699,694,694,1019,69,300,1,20,0,0,0,0,0,0,0,0,5,27787,0,28003,0,0,0,0,4723713,4760425,0,0,0,0,0,1000,1000,5535465
MPCTASK: EXP,1,270,13493,295,462,695,239,-230,-28,920,1155,89,487,934,700,100,94,700,689,689,1019,69,300,1,20,0,0,0,0,0,0,0,0,5,30415,0,31009,0,0,0,0,5170405,5271742,0,0,0,0,0,1000,1000,5535465
MPCTASK: EXP,1,272,13590,292,428,694,6,-394,-20,866,1264,87,505,809,700,0,-19,700,690,690,1019,69,300,1,20,0,0,0,0,0,0,0,0,5,27263,0,27932,0,0,0,0,4634705,4748507,0,0,0,0,0,1000,1000,5535465
MPCTASK: EXP,1,274,13689,235,388,690,-277,-545,-33,848,1236,128,476,661,700,-130,-130,700,683,683,1019,69,300,1,20,0,0,0,0,0,0,0,0,5,25253,0,25789,0,0,0,0,4292907,4384204,0,0,0,0,0,1000,1000,5535465
MPCTASK: EXP,1,276,13792,231,376,686,-424,-634,-17,929,983,157,402,495,700,-158,-210,700,682,682,1019,69,300,1,20,0,0,0,0,0,0,0,0,5,26167,0,28035,0,0,0,0,4448213,4766154,0,0,0,0,0,1000,1000,5535465
MPCTASK: EXP,1,278,13890,144,313,689,-630,-809,15,1027,812,202,289,316,700,-249,-335,700,689,689,1000,69,300,1,20,0,0,0,0,0,0,0,0,5,26904,0,27118,0,0,0,0,4573457,4610176,0,0,0,0,0,1000,1000,5535465
MPCTASK: EXP,1,280,13988,73,238,686,-735,-963,0,866,407,228,149,129,700,-274,-445,700,685,685,1019,69,300,1,20,0,0,0,0,0,0,0,0,5,24505,0,25019,0,0,0,0,4165657,4253314,0,0,0,0,0,1000,1000,5535465
MPCTASK: EXP,1,282,14095,-12,126,684,-782,-1110,19,590,-28,224,-4,-59,700,-283,-564,700,684,684,1000,69,300,1,20,0,0,0,0,0,0,0,0,5,30358,0,30641,0,0,0,0,5160782,5208904,0,0,0,0,0,1000,1000,5535465
MPCTASK: EXP,1,284,14192,-86,19,686,-737,-1176,47,241,-420,197,-156,-248,700,-254,-649,700,686,686,1000,69,300,1,20,0,0,0,0,0,0,0,0,5,27569,0,27784,0,0,0,0,4686621,4723333,0,0,0,0,0,1000,1000,5535465
MPCTASK: EXP,1,286,14292,-152,-97,697,-633,-1187,80,-29,-759,118,-291,-430,700,-204,-724,700,697,697,1000,69,300,1,20,0,0,0,0,0,0,0,0,5,26598,0,27988,0,0,0,0,4521597,4757903,0,0,0,0,0,1000,1000,5535465
MPCTASK: EXP,1,288,14392,-206,-202,711,-486,-1149,72,-156,-1005,29,-397,-601,700,-141,-778,700,711,711,1000,69,300,1,20,0,0,0,0,0,0,0,0,5,26888,0,27253,0,0,0,0,4570785,4633221,0,0,0,0,0,1000,1000,5535465
MPCTASK: EXP,1,290,14490,-229,-300,721,-286,-1094,22,-191,-1176,-40,-461,-759,700,-53,-820,700,721,721,1000,69,300,1,20,0,0,0,0,0,0,0,0,5,25072,0,25286,0,0,0,0,4262162,4298715,0,0,0,0,0,1000,1000,5535465
MPCTASK: EXP,1,292,14593,-236,-386,723,-72,-1032,-39,-222,-1277,-104,-479,-898,700,35,-842,700,715,715,1019,69,300,1,20,0,0,0,0,0,0,0,0,5,28785,0,29002,0,0,0,0,4893441,4930387,0,0,0,0,0,1000,1000,5535465
MPCTASK: EXP,1,294,14692,-221,-461,718,158,-958,-70,-310,-1262,-180,-447,-1016,700,123,-843,700,704,704,1019,69,300,1,20,0,0,0,0,0,0,0,0,5,27295,0,27510,0,0,0,0,4640198,4676755,0,0,0,0,0,1000,1000,5535465
MPCTASK: EXP,1,296,14792,-183,-537,709,391,-880,-76,-403,-1175,-269,-369,-1110,700,207,-837,700,694,694,1019,69,300,1,20,0,0,0,0,0,0,0,0,5,26282,0,27004,0,0,0,0,4467861,4590793,0,0,0,0,0,1000,1000,5535465
MPCTASK: EXP,1,298,14891,-130,-590,701,596,-765,-52,-524,-943,-377,-253,-1178,700,272,-798,700,690,690,1019,69,300,1,20,0,0,0,0,0,0,0,0,5,26063,0,26279,0,0,0,0,4430693,4467416,0,0,0,0,0,1000,1000,5535465
MPCTASK: EXP,1,300,14992,-59,-636,693,754,-640,-27,-591,-597,-483,-110,-1218,700,315,-747,700,688,688,1019,69,300,1,20,0,0,0,0,0,0,0,0,5,27713,0,27927,0,0,0,0,4711117,4747667,0,0,0,0,0,1000,1000,5535465
MPCTASK: EXP,1,302,15094,-2,-663,694,808,-488,22,-679,-179,-574,45,-1229,700,305,-671,700,694,694,1000,69,300,1,20,0,0,0,0,0,0,0,0,5,29082,0,29683,0,0,0,0,4943814,5046090,0,0,0,0,0,1000,1000,5535465
MPCTASK: EXP,1,304,15193,66,-676,698,802,-325,37,-743,243,-611,199,-1211,700,279,-581,700,698,698,1000,69,300,1,20,0,0,0,0,0,0,0,0,5,27446,0,27859,0,0,0,0,4665609,4736119,0,0,0,0,0,1000,1000,5535465
MPCTASK: EXP,1,306,15293,122,-674,705,713,-147,30,-862,713,-556,335,-1164,700,218,-471,700,705,705,1000,69,300,1,20,0,0,0,0,0,0,0,0,5,27338,0,27553,0,0,0,0,4647397,4684109,0,0,0,0,0,1000,1000,5535465
MPCTASK: EXP,1,308,15392,178,-671,711,569,28,1,-967,1073,-457,441,-1089,700,149,-363,700,711,711,1000,69,300,1,20,0,0,0,0,0,0,0,0,5,25666,0,26919,0,0,0,0,4363125,4576275,0,0,0,0,0,1000,1000,5535465
MPCTASK: EXP,1,310,15493,208,-654,716,362,216,-30,-1069,1345,-337,505,-989,700,58,-245,700,710,710,1019,69,300,1,20,0,0,0,0,0,0,0,0,5,27436,0,27850,0,0,0,0,4664029,4734685,0,0,0,0,0,1000,1000,5535465
MPCTASK: EXP,1,312,15592,222,-610,712,122,433,-72,-1152,1459,-211,522,-865,700,-32,-104,700,698,698,1019,69,300,1,20,0,0,0,0,0,0,0,0,5,25271,0,25626,0,0,0,0,4295873,4356601,0,0,0,0,0,1000,1000,5535465
MPCTASK: EXP,1,314,15693,210,-552,700,-141,651,-103,-1135,1421,-104,490,-720,700,-125,35,700,679,679,1019,69,300,1,20,0,0,0,0,0,0,0,0,5,26803,0,27018,0,0,0,0,4556429,4593146,0,0,0,0,0,1000,1000,5535465
MPCTASK: EXP,1,316,15797,163,-473,688,-408,866,-66,-1006,1163,-44,412,-559,700,-213,178,700,675,675,1019,69,300,1,20,0,0,0,0,0,0,0,0,5,30268,0,30483,0,0,0,0,5145505,5182215,0,0,0,0,0,1000,1000,5535465
MPCTASK: EXP,1,318,15894,105,-388,679,-602,1022,-11,-698,765,-2,295,-385,700,-266,292,700,677,677,1019,69,300,1,20,0,0,0,0,0,0,0,0,5,27323,0,27538,0,0,0,0,4644877,4681431,0,0,0,0,0,1000,1000,5535465
MPCTASK: EXP,1,320,15996,28,-291,673,-723,1108,19,-334,361,26,152,-202,700,-302,390,700,673,673,1000,69,300,1,20,0,0,0,0,0,0,0,0,5,27453,0,28107,0,0,0,0,4667001,4778146,0,0,0,0,0,1000,1000,5535465
MPCTASK: EXP,1,322,16096,-33,-206,679,-735,1105,80,-59,-56,80,-3,-16,700,-285,454,700,679,679,1000,69,300,1,20,0,0,0,0,0,0,0,0,5,28669,0,28883,0,0,0,0,4873745,4910297,0,0,0,0,0,1000,1000,5535465
MPCTASK: EXP,1,324,16193,-100,-119,691,-690,1070,87,48,-396,132,-157,169,700,-254,513,700,691,691,1000,69,300,1,20,0,0,0,0,0,0,0,0,5,25080,0,25306,0,0,0,0,4263529,4302009,0,0,0,0,0,1000,1000,5535465
MPCTASK: EXP,1,326,16293,-141,-40,708,-576,1022,69,9,-666,179,-293,350,700,-187,564,700,708,708,1000,69,300,1,20,0,0,0,0,0,0,0,0,5,25282,0,25807,0,0,0,0,4297765,4387243,0,0,0,0,0,1000,1000,5535465
MPCTASK: EXP,1,328,16394,-164,38,716,-416,995,15,-83,-860,180,-399,522,700,-101,616,700,716,716,1000,69,300,1,20,0,0,0,0,0,0,0,0,5,25956,0,26581,0,0,0,0,4411415,4518931,0,0,0,0,0,1000,1000,5535465
MPCTASK: EXP,1,330,16496,-181,114,718,-242,985,-27,-166,-1011,170,-463,679,700,-16,658,700,712,712,1019,69,300,1,20,0,0,0,0,0,0,0,0,5,28508,0,28734,0,0,0,0,4846389,4884890,0,0,0,0,0,1000,1000,5535465
MPCTASK: EXP,1,332,16593,-180,196,715,-41,991,-52,-111,-1123,162,-480,819,700,75,693,700,705,705,1019,69,300,1,20,0,0,0,0,0,0,0,0,5,25565,0,26038,0,0,0,0,4345889,4426438,0,0,0,0,0,1000,1000,5535465
MPCTASK: EXP,1,334,16696,-156,268,708,178,967,-64,25,-1088,152,-448,938,700,164,701,700,695,695,1019,69,300,1,20,0,0,0,0,0,0,0,0,5,27663,0,28175,0,0,0,0,4702501,4789877,0,0,0,0,0,1000,1000,5535465
MPCTASK: EXP,1,336,16797,-115,354,699,379,940,-62,194,-916,132,-370,1033,700,238,709,700,686,686,1019,69,300,1,20,0,0,0,0,0,0,0,0,5,25628,0,27983,0,0,0,0,4356609,4757138,0,0,0,0,0,1000,1000,5535465
MPCTASK: EXP,1,338,16894,-67,414,692,529,841,-28,464,-713,122,-253,1101,700,286,669,700,686,686,1019,69,300,1,20,0,0,0,0,0,0,0,0,5,25309,0,25524,0,0,0,0,4302441,4339153,0,0,0,0,0,1000,1000,5725081
MPCTASK: EXP,1,340,16996,0,476,691,649,720,-2,659,-441,100,-110,1141,700,319,625,700,690,690,1019,69,300,1,20,0,0,0,0,0,0,0,0,5,27388,0,27602,0,0,0,0,4655838,4692391,0,0,0,0,0,1000,1000,5725081
MPCTASK: EXP,1,342,17097,69,512,690,698,544,5,811,-27,73,45,1153,700,317,547,700,690,690,1000,69,300,1,20,0,0,0,0,0,0,0,0,5,28652,0,29120,0,0,0,0,4870733,4950539,0,0,0,0,0,1000,1000,5725081
MPCTASK: EXP,1,344,17202,145,524,693,685,345,16,921,322,36,199,1135,700,301,446,700,693,693,1000,69,300,1,20,0,0,0,0,0,0,0,0,5,31747,0,32998,0,0,0,0,5396941,5609838,0,0,0,0,0,1000,1000,5725081
MPCTASK: EXP,1,346,17296,202,570,698,590,217,21,943,737,-44,335,1088,700,238,390,700,698,698,1000,69,300,1,20,0,0,0,0,0,0,0,0,5,27170,0,27384,0,0,0,0,4618714,4655427,0,0,0,0,0,1000,1000,5725081
MPCTASK: EXP,1,348,17395,279,597,708,478,73,27,1065,992,-123,441,1013,700,203,313,700,708,708,1000,69,300,1,20,0,0,0,0,0,0,0,0,5,26092,0,26850,0,0,0,0,4435569,4564526,0,0,0,0,0,1000,1000,5725081
MPCTASK: EXP,1,350,17497,332,552,709,306,-176,-24,1221,1283,-190,505,912,700,133,159,700,704,704,1019,69,300,1,20,0,0,0,0,0,0,0,0,5,26836,0,28545,0,0,0,0,4562076,4852650,0,0,0,0,0,1000,1000,5725081
MPCTASK: EXP,1,352,17598,333,505,706,41,-399,-55,1143,1485,-205,522,788,700,23,21,700,695,695,1019,69,300,1,20,0,0,0,0,0,0,0,0,5,29676,0,29890,0,0,0,0,5044801,5081359,0,0,0,0,0,1000,1000,5725081
MPCTASK: EXP,1,354,17695,296,490,693,-252,-544,-86,1066,1313,-129,490,644,700,-83,-68,700,675,675,1019,69,300,1,20,0,0,0,0,0,0,0,0,5,26965,0,27180,0,0,0,0,4584021,4620731,0,0,0,0,0,1000,1000,5725081
MPCTASK: EXP,1,356,17795,187,412,679,-578,-777,-65,1129,1098,-45,412,482,700,-238,-228,700,666,666,1019,69,300,1,20,0,0,0,0,0,0,0,0,5,26940,0,27154,0,0,0,0,4579641,4616191,0,0,0,0,0,1000,1000,5725081
MPCTASK: EXP,1,358,17898,109,337,673,-756,-955,0,899,579,38,295,308,700,-291,-347,700,673,673,1019,69,300,1,20,0,0,0,0,0,0,0,0,5,27595,0,29635,0,0,0,0,4691073,5038101,0,0,0,0,0,1000,1000,5725081
MPCTASK: EXP,1,360,17997,1,273,669,-857,-1050,42,577,121,114,152,126,700,-342,-422,700,669,669,1000,69,300,1,20,0,0,0,0,0,0,0,0,5,27108,0,28284,0,0,0,0,4608259,4808266,0,0,0,0,0,1000,1000,5725081
MPCTASK: EXP,1,362,18104,-89,161,675,-851,-1131,81,276,-299,114,-3,-60,700,-341,-526,700,675,675,1000,69,300,1,20,0,0,0,0,0,0,0,0,5,35053,0,35494,0,0,0,0,5958945,6033998,0,0,0,0,0,1000,1000,6033998
MPCTASK: EXP,1,364,18197,-170,51,685,-766,-1153,88,82,-695,110,-157,-246,700,-307,-611,700,685,685,1000,69,300,1,20,0,0,0,0,0,0,0,0,5,28415,0,28640,0,0,0,0,4830438,4868783,0,0,0,0,0,1000,1000,6033998
MPCTASK: EXP,1,366,18295,-220,-50,707,-606,-1130,106,-56,-951,81,-293,-427,700,-234,-673,700,707,707,1000,69,300,1,20,0,0,0,0,0,0,0,0,5,25693,0,26244,0,0,0,0,4367737,4461715,0,0,0,0,0,1000,1000,6033998
MPCTASK: EXP,1,368,18398,-267,-153,723,-436,-1101,73,-112,-1147,59,-399,-598,700,-163,-732,700,723,723,1000,69,300,1,20,0,0,0,0,0,0,0,0,5,27696,0,29183,0,0,0,0,4708165,4961187,0,0,0,0,0,1000,1000,6033998
MPCTASK: EXP,1,370,18502,-278,-236,730,-219,-1047,-20,-80,-1258,27,-463,-756,700,-67,-768,700,725,725,1019,69,300,1,20,0,0,0,0,0,0,0,0,5,29978,0,31049,0,0,0,0,5096201,5278375,0,0,0,0,0,1000,1000,6033998
MPCTASK: EXP,1,372,18596,-279,-319,723,4,-1002,-82,-116,-1290,-11,-480,-896,700,25,-791,700,706,706,1019,69,300,1,20,0,0,0,0,0,0,0,0,5,24382,0,24942,0,0,0,0,4144868,4240217,0,0,0,0,0,1000,1000,6033998
MPCTASK: EXP,1,374,18696,-256,-407,711,247,-963,-92,-188,-1281,-87,-448,-1015,700,122,-812,700,693,693,1019,69,300,1,20,0,0,0,0,0,0,0,0,5,24309,0,24790,0,0,0,0,4132513,4214298,0,0,0,0,0,1000,1000,6033998
MPCTASK: EXP,1,376,18797,-219,-481,701,470,-898,-62,-297,-1134,-213,-370,-1110,700,199,-807,700,688,688,1019,69,300,1,20,0,0,0,0,0,0,0,0,5,24230,0,24622,0,0,0,0,4118953,4185756,0,0,0,0,0,1000,1000,6033998
MPCTASK: EXP,1,378,18897,-156,-542,695,668,-805,-18,-436,-862,-338,-253,-1178,700,266,-777,700,692,692,1019,69,300,1,20,0,0,0,0,0,0,0,0,5,24817,0,25032,0,0,0,0,4218825,4255541,0,0,0,0,0,1000,1000,6033998
MPCTASK: EXP,1,380,19001,-93,-584,694,784,-678,9,-575,-477,-437,-110,-1218,700,289,-719,700,694,694,1000,69,300,1,20,0,0,0,0,0,0,0,0,5,27644,0,28293,0,0,0,0,4699265,4809989,0,0,0,0,0,1000,1000,6033998
MPCTASK: EXP,1,382,19103,-20,-626,695,828,-541,24,-725,-23,-490,45,-1229,700,287,-654,700,695,695,1000,69,300,1,20,0,0,0,0,0,0,0,0,5,29308,0,30054,0,0,0,0,4982194,5109410,0,0,0,0,0,1000,1000,6033998
MPCTASK: EXP,1,384,19197,43,-651,702,786,-372,44,-858,388,-515,199,-1211,700,251,-567,700,702,702,1000,69,300,1,20,0,0,0,0,0,0,0,0,5,24843,0,25058,0,0,0,0,4223177,4259902,0,0,0,0,0,1000,1000,6033998
MPCTASK: EXP,1,386,19298,114,-668,711,701,-198,36,-946,763,-482,335,-1164,700,206,-475,700,711,711,1000,69,300,1,20,0,0,0,0,0,0,0,0,5,25459,0,25673,0,0,0,0,4327917,4364467,0,0,0,0,0,1000,1000,6033998
MPCTASK: EXP,1,388,19400,166,-660,717,550,3,5,-1028,1091,-416,441,-1089,700,134,-359,700,717,717,1000,69,300,1,20,0,0,0,0,0,0,0,0,5,26480,0,27000,0,0,0,0,4501485,4590073,0,0,0,0,0,1000,1000,6033998
MPCTASK: EXP,1,390,19502,197,-642,717,345,202,-39,-1056,1294,-343,505,-989,700,49,-242,700,709,709,1019,69,300,1,20,0,0,0,0,0,0,0,0,5,28207,0,28552,0,0,0,0,4795026,4853918,0,0,0,0,0,1000,1000,6033998
MPCTASK: EXP,1,392,19596,211,-607,711,118,404,-82,-1082,1357,-247,522,-865,700,-34,-114,700,695,695,1019,69,300,1,20,0,0,0,0,0,0,0,0,5,22829,0,23044,0,0,0,0,3880781,3917502,0,0,0,0,0,1000,1000,6033998
MPCTASK: EXP,1,394,19702,196,-545,702,-132,623,-76,-1064,1298,-144,490,-720,700,-123,28,700,687,687,1019,69,300,1,20,0,0,0,0,0,0,0,0,5,28264,0,28847,0,0,0,0,4804872,4904032,0,0,0,0,0,1000,1000,6033998
MPCTASK: EXP,1,396,19799,153,-477,691,-371,808,-59,-920,1040,-64,412,-559,700,-202,154,700,679,679,1019,69,300,1,20,0,0,0,0,0,0,0,0,5,24941,0,25737,0,0,0,0,4239977,4375391,0,0,0,0,0,1000,1000,6033998
MPCTASK: EXP,1,398,19900,98,-392,680,-552,964,-26,-732,735,31,295,-385,700,-258,277,700,675,675,1019,69,300,1,20,0,0,0,0,0,0,0,0,5,26551,0,26766,0,0,0,0,4513577,4550302,0,0,0,0,0,1000,1000,6033998
MPCTASK: EXP,1,400,20003,31,-305,682,-669,1053,48,-441,416,115,152,-202,700,-290,372,700,682,682,1000,69,300,1,20,0,0,0,0,0,0,0,0,5,27891,0,29284,0,0,0,0,4741441,4978324,0,0,0,0,0,1000,1000,6033998
MPCTASK: EXP,1,402,20099,-36,-220,689,-711,1075,77,-205,51,194,-3,-16,700,-288,444,700,689,689,1000,69,300,1,20,0,0,0,0,0,0,0,0,5,25924,0,26138,0,0,0,0,4406965,4443515,0,0,0,0,0,1000,1000,6033998
MPCTASK: EXP,1,404,20202,-98,-146,698,-680,1045,66,-33,-295,251,-157,169,700,-255,491,700,698,698,1000,69,300,1,20,0,0,0,0,0,0,0,0,5,28134,0,28672,0,0,0,0,4782729,4874274,0,0,0,0,0,1000,1000,6033998
MPCTASK: EXP,1,406,20301,-153,-64,710,-592,1017,58,-2,-638,294,-293,350,700,-200,546,700,710,710,1000,69,300,1,20,0,0,0,0,0,0,0,0,5,27207,0,27421,0,0,0,0,4625073,4661622,0,0,0,0,0,1000,1000,6033998
MPCTASK: EXP,1,408,20395,-184,9,722,-441,984,41,-50,-895,317,-399,522,700,-119,590,700,722,722,1000,69,300,1,20,0,0,0,0,0,0,0,0,5,21635,0,22155,0,0,0,0,3677941,3766402,0,0,0,0,0,1000,1000,6033998
MPCTASK: EXP,1,410,20501,-208,83,722,-269,973,-34,-158,-1091,322,-463,679,700,-38,633,700,716,716,1019,69,300,1,20,0,0,0,0,0,0,0,0,5,26981,0,27700,0,0,0,0,4586649,4709165,0,0,0,0,0,1000,1000,6033998
MPCTASK: EXP,1,412,20601,-208,153,717,-56,968,-78,-136,-1210,346,-480,819,700,55,659,700,701,701,1019,69,300,1,20,0,0,0,0,0,0,0,0,5,26948,0,27546,0,0,0,0,4581150,4682970,0,0,0,0,0,1000,1000,6033998
MPCTASK: EXP,1,414,20698,-191,230,708,168,966,-86,-25,-1186,375,-448,938,700,142,678,700,691,691,1019,69,300,1,20,0,0,0,0,0,0,0,0,5,24633,0,24848,0,0,0,0,4187493,4224214,0,0,0,0,0,1000,1000,6033998
MPCTASK: EXP,1,416,20797,-149,290,699,390,919,-65,145,-1037,407,-370,1033,700,223,662,700,686,686,1019,69,300,1,20,0,0,0,0,0,0,0,0,5,24062,0,24277,0,0,0,0,4090365,4127081,0,0,0,0,0,1000,1000,6033998
MPCTASK: EXP,1,418,20901,-98,352,690,563,848,-49,338,-786,395,-253,1101,700,276,635,700,680,680,1019,69,300,1,20,0,0,0,0,0,0,0,0,5,27874,0,28511,0,0,0,0,4738477,4846928,0,0,0,0,0,1000,1000,6033998
MPCTASK: EXP,1,420,21002,-36,405,688,680,739,-13,537,-474,334,-110,1141,700,303,587,700,685,685,1019,69,300,1,20,0,0,0,0,0,0,0,0,5,25887,0,26726,0,0,0,0,4400761,4543579,0,0,0,0,0,1000,1000,6033998
MPCTASK: EXP,1,422,21102,34,455,689,736,602,13,748,-89,227,45,1153,700,305,524,700,689,689,1000,69,300,1,20,0,0,0,0,0,0,0,0,5,26433,0,27479,0,0,0,0,4493561,4671517,0,0,0,0,0,1000,1000,6033998
MPCTASK: EXP,1,424,21201,94,489,694,707,431,28,914,258,118,199,1135,700,273,443,700,694,694,1000,69,300,1,20,0,0,0,0,0,0,0,0,5,26564,0,26907,0,0,0,0,4515793,4574270,0,0,0,0,0,1000,1000,6033998
MPCTASK: EXP,1,426,21302,153,517,702,626,256,36,1029,604,13,335,1088,700,222,358,700,702,702,1000,69,300,1,20,0,0,0,0,0,0,0,0,5,27047,0,27922,0,0,0,0,4597849,4746831,0,0,0,0,0,1000,1000,6033998
MPCTASK: EXP,1,428,21405,196,524,708,479,64,8,1082,917,-68,440,1014,700,147,257,700,708,708,1000,69,300,1,20,0,0,0,0,0,0,0,0,5,29483,0,30041,0,0,0,0,5012037,5107034,0,0,0,0,0,1000,1000,6033998
MPCTASK: EXP,1,430,21505,253,516,710,331,-128,-18,1146,1134,-156,504,913,700,95,146,700,706,706,1019,69,300,1,20,0,0,0,0,0,0,0,0,5,30643,0,30868,0,0,0,0,5209133,5247559,0,0,0,0,0,1000,1000,6033998
MPCTASK: EXP,1,432,21604,289,460,704,136,-373,-58,1171,1293,-213,521,790,700,30,-7,700,692,692,1019,69,300,1,20,0,0,0,0,0,0,0,0,5,29984,0,30199,0,0,0,0,5097201,5133910,0,0,0,0,0,1000,1000,6033998
MPCTASK: EXP,1,434,21704,260,403,695,-149,-577,-73,1000,1387,-188,488,646,700,-87,-139,700,681,681,1019,69,300,1,20,0,0,0,0,0,0,0,0,5,28916,0,29568,0,0,0,0,4915645,5026581,0,0,0,0,0,1000,1000,6033998
MPCTASK: EXP,1,436,21802,202,317,682,-440,-782,-66,922,1186,-111,410,485,700,-187,-291,700,669,669,1019,69,300,1,20,0,0,0,0,0,0,0,0,5,26768,0,26982,0,0,0,0,4550341,4587050,0,0,0,0,0,1000,1000,6033998
MPCTASK: EXP,1,438,21903,150,224,679,-625,-946,-1,728,807,-50,294,311,700,-238,-423,700,678,678,1019,69,300,1,20,0,0,0,0,0,0,0,0,5,28343,0,28992,0,0,0,0,4818161,4928841,0,0,0,0,0,1000,1000,6033998
MPCTASK: EXP,1,440,22003,60,142,677,-772,-1034,38,443,415,16,151,127,700,-287,-516,700,677,677,1000,69,300,1,20,0,0,0,0,0,0,0,0,5,28758,0,28973,0,0,0,0,4888765,4925474,0,0,0,0,0,1000,1000,6033998
MPCTASK: EXP,1,442,22101,-43,49,679,-838,-1080,56,261,-110,105,-3,-60,700,-309,-602,700,679,679,1000,69,300,1,20,0,0,0,0,0,0,0,0,5,26395,0,26860,0,0,0,0,4487054,4566227,0,0,0,0,0,1000,1000,6033998
MPCTASK: EXP,1,444,22204,-127,-29,691,-784,-1071,89,160,-558,164,-154,-249,700,-286,-656,700,691,691,1000,69,300,1,20,0,0,0,0,0,0,0,0,5,28592,0,29142,0,0,0,0,4860390,4954223,0,0,0,0,0,1000,1000,6033998
MPCTASK: EXP,1,446,22301,-191,-116,709,-650,-1057,100,137,-927,169,-288,-434,700,-232,-709,700,709,709,1000,69,300,1,20,0,0,0,0,0,0,0,0,5,26136,0,26350,0,0,0,0,4443053,4479603,0,0,0,0,0,1000,1000,6033998
MPCTASK: EXP,1,448,22404,-237,-196,724,-474,-1033,47,102,-1141,153,-390,-609,700,-169,-739,700,724,724,1000,69,300,1,20,0,0,0,0,0,0,0,0,5,29339,0,29554,0,0,0,0,4987561,5024278,0,0,0,0,0,1000,1000,6033998
MPCTASK: EXP,1,450,22502,-265,-283,727,-265,-1013,-24,19,-1260,138,-450,-771,700,-99,-760,700,722,722,1019,69,300,1,20,0,0,0,0,0,0,0,0,5,27035,0,27596,0,0,0,0,4595846,4691357,0,0,0,0,0,1000,1000,6033998
MPCTASK: EXP,1,452,22603,-270,-358,718,-38,-966,-88,-101,-1281,104,-464,-915,700,-30,-751,700,701,701,1019,69,300,1,20,0,0,0,0,0,0,0,0,5,28147,0,28614,0,0,0,0,4785005,4927789,0,0,0,0,0,1000,1000,6033998
MPCTASK: EXP,1,454,22703,-253,-429,704,196,-896,-99,-289,-1194,47,-431,-1035,700,32,-719,700,684,684,1019,69,300,1,20,0,0,0,0,0,0,0,0,5,29003,0,29219,0,0,0,0,4930461,4967359,0,0,0,0,0,1000,1000,6033998
MPCTASK: EXP,1,456,22802,-216,-485,691,408,-782,-64,-507,-962,-35,-357,-1126,699,82,-657,699,678,678,1019,69,300,1,20,0,0,0,0,0,0,0,0,5,27265,0,28359,0,0,0,0,4634925,4820996,0,0,0,0,0,1000,1000,6033998
MPCTASK: EXP,1,458,22902,-149,-538,687,584,-641,-4,-743,-593,-98,-250,-1183,699,127,-585,699,686,686,1019,69,300,1,20,0,0,0,0,0,0,0,0,5,26998,0,27516,0,0,0,0,4589626,4677831,0,0,0,0,0,1000,1000,6033998
MPCTASK: EXP,1,460,23007,-89,-564,691,650,-447,34,-987,-111,-146,-124,-1203,699,127,-490,699,691,691,1000,69,300,1,20,0,0,0,0,0,0,0,0,5,31844,0,32058,0,0,0,0,5413353,5449903,0,0,0,0,0,1000,1000,6033998
MPCTASK: EXP,1,462,23102,-28,-575,697,630,-231,36,-1114,360,-174,3,-1182,699,113,-400,699,697,697,1000,69,300,1,20,0,0,0,0,0,0,0,0,5,27257,0,27742,0,0,0,0,4633573,4716207,0,0,0,0,0,1000,1000,6033998
MPCTASK: EXP,1,464,23203,22,-570,703,538,-11,21,-1139,704,-189,118,-1118,699,104,-342,699,703,703,1000,69,300,1,20,0,0,0,0,0,0,0,0,5,28748,0,28973,0,0,0,0,4887073,4925534,0,0,0,0,0,1000,1000,6033998
MPCTASK: EXP,1,466,23301,66,-541,700,404,211,-23,-1038,907,-173,206,-1014,699,84,-265,699,696,696,1019,69,300,1,20,0,0,0,0,0,0,0,0,5,25669,0,26037,0,0,0,0,4363565,4426530,0,0,0,0,0,1000,1000,6033998
MPCTASK: EXP,1,468,23400,85,-496,699,229,400,-8,-771,899,-138,256,-875,700,58,-208,700,697,697,1019,69,300,1,20,0,0,0,0,0,0,0,0,5,25797,0,26011,0,0,0,0,4385457,4422040,0,0,0,0,0,1000,1000,6033998
MPCTASK: EXP,1,470,23501,91,-439,694,71,530,-19,-446,750,-60,265,-708,700,45,-171,700,690,690,1019,69,300,1,20,0,0,0,0,0,0,0,0,5,27026,0,27241,0,0,0,0,4594385,4630925,0,0,0,0,0,1000,1000,6033998
MPCTASK: EXP,1,472,23603,84,-385,689,-53,581,-15,-122,515,40,236,-530,700,37,-156,700,686,686,1019,69,300,1,20,0,0,0,0,0,0,0,0,5,27856,0,28538,0,0,0,0,4735309,4851659,0,0,0,0,0,1000,1000,6033998
MPCTASK: EXP,1,474,23701,66,-324,684,-137,579,4,208,245,145,181,-356,700,27,-137,700,684,684,1000,69,300,1,20,0,0,0,0,0,0,0,0,5,25521,0,25963,0,0,0,0,4338525,4414132,0,0,0,0,0,1000,1000,6033998
MPCTASK: EXP,1,476,23800,45,-279,688,-163,506,40,437,-8,242,116,-209,700,13,-122,700,688,688,1000,69,300,1,20,0,0,0,0,0,0,0,0,5,25837,0,26049,0,0,0,0,4392181,4428537,0,0,0,0,0,1000,1000,6033998
MPCTASK: EXP,1,478,23904,26,-249,696,-150,401,51,506,-155,324,60,-104,700,-5,-107,700,696,696,1000,69,300,1,20,0,0,0,0,0,0,0,0,5,29747,0,29959,0,0,0,0,5056947,5093067,0,0,0,0,0,1000,1000,6033998
MPCTASK: EXP,1,480,24001,14,-215,702,-111,320,27,419,-193,390,28,-50,700,-14,-84,700,702,702,1000,69,300,1,20,0,0,0,0,0,0,0,0,5,26788,0,27001,0,0,0,0,4553837,4590131,0,0,0,0,0,1000,1000,6033998
MPCTASK: EXP,1,482,24101,12,-202,702,-67,239,-5,261,-142,444,21,-38,700,5,-107,700,701,701,1019,69,300,1,20,0,0,0,0,0,0,0,0,5,25381,0,26121,0,0,0,0,4314648,4440555,0,0,0,0,0,1000,1000,6033998
MPCTASK: TRAJ DONE: idx=482, max=482; requesting landing
MPCTASK: LANDING: start z=0.70, hold=(0.01,-0.19)
MPCTASK: TIMING SUMMARY: max_step_cycles=6033998 deadline_cycles=8400000 overruns=0
