s up and running!
SYS: Build 2:de14ff9f08ae (2025.09.1 +2) MODIFIED
SYS: I am 0x373930393434471500370039 and I have 1024KB of flash!
CFGBLK: v1, verification [OK]
DECK_DISCOVERY: Backend found: onewire
DECK_DISCOVERY: Backend found: deckctrl
DECK_CORE: 1 deck(s) found
DECK_CORE: Calling INIT on driver bcFlow2 for deck 0
ZR2: Z-down sensor [OK]
PMW: Motion chip id: 0x49:0xB6
IMU: BMI088: Using I2C interface.
IMU: BMI088 Gyro connection [OK].
IMU: BMI088 Accel connection [OK]
IMU: BMP390 I2C connection [OK]
ESTIMATOR: Using Kalman (2) estimator
CONTROLLER: Using PID (1) controller
MTR-DRV: Using brushless motor driver
SYS: About to run tests in system.c.
SYS: NRF51 version: 2026.04 (C21B)
EEPROM: I2C connection [OK].
STORAGE: Storage check [OK].
IMU: BMI088 gyro self-test [OK]
DECK_CORE: Deck 0 test [OK].
SYS: Self test passed!
STAB: Wait for sensor calibration...
SYS: Free heap: 15048 bytes
MPCTASK: Waiting for activation ...
STAB: Starting stabilizer loop
STAB: WARNING: stabilizer loop rate is off (1004)
SUP: Ready to fly
MPCTASK: Benchmark mode 2, maneuver 4, max_iter 5, task_pri 0
MPCTASK: Reference altitude: 0.70 m; barrier skip when z>0.75 and vz>-0.20
MPCTASK: OOT takeoff: cfclient trigger>=0.15m ramp=0.15m/s forced_trajectory_start=2000ms timeout=12000ms
MPCTASK: Common baseline: mpc_hz=20 model_hz=20 rho=5 base_w=0 base_qz=1 Qz=100 R=4 bridge=x10 guards=z[ref,ref+0.20] xy=free cap=0.05
MPCTASK: MPC->PID: xyz=x10, z_guard=[ref,ref+0.20], yaw=raw_rz, output_hold=200ms, safety_hold=500ms
MPCTASK: Reference origin: xy=forced_3s_start z=0.70 m
MPCTASK: Fixed baseline: w=0 qz=1 adaptive_cache=off
MPCTASK: LIMO posthoc: infeasible=nominal_fallback
MPCTASK: EXP every=2: m,s,tms,p3[mm],v3[mmps],att3[cdeg],ref3[mm],cmd3[mm],h/raw/grad/mar/thr[milli],act/ac/bind,wi/qi/cache/noa,pa/pf/du[milli],it,mpc/eval/total[us],bar/tanh/rl/cache/solve/step[cycles],overruns,post_active/post_infeasible_totals,wreq/w/qzreq/qz[milli],max_step_cycles
MPCTASK: Figure8: source=traj_fig8_12.h source_hz=100 samples=1205 laps=2 duration=24.07 s origin=forced_3s_start z_offset=0.09 m
CONTROLLER: Using OutOfTree (6) controller
MPCTASK: Trajectory origin: x=0.01 y=0.0
MPCTASK: OOT activated at z=0.01
MPCTASK: TAKEOFF START: trigger_z=0.15 start_z=0.01 target=0.70 hold=(0.01,-0.0) ramp=0.15m/s
MPCTASK: OOT loop 1 done
MPCTASK: MPC task loop 1
MPCTASK: x0: pos=(0.01,-0.0,0.01)MPCTASK: OOT loop 2 done
 vel=(0.0,0.0,-0.0)
MPCTASK: OOT loop 3 done
MPCTASK: ref: (0.01,-0.0,0.01)
MPCTASK: MPC solve start
MPCTASK: MPC solve done, iter=5
MPCTASK: MPC time=24690 us
MPCTASK: MPC stack free=1081 words
MPCTASK: setpoint: x=0.01 y=-0.0 z=0.07 preview_z=0.07
MPCTASK: MPC task loop 2
MPCTASK: MPC task loop 3
MPCTASK: TAKEOFF COMPLETE: t=2000ms z=0.14 vz=0.21; trajectory queued origin=(0.0,-0.01)
MPCTASK: TRAJ START: z=0.14 origin=(0.0,-0.01) EXP clock reset
MPCTASK: EXP,2,2,85,13,-44,161,51,-316,249,-625,-20,-922,8,-18,700,-32,242,700,-538,-339,1008,72,72,1,1,0,0,0,0,0,1,1,0,5,21628,12928,35022,2197737,0,0,0,3676797,5953818,0,2,2,0,0,1000,1000,5953818
MPCTASK: EXP,2,4,181,23,-68,198,64,-120,490,-1297,342,-869,-2,0,700,3,334,700,-501,-138,1357,71,71,1,1,0,0,0,0,0,1,1,0,5,21068,10073,31221,1712308,0,0,0,3581481,5307550,0,4,4,0,0,1000,1000,5953818
MPCTASK: EXP,2,6,280,25,-64,257,4,240,749,-1741,587,-824,-37,67,700,31,455,700,-442,-395,1710,69,69,1,1,0,0,0,0,0,1,1,0,5,19472,10351,30364,1759677,0,0,0,3310218,5162011,0,6,6,0,0,1000,1000,5953818
MPCTASK: EXP,2,8,382,12,-21,341,-79,602,867,-1704,441,-920,-90,186,700,58,569,700,-358,-177,1169,69,69,1,1,0,0,0,0,0,1,1,0,5,19983,9913,29968,1685109,0,0,0,3397030,5094730,0,8,8,0,0,1000,1000,5953818
MPCTASK: EXP,2,10,484,9,59,426,-75,887,801,-1431,131,-821,-144,345,700,112,664,700,-273,-21,904,69,69,1,1,0,0,0,0,0,1,1,0,5,21578,10923,32685,1856964,0,0,0,3668082,5556574,0,10,10,0,0,1000,1000,5953818
MPCTASK: EXP,2,12,586,0,167,497,-54,1096,659,-942,-171,-741,-182,525,700,155,741,700,-202,106,697,69,69,1,1,0,0,0,0,0,1,1,0,5,24572,9957,34939,1692658,0,0,0,4177070,5939833,0,12,12,0,0,1000,1000,5953818
MPCTASK: EXP,2,14,683,2,278,553,13,1189,533,-429,-463,-589,-190,704,700,199,783,700,-146,14,513,69,69,1,1,0,0,0,0,0,1,1,0,5,19958,11522,31563,1958554,0,0,0,3392777,5365789,0,14,14,0,0,1000,1000,5953818
MPCTASK: EXP,2,16,784,15,397,602,114,1209,445,87,-586,-425,-159,864,700,237,804,700,-97,0,462,69,69,1,1,0,0,0,0,0,1,1,0,5,22626,9549,32248,1623230,0,0,0,3846325,5482146,0,16,16,0,0,1000,1000,5953818
MPCTASK: EXP,2,18,884,40,515,649,220,1149,377,641,-594,-292,-90,993,699,263,797,875,-50,-16,414,69,69,1,1,0,0,0,0,0,1,0,976,5,19951,10368,32672,1762390,0,0,0,3391657,5554373,0,18,16,0,0,1000,1000,5953818
MPCTASK: EXP,2,20,984,48,609,698,279,957,485,1099,-499,-260,9,1082,699,244,742,777,-1,62,533,69,69,1,1,0,0,0,0,0,1,0,402,5,23996,8123,32884,1380826,0,0,0,4079173,5590399,0,20,16,0,0,1000,1000,5953818
MPCTASK: EXP,2,22,1088,58,665,750,309,689,462,1439,-371,-253,128,1128,699,206,642,711,50,164,496,69,69,0,0,0,0,0,0,0,0,0,0,5,24174,12697,36946,2158280,0,0,0,4109537,6280821,0,21,16,0,0,1000,1000,6280821
MPCTASK: EXP,2,24,1182,91,714,790,341,473,249,1461,-104,-266,251,1130,699,169,568,714,90,-100,388,69,69,0,0,0,0,0,0,0,0,0,0,5,20935,9531,30538,1620318,0,0,0,3558888,5191666,0,21,16,0,0,1000,1000,6280821
MPCTASK: EXP,2,26,1287,125,737,795,319,250,8,1483,344,-270,361,1090,699,111,473,707,95,-100,423,69,69,0,0,0,0,0,0,0,0,0,0,5,21003,14835,35907,2521846,0,0,0,3570341,6104618,0,21,16,0,0,1000,1000,6280821
MPCTASK: EXP,2,28,1385,155,738,792,231,-10,-59,1501,653,-243,443,1014,700,45,353,704,80,40,644,69,69,0,0,0,0,0,0,0,0,0,0,5,26146,7626,33841,1296258,0,0,0,4444737,5753031,0,21,16,0,0,1000,1000,6280821
MPCTASK: EXP,2,30,1484,174,712,784,93,-288,-61,1477,858,-251,488,906,700,-26,213,702,72,121,683,69,69,0,0,0,0,0,0,0,0,0,0,5,21652,10688,32644,1816934,0,0,0,3680925,5549516,0,21,16,0,0,1000,1000,6280821
MPCTASK: EXP,2,32,1585,174,625,776,-78,-602,-57,1352,926,-287,487,771,700,-102,30,700,64,37,509,69,69,0,0,0,0,0,0,0,0,0,0,5,23303,9994,33366,1698954,0,0,0,3961425,5672422,0,21,16,0,0,1000,1000,6280821
MPCTASK: EXP,2,34,1690,167,537,768,-242,-840,-37,1074,864,-331,439,616,700,-157,-119,700,61,-12,327,69,69,0,0,0,0,0,0,0,0,0,0,5,22721,15669,38469,2663653,0,0,0,3862420,6539860,0,21,16,0,0,1000,1000,6539860
MPCTASK: EXP,2,36,1783,110,401,759,-439,-1058,-12,721,819,-385,349,444,700,-241,-287,700,56,-5,300,69,69,0,0,0,0,0,0,0,0,0,0,5,22036,9566,31672,1626283,0,0,0,3746073,5384565,0,21,16,0,0,1000,1000,6539860
MPCTASK: EXP,2,38,1886,43,288,757,-599,-1141,39,233,594,-441,224,261,700,-296,-392,700,57,5,254,69,69,0,0,0,0,0,0,0,0,0,0,5,22880,10727,33684,1823520,0,0,0,3889549,5726457,0,21,16,0,0,1000,1000,6539860
MPCTASK: EXP,2,40,1987,8,104,762,-656,-1225,89,-158,330,-614,77,73,700,-289,-548,701,62,-17,168,69,69,0,0,0,0,0,0,0,0,0,0,5,24981,10204,35298,1734652,0,0,0,4246633,6000792,0,21,16,0,0,1000,1000,6539860
MPCTASK: EXP,2,42,2085,-60,29,781,-697,-1110,145,-532,185,-784,-77,-116,700,-295,-564,709,81,-25,192,69,69,0,0,0,0,0,0,0,0,0,0,5,19553,12920,32541,2196362,0,0,0,3323857,5532115,0,21,16,0,0,1000,1000,6539860
MPCTASK: EXP,2,44,2185,-154,-28,802,-727,-956,142,-470,31,-1058,-225,-302,700,-311,-587,716,102,101,247,69,69,0,0,0,0,0,0,0,0,0,0,5,24994,7710,32773,1310514,0,0,0,4248885,5571445,0,21,16,0,0,1000,1000,6539860
MPCTASK: EXP,2,46,2288,-243,-51,814,-700,-847,52,117,-756,-1270,-350,-480,700,-263,-620,714,114,411,557,69,69,0,0,0,0,0,0,0,0,0,0,5,21633,14143,36133,2404225,0,0,0,3677493,6142688,0,21,16,0,0,1000,1000,6539860
MPCTASK: EXP,2,48,2387,-368,-50,824,-597,-847,11,567,-1722,-1331,-440,-647,700,-227,-638,715,124,-61,485,69,69,0,0,0,0,0,0,0,0,0,0,5,22497,11643,34212,1979367,0,0,0,3824409,5816126,0,21,16,0,0,1000,1000,6539860
MPCTASK: EXP,2,50,2484,-444,-101,836,-361,-956,-39,472,-2099,-1397,-486,-798,700,-163,-678,717,128,-261,829,69,69,0,0,0,0,0,0,0,0,0,0,5,19932,11909,31915,2024444,0,0,0,3388429,5425538,0,21,16,0,0,1000,1000,6539860
MPCTASK: EXP,2,52,2583,-487,-188,828,-80,-1053,-166,-74,-1965,-1240,-484,-929,700,-107,-702,710,94,-63,981,69,69,0,0,0,0,0,0,0,0,0,0,5,22021,8746,30836,1486680,0,0,0,3743429,5242153,0,21,16,0,0,1000,1000,6539860
MPCTASK: EXP,2,54,2688,-496,-234,798,224,-985,-217,-546,-1679,-887,-433,-1038,700,-34,-657,706,54,-341,1387,69,69,1,1,0,0,0,0,0,1,0,28,5,20525,11808,35840,2007128,0,0,0,3489230,6093015,0,22,16,0,0,1000,1000,6539860
MPCTASK: EXP,2,56,2788,-477,-294,766,515,-870,-191,-678,-1506,-491,-339,-1122,700,42,-618,700,28,-208,957,69,69,0,0,0,0,0,0,0,0,0,0,5,24886,9859,34882,1675954,0,0,0,4230418,5930057,0,23,16,0,0,1000,1000,6539860
MPCTASK: EXP,2,58,2892,-442,-323,749,750,-681,-95,-782,-1139,-173,-210,-1179,700,85,-543,775,30,-84,441,69,69,1,1,0,0,0,0,0,1,0,421,5,21998,14852,39225,2524766,0,0,0,3739561,6668331,0,24,16,0,0,1000,1000,6668331
MPCTASK: EXP,2,60,2990,-387,-337,747,909,-500,6,-590,-800,-11,-60,-1207,700,110,-469,700,47,-43,278,69,69,1,1,0,0,0,0,0,1,1,0,5,25946,11547,37565,1962868,0,0,0,4410665,6386142,0,26,18,0,0,1000,1000,6668331
MPCTASK: EXP,2,62,3084,-366,-287,753,943,-296,76,-529,-378,39,96,-1206,700,66,-333,700,53,-10,208,69,69,0,0,0,0,0,0,0,0,0,0,5,19810,11664,31673,1982813,0,0,0,3367665,5384373,0,27,19,0,0,1000,1000,6668331
MPCTASK: EXP,2,64,3191,-229,-275,764,1032,-185,84,-267,-131,26,244,-1176,700,127,-260,701,64,47,192,69,69,0,0,0,0,0,0,0,0,0,0,5,27882,10551,38502,1793541,0,0,0,4739862,6545454,0,27,19,0,0,1000,1000,6668331
MPCTASK: EXP,2,66,3289,-159,-253,773,986,-110,42,-230,449,28,370,-1118,700,73,-167,702,73,173,328,69,69,0,0,0,0,0,0,0,0,0,0,5,24964,11959,36996,2033046,0,0,0,4243753,6289303,0,27,19,0,0,1000,1000,6668331
MPCTASK: EXP,2,68,3383,-66,-202,786,864,14,34,-509,1097,162,460,-1033,700,22,-34,705,86,-26,312,69,69,0,0,0,0,0,0,0,0,0,0,5,22582,8266,30917,1405190,0,0,0,3838864,5256106,0,27,19,0,0,1000,1000,6668331
MPCTASK: EXP,2,70,3486,-54,-163,795,606,126,32,-560,1304,230,506,-923,700,-82,75,708,95,194,456,69,69,0,0,0,0,0,0,0,0,0,0,5,23035,10744,33851,1826511,0,0,0,3916001,5754784,0,27,19,0,0,1000,1000,6668331
MPCTASK: EXP,2,72,3583,-37,-130,795,322,238,-45,-647,1403,304,503,-790,700,-178,179,705,86,199,685,69,69,0,0,0,0,0,0,0,0,0,0,5,21241,8417,29887,1430807,0,0,0,3610909,5080851,0,27,19,0,0,1000,1000,6668331
MPCTASK: EXP,2,74,3689,-58,-86,787,39,357,-80,-746,1245,365,452,-638,700,-267,294,702,71,-19,485,69,69,0,0,0,0,0,0,0,0,0,0,5,24661,12024,36757,2044085,0,0,0,4192440,6249004,0,27,19,0,0,1000,1000,6668331
MPCTASK: EXP,2,76,3789,-143,-46,775,-263,481,-109,-825,1121,394,357,-472,700,-394,393,700,53,-92,410,69,69,0,0,0,0,0,0,0,0,0,0,5,25372,10436,36274,1774172,0,0,0,4313183,6166674,0,27,19,0,0,1000,1000,6668331
MPCTASK: EXP,2,78,3887,-234,5,757,-491,612,-89,-673,602,300,229,-294,700,-463,484,700,39,302,503,69,69,0,0,0,0,0,0,0,0,0,0,5,20102,14490,34914,2463220,0,0,0,3416948,5935483,0,27,19,0,0,1000,1000,6668331
MPCTASK: EXP,2,80,3982,-325,60,751,-595,698,3,-411,8,188,78,-109,700,-493,560,700,51,-21,212,69,69,0,0,0,0,0,0,0,0,0,0,5,19760,9958,29787,1692708,0,0,0,3359137,5063886,0,27,19,0,0,1000,1000,6668331
MPCTASK: EXP,2,82,4088,-418,136,754,-612,781,2,-548,-262,158,-78,77,700,-505,662,700,54,-6,231,69,69,0,0,0,0,0,0,0,0,0,0,5,22929,12739,36179,2165664,0,0,0,3897865,6150519,0,27,19,0,0,1000,1000,6668331
MPCTASK: EXP,2,84,4186,-494,213,769,-564,862,78,-428,-680,57,-227,262,700,-470,732,702,69,110,311,69,69,0,0,0,0,0,0,0,0,0,0,5,23744,10007,34059,1701115,0,0,0,4036250,5790121,0,27,19,0,0,1000,1000,6668331
MPCTASK: EXP,2,86,4287,-553,289,784,-419,881,64,-7,-1329,-155,-352,439,700,-380,766,706,84,75,444,69,69,0,0,0,0,0,0,0,0,0,0,5,21876,13174,35347,2239559,0,0,0,3718885,6009216,0,27,19,0,0,1000,1000,6668331
MPCTASK: EXP,2,88,4390,-589,363,805,-182,847,54,-25,-1774,-296,-442,606,700,-275,804,712,105,-62,533,69,69,0,0,0,0,0,0,0,0,0,0,5,24942,12018,37030,2042944,0,0,0,4240142,6295135,0,27,19,0,0,1000,1000,6668331
MPCTASK: EXP,2,90,4483,-594,417,807,112,788,-31,65,-1931,-523,-488,757,700,-154,799,709,101,-218,807,69,69,0,0,0,0,0,0,0,0,0,0,5,19820,10521,30864,1788489,0,0,0,3369226,5247002,0,27,19,0,0,1000,1000,6668331
MPCTASK: EXP,2,92,4591,-570,477,795,435,710,-115,149,-1965,-758,-485,889,700,-26,791,703,72,-249,1305,69,69,0,0,0,0,0,0,0,0,0,0,5,29132,9808,39012,1667345,0,0,0,4952329,6632181,0,27,19,0,0,1000,1000,6668331
MPCTASK: EXP,2,94,4688,-498,531,767,800,612,-147,168,-1730,-952,-434,998,700,115,772,700,38,-266,981,69,69,0,0,0,0,0,0,0,0,0,0,5,20290,14073,34715,2392366,0,0,0,3449125,5901871,0,27,19,0,0,1000,1000,6668331
MPCTASK: EXP,2,96,4788,-461,521,742,1014,442,-116,201,-1188,-948,-339,1083,700,120,646,790,19,-95,488,69,69,1,1,0,0,0,0,0,1,0,509,5,24949,8351,34840,1419477,0,0,0,4241402,5922786,0,28,19,0,0,1000,1000,6668331
MPCTASK: EXP,2,98,4887,-360,533,718,1196,358,-51,2,-660,-840,-211,1140,700,226,641,700,8,204,466,69,69,1,1,0,0,0,0,0,1,1,0,5,20008,13705,33785,2329823,0,0,0,3401205,5743479,0,30,21,0,0,1000,1000,6668331
MPCTASK: EXP,2,100,4985,-207,594,719,1300,369,95,207,-5,-715,-60,1169,700,294,628,700,19,106,302,69,69,1,1,0,0,0,0,0,1,1,0,5,24585,7420,32078,1261392,0,0,0,4179326,5453332,0,32,23,0,0,1000,1000,6668331
MPCTASK: EXP,2,102,5090,-66,561,738,1267,223,160,499,499,-548,96,1168,700,314,503,876,38,-31,224,69,69,1,1,0,0,0,0,0,1,0,895,5,22891,11473,36186,1950302,0,0,0,3891445,6151820,0,34,24,0,0,1000,1000,6668331
MPCTASK: EXP,2,104,5188,34,542,769,1100,99,200,504,1171,-408,244,1138,700,249,406,707,69,120,425,69,69,0,0,0,0,0,0,0,0,0,0,5,24963,8303,33335,1411403,0,0,0,4243554,5667011,0,34,24,0,0,1000,1000,6668331
MPCTASK: EXP,2,106,5288,104,542,796,840,28,158,439,1476,-246,370,1080,700,169,335,713,96,-27,364,69,69,0,0,0,0,0,0,0,0,0,0,5,18693,15061,33822,2560227,0,0,0,3177769,5749888,0,34,24,0,0,1000,1000,6668331
MPCTASK: EXP,2,108,5384,112,532,810,529,-59,11,650,1609,-125,460,995,700,39,242,711,110,140,581,69,69,0,0,0,0,0,0,0,0,0,0,5,24203,6070,30345,1031739,0,0,0,4114457,5158701,0,34,24,0,0,1000,1000,6668331
MPCTASK: EXP,2,110,5488,153,533,803,275,-154,-104,793,1554,-30,506,884,700,-33,156,705,82,-73,771,69,69,0,0,0,0,0,0,0,0,0,0,5,20826,13244,34145,2251316,0,0,0,3540245,5804623,0,34,24,0,0,1000,1000,6668331
MPCTASK: EXP,2,112,5589,140,492,786,-26,-333,-144,931,1438,25,503,752,700,-140,27,700,58,49,985,69,69,0,0,0,0,0,0,0,0,0,0,5,23966,10181,34218,1730690,0,0,0,4074002,5817047,0,34,24,0,0,1000,1000,6668331
MPCTASK: EXP,2,114,5688,123,451,768,-273,-511,-117,939,1163,81,452,600,700,-210,-92,700,45,-24,496,69,69,0,0,0,0,0,0,0,0,0,0,5,20033,12955,33499,2202335,0,0,0,3405441,5694931,0,34,24,0,0,1000,1000,6668331
MPCTASK: EXP,2,116,5784,108,365,757,-427,-719,-57,828,709,95,357,433,700,-227,-235,700,45,-30,302,69,69,0,0,0,0,0,0,0,0,0,0,5,21741,7934,29745,1348707,0,0,0,3695901,5056644,0,34,24,0,0,1000,1000,6668331
MPCTASK: EXP,2,118,5888,18,244,752,-589,-911,-2,641,439,43,229,255,700,-301,-391,700,51,-20,260,69,69,0,0,0,0,0,0,0,0,0,0,5,20671,12879,33631,2189267,0,0,0,3514053,5717398,0,34,24,0,0,1000,1000,6668331
MPCTASK: EXP,2,120,5986,23,181,755,-550,-964,44,503,137,-48,78,70,700,-236,-467,700,55,22,223,69,69,0,0,0,0,0,0,0,0,0,0,5,25051,6175,31295,1049774,0,0,0,4258470,5320281,0,34,24,0,0,1000,1000,6668331
MPCTASK: EXP,2,122,6087,-18,95,762,-549,-1016,43,301,90,-159,-78,-116,700,-224,-544,700,62,37,199,69,69,0,0,0,0,0,0,0,0,0,0,5,20362,12600,33031,2141945,0,0,0,3461430,5615421,0,34,24,0,0,1000,1000,6668331
MPCTASK: EXP,2,124,6189,-39,21,769,-515,-1006,34,103,41,-264,-227,-300,700,-178,-594,701,69,184,317,69,69,0,0,0,0,0,0,0,0,0,0,5,26155,8459,34685,1437928,0,0,0,4446265,5896536,0,34,24,0,0,1000,1000,6668331
MPCTASK: EXP,2,126,6288,-130,-74,775,-569,-1010,14,-52,-79,-320,-352,-478,700,-196,-651,702,75,33,170,69,69,0,0,0,0,0,0,0,0,0,0,5,21063,11333,32603,1926555,0,0,0,3580537,5542584,0,34,24,0,0,1000,1000,6668331
MPCTASK: EXP,2,128,6390,-165,-157,779,-506,-970,-3,-88,-429,-283,-442,-644,700,-135,-697,702,78,-18,204,69,69,0,0,0,0,0,0,0,0,0,0,5,23443,9120,32638,1550364,0,0,0,3985142,5548552,0,34,24,0,0,1000,1000,6668331
MPCTASK: EXP,2,130,6489,-194,-225,783,-388,-932,-69,61,-896,-103,-488,-795,700,-54,-725,701,69,19,327,69,69,0,0,0,0,0,0,0,0,0,0,5,21606,10669,32343,1813686,0,0,0,3672849,5498431,0,34,24,0,0,1000,1000,6668331
MPCTASK: EXP,2,132,6593,-213,-272,782,-191,-873,-85,23,-1332,83,-485,-927,700,32,-714,700,65,-56,563,69,69,0,0,0,0,0,0,0,0,0,0,5,24458,10265,34989,1745063,0,0,0,4157741,5948164,0,34,24,0,0,1000,1000,6668331
MPCTASK: EXP,2,134,6691,-160,-343,773,132,-844,-114,26,-1456,190,-434,-1037,700,171,-728,700,50,21,936,69,69,0,0,0,0,0,0,0,0,0,0,5,21722,11870,33662,2017792,0,0,0,3692629,5722688,0,34,24,0,0,1000,1000,6668331
MPCTASK: EXP,2,136,6790,-89,-385,751,442,-777,-155,-67,-1325,145,-339,-1121,700,290,-695,700,20,-145,815,69,69,0,0,0,0,0,0,0,0,0,0,5,23433,9769,33271,1660653,0,0,0,3983559,5656094,0,34,24,0,0,1000,1000,6668331
MPCTASK: EXP,2,138,6889,-44,-395,730,650,-655,-117,-179,-912,-23,-211,-1178,700,330,-623,700,7,-37,396,69,69,1,1,0,0,0,0,0,1,1,0,5,22359,9801,32303,1666105,0,0,0,3801001,5491514,0,36,25,0,0,1000,1000,6668331
MPCTASK: EXP,2,140,6988,17,-432,717,791,-583,11,-143,-562,-228,-60,-1207,700,360,-588,700,17,-33,256,69,69,1,1,0,0,0,0,0,1,1,0,5,23085,7617,30773,1294688,0,0,0,3924445,5231587,0,38,27,0,0,1000,1000,6668331
MPCTASK: EXP,2,142,7091,115,-482,718,887,-547,70,-207,-119,-434,96,-1206,700,383,-558,700,18,41,248,69,69,1,1,0,0,0,0,0,1,1,0,5,21053,11913,33044,2025190,0,0,0,3578917,5617573,0,40,29,0,0,1000,1000,6668331
MPCTASK: EXP,2,144,7191,187,-513,726,844,-458,84,-458,496,-561,244,-1177,700,339,-486,700,26,-12,242,69,69,1,1,0,0,0,0,0,1,1,0,5,23366,10015,33461,1702488,0,0,0,3971994,5688455,0,42,31,0,0,1000,1000,6668331
MPCTASK: EXP,2,146,7288,250,-536,747,702,-329,118,-701,1017,-585,370,-1118,700,265,-401,824,47,-62,284,69,69,1,1,0,0,0,0,0,1,0,633,5,18213,11505,31390,1955687,0,0,0,3096253,5336401,0,44,32,0,0,1000,1000,6668331
MPCTASK: EXP,2,148,7390,303,-553,765,509,-169,107,-906,1395,-538,460,-1033,700,184,-306,702,65,-74,352,69,69,0,0,0,0,0,0,0,0,0,0,5,23686,9076,32830,1542840,0,0,0,4026445,5581183,0,44,32,0,0,1000,1000,6668331
MPCTASK: EXP,2,150,7491,328,-561,779,263,15,43,-1091,1607,-454,506,-923,700,88,-202,704,79,126,505,69,69,0,0,0,0,0,0,0,0,0,0,5,22340,10913,33821,1855270,0,0,0,3797714,5749736,0,44,32,0,0,1000,1000,6668331
MPCTASK: EXP,2,152,7589,340,-546,774,21,221,-90,-1213,1639,-326,503,-790,700,5,-85,700,56,70,861,69,69,0,0,0,0,0,0,0,0,0,0,5,20283,11231,31583,1909170,0,0,0,3448053,5369423,0,44,32,0,0,1000,1000,6668331
MPCTASK: EXP,2,154,7691,329,-508,762,-238,452,-147,-1277,1552,-193,452,-638,700,-76,46,700,32,-100,904,69,69,0,0,0,0,0,0,0,0,0,0,5,21264,12523,33857,2128966,0,0,0,3614897,5755901,0,44,32,0,0,1000,1000,6668331
MPCTASK: EXP,2,156,7795,272,-445,746,-515,701,-125,-1185,1247,-118,357,-472,700,-164,185,784,21,-101,483,69,69,1,1,0,0,0,0,0,1,0,474,5,23795,11898,37589,2022653,0,0,0,4045137,6390215,0,45,32,0,0,1000,1000,6668331
MPCTASK: EXP,2,158,7890,203,-378,733,-715,900,-51,-942,766,-81,229,-294,700,-218,299,700,23,-16,363,69,69,1,1,0,0,0,0,0,1,1,0,5,20883,11754,33074,1998242,0,0,0,3550177,5622710,0,47,34,0,0,1000,1000,6668331
MPCTASK: EXP,2,160,7988,119,-283,734,-825,1050,33,-619,313,-21,78,-109,700,-248,410,700,34,-10,270,69,69,1,1,0,0,0,0,0,1,1,0,5,22233,8062,30730,1370546,0,0,0,3779474,5224169,0,49,36,0,0,1000,1000,6668331
MPCTASK: EXP,2,162,8087,60,-178,741,-815,1118,62,-280,-111,72,-78,77,700,-219,500,700,41,-20,186,69,69,1,1,0,0,0,0,0,1,1,0,5,18134,11571,29778,1966935,0,0,0,3082737,5062287,0,51,38,0,0,1000,1000,6668331
MPCTASK: EXP,2,164,8192,-4,-53,754,-759,1154,59,-44,-421,162,-227,262,700,-185,593,700,54,23,210,69,69,0,0,0,0,0,0,0,0,0,0,5,25356,9125,34551,1551274,0,0,0,4310349,5873839,0,52,39,0,0,1000,1000,6668331
MPCTASK: EXP,2,166,8291,-52,36,760,-649,1105,-22,113,-614,211,-352,439,700,-127,642,700,56,39,261,69,69,0,0,0,0,0,0,0,0,0,0,5,20813,12554,33437,2134120,0,0,0,3538093,5684490,0,52,39,0,0,1000,1000,6668331
MPCTASK: EXP,2,168,8391,-36,205,760,-457,1179,-79,-44,-624,272,-442,606,700,-24,781,700,44,106,323,69,69,0,0,0,0,0,0,0,0,0,0,5,24008,9545,33623,1622559,0,0,0,4081173,5715937,0,52,39,0,0,1000,1000,6668331
MPCTASK: EXP,2,170,8488,-60,277,748,-323,1112,-85,206,-775,157,-488,757,700,50,779,700,31,55,364,69,69,1,1,0,0,0,0,0,1,1,0,5,20426,9922,30663,1686682,0,0,0,3472335,5212909,0,53,40,0,0,1000,1000,6668331
MPCTASK: EXP,2,172,8593,-68,369,744,-133,1035,-47,330,-1152,-72,-485,889,700,112,769,802,34,-80,398,69,69,1,1,0,0,0,0,0,1,0,583,5,24091,9867,35869,1677313,0,0,0,4095381,6097856,0,55,41,0,0,1000,1000,6668331
MPCTASK: EXP,2,174,8691,-63,424,743,89,891,10,499,-1179,-403,-434,998,700,72,605,860,43,-91,358,69,69,1,1,0,0,0,0,0,1,0,1035,5,20609,11622,33739,1975551,0,0,0,3503426,5735636,0,57,41,0,0,1000,1000,6668331
MPCTASK: EXP,2,176,8792,-33,487,748,284,697,115,1096,-792,-720,-339,1082,700,248,667,758,48,74,410,69,69,1,1,0,0,0,0,0,1,0,298,5,23449,9776,35014,1661825,0,0,0,3986257,5952443,0,59,41,0,0,1000,1000,6668331
MPCTASK: EXP,2,178,8885,26,522,763,403,433,120,1251,-606,-862,-210,1140,700,297,582,702,63,-54,343,69,69,0,0,0,0,0,0,0,0,0,0,5,19384,8617,28347,1464673,0,0,0,3295233,4819214,0,59,41,0,0,1000,1000,6668331
MPCTASK: EXP,2,180,8989,6,463,762,372,115,-34,796,-452,-768,-60,1169,700,232,443,700,55,212,445,69,69,0,0,0,0,0,0,0,0,0,0,5,22201,9493,31770,1613707,0,0,0,3774009,5401057,0,59,41,0,0,1000,1000,6668331
MPCTASK: EXP,2,182,9092,69,405,739,457,-64,-149,207,-222,-639,96,1168,700,240,335,700,9,66,300,69,69,1,1,0,0,0,0,0,1,1,0,5,23013,11426,34512,1942280,0,0,0,3912109,5867140,0,60,42,0,0,1000,1000,6668331
MPCTASK: EXP,2,184,9187,187,400,717,552,-72,-89,-32,208,-550,244,1139,700,274,287,700,0,83,317,69,69,1,1,0,0,0,0,0,1,1,0,5,21392,7198,28663,1223665,0,0,0,3636605,4872880,0,62,44,0,0,1000,1000,6668331
MPCTASK: EXP,2,186,9293,199,348,718,411,-137,16,103,690,-450,369,1081,700,169,174,700,18,-32,277,69,69,1,1,0,0,0,0,0,1,1,0,5,22808,11804,34924,2006516,0,0,0,3877277,5937136,0,64,46,0,0,1000,1000,6668331
MPCTASK: EXP,2,188,9393,223,266,729,264,-231,53,60,866,-373,459,996,700,91,41,700,29,12,307,69,69,1,1,0,0,0,0,0,1,1,0,5,23371,11527,34973,1959482,0,0,0,3973073,5945473,0,66,48,0,0,1000,1000,6668331
MPCTASK: EXP,2,190,9491,256,237,738,140,-237,29,91,1104,-310,505,886,700,31,-37,878,38,-48,345,69,69,1,1,0,0,0,0,0,1,0,932,5,20420,10689,32923,1817007,0,0,0,3471389,5597087,0,68,49,0,0,1000,1000,6668331
MPCTASK: EXP,2,192,9592,271,215,745,-45,-257,33,316,1268,-242,501,754,700,-39,-120,767,45,25,420,69,69,1,1,0,0,0,0,0,1,0,363,5,22722,9634,33435,1637611,0,0,0,3862637,5683972,0,70,49,0,0,1000,1000,6668331
MPCTASK: EXP,2,194,9691,241,187,759,-317,-333,125,577,1164,-162,450,602,700,-133,-220,701,59,17,331,69,69,0,0,0,0,0,0,0,0,0,0,5,20201,11804,32077,2006706,0,0,0,3434093,5453242,0,70,49,0,0,1000,1000,6668331
MPCTASK: EXP,2,196,9793,195,150,763,-492,-428,-21,732,1024,-96,355,436,700,-200,-319,700,59,162,424,69,69,0,0,0,0,0,0,0,0,0,0,5,24217,9727,34022,1653533,0,0,0,4116829,5783735,0,70,49,0,0,1000,1000,6668331
MPCTASK: EXP,2,198,9892,145,109,755,-630,-529,-115,716,887,2,227,257,700,-242,-404,700,32,73,433,69,69,0,0,0,0,0,0,0,0,0,0,5,20892,11248,32905,1912163,0,0,0,3551589,5593878,0,70,49,0,0,1000,1000,6668331
MPCTASK: EXP,2,200,9993,72,50,737,-770,-658,-151,723,645,199,78,71,700,-280,-504,700,7,-35,344,69,69,1,1,0,0,0,0,0,1,1,0,5,20015,13177,33265,2239932,0,0,0,3402573,5655151,0,72,50,0,0,1000,1000,6668331
MPCTASK: EXP,2,202,10094,-7,-18,726,-853,-789,-24,598,269,348,-77,-117,700,-298,-594,700,22,6,277,69,69,1,1,0,0,0,0,0,1,1,0,5,22973,12144,35190,2064397,0,0,0,3905277,5982324,0,74,52,0,0,1000,1000,6668331
MPCTASK: EXP,2,204,10193,-90,-80,727,-852,-867,0,635,-262,505,-223,-304,700,-275,-664,700,27,63,332,69,69,1,1,0,0,0,0,0,1,1,0,5,22668,11178,34208,1900244,0,0,0,3853397,5815349,0,76,54,0,0,1000,1000,6668331
MPCTASK: EXP,2,206,10295,-143,-138,730,-737,-921,-5,651,-752,585,-345,-486,700,-213,-708,700,29,-52,287,69,69,1,1,0,0,0,0,0,1,1,0,5,22674,12126,34880,2061483,0,0,0,3854549,5929641,0,78,56,0,0,1000,1000,6668331
MPCTASK: EXP,2,208,10395,-192,-223,739,-522,-982,-1,566,-1155,540,-431,-657,700,-135,-754,812,39,-63,378,69,69,1,1,0,0,0,0,0,1,0,605,5,23022,10483,34728,1782084,0,0,0,3913553,5903923,0,80,57,0,0,1000,1000,6668331
MPCTASK: EXP,2,210,10495,-211,-317,741,-274,-1027,-27,314,-1372,410,-474,-812,700,-52,-781,747,35,-74,514,69,69,1,1,0,0,0,0,0,1,0,283,5,22051,11524,34525,1959082,0,0,0,3748553,5869407,0,82,57,0,0,1000,1000,6668331
MPCTASK: EXP,2,212,10598,-212,-407,742,-1,-1026,19,16,-1352,222,-469,-947,700,21,-781,769,42,-105,424,69,69,1,1,0,0,0,0,0,1,0,380,5,24156,9707,37513,1650267,0,0,0,4106461,6377400,0,84,57,0,0,1000,1000,6668331
MPCTASK: EXP,2,214,10695,-181,-484,736,259,-958,0,-377,-1146,14,-418,-1055,700,88,-740,700,36,-91,368,69,69,1,1,0,0,0,0,0,1,1,0,5,22596,11069,33738,1881713,0,0,0,3841193,5735553,0,86,58,0,0,1000,1000,6668331
MPCTASK: EXP,2,216,10792,-142,-547,735,448,-822,29,-708,-752,-160,-329,-1134,699,120,-672,699,35,-36,279,69,69,1,1,0,0,0,0,0,1,1,0,5,19001,11612,30684,1973986,0,0,0,3230025,5216507,0,88,60,0,0,1000,1000,6668331
MPCTASK: EXP,2,218,10896,-69,-605,733,577,-659,-16,-998,-254,-267,-213,-1177,699,145,-597,699,30,59,411,69,69,1,1,0,0,0,0,0,1,1,0,5,24018,10740,34833,1825489,0,0,0,4083089,5921617,0,90,62,0,0,1000,1000,6668331
MPCTASK: EXP,2,220,11000,7,-631,732,615,-428,-33,-1219,256,-303,-84,-1180,699,32,-617,826,25,-11,468,69,69,1,1,0,0,0,0,0,1,0,696,5,23812,13500,39333,2294943,0,0,0,4047913,6686763,0,92,63,0,0,1000,1000,6686763
MPCTASK: EXP,2,222,11101,78,-645,733,552,-177,6,-1184,853,-245,40,-1142,699,124,-427,745,33,218,613,69,69,1,1,0,0,0,0,0,1,0,275,5,26866,10257,38724,1743534,0,0,0,4567145,6583115,0,94,63,0,0,1000,1000,6686763
MPCTASK: EXP,2,224,11201,131,-634,744,378,68,112,-1091,1046,-239,145,-1062,699,113,-358,808,44,3,328,69,69,1,1,0,0,0,0,0,1,0,559,5,24974,11879,38851,2019448,0,0,0,4245369,6604666,0,96,63,0,0,1000,1000,6686763
MPCTASK: EXP,2,226,11295,154,-596,757,180,285,171,-806,1037,-212,219,-943,700,92,-312,703,57,-27,295,69,69,0,0,0,0,0,0,0,0,0,0,5,23805,9067,32943,1541405,0,0,0,4046773,5600267,0,96,63,0,0,1000,1000,6686763
MPCTASK: EXP,2,228,11397,154,-547,769,27,420,50,-549,822,-144,253,-791,700,69,-271,702,69,25,257,69,69,0,0,0,0,0,0,0,0,0,0,5,23268,10976,35487,1865767,0,0,0,3955533,6032845,0,96,63,0,0,1000,1000,6686763
MPCTASK: EXP,2,230,11496,146,-490,763,-90,509,-91,-339,641,-8,246,-618,700,49,-225,700,45,-7,264,69,69,0,0,0,0,0,0,0,0,0,0,5,22316,10882,33268,1849773,0,0,0,3793669,5655697,0,96,63,0,0,1000,1000,6686763
MPCTASK: EXP,2,232,11597,116,-438,751,-200,544,-113,-50,368,111,205,-439,700,16,-185,700,29,-4,255,69,69,0,0,0,0,0,0,0,0,0,0,5,23028,11475,34572,1950673,0,0,0,3914613,5877374,0,96,63,0,0,1000,1000,6686763
MPCTASK: EXP,2,234,11698,94,-382,740,-238,535,-85,171,56,211,143,-274,700,-39,-152,700,23,63,253,69,69,1,1,0,0,0,0,0,1,0,1042,5,21285,10856,35596,1845430,0,0,0,3618321,6051512,0,98,63,0,0,1000,1000,6686763
MPCTASK: EXP,2,236,11795,73,-329,737,-234,508,-40,278,-68,267,80,-141,700,-45,-26,700,29,182,364,69,69,1,1,0,0,0,0,0,1,1,0,5,21887,10897,32859,1852368,0,0,0,3720633,5586127,0,100,65,0,0,1000,1000,6686763
MPCTASK: EXP,2,238,11898,58,-295,735,-208,442,-39,146,-88,290,32,-57,700,-111,52,700,27,86,264,69,69,1,1,0,0,0,0,0,1,0,1018,5,21975,12148,35592,2065218,0,0,0,3735618,6050737,0,102,66,0,0,1000,1000,6686763
MPCTASK: EXP,2,240,11992,62,-276,731,-163,406,-48,-199,2,297,11,-22,700,-91,182,700,21,0,222,69,69,1,1,0,0,0,0,0,1,1,0,5,20215,9681,29971,1645726,0,0,0,3436513,5095201,0,104,67,0,0,1000,1000,6686763
MPCTASK: EXP,2,242,12099,53,-252,724,-174,442,-61,-630,220,298,8,-19,700,-97,288,700,12,-23,300,69,69,1,1,0,0,0,0,0,1,1,0,5,22986,13629,36687,2316827,0,0,0,3907505,6236981,0,106,69,0,0,1000,1000,6686763
MPCTASK: EXP,2,244,12196,39,-220,723,-217,559,-38,-1038,259,285,4,-11,700,24,281,853,15,40,427,69,69,1,1,0,0,0,0,0,1,0,836,5,22143,9487,33867,1612619,0,0,0,3764309,5757389,0,108,70,0,0,1000,1000,6686763
MPCTASK: EXP,2,246,12295,19,-137,725,-257,780,15,-1114,83,248,-20,34,700,-34,499,700,25,-71,375,69,69,1,1,0,0,0,0,0,1,1,0,5,23091,9559,32725,1624918,0,0,0,3925386,5563341,0,110,71,0,0,1000,1000,6686763
MPCTASK: EXP,2,248,12394,-10,-55,733,-247,952,111,-699,-339,166,-67,133,700,19,575,700,33,-35,247,69,69,1,1,0,0,0,0,0,1,1,0,5,21750,9561,31895,1625207,0,0,0,3697477,5422259,0,112,72,0,0,1000,1000,6686763
MPCTASK: EXP,2,250,12499,-15,51,744,-154,1064,112,-467,-545,185,-123,278,700,92,655,700,44,61,253,69,69,1,1,0,0,0,0,0,1,1,0,5,23883,12943,36902,2200277,0,0,0,4060025,6273366,0,114,74,0,0,1000,1000,6686763
MPCTASK: EXP,2,252,12594,-20,178,746,-62,1139,-16,-123,-546,230,-170,452,700,146,724,700,43,24,255,69,69,1,1,0,0,0,0,0,1,1,0,5,20881,10159,31424,1727088,0,0,0,3549849,5342067,0,116,76,0,0,1000,1000,6686763
MPCTASK: EXP,2,254,12699,-21,316,744,30,1176,-75,136,-624,249,-191,633,700,192,789,700,29,-30,270,69,69,1,1,0,0,0,0,0,1,1,0,5,20925,14958,35955,2542671,0,0,0,3557133,6112453,0,118,78,0,0,1000,1000,6686763
MPCTASK: EXP,2,256,12795,-24,411,737,123,1093,-87,589,-693,200,-176,803,700,224,772,700,20,-40,292,69,69,1,1,0,0,0,0,0,1,1,0,5,22326,10005,32412,1700881,0,0,0,3795220,5510112,0,120,80,0,0,1000,1000,6686763
MPCTASK: EXP,2,258,12895,60,474,741,346,913,-43,874,-788,80,-122,946,699,329,711,699,32,-34,319,69,69,1,1,0,0,0,0,0,1,1,0,5,21975,11085,33139,1884383,0,0,0,3735697,5633818,0,122,82,0,0,1000,1000,6686763
MPCTASK: EXP,2,260,12998,93,536,737,445,703,-50,1116,-531,-165,-33,1051,699,336,641,799,27,-13,426,69,69,1,1,0,0,0,0,0,1,0,552,5,22333,10519,36190,1788080,0,0,0,3796610,6152408,0,124,83,0,0,1000,1000,6686763
MPCTASK: EXP,2,262,13099,138,553,731,506,441,-60,1142,-300,-313,79,1115,699,329,536,786,18,-5,481,69,69,1,1,0,0,0,0,0,1,0,495,5,24385,10471,36658,1779945,0,0,0,4145397,6231963,0,126,83,0,0,1000,1000,6686763
MPCTASK: EXP,2,264,13191,222,538,722,567,158,2,1072,52,-393,202,1134,699,335,404,699,22,-83,365,69,69,1,1,0,0,0,0,0,1,1,0,5,19646,9243,28962,1571162,0,0,0,3339810,4923620,0,128,85,0,0,1000,1000,6686763
MPCTASK: EXP,2,266,13299,268,500,716,503,-77,-22,877,473,-384,319,1111,699,276,275,699,12,-63,319,69,69,1,1,0,0,0,0,0,1,1,0,5,26193,10445,36711,1775549,0,0,0,4452793,6240988,0,130,87,0,0,1000,1000,6686763
MPCTASK: EXP,2,268,13394,290,448,709,348,-260,-55,622,874,-308,414,1049,699,178,154,699,-1,-67,350,69,69,1,1,0,0,0,0,0,1,1,0,5,21900,9981,32213,1696800,0,0,0,3722817,5476266,0,132,89,0,0,1000,1000,6686763
MPCTASK: EXP,2,270,13498,292,395,705,136,-377,-40,437,1094,-202,475,953,700,71,42,816,-2,129,563,69,69,1,1,0,0,0,0,0,1,0,679,5,21896,10659,35717,1812025,0,0,0,3722217,6071863,0,134,90,0,0,1000,1000,6686763
MPCTASK: EXP,2,272,13595,254,338,704,-127,-470,14,382,1145,-104,493,828,700,-57,-67,700,4,106,492,69,69,1,1,0,0,0,0,0,1,1,0,5,23826,8023,32157,1363923,0,0,0,4050337,5466810,0,136,91,0,0,1000,1000,6686763
MPCTASK: EXP,2,274,13698,209,276,713,-361,-555,113,393,955,-31,464,680,700,-157,-182,700,13,94,376,69,69,1,1,0,0,0,0,0,1,1,0,5,23886,11891,35850,2021425,0,0,0,4060558,6094629,0,138,93,0,0,1000,1000,6686763
MPCTASK: EXP,2,276,13799,152,220,720,-523,-623,39,470,803,35,390,514,700,-236,-283,700,20,190,431,69,69,1,1,0,0,0,0,0,1,1,0,5,24265,11394,36173,1937010,0,0,0,4124954,6149532,0,140,95,0,0,1000,1000,6686763
MPCTASK: EXP,2,278,13897,83,154,724,-653,-703,-2,485,590,109,277,335,700,-291,-386,700,23,43,288,69,69,1,1,0,0,0,0,0,1,1,0,5,23152,11025,34249,1874044,0,0,0,3935729,5822437,0,142,97,0,0,1000,1000,6686763
MPCTASK: EXP,2,280,13998,7,91,721,-739,-775,-31,507,286,175,137,148,700,-320,-476,700,15,-14,260,69,69,1,1,0,0,0,0,0,1,1,0,5,23034,11803,35216,2006355,0,0,0,3915677,5986818,0,144,99,0,0,1000,1000,6686763
MPCTASK: EXP,2,282,14094,-52,68,719,-735,-787,-21,580,-46,220,-16,-40,700,-304,-523,700,14,2,278,69,69,1,1,0,0,0,0,0,1,1,0,5,20918,11338,32330,1927408,0,0,0,3556109,5496173,0,146,101,0,0,1000,1000,6686763
MPCTASK: EXP,2,284,14195,-114,-3,723,-698,-879,5,663,-385,211,-168,-228,700,-269,-611,700,23,-5,275,69,69,1,1,0,0,0,0,0,1,1,0,5,23080,9530,32913,1619929,0,0,0,3923489,5595391,0,148,103,0,0,1000,1000,6686763
MPCTASK: EXP,2,286,14297,-170,-88,725,-571,-966,-13,560,-729,176,-303,-410,700,-205,-690,700,22,63,328,69,69,1,1,0,0,0,0,0,1,1,0,5,21622,12999,34695,2209758,0,0,0,3675748,5898158,0,150,105,0,0,1000,1000,6686763
MPCTASK: EXP,2,288,14398,-213,-187,728,-422,-1039,-23,379,-946,114,-409,-582,700,-137,-764,700,23,102,414,69,69,1,1,0,0,0,0,0,1,1,0,5,22822,12700,35596,2158863,0,0,0,3879713,6051387,0,152,107,0,0,1000,1000,6686763
MPCTASK: EXP,2,290,14500,-240,-294,723,-239,-1084,-59,144,-1119,41,-473,-739,700,-54,-824,827,11,-55,442,69,69,1,1,0,0,0,0,0,1,0,710,5,20739,16094,37778,2735929,0,0,0,3525599,6422315,0,154,108,0,0,1000,1000,6686763
MPCTASK: EXP,2,292,14597,-246,-377,715,-38,-1066,-57,-92,-1181,-46,-491,-879,700,28,-844,803,3,-33,505,69,69,1,1,0,0,0,0,0,1,0,604,5,21899,9540,34488,1621664,0,0,0,3722769,5863032,0,156,108,0,0,1000,1000,6686763
MPCTASK: EXP,2,294,14698,-240,-464,715,190,-1004,60,-311,-1168,-167,-459,-997,700,109,-852,700,15,117,459,69,69,1,1,0,0,0,0,0,1,1,0,5,21306,12555,33933,2134285,0,0,0,3621953,5768719,0,158,109,0,0,1000,1000,6686763
MPCTASK: EXP,2,296,14797,-202,-540,723,413,-915,114,-397,-1032,-290,-381,-1091,700,188,-844,700,23,81,374,69,69,1,1,0,0,0,0,0,1,1,0,5,23854,9308,33235,1582331,0,0,0,4055065,5650063,0,160,111,0,0,1000,1000,6686763
MPCTASK: EXP,2,298,14898,-157,-606,731,556,-816,27,-586,-747,-365,-265,-1159,700,225,-810,700,31,-51,273,69,69,1,1,0,0,0,0,0,1,1,0,5,24491,10037,34600,1706201,0,0,0,4163437,5882135,0,162,113,0,0,1000,1000,6686763
MPCTASK: EXP,2,300,14998,-95,-660,732,656,-673,-37,-832,-359,-379,-122,-1199,700,245,-752,700,24,-33,305,69,69,1,1,0,0,0,0,0,1,1,0,5,23180,10588,33917,1799740,0,0,0,3940549,5765966,0,164,115,0,0,1000,1000,6686763
MPCTASK: EXP,2,302,15099,-41,-700,732,683,-496,-38,-936,-68,-377,33,-1210,700,235,-679,700,24,11,360,69,69,1,1,0,0,0,0,0,1,1,0,5,22930,11348,34591,1929096,0,0,0,3898053,5880518,0,166,117,0,0,1000,1000,6686763
MPCTASK: EXP,2,304,15197,16,-719,728,673,-299,-47,-964,183,-363,187,-1192,700,211,-588,700,18,4,383,69,69,1,1,0,0,0,0,0,1,1,0,5,23103,9766,32941,1660279,0,0,0,3927337,5600115,0,168,118,0,0,1000,1000,6686763
MPCTASK: EXP,2,306,15299,69,-720,729,603,-91,37,-900,544,-312,323,-1145,700,159,-483,700,29,103,369,69,69,1,1,0,0,0,0,0,1,1,0,5,24141,10768,34983,1830414,0,0,0,4103873,5947246,0,170,120,0,0,1000,1000,6686763
MPCTASK: EXP,2,308,15401,110,-704,731,483,92,-8,-931,800,-234,429,-1070,700,91,-370,700,29,45,355,69,69,1,1,0,0,0,0,0,1,1,0,5,24019,11928,36020,2027731,0,0,0,4083101,6123489,0,172,122,0,0,1000,1000,6686763
MPCTASK: EXP,2,310,15502,133,-679,731,316,266,-47,-1005,1028,-111,493,-969,700,28,-271,835,21,126,457,69,69,1,1,0,0,0,0,0,1,0,738,5,24668,11898,37254,2022637,0,0,0,4193509,6333258,0,174,123,0,0,1000,1000,6686763
MPCTASK: EXP,2,312,15597,155,-638,728,132,454,-46,-1051,1116,42,510,-845,700,-60,-123,797,19,150,524,69,69,1,1,0,0,0,0,0,1,0,550,5,22992,7600,32871,1291848,0,0,0,3908625,5588052,0,176,123,0,0,1000,1000,6686763
MPCTASK: EXP,2,314,15700,141,-574,728,-103,662,48,-994,1073,158,478,-701,700,-147,16,700,28,103,401,69,69,1,1,0,0,0,0,0,1,1,0,5,23625,12365,36137,2102071,0,0,0,4016053,6143358,0,178,124,0,0,1000,1000,6686763
MPCTASK: EXP,2,316,15802,101,-499,736,-314,829,135,-640,693,199,400,-540,700,-204,128,833,36,105,344,69,69,1,1,0,0,0,0,0,1,0,690,5,23813,11641,36677,1978874,0,0,0,4048106,6235163,0,180,124,0,0,1000,1000,6686763
MPCTASK: EXP,2,318,15903,50,-418,744,-417,903,149,-200,168,225,283,-366,700,129,-138,900,44,-10,178,69,69,1,1,0,0,0,0,0,1,0,1211,5,26640,9306,37235,1581954,0,0,0,4528718,6330130,0,182,124,0,0,1000,1000,6686763
MPCTASK: EXP,2,320,15999,-5,-334,762,-430,908,210,110,-293,279,140,-183,700,-204,277,705,62,412,463,69,69,0,0,0,0,0,0,0,0,0,0,5,23082,11048,34204,1877980,0,0,0,3923841,5814766,0,182,124,0,0,1000,1000,6686763
MPCTASK: EXP,2,322,16099,-43,-254,791,-336,844,179,413,-809,257,-15,2,700,-150,334,712,91,-9,246,69,69,0,0,0,0,0,0,0,0,0,0,5,24009,9688,33769,1646809,0,0,0,4081549,5740878,0,182,124,0,0,1000,1000,6686763
MPCTASK: EXP,2,324,16198,-56,-190,803,-231,796,-47,-255,-381,279,-169,189,700,-114,422,708,94,227,346,69,69,0,0,0,0,0,0,0,0,0,0,5,20015,11664,32021,1982751,0,0,0,3402449,5443712,0,182,124,0,0,1000,1000,6686763
MPCTASK: EXP,2,326,16304,-58,-136,786,-176,832,-202,-693,-102,340,-305,370,700,-62,492,719,45,159,699,69,69,1,1,0,0,0,0,0,1,0,106,5,27010,10602,38670,1802232,0,0,0,4591677,6573898,0,183,124,0,0,1000,1000,6686763
MPCTASK: EXP,2,328,16400,-58,-74,768,-139,916,-188,-668,-217,359,-411,541,700,6,549,700,30,58,476,69,69,0,0,0,0,0,0,0,0,0,0,5,22398,11761,34228,1999326,0,0,0,3807618,5818871,0,184,124,0,0,1000,1000,6686763
MPCTASK: EXP,2,330,16500,-69,0,750,-88,995,-136,-499,-425,365,-475,699,700,67,600,700,23,117,356,69,69,0,0,0,0,0,0,0,0,0,0,5,25732,9467,35276,1609182,0,0,0,4374381,5996952,0,184,124,0,0,1000,1000,6686763
MPCTASK: EXP,2,332,16600,-65,95,741,8,1064,-95,-334,-625,378,-492,839,700,139,656,700,22,71,326,69,69,1,1,0,0,0,0,0,1,1,0,5,23588,10349,34011,1759300,0,0,0,4009981,5781937,0,186,126,0,0,1000,1000,6686763
MPCTASK: EXP,2,334,16702,-40,200,733,140,1106,-101,-115,-647,486,-460,957,700,207,701,700,12,-24,294,69,69,1,1,0,0,0,0,0,1,1,0,5,25400,10654,36127,1811085,0,0,0,4317873,6141605,0,188,128,0,0,1000,1000,6686763
MPCTASK: EXP,2,336,16802,-9,289,723,250,1076,-94,215,-489,578,-382,1052,700,254,702,700,4,60,313,69,69,1,1,0,0,0,0,0,1,1,0,5,24571,11739,36814,1995494,0,0,0,4176973,6258422,0,190,130,0,0,1000,1000,6686763
MPCTASK: EXP,2,338,16900,26,413,718,345,1047,-69,579,-411,581,-265,1120,700,286,719,700,5,-35,281,69,69,1,1,0,0,0,0,0,1,1,0,5,25214,9544,34832,1622434,0,0,0,4286205,5921594,0,192,132,0,0,1000,1000,6686763
MPCTASK: EXP,2,340,17001,63,504,717,418,908,-33,975,-315,505,-122,1161,700,299,679,700,11,-60,352,69,69,1,1,0,0,0,0,0,1,1,0,5,23658,11496,35227,1953420,0,0,0,4021733,5988665,0,194,134,0,0,1000,1000,6686763
MPCTASK: EXP,2,342,17100,58,595,719,402,740,-33,1207,-143,366,33,1172,700,239,640,802,12,0,489,69,69,1,1,0,0,0,0,0,1,0,589,5,23330,9423,34547,1601879,0,0,0,3966085,5873050,0,196,134,0,0,1000,1000,6686763
MPCTASK: EXP,2,344,17202,109,640,715,442,476,26,1386,-37,247,187,1154,700,233,540,794,15,11,518,69,69,1,1,0,0,0,0,0,1,0,541,5,22311,12881,36975,2189626,0,0,0,3792914,6285764,0,198,134,0,0,1000,1000,6686763
MPCTASK: EXP,2,346,17303,163,629,719,457,139,90,1412,140,70,323,1107,700,212,394,831,19,-136,431,69,69,1,1,0,0,0,0,0,1,0,713,5,26175,10359,38074,1760947,0,0,0,4449761,6472614,0,200,134,0,0,1000,1000,6686763
MPCTASK: EXP,2,348,17401,240,575,725,443,-189,124,1231,530,-168,429,1032,700,186,228,825,25,-11,411,69,69,1,1,0,0,0,0,0,1,0,665,5,22849,10724,35474,1823083,0,0,0,3884270,6030654,0,202,134,0,0,1000,1000,6686763
MPCTASK: EXP,2,350,17504,235,517,736,244,-432,176,913,875,-319,493,931,700,71,90,808,36,45,319,69,69,1,1,0,0,0,0,0,1,0,558,5,26802,10382,38697,1764928,0,0,0,4556165,6578586,0,204,134,0,0,1000,1000,6686763
MPCTASK: EXP,2,352,17599,243,436,757,58,-616,217,792,968,-440,510,807,700,-10,-57,704,57,108,349,69,69,0,0,0,0,0,0,0,0,0,0,5,22914,10715,33698,1821550,0,0,0,3895329,5728812,0,205,134,0,0,1000,1000,6686763
MPCTASK: EXP,2,354,17699,228,361,778,-123,-727,123,646,1074,-482,478,663,700,-94,-174,706,78,65,310,69,69,0,0,0,0,0,0,0,0,0,0,5,22726,10793,33591,1834720,0,0,0,3863393,5710501,0,205,134,0,0,1000,1000,6686763
MPCTASK: EXP,2,356,17802,209,267,788,-287,-815,-24,463,1174,-454,400,502,700,-157,-293,704,83,117,435,69,69,0,0,0,0,0,0,0,0,0,0,5,23288,12682,36039,2155790,0,0,0,3958893,6126773,0,205,134,0,0,1000,1000,6686763
MPCTASK: EXP,2,358,17900,166,180,781,-473,-867,-128,314,1076,-371,283,328,700,-214,-395,700,55,-3,527,69,69,0,0,0,0,0,0,0,0,0,0,5,22186,12419,34675,2111117,0,0,0,3771526,5894858,0,205,134,0,0,1000,1000,6686763
MPCTASK: EXP,2,360,18000,95,93,762,-656,-907,-166,272,737,-268,140,145,700,-263,-495,700,29,-38,355,69,69,0,0,0,0,0,0,0,0,0,0,5,23056,11598,34726,1971569,0,0,0,3919457,5903433,0,205,134,0,0,1000,1000,6686763
MPCTASK: EXP,2,362,18102,16,55,744,-760,-883,-151,274,259,-146,-15,-41,700,-276,-537,700,14,8,258,69,69,1,1,0,0,0,0,0,1,1,0,5,27523,9665,37269,1642981,0,0,0,4678873,6335789,0,206,135,0,0,1000,1000,6686763
MPCTASK: EXP,2,364,18204,-43,-19,733,-743,-919,-99,394,-255,-62,-169,-227,700,-237,-619,700,13,-17,257,69,69,1,1,0,0,0,0,0,1,1,0,5,24267,11952,36528,2031857,0,0,0,4125345,6209800,0,208,137,0,0,1000,1000,6686763
MPCTASK: EXP,2,366,18302,-95,-95,733,-639,-962,-49,400,-674,-15,-305,-408,700,-172,-686,700,23,12,293,69,69,1,1,0,0,0,0,0,1,1,0,5,25002,9453,34535,1606968,0,0,0,4250209,5871163,0,210,139,0,0,1000,1000,6686763
MPCTASK: EXP,2,368,18403,-151,-209,733,-504,-1041,-51,314,-948,-8,-411,-579,700,-111,-777,700,23,-40,348,69,69,1,1,0,0,0,0,0,1,1,0,5,23501,11261,34960,1914302,0,0,0,3995105,5943255,0,212,141,0,0,1000,1000,6686763
MPCTASK: EXP,2,370,18501,-174,-289,729,-304,-1041,-81,122,-1128,-35,-475,-737,700,-24,-810,760,13,84,596,69,69,1,1,0,0,0,0,0,1,0,372,5,21980,10635,33992,1807503,0,0,0,3736561,5778803,0,214,141,0,0,1000,1000,6686763
MPCTASK: EXP,2,372,18602,-176,-382,724,-65,-1032,-10,-75,-1181,-100,-492,-877,700,70,-841,796,22,82,490,69,69,1,1,0,0,0,0,0,1,0,547,5,21245,12231,34733,2079109,0,0,0,3611673,5904652,0,216,141,0,0,1000,1000,6686763
MPCTASK: EXP,2,374,18702,-154,-469,723,181,-990,44,-232,-1155,-201,-460,-996,700,141,-885,863,23,104,443,69,69,1,1,0,0,0,0,0,1,0,884,5,22479,10760,35138,1829167,0,0,0,3821457,5973603,0,218,141,0,0,1000,1000,6686763
MPCTASK: EXP,2,376,18801,-117,-535,728,403,-896,123,-371,-948,-304,-382,-1090,700,240,-838,700,28,-34,302,69,69,1,1,0,0,0,0,0,1,1,0,5,23897,10254,34222,1742957,0,0,0,4062437,5817891,0,220,143,0,0,1000,1000,6686763
MPCTASK: EXP,2,378,18902,-67,-602,742,546,-808,83,-502,-665,-380,-265,-1159,700,283,-811,700,42,-37,236,69,69,1,1,0,0,0,0,0,1,1,0,5,24136,9862,34212,1676563,0,0,0,4103182,5816013,0,222,144,0,0,1000,1000,6686763
MPCTASK: EXP,2,380,18998,-14,-655,747,621,-684,83,-600,-174,-392,-122,-1199,700,286,-764,700,47,66,263,69,69,1,1,0,0,0,0,0,1,1,0,5,21531,9494,31100,1613917,0,0,0,3660323,5287111,0,224,146,0,0,1000,1000,6686763
MPCTASK: EXP,2,382,19101,38,-693,755,628,-540,9,-800,77,-403,33,-1210,700,269,-692,700,55,-23,266,69,69,0,0,0,0,0,0,0,0,0,0,5,23397,10647,34179,1809942,0,0,0,3977377,5810575,0,224,146,0,0,1000,1000,6686763
MPCTASK: EXP,2,384,19202,95,-721,756,596,-373,-61,-988,385,-353,187,-1192,700,236,-605,700,43,-2,366,69,69,0,0,0,0,0,0,0,0,0,0,5,24260,9973,34534,1695277,0,0,0,4124237,5870926,0,224,146,0,0,1000,1000,6686763
MPCTASK: EXP,2,386,19300,135,-734,753,501,-175,-91,-1101,653,-285,323,-1145,700,174,-504,700,35,114,581,69,69,0,0,0,0,0,0,0,0,0,0,5,22374,9894,32336,1681977,0,0,0,3803389,5497291,0,224,146,0,0,1000,1000,6686763
MPCTASK: EXP,2,388,19403,177,-728,746,383,38,-100,-1147,846,-197,429,-1070,700,112,-389,740,26,105,626,69,69,1,1,0,0,0,0,0,1,0,250,5,22262,11397,35795,1937447,0,0,0,3784574,6085165,0,226,146,0,0,1000,1000,6686763
MPCTASK: EXP,2,390,19505,188,-699,737,198,274,-77,-1179,1012,-101,493,-970,700,19,-254,749,22,167,643,69,69,1,1,0,0,0,0,0,1,0,303,5,25631,10991,38047,1868424,0,0,0,4357201,6468221,0,228,146,0,0,1000,1000,6686763
MPCTASK: EXP,2,392,19604,192,-654,731,8,498,-39,-1098,1014,-10,510,-846,700,-59,-120,809,23,123,478,69,69,1,1,0,0,0,0,0,1,0,608,5,24280,9909,35860,1684406,0,0,0,4127601,6156234,0,230,146,0,0,1000,1000,6686763
MPCTASK: EXP,2,394,19704,171,-587,727,-195,709,20,-976,937,87,478,-701,700,-140,18,700,27,52,353,69,69,1,1,0,0,0,0,0,1,1,0,5,25842,9479,36085,1611358,0,0,0,4393109,6134642,0,232,147,0,0,1000,1000,6686763
MPCTASK: EXP,2,396,19802,122,-506,735,-379,874,134,-601,556,130,400,-540,700,-149,84,840,35,125,344,69,69,1,1,0,0,0,0,0,1,0,728,5,21472,10821,33691,1839460,0,0,0,3650194,5727675,0,234,147,0,0,1000,1000,6686763
MPCTASK: EXP,2,398,19904,71,-417,747,-445,937,196,-23,-85,183,283,-366,700,-197,211,794,47,135,290,69,69,1,1,0,0,0,0,0,1,0,469,5,23100,10532,35892,1790331,0,0,0,3926933,6101710,0,236,147,0,0,1000,1000,6686763
MPCTASK: EXP,2,400,20006,28,-341,768,-414,907,160,-61,-115,234,140,-183,700,-203,297,705,68,6,162,69,69,0,0,0,0,0,0,0,0,0,0,5,24732,13147,37948,2234923,0,0,0,4204393,6451256,0,236,147,0,0,1000,1000,6686763
MPCTASK: EXP,2,402,20103,-5,-265,779,-405,914,-4,-377,116,309,-15,2,700,-196,389,702,78,151,286,69,69,0,0,0,0,0,0,0,0,0,0,5,23748,9792,33712,1664461,0,0,0,4037110,5731098,0,236,147,0,0,1000,1000,6686763
MPCTASK: EXP,2,404,20205,-42,-192,777,-418,945,-100,-432,47,338,-169,189,700,-172,461,700,57,159,319,69,69,0,0,0,0,0,0,0,0,0,0,5,23935,12186,36191,2071449,0,0,0,4068893,6152541,0,236,147,0,0,1000,1000,6686763
MPCTASK: EXP,2,406,20304,-78,-114,765,-406,985,-137,-364,-192,338,-305,370,700,-128,526,700,37,73,266,69,69,0,0,0,0,0,0,0,0,0,0,5,27116,8736,35924,1485108,0,0,0,4609629,6107272,0,236,147,0,0,1000,1000,6686763
MPCTASK: EXP,2,408,20402,-122,-67,754,-359,968,-115,-270,-521,317,-411,541,700,-76,546,700,31,-8,256,69,69,0,0,0,0,0,0,0,0,0,0,5,21241,11840,33167,2012794,0,0,0,3610893,5638539,0,236,147,0,0,1000,1000,6686763
MPCTASK: EXP,2,410,20504,-139,21,747,-229,1002,-92,-230,-817,302,-475,699,700,3,604,813,29,109,417,69,69,1,1,0,0,0,0,0,1,0,612,5,24003,9929,35251,1687842,0,0,0,4080561,5992711,0,237,147,0,0,1000,1000,6686763
MPCTASK: EXP,2,412,20602,-142,101,738,-55,1016,-72,-199,-984,292,-492,838,700,87,641,768,23,179,560,69,69,1,1,0,0,0,0,0,1,0,396,5,21045,10120,33319,1720412,0,0,0,3577454,5664378,0,239,147,0,0,1000,1000,6686763
MPCTASK: EXP,2,414,20701,-138,189,736,130,1030,16,-42,-1006,291,-460,957,700,158,670,858,36,141,420,69,69,1,1,0,0,0,0,0,1,0,835,5,20996,10019,32936,1703141,0,0,0,3569229,5599210,0,241,147,0,0,1000,1000,6686763
MPCTASK: EXP,2,416,20801,-103,258,741,333,981,101,158,-932,316,-382,1052,700,233,661,700,41,146,371,69,69,1,1,0,0,0,0,0,1,1,0,5,21997,10488,32669,1782817,0,0,0,3739465,5553814,0,243,149,0,0,1000,1000,6789316
MPCTASK: EXP,2,418,20904,-59,328,747,468,917,6,259,-595,369,-265,1120,700,261,646,700,47,-15,260,69,69,1,1,0,0,0,0,0,1,1,0,5,24585,9907,34575,1684256,0,0,0,4179229,5877741,0,245,151,0,0,1000,1000,6789316
MPCTASK: EXP,2,420,21003,-2,408,740,543,852,-94,528,-218,416,-122,1160,700,274,622,700,22,-25,265,69,69,1,1,0,0,0,0,0,1,1,0,5,21892,10872,32980,1848059,0,0,0,3721649,5606683,0,247,152,0,0,1000,1000,6789316
MPCTASK: EXP,2,422,21104,107,455,735,638,686,-102,928,181,378,33,1172,700,317,543,784,14,83,503,69,69,1,1,0,0,0,0,0,1,0,486,5,23947,9197,35006,1563339,0,0,0,4070846,5951189,0,249,153,0,0,1000,1000,6789316
MPCTASK: EXP,2,424,21210,157,518,731,571,521,-59,982,514,246,187,1154,700,267,490,809,19,112,474,69,69,1,1,0,0,0,0,0,1,0,610,5,23332,14550,40777,2473355,0,0,0,3966353,6932053,0,251,154,0,0,1000,1000,6932053
MPCTASK: EXP,2,426,21303,185,545,729,440,304,-5,1155,605,120,323,1107,700,198,388,798,28,117,481,69,69,1,1,0,0,0,0,0,1,0,549,5,22969,9398,33780,1597604,0,0,0,3904533,5742767,0,253,154,0,0,1000,1000,6932053
MPCTASK: EXP,2,428,21402,204,582,737,294,97,129,1206,653,-24,428,1033,700,119,305,829,37,116,406,69,69,1,1,0,0,0,0,0,1,0,668,5,19863,10740,32127,1825808,0,0,0,3376593,5461817,0,255,154,0,0,1000,1000,6932053
MPCTASK: EXP,2,430,21502,229,558,751,160,-165,178,1297,803,-181,492,933,700,51,163,701,51,154,419,69,69,0,0,0,0,0,0,0,0,0,0,5,23380,9395,32845,1597056,0,0,0,3974493,5583634,0,256,154,0,0,1000,1000,6932053
MPCTASK: EXP,2,432,21603,208,510,767,-22,-396,103,1191,922,-242,509,809,700,-50,27,703,67,45,330,69,69,0,0,0,0,0,0,0,0,0,0,5,22550,10781,33860,1832758,0,0,0,3833525,5756339,0,256,154,0,0,1000,1000,6932053
MPCTASK: EXP,2,434,21705,172,447,762,-209,-576,-97,972,1075,-215,476,665,700,-152,-100,700,43,169,592,69,69,0,0,0,0,0,0,0,0,0,0,5,23640,10117,33829,1719815,0,0,0,4018850,5751010,0,256,154,0,0,1000,1000,6932053
MPCTASK: EXP,2,436,21807,119,395,749,-417,-714,-152,885,947,-94,398,504,700,-232,-210,776,18,-28,469,69,69,1,1,0,0,0,0,0,1,0,436,5,22166,10667,36598,1813385,0,0,0,3768042,6221768,0,257,154,0,0,1000,1000,6932053
MPCTASK: EXP,2,438,21902,30,313,732,-611,-878,-117,784,569,72,282,330,700,-306,-341,700,8,-17,355,69,69,1,1,0,0,0,0,0,1,1,0,5,23082,8492,31648,1443566,0,0,0,3923953,5380165,0,259,156,0,0,1000,1000,6932053
MPCTASK: EXP,2,440,22003,-33,255,724,-673,-963,-52,641,125,183,139,146,700,-315,-421,700,14,-42,285,69,69,1,1,0,0,0,0,0,1,1,0,5,21645,11035,33039,1875850,0,0,0,3679541,5616787,0,261,158,0,0,1000,1000,6932053
MPCTASK: EXP,2,442,22108,-113,168,720,-678,-1044,-30,473,-210,226,-15,-41,700,-316,-513,700,14,-4,259,69,69,1,1,0,0,0,0,0,1,1,0,5,27581,9377,37032,1594046,0,0,0,4688602,6295417,0,263,160,0,0,1000,1000,6932053
MPCTASK: EXP,2,444,22203,-175,83,726,-611,-1078,12,328,-506,195,-166,-230,700,-282,-580,700,26,25,262,69,69,1,1,0,0,0,0,0,1,1,0,5,22169,9909,32151,1684431,0,0,0,3768685,5465779,0,265,162,0,0,1000,1000,6932053
MPCTASK: EXP,2,446,22307,-215,-18,731,-486,-1106,2,184,-753,130,-300,-414,700,-221,-647,700,31,105,349,69,69,1,1,0,0,0,0,0,1,1,0,5,24224,11955,37154,2032266,0,0,0,4118089,6316262,0,267,164,0,0,1000,1000,6932053
MPCTASK: EXP,2,448,22406,-259,-117,734,-353,-1106,-25,64,-913,66,-402,-590,700,-164,-687,860,29,145,431,69,69,1,1,0,0,0,0,0,1,0,858,5,22981,11079,35908,1883441,0,0,0,3906585,6104510,0,269,165,0,0,1000,1000,6932053
MPCTASK: EXP,2,450,22507,-278,-221,736,-172,-1096,-16,-41,-1069,-10,-462,-752,700,-98,-729,818,32,54,411,69,69,1,1,0,0,0,0,0,1,0,641,5,23594,10176,36611,1729895,0,0,0,4010789,6223958,0,271,165,0,0,1000,1000,6932053
MPCTASK: EXP,2,452,22602,-272,-302,738,57,-1043,77,-137,-1128,-102,-476,-896,700,-20,-725,863,38,174,443,69,69,1,1,0,0,0,0,0,1,0,847,5,20727,9941,31719,1689935,0,0,0,3523461,5392349,0,273,165,0,0,1000,1000,6932053
MPCTASK: EXP,2,454,22710,-259,-390,749,254,-988,149,-337,-1018,-191,-443,-1015,700,31,-708,783,49,35,317,69,69,1,1,0,0,0,0,0,1,0,417,5,28254,9862,39625,1676512,0,0,0,4803058,6736408,0,275,165,0,0,1000,1000,6932053
MPCTASK: EXP,2,456,22801,-218,-463,762,435,-883,152,-562,-797,-260,-369,-1106,699,75,-661,703,62,-39,244,69,69,0,0,0,0,0,0,0,0,0,0,5,18546,11638,30651,1978287,0,0,0,3152782,5211565,0,275,165,0,0,1000,1000,6932053
MPCTASK: EXP,2,458,22903,-162,-534,770,545,-767,9,-892,-387,-268,-262,-1164,699,91,-600,701,70,32,313,69,69,0,0,0,0,0,0,0,0,0,0,5,23244,8955,32269,1522270,0,0,0,3951372,5485747,0,275,165,0,0,1000,1000,6932053
MPCTASK: EXP,2,460,23004,-116,-582,766,561,-579,-114,-1263,103,-217,-136,-1184,699,69,-513,699,43,-125,515,69,69,0,0,0,0,0,0,0,0,0,0,5,21957,11138,33163,1893384,0,0,0,3732581,5637887,0,275,165,0,0,1000,1000,6932053
MPCTASK: EXP,2,462,23100,-58,-609,757,530,-323,-139,-1439,426,-174,-8,-1163,699,58,-425,699,29,-118,914,69,69,0,0,0,0,0,0,0,0,0,0,5,20317,9448,29835,1606101,0,0,0,3453825,5072010,0,275,165,0,0,1000,1000,6932053
MPCTASK: EXP,2,464,23204,-30,-618,745,434,-80,-148,-1434,617,-146,106,-1099,699,42,-372,714,15,23,1170,69,69,1,1,0,0,0,0,0,1,0,128,5,20633,11265,33717,1914973,0,0,0,3507561,5731936,0,276,165,0,0,1000,1000,6932053
MPCTASK: EXP,2,466,23307,-8,-600,731,301,187,-134,-1262,696,-98,194,-995,699,14,-298,753,4,-134,645,69,69,1,1,0,0,0,0,0,1,0,341,5,22961,11167,36675,1898326,0,0,0,3903249,6234691,0,278,165,0,0,1000,1000,6932053
MPCTASK: EXP,2,468,23407,8,-551,720,176,420,-74,-881,571,-51,244,-855,700,5,-234,700,5,-59,351,69,69,1,1,0,0,0,0,0,1,1,0,5,24021,12389,36483,2105968,0,0,0,4083553,6202203,0,280,166,0,0,1000,1000,6932053
MPCTASK: EXP,2,470,23504,14,-484,717,77,575,70,-285,257,4,253,-689,700,20,-201,700,17,99,308,69,69,1,1,0,0,0,0,0,1,1,0,5,25178,8728,33982,1483647,0,0,0,4280173,5777162,0,282,168,0,0,1000,1000,6932053
MPCTASK: EXP,2,472,23605,12,-425,721,38,590,24,66,128,79,224,-510,700,26,-187,700,21,135,312,69,69,1,1,0,0,0,0,0,1,1,0,5,22944,10646,34648,1809784,0,0,0,3900481,5890363,0,284,170,0,0,1000,1000,6932053
MPCTASK: EXP,2,474,23706,9,-377,725,9,551,-18,214,142,181,169,-337,700,25,-176,700,21,138,323,69,69,1,1,0,0,0,0,0,1,1,0,5,26919,8268,35257,1405383,0,0,0,4576177,5993894,0,286,172,0,0,1000,1000,6932053
MPCTASK: EXP,2,476,23807,12,-313,727,-4,520,-28,355,78,271,104,-189,700,22,-133,700,22,140,335,69,69,1,1,0,0,0,0,0,1,1,0,5,27205,9476,36753,1610791,0,0,0,4624783,6248101,0,288,174,0,0,1000,1000,6932053
MPCTASK: EXP,2,478,23906,17,-282,724,-2,426,-49,436,14,324,48,-84,700,14,-115,700,14,206,425,69,69,1,1,0,0,0,0,0,1,1,0,5,26179,9960,36209,1692965,0,0,0,4450481,6155673,0,290,176,0,0,1000,1000,6932053
MPCTASK: EXP,2,480,24005,21,-251,718,7,344,-61,357,3,338,16,-31,700,7,-95,700,6,177,390,69,69,1,1,0,0,0,0,0,1,1,0,5,23417,10232,34525,1739468,0,0,0,3980710,5869282,0,292,178,0,0,1000,1000,6932053
MPCTASK: EXP,2,482,24106,28,-237,710,15,267,-62,193,38,326,9,-19,700,25,-115,700,-1,124,330,69,69,1,1,0,0,0,0,0,1,1,0,5,24025,10064,34159,1710882,0,0,0,4084142,5807126,0,294,180,0,0,1000,1000,6932053
MPCTASK: TRAJ DONE: idx=482, max=482; requesting landing
MPCTASK: LANDING: start z=0.70, hold=(0.02,-0.24)
MPCTASK: TIMING SUMMARY: max_step_cycles=6932053 deadline_cycles=8400000 overruns=0
MPCTASK: POSTHOC SUMMARY: active=295 infeasible=181
MPCTASK: LANDING COMPLETE: t=31228 ms, x=0.040, y=-0.238, z=-0.001, vz=-0.094; motors off
SUP: Disarming