SYS: Crazyflie 2.1 Brushless is up and running!
SYS: Build 2:de14ff9f08ae (2025.09.1 +2) MODIFIED
SYS: I am 0x373930393434471500370039 and I have 1024KB of flash!
CFGBLK: v1, verification [OK]
DECK_DISCOVERY: Backend found: onewire
DECK_DISCOVERY: Backend found: deckctrl
DECK_CORE: 1 deck(s) found
DECK_CORE: Calling INIT on driver bcFlow2 for deck 0
ZR2: Z-down sensor [OK]
PMW: Motion chip id: 0x49:0xB6
IMU: BMI088: Using I2C interface.
IMU: BMI088 Gyro connection [OK].
IMU: BMI088 Accel connection [OK]
IMU: BMP390 I2C connection [OK]
ESTIMATOR: Using Kalman (2) estimator
CONTROLLER: Using PID (1) controller
MTR-DRV: Using brushless motor driver
SYS: About to run tests in system.c.
SYS: NRF51 version: 2026.04 (C21B)
EEPROM: I2C connection [OK].
STORAGE: Storage check [OK].
IMU: BMI088 gyro self-test [OK]
DECK_CORE: Deck 0 test [OK].
SYS: Self test passed!
STAB: Wait for sensor calibration...
SYS: Free heap: 15048 bytes
MPCTASK: Waiting for activation ...
STAB: Starting stabilizer loop
STAB: WARNING: stabilizer loop rate is off (1004)
SUP: Ready to fly
MPCTASK: Benchmark mode 3, maneuver 4, max_iter 5, task_pri 0
MPCTASK: Reference altitude: 0.70 m; barrier skip when z>0.75 and vz>-0.20
MPCTASK: Common baseline: mpc_hz=20 model_hz=20 rho=5 base_w=0 base_qz=1 Qz=100 R=4 bridge=x10 guards=z[ref,ref+0.20] xy=free cap=0.05
MPCTASK: MPC->PID: xyz=x10, z_guard=[ref,ref+0.20], yaw=raw_rz, output_hold=200ms, safety_hold=500ms
MPCTASK: Reference origin: xy=OOT_activation z=0.70 m
MPCTASK: LIMO adaptive: cache=16x4 evals=1 timing=bar/rl/cache_cycles
MPCTASK: EXP every=2: m,s,tms,p3[mm],v3[mmps],att3[cdeg],ref3[mm],cmd3[mm],h/raw/grad/mar/thr[milli],act/ac/bind,wi/qi/cache/noa,pa/pf/du[milli],it,mpc/eval/total[us],bar/tanh/rl/cache/solve/step[cycles],overruns,post_active/post_infeasible_totals,wreq/w/qzreq/qz[milli],max_step_cycles
MPCTASK: Figure8: source=traj_fig8_12.h source_hz=100 samples=1205 laps=2 duration=24.07 s origin=OOT_activation z_offset=0.09 m
CONTROLLER: Using OutOfTree (6) controller
MPCTASK: Trajectory origin: x=0.01 y=0.02
MPCTASK: OOT activated at z=0.55
MPCTASK: OOT loop 1 done
MPCTASK: OOT loop 2 done
MPCTASK: OOT loop 3 done
MPCTASK: MPC task loop 1
MPCTASK: Benchmark reset: mode=3 maneuver=4
MPCTASK: x0: pos=(0.01,0.01,0.54) vel=(0.10,-0.29,-0.02)
MPCTASK: ref: (0.01,0.02,0.70)
MPCTASK: SAFE TV mode=3: h=0.0 raw=0.0 grad=0.0 margin=0.0 thr=0.0 active0=0 active_count=0 eval=14327 us
MPCTASK: MPC solve start
MPCTASK: MPC solve done, iter=5
MPCTASK: MPC time=30874 us
MPCTASK: MPC stack free=910 words
MPCTASK: setpoint: x=-0.0 y=0.15 z=0.70 preview_z=0.63
MPCTASK: MPC task loop 2
MPCTASK: x0: pos=(0.02,-0.01,0.54) vel=(0.10,-0.34,-0.04)
MPCTASK: ref: (0.01,0.02,0.70)
MPCTASK: SAFE TV mode=3: h=0.0 raw=0.0 grad=0.0 margin=0.0 thr=0.0 active0=0 active_count=0 eval=14656 us
MPCTASK: MPC solve start
MPCTASK: MPC solve done, iter=5
MPCTASK: MPC time=25539 us
MPCTASK: EXP,3,2,99,22,-17,546,109,-341,-46,-82,75,-23,16,22,700,16,121,700,0,0,0,0,0,0,0,0,15,1,1,1,0,0,0,5,25539,14656,45207,2491534,0,1807,24278,4341673,7685173,0,0,0,992,1000,1080,1133,8315279
MPCTASK: setpoint: x=0.01 y=0.12 z=0.70 preview_z=0.64
MPCTASK: MPC task loop 3
MPCTASK: x0: pos=(0.02,-0.04,0.54) vel=(0.09,-0.35,-0.12)
MPCTASK: ref: (0.01,0.02,0.70)
MPCTASK: SAFE TV mode=3: h=0.0 raw=0.0 grad=0.0 margin=0.0 thr=0.0 active0=0 active_count=0 eval=13810 us
MPCTASK: MPC solve start
MPCTASK: MPC solve done, iter=5
MPCTASK: MPC time=26996 us
MPCTASK: setpoint: x=0.03 y=0.09 z=0.70 preview_z=0.63
MPCTASK: EXP,3,4,191,20,-69,536,73,-331,-197,-512,206,5,5,41,700,49,76,700,0,0,0,0,0,0,0,0,15,1,1,1,0,0,0,5,24201,11594,36779,1971009,0,1803,92841,4114191,6252819,0,0,0,994,1000,1195,1133,8315279
MPCTASK: EXP,3,6,289,21,-101,515,29,-235,-239,-784,206,-34,-29,108,700,84,84,700,0,0,0,0,0,0,0,0,15,2,1,1,0,0,0,5,25245,9628,35860,1636660,0,1796,149708,4291723,6096251,0,0,0,994,1000,1268,1266,8315279
MPCTASK: EXP,3,8,392,7,-144,510,-17,-61,18,-1224,-17,-105,-82,227,700,109,107,700,0,0,0,0,0,0,0,0,15,2,1,1,0,0,0,5,26985,11871,39097,2018057,0,1795,23151,4587391,6646593,0,0,0,996,1000,1316,1266,8315279
MPCTASK: EXP,3,10,492,2,-133,517,2,173,120,-1232,-249,-129,-136,386,700,145,165,700,0,0,0,0,0,0,0,0,15,3,1,1,0,0,0,5,24713,12097,38822,2056491,0,44680,24313,4201168,6599825,0,0,0,997,1000,1346,1400,8315279
MPCTASK: Cache level changed: 0 -> 1
MPCTASK: EXP,3,12,598,2,-106,524,70,389,118,-957,-458,-154,-174,566,700,184,211,700,-175,-85,1638,69,300,1,3,3,15,3,1,1,0,0,0,5,27715,14034,42708,2385797,0,67169,43935,4711420,7260507,0,0,0,998,1000,1365,1400,8315279
MPCTASK: EXP,3,14,695,11,-54,533,162,546,129,-657,-536,-168,-182,745,700,217,263,700,-166,-67,1158,69,300,1,3,3,15,3,1,1,0,0,0,5,25244,12464,39066,2118814,0,1797,206776,4291311,6641314,0,0,0,998,1000,1378,1400,8315279
MPCTASK: EXP,3,16,792,30,3,546,256,626,151,-263,-500,-151,-151,905,700,238,285,700,-153,-42,1013,69,300,1,3,3,15,3,1,1,0,0,0,5,23779,12499,36809,2124830,0,1802,23158,4042307,6257657,0,0,0,999,1000,1385,1400,8315279
MPCTASK: EXP,3,18,895,53,49,560,322,623,155,48,-393,-115,-82,1034,699,239,276,699,-139,-38,996,69,300,1,3,3,15,3,1,1,0,0,0,5,25681,13235,39568,2249849,0,1795,87218,4365683,6726744,0,0,0,999,1000,1390,1400,8315279
MPCTASK: EXP,3,20,998,88,108,580,375,588,174,308,-208,-78,17,1123,699,236,269,699,-119,-29,973,69,300,1,3,3,15,3,1,1,0,0,0,5,27109,12268,41317,2085568,0,29839,37145,4608528,7024049,0,0,0,999,1000,1394,1400,8315279
MPCTASK: EXP,3,22,1092,109,158,600,350,492,166,545,44,-154,136,1169,699,193,240,699,-99,13,818,69,300,1,3,3,15,3,1,1,0,0,0,5,23099,11253,34957,1912905,0,1795,23157,3926683,5942799,0,0,0,999,1000,1396,1400,8315279
MPCTASK: EXP,3,24,1196,142,192,620,323,381,134,605,266,-124,259,1171,699,157,201,699,-79,-17,926,69,300,1,3,3,15,3,1,1,0,0,0,5,24809,12744,38237,2166398,0,1955,23151,4217519,6500372,0,0,0,999,1000,1397,1400,8315279
MPCTASK: EXP,3,26,1293,172,243,635,269,325,99,694,493,-170,369,1131,699,125,204,699,-64,77,712,69,300,1,3,3,15,3,1,1,0,0,0,5,24235,10435,35862,1773738,0,1944,119086,4119927,6096612,0,0,0,999,1000,1398,1400,8315279
MPCTASK: EXP,3,28,1393,195,252,646,171,170,67,874,681,-171,451,1055,700,71,113,700,-53,87,865,69,300,1,3,3,15,3,1,1,0,0,0,5,24268,11249,35968,1912248,0,1979,51410,4125443,6114519,0,0,0,999,1000,1399,1400,8315279
MPCTASK: EXP,3,30,1493,208,249,651,44,9,31,856,799,-160,496,947,700,23,40,700,-48,158,648,69,300,1,3,3,15,3,1,1,0,0,0,5,24987,9271,35278,1575839,0,2139,101279,4247691,5997201,0,0,0,999,1000,1399,1400,8315279
MPCTASK: EXP,3,32,1600,206,221,651,-114,-175,15,802,798,-150,495,812,700,-35,-66,700,-48,172,626,69,300,1,3,3,15,3,1,1,0,0,0,5,29607,11419,41409,1941178,0,1795,23151,5033115,7039558,0,0,0,999,1000,1399,1400,8315279
MPCTASK: EXP,3,34,1697,185,188,649,-251,-314,13,720,742,-107,447,657,700,-92,-151,700,-50,95,779,69,300,1,3,3,15,3,1,1,0,0,0,5,25398,12773,38582,2171269,0,1802,46828,4317512,6559063,0,0,0,998,1000,1399,1400,8315279
MPCTASK: EXP,3,36,1798,128,147,648,-408,-456,43,634,542,30,357,485,700,-161,-234,700,-51,145,611,69,300,1,3,3,15,3,1,1,0,0,0,5,25069,13224,39376,2248020,0,1795,38944,4261615,6693943,0,0,0,998,1000,1399,1400,8315279
MPCTASK: EXP,3,38,1898,58,56,654,-530,-619,82,464,271,-3,232,302,700,-182,-348,700,-45,-40,765,69,300,1,3,3,15,3,1,1,0,0,0,5,28630,10316,40034,1753676,0,1796,121630,4867139,6805834,0,0,0,997,1000,1399,1400,8315279
MPCTASK: EXP,3,40,1994,-31,20,661,-578,-668,100,322,-23,192,85,114,700,-223,-397,700,-38,-39,889,69,300,1,3,3,15,3,1,1,0,0,0,5,23144,10934,35550,1858704,0,1795,133412,3934364,6043514,0,0,0,997,1000,1399,1400,8315279
MPCTASK: EXP,3,42,2098,-50,-60,675,-522,-716,120,189,-318,-51,-69,-75,700,-171,-476,700,-24,107,518,69,300,1,3,3,15,3,1,1,0,0,0,5,26976,11262,39150,1914503,0,1795,80631,4585852,6655634,0,0,0,995,1000,1399,1400,8315279
MPCTASK: EXP,3,44,2200,-87,-89,690,-437,-675,100,78,-513,-43,-217,-261,700,-130,-470,700,-9,91,602,69,300,1,3,3,15,3,1,1,0,0,0,5,25750,15800,41826,2686027,0,1802,24138,4377327,7110482,0,0,0,995,1000,1399,1400,8315279
MPCTASK: EXP,3,46,2294,-126,-104,701,-334,-622,66,229,-677,-30,-342,-439,700,-82,-465,700,1,142,602,69,300,1,3,3,15,3,1,1,0,0,0,5,23911,11095,36025,1886030,0,2207,109723,4064759,6124300,0,0,0,996,1000,1399,1400,8315279
MPCTASK: EXP,3,48,2398,-134,-163,709,-191,-648,38,138,-814,-143,-432,-606,700,-9,-511,700,9,183,606,69,300,1,3,3,15,3,1,1,0,0,0,5,26570,12925,40235,2197238,0,1795,71434,4516796,6839965,0,0,0,997,1000,1399,1400,8315279
MPCTASK: EXP,3,50,2496,-153,-241,711,-54,-677,5,-71,-927,-141,-478,-757,700,39,-552,700,11,98,1086,69,300,1,3,3,15,3,1,1,0,0,0,5,25825,10721,37150,1822404,0,1802,70100,4390231,6315566,0,0,0,997,1000,1399,1400,8315279
MPCTASK: EXP,3,52,2602,-135,-302,713,120,-651,-8,-175,-876,-184,-476,-888,700,111,-571,700,11,112,971,69,300,1,3,3,15,3,1,1,0,0,0,5,28879,13434,43414,2283751,0,1795,23151,4909283,7380498,0,0,0,998,1000,1399,1400,8315279
MPCTASK: EXP,3,54,2695,-114,-395,707,269,-659,-36,-257,-740,-35,-425,-997,700,161,-625,700,0,68,989,69,300,1,3,3,15,3,1,1,0,0,0,5,24841,11331,36906,1926230,0,1795,101956,4222931,6274207,0,0,0,998,1000,1399,1400,8315279
MPCTASK: EXP,3,56,2800,-64,-444,705,412,-578,3,-481,-606,-93,-331,-1081,700,220,-596,700,5,98,689,69,300,1,3,3,15,3,1,1,0,0,0,5,27763,12057,40756,2049549,0,1959,74904,4719559,6928552,0,0,0,998,1000,1399,1400,8315279
MPCTASK: EXP,3,58,2899,0,-480,707,522,-468,23,-530,-299,-120,-202,-1138,700,256,-562,700,7,14,845,69,300,1,3,3,15,3,1,1,0,0,0,5,25537,12355,38729,2100165,0,1795,117954,4341107,6583912,0,0,0,998,1000,1399,1400,8315279
MPCTASK: EXP,3,60,3000,55,-502,709,554,-343,25,-598,0,-152,-52,-1166,700,265,-503,700,9,57,775,69,300,1,3,3,15,3,1,1,0,0,0,5,28627,10535,40816,1790824,0,115050,57804,4866519,6938799,0,0,0,998,1000,1399,1400,8315279
MPCTASK: EXP,3,62,3096,116,-516,716,545,-217,47,-632,259,-131,104,-1165,700,266,-446,700,16,62,756,69,300,1,3,3,15,3,1,1,0,0,0,5,26776,8977,36647,1526078,0,1795,129739,4551839,6230039,0,0,0,998,1000,1399,1400,8315279
MPCTASK: EXP,3,64,3199,168,-523,721,485,-95,15,-658,510,-120,252,-1135,700,246,-388,700,21,144,606,69,300,1,3,3,15,3,1,1,0,0,0,5,26348,12662,39664,2152480,0,1834,23151,4479007,6743044,0,0,0,998,1000,1399,1400,8315279
MPCTASK: EXP,3,66,3301,223,-517,723,401,32,2,-668,709,-86,378,-1077,700,218,-303,700,23,75,818,69,300,1,3,3,15,3,1,1,0,0,0,5,27978,12449,40988,2116333,0,1802,24302,4756224,6968123,0,0,0,998,1000,1399,1400,8315279
MPCTASK: EXP,3,68,3397,257,-501,727,272,156,4,-664,827,-82,468,-992,700,159,-236,700,27,216,593,69,300,1,3,3,15,3,1,1,0,0,0,5,24829,12364,37889,2101810,0,1921,94627,4220990,6441303,0,0,0,997,1000,1399,1400,8315279
MPCTASK: EXP,3,70,3494,288,-457,726,137,299,-16,-649,930,-34,514,-882,700,117,-115,700,22,174,793,69,300,1,3,3,15,3,1,1,0,0,0,5,23494,11037,35094,1876256,0,1795,73249,3993815,5966053,0,0,0,997,1000,1399,1400,8315279
MPCTASK: EXP,3,72,3599,278,-423,722,-43,407,-33,-592,958,-83,511,-749,700,38,-45,700,15,176,886,69,300,1,3,3,15,3,1,1,0,0,0,5,26366,11399,38519,1937694,0,1795,75625,4482095,6548625,0,0,0,997,1000,1399,1400,8315279
MPCTASK: EXP,3,74,3699,265,-385,717,-202,507,-28,-574,867,-112,460,-597,700,-9,42,700,11,180,703,69,300,1,3,3,15,3,1,1,0,0,0,5,26362,10999,37906,1869620,0,1795,69981,4481501,6444091,0,0,0,996,1000,1399,1400,8315279
MPCTASK: EXP,3,76,3798,223,-346,709,-358,597,-18,-569,713,-181,365,-431,700,-66,111,700,6,63,902,69,300,1,3,3,15,3,1,1,0,0,0,5,26549,10967,38088,1864333,0,2671,23466,4513219,6475076,0,0,0,996,1000,1399,1400,8315279
MPCTASK: EXP,3,78,3899,214,-322,709,-415,640,16,-471,450,-172,237,-253,700,-42,147,700,9,52,747,69,300,1,3,3,15,3,1,1,0,0,0,5,26472,11188,38775,1901933,0,1802,101840,4500090,6591784,0,0,0,995,1000,1399,1400,8315279
MPCTASK: EXP,3,80,4002,198,-194,709,-454,780,28,-393,180,49,86,-68,700,1,289,700,9,5,639,69,300,1,3,3,15,3,1,1,0,0,0,5,26396,12290,39705,2089143,0,1795,151243,4487315,6749935,0,0,0,994,1000,1399,1400,8315279
MPCTASK: EXP,3,82,4103,141,-113,714,-483,830,54,-220,54,-25,-70,118,700,-16,367,700,14,15,852,69,300,1,3,3,15,3,1,1,0,0,0,5,27642,11938,41004,2029370,0,1802,23151,4698996,6970653,0,0,0,995,1000,1399,1400,8315279
MPCTASK: EXP,3,84,4201,87,-50,722,-470,830,57,-94,-280,-100,-219,303,700,-4,407,700,22,72,625,69,300,1,3,3,15,3,1,1,0,0,0,5,26667,11427,39257,1942542,0,1795,144729,4533311,6673950,0,0,0,996,1000,1399,1400,8315279
MPCTASK: EXP,3,86,4300,50,18,728,-394,818,20,-35,-513,-113,-344,480,700,36,449,700,28,209,741,69,300,1,3,3,15,3,1,1,0,0,0,5,24454,13177,38575,2239874,0,1802,24607,4157003,6557867,0,0,0,996,1000,1399,1400,8315279
MPCTASK: EXP,3,88,4400,14,77,733,-302,791,-22,-61,-682,-58,-434,647,700,70,480,700,28,119,724,69,300,1,3,3,15,3,1,1,0,0,0,5,25272,11486,37404,1952537,0,1795,67314,4296091,6358655,0,0,0,997,1000,1399,1400,8315279
MPCTASK: EXP,3,90,4498,-15,141,732,-186,781,-57,-5,-862,39,-480,798,700,109,511,700,21,73,1243,69,300,1,3,3,15,3,1,1,0,0,0,5,24443,10335,35445,1756779,0,2239,90009,4155243,6025718,0,0,0,998,1000,1399,1400,8315279
MPCTASK: EXP,3,92,4599,-24,197,729,-30,742,-44,112,-919,174,-477,930,700,159,521,700,21,187,847,69,300,1,3,3,15,3,1,1,0,0,0,5,24717,11683,36672,1986058,0,1795,23151,4201892,6234376,0,0,0,998,1000,1399,1400,8315279
MPCTASK: EXP,3,94,4701,-29,253,726,116,690,-4,283,-803,251,-426,1039,700,185,517,700,25,125,805,69,300,1,3,3,15,3,1,1,0,0,0,5,25261,12789,38762,2174131,0,1795,97482,4294295,6589700,0,0,0,998,1000,1399,1400,8315279
MPCTASK: EXP,3,96,4801,-12,328,725,245,655,14,301,-627,257,-331,1124,700,216,545,700,25,109,666,69,300,1,3,3,15,3,1,1,0,0,0,5,25286,12276,38210,2086793,0,1802,87215,4298643,6495736,0,0,0,998,1000,1399,1400,8315279
MPCTASK: EXP,3,98,4905,11,373,725,335,570,21,459,-405,275,-203,1181,700,216,513,700,25,131,551,69,300,1,3,3,15,3,1,1,0,0,0,5,26254,14845,42765,2523582,0,2665,172115,4463086,7270035,0,0,0,998,1000,1399,1400,8315279
MPCTASK: EXP,3,100,5004,91,435,731,445,500,50,602,-97,114,-52,1210,700,241,496,700,31,-34,707,69,300,1,3,3,15,3,1,1,0,0,0,5,27227,13064,41508,2220836,0,1795,75440,4628511,7056497,0,0,0,998,1000,1399,1400,8315279
MPCTASK: EXP,3,102,5098,117,470,737,415,369,41,721,169,19,104,1209,700,206,454,700,37,46,858,69,300,1,3,3,15,3,1,1,0,0,0,5,23509,11485,36005,1952351,0,1795,88061,3996471,6121012,0,0,0,998,1000,1399,1400,8315279
MPCTASK: EXP,3,104,5203,166,489,742,383,229,0,781,383,-82,252,1179,700,180,395,700,42,-48,1017,69,300,1,3,3,15,3,1,1,0,0,0,5,26944,11801,39815,2006021,0,1795,159911,4580323,6768661,0,0,0,997,1000,1399,1400,8315279
MPCTASK: EXP,3,106,5301,203,501,746,302,94,-3,851,570,-175,378,1121,700,147,327,700,46,68,1013,69,300,1,3,3,15,3,1,1,0,0,0,5,23256,11991,37104,2038381,0,1795,293613,3953528,6307727,0,0,0,997,1000,1399,1400,8315279
MPCTASK: EXP,3,108,5399,263,510,746,225,-34,-19,880,741,-308,468,1036,700,137,267,700,42,-33,1214,69,300,1,3,3,15,3,1,1,0,0,0,5,23882,10968,35532,1864619,0,1795,92469,4059843,6040415,0,0,0,996,1000,1399,1400,8315279
MPCTASK: EXP,3,110,5504,261,474,741,56,-218,-44,865,818,-280,514,925,700,65,151,700,33,157,785,69,300,1,3,3,15,3,1,1,0,0,0,5,28190,11891,40998,2021456,0,35308,24680,4792206,6969669,0,0,0,996,1000,1399,1400,8315279
MPCTASK: EXP,3,112,5604,196,443,734,-151,-368,-67,818,698,-144,511,793,700,-42,62,700,20,-21,1306,69,300,1,3,3,15,3,1,1,0,0,0,5,24781,13929,39863,2367773,0,38082,24709,4212831,6776782,0,0,0,996,1000,1399,1400,8315279
MPCTASK: EXP,3,114,5707,139,368,724,-312,-547,-64,627,730,-36,460,641,700,-136,-59,700,11,18,1155,69,300,1,3,3,15,3,1,1,0,0,0,5,29653,11964,43728,2033715,0,1795,258699,5040935,7433885,0,0,0,997,1000,1399,1400,8315279
MPCTASK: EXP,3,116,5800,133,348,718,-392,-602,-10,586,592,78,365,474,700,-137,-105,700,16,116,642,69,300,1,3,3,15,3,1,1,0,0,0,5,25146,11074,37118,1882532,0,1796,64392,4274763,6310137,0,0,0,996,1000,1399,1400,8315279
MPCTASK: EXP,3,118,5903,97,252,719,-480,-733,16,320,374,291,237,296,700,-145,-206,700,19,-5,661,69,300,1,3,3,15,3,1,1,0,0,0,5,25366,11778,38726,2002196,0,1956,83749,4312005,6583461,0,0,0,994,1000,1399,1400,8315279
MPCTASK: EXP,3,120,6004,42,157,720,-528,-804,25,184,9,531,86,111,700,-135,-302,700,20,46,589,69,300,1,3,3,15,3,1,1,0,0,0,5,24545,14614,40326,2484424,0,1795,118694,4172535,6855358,0,0,0,992,1000,1399,1400,8315279
MPCTASK: EXP,3,122,6105,-37,85,724,-522,-804,53,35,-399,654,-70,-75,700,-146,-363,700,24,-12,813,69,300,1,3,3,15,3,1,1,0,0,0,5,29047,11806,41747,2006959,0,1795,23151,4937891,7097043,0,0,0,991,1000,1399,1400,8315279
MPCTASK: EXP,3,124,6206,-68,67,736,-410,-726,66,207,-655,593,-219,-259,700,-88,-355,700,36,108,651,69,300,1,3,3,15,3,1,1,0,0,0,5,27666,14382,42852,2444871,0,1802,113265,4703142,7284858,0,0,0,992,1000,1399,1400,8315279
MPCTASK: EXP,3,126,6300,-109,7,744,-304,-732,19,253,-755,568,-344,-437,700,-50,-406,700,44,131,705,69,300,1,3,3,15,3,1,1,0,0,0,5,23237,11348,35810,1928952,0,1795,184154,3950083,6087667,0,0,0,993,1000,1399,1400,8315279
MPCTASK: EXP,3,128,6403,-132,-55,746,-166,-743,-28,212,-898,509,-434,-603,700,5,-448,700,40,208,692,69,300,1,3,3,15,3,1,1,0,0,0,5,27909,10646,39441,1809637,0,1802,42685,4744304,6705093,0,0,0,995,1000,1399,1400,8315279
MPCTASK: EXP,3,130,6499,-132,-121,742,-1,-748,-53,107,-939,402,-480,-754,700,77,-487,700,32,139,1147,69,300,1,3,3,15,3,1,1,0,0,0,5,24395,10187,35794,1731767,0,1795,115687,4147055,6085130,0,0,0,996,1000,1399,1400,8315279
MPCTASK: EXP,3,132,6602,-121,-167,736,153,-709,-73,13,-865,258,-477,-886,700,134,-486,700,21,138,1068,69,300,1,3,3,15,3,1,1,0,0,0,5,26473,11559,38559,1965020,0,1795,67381,4500367,6555159,0,0,0,997,1000,1399,1400,8315279
MPCTASK: EXP,3,134,6704,-90,-234,725,307,-691,-83,-121,-742,142,-426,-996,700,191,-510,700,9,72,1130,69,300,1,3,3,15,3,1,1,0,0,0,5,28119,10607,40056,1803079,0,1795,147323,4780075,6809518,0,0,0,998,1000,1399,1400,8315279
MPCTASK: EXP,3,136,6798,-52,-279,718,423,-623,-53,-275,-543,3,-331,-1080,700,232,-485,700,7,59,869,69,300,1,3,3,15,3,1,1,0,0,0,5,23825,9577,34739,1627938,0,1795,205323,4050135,5905627,0,0,0,998,1000,1399,1400,8315279
MPCTASK: EXP,3,138,6902,3,-317,714,512,-541,-22,-364,-295,-104,-203,-1137,700,255,-460,700,10,22,868,69,300,1,3,3,15,3,1,1,0,0,0,5,24048,14045,39054,2387588,0,1795,65445,4087943,6639287,0,0,0,998,1000,1399,1400,8315279
MPCTASK: EXP,3,140,7003,42,-344,717,523,-436,14,-449,-46,-184,-52,-1166,700,251,-412,700,17,103,597,69,300,1,3,3,15,3,1,1,0,0,0,5,28180,11896,40343,2022192,0,1795,23151,4790439,6858327,0,0,0,998,1000,1399,1400,8315279
MPCTASK: EXP,3,142,7102,101,-369,718,522,-336,1,-521,254,-209,104,-1165,700,237,-371,700,18,44,798,69,300,1,3,3,15,3,1,1,0,0,0,5,24040,11574,38038,1967475,0,1796,316698,4086771,6466604,0,0,0,998,1000,1399,1400,8315279
MPCTASK: EXP,3,144,7199,149,-381,722,460,-216,-2,-593,533,-226,252,-1136,700,210,-310,700,22,83,734,69,300,1,3,3,15,3,1,1,0,0,0,5,23791,10562,35481,1795471,0,1795,169667,4044355,6031906,0,0,0,998,1000,1399,1400,8315279
MPCTASK: EXP,3,146,7302,186,-383,722,353,-91,-25,-588,739,-236,378,-1077,700,162,-235,700,17,148,665,69,300,1,3,3,15,3,1,1,0,0,0,5,24102,12160,38666,2067128,0,2667,23460,4097219,6573375,0,0,0,998,1000,1399,1400,8315279
MPCTASK: EXP,3,148,7403,216,-376,719,223,34,-42,-678,865,-232,468,-992,700,101,-162,700,10,179,716,69,300,1,3,3,15,3,1,1,0,0,0,5,26707,12400,39980,2107910,0,1803,123926,4540131,6796749,0,0,0,998,1000,1399,1400,8315279
MPCTASK: EXP,3,150,7503,217,-338,715,51,201,-36,-667,948,-237,514,-882,700,20,-42,700,8,225,655,69,300,1,3,3,15,3,1,1,0,0,0,5,24320,13517,39858,2297887,0,2134,84736,4134316,6775914,0,0,0,998,1000,1399,1400,8315279
MPCTASK: EXP,3,152,7602,216,-307,711,-106,328,-37,-614,919,-229,511,-749,700,-31,28,700,3,209,676,69,300,1,3,3,15,3,1,1,0,0,0,5,27557,10397,38597,1767472,0,1797,23322,4684587,6561551,0,0,0,998,1000,1399,1400,8315279
MPCTASK: EXP,3,154,7700,208,-246,703,-253,472,-40,-583,882,-187,460,-597,700,-76,146,700,-4,134,935,69,300,1,3,3,15,3,1,1,0,0,0,5,25068,10960,36550,1863038,0,1978,24004,4261511,6213536,0,0,0,998,1000,1399,1400,8315279
MPCTASK: EXP,3,156,7801,173,-169,693,-403,605,-37,-425,711,-177,365,-431,700,-118,254,700,-13,-22,1149,69,300,1,3,3,15,3,1,1,0,0,0,5,25884,11323,37903,1924925,0,2266,94313,4400087,6443542,0,0,0,997,1000,1399,1400,8315279
MPCTASK: EXP,3,158,7899,125,-125,693,-508,653,16,-378,453,-216,237,-253,700,-149,311,700,-6,26,823,69,300,1,3,3,15,3,1,1,0,0,0,5,23498,9894,34585,1681960,0,1795,100237,3994684,5879373,0,0,0,996,1000,1399,1400,8315279
MPCTASK: EXP,3,160,8003,65,-92,698,-567,673,50,-363,193,-260,86,-68,700,-162,346,700,-1,2,844,69,300,1,3,3,15,3,1,1,0,0,0,5,24285,13192,39080,2242664,0,55688,157890,4128275,6643743,0,0,0,995,1000,1399,1400,8315279
MPCTASK: EXP,3,162,8104,12,-37,706,-563,712,55,-335,-134,-253,-70,118,700,-152,404,700,6,40,737,69,300,1,3,3,15,3,1,1,0,0,0,5,26474,12055,39959,2049246,0,2094,167605,4500547,6793136,0,0,0,995,1000,1399,1400,8315279
MPCTASK: EXP,3,164,8204,0,55,714,-462,785,51,-274,-427,-150,-219,303,700,-73,512,700,14,127,545,69,300,1,3,3,15,3,1,1,0,0,0,5,27140,10655,39129,1811422,0,1804,124069,4613735,6651860,0,0,0,995,1000,1399,1400,8315279
MPCTASK: EXP,3,166,8303,3,140,721,-331,810,28,25,-385,-110,-344,480,700,7,546,700,21,159,573,69,300,1,3,3,15,3,1,1,0,0,0,5,25220,12601,38809,2142191,0,1835,38630,4287399,6597679,0,0,0,996,1000,1399,1400,8315279
MPCTASK: EXP,3,168,8403,-17,199,727,-240,771,8,34,-621,-128,-434,647,700,57,571,700,27,179,591,69,300,1,3,3,15,3,1,1,0,0,0,5,26259,11030,38971,1875164,0,1795,23151,4463812,6625146,0,0,0,997,1000,1399,1400,8315279
MPCTASK: EXP,3,170,8504,-15,261,724,-102,738,-55,62,-726,-134,-480,798,700,122,596,700,13,179,638,69,300,1,3,2,15,3,1,1,0,0,0,5,27074,11308,39455,1922203,0,1796,158767,4602399,6707486,0,0,0,997,1000,1399,1400,8315279
MPCTASK: EXP,3,172,8603,-13,315,720,25,695,-49,191,-686,-57,-477,930,700,163,596,700,10,59,977,69,300,1,3,3,15,3,1,1,0,0,0,5,24133,12844,37699,2183363,0,1795,100828,4102522,6408929,0,0,0,998,1000,1399,1400,8315279
MPCTASK: EXP,3,174,8702,29,379,716,190,645,-49,379,-604,55,-426,1039,700,240,604,700,6,137,650,69,300,1,3,3,15,3,1,1,0,0,0,5,24208,11000,37545,1869957,0,1795,23151,4115327,6382874,0,0,0,998,1000,1399,1400,8315279
MPCTASK: EXP,3,176,8804,46,412,712,274,533,-20,464,-387,222,-331,1123,700,246,558,700,8,108,616,69,300,1,3,3,15,3,1,1,0,0,0,5,26663,11248,39993,1912151,0,1802,331262,4532651,6798991,0,0,0,998,1000,1399,1400,8315279
MPCTASK: EXP,3,178,8903,73,443,712,337,436,16,368,-290,334,-202,1181,700,247,534,700,12,39,774,69,300,1,3,3,15,3,1,1,0,0,0,5,23745,14182,38979,2410852,0,1796,154741,4036563,6626462,0,0,0,998,1000,1399,1400,8315279
MPCTASK: EXP,3,180,9001,44,500,716,275,398,11,503,-61,349,-52,1210,700,151,534,700,16,217,800,69,300,1,3,3,15,3,1,1,0,0,0,5,24833,10742,36542,1826059,0,25412,117730,4221559,6212517,0,0,0,998,1000,1399,1400,8315279
MPCTASK: EXP,3,182,9104,40,546,716,241,301,-27,714,-7,368,104,1209,700,102,498,700,10,161,634,69,300,1,3,3,15,3,1,1,0,0,0,5,25197,12970,39100,2204804,0,1795,23151,4283395,6647122,0,0,0,998,1000,1399,1400,8315279
MPCTASK: EXP,3,184,9203,67,562,714,246,168,-21,692,117,305,252,1180,700,90,442,700,10,93,818,69,300,1,3,3,15,3,1,1,0,0,0,5,26295,12040,38851,2046667,0,1795,64281,4470047,6604804,0,0,0,998,1000,1399,1400,8315279
MPCTASK: EXP,3,186,9304,88,551,717,208,11,4,752,408,207,377,1122,700,39,345,700,17,88,846,69,300,1,3,3,15,3,1,1,0,0,0,5,24190,13405,38545,2278731,0,1795,98540,4112132,6552679,0,0,0,998,1000,1399,1400,8315279
MPCTASK: EXP,3,188,9405,98,530,716,123,-137,-17,787,574,208,467,1037,700,-14,256,700,13,117,828,69,300,1,3,3,15,3,1,1,0,0,0,5,24470,11784,38939,2003140,0,1803,93159,4159799,6619785,0,0,0,998,1000,1399,1400,8315279
MPCTASK: EXP,3,190,9502,98,464,713,15,-336,-43,706,656,252,513,927,700,-69,115,700,4,211,586,69,300,1,3,3,15,3,1,1,0,0,0,5,24370,11555,36562,1964224,0,1795,86398,4142736,6215598,0,0,0,998,1000,1399,1400,8315279
MPCTASK: EXP,3,192,9601,90,424,704,-98,-454,-59,569,660,311,509,795,700,-111,33,700,-7,194,576,69,300,1,3,3,15,3,1,1,0,0,0,5,24324,10094,35885,1715948,0,1802,158580,4135015,6100561,0,0,0,998,1000,1399,1400,8315279
MPCTASK: EXP,3,194,9703,63,378,698,-214,-549,-44,478,599,373,458,643,700,-156,-47,700,-9,132,638,69,300,1,3,3,15,3,1,1,0,0,0,5,25086,11209,37852,1905467,0,1795,218234,4264571,6434996,0,0,0,998,1000,1399,1400,8315279
MPCTASK: EXP,3,196,9805,18,293,694,-329,-673,-1,393,391,363,363,477,700,-196,-167,700,-5,26,844,69,300,1,3,3,15,3,1,1,0,0,0,5,26146,12274,39415,2086466,0,2096,57261,4444593,6700639,0,0,0,997,1000,1399,1400,8315279
MPCTASK: EXP,3,198,9904,-21,234,697,-379,-724,50,369,160,302,235,298,700,-207,-234,700,-2,86,593,69,300,1,3,3,15,3,1,1,0,0,0,5,24027,13565,38854,2305997,0,1802,123508,4084527,6605266,0,0,0,997,1000,1399,1400,8315279
MPCTASK: EXP,3,200,10008,-14,217,706,-322,-700,69,359,-79,152,86,112,700,-130,-240,700,6,127,527,69,300,1,3,3,15,3,1,1,0,0,0,5,28475,13821,42563,2349457,0,1795,23156,4840699,7235703,0,0,0,996,1000,1399,1400,8315279
MPCTASK: EXP,3,202,10108,-45,158,711,-312,-755,47,523,-31,35,-69,-76,700,-119,-326,700,11,100,609,69,300,1,3,3,15,3,1,1,0,0,0,5,26640,14923,42467,2536814,0,1802,130503,4478187,7219580,0,0,0,995,1000,1399,1400,8315279
MPCTASK: EXP,3,204,10205,-77,75,720,-284,-828,36,325,-298,-91,-215,-263,700,-88,-395,700,20,31,778,69,300,1,3,3,15,3,1,1,0,0,0,5,25854,12783,39481,2173058,0,73248,49434,4395171,6711837,0,0,0,995,1000,1399,1400,8315279
MPCTASK: EXP,3,206,10303,-95,1,726,-215,-854,16,158,-436,-202,-337,-445,700,-53,-442,700,26,66,691,69,300,1,3,3,15,3,1,1,0,0,0,5,23832,13789,37890,2344038,0,1797,23308,4051331,6441471,0,0,0,996,1000,1399,1400,8315279
MPCTASK: EXP,3,208,10403,-113,-80,726,-135,-864,-20,12,-556,-271,-423,-616,700,-29,-487,700,22,139,592,69,300,1,3,3,15,3,1,1,0,0,0,5,23208,13180,37452,2240516,0,2106,91795,3945157,6366851,0,0,0,996,1000,1399,1400,8315279
MPCTASK: EXP,3,210,10503,-112,-144,724,-34,-840,-36,-154,-597,-340,-466,-771,700,24,-499,700,17,126,663,69,300,1,3,3,15,3,1,1,0,0,0,5,23777,12767,37594,2170370,0,42539,24678,4042019,6391531,0,0,0,997,1000,1399,1400,8315279
MPCTASK: EXP,3,212,10607,-105,-226,719,81,-791,-42,-327,-550,-399,-461,-906,700,53,-515,700,11,132,630,69,300,1,3,3,15,3,1,1,0,0,0,5,27000,13956,41469,2372426,0,1795,23157,4589923,7049890,0,0,0,998,1000,1399,1400,8315279
MPCTASK: EXP,3,214,10700,-89,-286,720,177,-703,-18,-494,-448,-441,-410,-1014,700,95,-480,700,17,141,558,69,300,1,3,3,15,3,1,1,0,0,0,5,22738,11886,35136,2020535,0,1795,41903,3865487,5973255,0,0,0,998,1000,1399,1400,8315279
MPCTASK: EXP,3,216,10804,-51,-350,719,274,-612,-20,-623,-307,-440,-321,-1093,699,118,-469,699,15,73,799,69,300,1,3,3,15,3,1,1,0,0,0,5,23885,14202,38777,2414228,0,1795,46944,4060339,6592328,0,0,0,998,1000,1399,1400,8315279
MPCTASK: EXP,3,218,10904,-29,-380,717,310,-477,-22,-717,-120,-438,-205,-1136,699,126,-392,699,12,160,631,69,300,1,3,3,15,3,1,1,0,0,0,5,23457,11475,35887,1950668,0,1804,23841,3987563,6100791,0,0,0,998,1000,1399,1400,8315279
MPCTASK: EXP,3,220,11005,3,-409,715,329,-330,-28,-816,62,-415,-76,-1139,699,108,-354,699,9,125,876,69,300,1,3,3,15,3,1,1,0,0,0,5,25137,11371,37765,1933103,0,1795,168306,4273187,6420101,0,0,0,998,1000,1399,1400,8315279
MPCTASK: EXP,3,222,11103,38,-423,716,316,-170,-7,-821,274,-384,48,-1101,699,104,-297,699,15,84,988,69,300,1,3,3,15,3,1,1,0,0,0,5,22984,11942,35501,2030153,0,1795,42054,3907271,6035145,0,0,0,998,1000,1399,1400,8315279
MPCTASK: EXP,3,224,11203,75,-426,714,274,-14,-22,-807,459,-355,153,-1021,699,104,-244,699,9,165,702,69,300,1,3,3,15,3,1,1,0,0,0,5,21995,12996,35431,2209123,0,1795,52123,3739055,6023275,0,0,0,998,1000,1399,1400,8315279
MPCTASK: EXP,3,226,11309,99,-414,709,197,133,-32,-691,505,-356,227,-902,700,104,-208,700,3,181,593,69,300,1,3,3,15,3,1,1,0,0,0,5,27351,12731,40570,2164088,0,2670,32308,4649639,6896950,0,0,0,998,1000,1399,1400,8315279
MPCTASK: EXP,3,228,11405,114,-392,707,112,256,-22,-583,527,-359,261,-750,700,73,-195,700,2,98,718,69,300,1,3,3,15,3,1,1,0,0,0,5,23194,13068,37300,2221411,0,2290,53316,3942876,6341055,0,0,0,997,1000,1399,1400,8315279
MPCTASK: EXP,3,230,11505,122,-365,701,35,342,-32,-366,439,-371,254,-577,700,94,-175,700,-5,64,771,69,300,1,3,3,15,3,1,1,0,0,0,5,25970,10931,37701,1858245,0,1795,64265,4414803,6409256,0,0,0,997,1000,1399,1400,8315279
MPCTASK: EXP,3,232,11605,124,-329,697,-29,389,-11,-127,335,-369,213,-398,700,79,-142,700,-4,68,705,69,300,1,3,3,15,3,1,1,0,0,0,5,23309,13207,37161,2245105,0,1807,24492,3962471,6317540,0,0,0,995,1000,1399,1400,8315279
MPCTASK: EXP,3,234,11704,111,-295,700,-84,392,15,50,175,-385,151,-233,700,43,-88,700,0,127,483,69,300,1,3,3,15,3,1,1,0,0,0,5,23822,11484,36363,1952141,0,1911,53757,4049587,6181752,0,0,0,994,1000,1399,1400,8315279
MPCTASK: EXP,3,236,11808,90,-255,702,-120,381,20,100,47,-386,88,-100,700,10,-24,700,2,184,809,69,300,1,3,3,15,3,1,1,0,0,0,5,26258,12771,40677,2170988,0,1921,123900,4463687,6915183,0,0,0,994,1000,1399,1400,8315279
MPCTASK: EXP,3,238,11900,80,-233,706,-123,345,20,38,30,-377,40,-16,700,-38,50,700,6,135,453,69,300,1,3,3,15,3,1,1,0,0,0,5,21501,9874,31901,1678504,0,1802,66539,3655087,5423269,0,0,0,994,1000,1399,1400,8315279
MPCTASK: EXP,3,240,12005,69,-209,709,-128,340,11,-194,104,-352,19,18,700,-62,144,700,9,57,732,69,300,1,3,3,15,3,1,1,0,0,0,5,24466,10988,37162,1867846,0,1795,57251,4159179,6317631,0,0,0,995,1000,1399,1400,8315279
MPCTASK: EXP,3,242,12104,58,-191,714,-144,369,7,-492,222,-326,16,21,700,-57,209,700,14,19,841,69,300,1,3,3,15,3,1,1,0,0,0,5,23054,12471,36313,2119956,0,15894,24697,3919149,6173431,0,0,0,995,1000,1399,1400,8315279
MPCTASK: EXP,3,244,12208,48,-175,716,-171,435,-4,-714,225,-312,12,29,700,-26,238,700,15,175,597,69,300,1,3,3,15,3,1,1,0,0,0,5,25607,13599,40735,2311759,0,1803,149476,4353055,6925005,0,0,0,994,1000,1399,1400,8315279
MPCTASK: EXP,3,246,12309,34,-140,714,-192,543,-38,-792,162,-294,-12,75,700,-7,314,700,7,92,995,69,300,1,3,3,15,3,1,1,0,0,0,5,29607,10601,41136,1802018,0,1795,135238,5033201,6993118,0,0,0,995,1000,1399,1400,8315279
MPCTASK: EXP,3,248,12405,9,-76,709,-203,679,-52,-702,-46,-281,-59,174,700,16,387,700,-1,43,1064,69,300,1,3,3,15,3,1,1,0,0,0,5,24460,11824,37145,2010040,0,1795,123683,4158147,6314848,0,0,0,995,1000,1399,1400,8315279
MPCTASK: EXP,3,250,12501,-6,-17,702,-164,767,-37,-511,-285,-260,-115,319,700,54,432,700,-5,47,857,69,300,1,3,3,15,3,1,1,0,0,0,5,23638,8701,34342,1478973,0,1795,89024,4018347,5838142,0,0,0,996,1000,1399,1400,8315279
MPCTASK: EXP,3,252,12602,-8,41,697,-79,809,-15,-309,-472,-229,-162,493,700,112,463,700,-6,64,758,69,300,1,3,3,15,3,1,1,0,0,0,5,23063,9947,34463,1690924,0,1795,127069,3920679,5858825,0,0,0,997,1000,1399,1400,8315279
MPCTASK: EXP,3,254,12702,0,104,698,29,817,9,-134,-552,-188,-183,674,700,171,472,700,-1,52,788,69,300,1,3,3,15,3,1,1,0,0,0,5,23411,9863,33871,1676609,0,1795,78680,3979824,5758115,0,0,0,997,1000,1399,1400,8315279
MPCTASK: EXP,3,256,12803,13,188,700,131,818,5,126,-556,-161,-168,844,700,196,500,700,0,23,868,69,300,1,3,3,15,3,1,1,0,0,0,5,23498,11607,35841,1973022,0,1795,42328,3994613,6092959,0,0,0,998,1000,1399,1400,8315279
MPCTASK: EXP,3,258,12908,80,258,705,292,758,16,386,-491,-114,-114,987,699,288,497,699,5,38,789,69,300,1,3,3,15,3,1,1,0,0,0,5,29483,11416,41330,1940535,0,1795,23151,5012067,7026119,0,0,0,998,1000,1399,1400,8315279
MPCTASK: EXP,3,260,13003,149,348,708,400,706,5,574,-129,-132,-25,1092,699,293,495,699,8,-22,752,69,300,1,3,3,15,3,1,1,0,0,0,5,25213,10615,36388,1804523,0,1796,72281,4286191,6186138,0,0,0,998,1000,1399,1400,8315279
MPCTASK: EXP,3,262,13108,182,399,710,387,569,-9,795,124,-115,87,1156,699,272,460,699,8,48,1055,69,300,1,3,3,15,3,1,1,0,0,0,5,26871,12356,39986,2100496,0,2655,23463,4567883,6797620,0,0,0,998,1000,1399,1400,8315279
MPCTASK: EXP,3,264,13211,174,460,712,278,441,-13,887,336,-79,210,1175,699,177,432,699,9,-67,1358,69,300,1,3,3,15,3,1,1,0,0,0,5,28547,11473,40816,1950370,0,1795,98118,4852888,6938854,0,0,0,998,1000,1399,1400,8315279
MPCTASK: EXP,3,266,13309,190,482,708,204,249,-40,1036,492,62,327,1152,699,122,357,699,0,34,1736,69,300,1,3,3,15,3,1,1,0,0,0,5,28543,9439,39120,1604382,0,1796,169031,4852237,6650376,0,0,0,998,1000,1399,1400,8315279
MPCTASK: EXP,3,268,13402,202,477,705,107,45,-48,981,657,193,422,1090,699,65,264,699,-4,107,1348,69,300,1,3,3,15,3,1,1,0,0,0,5,22296,9972,33138,1695261,0,1795,76875,3790139,5633598,0,0,0,998,1000,1399,1400,8315279
MPCTASK: EXP,3,270,13507,196,436,697,-22,-177,-53,804,717,331,483,994,700,-2,146,700,-12,27,1277,69,300,1,3,3,15,3,1,1,0,0,0,5,25883,11469,38007,1949670,0,1796,88164,4399919,6461298,0,0,0,998,1000,1399,1400,8315279
MPCTASK: EXP,3,272,13608,164,399,691,-174,-338,-27,708,745,458,501,869,700,-86,47,700,-13,165,625,69,300,1,3,3,15,3,1,1,0,0,0,5,25783,10486,37822,1782614,0,2110,240524,4383019,6430166,0,0,0,998,1000,1399,1400,8315279
MPCTASK: EXP,3,274,13703,125,342,690,-309,-493,20,581,587,499,472,721,700,-145,-58,700,-9,11,902,69,300,1,3,3,15,3,1,1,0,0,0,5,22546,10653,33922,1810876,0,2099,82311,3832791,5766839,0,0,0,998,1000,1399,1400,8315279
MPCTASK: EXP,3,276,13804,85,288,691,-395,-595,25,536,443,436,398,555,700,-188,-147,700,-8,138,578,69,300,1,3,3,15,3,1,1,0,0,0,5,23767,10045,34908,1707561,0,1795,78169,4040331,5934526,0,0,0,997,1000,1399,1400,8315279
MPCTASK: EXP,3,278,13905,46,209,692,-450,-709,26,466,297,309,285,376,700,-197,-267,700,-7,123,565,69,300,1,3,3,15,3,1,1,0,0,0,5,24298,11038,36319,1876421,0,45974,25082,4130563,6174350,0,0,0,997,1000,1399,1400,8315279
MPCTASK: EXP,3,280,14007,5,145,695,-472,-762,37,292,38,200,145,189,700,-182,-318,700,-4,135,522,69,300,1,3,3,15,3,1,1,0,0,0,5,24529,10543,36109,1792232,0,1795,152583,4169699,6138618,0,0,0,996,1000,1399,1400,8315279
MPCTASK: EXP,3,282,14106,-39,71,703,-464,-801,54,220,-149,93,-8,0,700,-172,-393,700,3,96,531,69,300,1,3,3,15,3,1,1,0,0,0,5,24351,9993,35163,1698644,0,1795,116781,4139619,5977748,0,0,0,994,1000,1399,1400,8315279
MPCTASK: EXP,3,284,14213,-71,35,711,-405,-764,43,132,-350,19,-160,-187,700,-131,-395,700,11,155,572,69,300,1,3,3,15,3,1,1,0,0,0,5,31206,10953,42683,1861865,0,1795,64299,5304991,7256239,0,0,0,994,1000,1399,1400,8315279
MPCTASK: EXP,3,286,14308,-109,-41,715,-338,-787,5,118,-519,-37,-295,-369,700,-97,-468,700,15,49,781,69,300,1,3,3,15,3,1,1,0,0,0,5,25790,11012,37875,1872013,0,42565,82854,4384203,6438696,0,0,0,995,1000,1399,1400,8315279
MPCTASK: EXP,3,288,14408,-137,-107,716,-236,-778,-13,-1,-682,-88,-401,-541,700,-53,-496,700,13,211,616,69,300,1,3,3,15,3,1,1,0,0,0,5,26856,9923,37395,1686688,0,1795,23151,4565355,6357263,0,0,0,996,1000,1399,1400,8315279
MPCTASK: EXP,3,290,14504,-143,-178,716,-99,-767,-25,-70,-772,-132,-465,-698,700,11,-543,700,11,158,691,69,300,1,3,3,15,3,1,1,0,0,0,5,22987,10101,33950,1716983,0,1795,23151,3907671,5771574,0,0,0,997,1000,1399,1400,8315279
MPCTASK: EXP,3,292,14608,-142,-238,718,36,-728,-17,-173,-768,-175,-483,-838,700,59,-558,700,15,219,591,69,300,1,3,3,15,3,1,1,0,0,0,5,25003,12267,38076,2085406,0,2849,86286,4250339,6472995,0,0,0,997,1000,1399,1400,8315279
MPCTASK: EXP,3,294,14711,-121,-303,716,186,-685,-33,-245,-735,-200,-451,-956,700,137,-570,700,9,149,698,69,300,1,3,3,15,3,1,1,0,0,0,5,26220,12447,39623,2115815,0,1797,51849,4457343,6736226,0,0,0,998,1000,1399,1400,8315279
MPCTASK: EXP,3,296,14807,-95,-356,711,303,-620,-50,-362,-599,-216,-373,-1050,700,177,-559,700,1,144,633,69,300,1,3,3,15,3,1,1,0,0,0,5,24841,11080,36735,1883562,0,1795,115383,4222851,6244986,0,0,0,998,1000,1399,1400,8315279
MPCTASK: EXP,3,298,14910,-51,-396,706,413,-530,-35,-419,-445,-229,-257,-1118,700,225,-537,700,0,117,606,69,300,1,3,3,15,3,1,1,0,0,0,5,27482,10317,39466,1753842,0,1927,260744,4671908,6709333,0,0,0,998,1000,1399,1400,8315279
MPCTASK: EXP,3,300,15005,-1,-438,702,486,-443,-30,-500,-246,-223,-114,-1158,700,249,-521,700,-3,97,679,69,300,1,3,3,15,3,1,1,0,0,0,5,23231,10952,34575,1861727,0,1795,44434,3949104,5877811,0,0,0,998,1000,1399,1400,8315279
MPCTASK: EXP,3,302,15111,52,-467,702,519,-332,-3,-569,-21,-205,41,-1169,700,269,-458,700,1,104,661,69,300,1,3,3,15,3,1,1,0,0,0,5,27087,12129,40434,2061925,0,1835,102468,4604791,6873935,0,0,0,998,1000,1399,1400,8315279
MPCTASK: EXP,3,304,15211,96,-481,707,496,-213,15,-624,195,-186,195,-1151,700,241,-426,700,7,131,613,69,300,1,3,3,15,3,1,1,0,0,0,5,29685,10433,40846,1773428,0,1802,23151,5046467,6943995,0,0,0,998,1000,1399,1400,8315279
MPCTASK: EXP,3,306,15304,143,-492,710,453,-95,2,-661,373,-157,331,-1104,700,225,-342,700,10,68,819,69,300,1,3,3,15,3,1,1,0,0,0,5,23548,9657,34165,1641549,0,1798,75932,4002939,5808117,0,0,0,998,1000,1399,1400,8315279
MPCTASK: EXP,3,308,15408,172,-491,710,360,25,-17,-713,555,-143,437,-1029,700,177,-296,700,7,149,648,69,300,1,3,3,15,3,1,1,0,0,0,5,24503,12280,37901,2087534,0,1795,166996,4165403,6443167,0,0,0,998,1000,1399,1400,8315279
MPCTASK: EXP,3,310,15506,195,-479,710,245,154,-27,-689,684,-133,501,-928,700,122,-175,700,5,178,589,69,300,1,3,3,15,3,1,1,0,0,0,5,22291,11629,35151,1976794,0,2139,38715,3789268,5975757,0,0,0,998,1000,1399,1400,8315279
MPCTASK: EXP,3,312,15610,205,-451,706,112,287,-34,-736,769,-128,518,-804,700,52,-111,700,0,210,592,69,300,1,3,3,15,3,1,1,0,0,0,5,26434,12135,39722,2062846,0,1802,85323,4493695,6752915,0,0,0,998,1000,1399,1400,8315279
MPCTASK: EXP,3,314,15709,200,-413,699,-38,423,-43,-714,822,-120,486,-660,700,-10,-10,700,-8,191,639,69,300,1,3,3,15,3,1,1,0,0,0,5,26244,11314,38682,1923288,0,1796,169071,4461411,6576041,0,0,0,998,1000,1399,1400,8315279
MPCTASK: EXP,3,316,15805,171,-377,696,-188,528,-32,-675,787,-143,408,-499,700,-70,66,700,-10,159,681,69,300,1,3,3,15,3,1,1,0,0,0,5,23646,10878,34887,1849165,0,1948,39299,4019855,5930859,0,0,0,997,1000,1399,1400,8315279
MPCTASK: EXP,3,318,15909,122,-317,690,-349,652,-25,-610,597,-173,291,-325,700,-129,169,700,-14,95,742,69,300,1,3,3,15,3,1,1,0,0,0,5,24992,12015,37896,2042588,0,1796,52784,4248647,6442321,0,0,0,996,1000,1399,1400,8315279
MPCTASK: EXP,3,320,16009,75,-263,686,-443,733,-2,-530,350,-192,148,-142,700,-158,233,700,-13,70,742,69,300,1,3,3,15,3,1,1,0,0,0,5,25081,12477,38094,2120983,0,1923,67161,4263783,6476214,0,0,0,996,1000,1399,1400,8315279
MPCTASK: EXP,3,322,16108,13,-193,687,-500,815,26,-467,109,-206,-7,43,700,-185,319,700,-12,113,575,69,300,1,3,3,15,3,1,1,0,0,0,5,26208,11008,38024,1871192,0,1795,23151,4455251,6464219,0,0,0,996,1000,1399,1400,8315279
MPCTASK: EXP,3,324,16206,-21,-138,691,-483,852,40,-375,-160,-192,-161,230,700,-141,376,700,-8,107,549,69,300,1,3,3,15,3,1,1,0,0,0,5,23793,11122,35568,1890594,0,1795,53546,4044700,6046977,0,0,0,997,1000,1399,1400,8315279
MPCTASK: EXP,3,326,16307,-76,-53,699,-437,892,39,-264,-437,-158,-297,411,700,-109,437,700,0,44,743,69,300,1,3,3,15,3,1,1,0,0,0,5,23923,10362,36171,1761486,0,1796,97821,4066728,6149091,0,0,0,997,1000,1399,1400,8315279
MPCTASK: EXP,3,328,16408,-107,18,705,-332,894,27,-128,-680,-118,-403,582,700,-62,481,700,5,151,603,69,300,1,3,3,15,3,1,1,0,0,0,5,26929,10467,37938,1779304,0,2674,23463,4577963,6449557,0,0,0,998,1000,1399,1400,8315279
MPCTASK: EXP,3,330,16507,-115,97,709,-184,889,1,-7,-804,-92,-467,740,700,7,530,700,9,164,663,69,300,1,3,3,15,3,1,1,0,0,0,5,25058,11183,37116,1901039,0,1795,96385,4259660,6309791,0,0,0,998,1000,1399,1400,8315279
MPCTASK: EXP,3,332,16610,-110,160,710,-38,855,-20,90,-843,-97,-484,880,700,80,551,700,6,189,656,69,300,1,3,3,15,3,1,1,0,0,0,5,25377,12753,38907,2167866,0,1795,65413,4313891,6614355,0,0,0,998,1000,1399,1400,8315279
MPCTASK: EXP,3,334,16711,-111,238,709,107,805,-34,192,-802,-127,-452,998,700,106,576,700,2,206,603,69,300,1,3,3,15,3,1,1,0,0,0,5,27071,11951,39430,2031712,0,1795,23151,4602047,6703092,0,0,0,998,1000,1399,1400,8315279
MPCTASK: EXP,3,336,16810,-91,293,707,245,727,-32,301,-741,-137,-374,1093,700,162,543,700,0,90,900,69,300,1,3,3,15,3,1,1,0,0,0,5,27372,10284,38296,1748262,0,1803,85917,4653280,6510325,0,0,0,999,1000,1399,1400,8315279
MPCTASK: EXP,3,338,16908,-53,356,703,366,660,-33,352,-533,-157,-257,1161,700,184,550,700,-3,-10,969,69,300,1,3,3,15,3,1,1,0,0,0,5,25271,10993,36781,1868669,0,1795,65466,4295903,6252880,0,0,0,999,1000,1399,1400,8315279
MPCTASK: EXP,3,340,17011,-19,400,698,431,571,-31,547,-356,-147,-114,1202,700,193,513,700,-7,55,846,69,300,1,3,3,15,3,1,1,0,0,0,5,27147,11880,40102,2019532,0,63412,23325,4614855,6817397,0,0,0,999,1000,1399,1400,8315279
MPCTASK: EXP,3,342,17109,32,437,696,468,443,-38,527,-2,-104,41,1213,700,188,481,700,-11,34,914,69,300,1,3,3,15,3,1,1,0,0,0,5,22020,12910,37660,2194673,0,1968,67439,3743235,6402287,0,0,0,999,1000,1399,1400,8315279
MPCTASK: EXP,3,344,17210,63,477,692,421,342,-36,662,306,-22,195,1195,700,135,444,700,-14,-20,1100,69,300,1,3,3,15,3,1,1,0,0,0,5,26164,11869,38852,2017711,0,1795,76621,4447807,6605074,0,0,0,999,1000,1399,1400,8315279
MPCTASK: EXP,3,346,17310,131,449,698,394,133,14,739,529,103,331,1148,700,138,312,700,-1,-37,1068,69,300,1,3,3,15,3,1,1,0,0,0,5,25926,12154,38867,2066159,0,1796,111266,4407371,6607479,0,0,0,998,1000,1399,1400,8315279
MPCTASK: EXP,3,348,17409,166,461,700,297,33,7,600,768,221,437,1073,700,90,278,700,0,100,789,69,300,1,3,3,15,3,1,1,0,0,0,5,24163,12734,37724,2164699,0,1971,54356,4107639,6413170,0,0,0,998,1000,1399,1400,8315279
MPCTASK: EXP,3,350,17517,169,455,700,136,-87,-23,700,917,325,501,972,700,12,199,700,-4,195,671,69,300,1,3,3,15,3,1,1,0,0,0,5,27519,14666,45541,2493231,0,2138,167474,4678176,7742004,0,0,0,998,1000,1399,1400,8315279
MPCTASK: EXP,3,352,17607,150,475,697,-39,-160,-39,670,885,405,518,848,700,-67,181,700,-10,175,732,69,300,1,3,3,15,3,1,1,0,0,0,5,26091,9164,36021,1557765,0,2139,43226,4435283,6123671,0,0,0,998,1000,1399,1400,8315279
MPCTASK: EXP,3,354,17709,118,448,695,-202,-308,-33,857,765,357,486,704,700,-127,71,700,-11,130,927,69,300,1,3,3,15,3,1,1,0,0,0,5,25896,10401,37696,1768138,0,1802,131667,4402375,6408539,0,0,0,998,1000,1399,1400,8315279
MPCTASK: EXP,3,356,17812,83,402,689,-330,-474,-30,811,603,293,408,543,700,-173,-33,700,-16,80,1047,69,300,1,3,3,15,3,1,1,0,0,0,5,26608,12526,40133,2129382,0,1795,105174,4523326,6822725,0,0,0,997,1000,1399,1400,8315279
MPCTASK: EXP,3,358,17909,125,337,685,-321,-626,-4,691,446,138,291,369,700,-90,-138,700,-15,202,635,69,300,1,3,3,15,3,1,1,0,0,0,5,25680,11102,37353,1887274,0,1919,74386,4365583,6350257,0,0,0,997,1000,1399,1400,8315279
MPCTASK: EXP,3,360,18007,126,234,686,-358,-788,28,518,376,32,148,186,700,-62,-266,700,-13,-36,898,69,300,1,3,3,15,3,1,1,0,0,0,5,24473,10546,36192,1792762,0,1802,122372,4160360,6152807,0,0,0,996,1000,1399,1400,8315279
MPCTASK: EXP,3,362,18110,59,170,692,-438,-834,57,314,162,60,-7,0,700,-95,-323,700,-7,-20,888,69,300,1,3,3,15,3,1,1,0,0,0,5,26747,11893,39038,2021627,0,1795,43543,4546855,6636486,0,0,0,995,1000,1399,1400,8315279
MPCTASK: EXP,3,364,18213,0,105,700,-456,-852,56,224,-171,54,-161,-186,700,-94,-375,700,0,-5,912,69,300,1,3,3,15,3,1,1,0,0,0,5,27765,12014,40796,2042222,0,2218,68322,4719839,6935511,0,0,0,996,1000,1399,1400,8315279
MPCTASK: EXP,3,366,18311,-56,32,704,-419,-864,29,136,-457,37,-297,-367,700,-82,-429,700,4,47,745,69,300,1,3,3,15,3,1,1,0,0,0,5,26070,12454,39441,2117162,0,1795,104221,4431735,6704986,0,0,0,997,1000,1399,1400,8315279
MPCTASK: EXP,3,368,18410,-95,-30,711,-326,-843,29,28,-713,7,-403,-538,700,-47,-457,700,11,116,689,69,300,1,3,3,15,3,1,1,0,0,0,5,26965,11280,38858,1917566,0,1796,81306,4584067,6605912,0,0,0,997,1000,1399,1400,8315279
MPCTASK: EXP,3,370,18509,-121,-103,718,-194,-823,23,-68,-839,-8,-467,-696,700,-2,-499,700,18,166,664,69,300,1,3,3,15,3,1,1,0,0,0,5,25512,11249,37790,1912198,0,1796,151334,4336959,6424492,0,0,0,998,1000,1399,1400,8315279
MPCTASK: EXP,3,372,18614,-133,-163,719,-50,-775,-19,-137,-903,-10,-484,-836,700,47,-512,700,16,226,612,69,300,1,3,3,15,3,1,1,0,0,0,5,28323,12078,41875,2053201,0,1795,88406,4814773,7118779,0,0,0,998,1000,1399,1400,8315279
MPCTASK: EXP,3,374,18711,-124,-225,718,107,-727,-45,-206,-858,-11,-452,-955,700,115,-517,700,9,178,770,69,300,1,3,3,15,3,1,1,0,0,0,5,27109,11299,39235,1920813,0,1797,49193,4608472,6670052,0,0,0,998,1000,1399,1400,8315279
MPCTASK: EXP,3,376,18808,-105,-281,713,248,-664,-47,-303,-760,-11,-374,-1049,700,158,-512,700,4,118,867,69,300,1,3,3,15,3,1,1,0,0,0,5,25795,10315,37101,1753359,0,1796,94098,4384991,6307205,0,0,0,998,1000,1399,1400,8315279
MPCTASK: EXP,3,378,18910,-66,-334,708,378,-590,-45,-356,-576,-9,-257,-1118,700,204,-509,700,0,109,710,69,300,1,3,3,15,3,1,1,0,0,0,5,25201,11549,37763,1963221,0,1795,73802,4284004,6419920,0,0,0,999,1000,1399,1400,8315279
MPCTASK: EXP,3,380,19010,-24,-361,698,464,-478,-48,-474,-358,-32,-114,-1158,700,213,-451,700,-11,69,798,69,300,1,3,3,15,3,1,1,0,0,0,5,26872,10498,38425,1784502,0,2142,121675,4568187,6532398,0,0,0,999,1000,1399,1400,8315279
MPCTASK: EXP,3,382,19110,28,-399,697,513,-383,-4,-523,-88,-37,41,-1169,700,217,-429,700,-3,8,905,69,300,1,3,3,15,3,1,1,0,0,0,5,26332,11892,38863,2021550,0,1913,73051,4476254,6606866,0,0,0,999,1000,1399,1400,8315279
MPCTASK: EXP,3,384,19210,75,-413,699,498,-253,19,-632,217,-41,195,-1151,700,201,-349,700,0,41,849,69,300,1,3,3,15,3,1,1,0,0,0,5,26504,11986,39035,2037394,0,1795,23566,4505559,6636098,0,0,0,999,1000,1399,1400,8315279
MPCTASK: EXP,3,386,19309,121,-418,708,438,-123,23,-687,490,-36,331,-1104,700,171,-298,700,8,112,679,69,300,1,3,3,15,3,1,1,0,0,0,5,24776,11321,36909,1924548,0,2098,90684,4211763,6274721,0,0,0,999,1000,1399,1400,8315279
MPCTASK: EXP,3,388,19411,157,-417,708,337,2,-19,-692,699,-42,437,-1029,700,122,-215,700,4,102,766,69,300,1,3,3,15,3,1,1,0,0,0,5,25830,12819,39425,2179218,0,2118,108941,4391091,6702280,0,0,0,998,1000,1399,1400,8315279
MPCTASK: EXP,3,390,19511,179,-405,708,203,132,-30,-746,820,-52,501,-929,700,56,-133,700,2,158,715,69,300,1,3,3,15,3,1,1,0,0,0,5,28786,10383,40079,1765165,0,1795,132022,4893663,6813531,0,0,0,998,1000,1399,1400,8315279
MPCTASK: EXP,3,392,19607,184,-379,704,45,270,-42,-726,906,-62,518,-805,700,-6,-42,700,-4,223,638,69,300,1,3,3,15,3,1,1,0,0,0,5,21600,14042,36164,2387058,0,1795,65455,3672071,6147867,0,0,0,998,1000,1399,1400,8315279
MPCTASK: EXP,3,394,19711,172,-339,698,-120,408,-42,-716,875,-73,486,-660,700,-75,50,700,-10,208,645,69,300,1,3,3,15,3,1,1,0,0,0,5,26573,11239,38666,1910672,0,1796,99294,4517411,6573542,0,0,0,998,1000,1399,1400,8315279
MPCTASK: EXP,3,396,19813,143,-292,692,-281,532,-35,-634,791,-93,408,-499,700,-133,139,700,-14,179,639,69,300,1,3,3,15,3,1,1,0,0,0,5,29234,10597,41745,1801388,0,1795,302696,4969671,7096748,0,0,0,997,1000,1399,1400,8315279
MPCTASK: EXP,3,398,19908,99,-237,686,-416,641,-18,-589,581,-120,291,-325,700,-170,231,700,-16,103,691,69,300,1,3,3,15,3,1,1,0,0,0,5,25132,11091,37064,1885440,0,1795,120364,4272319,6300891,0,0,0,997,1000,1399,1400,8315279
MPCTASK: EXP,3,400,20007,54,-181,684,-495,720,5,-489,313,-139,148,-142,700,-186,296,700,-15,85,668,69,300,1,3,3,15,3,1,1,0,0,0,5,24549,10974,36107,1865649,0,1795,23151,4173167,6138225,0,0,0,996,1000,1399,1400,8315279
MPCTASK: EXP,3,402,20108,0,-119,684,-529,786,26,-438,24,-147,-7,43,700,-186,373,700,-15,32,798,69,300,1,3,3,15,3,1,1,0,0,0,5,24505,10621,36146,1805603,0,2829,74826,4165743,6144950,0,0,0,996,1000,1399,1400,8315279
MPCTASK: EXP,3,404,20211,-51,-52,690,-505,831,48,-339,-298,-125,-161,230,700,-160,431,700,-9,55,691,69,300,1,3,3,15,3,1,1,0,0,0,5,26192,12207,39439,2075242,0,1795,52059,4452547,6704674,0,0,0,996,1000,1399,1400,8315279
MPCTASK: EXP,3,406,20309,-96,29,698,-432,873,50,-231,-536,-85,-297,411,700,-124,510,700,-1,68,692,69,300,1,3,3,15,3,1,1,0,0,0,5,26410,10853,37532,1844885,0,1796,23163,4489567,6380475,0,0,0,997,1000,1399,1400,8315279
MPCTASK: EXP,3,408,20411,-121,96,706,-310,866,32,-112,-689,-37,-403,582,700,-75,532,700,6,106,694,69,300,1,3,3,15,3,1,1,0,0,0,5,26850,12121,40351,2060483,0,77646,94409,4564351,6859686,0,0,0,997,1000,1399,1400,8315279
MPCTASK: EXP,3,410,20508,-136,170,712,-174,856,8,24,-770,0,-467,740,700,-2,582,700,12,132,716,69,300,1,3,3,15,3,1,1,0,0,0,5,24911,10737,36492,1825206,0,2138,118721,4234816,6203720,0,0,0,998,1000,1399,1400,8315279
MPCTASK: EXP,3,412,20611,-136,235,713,-30,812,-24,162,-792,11,-484,879,700,39,593,700,8,195,609,69,300,1,3,3,15,3,1,1,0,0,0,5,25542,13286,39883,2258658,0,29049,128009,4342027,6780157,0,0,0,998,1000,1399,1400,8315279
MPCTASK: EXP,3,414,20709,-125,304,711,115,762,-41,266,-788,2,-452,998,700,104,596,700,3,121,879,69,300,1,3,3,15,3,1,1,0,0,0,5,25313,12000,37831,2040073,0,1795,65461,4303103,6431302,0,0,0,998,1000,1399,1400,8315279
MPCTASK: EXP,3,416,20809,-93,362,707,253,702,-47,352,-663,-14,-374,1093,700,159,601,700,-2,171,601,69,300,1,3,3,15,3,1,1,0,0,0,5,25351,11775,37643,2001546,0,1795,64276,4309567,6399431,0,0,0,998,1000,1399,1400,8315279
MPCTASK: EXP,3,418,20910,-51,413,703,378,591,-31,471,-470,-19,-257,1161,700,192,564,700,-2,39,855,69,300,1,3,3,15,3,1,1,0,0,0,5,26355,11086,38031,1884535,0,1796,78179,4480139,6465437,0,0,0,999,1000,1399,1400,8315279
MPCTASK: EXP,3,420,21013,-21,434,700,420,466,-34,428,-207,44,-114,1201,700,170,517,700,-5,196,648,69,300,1,3,3,15,3,1,1,0,0,0,5,27564,12865,41876,2187062,0,2086,152055,4685775,7119142,0,0,0,999,1000,1399,1400,8315279
MPCTASK: EXP,3,422,21111,49,468,698,487,374,-22,524,-5,52,41,1213,700,191,479,700,-5,-41,865,69,300,1,3,3,15,3,1,1,0,0,0,5,25509,12939,39426,2199537,0,22753,121307,4336499,6702474,0,0,0,999,1000,1399,1400,8315279
MPCTASK: EXP,3,424,21211,84,484,699,448,263,-9,608,358,49,195,1195,700,157,426,700,-2,90,734,69,300,1,3,3,15,3,1,1,0,0,0,5,25821,12021,38650,2043482,0,1802,23461,4389511,6570551,0,0,0,999,1000,1399,1400,8315279
MPCTASK: EXP,3,426,21315,68,460,700,292,86,-17,697,578,102,331,1148,700,41,311,700,-3,73,871,69,300,1,3,3,15,3,1,1,0,0,0,5,27313,12648,41710,2150006,0,1795,275238,4643132,7090811,0,0,0,999,1000,1399,1400,8315279
MPCTASK: EXP,3,428,21410,85,458,697,184,-44,-34,680,548,149,436,1074,700,0,243,700,-8,153,635,69,300,1,3,3,15,3,1,1,0,0,0,5,26340,10763,37369,1829697,0,1795,23151,4477767,6352879,0,0,0,998,1000,1399,1400,8315279
MPCTASK: EXP,3,430,21510,109,504,695,95,-95,-34,870,687,200,500,974,700,-31,226,700,-11,93,1097,69,300,1,3,3,15,3,1,1,0,0,0,5,27302,9138,37371,1553422,0,1795,136056,4641283,6353035,0,0,0,998,1000,1399,1400,8315279
MPCTASK: EXP,3,432,21612,109,477,694,-36,-276,-5,860,844,350,517,850,700,-90,121,700,-7,4,1285,69,300,1,3,3,15,3,1,1,0,0,0,5,23244,12951,38585,2201572,0,1796,292387,3951411,6559564,0,0,0,998,1000,1399,1400,8315279
MPCTASK: EXP,3,434,21711,82,435,691,-192,-432,-5,636,755,579,484,706,700,-147,33,700,-9,-11,1076,69,300,1,3,3,15,3,1,1,0,0,0,5,28058,9170,38046,1558840,0,1802,92530,4769827,6467871,0,0,0,998,1000,1399,1400,8315279
MPCTASK: EXP,3,436,21813,55,366,687,-303,-581,17,535,555,680,406,545,700,-180,-86,700,-12,98,649,69,300,1,3,3,15,3,1,1,0,0,0,5,28237,11088,40520,1884892,0,1796,81447,4800171,6888545,0,0,0,997,1000,1399,1400,8315279
MPCTASK: EXP,3,438,21910,-8,271,688,-414,-728,43,484,341,680,290,371,700,-223,-215,700,-11,-33,879,69,300,1,3,3,15,3,1,1,0,0,0,5,24973,12497,38021,2124454,0,1796,70873,4245279,6463631,0,0,0,996,1000,1399,1400,8315279
MPCTASK: EXP,3,440,22013,-50,228,690,-435,-748,51,271,7,606,147,187,700,-212,-240,700,-9,64,655,69,300,1,3,3,15,3,1,1,0,0,0,5,28154,11364,40510,1931892,0,1795,145092,4786108,6886706,0,0,0,996,1000,1399,1400,8315279
MPCTASK: EXP,3,442,22111,-82,169,698,-405,-776,51,330,-165,478,-7,0,700,-183,-309,700,-1,37,753,69,300,1,3,3,15,3,1,1,0,0,0,5,23597,12986,38514,2207700,0,1976,24609,4011339,6547387,0,0,0,995,1000,1399,1400,8315279
MPCTASK: EXP,3,444,22211,-120,100,705,-357,-804,43,243,-350,353,-158,-189,700,-163,-365,700,5,131,530,69,300,1,3,3,15,3,1,1,0,0,0,5,26375,10549,38265,1793189,0,1802,71034,4483651,6505120,0,0,0,995,1000,1399,1400,8315279
MPCTASK: EXP,3,446,22309,-133,31,715,-262,-818,38,194,-499,239,-292,-373,700,-109,-417,700,15,120,573,69,300,1,3,3,15,3,1,1,0,0,0,5,24534,11255,36556,1913157,0,1796,108159,4170668,6214556,0,0,0,996,1000,1399,1400,8315279
MPCTASK: EXP,3,448,22410,-146,-39,719,-160,-819,6,48,-579,152,-394,-549,700,-59,-447,700,19,189,620,69,300,1,3,3,15,3,1,1,0,0,0,5,24952,11278,37521,1917047,0,1956,123365,4241673,6378572,0,0,0,996,1000,1399,1400,8315279
MPCTASK: EXP,3,450,22509,-149,-97,718,-51,-786,-31,-24,-622,65,-454,-711,700,-15,-462,700,12,182,574,69,300,1,3,3,15,3,1,1,0,0,0,5,24275,12211,36930,2075852,0,1835,35699,4126667,6278087,0,0,0,997,1000,1399,1400,8315279
MPCTASK: EXP,3,452,22610,-138,-158,715,69,-747,-45,-164,-612,-11,-468,-855,700,43,-461,700,5,165,588,69,300,1,3,3,15,3,1,1,0,0,0,5,25980,11102,38067,1887246,0,1795,65477,4416547,6471406,0,0,0,998,1000,1399,1400,8315279
MPCTASK: EXP,3,454,22711,-116,-212,712,182,-682,-34,-271,-529,-85,-435,-974,700,78,-448,700,5,122,631,69,300,1,3,3,15,3,1,1,0,0,0,5,25293,12475,38768,2120658,0,1977,146584,4299587,6590668,0,0,0,998,1000,1399,1400,8315279
MPCTASK: EXP,3,456,22810,-92,-263,707,267,-603,-35,-430,-377,-153,-361,-1065,699,103,-408,699,0,107,625,69,300,1,3,3,15,3,1,1,0,0,0,5,24812,11254,36773,1913069,0,1795,97747,4217947,6251581,0,0,0,998,1000,1399,1400,8315279
MPCTASK: EXP,3,458,22909,-56,-290,705,329,-480,-23,-538,-209,-203,-254,-1123,699,112,-349,699,0,91,708,69,300,1,3,3,15,3,1,1,0,0,0,5,25973,9886,36512,1680540,0,1802,75925,4415211,6207211,0,0,0,998,1000,1399,1400,8315279
MPCTASK: EXP,3,460,23013,-13,-314,703,366,-355,-17,-621,3,-214,-128,-1143,699,117,-311,699,0,92,750,69,300,1,3,3,15,3,1,1,0,0,0,5,27558,12319,41024,2094083,0,1795,64269,4684731,6974158,0,0,0,999,1000,1399,1400,8315279
MPCTASK: EXP,3,462,23109,34,-332,703,370,-220,-5,-703,209,-198,0,-1122,699,137,-244,699,2,109,748,69,300,1,3,3,15,3,1,1,0,0,0,5,24482,10227,35852,1738534,0,1795,171109,4161811,6094949,0,0,0,999,1000,1399,1400,8315279
MPCTASK: EXP,3,464,23212,83,-332,705,340,-74,-1,-734,440,-175,114,-1058,699,150,-216,699,5,89,834,69,300,1,3,3,15,3,1,1,0,0,0,5,23932,11513,38493,1957123,0,1949,494508,4068379,6543863,0,0,0,998,1000,1399,1400,8315279
MPCTASK: EXP,3,466,23312,106,-326,702,252,60,-25,-655,520,-171,202,-954,699,101,-163,699,-2,172,588,69,300,1,3,3,15,3,1,1,0,0,0,5,25836,10614,38067,1804281,0,2196,24925,4392167,6488438,0,0,0,998,1000,1399,1400,8315279
MPCTASK: EXP,3,468,23418,128,-306,697,163,179,-38,-548,575,-157,252,-814,700,107,-140,700,-9,117,662,69,300,1,3,3,15,3,1,1,0,0,0,5,28498,15173,44727,2579396,0,1795,155106,4844595,7603681,0,0,0,998,1000,1399,1400,8315279
MPCTASK: EXP,3,470,23512,137,-278,694,63,270,-20,-351,520,-149,261,-648,700,96,-131,700,-9,57,805,69,300,1,3,3,15,3,1,1,0,0,0,5,26601,10386,37926,1765404,0,1795,84953,4522139,6447606,0,0,0,998,1000,1399,1400,8315279
MPCTASK: EXP,3,472,23608,127,-233,688,-35,342,-23,-147,393,-143,232,-469,700,99,-120,700,-15,-21,956,69,300,1,3,3,15,3,1,1,0,0,0,5,22130,11974,34705,2035568,0,1795,23151,3761951,5899886,0,0,0,997,1000,1399,1400,8315279
MPCTASK: EXP,3,474,23714,116,-202,684,-95,340,-6,135,197,-124,177,-296,700,85,-110,700,-16,16,937,69,300,1,3,3,15,3,1,1,0,0,0,5,28826,11059,40827,1879995,0,1795,72014,4900203,6940586,0,0,0,996,1000,1399,1400,8315279
MPCTASK: EXP,3,476,23811,92,-176,688,-129,290,28,312,-36,-105,112,-148,700,54,-97,700,-11,92,574,69,300,1,3,3,15,3,1,1,0,0,0,5,24770,12002,37881,2040298,0,1795,64594,4210787,6439779,0,0,0,995,1000,1399,1400,8315279
MPCTASK: EXP,3,478,23912,78,-161,691,-113,216,21,366,-170,-86,56,-43,700,37,-79,700,-8,187,746,69,300,1,3,3,15,3,1,1,0,0,0,5,24408,12883,38199,2190016,0,1795,65657,4149295,6493813,0,0,0,995,1000,1399,1400,8315279
MPCTASK: EXP,3,480,24018,66,-148,694,-88,152,13,254,-164,-85,24,9,700,28,-74,700,-5,167,628,69,300,1,3,3,15,3,1,1,0,0,0,5,30429,12263,43390,2084625,0,1795,23151,5172759,7376279,0,0,0,995,1000,1399,1400,8315279
MPCTASK: EXP,3,482,24110,59,-149,698,-65,97,16,116,-91,-93,17,21,700,41,-111,700,-1,137,482,69,300,1,3,3,15,3,1,1,0,0,0,5,26419,8890,35817,1511227,0,1795,23151,4491099,6089007,0,0,0,995,1000,1399,1400,8315279
MPCTASK: TRAJ DONE: idx=482, max=482; requesting landing
MPCTASK: LANDING: start z=0.69, hold=(0.06,-0.15)
MPCTASK: TIMING SUMMARY: max_step_cycles=8315279 deadline_cycles=8400000 overruns=0
MPCTASK: LANDING COMPLETE: t=29175 ms, x=0.036, y=-0.163, z=-0.005, vz=-0.064; motors off
SUP: Disarming
