SYS: Crazyflie 2.1 Brushless is up and running!
SYS: Build 2:de14ff9f08ae (2025.09.1 +2) MODIFIED
SYS: I am 0x373930393434471500370039 and I have 1024KB of flash!
CFGBLK: v1, verification [OK]
DECK_DISCOVERY: Backend found: onewire
DECK_DISCOVERY: Backend found: deckctrl
DECK_CORE: 1 deck(s) found
DECK_CORE: Calling INIT on driver bcFlow2 for deck 0
ZR2: Z-down sensor [OK]
PMW: Motion chip id: 0x49:0xB6
IMU: BMI088: Using I2C interface.
IMU: BMI088 Gyro connection [OK].
IMU: BMI088 Accel connection [OK]
IMU: BMP390 I2C connection [OK]
ESTIMATOR: Using Kalman (2) estimator
CONTROLLER: Using PID (1) controller
MTR-DRV: Using brushless motor driver
SYS: About to run tests in system.c.
SYS: NRF51 version: 2026.04 (C21B)
EEPROM: I2C connection [OK].
STORAGE: Storage check [OK].
IMU: BMI088 gyro self-test [OK]
DECK_CORE: Deck 0 test [OK].
SYS: Self test passed!
STAB: Wait for sensor calibration...
SYS: Free heap: 15048 bytes
MPCTASK: Waiting for activation ...
STAB: Starting stabilizer loop
STAB: WARNING: stabilizer loop rate is off (1004)
SUP: Ready to fly
MPCTASK: Benchmark mode 3, maneuver 4, max_iter 5, task_pri 0
MPCTASK: Reference altitude: 0.70 m; barrier skip when z>0.75 and vz>-0.20
MPCTASK: OOT takeoff: cfclient trigger>=0.15m ramp=0.15m/s figure8_start=3000ms_at_measured_z target=0.70m timeout=12000ms
MPCTASK: Common baseline: mpc_hz=20 model_hz=20 rho=5 base_w=0 base_qz=1 Qz=100 R=4 bridge=x10 guards=z[ref,ref+0.20] xy=free cap=0.05
MPCTASK: MPC->PID: xyz=x10, z_guard=[ref,ref+0.20], yaw=raw_rz, output_hold=200ms, safety_hold=500ms
MPCTASK: Reference origin: xyz=measured_at_forced_3s_start target_z=0.70 m
MPCTASK: LIMO adaptive: cache=16x4 evals=1 timing=bar/rl/cache_cycles
MPCTASK: EXP every=2: m,s,tms,p3[mm],v3[mmps],att3[cdeg],ref3[mm],cmd3[mm],h/raw/grad/mar/thr[milli],act/ac/bind,wi/qi/cache/noa,pa/pf/du[milli],it,mpc/eval/total[us],bar/tanh/rl/cache/solve/step[cycles],overruns,post_active/post_infeasible_totals,wreq/w/qzreq/qz[milli],max_step_cycles
MPCTASK: Figure8: source=traj_fig8_12.h source_hz=100 samples=1205 laps=2 duration=24.07 s origin=forced_3s_start start_delay=3000ms z_baseline=measured_at_start
CONTROLLER: Using OutOfTree (6) controller
MPCTASK: Trajectory origin: x=0.02 y=0.04
MPCTASK: OOT activated at z=0.01
MPCTASK: TAKEOFF START: trigger_z=0.15 start_z=0.01 target=0.70 hold=(0.02,0.06) ramp=0.15m/s
MPCTASK: OOT loop 1 done
MPCTASK: MPC task loop 1
MPCTASK: x0: pos=(0.02,0.06,0.01) vel=(0.0,0.03,MPCTASK: OOT loop 2 done
-0.0)
MPCTASK: ref: (0.02,0.06,0.01)
MPCTASK: OOT loop 3 done
MPCTASK: SAFE TV mode=3: h=0.0 raw=0.0 grad=0.0 margin=0.0 thr=0.0 active0=0 active_count=0 eval=14033 us
MPCTASK: MPC solve start
MPCTASK: MPC solve done, iter=5
MPCTASK: MPC time=23175 us
MPCTASK: MPC stack free=869 words
MPCTASK: setpoint: x=0.02 y=0.06 z=0.07 preview_z=0.07
MPCTASK: MPC task loop 2
MPCTASK: MPC task loop 3
MPCTASK: Cache level changed: 0 -> 1
MPCTASK: TAKEOFF COMPLETE: t=3000ms z=0.44 vz=0.19; trajectory queued origin=(-0.02,0.10,0.44)
MPCTASK: TRAJ START: z=0.45 origin=(-0.02,0.10,0.44) EXP clock reset; Z metric begins at t+3s
MPCTASK: EXP,3,2,84,-32,118,460,-68,49,181,16,98,114,-23,109,448,-92,358,448,-239,-59,1233,69,300,1,3,3,15,3,1,1,0,0,0,5,23438,9941,34127,1689932,0,1731,23120,3984341,5801578,0,0,0,989,1000,1399,1400,6351927
MPCTASK: EXP,3,4,184,-20,141,480,-36,76,155,-264,-50,304,-34,128,448,-10,408,449,-219,200,931,69,300,1,3,3,15,3,1,1,0,0,0,5,22983,9425,33217,1602313,0,65877,50401,3907089,5647050,0,0,0,988,1000,1399,1400,6351927
MPCTASK: EXP,3,6,282,-56,146,490,-118,152,52,-805,269,499,-69,195,448,-49,425,448,-209,-102,1571,69,300,1,3,3,15,3,1,1,0,0,0,5,20926,9840,31343,1672740,0,1731,75808,3557253,5328417,0,0,0,988,1000,1399,1400,6351927
MPCTASK: EXP,3,8,383,-112,146,496,-226,248,30,-745,-64,607,-122,315,449,-65,422,449,-203,-136,1526,69,300,1,3,3,15,3,1,1,0,0,0,5,22059,10305,32994,1751723,0,1731,84373,3750117,5609043,0,0,0,989,1000,1399,1400,6351927
MPCTASK: EXP,3,10,485,-161,171,495,-244,349,-10,-517,-412,688,-176,474,448,-81,443,448,-206,1,1030,69,300,1,3,3,15,3,1,1,0,0,0,5,22610,11225,34722,1908170,0,1731,127989,3843750,5902805,0,0,0,991,1000,1399,1400,6351927
MPCTASK: EXP,3,12,584,-211,174,496,-218,377,12,-300,-576,758,-215,653,448,-93,411,448,-203,-74,1338,69,300,1,3,3,15,3,1,1,0,0,0,5,22881,9314,32827,1583241,0,1731,84825,3889782,5580756,0,0,0,993,1000,1399,1400,6351927
MPCTASK: EXP,3,14,683,-255,223,501,-149,456,25,-266,-896,629,-222,832,448,-91,453,448,-198,-156,1876,69,300,1,3,3,15,3,1,1,0,0,0,5,20105,10578,31928,1798107,0,1732,127850,3417826,5427894,0,0,0,995,1000,1399,1400,6351927
MPCTASK: EXP,3,16,784,-325,278,506,-99,511,19,-55,-889,427,-191,992,448,-159,481,449,-193,-117,1853,69,300,1,3,3,15,3,1,1,0,0,0,5,23881,8621,33345,1465635,0,1731,121053,4059822,5668776,0,0,0,996,1000,1399,1400,6351927
MPCTASK: EXP,3,18,882,-375,318,513,-8,489,-10,315,-1167,133,-122,1121,448,-176,449,450,-188,-208,2120,69,300,1,3,3,15,3,1,1,0,0,0,5,21634,10004,32156,1700693,0,1731,64257,3677673,5466630,0,0,0,997,1000,1399,1400,6351927
MPCTASK: EXP,3,20,987,-427,338,516,98,393,-50,285,-1275,-185,-22,1210,448,-215,415,451,-193,-233,2172,69,300,1,3,3,15,3,1,1,0,0,0,5,26007,9177,35699,1559976,0,1731,65376,4421126,6068912,0,0,0,998,1000,1399,1400,6351927
MPCTASK: EXP,3,22,1088,-427,383,514,281,338,-59,324,-1181,-530,96,1256,448,-201,406,450,-197,-193,2172,69,300,1,3,3,15,3,1,1,0,0,0,5,25097,12389,37968,2106078,0,1731,58580,4266353,6454573,0,0,0,998,1000,1399,1400,6454573
MPCTASK: EXP,3,24,1184,-448,386,507,363,215,-46,422,-745,-838,219,1258,448,-264,335,448,-201,-105,1716,69,300,1,3,3,15,3,1,1,0,0,0,5,24032,8936,33235,1519044,0,1731,23120,4085334,5650093,0,0,0,999,1000,1399,1400,6454573
MPCTASK: EXP,3,26,1283,-435,426,503,422,145,-18,602,-624,-1190,328,1219,448,-275,299,448,-200,-125,1480,69,300,1,3,3,15,3,1,1,0,0,0,5,21520,10181,32497,1730693,0,2125,24274,3658349,5525553,0,0,0,999,1000,1399,1400,6454573
MPCTASK: EXP,3,28,1386,-442,438,502,403,12,0,746,-245,-1389,411,1143,448,-346,243,448,-197,-144,1669,69,300,1,3,3,15,3,1,1,0,0,0,5,25429,9308,35374,1582281,0,2070,84795,4322881,6013592,0,0,0,999,1000,1399,1400,6454573
MPCTASK: EXP,3,30,1481,-441,414,503,330,-140,54,753,111,-1443,455,1035,448,-402,149,450,-196,-42,1272,69,300,1,3,3,15,3,1,1,0,0,0,5,20782,9930,30981,1688044,0,1731,23120,3532941,5266952,0,0,0,999,1000,1399,1400,6454573
MPCTASK: EXP,3,32,1583,-453,366,511,216,-317,58,949,129,-1337,455,900,448,-447,13,452,-188,-85,1745,69,300,1,3,3,15,3,1,1,0,0,0,5,23089,8966,32323,1524166,0,1731,23120,3925073,5494893,0,0,0,999,1000,1399,1400,6454573
MPCTASK: EXP,3,34,1681,-489,262,516,102,-565,-14,950,76,-1085,407,744,448,-497,-157,451,-186,30,2006,69,300,1,3,3,15,3,1,1,0,0,0,5,20877,9522,30951,1618731,0,1731,70835,3549065,5261696,0,0,0,999,1000,1399,1400,6454573
MPCTASK: EXP,3,36,1785,-481,213,512,61,-654,-48,423,271,-818,317,572,448,-502,-204,449,-197,-94,1370,69,300,1,3,3,15,3,1,1,0,0,0,5,23471,10010,33869,1701499,0,1731,43719,3989934,5757849,0,0,0,999,1000,1399,1400,6454573
MPCTASK: EXP,3,38,1881,-478,122,505,9,-725,-72,62,212,-523,192,389,448,-472,-288,448,-208,-54,1487,69,300,1,3,3,15,3,1,1,0,0,0,5,20536,9071,30509,1541993,0,1731,50136,3491037,5186660,0,0,0,998,1000,1399,1400,6454573
MPCTASK: EXP,3,40,1984,-514,58,501,-61,-706,-69,-124,43,-263,44,201,448,-478,-328,448,-212,-22,1342,69,300,1,3,3,15,3,1,1,0,0,0,5,23370,9657,33935,1641643,0,2124,24277,3972965,5768907,0,0,0,998,1000,1399,1400,6454573
MPCTASK: EXP,3,42,2081,-541,3,499,-74,-660,-38,-171,-249,-72,-110,11,448,-449,-356,448,-208,-4,1077,69,300,1,3,3,15,3,1,1,0,0,0,5,20751,9558,31060,1624809,0,52195,54758,3527545,5280236,0,0,0,997,1000,1399,1400,6454573
MPCTASK: EXP,3,44,2184,-563,-40,499,-42,-599,-42,-194,-467,82,-257,-174,448,-409,-366,448,-208,-20,1203,69,300,1,3,3,15,3,1,1,0,0,0,5,23100,9843,33349,1673334,0,1733,23273,3926834,5669357,0,0,0,996,1000,1399,1400,6454573
MPCTASK: EXP,3,46,2287,-566,-87,493,44,-554,-70,-128,-664,220,-382,-352,448,-340,-387,448,-220,-11,1417,69,300,1,3,3,15,3,1,1,0,0,0,5,24380,11514,36908,1957220,0,1731,119963,4144513,6274512,0,0,0,995,1000,1399,1400,6454573
MPCTASK: EXP,3,48,2383,-557,-128,485,167,-509,-70,-88,-792,306,-472,-519,448,-262,-396,448,-228,52,1297,69,300,1,3,3,15,3,1,1,0,0,0,5,23526,8302,33014,1411305,0,2128,138106,3999269,5612463,0,0,0,995,1000,1399,1400,6454573
MPCTASK: EXP,3,50,2489,-526,-160,478,323,-458,-44,-67,-859,300,-518,-669,448,-166,-391,448,-230,-6,1596,69,300,1,3,3,15,3,1,1,0,0,0,5,26129,11289,38619,1919140,0,1732,156930,4441842,6565402,0,0,0,996,1000,1399,1400,6565402
MPCTASK: EXP,3,52,2586,-473,-172,472,499,-401,-26,70,-865,143,-516,-801,448,-62,-378,448,-232,-49,1752,69,300,1,3,3,15,3,1,1,0,0,0,5,24323,10466,35494,1779131,0,1731,24270,4134889,6034032,0,0,0,997,1000,1399,1400,6565402
MPCTASK: EXP,3,54,2687,-385,-187,464,694,-375,-15,115,-740,-90,-465,-909,448,54,-366,448,-238,-132,1803,69,300,1,3,3,15,3,1,1,0,0,0,5,23098,11551,36197,1963692,0,1854,223519,3926633,6153710,0,0,0,997,1000,1399,1400,6565402
MPCTASK: EXP,3,56,2787,-300,-190,463,825,-349,34,159,-488,-396,-371,-993,448,128,-341,448,-236,-104,1408,69,300,1,3,3,15,3,1,1,0,0,0,5,27134,9085,36734,1544390,0,1731,64248,4612690,6244839,0,0,0,998,1000,1399,1400,6565402
MPCTASK: EXP,3,58,2883,-181,-182,467,945,-308,63,149,-229,-661,-243,-1050,448,224,-294,448,-232,-48,1167,69,300,1,3,3,15,3,1,1,0,0,0,5,20443,11123,32715,1890858,0,1731,65357,3475326,5561624,0,0,0,998,1000,1399,1400,6565402
MPCTASK: EXP,3,60,2982,-91,-200,475,939,-317,79,197,156,-858,-92,-1079,448,226,-287,448,-224,-69,1315,69,300,1,3,3,15,3,1,1,0,0,0,5,21258,9694,31369,1647785,0,1731,23120,3613701,5332943,0,0,0,998,1000,1399,1400,6565402
MPCTASK: EXP,3,62,3085,14,-234,484,904,-331,73,14,614,-943,63,-1078,448,224,-270,448,-215,-56,1085,69,300,1,3,3,15,3,1,1,0,0,0,5,21961,10464,33229,1778837,0,1767,23432,3733249,5648900,0,0,0,998,1000,1399,1400,6565402
MPCTASK: EXP,3,64,3184,97,-239,495,762,-244,63,-263,1115,-926,212,-1048,448,185,-198,448,-204,-191,2103,69,300,1,3,3,15,3,1,1,0,0,0,5,23952,8435,32868,1433919,0,2034,58103,4071669,5587543,0,0,0,998,1000,1399,1400,6565402
MPCTASK: EXP,3,66,3284,163,-214,503,563,-81,18,-393,1430,-828,338,-990,448,127,-88,450,-196,-114,2274,69,300,1,3,3,15,3,1,1,0,0,0,5,21200,11394,33112,1936776,0,1731,24265,3603809,5629132,0,0,0,998,1000,1399,1400,6565402
MPCTASK: EXP,3,68,3384,209,-218,508,336,14,-16,-376,1481,-774,428,-904,448,66,-38,451,-194,2,2324,69,300,1,3,3,15,3,1,1,0,0,0,5,22224,8651,31893,1470584,0,1731,67500,3778025,5421900,0,0,0,998,1000,1399,1400,6565402
MPCTASK: EXP,3,70,3487,231,-178,504,90,163,-54,-432,1500,-650,474,-794,448,-7,72,449,-206,-59,2403,69,300,1,3,3,15,3,1,1,0,0,0,5,23622,11055,35244,1879304,0,1731,74149,4015710,5991680,0,0,0,998,1000,1399,1400,6565402
MPCTASK: EXP,3,72,3584,233,-162,499,-141,257,-47,-440,1334,-585,471,-662,448,-70,132,448,-209,-89,2308,69,300,1,3,3,15,3,1,1,0,0,0,5,23566,8318,32913,1414051,0,1731,105242,4006113,5595299,0,0,0,998,1000,1399,1400,6565402
MPCTASK: EXP,3,74,3684,221,-149,493,-314,329,-51,-509,1143,-508,420,-510,448,-109,187,448,-216,-111,2232,69,300,1,3,3,15,3,1,1,0,0,0,5,21318,10757,32912,1828657,0,2130,24276,3623893,5595039,0,0,0,997,1000,1399,1400,6565402
MPCTASK: EXP,3,76,3784,186,-126,490,-484,425,-28,-609,902,-406,325,-343,448,-154,257,448,-214,-93,1925,69,300,1,3,3,15,3,1,1,0,0,0,5,21267,9665,32181,1642948,0,1731,100811,3615341,5470900,0,0,0,996,1000,1399,1400,6565402
MPCTASK: EXP,3,78,3883,159,-78,489,-566,534,-18,-652,608,-263,196,-165,448,-150,345,448,-213,-36,1328,69,300,1,3,3,15,3,1,1,0,0,0,5,20287,10971,31908,1864931,0,1731,23120,3448705,5424436,0,0,0,995,1000,1399,1400,6565402
MPCTASK: EXP,3,80,3983,152,-41,492,-554,597,-1,-589,318,-134,46,18,448,-95,395,448,-207,-62,1348,69,300,1,3,3,15,3,1,1,0,0,0,5,23530,8115,32166,1379418,0,1731,63820,3999953,5468312,0,0,0,993,1000,1399,1400,6565402
MPCTASK: EXP,3,82,4084,126,-3,493,-541,651,-7,-565,131,-64,-110,205,448,-65,443,448,-207,-20,1156,69,300,1,3,3,15,3,1,1,0,0,0,5,21629,10840,33361,1842726,0,1731,23429,3676733,5671536,0,0,0,994,1000,1399,1400,6565402
MPCTASK: EXP,3,84,4182,93,78,495,-501,757,-12,-522,-131,40,-259,390,448,-26,541,448,-207,-57,1322,69,300,1,3,3,15,3,1,1,0,0,0,5,22871,7492,30995,1273634,0,1731,84960,3887933,5269183,0,0,0,995,1000,1399,1400,6565402
MPCTASK: EXP,3,86,4286,65,153,496,-428,816,-19,-317,-383,93,-384,568,448,23,599,448,-207,-27,1161,69,300,1,3,3,15,3,1,1,0,0,0,5,23277,10893,34933,1851618,0,1731,42538,3957013,5938811,0,0,0,996,1000,1399,1400,6565402
MPCTASK: EXP,3,88,4390,56,214,494,-300,809,-36,-114,-555,134,-474,734,448,89,623,448,-212,43,903,69,300,1,3,3,15,3,1,1,0,0,0,5,26332,12014,38861,2042288,0,1731,23120,4476389,6606603,0,0,0,997,1000,1399,1400,6606603
MPCTASK: EXP,3,90,4488,56,283,488,-171,812,-54,-8,-613,196,-520,885,448,149,661,448,-222,35,1053,69,300,1,3,3,15,3,1,1,0,0,0,5,23843,11833,36506,2011546,0,1731,24666,4053261,6206378,0,0,0,998,1000,1399,1400,6606603
MPCTASK: EXP,3,92,4586,68,354,482,-13,764,-48,218,-551,329,-517,1017,448,209,665,448,-227,31,992,69,300,1,3,3,15,3,1,1,0,0,0,5,25491,9006,34923,1530969,0,1731,23120,4333401,5936984,0,0,0,998,1000,1399,1400,6606603
MPCTASK: EXP,3,94,4681,75,415,476,80,705,-49,246,-421,460,-466,1127,448,226,673,448,-233,20,965,69,300,1,3,3,15,3,1,1,0,0,0,5,19526,9941,29992,1689881,0,1871,65489,3319433,5098617,0,0,0,998,1000,1399,1400,6606603
MPCTASK: EXP,3,96,4787,102,472,476,177,630,5,485,-329,582,-372,1211,448,248,654,448,-223,54,733,69,300,1,3,3,15,3,1,1,0,0,0,5,26557,9174,36160,1559466,0,1731,48789,4514637,6147120,0,0,0,998,1000,1399,1400,6770787
MPCTASK: EXP,3,98,4884,97,494,479,187,485,20,621,-138,674,-243,1268,448,203,585,448,-220,-9,1062,69,300,1,3,3,15,3,1,1,0,0,0,5,20343,10903,31983,1853288,0,17807,24649,3458249,5437161,0,0,0,998,1000,1399,1400,6770787
MPCTASK: EXP,3,100,4983,121,522,480,224,332,-2,619,-98,731,-92,1297,448,200,532,448,-220,12,1005,69,300,1,3,3,15,3,1,1,0,0,0,5,21014,9113,30929,1549089,0,1731,49740,3572369,5258035,0,0,0,998,1000,1399,1400,6770787
MPCTASK: EXP,3,102,5092,132,539,481,207,190,12,752,243,810,64,1296,448,143,458,448,-218,14,1125,69,300,1,3,3,15,3,1,1,0,0,0,5,27081,11321,39806,1924538,0,1731,163098,4347370,6766972,0,0,0,998,1000,1399,1400,6770787
MPCTASK: EXP,3,104,5187,147,532,479,173,28,-24,564,402,988,212,1267,448,93,394,448,-224,-134,1537,69,300,1,3,3,15,3,1,1,0,0,0,5,22509,11855,34632,2015282,0,1731,23120,3826450,5887472,0,0,0,998,1000,1399,1400,6770787
MPCTASK: EXP,3,106,5284,153,514,475,99,-87,-56,338,644,1155,338,1208,448,29,330,448,-235,-116,1719,69,300,1,3,3,15,3,1,1,0,0,0,5,19926,9810,30624,1667715,0,1731,87288,3387378,5206209,0,0,0,997,1000,1399,1400,6770787
MPCTASK: EXP,3,108,5389,147,483,471,-39,-189,-59,123,785,1237,428,1123,448,-54,260,448,-240,13,1391,69,300,1,3,3,15,3,1,1,0,0,0,5,26501,8225,35908,1398080,0,19394,142799,4504961,6104467,0,0,0,997,1000,1399,1400,6770787
MPCTASK: EXP,3,110,5486,128,456,465,-183,-247,-61,128,790,1190,474,1013,448,-128,194,448,-246,26,1342,69,300,1,3,3,15,3,1,1,0,0,0,5,23265,9133,33183,1552605,0,1731,65440,3954986,5641180,0,0,0,997,1000,1399,1400,6770787
MPCTASK: EXP,3,112,5587,94,428,461,-317,-304,-43,139,707,1206,471,880,448,-194,132,448,-247,-14,1342,69,300,1,3,3,15,3,1,1,0,0,0,5,24586,9190,34473,1562281,0,42424,24648,4179425,5860583,0,0,0,997,1000,1399,1400,6770787
MPCTASK: EXP,3,114,5690,71,443,457,-393,-261,-26,177,592,1247,420,728,448,-217,138,448,-247,-132,1653,69,300,1,3,3,15,3,1,1,0,0,0,5,22526,12072,35126,2052190,0,1731,66398,3829297,5971412,0,0,0,996,1000,1399,1400,6770787
MPCTASK: EXP,3,116,5787,13,410,455,-512,-354,-17,534,637,1272,325,562,448,-281,40,448,-247,-94,1544,69,300,1,3,3,15,3,1,1,0,0,0,5,25268,7141,32873,1213931,0,1731,56386,4295546,5588515,0,0,0,995,1000,1399,1400,6770787
MPCTASK: EXP,3,118,5884,-56,387,455,-598,-438,5,570,307,1317,196,384,448,-314,-16,448,-244,-117,1569,69,300,1,3,3,15,3,1,1,0,0,0,5,21032,8383,30107,1424987,0,1731,94717,3575381,5118333,0,0,0,993,1000,1399,1400,6770787
MPCTASK: EXP,3,120,5988,-117,327,455,-607,-569,-19,615,28,1294,46,199,448,-318,-114,448,-248,-28,1254,69,300,1,3,3,15,3,1,1,0,0,0,5,22693,10158,33670,1726628,0,42479,24647,3857698,5723974,0,0,0,992,1000,1399,1400,6770787
MPCTASK: EXP,3,122,6093,-167,258,453,-558,-675,-34,575,-225,1214,-110,12,448,-280,-198,448,-253,-141,1595,69,300,1,3,3,15,3,1,1,0,0,0,5,25182,12317,38144,2093835,0,1732,87457,4280929,6484476,0,0,0,992,1000,1399,1400,6770787
MPCTASK: EXP,3,124,6188,-220,195,454,-468,-731,20,443,-637,1064,-259,-172,448,-234,-259,448,-245,-147,1650,69,300,1,3,3,15,3,1,1,0,0,0,5,23771,8407,33154,1429033,0,15262,23427,4040954,5636212,0,0,0,993,1000,1399,1400,6770787
MPCTASK: EXP,3,126,6291,-254,137,460,-312,-753,46,474,-962,789,-384,-350,448,-159,-308,448,-239,-185,2122,69,300,1,3,3,15,3,1,1,0,0,0,5,22764,13168,36597,2238531,0,1736,23428,3869785,6221711,0,0,0,995,1000,1399,1400,6770787
MPCTASK: EXP,3,128,6390,-266,51,464,-113,-828,10,463,-1108,456,-474,-516,448,-75,-393,448,-235,-221,2139,69,300,1,3,3,15,3,1,1,0,0,0,5,24264,9597,34924,1631372,0,1731,158231,4124873,5937311,0,0,0,996,1000,1399,1400,6770787
MPCTASK: EXP,3,130,6488,-259,-20,463,99,-859,0,278,-1139,49,-520,-667,448,10,-439,448,-236,-226,2147,69,300,1,3,3,15,3,1,1,0,0,0,5,21271,9814,32877,1668334,0,1731,23495,3615978,5589069,0,0,0,997,1000,1399,1400,6770787
MPCTASK: EXP,3,132,6588,-228,-97,463,316,-879,12,127,-1079,-357,-517,-799,448,100,-483,448,-236,-212,2129,69,300,1,3,3,15,3,1,1,0,0,0,5,24367,8707,33934,1479993,0,1731,112996,4142337,5768912,0,0,0,997,1000,1399,1400,6770787
MPCTASK: EXP,3,134,6686,-184,-164,462,492,-855,16,-106,-823,-739,-466,-908,448,157,-490,448,-237,-166,1857,69,300,1,3,3,15,3,1,1,0,0,0,5,23228,8100,32063,1376873,0,1840,67627,3948721,5450673,0,0,0,998,1000,1399,1400,6770787
MPCTASK: EXP,3,136,6790,-124,-222,465,621,-783,50,-306,-439,-1062,-372,-993,448,204,-477,448,-234,-124,1386,69,300,1,3,3,15,3,1,1,0,0,0,5,23720,9889,35156,1681170,0,1731,81159,4032377,5976656,0,0,0,998,1000,1399,1400,6770787
MPCTASK: EXP,3,138,6889,-57,-284,472,684,-709,78,-355,-91,-1260,-243,-1050,448,227,-476,448,-227,-92,1318,69,300,1,3,3,15,3,1,1,0,0,0,5,22505,9501,34089,1615022,0,2593,23433,3825721,5795316,0,0,0,998,1000,1399,1400,6770787
MPCTASK: EXP,3,140,6988,21,-351,482,703,-643,80,-434,279,-1339,-92,-1079,448,236,-473,448,-217,-113,1302,69,300,1,3,3,15,3,1,1,0,0,0,5,21802,10367,33948,1762339,0,1731,280008,3706238,5771271,0,0,0,998,1000,1399,1400,6770787
MPCTASK: EXP,3,142,7092,95,-412,491,659,-549,48,-592,699,-1317,64,-1078,448,220,-451,448,-208,-123,1450,69,300,1,3,3,15,3,1,1,0,0,0,5,22330,13872,37573,2358001,0,1732,152778,3795922,6387479,0,0,0,997,1000,1399,1400,6770787
MPCTASK: EXP,3,144,7188,143,-427,499,523,-345,6,-719,1069,-1253,212,-1048,448,155,-356,448,-200,-12,1643,69,300,1,3,3,15,3,1,1,0,0,0,5,22498,9636,33169,1637948,0,1731,153713,3824601,5638946,0,0,0,997,1000,1399,1400,6770787
MPCTASK: EXP,3,146,7286,183,-435,500,358,-157,-40,-690,1198,-1130,338,-990,448,97,-279,448,-207,-45,2240,69,300,1,3,3,15,3,1,1,0,0,0,5,20863,9956,31090,1692405,0,1731,23120,3546573,5285323,0,0,0,997,1000,1399,1400,6770787
MPCTASK: EXP,3,148,7390,207,-429,492,170,18,-81,-665,1247,-957,428,-905,448,31,-194,448,-223,-76,2310,69,300,1,3,3,15,3,1,1,0,0,0,5,25947,9452,35956,1606777,0,2330,60262,4410845,6112540,0,0,0,997,1000,1399,1400,6770787
MPCTASK: EXP,3,150,7487,206,-406,483,-36,191,-81,-650,1180,-778,474,-794,448,-42,-98,448,-233,-111,2280,69,300,1,3,3,15,3,1,1,0,0,0,5,22960,9028,32810,1534562,0,1731,116854,3902992,5577805,0,0,0,997,1000,1399,1400,6770787
MPCTASK: EXP,3,152,7588,190,-366,472,-229,351,-74,-609,1044,-595,471,-662,448,-109,2,448,-242,-93,2236,69,300,1,3,3,15,3,1,1,0,0,0,5,22881,9158,32790,1556783,0,1731,24271,3889757,5574421,0,0,0,997,1000,1399,1400,6770787
MPCTASK: EXP,3,154,7687,156,-332,466,-394,463,-44,-598,860,-455,420,-510,448,-168,80,448,-242,-85,1896,69,300,1,3,3,15,3,1,1,0,0,0,5,20657,10105,32554,1717751,0,1731,23120,3511721,5534345,0,0,0,996,1000,1399,1400,6770787
MPCTASK: EXP,3,156,7788,121,-283,464,-502,570,-15,-604,631,-316,325,-343,448,-192,169,448,-238,-31,1244,69,300,1,3,3,15,3,1,1,0,0,0,5,24714,8959,33951,1522978,0,1731,24113,4201357,5771852,0,0,0,995,1000,1399,1400,6770787
MPCTASK: EXP,3,158,7887,67,-234,467,-586,657,7,-585,412,-230,196,-165,448,-222,245,448,-232,-65,1347,69,300,1,3,3,15,3,1,1,0,0,0,5,22699,9920,32892,1686330,0,1731,23120,3858757,5591764,0,0,0,994,1000,1399,1400,6770787
MPCTASK: EXP,3,160,7992,19,-181,468,-608,722,1,-526,111,-162,46,19,448,-215,311,448,-231,-48,1247,69,300,1,3,3,15,3,1,1,0,0,0,5,25275,9832,36731,1671385,0,1738,80011,4296666,6244300,0,0,0,994,1000,1399,1400,6770787
MPCTASK: EXP,3,162,8086,-33,-118,471,-590,782,6,-458,-144,-101,-110,206,448,-201,379,448,-228,-47,1210,69,300,1,3,3,15,3,1,1,0,0,0,5,21764,9276,31850,1576807,0,1732,115235,3699809,5414705,0,0,0,994,1000,1399,1400,6770787
MPCTASK: EXP,3,164,8189,-71,-46,473,-516,832,0,-361,-383,-46,-259,390,448,-156,447,448,-226,-10,996,69,300,1,3,3,15,3,1,1,0,0,0,5,25993,8832,35093,1501264,0,1731,23120,4418785,5966004,0,0,0,995,1000,1399,1400,6770787
MPCTASK: EXP,3,166,8288,-95,11,471,-397,836,-22,-294,-577,-19,-384,568,448,-97,481,448,-232,52,842,69,300,1,3,3,15,3,1,1,0,0,0,5,21413,11336,33820,1926997,0,1731,157952,3640101,5749505,0,0,0,996,1000,1399,1400,6770787
MPCTASK: EXP,3,168,8390,-105,76,468,-251,843,-35,-208,-685,11,-474,734,448,-28,525,448,-238,19,1129,69,300,1,3,3,15,3,1,1,0,0,0,5,24858,9355,34863,1590333,0,1903,87270,4225765,5926707,0,0,0,997,1000,1399,1400,6770787
MPCTASK: EXP,3,170,8489,-103,153,469,-93,852,-25,-87,-746,27,-520,885,448,47,573,448,-235,20,1173,69,300,1,3,3,15,3,1,1,0,0,0,5,21846,10217,34117,1736674,0,2745,183872,3713753,5800031,0,0,0,998,1000,1399,1400,6770787
MPCTASK: EXP,3,172,8593,-99,228,463,45,839,-45,38,-741,28,-517,1017,448,95,605,448,-245,22,1232,69,300,1,3,3,15,3,1,1,0,0,0,5,26514,11330,39085,1926048,0,1731,187070,4507449,6644430,0,0,0,998,1000,1399,1400,6770787
MPCTASK: EXP,3,174,8691,-83,317,463,178,833,-24,213,-671,17,-466,1126,448,139,643,448,-241,-76,1555,69,300,1,3,3,15,3,1,1,0,0,0,5,22834,11783,35299,2003055,0,1731,65352,3881690,6001008,0,0,0,998,1000,1399,1400,6770787
MPCTASK: EXP,3,176,8790,-72,362,458,261,711,-33,407,-549,51,-371,1211,448,155,593,448,-247,-5,1113,69,300,1,3,3,15,3,1,1,0,0,0,5,22446,9319,33077,1584084,0,1731,112830,3815646,5623073,0,0,0,999,1000,1399,1400,6770787
MPCTASK: EXP,3,178,8884,-21,382,452,383,556,-42,381,-398,91,-243,1268,448,192,534,448,-255,-47,1312,69,300,1,3,3,15,3,1,1,0,0,0,5,17468,9961,27850,1693283,0,1731,24014,2969385,4734479,0,0,0,999,1000,1399,1400,6770787
MPCTASK: EXP,3,180,8990,-3,434,449,382,481,-20,484,-58,87,-92,1297,448,137,518,448,-254,-64,1369,69,300,1,3,3,15,3,1,1,0,0,0,5,26436,6224,33738,1058032,0,1735,23293,4494065,5735712,0,0,0,999,1000,1399,1400,6770787
MPCTASK: EXP,3,182,9087,70,496,452,440,429,15,578,120,31,64,1296,448,169,517,448,-247,-136,1565,69,300,1,3,3,15,3,1,1,0,0,0,5,19125,10897,30807,1852303,0,1731,87298,3251217,5237353,0,0,0,998,1000,1399,1400,6770787
MPCTASK: EXP,3,184,9191,117,491,458,404,230,19,805,472,-1,212,1267,448,139,403,448,-241,-104,1705,69,300,1,3,3,15,3,1,1,0,0,0,5,23899,8040,34349,1366830,0,2211,279668,4062765,5839304,0,0,0,998,1000,1399,1400,6770787
MPCTASK: EXP,3,186,9288,151,522,459,299,128,-16,766,766,-18,337,1209,448,82,374,448,-244,13,1150,69,300,1,3,3,15,3,1,1,0,0,0,5,20773,10685,32119,1816440,0,1732,88949,3531453,5460227,0,0,0,998,1000,1399,1400,6770787
MPCTASK: EXP,3,188,9391,183,521,455,166,-27,-24,947,952,37,427,1124,448,32,281,448,-248,-16,1630,69,300,1,3,3,15,3,1,1,0,0,0,5,24166,9279,34898,1577425,0,1731,175338,4108001,5932730,0,0,0,998,1000,1399,1400,6770787
MPCTASK: EXP,3,190,9492,164,499,450,-39,-209,-42,749,997,277,472,1014,448,-65,199,448,-257,-182,2163,69,300,1,3,3,15,3,1,1,0,0,0,5,23013,10376,34172,1763688,0,1731,87491,3912101,5809388,0,0,0,998,1000,1399,1400,6770787
MPCTASK: EXP,3,192,9593,123,465,443,-257,-353,-38,545,967,512,469,882,448,-163,113,448,-264,-162,2175,69,300,1,3,3,15,3,1,1,0,0,0,5,25259,7145,35068,1214445,0,1732,406657,4293933,5961704,0,0,0,997,1000,1399,1400,6770787
MPCTASK: EXP,3,194,9687,76,463,438,-422,-396,-22,463,759,694,418,731,448,-232,87,448,-266,-28,1357,69,300,1,3,3,15,3,1,1,0,0,0,5,20046,9203,30011,1564465,0,1731,106760,3407689,5101883,0,0,0,996,1000,1399,1400,6770787
MPCTASK: EXP,3,196,9789,17,422,437,-544,-495,0,538,517,757,323,564,448,-276,1,448,-262,-121,1594,69,300,1,3,3,15,3,1,1,0,0,0,5,24490,7215,32227,1226469,0,1731,65440,4163217,5478711,0,0,0,995,1000,1399,1400,6770787
MPCTASK: EXP,3,198,9892,-49,346,438,-611,-639,35,547,163,790,195,386,448,-298,-116,448,-261,-129,1532,69,300,1,3,3,15,3,1,1,0,0,0,5,22356,10607,33856,1803192,0,1731,129610,3800558,5755671,0,0,0,994,1000,1399,1400,6770787
MPCTASK: EXP,3,200,9989,-112,300,443,-606,-678,47,359,-122,954,45,200,448,-296,-153,448,-256,-105,1434,69,300,1,3,3,15,3,1,1,0,0,0,5,20639,9224,31247,1567933,0,1731,184365,3508637,5312075,0,0,0,993,1000,1399,1400,6770787
MPCTASK: EXP,3,202,10090,-171,226,451,-553,-734,55,315,-407,1145,-109,11,448,-277,-226,448,-248,-15,926,69,300,1,3,3,15,3,1,1,0,0,0,5,21717,9663,32294,1642685,0,2129,24271,3691793,5490033,0,0,0,992,1000,1399,1400,6770787
MPCTASK: EXP,3,204,10193,-229,171,458,-482,-721,23,183,-524,1237,-255,-176,448,-269,-246,448,-241,18,860,69,300,1,3,3,15,3,1,1,0,0,0,5,23959,11044,35555,1877452,0,1731,24678,4073026,6044539,0,0,0,992,1000,1399,1400,6770787
MPCTASK: EXP,3,206,10292,-263,99,461,-363,-734,-6,269,-685,1211,-377,-358,448,-226,-303,448,-239,2,1155,69,300,1,3,3,15,3,1,1,0,0,0,5,22715,10004,33123,1700699,0,2600,44953,3861481,5630944,0,0,0,994,1000,1399,1400,6770787
MPCTASK: EXP,3,208,10392,-288,30,460,-223,-738,-28,190,-830,1059,-463,-529,448,-178,-332,448,-245,-83,1882,69,300,1,3,3,15,3,1,1,0,0,0,5,23821,9535,33932,1620945,0,1734,23271,4049581,5768576,0,0,0,995,1000,1399,1400,6770787
MPCTASK: EXP,3,210,10493,-268,-34,455,-1,-728,-28,180,-946,797,-506,-684,448,-79,-356,448,-250,-165,2161,69,300,1,3,3,15,3,1,1,0,0,0,5,23940,10197,34498,1733329,0,1731,25190,4069810,5864715,0,0,0,996,1000,1399,1400,6770787
MPCTASK: EXP,3,212,10594,-261,-103,450,164,-727,-21,63,-933,444,-501,-818,448,-34,-374,448,-253,-201,2118,69,300,1,3,3,15,3,1,1,0,0,0,5,22248,11533,35826,1960508,0,85555,100288,3782110,6090428,0,0,0,997,1000,1399,1400,6770787
MPCTASK: EXP,3,214,10693,-238,-165,450,320,-695,4,-133,-803,30,-450,-927,448,0,-367,448,-249,-177,1895,69,300,1,3,3,15,3,1,1,0,0,0,5,22957,10359,33963,1760892,0,1731,87497,3902630,5773744,0,0,0,998,1000,1399,1400,6770787
MPCTASK: EXP,3,216,10793,-196,-228,451,447,-649,20,-361,-508,-323,-361,-1005,448,18,-351,448,-248,-120,1322,69,300,1,3,3,15,3,1,1,0,0,0,5,24202,8741,34523,1485834,0,1907,55432,4114278,5868872,0,0,0,998,1000,1399,1400,6770787
MPCTASK: EXP,3,218,10892,-155,-269,456,498,-533,41,-594,-91,-614,-245,-1048,448,15,-305,448,-243,-144,1462,69,300,1,3,3,15,3,1,1,0,0,0,5,21875,11275,33951,1916674,0,2035,47034,3718689,5771832,0,0,0,998,1000,1399,1400,6770787
MPCTASK: EXP,3,220,10993,-108,-303,462,490,-392,43,-737,319,-804,-116,-1052,448,1,-261,448,-237,-146,1692,69,300,1,3,3,15,3,1,1,0,0,0,5,22905,11254,34702,1913252,0,1731,23431,3893790,5899469,0,0,0,998,1000,1399,1400,6770787
MPCTASK: EXP,3,222,11091,-73,-317,467,410,-216,25,-788,664,-922,7,-1014,448,-29,-208,448,-232,-48,1487,69,300,1,3,3,15,3,1,1,0,0,0,5,21121,9320,30994,1584288,0,1731,68719,3590429,5268984,0,0,0,998,1000,1399,1400,6770787
MPCTASK: EXP,3,224,11193,-35,-321,466,310,-50,-9,-713,824,-942,113,-934,448,-36,-177,448,-235,-4,1247,69,300,1,3,3,15,3,1,1,0,0,0,5,23757,8630,33520,1467014,0,1731,100381,4038535,5698555,0,0,0,997,1000,1399,1400,6770787
MPCTASK: EXP,3,226,11299,-16,-310,468,174,101,-7,-590,865,-891,187,-815,448,-54,-159,448,-233,-32,1465,69,300,1,3,3,15,3,1,1,0,0,0,5,26700,12138,39856,2063412,0,2035,51685,4538905,6775517,0,0,0,997,1000,1399,1400,6775517
MPCTASK: EXP,3,228,11393,-12,-289,465,36,220,-23,-391,721,-792,220,-663,448,-64,-146,448,-239,-138,1761,69,300,1,3,3,15,3,1,1,0,0,0,5,21902,10594,33437,1800899,0,1731,48878,3723245,5684549,0,0,0,997,1000,1399,1400,6775517
MPCTASK: EXP,3,230,11492,-21,-260,461,-74,288,-27,-156,471,-662,213,-490,448,-70,-135,448,-244,-116,1568,69,300,1,3,3,15,3,1,1,0,0,0,5,19952,10235,30830,1739855,0,1731,87486,3391653,5241551,0,0,0,996,1000,1399,1400,6775517
MPCTASK: EXP,3,232,11596,-34,-235,459,-135,294,-11,75,190,-525,172,-311,448,-69,-127,448,-242,-69,1446,69,300,1,3,3,15,3,1,1,0,0,0,5,24348,10987,35875,1867759,0,1731,23529,4139053,6098956,0,0,0,995,1000,1399,1400,6775517
MPCTASK: EXP,3,234,11697,-49,-220,457,-151,244,-13,211,-60,-405,111,-146,449,-77,-107,449,-245,-4,958,69,300,1,3,3,15,3,1,1,0,0,0,5,25516,10224,36781,1737951,0,1731,154186,4337617,6252905,0,0,0,994,1000,1399,1400,6775517
MPCTASK: EXP,3,236,11794,-65,-206,458,-131,191,0,191,-210,-319,48,-13,448,-108,-43,448,-241,38,688,69,300,1,3,3,15,3,1,1,0,0,0,5,21634,11114,33472,1889396,0,1732,54981,3677761,5690356,0,0,0,994,1000,1399,1400,6775517
MPCTASK: EXP,3,238,11898,-75,-199,456,-90,147,-10,13,-214,-272,0,71,448,-145,53,448,-245,-63,1391,69,300,1,3,3,15,3,1,1,0,0,0,5,25910,10127,37109,1721572,0,2125,57958,4404549,6308584,0,0,0,994,1000,1399,1400,6775517
MPCTASK: EXP,3,240,11994,-77,-195,455,-54,149,-10,-345,-57,-244,-20,105,448,-170,159,448,-246,-115,1465,69,300,1,3,3,15,3,1,1,0,0,0,5,22881,9442,33932,1605009,0,2595,63946,3889809,5768368,0,0,0,995,1000,1399,1400,6775517
MPCTASK: EXP,3,242,12093,-73,-192,457,-40,214,0,-809,164,-214,-23,109,448,-155,245,448,-242,-164,1863,69,300,1,3,3,15,3,1,1,0,0,0,5,23034,9350,33365,1589398,0,1731,93300,3915749,5672110,0,0,0,995,1000,1399,1400,6775517
MPCTASK: EXP,3,244,12192,-71,-170,462,-63,370,4,-1156,329,-184,-27,116,448,-111,304,448,-237,-79,2243,69,300,1,3,3,15,3,1,1,0,0,0,5,21263,9316,31213,1583545,0,2070,84792,3614725,5306292,0,0,0,995,1000,1399,1400,6775517
MPCTASK: EXP,3,246,12293,-75,-133,459,-101,556,-31,-1216,261,-194,-52,162,448,-71,370,448,-246,-144,2272,69,300,1,3,3,15,3,1,1,0,0,0,5,21593,10357,32596,1760673,0,1732,87511,3670713,5541288,0,0,0,996,1000,1399,1400,6775517
MPCTASK: EXP,3,248,12393,-86,-63,456,-120,762,-33,-997,19,-206,-99,261,448,-25,446,448,-250,-217,2121,69,300,1,3,3,15,3,1,1,0,0,0,5,23641,8938,32845,1519465,0,1731,23120,4018869,5583751,0,0,0,996,1000,1399,1400,6775517
MPCTASK: EXP,3,250,12496,-96,1,451,-91,872,-27,-632,-284,-198,-155,406,448,21,483,448,-254,-153,1713,69,300,1,3,3,15,3,1,1,0,0,0,5,23923,11388,36140,1935880,0,1731,23308,4066909,6144731,0,0,0,996,1000,1399,1400,6775517
MPCTASK: EXP,3,252,12595,-88,71,445,7,910,-21,-237,-538,-146,-202,580,448,88,498,448,-258,-135,1651,69,300,1,3,3,15,3,1,1,0,0,0,5,22603,11015,34165,1872528,0,1731,60860,3842425,5808192,0,0,0,996,1000,1399,1400,6775517
MPCTASK: EXP,3,254,12692,-88,152,447,103,903,16,62,-626,-97,-223,762,448,117,520,448,-252,-114,1557,69,300,1,3,3,15,3,1,1,0,0,0,5,22051,9051,31890,1538654,0,1731,47046,3748561,5421373,0,0,0,997,1000,1399,1400,6775517
MPCTASK: EXP,3,256,12793,-79,236,451,194,855,21,383,-614,-46,-208,931,448,135,528,448,-248,-115,1531,69,300,1,3,3,15,3,1,1,0,0,0,5,22787,9021,32263,1533361,0,1854,54827,3873770,5484696,0,0,0,997,1000,1399,1400,6775517
MPCTASK: EXP,3,258,12897,-54,334,455,291,802,-1,606,-502,-20,-154,1074,448,151,553,448,-245,-122,1596,69,300,1,3,3,15,3,1,1,0,0,0,5,25131,10356,36516,1760548,0,1732,150366,4272153,6207759,0,0,0,998,1000,1399,1400,6775517
MPCTASK: EXP,3,260,12993,-5,401,454,391,664,-26,834,-348,-15,-65,1180,448,183,525,448,-250,-75,1800,69,300,1,3,3,15,3,1,1,0,0,0,5,22599,9214,32701,1566233,0,1731,65390,3841877,5559299,0,0,0,998,1000,1399,1400,6775517
MPCTASK: EXP,3,262,13093,38,431,452,436,457,-28,924,-81,-38,47,1243,448,174,452,448,-252,-178,2139,69,300,1,3,3,15,3,1,1,0,0,0,5,22624,10054,32994,1709030,0,1731,23120,3846109,5609024,0,0,0,998,1000,1399,1400,6775517
MPCTASK: EXP,3,264,13193,75,456,450,410,281,-18,854,237,-75,170,1262,448,140,395,448,-252,-83,1849,69,300,1,3,3,15,3,1,1,0,0,0,5,22239,9840,32715,1672674,0,1734,86063,3780557,5561592,0,0,0,998,1000,1399,1400,6775517
MPCTASK: EXP,3,266,13294,100,470,449,325,119,-9,834,446,-119,287,1239,448,86,329,448,-252,-34,1505,69,300,1,3,3,15,3,1,1,0,0,0,5,22181,10384,33500,1765219,0,1732,133926,3770593,5695108,0,0,0,998,1000,1399,1400,6775517
MPCTASK: EXP,3,268,13397,136,475,449,239,-22,-8,812,662,-187,382,1177,448,47,267,448,-252,-77,1653,69,300,1,3,3,15,3,1,1,0,0,0,5,23817,9988,34804,1698000,0,1731,147547,4048790,5916809,0,0,0,998,1000,1399,1400,6775517
MPCTASK: EXP,3,270,13499,142,461,448,89,-166,-12,772,783,-203,443,1081,448,-26,185,448,-253,42,1039,69,300,1,3,3,15,3,1,1,0,0,0,5,28711,8963,37942,1523600,0,1731,23120,4880721,6450140,0,0,0,998,1000,1399,1400,6775517
MPCTASK: EXP,3,272,13594,131,414,446,-74,-335,-23,736,807,-215,461,957,448,-95,71,448,-258,-6,1356,69,300,1,3,3,15,3,1,1,0,0,0,5,22335,9605,32839,1632730,0,1731,23120,3796766,5582670,0,0,0,998,1000,1399,1400,6775517
MPCTASK: EXP,3,274,13697,98,353,441,-248,-491,-27,632,758,-223,432,808,448,-174,-40,448,-264,3,1249,69,300,1,3,3,15,3,1,1,0,0,0,5,23452,11594,35800,1970858,0,1731,104476,3986789,6085996,0,0,0,998,1000,1399,1400,6775517
MPCTASK: EXP,3,276,13798,78,340,440,-352,-515,11,530,629,-211,357,642,448,-191,-56,448,-259,14,946,69,300,1,3,3,15,3,1,1,0,0,0,5,24955,10149,35815,1724294,0,2069,33502,4242406,6088608,0,0,0,997,1000,1399,1400,6775517
MPCTASK: EXP,3,278,13896,24,283,442,-482,-614,23,575,457,-198,245,463,448,-236,-155,448,-257,-137,1565,69,300,1,3,3,15,3,1,1,0,0,0,5,24804,9845,34922,1673523,0,1735,23271,4216585,5936756,0,0,0,997,1000,1399,1400,6775517
MPCTASK: EXP,3,280,13993,7,223,445,-480,-689,32,488,182,-229,105,277,448,-202,-233,448,-254,30,777,69,300,1,3,3,15,3,1,1,0,0,0,5,22447,8155,31989,1386319,0,1731,66541,3815974,5438095,0,0,0,995,1000,1399,1400,6775517
MPCTASK: EXP,3,282,14097,-31,144,451,-490,-769,37,313,39,-240,-48,87,448,-193,-315,448,-248,-18,947,69,300,1,3,3,15,3,1,1,0,0,0,5,23125,11909,35592,2024472,0,1731,71425,3931189,6050951,0,0,0,993,1000,1399,1400,6775517
MPCTASK: EXP,3,284,14199,-83,64,454,-489,-814,26,185,-204,-228,-200,-100,448,-177,-383,448,-245,-68,1357,69,300,1,3,3,15,3,1,1,0,0,0,5,23523,11114,36067,1889199,0,54648,167346,3998861,6131340,0,0,0,994,1000,1399,1400,6775517
MPCTASK: EXP,3,286,14299,-137,-4,459,-445,-812,24,66,-496,-209,-336,-282,448,-159,-425,448,-240,-62,1255,69,300,1,3,3,15,3,1,1,0,0,0,5,25870,9482,36413,1611847,0,1731,129669,4397801,6190392,0,0,0,995,1000,1399,1400,6775517
MPCTASK: EXP,3,288,14397,-179,-67,462,-346,-785,7,-36,-767,-203,-441,-454,448,-120,-453,448,-237,-51,1463,69,300,1,3,3,15,3,1,1,0,0,0,5,23516,10573,34898,1797300,0,1980,114735,3997553,5932731,0,0,0,996,1000,1399,1400,6775517
MPCTASK: EXP,3,290,14497,-204,-140,462,-196,-765,-22,-136,-936,-218,-505,-611,448,-62,-488,448,-242,-1,1639,69,300,1,3,3,15,3,1,1,0,0,0,5,24840,9248,35119,1572027,0,1732,103147,4222631,5970283,0,0,0,997,1000,1399,1400,6775517
MPCTASK: EXP,3,292,14597,-210,-200,461,-23,-711,-27,-242,-980,-254,-523,-751,448,0,-494,448,-243,35,1561,69,300,1,3,3,15,3,1,1,0,0,0,5,23539,10325,34527,1755249,0,1842,90538,4001513,5869716,0,0,0,997,1000,1399,1400,6775517
MPCTASK: EXP,3,294,14697,-205,-249,458,143,-633,-31,-315,-944,-316,-491,-869,448,52,-481,448,-247,29,1528,69,300,1,3,3,15,3,1,1,0,0,0,5,23788,10832,34889,1841316,0,1731,23120,4043853,5931184,0,0,0,998,1000,1399,1400,6775517
MPCTASK: EXP,3,296,14791,-183,-294,455,301,-555,-24,-355,-821,-383,-413,-963,448,100,-470,448,-248,-7,1437,69,300,1,3,3,15,3,1,1,0,0,0,5,21848,6893,29010,1171656,0,1731,23120,3714157,4931648,0,0,0,998,1000,1399,1400,6775517
MPCTASK: EXP,3,298,14898,-146,-325,453,433,-455,-18,-436,-585,-453,-297,-1031,448,133,-431,448,-250,-55,1368,69,300,1,3,3,15,3,1,1,0,0,0,5,23925,9907,34673,1684057,0,1731,24271,4067158,5894573,0,0,0,998,1000,1399,1400,6775517
MPCTASK: EXP,3,300,14994,-103,-351,453,512,-354,0,-461,-305,-514,-154,-1071,448,131,-389,448,-246,-67,1325,69,300,1,3,3,15,3,1,1,0,0,0,5,19939,9452,30021,1606625,0,1733,23287,3389499,5103650,0,0,0,998,1000,1399,1400,6775517
MPCTASK: EXP,3,302,15093,-55,-363,452,540,-239,-3,-476,13,-574,1,-1082,448,117,-333,448,-247,-124,1544,69,300,1,3,3,15,3,1,1,0,0,0,5,20245,9142,30168,1554127,0,1731,110146,3441581,5128740,0,0,0,998,1000,1399,1400,6775517
MPCTASK: EXP,3,304,15198,-12,-373,455,503,-136,16,-466,318,-617,155,-1064,448,91,-279,448,-244,-39,1139,69,300,1,3,3,15,3,1,1,0,0,0,5,22461,11496,34920,1954088,0,1872,114628,3818289,5936384,0,0,0,998,1000,1399,1400,6775517
MPCTASK: EXP,3,306,15299,22,-374,457,413,-30,4,-503,585,-613,291,-1017,448,39,-216,448,-242,-18,1081,69,300,1,3,3,15,3,1,1,0,0,0,5,24569,9846,35222,1673703,0,1732,46745,4176597,5987724,0,0,0,998,1000,1399,1400,6775517
MPCTASK: EXP,3,308,15401,48,-375,460,290,64,-2,-548,760,-575,397,-942,448,-13,-157,448,-239,8,1113,69,300,1,3,3,15,3,1,1,0,0,0,5,27644,9188,37880,1561829,0,1731,71026,4699453,6439643,0,0,0,998,1000,1399,1400,6775517
MPCTASK: EXP,3,310,15493,58,-362,458,141,178,-31,-633,893,-492,461,-841,448,-81,-80,448,-247,15,1363,69,300,1,3,3,15,3,1,1,0,0,0,5,22052,7334,29945,1246850,0,1731,32849,3748697,5090788,0,0,0,998,1000,1399,1400,6775517
MPCTASK: EXP,3,312,15597,57,-343,457,-18,296,-33,-699,941,-386,478,-717,448,-145,0,448,-249,16,1462,69,300,1,3,3,15,3,1,1,0,0,0,5,23579,9854,34136,1675127,0,2603,93325,4008385,5803324,0,0,0,998,1000,1399,1400,6775517
MPCTASK: EXP,3,314,15697,32,-313,452,-196,419,-47,-724,883,-295,446,-573,448,-219,87,448,-256,-24,1633,69,300,1,3,3,15,3,1,1,0,0,0,5,23076,9251,33187,1572644,0,1731,24268,3922905,5641903,0,0,0,997,1000,1399,1400,6775517
MPCTASK: EXP,3,316,15802,0,-283,447,-340,522,-34,-716,697,-217,368,-412,448,-259,157,448,-259,-50,1506,69,300,1,3,3,15,3,1,1,0,0,0,5,24406,12646,37988,2149715,0,1731,53508,4148906,6458091,0,0,0,997,1000,1399,1400,6775517
MPCTASK: EXP,3,318,15898,-51,-238,442,-458,627,-27,-677,470,-155,251,-238,448,-296,236,448,-263,-116,1747,69,300,1,3,3,15,3,1,1,0,0,0,5,24086,10094,34951,1715820,0,1731,69410,4094513,5941749,0,0,0,996,1000,1399,1400,6775517
MPCTASK: EXP,3,320,15999,-95,-186,441,-503,716,8,-613,167,-96,108,-55,448,-296,312,448,-258,-86,1461,69,300,1,3,3,15,3,1,1,0,0,0,5,20839,13670,35756,2323875,0,53453,23289,3542549,6078619,0,0,0,995,1000,1399,1400,6775517
MPCTASK: EXP,3,322,16098,-144,-121,444,-505,795,21,-533,-116,-47,-47,131,448,-279,387,448,-255,-115,1505,69,300,1,3,3,15,3,1,1,0,0,0,5,22967,9239,33234,1570451,0,2128,24276,3904397,5649752,0,0,0,995,1000,1399,1400,6775517
MPCTASK: EXP,3,324,16202,-185,-54,447,-450,844,17,-396,-382,-10,-201,317,448,-248,450,448,-252,-31,1062,69,300,1,3,3,15,3,1,1,0,0,0,5,24484,12385,37902,2105352,0,1765,25224,4162077,6443408,0,0,0,995,1000,1399,1400,6775517
MPCTASK: EXP,3,326,16300,-217,19,453,-353,877,19,-273,-580,28,-338,498,448,-194,508,448,-246,-34,1148,69,300,1,3,3,15,3,1,1,0,0,0,5,25768,9062,35863,1540405,0,1731,23120,4380485,6096696,0,0,0,996,1000,1399,1400,6775517
MPCTASK: EXP,3,328,16402,-230,83,454,-213,867,-7,-148,-755,66,-443,669,448,-121,539,448,-246,25,1091,69,300,1,3,3,15,3,1,1,0,0,0,5,23932,11774,37596,2001639,0,1731,108387,4068210,6391432,0,0,0,997,1000,1399,1400,6775517
MPCTASK: EXP,3,330,16503,-232,148,454,-61,846,-32,-82,-792,131,-508,827,448,-47,564,448,-252,36,1185,69,300,1,3,3,15,3,1,1,0,0,0,5,25294,10439,37812,1774580,0,1734,23287,4299893,6428281,0,0,0,997,1000,1399,1400,6775517
MPCTASK: EXP,3,332,16596,-226,219,452,80,831,-41,31,-741,224,-524,967,448,2,598,448,-256,-53,1607,69,300,1,3,3,15,3,1,1,0,0,0,5,22031,8905,31339,1513676,0,1731,23231,3745265,5327808,0,0,0,998,1000,1399,1400,6775517
MPCTASK: EXP,3,334,16699,-187,282,450,242,784,-41,144,-603,404,-492,1086,448,75,602,448,-258,-77,1566,69,300,1,3,3,15,3,1,1,0,0,0,5,24222,9332,34563,1586349,0,1731,50690,4117661,5875808,0,0,0,998,1000,1399,1400,6775517
MPCTASK: EXP,3,336,16798,-164,336,445,319,711,-31,346,-430,534,-414,1180,448,79,589,448,-260,-18,1110,69,300,1,3,3,15,3,1,1,0,0,0,5,22065,10793,34136,1834410,0,108340,24276,3751085,5803274,0,0,0,998,1000,1399,1400,6775517
MPCTASK: EXP,3,338,16902,-183,395,444,303,615,10,587,-333,701,-298,1249,448,29,557,448,-255,9,924,69,300,1,3,3,15,3,1,1,0,0,0,5,25250,9588,36045,1629830,0,1731,92628,4292350,6127720,0,0,0,998,1000,1399,1400,6775517
MPCTASK: EXP,3,340,16998,-183,458,445,305,546,-7,445,-219,789,-154,1289,448,-13,575,448,-256,-60,1295,69,300,1,3,3,15,3,1,1,0,0,0,5,23361,7609,32308,1293445,0,1732,89532,3971365,5492420,0,0,0,998,1000,1399,1400,6775517
MPCTASK: EXP,3,342,17101,-145,532,445,347,501,-17,699,-64,795,1,1300,448,-10,578,448,-258,8,1123,69,300,1,3,3,15,3,1,1,0,0,0,5,23928,9914,34360,1684904,0,2645,64422,4067693,5841128,0,0,0,998,1000,1399,1400,6775517
MPCTASK: EXP,3,344,17200,-127,556,446,332,332,-18,856,153,746,155,1282,448,-50,499,448,-256,-58,1761,69,300,1,3,3,15,3,1,1,0,0,0,5,21835,10210,33325,1735613,0,1737,24775,3711981,5665429,0,0,0,998,1000,1399,1400,6775517
MPCTASK: EXP,3,346,17301,-106,555,448,291,123,-5,969,354,671,291,1235,448,-91,391,448,-252,5,1623,69,300,1,3,3,15,3,1,1,0,0,0,5,23933,9751,34235,1657539,0,2598,23430,4068449,5819973,0,0,0,998,1000,1399,1400,6775517
MPCTASK: EXP,3,348,17398,-103,544,443,201,-69,-60,878,542,732,397,1160,448,-158,300,448,-268,-89,2190,69,300,1,3,3,15,3,1,1,0,0,0,5,21343,9893,32371,1681726,0,1731,99287,3628145,5503248,0,0,0,998,1000,1399,1400,6775517
MPCTASK: EXP,3,350,17497,-110,507,434,80,-261,-69,588,649,907,461,1060,448,-227,212,448,-279,-166,1911,69,300,1,3,3,15,3,1,1,0,0,0,5,20421,7924,30314,1346964,0,127947,24651,3471513,5153493,0,0,0,998,1000,1399,1400,6775517
MPCTASK: EXP,3,352,17600,-125,468,425,-56,-371,-40,192,693,1110,478,936,448,-296,153,448,-282,-156,1933,69,300,1,3,3,15,3,1,1,0,0,0,5,20918,11184,33289,1901207,0,1731,65380,3555969,5659292,0,0,0,998,1000,1399,1400,6775517
MPCTASK: EXP,3,354,17703,-129,447,425,-155,-373,35,23,545,1198,446,791,448,-310,125,448,-274,-69,1267,69,300,1,3,3,15,3,1,1,0,0,0,5,23785,12285,36477,2088521,0,1731,23120,4043493,6201118,0,0,0,997,1000,1399,1400,6775517
MPCTASK: EXP,3,356,17799,-169,411,430,-267,-406,43,244,442,1156,368,630,448,-357,53,448,-269,-49,1111,69,300,1,3,3,15,3,1,1,0,0,0,5,21188,10410,32614,1769589,0,1731,88232,3601933,5544395,0,0,0,997,1000,1399,1400,6775517
MPCTASK: EXP,3,358,17897,-217,378,436,-348,-458,49,488,236,1018,251,456,448,-374,-21,448,-263,-144,1481,69,300,1,3,3,15,3,1,1,0,0,0,5,22860,7096,30415,1206202,0,1732,55578,3886101,5170592,0,0,0,996,1000,1399,1400,6775517
MPCTASK: EXP,3,360,18000,-255,336,443,-352,-548,49,736,-67,811,108,273,448,-355,-109,448,-256,-128,1639,69,300,1,3,3,15,3,1,1,0,0,0,5,20407,12020,33209,2043370,0,1731,110032,3468981,5645573,0,0,0,996,1000,1399,1400,6775517
MPCTASK: EXP,3,362,18100,-293,276,451,-317,-672,36,783,-302,595,-47,87,448,-325,-205,448,-248,-85,1534,69,300,1,3,3,15,3,1,1,0,0,0,5,23470,7804,33407,1326637,0,1731,139682,3989545,5679176,0,0,0,995,1000,1399,1400,6775517
MPCTASK: EXP,3,364,18200,-313,215,455,-228,-768,8,703,-469,407,-201,-99,448,-267,-281,448,-244,-38,1276,69,300,1,3,3,15,3,1,1,0,0,0,5,22984,10537,34154,1791193,0,1731,37581,3907213,5806381,0,0,0,995,1000,1399,1400,6775517
MPCTASK: EXP,3,366,18304,-320,132,454,-112,-872,-9,550,-626,238,-338,-280,448,-192,-366,448,-247,-55,1362,69,300,1,3,3,15,3,1,1,0,0,0,5,24475,12081,37149,2053786,0,1731,77855,4160697,6315449,0,0,0,995,1000,1399,1400,6775517
MPCTASK: EXP,3,368,18401,-323,50,451,12,-937,-10,381,-752,29,-443,-451,448,-120,-434,448,-251,-123,1797,69,300,1,3,3,15,3,1,1,0,0,0,5,22244,11479,34562,1951278,0,1731,45400,3781353,5875544,0,0,0,996,1000,1399,1400,6775517
MPCTASK: EXP,3,370,18500,-306,-29,450,163,-955,2,140,-775,-219,-508,-609,448,-41,-476,448,-249,-105,1729,69,300,1,3,3,15,3,1,1,0,0,0,5,23108,9846,33995,1673715,0,2613,23433,3928141,5779379,0,0,0,997,1000,1399,1400,6775517
MPCTASK: EXP,3,372,18602,-275,-102,450,307,-929,8,-50,-734,-470,-524,-749,448,33,-499,448,-249,-77,1540,69,300,1,3,3,15,3,1,1,0,0,0,5,23966,11108,35689,1888197,0,1887,81459,4074213,6067169,0,0,0,997,1000,1399,1400,6775517
MPCTASK: EXP,3,374,18698,-237,-177,453,431,-883,21,-256,-603,-700,-492,-867,448,89,-510,448,-246,-108,1515,69,300,1,3,3,15,3,1,1,0,0,0,5,23432,7075,31054,1202670,0,1731,70728,3983246,5279269,0,0,0,997,1000,1399,1400,6775517
MPCTASK: EXP,3,376,18801,-185,-238,456,533,-789,31,-425,-395,-899,-414,-962,448,138,-494,448,-243,-47,1149,69,300,1,3,3,15,3,1,1,0,0,0,5,22286,11665,34622,1983117,0,2640,23432,3788525,5885936,0,0,0,997,1000,1399,1400,6775517
MPCTASK: EXP,3,378,18906,-128,-285,461,593,-665,36,-511,-145,-1044,-298,-1030,448,160,-459,448,-238,-38,1106,69,300,1,3,3,15,3,1,1,0,0,0,5,28277,11356,39899,1930448,0,1731,23120,4806929,6782819,0,0,0,997,1000,1399,1400,6782819
MPCTASK: EXP,3,380,19001,-75,-316,468,603,-520,33,-550,112,-1108,-154,-1071,448,161,-405,448,-231,-4,969,69,300,1,3,3,15,3,1,1,0,0,0,5,23767,9446,35415,1605808,0,1851,350487,4040409,6020690,0,0,0,998,1000,1399,1400,6782819
MPCTASK: EXP,3,382,19103,-17,-341,470,583,-383,6,-533,338,-1093,1,-1082,448,153,-354,448,-229,-33,1176,69,300,1,3,3,15,3,1,1,0,0,0,5,27073,7680,35544,1305503,0,1731,32573,4602254,6042593,0,0,0,998,1000,1399,1400,6782819
MPCTASK: EXP,3,384,19200,32,-358,470,517,-250,-14,-550,560,-1024,155,-1064,448,123,-298,448,-232,-13,1140,69,300,1,3,3,15,3,1,1,0,0,0,5,20551,11288,32568,1918903,0,1731,101376,3493677,5536715,0,0,0,998,1000,1399,1400,6782819
MPCTASK: EXP,3,386,19302,71,-357,469,411,-99,-32,-575,770,-919,291,-1017,448,64,-215,448,-237,-25,1372,69,300,1,3,3,15,3,1,1,0,0,0,5,27247,6990,34503,1188258,0,1731,23120,4631902,5865747,0,0,0,998,1000,1399,1400,6782819
MPCTASK: EXP,3,388,19398,103,-354,466,278,31,-42,-576,916,-790,397,-942,448,13,-145,448,-241,-38,1738,69,300,1,3,3,15,3,1,1,0,0,0,5,18981,10493,30967,1783748,0,1874,137845,3226721,5264583,0,0,0,998,1000,1399,1400,6782819
MPCTASK: EXP,3,390,19502,120,-346,461,123,151,-57,-607,1007,-647,461,-841,448,-45,-74,448,-250,-20,1936,69,300,1,3,3,15,3,1,1,0,0,0,5,24121,9606,34605,1632721,0,1731,104448,4100446,5882990,0,0,0,998,1000,1399,1400,6782819
MPCTASK: EXP,3,392,19602,118,-318,458,-52,289,-44,-639,1023,-501,478,-717,448,-111,18,448,-250,-22,1936,69,300,1,3,3,15,3,1,1,0,0,0,5,20730,11020,32890,1873353,0,1731,87865,3524041,5591332,0,0,0,997,1000,1399,1400,6782819
MPCTASK: EXP,3,394,19701,102,-292,451,-217,397,-57,-644,931,-371,446,-573,448,-168,90,448,-259,-64,2008,69,300,1,3,3,15,3,1,1,0,0,0,5,22273,8573,32210,1457276,0,1732,139834,3786350,5475804,0,0,0,997,1000,1399,1400,6782819
MPCTASK: EXP,3,396,19799,67,-263,446,-370,494,-35,-664,765,-268,368,-412,448,-219,161,448,-260,-76,1668,69,300,1,3,3,15,3,1,1,0,0,0,5,19325,10932,30774,1858495,0,1732,23134,3285253,5231742,0,0,0,996,1000,1399,1400,6819728
MPCTASK: EXP,3,398,19902,26,-224,445,-477,585,-9,-634,523,-182,251,-238,448,-241,231,448,-256,-78,1484,69,300,1,3,3,15,3,1,1,0,0,0,5,23191,9317,33554,1583803,0,1732,154273,3942382,5704292,0,0,0,995,1000,1399,1400,6819728
MPCTASK: EXP,3,400,20002,-23,-173,448,-539,672,13,-584,225,-116,108,-55,448,-250,305,448,-251,-83,1415,69,300,1,3,3,15,3,1,1,0,0,0,5,21045,11331,33033,1926163,0,1731,89557,3577490,5615535,0,0,0,994,1000,1399,1400,6819728
MPCTASK: EXP,3,402,20103,-62,-120,449,-525,730,4,-492,-56,-48,-47,131,448,-223,364,448,-250,-56,1262,69,300,1,3,3,15,3,1,1,0,0,0,5,24145,8642,34241,1469096,0,2122,100910,4104478,5820972,0,0,0,994,1000,1399,1400,6819728
MPCTASK: EXP,3,404,20200,-104,-57,449,-478,781,0,-406,-308,3,-201,317,448,-191,425,448,-250,-51,1232,69,300,1,3,3,15,3,1,1,0,0,0,5,20944,10465,32272,1778962,0,1731,124133,3560381,5486383,0,0,0,995,1000,1399,1400,6819728
MPCTASK: EXP,3,406,20303,-131,15,451,-375,822,-4,-271,-520,52,-338,498,448,-130,487,448,-249,-11,1040,69,300,1,3,3,15,3,1,1,0,0,0,5,23870,10108,34493,1718290,0,1731,65106,4057769,5863827,0,0,0,996,1000,1399,1400,6819728
MPCTASK: EXP,3,408,20404,-149,90,452,-250,840,-9,-158,-670,77,-443,669,448,-72,537,448,-249,13,1050,69,300,1,3,3,15,3,1,1,0,0,0,5,23539,11094,35492,1885848,0,1732,47328,4001572,6033616,0,0,0,997,1000,1399,1400,6819728
MPCTASK: EXP,3,410,20501,-152,156,452,-102,827,-18,-59,-742,89,-507,827,448,0,569,448,-251,36,1060,69,300,1,3,3,15,3,1,1,0,0,0,5,23630,8483,32998,1442047,0,1992,36814,4017005,5609791,0,0,0,997,1000,1399,1400,6819728
MPCTASK: EXP,3,412,20602,-145,226,452,42,806,-21,50,-739,90,-524,967,448,58,598,448,-251,-6,1281,69,300,1,3,3,15,3,1,1,0,0,0,5,21069,11923,33800,2026928,0,1731,45688,3581661,5746141,0,0,0,998,1000,1399,1400,6819728
MPCTASK: EXP,3,414,20704,-100,307,445,236,795,-49,164,-760,70,-492,1085,448,157,634,448,-264,-19,1486,69,300,1,3,3,15,3,1,1,0,0,0,5,23507,10583,34851,1799053,0,1732,78839,3996026,5924744,0,0,0,998,1000,1399,1400,6819728
MPCTASK: EXP,3,416,20803,-66,357,442,366,700,-30,350,-578,59,-414,1180,448,205,598,448,-263,-7,1121,69,300,1,3,3,15,3,1,1,0,0,0,5,19925,13836,34030,2352140,0,1731,23120,3387149,5785080,0,0,0,998,1000,1399,1400,6819728
MPCTASK: EXP,3,418,20907,-10,392,438,484,575,-20,441,-399,51,-298,1248,448,246,557,448,-265,-27,1123,69,300,1,3,3,15,3,1,1,0,0,0,5,29745,8086,38474,1374687,0,1731,23120,5056553,6540775,0,0,0,999,1000,1399,1400,6819728
MPCTASK: EXP,3,420,21002,28,429,437,516,457,0,513,-179,13,-154,1289,448,243,515,448,-262,-61,1302,69,300,1,3,3,15,3,1,1,0,0,0,5,22178,11078,34151,1883271,0,1847,78604,3770177,5805856,0,0,0,999,1000,1399,1400,6819728
MPCTASK: EXP,3,422,21103,64,465,441,494,356,25,560,82,-42,1,1300,448,211,485,448,-258,-71,1314,69,300,1,3,3,15,3,1,1,0,0,0,5,23495,8600,32844,1461898,0,1731,82173,3994193,5583591,0,0,0,999,1000,1399,1400,6819728
MPCTASK: EXP,3,424,21206,111,498,446,458,259,25,655,323,-110,155,1282,448,183,447,448,-253,-104,1518,69,300,1,3,3,15,3,1,1,0,0,0,5,25115,11306,36787,1922006,0,2625,38948,4269481,6253884,0,0,0,998,1000,1399,1400,6819728
MPCTASK: EXP,3,426,21307,173,522,450,420,156,5,700,518,-196,291,1235,448,176,403,448,-249,-113,1630,69,300,1,3,3,15,3,1,1,0,0,0,5,27418,9576,37889,1627749,0,1731,129669,4660985,6441127,0,0,0,998,1000,1399,1400,6819728
MPCTASK: EXP,3,428,21403,192,521,451,274,9,-5,805,800,-262,396,1161,448,94,316,448,-249,21,1140,69,300,1,3,3,15,3,1,1,0,0,0,5,21501,12216,34153,2076660,0,2605,23434,3655049,5806033,0,0,0,998,1000,1399,1400,6819728
MPCTASK: EXP,3,430,21504,200,530,449,103,-91,-26,791,899,-286,460,1061,448,22,270,448,-255,41,1291,69,300,1,3,3,15,3,1,1,0,0,0,5,23758,9101,33232,1547081,0,1731,40783,4038769,5649592,0,0,0,998,1000,1399,1400,6819728
MPCTASK: EXP,3,432,21599,164,510,445,-128,-241,-42,857,925,-258,476,937,448,-92,175,448,-263,-24,1761,69,300,1,3,3,15,3,1,1,0,0,0,5,19309,9240,29022,1570677,0,1732,37194,3282525,4933975,0,0,0,998,1000,1399,1400,6819728
MPCTASK: EXP,3,434,21705,150,496,441,-269,-351,-22,830,762,-230,444,793,448,-124,113,448,-263,-84,1742,69,300,1,3,3,15,3,1,1,0,0,0,5,24265,9356,34920,1590488,0,1732,47015,4124881,5936583,0,0,0,997,1000,1399,1400,6819728
MPCTASK: EXP,3,436,21807,100,454,438,-428,-497,-16,844,649,-187,366,632,448,-192,13,448,-265,-146,2025,69,300,1,3,3,15,3,1,1,0,0,0,5,23005,12930,36873,2198107,0,1765,24661,3910813,6268435,0,0,0,997,1000,1399,1400,6819728
MPCTASK: EXP,3,438,21905,42,390,437,-542,-650,2,768,370,-145,249,458,448,-231,-96,448,-262,-151,1870,69,300,1,3,3,15,3,1,1,0,0,0,5,23473,9567,33980,1626335,0,1731,95597,3990170,5776695,0,0,0,996,1000,1399,1400,6819728
MPCTASK: EXP,3,440,22006,-11,336,437,-575,-738,13,593,55,-118,107,275,448,-234,-163,448,-262,-74,1374,69,300,1,3,3,15,3,1,1,0,0,0,5,23059,11917,35243,2025861,0,1731,23120,3919833,5991299,0,0,0,995,1000,1399,1400,6819728
MPCTASK: EXP,3,442,22101,-69,246,440,-570,-855,31,487,-212,-132,-47,86,448,-226,-269,448,-259,-122,1497,69,300,1,3,3,15,3,1,1,0,0,0,5,22385,8159,31301,1386853,0,1731,65424,3805389,5321376,0,0,0,994,1000,1399,1400,6819728
MPCTASK: EXP,3,444,22203,-116,161,446,-501,-912,35,257,-451,-162,-199,-101,448,-195,-336,448,-253,-55,1179,69,300,1,3,3,15,3,1,1,0,0,0,5,20507,10750,32664,1827289,0,1731,215913,3486105,5552908,0,0,0,994,1000,1399,1400,6819728
MPCTASK: EXP,3,446,22309,-161,66,450,-411,-947,21,74,-630,-184,-332,-286,448,-166,-401,448,-249,-80,1411,69,300,1,3,3,15,3,1,1,0,0,0,5,27456,10214,38404,1736162,0,2640,23433,4667486,6528666,0,0,0,995,1000,1399,1400,6819728
MPCTASK: EXP,3,448,22404,-185,-13,452,-270,-919,9,-128,-787,-228,-434,-462,448,-113,-426,448,-247,6,1183,69,300,1,3,3,15,3,1,1,0,0,0,5,21535,10900,32864,1853003,0,1731,23120,3660857,5586995,0,0,0,996,1000,1399,1400,6819728
MPCTASK: EXP,3,450,22505,-199,-97,458,-122,-878,11,-284,-826,-278,-494,-624,448,-66,-447,448,-241,11,1216,69,300,1,3,3,15,3,1,1,0,0,0,5,22373,10521,33842,1788363,0,1731,63821,3803221,5753213,0,0,0,997,1000,1399,1400,6819728
MPCTASK: EXP,3,452,22604,-198,-159,458,25,-778,-12,-456,-762,-338,-508,-767,448,-26,-420,448,-243,10,1201,69,300,1,3,3,15,3,1,1,0,0,0,5,21520,11350,33411,1929363,0,2640,23431,3658369,5679893,0,0,0,997,1000,1399,1400,6819728
MPCTASK: EXP,3,454,22709,-188,-219,455,154,-675,-31,-543,-666,-396,-476,-887,448,-3,-399,448,-250,29,1042,69,300,1,3,3,15,3,1,1,0,0,0,5,26920,8629,36870,1467012,0,84162,119191,4576345,6268064,0,0,0,998,1000,1399,1400,6819728
MPCTASK: EXP,3,456,22806,-160,-272,454,276,-560,-24,-662,-486,-427,-401,-978,448,17,-353,448,-250,-53,1404,69,300,1,3,3,15,3,1,1,0,0,0,5,22602,11135,34884,1892914,0,1731,73649,3842297,5930347,0,0,0,998,1000,1399,1400,6819728
MPCTASK: EXP,3,458,22903,-123,-304,451,360,-408,-19,-757,-211,-456,-294,-1036,448,25,-291,448,-252,-120,1817,69,300,1,3,3,15,3,1,1,0,0,0,5,23990,7521,31917,1278378,0,1732,46623,4078277,5425976,0,0,0,998,1000,1399,1400,6819728
MPCTASK: EXP,3,460,23002,-85,-325,449,389,-264,-13,-805,75,-469,-168,-1055,448,20,-238,448,-253,-106,1847,69,300,1,3,3,15,3,1,1,0,0,0,5,19640,10761,31388,1829272,0,2071,95427,3338589,5336184,0,0,0,998,1000,1399,1400,6819728
MPCTASK: EXP,3,462,23107,-44,-331,445,358,-76,-17,-823,382,-484,-40,-1034,448,5,-170,448,-258,-77,1784,69,300,1,3,3,15,3,1,1,0,0,0,5,25839,8390,35053,1426113,0,1731,117449,4392478,5959072,0,0,0,998,1000,1399,1400,6819728
MPCTASK: EXP,3,464,23204,-16,-322,448,279,85,15,-749,565,-467,74,-971,448,-4,-131,448,-251,0,1149,69,300,1,3,3,15,3,1,1,0,0,0,5,20660,11384,33053,1935209,0,1731,149152,3512125,5619103,0,0,0,998,1000,1399,1400,6819728
MPCTASK: EXP,3,466,23308,0,-301,452,175,226,14,-643,649,-415,162,-867,448,-32,-82,448,-247,-7,1073,69,300,1,3,3,15,3,1,1,0,0,0,5,24054,11394,36462,1936933,0,2609,81036,4089118,6198611,0,0,0,998,1000,1399,1400,6819728
MPCTASK: EXP,3,468,23407,6,-278,452,76,314,0,-463,593,-357,212,-727,448,-39,-78,448,-247,-21,1118,69,300,1,3,3,15,3,1,1,0,0,0,5,22697,12299,35793,2090727,0,1731,112284,3858441,6084857,0,0,0,997,1000,1399,1400,6819728
MPCTASK: EXP,3,470,23504,3,-240,451,-32,390,-16,-272,495,-242,221,-561,448,-45,-65,448,-251,-61,1340,69,300,1,3,3,15,3,1,1,0,0,0,5,22646,9184,32599,1561340,0,1731,108538,3849805,5541980,0,0,0,997,1000,1399,1400,6819728
MPCTASK: EXP,3,472,23606,-3,-207,448,-102,404,-17,-18,294,-138,192,-382,448,-32,-80,448,-254,-88,1502,69,300,1,3,3,15,3,1,1,0,0,0,5,22346,12042,35142,2047108,0,1731,23120,3798657,5974171,0,0,0,996,1000,1399,1400,6819728
MPCTASK: EXP,3,474,23709,-21,-174,445,-145,376,-13,221,59,-46,137,-209,448,-32,-83,448,-257,-74,1454,69,300,1,3,3,15,3,1,1,0,0,0,5,25145,11363,37533,1931678,0,1731,149863,4274550,6380667,0,0,0,994,1000,1399,1400,6819728
MPCTASK: EXP,3,476,23805,-33,-156,449,-137,303,24,403,-152,19,72,-61,449,-40,-75,449,-250,-30,1047,69,300,1,3,3,15,3,1,1,0,0,0,5,21881,11302,33973,1921309,0,1732,82768,3719549,5775526,0,0,0,993,1000,1399,1400,6819728
MPCTASK: EXP,3,478,23903,-48,-138,450,-98,203,-1,415,-272,65,16,43,448,-59,-57,448,-250,38,761,69,300,1,3,3,15,3,1,1,0,0,0,5,20461,10873,31597,1848321,0,1731,23120,3478329,5371632,0,0,0,993,1000,1399,1400,6819728
MPCTASK: EXP,3,480,24004,-49,-138,450,-42,113,-8,248,-238,78,-15,97,448,-60,-57,448,-251,-12,990,69,300,1,3,3,15,3,1,1,0,0,0,5,21669,10596,33170,1801380,0,1731,130770,3683645,5638904,0,0,0,994,1000,1399,1400,6819728
MPCTASK: EXP,3,482,24108,-46,-147,445,0,53,-25,16,-120,68,-23,109,448,-35,-94,448,-259,-30,1202,69,300,1,3,3,15,3,1,1,0,0,0,5,25215,10472,36882,1780132,0,1851,179525,4286437,6269978,0,0,0,994,1000,1399,1400,6819728
MPCTASK: TRAJ DONE: idx=482, max=482; requesting landing
MPCTASK: LANDING: start z=0.44, hold=(-0.04,-0.15)
MPCTASK: TIMING SUMMARY: max_step_cycles=6819728 deadline_cycles=8400000 overruns=0
MPCTASK: LANDING COMPLETE: t=30496 ms, x=-0.017, y=-0.160, z=0.004, vz=-0.054; motors off