---
SYS: Crazyflie 2.1 Brushless is up and running!
SYS: Build 2:de14ff9f08ae (2025.09.1 +2) MODIFIED
SYS: I am 0x373930393434471500370039 and I have 1024KB of flash!
CFGBLK: v1, verification [OK]
DECK_DISCOVERY: Backend found: onewire
DECK_DISCOVERY: Backend found: deckctrl
DECK_CORE: 1 deck(s) found
DECK_CORE: Calling INIT on driver bcFlow2 for deck 0
ZR2: Z-down sensor [OK]
PMW: Motion chip id: 0x49:0xB6
IMU: BMI088: Using I2C interface.
IMU: BMI088 Gyro connection [OK].
IMU: BMI088 Accel connection [OK]
IMU: BMP390 I2C connection [OK]
ESTIMATOR: Using Kalman (2) estimator
CONTROLLER: Using PID (1) controller
MTR-DRV: Using brushless motor driver
SYS: About to run tests in system.c.
SYS: NRF51 version: 2026.04 (C21B)
EEPROM: I2C connection [OK].
STORAGE: Storage check [OK].
IMU: BMI088 gyro self-test [OK]
DECK_CORE: Deck 0 test [OK].
SYS: Self test passed!
STAB: Wait for sensor calibration...
SYS: Free heap: 15048 bytes
MPCTASK: Waiting for activation ...
STAB: Starting stabilizer loop
STAB: WARNING: stabilizer loop rate is off (1004)
SUP: Ready to fly
MPCTASK: Benchmark mode 1, maneuver 4, max_iter 5, task_pri 0
MPCTASK: Reference altitude: 0.70 m; barrier skip when z>0.75 and vz>-0.20
MPCTASK: OOT takeoff: GATED cfclient trigger>=0.15m ramp=0.15m/s settle=+/-0.05m,vz<0.10m/s,1000ms timeout=12000ms
MPCTASK: Common baseline: mpc_hz=20 model_hz=20 rho=5 base_w=0 base_qz=1 Qz=100 R=4 bridge=x10 guards=z[ref,ref+0.20] xy=free cap=0.05
MPCTASK: MPC->PID: xyz=x10, z_guard=[ref,ref+0.20], yaw=raw_rz, output_hold=200ms, safety_hold=500ms
MPCTASK: Reference origin: xy=post_takeoff_settle z=0.70 m
MPCTASK: Fixed baseline: w=0 qz=1 adaptive_cache=off
MPCTASK: MPC-CBF analytic LTV rows: always_on=1 horizon=20 gate=off floor_z=0.70 margin=0
MPCTASK: EXP every=2: m,s,tms,p3[mm],v3[mmps],att3[cdeg],ref3[mm],cmd3[mm],h/raw/grad/mar/thr[milli],act/ac/bind,wi/qi/cache/noa,pa/pf/du[milli],it,mpc/eval/total[us],bar/tanh/rl/cache/solve/step[cycles],overruns,post_active/post_infeasible_totals,wreq/w/qzreq/qz[milli],max_step_cycles
MPCTASK: Figure8: source=traj_fig8_12.h source_hz=100 samples=1205 laps=2 duration=24.07 s origin=post_takeoff_settle z_offset=0.09 m
CONTROLLER: Using OutOfTree (6) controller
MPCTASK: Trajectory origin: x=0.01 y=0.03
MPCTASK: OOT activated at z=0.01
MPCTASK: TAKEOFF START: trigger_z=0.15 start_z=0.01 target=0.70 hold=(0.02,0.05) ramp=0.15m/s
MPCTASK: OOT loop 1 done
MPCTASK: MMPCTASK: OOT loop 2 done
PC task loop 1
MPCTASK: x0: pos=(0.02,0.05,0.01) vel=(0.01,-0.02,0.0)
MPCTASK: ref: (0.02,0.05,0.01)
MPCTASK: OOT loop 3 done
MPCTASK: SAFE TV mode=1: h=-0.686 raw=0.013 grad=1.0 margin=0.0 thr=0.0 active0=1 active_count=20 eval=0 us
MPCTASK: Cache level changed: 0 -> 1
MPCTASK: MPC solve start
MPCTASK: MPC solve done, iter=5
MPCTASK: MPC time=26285 us
MPCTASK: MPC stack free=1103 words
MPCTASK: setpoint: x=0.02 y=0.05 z=0.07 preview_z=0.07
MPCTASK: MPC task loop 2
MPCTASK: MPC task loop 3
MPCTASK: TAKEOFF SETTLING: z=0.74 vz=-0.03; hold for 1000ms
MPCTASK: TAKEOFF COMPLETE: t=8716ms z=0.73 vz=-0.02; trajectory queued origin=(-0.05,-0.03)
MPCTASK: TRAJ START: z=0.73 origin=(-0.05,-0.03) EXP clock reset; Z metric begins at t+3s
MPCTASK: EXP,1,2,78,-47,-18,734,222,197,-6,-197,-43,-170,-58,-33,700,-47,360,702,32,732,1019,0,0,1,20,17,0,0,0,0,0,0,0,5,26956,0,27516,0,0,0,0,4582411,4677886,0,0,0,0,0,1000,1000,4677886
MPCTASK: EXP,1,4,174,-35,-1,733,203,243,0,-613,198,-188,-69,-14,700,-17,432,702,33,733,1019,0,0,1,20,17,0,0,0,0,0,0,0,5,24074,0,24275,0,0,0,0,4092471,4126759,0,0,0,0,0,1000,1000,4677886
MPCTASK: EXP,1,6,274,-24,27,742,135,392,26,-1134,504,-150,-104,52,700,10,520,705,42,742,1000,0,0,1,20,17,0,0,0,0,0,0,0,5,22989,0,23561,0,0,0,0,3908171,4005519,0,0,0,0,0,1000,1000,4677886
MPCTASK: EXP,1,8,373,-17,77,750,63,588,0,-1178,361,-161,-157,171,700,54,599,705,50,750,1019,0,0,1,20,16,0,0,0,0,0,0,0,5,21960,0,22535,0,0,0,0,3733167,3831123,0,0,0,0,0,1000,1000,4677886
MPCTASK: EXP,1,10,474,-24,129,743,12,754,-65,-1039,91,-132,-212,330,700,91,654,702,30,730,1019,0,0,1,20,17,0,0,0,0,0,0,0,5,23922,0,24498,0,0,0,0,4066803,4164758,0,0,0,0,0,1000,1000,4677886
MPCTASK: EXP,1,12,578,-31,207,733,15,910,-71,-755,-240,-94,-250,510,700,133,706,700,18,718,1019,0,0,1,20,19,0,0,0,0,0,0,0,5,27587,0,27784,0,0,0,0,4689799,4723287,0,0,0,0,0,1000,1000,4723287
MPCTASK: EXP,1,14,676,-25,324,720,90,1041,-61,-282,-541,-22,-257,689,700,186,762,700,8,708,1019,0,0,1,20,19,0,0,0,0,0,0,0,5,25110,0,25415,0,0,0,0,4268535,4320554,0,0,0,0,0,1000,1000,4723287
MPCTASK: EXP,1,16,775,-9,402,717,202,1007,-7,220,-677,64,-227,849,700,230,746,700,16,716,1019,0,0,1,20,19,0,0,0,0,0,0,0,5,23971,0,24679,0,0,0,0,4075007,4195487,0,0,0,0,0,1000,1000,4723287
MPCTASK: EXP,1,18,875,-28,491,723,250,927,26,632,-605,55,-157,978,699,204,719,702,23,723,1000,0,0,1,20,19,0,0,0,0,0,0,0,5,23674,0,24980,0,0,0,0,4024443,4246667,0,0,0,0,0,1000,1000,4723287
MPCTASK: EXP,1,20,977,-11,577,733,334,789,22,1033,-644,82,-57,1067,699,208,673,704,33,733,1000,0,0,1,20,19,0,0,0,0,0,0,0,5,26684,0,27412,0,0,0,0,4536307,4660214,0,0,0,0,0,1000,1000,4723287
MPCTASK: EXP,1,22,1075,59,637,735,478,581,-19,1296,-464,16,61,1113,699,236,598,703,32,732,1019,0,0,1,20,19,0,0,0,0,0,0,0,5,24098,0,24530,0,0,0,0,4096575,4170118,0,0,0,0,0,1000,1000,4723287
MPCTASK: EXP,1,24,1177,109,679,732,515,341,-53,1392,40,-116,183,1115,699,202,508,701,21,721,1019,0,0,1,20,18,0,0,0,0,0,0,0,5,24728,0,24926,0,0,0,0,4203728,4237402,0,0,0,0,0,1000,1000,4723287
MPCTASK: EXP,1,26,1280,104,688,722,397,71,-73,1412,484,-84,293,1075,699,92,393,699,8,708,1019,0,0,1,20,19,0,0,0,0,0,0,0,5,28562,0,28759,0,0,0,0,4855467,4889127,0,0,0,0,0,1000,1000,4889127
MPCTASK: EXP,1,28,1374,155,664,713,307,-204,-54,1388,721,-200,376,999,700,44,250,700,2,702,1019,0,0,1,20,19,0,0,0,0,0,0,0,5,22523,0,22730,0,0,0,0,3828771,3864080,0,0,0,0,0,1000,1000,4889127
MPCTASK: EXP,1,30,1474,179,620,707,149,-466,-24,1324,952,-314,420,891,700,-35,105,700,2,702,1019,0,0,1,20,19,0,0,0,0,0,0,0,5,22189,0,22740,0,0,0,0,3771947,3865793,0,0,0,0,0,1000,1000,4889127
MPCTASK: EXP,1,32,1578,193,538,704,-42,-711,-14,1158,1133,-429,419,756,700,-111,-51,700,1,701,1019,0,0,1,20,19,0,0,0,0,0,0,0,5,25487,0,26229,0,0,0,0,4332671,4458963,0,0,0,0,0,1000,1000,4889127
MPCTASK: EXP,1,34,1675,180,442,704,-265,-903,12,891,1184,-460,372,601,700,-192,-196,700,4,704,1000,0,0,1,20,19,0,0,0,0,0,0,0,5,23680,0,23877,0,0,0,0,4025463,4059150,0,0,0,0,0,1000,1000,4889127
MPCTASK: EXP,1,36,1777,155,308,707,-475,-1061,37,536,1056,-534,281,429,700,-252,-348,700,7,707,1000,0,0,1,20,19,0,0,0,0,0,0,0,5,25364,0,25560,0,0,0,0,4311872,4345379,0,0,0,0,0,1000,1000,4889127
MPCTASK: EXP,1,38,1874,101,195,709,-652,-1113,40,141,863,-509,156,246,700,-304,-451,700,9,709,1000,0,0,1,20,19,0,0,0,0,0,0,0,5,23102,0,23635,0,0,0,0,3927252,4018041,0,0,0,0,0,1000,1000,4889127
MPCTASK: EXP,1,40,1975,20,103,713,-781,-1083,35,-146,531,-397,9,58,700,-340,-518,701,13,713,1000,0,0,1,20,19,0,0,0,0,0,0,0,5,23272,0,23694,0,0,0,0,3956147,4028024,0,0,0,0,0,1000,1000,4889127
MPCTASK: EXP,1,42,2080,-48,30,719,-810,-1006,47,-180,58,-314,-145,-131,700,-325,-568,702,19,719,1000,0,0,1,20,19,0,0,0,0,0,0,0,5,28101,0,28309,0,0,0,0,4777075,4812581,0,0,0,0,0,1000,1000,4889127
MPCTASK: EXP,1,44,2176,-128,-45,729,-782,-951,64,-48,-384,-263,-292,-317,700,-299,-626,705,29,729,1000,0,0,1,20,19,0,0,0,0,0,0,0,5,25121,0,25321,0,0,0,0,4270395,4304561,0,0,0,0,0,1000,1000,4889127
MPCTASK: EXP,1,46,2274,-192,-112,738,-677,-916,33,83,-783,-209,-417,-495,700,-244,-672,705,38,738,1000,0,0,1,20,19,0,0,0,0,0,0,0,5,22330,0,23079,0,0,0,0,3796047,3923632,0,0,0,0,0,1000,1000,4889127
MPCTASK: EXP,1,48,2377,-251,-178,746,-528,-900,15,192,-1107,-205,-507,-662,700,-181,-714,706,46,746,1000,0,0,1,20,19,0,0,0,0,0,0,0,5,25141,0,25608,0,0,0,0,4273835,4353396,0,0,0,0,0,1000,1000,4889127
MPCTASK: EXP,1,50,2477,-280,-245,748,-311,-905,-32,243,-1362,-173,-554,-813,700,-91,-747,704,42,742,1019,0,0,1,20,19,0,0,0,0,0,0,0,5,25498,0,25696,0,0,0,0,4334687,4368381,0,0,0,0,0,1000,1000,4889127
MPCTASK: EXP,1,52,2577,-297,-299,744,-73,-892,-75,172,-1457,-137,-551,-944,700,-11,-754,702,29,729,1019,0,0,1,20,19,0,0,0,0,0,0,0,5,25181,0,25378,0,0,0,0,4280650,4314326,0,0,0,0,0,1000,1000,4889127
MPCTASK: EXP,1,54,2675,-279,-378,732,201,-902,-95,39,-1429,-99,-501,-1053,700,83,-773,700,13,713,1019,0,0,1,20,19,0,0,0,0,0,0,0,5,23578,0,24022,0,0,0,0,4008064,4083787,0,0,0,0,0,1000,1000,4889127
MPCTASK: EXP,1,56,2775,-225,-454,714,480,-876,-109,-180,-1221,-106,-406,-1137,700,178,-770,700,-7,692,1019,0,0,1,20,20,0,0,0,0,0,0,0,5,23534,0,24041,0,0,0,0,4000698,4087120,0,0,0,0,0,1000,1000,4889127
MPCTASK: EXP,1,58,2876,-171,-504,703,678,-778,-53,-441,-871,-223,-278,-1194,700,227,-721,700,-7,692,1019,0,0,1,20,20,0,0,0,0,0,0,0,5,23809,0,24263,0,0,0,0,4047504,4124838,0,0,0,0,0,1000,1000,4889127
MPCTASK: EXP,1,60,2983,-110,-549,698,799,-648,4,-610,-478,-318,-128,-1222,700,246,-663,700,-1,698,1000,0,0,1,20,20,0,0,0,0,0,0,0,5,30276,0,31747,0,0,0,0,5146839,5397059,0,0,0,0,0,1000,1000,5397059
MPCTASK: EXP,1,62,3075,-29,-583,702,858,-498,47,-717,2,-363,28,-1221,700,246,-591,701,2,702,1000,0,0,1,20,20,0,0,0,0,0,0,0,5,22451,0,22784,0,0,0,0,3816515,3873481,0,0,0,0,0,1000,1000,5397059
MPCTASK: EXP,1,64,3176,37,-587,712,810,-309,67,-841,516,-393,177,-1191,700,202,-482,703,12,712,1000,0,0,1,20,20,0,0,0,0,0,0,0,5,23795,0,23993,0,0,0,0,4044999,4078877,0,0,0,0,0,1000,1000,5397059
MPCTASK: EXP,1,66,3275,96,-589,725,682,-124,58,-928,930,-341,302,-1133,700,136,-377,704,25,725,1000,0,0,1,20,19,0,0,0,0,0,0,0,5,23522,0,23719,0,0,0,0,3998712,4032390,0,0,0,0,0,1000,1000,5397059
MPCTASK: EXP,1,68,3377,152,-575,734,512,65,16,-1004,1256,-247,392,-1048,700,64,-261,704,34,734,1000,0,0,1,20,19,0,0,0,0,0,0,0,5,25242,0,25843,0,0,0,0,4291035,4393316,0,0,0,0,0,1000,1000,5397059
MPCTASK: EXP,1,70,3475,187,-554,732,282,258,-38,-1082,1484,-139,438,-938,700,-22,-142,702,25,725,1019,0,0,1,20,19,0,0,0,0,0,0,0,5,23121,0,23589,0,0,0,0,3930619,4010282,0,0,0,0,0,1000,1000,5397059
MPCTASK: EXP,1,72,3578,187,-508,727,8,470,-65,-1091,1515,-43,436,-805,700,-121,-7,700,14,714,1019,0,0,1,20,19,0,0,0,0,0,0,0,5,24886,0,25092,0,0,0,0,4230631,4265679,0,0,0,0,0,1000,1000,5397059
MPCTASK: EXP,1,74,3678,159,-452,718,-267,665,-72,-1045,1405,47,384,-653,700,-218,123,700,3,703,1019,0,0,1,20,19,0,0,0,0,0,0,0,5,25836,0,26033,0,0,0,0,4392051,4425746,0,0,0,0,0,1000,1000,5397059
MPCTASK: EXP,1,76,3776,112,-374,707,-515,851,-66,-943,1139,134,290,-487,700,-295,257,700,-6,693,1019,0,0,1,20,20,0,0,0,0,0,0,0,5,23550,0,24045,0,0,0,0,4003419,4087708,0,0,0,0,0,1000,1000,5397059
MPCTASK: EXP,1,78,3877,50,-288,703,-697,992,-10,-684,783,186,161,-309,700,-346,368,700,1,701,1019,0,0,1,20,20,0,0,0,0,0,0,0,5,23151,0,23597,0,0,0,0,3935563,4011640,0,0,0,0,0,1000,1000,5397059
MPCTASK: EXP,1,80,3979,-40,-193,699,-817,1078,14,-311,309,166,11,-124,700,-378,460,700,0,699,1000,0,0,1,20,20,0,0,0,0,0,0,0,5,24886,0,25084,0,0,0,0,4230500,4264398,0,0,0,0,0,1000,1000,5397059
MPCTASK: EXP,1,82,4080,-110,-105,702,-810,1081,53,-44,-221,185,-145,62,700,-353,527,702,2,702,1000,0,0,1,20,20,0,0,0,0,0,0,0,5,26489,0,26686,0,0,0,0,4503016,4536703,0,0,0,0,0,1000,1000,5397059
MPCTASK: EXP,1,84,4176,-146,20,718,-704,1096,91,31,-621,320,-294,247,700,-278,627,706,18,718,1000,0,0,1,20,19,0,0,0,0,0,0,0,5,23062,0,23259,0,0,0,0,3920363,3954052,0,0,0,0,0,1000,1000,5397059
MPCTASK: EXP,1,86,4276,-198,100,728,-572,1047,47,78,-814,303,-419,424,700,-219,671,705,28,728,1000,0,0,1,20,19,0,0,0,0,0,0,0,5,22404,0,22740,0,0,0,0,3808687,3865873,0,0,0,0,0,1000,1000,5397059
MPCTASK: EXP,1,88,4378,-243,142,734,-415,958,-1,-8,-1063,276,-510,591,700,-147,675,704,33,733,1019,0,0,1,20,19,0,0,0,0,0,0,0,5,23894,0,24091,0,0,0,0,4061512,4095605,0,0,0,0,0,1000,1000,5397059
MPCTASK: EXP,1,90,4480,-257,213,732,-205,937,-47,-42,-1184,287,-556,742,700,-58,704,702,22,722,1019,0,0,1,20,19,0,0,0,0,0,0,0,5,26889,0,27086,0,0,0,0,4570991,4604677,0,0,0,0,0,1000,1000,5397059
MPCTASK: EXP,1,92,4581,-256,298,727,14,940,-58,13,-1198,303,-553,874,700,25,737,701,15,715,1019,0,0,1,20,19,0,0,0,0,0,0,0,5,27254,0,27984,0,0,0,0,4633231,4757502,0,0,0,0,0,1000,1000,5397059
MPCTASK: EXP,1,94,4683,-232,361,719,232,893,-63,188,-1106,348,-502,983,700,106,728,700,7,707,1019,0,0,1,20,19,0,0,0,0,0,0,0,5,28857,0,29214,0,0,0,0,4905539,4966409,0,0,0,0,0,1000,1000,5397059
MPCTASK: EXP,1,96,4778,-177,445,707,451,854,-71,352,-913,345,-407,1068,700,187,729,700,-6,693,1019,0,0,1,20,20,0,0,0,0,0,0,0,5,23401,0,24079,0,0,0,0,3978144,4093573,0,0,0,0,0,1000,1000,5397059
MPCTASK: EXP,1,98,4876,-135,506,698,583,753,-47,561,-659,313,-278,1125,700,216,691,700,-10,689,1019,0,0,1,20,20,0,0,0,0,0,0,0,5,22876,0,23074,0,0,0,0,3888923,3922609,0,0,0,0,0,1000,1000,5397059
MPCTASK: EXP,1,100,4978,-81,591,699,672,657,9,801,-417,169,-128,1154,700,230,663,700,0,699,1000,0,0,1,20,20,0,0,0,0,0,0,0,5,24836,0,25042,0,0,0,0,4221915,4257208,0,0,0,0,0,1000,1000,5397059
MPCTASK: EXP,1,102,5078,-62,578,705,645,391,24,1077,-47,97,28,1153,700,172,520,702,5,705,1000,0,0,1,20,20,0,0,0,0,0,0,0,5,23680,0,24015,0,0,0,0,4025472,4082654,0,0,0,0,0,1000,1000,5397059
MPCTASK: EXP,1,104,5177,2,597,707,643,197,6,1079,141,-62,177,1123,700,154,428,702,7,707,1000,0,0,1,20,20,0,0,0,0,0,0,0,5,23383,0,23579,0,0,0,0,3974947,4008456,0,0,0,0,0,1000,1000,5397059
MPCTASK: EXP,1,106,5284,39,656,711,550,78,13,1113,479,-219,302,1065,700,83,387,702,11,711,1000,0,0,1,20,19,0,0,0,0,0,0,0,5,30166,0,30657,0,0,0,0,5128083,5211731,0,0,0,0,0,1000,1000,5397059
MPCTASK: EXP,1,108,5376,90,631,713,434,-153,-3,1320,801,-314,393,980,700,24,244,701,13,713,1019,0,0,1,20,19,0,0,0,0,0,0,0,5,22473,0,23077,0,0,0,0,3820459,3923277,0,0,0,0,0,1000,1000,5397059
MPCTASK: EXP,1,110,5476,128,589,716,271,-398,-13,1360,1054,-398,438,869,700,-46,99,702,13,713,1019,0,0,1,20,19,0,0,0,0,0,0,0,5,22269,0,22606,0,0,0,0,3785767,3843081,0,0,0,0,0,1000,1000,5397059
MPCTASK: EXP,1,112,5575,144,515,713,55,-644,-39,1232,1276,-438,436,737,700,-130,-54,700,5,705,1019,0,0,1,20,19,0,0,0,0,0,0,0,5,21850,0,22047,0,0,0,0,3714487,3748166,0,0,0,0,0,1000,1000,5397059
MPCTASK: EXP,1,114,5677,132,436,707,-194,-835,-54,992,1321,-429,384,585,700,-217,-189,700,-3,696,1019,0,0,1,20,20,0,0,0,0,0,0,0,5,23812,0,24009,0,0,0,0,4047947,4081634,0,0,0,0,0,1000,1000,5397059
MPCTASK: EXP,1,116,5778,98,319,697,-442,-1011,-40,672,1170,-428,290,418,700,-291,-336,700,-10,689,1019,0,0,1,20,20,0,0,0,0,0,0,0,5,25025,0,25222,0,0,0,0,4254151,4287841,0,0,0,0,0,1000,1000,5397059
MPCTASK: EXP,1,118,5877,44,209,690,-645,-1096,3,283,871,-413,161,240,700,-343,-445,700,-9,690,1000,0,0,1,20,20,0,0,0,0,0,0,0,5,22808,0,23144,0,0,0,0,3877331,3934502,0,0,0,0,0,1000,1000,5397059
MPCTASK: EXP,1,120,5980,-33,127,690,-780,-1078,49,-13,494,-336,11,55,700,-378,-508,700,-9,690,1000,0,0,1,20,20,0,0,0,0,0,0,0,5,26575,0,26772,0,0,0,0,4517639,4551330,0,0,0,0,0,1000,1000,5397059
MPCTASK: EXP,1,122,6081,-119,35,698,-835,-1042,71,-143,27,-280,-145,-131,700,-381,-576,702,-1,698,1000,0,0,1,20,20,0,0,0,0,0,0,0,5,27593,0,27861,0,0,0,0,4690691,4736592,0,0,0,0,0,1000,1000,5397059
MPCTASK: EXP,1,124,6178,-202,-16,715,-796,-950,88,-53,-511,-224,-294,-315,700,-349,-605,707,15,715,1000,0,0,1,20,20,0,0,0,0,0,0,0,5,25012,0,25497,0,0,0,0,4251423,4334515,0,0,0,0,0,1000,1000,5397059
MPCTASK: EXP,1,126,6281,-271,-86,728,-674,-924,62,164,-963,-164,-420,-493,700,-288,-661,707,28,728,1000,0,0,1,20,20,0,0,0,0,0,0,0,5,27312,0,27647,0,0,0,0,4642991,4700165,0,0,0,0,0,1000,1000,5397059
MPCTASK: EXP,1,128,6380,-314,-182,738,-473,-964,14,286,-1303,-96,-510,-659,700,-200,-737,706,38,738,1000,0,0,1,20,19,0,0,0,0,0,0,0,5,26535,0,26742,0,0,0,0,4510903,4546201,0,0,0,0,0,1000,1000,5397059
MPCTASK: EXP,1,130,6483,-336,-265,737,-231,-987,-56,215,-1468,-30,-556,-810,700,-104,-780,703,26,726,1019,0,0,1,20,19,0,0,0,0,0,0,0,5,29783,0,29980,0,0,0,0,5063047,5096730,0,0,0,0,0,1000,1000,5397059
MPCTASK: EXP,1,132,6579,-341,-346,726,29,-983,-101,32,-1489,22,-553,-942,700,-13,-800,700,6,706,1019,0,0,1,20,19,0,0,0,0,0,0,0,5,25517,0,26217,0,0,0,0,4337751,4457111,0,0,0,0,0,1000,1000,5397059
MPCTASK: EXP,1,134,6680,-297,-429,708,333,-951,-126,-125,-1406,30,-502,-1052,700,104,-812,700,-16,683,1019,0,0,1,20,20,0,0,0,0,0,0,0,5,26476,0,26673,0,0,0,0,4500904,4534591,0,0,0,0,0,1000,1000,5397059
MPCTASK: EXP,1,136,6778,-238,-500,695,595,-881,-81,-314,-1128,-57,-407,-1136,700,191,-796,700,-21,678,1019,0,0,1,20,20,0,0,0,0,0,0,0,5,24390,0,24585,0,0,0,0,4146163,4179672,0,0,0,0,0,1000,1000,5397059
MPCTASK: EXP,1,138,6877,-168,-565,688,778,-783,-7,-490,-724,-187,-278,-1193,700,246,-764,700,-12,687,1019,0,0,1,20,20,0,0,0,0,0,0,0,5,23879,0,24076,0,0,0,0,4059355,4093045,0,0,0,0,0,1000,1000,5397059
MPCTASK: EXP,1,140,6977,-94,-598,692,869,-628,54,-651,-275,-346,-128,-1222,700,263,-691,701,-7,692,1000,0,0,1,20,20,0,0,0,0,0,0,0,5,23850,0,24620,0,0,0,0,4054507,4185529,0,0,0,0,0,1000,1000,5397059
MPCTASK: EXP,1,142,7078,-41,-611,701,843,-448,81,-726,185,-479,28,-1221,700,224,-597,704,1,701,1000,0,0,1,20,20,0,0,0,0,0,0,0,5,24092,0,24290,0,0,0,0,4095647,4129334,0,0,0,0,0,1000,1000,5397059
MPCTASK: EXP,1,144,7176,24,-626,711,774,-284,67,-783,588,-544,177,-1192,700,179,-508,705,11,711,1000,0,0,1,20,20,0,0,0,0,0,0,0,5,22832,0,23029,0,0,0,0,3881435,3914945,0,0,0,0,0,1000,1000,5397059
MPCTASK: EXP,1,146,7277,76,-633,722,634,-116,55,-897,975,-532,302,-1133,700,106,-408,707,22,722,1000,0,0,1,20,20,0,0,0,0,0,0,0,5,23858,0,24055,0,0,0,0,4055826,4089513,0,0,0,0,0,1000,1000,5397059
MPCTASK: EXP,1,148,7380,121,-622,730,455,75,17,-1004,1265,-452,393,-1048,700,28,-291,706,30,730,1000,0,0,1,20,19,0,0,0,0,0,0,0,5,26777,0,27554,0,0,0,0,4552115,4684362,0,0,0,0,0,1000,1000,5397059
MPCTASK: EXP,1,150,7481,139,-603,733,228,265,-29,-1075,1406,-340,438,-938,700,-64,-174,704,27,727,1019,0,0,1,20,19,0,0,0,0,0,0,0,5,25604,0,26178,0,0,0,0,4352463,4450257,0,0,0,0,0,1000,1000,5397059
MPCTASK: EXP,1,152,7578,143,-565,727,-9,465,-75,-1097,1407,-197,436,-805,700,-149,-48,701,12,712,1019,0,0,1,20,19,0,0,0,0,0,0,0,5,23069,0,23266,0,0,0,0,3921635,3955322,0,0,0,0,0,1000,1000,5397059
MPCTASK: EXP,1,154,7677,127,-505,717,-245,669,-92,-1080,1288,-54,384,-653,700,-228,88,700,0,699,1019,0,0,1,20,20,0,0,0,0,0,0,0,5,22851,0,23049,0,0,0,0,3884615,3918299,0,0,0,0,0,1000,1000,5397059
MPCTASK: EXP,1,156,7777,76,-431,705,-477,860,-73,-981,1040,44,290,-487,700,-305,221,700,-9,690,1019,0,0,1,20,20,0,0,0,0,0,0,0,5,22145,0,23006,0,0,0,0,3764523,3911059,0,0,0,0,0,1000,1000,5397059
MPCTASK: EXP,1,158,7884,5,-344,698,-660,1012,-27,-702,705,113,161,-309,700,-363,334,700,-7,692,1019,0,0,1,20,20,0,0,0,0,0,0,0,5,28237,0,28954,0,0,0,0,4800227,4922287,0,0,0,0,0,1000,1000,5397059
MPCTASK: EXP,1,160,7981,-48,-270,696,-728,1061,20,-321,270,168,11,-124,700,-361,400,700,-3,696,1000,0,0,1,20,20,0,0,0,0,0,0,0,5,26588,0,27084,0,0,0,0,4519867,4604358,0,0,0,0,0,1000,1000,5397059
MPCTASK: EXP,1,162,8083,-122,-180,700,-743,1071,41,-92,-108,212,-145,62,700,-351,473,700,0,700,1000,0,0,1,20,20,0,0,0,0,0,0,0,5,28786,0,29218,0,0,0,0,4893579,4967168,0,0,0,0,0,1000,1000,5397059
MPCTASK: EXP,1,164,8181,-172,-102,710,-665,1032,58,10,-489,271,-294,247,700,-295,522,700,10,710,1000,0,0,1,20,20,0,0,0,0,0,0,0,5,25550,0,26207,0,0,0,0,4343399,4455263,0,0,0,0,0,1000,1000,5397059
MPCTASK: EXP,1,166,8284,-223,-28,721,-551,993,32,-26,-751,307,-419,424,700,-235,569,703,21,721,1000,0,0,1,20,19,0,0,0,0,0,0,0,5,28408,0,28605,0,0,0,0,4829216,4862917,0,0,0,0,0,1000,1000,5397059
MPCTASK: EXP,1,168,8384,-243,32,726,-379,957,-10,-137,-951,341,-510,591,700,-146,602,703,24,724,1019,0,0,1,20,19,0,0,0,0,0,0,0,5,27613,0,28349,0,0,0,0,4694207,4819374,0,0,0,0,0,1000,1000,5397059
MPCTASK: EXP,1,170,8486,-260,105,724,-197,964,-49,-228,-1084,358,-555,742,700,-64,644,701,14,714,1019,0,0,1,20,19,0,0,0,0,0,0,0,5,30763,0,30960,0,0,0,0,5229639,5263324,0,0,0,0,0,1000,1000,5397059
MPCTASK: EXP,1,172,8580,-251,157,717,0,953,-70,-137,-1176,374,-553,874,700,25,648,700,3,703,1019,0,0,1,20,19,0,0,0,0,0,0,0,5,24773,0,24968,0,0,0,0,4211183,4244699,0,0,0,0,0,1000,1000,5397059
MPCTASK: EXP,1,174,8677,-242,244,710,222,955,-56,23,-1154,377,-501,983,700,99,669,700,-1,698,1019,0,0,1,20,20,0,0,0,0,0,0,0,5,21084,0,21281,0,0,0,0,3584087,3617766,0,0,0,0,0,1000,1000,5397059
MPCTASK: EXP,1,176,8781,-198,322,702,437,923,-46,255,-1047,364,-407,1067,700,175,664,700,-6,693,1019,0,0,1,20,20,0,0,0,0,0,0,0,5,25084,0,25281,0,0,0,0,4264304,4297811,0,0,0,0,0,1000,1000,5397059
MPCTASK: EXP,1,178,8878,-140,391,699,610,838,-26,483,-767,337,-278,1125,700,225,636,700,-6,693,1019,0,0,1,20,20,0,0,0,0,0,0,0,5,22817,0,23023,0,0,0,0,3878751,3914035,0,0,0,0,0,1000,1000,5397059
MPCTASK: EXP,1,180,8979,-103,474,696,682,763,-13,720,-438,280,-128,1154,700,217,612,700,-6,693,1019,0,0,1,20,20,0,0,0,0,0,0,0,5,22989,0,23407,0,0,0,0,3908123,3979263,0,0,0,0,0,1000,1000,5397059
MPCTASK: EXP,1,182,9083,-18,529,702,750,566,27,1038,-91,152,28,1153,700,230,532,701,2,702,1000,0,0,1,20,20,0,0,0,0,0,0,0,5,26395,0,26592,0,0,0,0,4487039,4520733,0,0,0,0,0,1000,1000,5397059
MPCTASK: EXP,1,184,9178,54,547,707,730,339,18,1157,370,2,177,1124,700,199,427,702,7,707,1000,0,0,1,20,20,0,0,0,0,0,0,0,5,21942,0,22140,0,0,0,0,3730155,3763850,0,0,0,0,0,1000,1000,5397059
MPCTASK: EXP,1,186,9287,108,553,708,615,115,-14,1197,758,-135,302,1066,700,134,317,701,5,705,1019,0,0,1,20,20,0,0,0,0,0,0,0,5,30395,0,30931,0,0,0,0,5167087,5259244,0,0,0,0,0,1000,1000,5397059
MPCTASK: EXP,1,188,9380,142,551,705,451,-75,-29,1226,1026,-251,392,981,700,55,213,700,0,699,1019,0,0,1,20,20,0,0,0,0,0,0,0,5,23893,0,24410,0,0,0,0,4061747,4149781,0,0,0,0,0,1000,1000,5397059
MPCTASK: EXP,1,190,9482,146,524,704,185,-316,-25,1226,1151,-337,437,871,700,-55,81,700,0,699,1019,0,0,1,20,20,0,0,0,0,0,0,0,5,24869,0,25067,0,0,0,0,4227719,4306510,0,0,0,0,0,1000,1000,5397059
MPCTASK: EXP,1,192,9580,134,456,696,-55,-557,-48,1170,1167,-376,434,739,700,-155,-76,700,-12,687,1019,0,0,1,20,20,0,0,0,0,0,0,0,5,24096,0,24294,0,0,0,0,4096307,4130001,0,0,0,0,0,1000,1000,5397059
MPCTASK: EXP,1,194,9684,99,361,688,-298,-787,-38,973,1086,-374,382,587,700,-249,-236,700,-18,681,1019,0,0,1,20,20,0,0,0,0,0,0,0,5,27760,0,28190,0,0,0,0,4719195,4792332,0,0,0,0,0,1000,1000,5397059
MPCTASK: EXP,1,196,9781,49,281,682,-494,-928,-15,733,909,-330,288,421,700,-316,-355,700,-20,679,1019,0,0,1,20,20,0,0,0,0,0,0,0,5,24581,0,25395,0,0,0,0,4178635,4317269,0,0,0,0,0,1000,1000,5397059
MPCTASK: EXP,1,198,9882,-38,159,683,-678,-1061,33,418,508,-259,159,242,700,-381,-491,700,-16,683,1000,0,0,1,20,20,0,0,0,0,0,0,0,5,25085,0,25283,0,0,0,0,4264335,4298209,0,0,0,0,0,1000,1000,5397059
MPCTASK: EXP,1,200,9984,-112,55,684,-743,-1102,50,109,133,-201,10,56,700,-398,-582,702,-15,684,1000,0,0,1,20,20,0,0,0,0,0,0,0,5,27638,0,27998,0,0,0,0,4698267,4759814,0,0,0,0,0,1000,1000,5397059
MPCTASK: EXP,1,202,10084,-191,-56,695,-744,-1104,84,-85,-227,-157,-144,-132,700,-392,-667,707,-4,695,1000,0,0,1,20,20,0,0,0,0,0,0,0,5,27700,0,28253,0,0,0,0,4708956,4803127,0,0,0,0,0,1000,1000,5397059
MPCTASK: EXP,1,204,10182,-245,-138,711,-672,-1060,97,-134,-552,-103,-290,-319,700,-346,-715,710,11,711,1000,0,0,1,20,20,0,0,0,0,0,0,0,5,26100,0,26500,0,0,0,0,4436827,4505015,0,0,0,0,0,1000,1000,5397059
MPCTASK: EXP,1,206,10286,-313,-235,728,-546,-1013,69,-90,-923,14,-412,-501,700,-297,-764,710,28,728,1000,0,0,1,20,20,0,0,0,0,0,0,0,5,28917,0,29715,0,0,0,0,4915927,5051749,0,0,0,0,0,1000,1000,5397059
MPCTASK: EXP,1,208,10384,-347,-317,734,-365,-970,-4,-82,-1174,113,-499,-672,700,-227,-787,708,33,733,1019,0,0,1,20,20,0,0,0,0,0,0,0,5,26240,0,27596,0,0,0,0,4460708,4691364,0,0,0,0,0,1000,1000,5397059
MPCTASK: EXP,1,210,10485,-360,-398,729,-145,-926,-66,-124,-1276,183,-541,-827,700,-150,-793,703,16,716,1019,0,0,1,20,20,0,0,0,0,0,0,0,5,28332,0,28779,0,0,0,0,4816339,4892449,0,0,0,0,0,1000,1000,5397059
MPCTASK: EXP,1,212,10583,-355,-453,719,69,-853,-97,-214,-1280,191,-536,-962,700,-85,-760,700,0,699,1019,0,0,1,20,20,0,0,0,0,0,0,0,5,25606,0,27005,0,0,0,0,4352975,4591027,0,0,0,0,0,1000,1000,5397059
MPCTASK: EXP,1,214,10683,-314,-513,706,319,-763,-98,-370,-1139,139,-486,-1070,700,-9,-715,700,-13,686,1019,0,0,1,20,20,0,0,0,0,0,0,0,5,26201,0,26455,0,0,0,0,4454039,4497315,0,0,0,0,0,1000,1000,5397059
MPCTASK: EXP,1,216,10782,-275,-546,696,500,-620,-57,-554,-840,48,-397,-1149,699,24,-631,699,-14,685,1019,0,0,1,20,20,0,0,0,0,0,0,0,5,24597,0,25746,0,0,0,0,4181363,4376943,0,0,0,0,0,1000,1000,5397059
MPCTASK: EXP,1,218,10883,-208,-586,690,640,-484,-14,-706,-453,-28,-280,-1192,699,55,-560,699,-12,687,1019,0,0,1,20,20,0,0,0,0,0,0,0,5,26713,0,27001,0,0,0,0,4541095,4590304,0,0,0,0,0,1000,1000,5397059
MPCTASK: EXP,1,220,10981,-158,-587,690,664,-283,26,-893,45,-100,-152,-1195,699,38,-452,699,-9,690,1000,0,0,1,20,20,0,0,0,0,0,0,0,5,23525,0,23836,0,0,0,0,3999123,4052295,0,0,0,0,0,1000,1000,5397059
MPCTASK: EXP,1,222,11087,-85,-587,698,620,-69,48,-1017,503,-113,-27,-1157,699,32,-365,702,-1,698,1000,0,0,1,20,20,0,0,0,0,0,0,0,5,28900,0,29107,0,0,0,0,4912820,4948149,0,0,0,0,0,1000,1000,5397059
MPCTASK: EXP,1,224,11181,-46,-571,705,489,128,28,-1049,825,-115,78,-1077,699,6,-300,704,5,705,1000,0,0,1,20,20,0,0,0,0,0,0,0,5,24073,0,24271,0,0,0,0,4092375,4126104,0,0,0,0,0,1000,1000,5397059
MPCTASK: EXP,1,226,11284,-7,-541,709,362,298,15,-922,920,-104,151,-958,700,8,-265,704,9,709,1000,0,0,1,20,20,0,0,0,0,0,0,0,5,26638,0,26835,0,0,0,0,4528419,4561970,0,0,0,0,0,1000,1000,5397059
MPCTASK: EXP,1,228,11381,12,-502,710,199,442,-11,-657,872,-84,185,-806,700,-8,-230,704,7,707,1019,0,0,1,20,20,0,0,0,0,0,0,0,5,23028,0,23655,0,0,0,0,3914559,4021523,0,0,0,0,0,1000,1000,5397059
MPCTASK: EXP,1,230,11487,26,-449,703,51,535,-27,-273,658,-23,178,-633,700,-20,-196,701,-1,698,1019,0,0,1,20,20,0,0,0,0,0,0,0,5,29842,0,30039,0,0,0,0,5073059,5106794,0,0,0,0,0,1000,1000,5397059
MPCTASK: EXP,1,232,11585,28,-399,703,-44,551,-1,9,456,64,137,-454,700,-32,-161,702,3,703,1019,0,0,1,20,20,0,0,0,0,0,0,0,5,27739,0,27936,0,0,0,0,4715527,4749075,0,0,0,0,0,1000,1000,5397059
MPCTASK: EXP,1,234,11684,15,-349,701,-111,539,-1,165,282,142,76,-289,700,-62,-99,701,1,701,1019,0,0,1,20,20,0,0,0,0,0,0,0,5,26154,0,26495,0,0,0,0,4445987,4504126,0,0,0,0,0,1000,1000,5397059
MPCTASK: EXP,1,236,11782,-2,-304,701,-152,479,3,247,115,208,12,-156,700,-105,-16,701,1,701,1000,0,0,1,20,20,0,0,0,0,0,0,0,5,23440,0,23931,0,0,0,0,3984699,4068434,0,0,0,0,0,1000,1000,5397059
MPCTASK: EXP,1,238,11884,-26,-270,704,-174,429,14,66,39,236,-34,-72,700,-160,96,702,4,704,1000,0,0,1,20,20,0,0,0,0,0,0,0,5,26852,0,27050,0,0,0,0,4564907,4598642,0,0,0,0,0,1000,1000,5397059
MPCTASK: EXP,1,240,11984,-43,-240,703,-180,424,-2,-285,71,242,-56,-37,700,-193,216,701,3,703,1019,0,0,1,20,20,0,0,0,0,0,0,0,5,26429,0,26780,0,0,0,0,4492804,4552599,0,0,0,0,0,1000,1000,5397059
MPCTASK: EXP,1,242,12084,-55,-225,704,-189,458,4,-681,121,237,-58,-34,700,-191,311,701,4,704,1000,0,0,1,20,20,0,0,0,0,0,0,0,5,26362,0,26850,0,0,0,0,4481543,4564580,0,0,0,0,0,1000,1000,5397059
MPCTASK: EXP,1,244,12186,-74,-185,711,-218,584,16,-1051,153,237,-62,-26,700,-169,407,703,11,711,1000,0,0,1,20,19,0,0,0,0,0,0,0,5,28054,0,28415,0,0,0,0,4769107,4830551,0,0,0,0,0,1000,1000,5397059
MPCTASK: EXP,1,246,12283,-98,-131,713,-246,750,-15,-1159,65,230,-87,19,700,-138,498,701,10,710,1019,0,0,1,20,19,0,0,0,0,0,0,0,5,25672,0,25869,0,0,0,0,4364199,4397747,0,0,0,0,0,1000,1000,5397059
MPCTASK: EXP,1,248,12385,-116,-55,710,-239,923,-38,-955,-157,224,-135,118,700,-85,579,700,3,703,1019,0,0,1,20,19,0,0,0,0,0,0,0,5,26944,0,27460,0,0,0,0,4580432,4668247,0,0,0,0,0,1000,1000,5397059
MPCTASK: EXP,1,250,12481,-128,22,703,-179,1033,-46,-590,-484,216,-191,263,700,-15,629,700,-6,693,1019,0,0,1,20,20,0,0,0,0,0,0,0,5,23336,0,23532,0,0,0,0,3967027,4000579,0,0,0,0,0,1000,1000,5397059
MPCTASK: EXP,1,252,12582,-130,113,699,-43,1081,-18,-239,-780,236,-238,437,700,67,667,700,-4,695,1019,0,0,1,20,20,0,0,0,0,0,0,0,5,23706,0,23906,0,0,0,0,4029975,4064115,0,0,0,0,0,1000,1000,5397059
MPCTASK: EXP,1,254,12684,-124,204,700,102,1084,2,-38,-852,280,-259,618,700,131,692,700,0,700,1000,0,0,1,20,20,0,0,0,0,0,0,0,5,25440,0,25638,0,0,0,0,4324767,4358497,0,0,0,0,0,1000,1000,5397059
MPCTASK: EXP,1,256,12782,-106,293,700,246,1051,-12,247,-814,335,-244,788,700,183,694,700,-2,697,1019,0,0,1,20,20,0,0,0,0,0,0,0,5,23850,0,24048,0,0,0,0,4054511,4088217,0,0,0,0,0,1000,1000,5397059
MPCTASK: EXP,1,258,12886,-83,394,700,360,1013,-12,525,-687,377,-189,931,699,207,698,699,-1,698,1019,0,0,1,20,20,0,0,0,0,0,0,0,5,27176,0,27604,0,0,0,0,4619767,4692715,0,0,0,0,0,1000,1000,5397059
MPCTASK: EXP,1,260,12987,-33,477,699,483,859,-23,881,-470,398,-100,1036,699,234,650,699,-5,694,1019,0,0,1,20,20,0,0,0,0,0,0,0,5,26246,0,28022,0,0,0,0,4461721,4763822,0,0,0,0,0,1000,1000,5397059
MPCTASK: EXP,1,262,13083,17,530,699,550,656,-26,1112,-214,349,12,1100,699,235,572,699,-5,694,1019,0,0,1,20,20,0,0,0,0,0,0,0,5,23366,0,25090,0,0,0,0,3972119,4265431,0,0,0,0,0,1000,1000,5397059
MPCTASK: EXP,1,264,13181,59,536,695,557,388,-38,1154,57,281,135,1119,699,201,454,699,-12,687,1019,0,0,1,20,20,0,0,0,0,0,0,0,5,21960,0,22625,0,0,0,0,3733100,3846206,0,0,0,0,0,1000,1000,5397059
MPCTASK: EXP,1,266,13285,105,551,690,528,186,-35,1151,380,164,252,1096,699,154,358,699,-16,683,1019,0,0,1,20,20,0,0,0,0,0,0,0,5,26496,0,27063,0,0,0,0,4504215,4600803,0,0,0,0,0,1000,1000,5397059
MPCTASK: EXP,1,268,13391,167,538,690,437,-71,0,1149,735,-7,347,1034,699,104,229,699,-9,690,1019,0,0,1,20,20,0,0,0,0,0,0,0,5,30024,0,30871,0,0,0,0,5104083,5248166,0,0,0,0,0,1000,1000,5397059
MPCTASK: EXP,1,270,13484,185,510,693,257,-283,17,1076,1037,-122,408,938,700,8,109,701,-6,693,1000,0,0,1,20,20,0,0,0,0,0,0,0,5,23723,0,23919,0,0,0,0,4032887,4066435,0,0,0,0,0,1000,1000,5397059
MPCTASK: EXP,1,272,13587,186,466,692,39,-472,-8,1012,1207,-189,425,813,700,-87,-16,700,-9,690,1019,0,0,1,20,20,0,0,0,0,0,0,0,5,25625,0,26402,0,0,0,0,4356239,4488500,0,0,0,0,0,1000,1000,5397059
MPCTASK: EXP,1,274,13686,167,397,689,-177,-651,-18,909,1170,-197,396,665,700,-173,-152,700,-14,685,1019,0,0,1,20,20,0,0,0,0,0,0,0,5,25328,0,25832,0,0,0,0,4305639,4391655,0,0,0,0,0,1000,1000,5397059
MPCTASK: EXP,1,276,13788,119,335,688,-407,-787,-1,800,1073,-164,322,499,700,-263,-265,700,-12,687,1019,0,0,1,20,20,0,0,0,0,0,0,0,5,26307,0,27280,0,0,0,0,4471961,4637759,0,0,0,0,0,1000,1000,5397059
MPCTASK: EXP,1,278,13892,52,234,686,-606,-940,2,670,805,-124,210,320,700,-333,-402,700,-13,686,1000,0,0,1,20,20,0,0,0,0,0,0,0,5,31619,0,31815,0,0,0,0,5375123,5408671,0,0,0,0,0,1000,1000,5408671
MPCTASK: EXP,1,280,13988,-20,138,688,-731,-1036,33,433,450,-75,70,133,700,-368,-508,702,-11,688,1000,0,0,1,20,20,0,0,0,0,0,0,0,5,27489,0,27969,0,0,0,0,4672907,4754943,0,0,0,0,0,1000,1000,5408671
MPCTASK: EXP,1,282,14087,-102,45,691,-786,-1073,55,161,54,-52,-83,-55,700,-377,-588,703,-8,691,1000,0,0,1,20,20,0,0,0,0,0,0,0,5,26385,0,27045,0,0,0,0,4485307,4597663,0,0,0,0,0,1000,1000,5408671
MPCTASK: EXP,1,284,14185,-175,-54,700,-757,-1074,74,18,-344,-65,-235,-243,700,-351,-663,706,0,700,1000,0,0,1,20,20,0,0,0,0,0,0,0,5,24366,0,24959,0,0,0,0,4142115,4243098,0,0,0,0,0,1000,1000,5408671
MPCTASK: EXP,1,286,14291,-241,-143,712,-664,-1045,72,-34,-697,-63,-371,-425,700,-301,-721,709,12,712,1000,0,0,1,20,20,0,0,0,0,0,0,0,5,30215,0,31196,0,0,0,0,5136477,5303383,0,0,0,0,0,1000,1000,5408671
MPCTASK: EXP,1,288,14387,-288,-235,723,-514,-1019,27,-49,-1017,-56,-476,-597,700,-228,-773,708,23,723,1000,0,0,1,20,20,0,0,0,0,0,0,0,5,25703,0,26160,0,0,0,0,4369519,4447331,0,0,0,0,0,1000,1000,5408671
MPCTASK: EXP,1,290,14491,-320,-313,724,-314,-974,-29,-84,-1238,-33,-541,-754,700,-143,-802,708,18,718,1019,0,0,1,20,20,0,0,0,0,0,0,0,5,28161,0,29073,0,0,0,0,4787255,4942515,0,0,0,0,0,1000,1000,5408671
MPCTASK: EXP,1,292,14588,-327,-400,722,-74,-943,-45,-118,-1360,-45,-558,-894,700,-46,-833,706,13,713,1019,0,0,1,20,20,0,0,0,0,0,0,0,5,26829,0,27099,0,0,0,0,4560876,4606839,0,0,0,0,0,1000,1000,5408671
MPCTASK: EXP,1,294,14691,-316,-459,713,173,-869,-72,-199,-1362,-98,-526,-1012,700,42,-823,702,0,699,1019,0,0,1,20,20,0,0,0,0,0,0,0,5,29601,0,30076,0,0,0,0,5032047,5113049,0,0,0,0,0,1000,1000,5408671
MPCTASK: EXP,1,296,14788,-263,-526,704,441,-808,-70,-272,-1205,-165,-449,-1106,700,142,-815,701,-9,690,1019,0,0,1,20,20,0,0,0,0,0,0,0,5,26997,0,27330,0,0,0,0,4589415,4646187,0,0,0,0,0,1000,1000,5408671
MPCTASK: EXP,1,298,14892,-207,-572,693,645,-688,-54,-427,-832,-234,-333,-1174,700,200,-766,700,-17,682,1019,0,0,1,20,20,0,0,0,0,0,0,0,5,28387,0,28896,0,0,0,0,4825756,4912295,0,0,0,0,0,1000,1000,5408671
MPCTASK: EXP,1,300,14994,-138,-608,689,770,-567,-4,-509,-462,-312,-189,-1214,700,232,-711,700,-11,688,1019,0,0,1,20,20,0,0,0,0,0,0,0,5,31691,0,31891,0,0,0,0,5387367,5421499,0,0,0,0,0,1000,1000,5421499
MPCTASK: EXP,1,302,15092,-74,-633,690,807,-433,30,-583,-81,-383,-33,-1225,700,224,-640,700,-9,690,1000,0,0,1,20,20,0,0,0,0,0,0,0,5,29932,0,30128,0,0,0,0,5088303,5121851,0,0,0,0,0,1000,1000,5421499
MPCTASK: EXP,1,304,15187,-12,-643,695,787,-300,48,-663,290,-402,119,-1207,700,193,-553,701,-4,695,1000,0,0,1,20,20,0,0,0,0,0,0,0,5,24529,0,24974,0,0,0,0,4169823,4245655,0,0,0,0,0,1000,1000,5421499
MPCTASK: EXP,1,306,15288,52,-654,705,680,-140,54,-786,721,-373,256,-1160,700,136,-458,703,5,705,1000,0,0,1,20,20,0,0,0,0,0,0,0,5,24778,0,24976,0,0,0,0,4212255,4245990,0,0,0,0,0,1000,1000,5421499
MPCTASK: EXP,1,308,15391,101,-646,717,530,26,37,-910,1044,-311,361,-1085,700,63,-349,705,17,717,1000,0,0,1,20,20,0,0,0,0,0,0,0,5,27893,0,28717,0,0,0,0,4741735,4881994,0,0,0,0,0,1000,1000,5421499
MPCTASK: EXP,1,310,15492,127,-626,723,325,204,-10,-1027,1298,-212,426,-984,700,-28,-230,707,21,721,1019,0,0,1,20,20,0,0,0,0,0,0,0,5,29632,0,30234,0,0,0,0,5037468,5139980,0,0,0,0,0,1000,1000,5421499
MPCTASK: EXP,1,312,15586,131,-593,722,110,382,-52,-1080,1373,-123,443,-860,700,-116,-109,704,11,711,1019,0,0,1,20,20,0,0,0,0,0,0,0,5,23533,0,23981,0,0,0,0,4000591,4076856,0,0,0,0,0,1000,1000,5421499
MPCTASK: EXP,1,314,15694,120,-545,710,-135,577,-97,-1099,1331,-7,410,-716,700,-204,19,700,-9,690,1019,0,0,1,20,20,0,0,0,0,0,0,0,5,30282,0,31504,0,0,0,0,5147767,5355735,0,0,0,0,0,1000,1000,5421499
MPCTASK: EXP,1,316,15793,78,-464,695,-403,805,-87,-1033,1119,84,332,-555,700,-293,172,700,-22,677,1019,0,0,1,20,20,0,0,0,0,0,0,0,5,29831,0,30285,0,0,0,0,5071143,5148485,0,0,0,0,0,1000,1000,5421499
MPCTASK: EXP,1,318,15889,26,-386,686,-588,962,-33,-786,768,124,216,-381,700,-344,284,700,-20,679,1019,0,0,1,20,20,0,0,0,0,0,0,0,5,25598,0,26978,0,0,0,0,4351599,4586422,0,0,0,0,0,1000,1000,5421499
MPCTASK: EXP,1,320,15991,-42,-312,683,-702,1044,18,-445,382,141,73,-198,700,-370,365,700,-16,683,1000,0,0,1,20,20,0,0,0,0,0,0,0,5,27673,0,28709,0,0,0,0,4704199,4880513,0,0,0,0,0,1000,1000,5421499
MPCTASK: EXP,1,322,16094,-103,-236,688,-717,1052,69,-167,-39,155,-83,-12,700,-354,426,700,-11,688,1000,0,0,1,20,20,0,0,0,0,0,0,0,5,30476,0,30921,0,0,0,0,5180923,5256658,0,0,0,0,0,1000,1000,5421499
MPCTASK: EXP,1,324,16188,-162,-159,700,-669,1029,80,-70,-375,156,-237,174,700,-316,482,700,0,700,1000,0,0,1,20,20,0,0,0,0,0,0,0,5,25751,0,25949,0,0,0,0,4377627,4411349,0,0,0,0,0,1000,1000,5421499
MPCTASK: EXP,1,326,16289,-208,-93,710,-560,987,57,-71,-677,159,-373,355,700,-252,523,700,10,710,1000,0,0,1,20,20,0,0,0,0,0,0,0,5,26421,0,26932,0,0,0,0,4491622,4578555,0,0,0,0,0,1000,1000,5421499
MPCTASK: EXP,1,328,16388,-242,-9,723,-415,983,40,-170,-883,185,-478,526,700,-177,583,706,23,723,1000,0,0,1,20,20,0,0,0,0,0,0,0,5,25469,0,25846,0,0,0,0,4329683,4393846,0,0,0,0,0,1000,1000,5421499
MPCTASK: EXP,1,330,16486,-251,63,725,-228,980,-23,-218,-1022,197,-543,684,700,-84,624,706,20,720,1019,0,0,1,20,20,0,0,0,0,0,0,0,5,22948,0,23144,0,0,0,0,3901124,3934673,0,0,0,0,0,1000,1000,5421499
MPCTASK: EXP,1,332,16591,-251,139,720,-33,989,-60,-190,-1077,209,-560,824,700,0,657,702,8,708,1019,0,0,1,20,20,0,0,0,0,0,0,0,5,28698,0,28895,0,0,0,0,4878611,4912175,0,0,0,0,0,1000,1000,5421499
MPCTASK: EXP,1,334,16688,-245,233,711,153,1012,-74,-69,-1060,205,-528,942,700,70,694,700,-3,696,1019,0,0,1,20,20,0,0,0,0,0,0,0,5,25419,0,25616,0,0,0,0,4321039,4354754,0,0,0,0,0,1000,1000,5421499
MPCTASK: EXP,1,336,16788,-206,312,703,355,977,-50,186,-960,208,-449,1037,700,148,691,700,-6,693,1019,0,0,1,20,20,0,0,0,0,0,0,0,5,25056,0,25613,0,0,0,0,4259316,4354453,0,0,0,0,0,1000,1000,5421499
MPCTASK: EXP,1,338,16886,-142,396,697,541,915,-41,423,-735,200,-333,1105,700,213,679,700,-10,689,1019,0,0,1,20,20,0,0,0,0,0,0,0,5,23710,0,23907,0,0,0,0,4030583,4064131,0,0,0,0,0,1000,1000,5421499
MPCTASK: EXP,1,340,16996,-83,454,693,644,775,-28,717,-406,167,-190,1146,700,236,622,700,-12,687,1019,0,0,1,20,20,0,0,0,0,0,0,0,5,33172,0,33567,0,0,0,0,5639003,5706580,0,0,0,0,0,1000,1000,5706580
MPCTASK: EXP,1,342,17084,-21,485,693,684,579,0,895,-45,127,-33,1157,700,229,533,700,-6,693,1019,0,0,1,20,20,0,0,0,0,0,0,0,5,22131,0,22328,0,0,0,0,3762155,3795873,0,0,0,0,0,1000,1000,5706580
MPCTASK: EXP,1,344,17191,52,525,697,674,404,14,995,330,70,120,1139,700,209,457,700,-2,697,1000,0,0,1,20,20,0,0,0,0,0,0,0,5,28258,0,28594,0,0,0,0,4803787,4861047,0,0,0,0,0,1000,1000,5706580
MPCTASK: EXP,1,346,17288,33,519,697,476,167,-9,1079,670,81,256,1092,700,73,335,700,-4,695,1019,0,0,1,20,20,0,0,0,0,0,0,0,5,25782,0,25979,0,0,0,0,4382907,4416455,0,0,0,0,0,1000,1000,5706580
MPCTASK: EXP,1,348,17393,71,517,699,356,-25,-3,1006,685,51,361,1017,700,17,232,700,0,699,1019,0,0,1,20,20,0,0,0,0,0,0,0,5,30213,0,30596,0,0,0,0,5136195,5201517,0,0,0,0,0,1000,1000,5706580
MPCTASK: EXP,1,350,17491,105,499,696,233,-217,-17,1053,834,-36,426,916,700,-41,118,700,-7,692,1019,0,0,1,20,20,0,0,0,0,0,0,0,5,28875,0,29186,0,0,0,0,4908660,4961713,0,0,0,0,0,1000,1000,5706580
MPCTASK: EXP,1,352,17592,113,450,693,62,-425,-14,1002,993,-115,443,792,700,-121,-15,700,-9,690,1019,0,0,1,20,20,0,0,0,0,0,0,0,5,27465,0,27855,0,0,0,0,4669099,4735501,0,0,0,0,0,1000,1000,5706580
MPCTASK: EXP,1,354,17692,107,402,696,-124,-584,10,913,1043,-162,411,648,700,-195,-131,700,-3,696,1000,0,0,1,20,20,0,0,0,0,0,0,0,5,27928,0,28136,0,0,0,0,4747752,4783466,0,0,0,0,0,1000,1000,5706580
MPCTASK: EXP,1,356,17788,82,333,694,-310,-736,-5,814,985,-178,332,487,700,-260,-252,700,-6,693,1019,0,0,1,20,20,0,0,0,0,0,0,0,5,24202,0,24400,0,0,0,0,4114383,4148102,0,0,0,0,0,1000,1000,5706580
MPCTASK: EXP,1,358,17893,38,249,691,-482,-870,-11,702,833,-165,216,313,700,-312,-374,700,-11,688,1019,0,0,1,20,20,0,0,0,0,0,0,0,5,29255,0,29576,0,0,0,0,4973200,5028033,0,0,0,0,0,1000,1000,5706580
MPCTASK: EXP,1,360,17992,-10,164,691,-600,-966,19,519,506,-122,72,130,700,-330,-476,700,-8,691,1000,0,0,1,20,20,0,0,0,0,0,0,0,5,27764,0,28281,0,0,0,0,4719787,4807997,0,0,0,0,0,1000,1000,5706580
MPCTASK: EXP,1,362,18093,-70,78,692,-659,-1022,31,333,205,-72,-83,-56,700,-330,-561,700,-7,692,1000,0,0,1,20,20,0,0,0,0,0,0,0,5,27948,0,28146,0,0,0,0,4751231,4784962,0,0,0,0,0,1000,1000,5706580
MPCTASK: EXP,1,364,18192,-154,-11,697,-692,-1045,49,161,-144,-24,-237,-242,700,-330,-633,700,-2,697,1000,0,0,1,20,20,0,0,0,0,0,0,0,5,27175,0,27908,0,0,0,0,4619755,4744392,0,0,0,0,0,1000,1000,5706580
MPCTASK: EXP,1,366,18292,-217,-89,706,-631,-1026,56,94,-553,-18,-373,-423,700,-283,-684,700,6,706,1000,0,0,1,20,20,0,0,0,0,0,0,0,5,27375,0,27581,0,0,0,0,4653626,4688811,0,0,0,0,0,1000,1000,5706580
MPCTASK: EXP,1,368,18397,-264,-188,719,-501,-1032,44,80,-904,-43,-478,-594,700,-214,-751,707,19,719,1000,0,0,1,20,20,0,0,0,0,0,0,0,5,31167,0,31644,0,0,0,0,5298319,5379417,0,0,0,0,0,1000,1000,5706580
MPCTASK: EXP,1,370,18494,-296,-279,724,-325,-1024,-3,30,-1131,-71,-543,-752,700,-135,-798,703,23,723,1019,0,0,1,20,20,0,0,0,0,0,0,0,5,27636,0,28479,0,0,0,0,4697943,4841397,0,0,0,0,0,1000,1000,5706580
MPCTASK: EXP,1,372,18594,-306,-365,726,-108,-1002,-35,-67,-1303,-136,-560,-892,700,-43,-827,705,19,719,1019,0,0,1,20,20,0,0,0,0,0,0,0,5,29028,0,29226,0,0,0,0,4934787,4968517,0,0,0,0,0,1000,1000,5706580
MPCTASK: EXP,1,374,18693,-297,-434,717,131,-943,-75,-202,-1333,-219,-528,-1011,700,43,-825,700,2,702,1019,0,0,1,20,20,0,0,0,0,0,0,0,5,27046,0,27708,0,0,0,0,4597752,4710401,0,0,0,0,0,1000,1000,5706580
MPCTASK: EXP,1,376,18796,-266,-515,710,374,-887,-58,-341,-1234,-306,-449,-1105,700,126,-825,700,0,699,1019,0,0,1,20,20,0,0,0,0,0,0,0,5,29377,0,29765,0,0,0,0,4993963,5060235,0,0,0,0,0,1000,1000,5706580
MPCTASK: EXP,1,378,18894,-221,-561,703,575,-768,-48,-498,-979,-392,-333,-1174,700,180,-776,700,-6,693,1019,0,0,1,20,20,0,0,0,0,0,0,0,5,28730,0,28926,0,0,0,0,4883923,4917653,0,0,0,0,0,1000,1000,5706580
MPCTASK: EXP,1,380,18995,-161,-594,696,722,-624,-33,-594,-613,-454,-190,-1214,700,212,-711,700,-9,690,1019,0,0,1,20,20,0,0,0,0,0,0,0,5,29250,0,29584,0,0,0,0,4972261,5029457,0,0,0,0,0,1000,1000,5706580
MPCTASK: EXP,1,382,19091,-103,-617,693,784,-466,-3,-655,-226,-501,-33,-1225,700,207,-633,700,-7,692,1019,0,0,1,20,20,0,0,0,0,0,0,0,5,26308,0,26506,0,0,0,0,4472335,4506060,0,0,0,0,0,1000,1000,5706580
MPCTASK: EXP,1,384,19193,-29,-630,697,796,-309,34,-695,184,-513,120,-1207,700,191,-545,700,-2,697,1000,0,0,1,20,20,0,0,0,0,0,0,0,5,27112,0,27310,0,0,0,0,4608927,4642657,0,0,0,0,0,1000,1000,5706580
MPCTASK: EXP,1,386,19295,25,-639,705,712,-157,45,-766,593,-477,256,-1160,700,133,-454,700,5,705,1000,0,0,1,20,20,0,0,0,0,0,0,0,5,29612,0,29810,0,0,0,0,5034027,5067757,0,0,0,0,0,1000,1000,5706580
MPCTASK: EXP,1,388,19393,80,-632,716,581,6,33,-860,971,-398,361,-1085,700,66,-346,705,16,716,1000,0,0,1,20,20,0,0,0,0,0,0,0,5,27243,0,27907,0,0,0,0,4631311,4744273,0,0,0,0,0,1000,1000,5706580
MPCTASK: EXP,1,390,19493,110,-614,722,382,181,-4,-995,1285,-272,426,-985,700,-25,-228,704,21,721,1019,0,0,1,20,20,0,0,0,0,0,0,0,5,26282,0,26732,0,0,0,0,4467987,4544642,0,0,0,0,0,1000,1000,5706580
MPCTASK: EXP,1,392,19596,124,-577,719,147,379,-59,-1103,1426,-126,443,-861,700,-116,-97,702,7,707,1019,0,0,1,20,20,0,0,0,0,0,0,0,5,29795,0,29992,0,0,0,0,5065028,5098575,0,0,0,0,0,1000,1000,5706580
MPCTASK: EXP,1,394,19693,114,-529,713,-109,578,-84,-1133,1387,3,411,-716,700,-206,34,700,-3,696,1019,0,0,1,20,20,0,0,0,0,0,0,0,5,26791,0,27279,0,0,0,0,4554341,4637526,0,0,0,0,0,1000,1000,5706580
MPCTASK: EXP,1,396,19796,76,-454,702,-361,789,-89,-1087,1186,122,332,-555,700,-288,177,700,-15,684,1019,0,0,1,20,20,0,0,0,0,0,0,0,5,30147,0,30658,0,0,0,0,5125003,5212045,0,0,0,0,0,1000,1000,5706580
MPCTASK: EXP,1,398,19894,17,-376,691,-571,955,-59,-847,833,204,216,-381,700,-350,293,700,-20,679,1019,0,0,1,20,20,0,0,0,0,0,0,0,5,28824,0,29271,0,0,0,0,4900019,4976188,0,0,0,0,0,1000,1000,5706580
MPCTASK: EXP,1,400,19994,-54,-289,681,-704,1061,-24,-472,392,256,72,-198,700,-380,387,700,-23,676,1019,0,0,1,20,20,0,0,0,0,0,0,0,5,28035,0,28801,0,0,0,0,4765847,4896241,0,0,0,0,0,1000,1000,5706580
MPCTASK: EXP,1,402,20094,-114,-208,681,-721,1074,40,-118,-57,299,-83,-12,700,-360,447,700,-18,681,1000,0,0,1,20,20,0,0,0,0,0,0,0,5,28395,0,28592,0,0,0,0,4827015,4860735,0,0,0,0,0,1000,1000,5706580
MPCTASK: EXP,1,404,20194,-187,-124,687,-683,1048,65,39,-451,307,-237,174,700,-332,505,702,-12,687,1000,0,0,1,20,20,0,0,0,0,0,0,0,5,28764,0,28962,0,0,0,0,4889883,4923598,0,0,0,0,0,1000,1000,5706580
MPCTASK: EXP,1,406,20295,-231,-57,704,-551,985,86,17,-763,315,-373,355,700,-261,545,707,4,704,1000,0,0,1,20,20,0,0,0,0,0,0,0,5,28837,0,29289,0,0,0,0,4902247,4979210,0,0,0,0,0,1000,1000,5706580
MPCTASK: EXP,1,408,20394,-261,28,714,-388,979,42,-122,-968,294,-478,526,700,-179,607,708,14,714,1000,0,0,1,20,20,0,0,0,0,0,0,0,5,27834,0,28031,0,0,0,0,4731760,4765307,0,0,0,0,0,1000,1000,5706580
MPCTASK: EXP,1,410,20494,-251,94,719,-170,960,-3,-126,-1052,282,-543,684,700,-69,634,708,18,718,1019,0,0,1,20,20,0,0,0,0,0,0,0,5,28363,0,28561,0,0,0,0,4821659,4855405,0,0,0,0,0,1000,1000,5706580
MPCTASK: EXP,1,412,20592,-248,170,712,26,961,-61,-166,-1112,244,-560,823,700,19,672,703,0,699,1019,0,0,1,20,20,0,0,0,0,0,0,0,5,26330,0,26711,0,0,0,0,4476059,4541091,0,0,0,0,0,1000,1000,5706580
MPCTASK: EXP,1,414,20693,-226,243,703,226,955,-68,-74,-1030,242,-527,942,700,101,688,702,-10,689,1019,0,0,1,20,20,0,0,0,0,0,0,0,5,27687,0,28075,0,0,0,0,4706687,4772943,0,0,0,0,0,1000,1000,5706580
MPCTASK: EXP,1,416,20794,-184,332,693,417,950,-56,131,-910,242,-449,1037,700,175,701,700,-17,682,1019,0,0,1,20,20,0,0,0,0,0,0,0,5,28447,0,28645,0,0,0,0,4835955,4869685,0,0,0,0,0,1000,1000,5706580
MPCTASK: EXP,1,418,20892,-131,383,688,568,850,-20,392,-667,237,-333,1105,700,225,656,700,-15,684,1019,0,0,1,20,20,0,0,0,0,0,0,0,5,26614,0,27114,0,0,0,0,4524403,4609458,0,0,0,0,0,1000,1000,5706580
MPCTASK: EXP,1,420,20996,-66,449,689,673,746,10,612,-391,191,-189,1145,700,254,616,700,-10,689,1000,0,0,1,20,20,0,0,0,0,0,0,0,5,29902,0,31155,0,0,0,0,5083319,5296440,0,0,0,0,0,1000,1000,5706580
MPCTASK: EXP,1,422,21093,-8,507,696,707,632,35,790,-94,132,-33,1157,700,246,569,703,-3,696,1000,0,0,1,20,20,0,0,0,0,0,0,0,5,27159,0,27613,0,0,0,0,4616899,4694259,0,0,0,0,0,1000,1000,5706580
MPCTASK: EXP,1,424,21191,53,558,702,667,449,18,1051,315,50,119,1139,700,208,490,703,2,702,1000,0,0,1,20,20,0,0,0,0,0,0,0,5,25665,0,25863,0,0,0,0,4362911,4396650,0,0,0,0,0,1000,1000,5706580
MPCTASK: EXP,1,426,21291,100,577,705,570,235,1,1194,597,-35,255,1092,700,148,387,704,5,705,1000,0,0,1,20,20,0,0,0,0,0,0,0,5,26007,0,26204,0,0,0,0,4421151,4454702,0,0,0,0,0,1000,1000,5706580
MPCTASK: EXP,1,428,21395,140,572,706,431,0,-18,1261,859,-144,361,1018,700,75,266,704,2,702,1019,0,0,1,20,20,0,0,0,0,0,0,0,5,28976,0,30014,0,0,0,0,4925799,5102432,0,0,0,0,0,1000,1000,5706580
MPCTASK: EXP,1,430,21494,157,547,700,236,-234,-52,1240,1057,-236,425,918,700,-16,137,702,-9,690,1019,0,0,1,20,20,0,0,0,0,0,0,0,5,28376,0,28822,0,0,0,0,4823847,4899743,0,0,0,0,0,1000,1000,5706580
MPCTASK: EXP,1,432,21595,151,520,692,7,-434,-54,1178,1146,-295,441,794,700,-117,19,700,-18,681,1019,0,0,1,20,20,0,0,0,0,0,0,0,5,29628,0,29829,0,0,0,0,5036624,5071097,0,0,0,0,0,1000,1000,5706580
MPCTASK: EXP,1,434,21694,133,434,686,-220,-678,-33,1053,1089,-312,409,650,700,-200,-143,700,-20,679,1019,0,0,1,20,20,0,0,0,0,0,0,0,5,28875,0,29076,0,0,0,0,4908759,4943130,0,0,0,0,0,1000,1000,5706580
MPCTASK: EXP,1,436,21792,81,359,680,-442,-848,-14,882,955,-274,330,489,700,-287,-273,700,-22,677,1019,0,0,1,20,20,0,0,0,0,0,0,0,5,25784,0,26473,0,0,0,0,4383167,4500497,0,0,0,0,0,1000,1000,5706580
MPCTASK: EXP,1,438,21894,29,266,678,-596,-985,17,629,709,-232,214,315,700,-335,-394,700,-21,678,1000,0,0,1,20,20,0,0,0,0,0,0,0,5,28219,0,28572,0,0,0,0,4797143,4857370,0,0,0,0,0,1000,1000,5706580
MPCTASK: EXP,1,440,21998,-56,226,680,-725,-977,50,264,387,-140,71,131,700,-381,-425,702,-19,680,1000,0,0,1,20,20,0,0,0,0,0,0,0,5,31894,0,32091,0,0,0,0,5421804,5455537,0,0,0,0,0,1000,1000,5706580
MPCTASK: EXP,1,442,22093,-117,143,686,-743,-986,70,154,-15,-109,-82,-56,700,-367,-502,704,-13,686,1000,0,0,1,20,20,0,0,0,0,0,0,0,5,26715,0,27552,0,0,0,0,4541503,4683903,0,0,0,0,0,1000,1000,5706580
MPCTASK: EXP,1,444,22195,-191,52,701,-714,-999,99,163,-381,-79,-234,-245,700,-347,-578,707,1,701,1000,0,0,1,20,20,0,0,0,0,0,0,0,5,29850,0,30204,0,0,0,0,5074399,5134671,0,0,0,0,0,1000,1000,5706580
MPCTASK: EXP,1,446,22294,-249,-42,717,-615,-1015,76,164,-717,-51,-367,-429,700,-299,-646,710,17,717,1000,0,0,1,20,20,0,0,0,0,0,0,0,5,27392,0,28273,0,0,0,0,4656627,4806542,0,0,0,0,0,1000,1000,5706580
MPCTASK: EXP,1,448,22392,-296,-136,726,-473,-1025,23,125,-962,-33,-469,-605,700,-244,-694,707,26,726,1000,0,0,1,20,20,0,0,0,0,0,0,0,5,25364,0,25565,0,0,0,0,4311723,4346101,0,0,0,0,0,1000,1000,5706580
MPCTASK: EXP,1,450,22495,-330,-222,729,-300,-1014,-26,31,-1120,-60,-530,-767,700,-186,-716,707,24,724,1019,0,0,1,20,20,0,0,0,0,0,0,0,5,28663,0,29032,0,0,0,0,4872739,4935519,0,0,0,0,0,1000,1000,5706580
MPCTASK: EXP,1,452,22594,-333,-326,724,-74,-1014,-56,-112,-1230,-133,-544,-911,700,-109,-738,705,13,713,1019,0,0,1,20,20,0,0,0,0,0,0,0,5,27412,0,27850,0,0,0,0,4659842,4734679,0,0,0,0,0,1000,1000,5706580
MPCTASK: EXP,1,454,22696,-327,-398,719,140,-942,-54,-354,-1156,-237,-511,-1030,700,-57,-704,700,8,708,1019,0,0,1,20,20,0,0,0,0,0,0,0,5,28890,0,29484,0,0,0,0,4911211,5012405,0,0,0,0,0,1000,1000,5706580
MPCTASK: EXP,1,456,22798,-291,-480,709,352,-855,-59,-600,-957,-297,-436,-1121,699,-6,-667,699,-2,697,1019,0,0,1,20,20,0,0,0,0,0,0,0,5,29794,0,31132,0,0,0,0,5064887,5292515,0,0,0,0,0,1000,1000,5706580
MPCTASK: EXP,1,458,22895,-245,-538,701,507,-699,-42,-875,-606,-306,-329,-1179,699,17,-593,699,-6,693,1019,0,0,1,20,20,0,0,0,0,0,0,0,5,27590,0,28680,0,0,0,0,4690316,4875708,0,0,0,0,0,1000,1000,5706580
MPCTASK: EXP,1,460,22997,-187,-573,697,595,-489,-21,-1053,-198,-282,-204,-1199,699,27,-503,699,-6,693,1019,0,0,1,20,20,0,0,0,0,0,0,0,5,29202,0,29980,0,0,0,0,4964303,5096682,0,0,0,0,0,1000,1000,5706580
MPCTASK: EXP,1,462,23096,-134,-589,696,597,-260,-3,-1156,203,-241,-75,-1178,699,16,-415,699,-3,696,1019,0,0,1,20,20,0,0,0,0,0,0,0,5,27933,0,28520,0,0,0,0,4748403,4848531,0,0,0,0,0,1000,1000,5706580
MPCTASK: EXP,1,464,23202,-86,-579,700,529,-16,8,-1185,545,-174,39,-1114,699,11,-346,699,0,700,1000,0,0,1,20,20,0,0,0,0,0,0,0,5,33975,0,34171,0,0,0,0,5775687,5809228,0,0,0,0,0,1000,1000,5809228
MPCTASK: EXP,1,466,23293,-53,-555,704,404,204,9,-1046,726,-114,126,-1010,699,-13,-276,699,4,704,1000,0,0,1,20,20,0,0,0,0,0,0,0,5,25971,0,26167,0,0,0,0,4414951,4448433,0,0,0,0,0,1000,1000,5809228
MPCTASK: EXP,1,468,23396,-35,-501,708,256,401,6,-760,747,-50,176,-870,700,-35,-213,700,8,708,1000,0,0,1,20,20,0,0,0,0,0,0,0,5,27845,0,28180,0,0,0,0,4733563,4790602,0,0,0,0,0,1000,1000,5809228
MPCTASK: EXP,1,470,23494,-27,-457,705,121,503,-25,-428,647,33,185,-704,700,-44,-192,700,0,700,1019,0,0,1,20,20,0,0,0,0,0,0,0,5,25724,0,26023,0,0,0,0,4372840,4424071,0,0,0,0,0,1000,1000,5809228
MPCTASK: EXP,1,472,23598,-30,-403,700,5,554,-23,-122,487,130,157,-525,700,-50,-175,700,-4,695,1019,0,0,1,20,20,0,0,0,0,0,0,0,5,30733,0,30916,0,0,0,0,5224595,5255894,0,0,0,0,0,1000,1000,5809228
MPCTASK: EXP,1,474,23692,-44,-354,699,-76,542,0,167,255,228,102,-352,700,-58,-165,700,0,699,1019,0,0,1,20,20,0,0,0,0,0,0,0,5,25004,0,25201,0,0,0,0,4250727,4284364,0,0,0,0,0,1000,1000,5809228
MPCTASK: EXP,1,476,23797,-70,-291,699,-121,509,-2,414,-1,311,37,-204,700,-80,-128,700,0,699,1019,0,0,1,20,20,0,0,0,0,0,0,0,5,29030,0,29573,0,0,0,0,4934979,5027480,0,0,0,0,0,1000,1000,5809228
MPCTASK: EXP,1,478,23897,-87,-252,704,-108,415,14,538,-189,370,-18,-99,700,-95,-106,700,4,704,1000,0,0,1,20,20,0,0,0,0,0,0,0,5,28128,0,29224,0,0,0,0,4781703,4968062,0,0,0,0,0,1000,1000,5809228
MPCTASK: EXP,1,480,23993,-102,-226,704,-73,315,-2,447,-242,384,-50,-46,700,-107,-93,700,4,704,1019,0,0,1,20,20,0,0,0,0,0,0,0,5,25788,0,25982,0,0,0,0,4383819,4417062,0,0,0,0,0,1000,1000,5809228
MPCTASK: EXP,1,482,24093,-108,-215,700,-32,229,-20,268,-200,366,-58,-34,700,-90,-117,700,-3,696,1019,0,0,1,20,20,0,0,0,0,0,0,0,5,25506,0,26073,0,0,0,0,4336003,4432470,0,0,0,0,0,1000,1000,5809228
MPCTASK: TRAJ DONE: idx=482, max=482; requesting landing
MPCTASK: LANDING: start z=0.69, hold=(-0.11,-0.21)
MPCTASK: TIMING SUMMARY: max_step_cycles=5809228 deadline_cycles=8400000 overruns=0
