SUP: Ready to fly
MPCTASK: Benchmark mode 3, maneuver 4, max_iter 5, task_pri 0
MPCTASK: Reference altitude: 0.70 m; barrier skip when z>0.75 and vz>-0.20
MPCTASK: OOT takeoff: cfclient trigger>=0.15m ramp=0.15m/s forced_trajectory_start=2000ms timeout=12000ms
MPCTASK: Common baseline: mpc_hz=20 model_hz=20 rho=5 base_w=0 base_qz=1 Qz=100 R=4 bridge=x10 guards=z[ref,ref+0.20] xy=free cap=0.05
MPCTASK: MPC->PID: xyz=x10, z_guard=[ref,ref+0.20], yaw=raw_rz, output_hold=200ms, safety_hold=500ms
MPCTASK: Reference origin: xy=forced_3s_start z=0.70 m
MPCTASK: LIMO adaptive: cache=16x4 evals=1 timing=bar/rl/cache_cycles
MPCTASK: EXP every=2: m,s,tms,p3[mm],v3[mmps],att3[cdeg],ref3[mm],cmd3[mm],h/raw/grad/mar/thr[milli],act/ac/bind,wi/qi/cache/noa,pa/pf/du[milli],it,mpc/eval/total[us],bar/tanh/rl/cache/solve/step[cycles],overruns,post_active/post_infeasible_totals,wreq/w/qzreq/qz[milli],max_step_cycles
MPCTASK: Figure8: source=traj_fig8_12.h source_hz=100 samples=1205 laps=2 duration=24.07 s origin=forced_3s_start z_offset=0.09 m
CONTROLLER: Using OutOfTree (6) controller
MPCTASK: Trajectory origin: x=0.02 y=-0.08
MPCTASK: OOT activated at z=0.01
MPCTASK: TAKEOFF START: trigger_z=0.15 start_z=0.01 target=0.70 hold=(0.02,-0.10) ramp=0.15m/s
MPCTASK: OOT loop 1 done
MPCTASK: MPC tMPCTASK: OOT loop 2 done
ask loop 1
MPCTASK:MPCTASK: OOT loop 3 done
 x0: pos=(0.02,-0.10,0.01) vel=(0.0,-0.0,-0.0)
MPCTASK: ref: (0.02,-0.10,0.01)
MPCTASK: SAFE TV mode=3: h=0.0 raw=0.0 grad=0.0 margin=0.0 thr=0.0 active0=0 active_count=0 eval=14382 us
MPCTASK: MPC solve start
MPCTASK: MPC solve done, iter=5
MPCTASK: MPC time=20690 us
MPCTASK: MPC stack free=871 words
MPCTASK: setpoint: x=0.02 y=-0.10 z=0.07 preview_z=0.07
MPCTASK: MPC task loop 2
MPCTASK: MPC task loop 3
MPCTASK: Cache level changed: 0 -> 1
MPCTASK: TAKEOFF COMPLETE: t=2000ms z=0.14 vz=0.19; trajectory queued origin=(0.03,-0.14)
MPCTASK: TRAJ START: z=0.14 origin=(0.03,-0.14) EXP clock reset
MPCTASK: EXP,3,2,86,35,-144,159,-4,7,229,-438,59,-952,32,-141,700,-3,128,700,-540,-242,1540,72,300,1,3,3,15,3,1,1,0,0,0,5,22083,12857,35670,2185649,0,1762,65428,3753985,6063925,0,0,0,995,1000,1399,1400,6063925
MPCTASK: EXP,3,4,185,42,-143,193,7,98,457,-757,202,-801,21,-122,700,41,167,700,-506,-241,1800,71,300,1,3,3,15,3,1,1,0,0,0,5,20465,12762,34067,2169438,0,1765,46897,3479097,5791467,0,0,0,996,1000,1399,1400,6104745
MPCTASK: EXP,3,6,285,32,-114,258,-53,367,768,-1024,309,-864,-12,-55,700,65,263,700,-441,-113,2140,69,300,1,3,3,15,3,1,1,0,0,0,5,23276,8052,32352,1368846,0,1764,150551,3956906,5499997,0,0,0,997,1000,1399,1400,6104745
MPCTASK: EXP,3,8,389,18,-54,341,-69,608,886,-874,16,-975,-65,63,700,103,351,700,-358,-9,1336,69,300,1,3,3,15,3,1,1,0,0,0,5,23844,12309,36423,2092443,0,1764,23293,4053453,6191871,0,0,0,998,1000,1399,1400,6191871
MPCTASK: EXP,3,10,488,13,6,426,-36,703,814,-571,-230,-866,-120,222,700,139,389,700,-273,75,786,69,300,1,3,3,15,3,1,1,0,0,0,5,23409,11416,35335,1940751,0,1762,23128,3979297,6006958,0,0,0,998,1000,1399,1400,6191871
MPCTASK: EXP,3,12,587,0,84,498,0,783,659,-351,-393,-925,-158,402,700,149,448,700,-201,92,702,69,300,1,3,3,15,3,1,1,0,0,0,5,22306,11484,34662,1952218,0,1934,124798,3792074,5892631,0,0,0,998,1000,1399,1400,6191871
MPCTASK: EXP,3,14,685,5,159,566,71,796,557,-101,-497,-673,-166,581,700,182,482,700,-133,107,696,69,300,1,3,3,15,3,1,1,0,0,0,5,22540,8978,31938,1526098,0,1762,48304,3831729,5444273,0,0,0,998,1000,1399,1400,6191871
MPCTASK: EXP,3,16,785,20,251,614,152,821,407,92,-437,-584,-135,741,700,198,541,700,-85,75,691,69,300,1,3,3,15,3,1,1,0,0,0,5,21840,9966,32756,1694175,0,1885,64084,3712621,5568745,0,0,0,998,1000,1399,1400,6191871
MPCTASK: EXP,3,18,893,39,324,650,209,768,304,368,-329,-406,-66,870,699,190,532,699,-49,100,581,69,300,1,3,3,15,3,1,1,0,0,0,5,25622,13690,41052,2327188,0,17126,122972,4355749,6978766,0,0,0,997,1000,1399,1400,6978766
MPCTASK: EXP,3,20,983,81,389,675,282,674,219,609,-148,-250,34,959,699,207,508,699,-24,23,791,69,300,1,3,3,15,3,1,1,0,0,0,5,18926,11227,30975,1908574,0,2634,23441,3217241,5265762,0,0,0,997,1000,1399,1400,6978766
MPCTASK: EXP,3,22,1085,115,442,693,301,565,179,809,82,-192,153,1004,699,190,479,699,-6,30,920,69,300,1,3,3,15,3,1,1,0,0,0,5,24288,7244,32182,1231293,0,1762,46584,4128965,5471349,0,0,0,997,1000,1399,1400,6978766
MPCTASK: EXP,3,24,1187,165,492,713,294,398,141,969,343,-169,275,1006,699,178,420,699,13,7,1203,69,300,1,3,3,15,3,1,1,0,0,0,5,22030,10428,33424,1772565,0,13362,23441,3745017,5682101,0,0,0,996,1000,1399,1400,6978766
MPCTASK: EXP,3,26,1283,164,501,728,175,198,103,1006,554,-123,385,967,699,98,324,699,28,224,579,69,300,1,3,3,15,3,1,1,0,0,0,5,22972,6224,29995,1058088,0,1762,65446,3905193,5099172,0,0,0,995,1000,1399,1400,6978766
MPCTASK: EXP,3,28,1387,184,489,735,88,-6,60,1071,622,-171,468,891,700,50,220,700,35,194,786,69,300,1,3,3,15,3,1,1,0,0,0,5,21629,10443,32800,1775261,0,1762,56603,3676714,5576200,0,0,0,994,1000,1399,1400,6978766
MPCTASK: EXP,3,30,1488,185,453,736,-33,-224,40,1023,711,-248,512,783,700,-9,93,700,36,150,907,69,300,1,3,3,15,3,1,1,0,0,0,5,22824,10440,33896,1774834,0,1762,84973,3879881,5762316,0,0,0,994,1000,1399,1400,6978766
MPCTASK: EXP,3,32,1586,211,426,734,-125,-382,27,963,723,-384,511,648,700,-29,12,700,34,215,600,69,300,1,3,1,15,3,1,1,0,0,0,5,20791,11851,32910,2014582,0,1762,23128,3534309,5594831,0,0,0,993,1000,1399,1400,6978766
MPCTASK: EXP,3,34,1685,168,337,739,-297,-605,60,856,665,-403,464,492,700,-103,-140,700,39,-46,1013,69,300,1,3,3,15,3,1,1,0,0,0,5,24948,6957,32172,1182517,0,1762,23128,4241093,5469393,0,0,0,992,1000,1399,1400,6978766
MPCTASK: EXP,3,36,1786,142,242,745,-409,-769,75,679,568,-482,373,321,700,-137,-278,700,45,146,591,69,300,1,3,3,15,3,1,1,0,0,0,5,19672,11356,31760,1930433,0,1762,24685,3344181,5399312,0,0,0,990,1000,1399,1400,6978766
MPCTASK: EXP,3,38,1888,82,122,750,-528,-906,82,338,404,-528,248,138,700,-180,-399,700,50,-27,671,69,300,0,2,2,15,3,1,1,0,0,0,5,23493,9357,33532,1590540,0,1762,94369,3993681,5700444,0,0,0,986,1000,1399,1400,6978766
MPCTASK: EXP,3,40,1987,19,34,758,-591,-928,87,16,233,-537,101,-49,700,-213,-470,700,58,120,488,69,300,0,2,2,15,3,1,1,0,0,0,5,20136,11752,32266,1997832,0,1764,23292,3423062,5485296,0,0,0,982,1000,1399,1400,6978766
MPCTASK: EXP,3,42,2086,-22,-98,771,-601,-959,89,-222,-3,-598,-53,-239,700,-190,-567,700,71,-11,765,69,300,0,2,2,15,3,1,1,0,0,0,5,23767,6213,32169,1055975,0,1762,65363,4040337,5468857,0,0,0,976,1000,1399,1400,6978766
MPCTASK: EXP,3,44,2187,-90,-167,778,-594,-878,-6,-479,-127,-435,-200,-425,700,-210,-578,700,77,118,595,69,300,0,2,2,15,3,1,1,0,0,0,5,21033,11923,33471,2026936,0,1762,23134,3575497,5690140,0,0,0,976,1000,1399,1400,6978766
MPCTASK: EXP,3,46,2289,-124,-238,779,-507,-785,-26,-490,-687,-364,-325,-604,700,-124,-606,700,74,-28,817,69,300,0,2,2,15,3,1,1,0,0,0,5,23517,9006,33438,1530996,0,1762,48771,3997805,5684458,0,0,0,979,1000,1399,1400,6978766
MPCTASK: EXP,3,48,2390,-197,-250,789,-397,-649,26,-333,-957,-256,-416,-770,700,-111,-561,700,89,-55,1271,69,300,0,2,2,15,3,1,1,0,0,0,5,21837,11508,34553,1956199,0,1763,130292,3712265,5874066,0,0,0,982,1000,1399,1400,6978766
MPCTASK: EXP,3,50,2490,-185,-263,791,-164,-544,-9,-246,-1224,-143,-462,-921,700,2,-535,700,89,-19,2110,69,300,0,2,2,15,3,1,1,0,0,0,5,26557,7373,35052,1253366,0,1764,96898,4514721,5958776,0,0,0,986,1000,1399,1400,6978766
MPCTASK: EXP,3,52,2590,-184,-288,781,51,-494,-64,-23,-1187,-24,-459,-1052,700,70,-535,700,68,220,1530,69,300,0,2,2,15,3,1,1,0,0,0,5,22407,11525,34490,1959064,0,51942,23128,3809085,5863437,0,0,0,990,1000,1399,1400,6978766
MPCTASK: EXP,3,54,2693,-131,-321,771,297,-472,-60,0,-1074,-31,-409,-1161,700,176,-537,700,59,41,1878,69,300,0,2,2,15,3,1,1,0,0,0,5,24884,11543,37587,1962196,0,1762,155980,4230134,6389884,0,0,0,993,1000,1399,1400,6978766
MPCTASK: EXP,3,56,2787,-56,-370,762,503,-475,-28,-53,-661,-104,-314,-1245,700,238,-546,700,56,-9,781,69,300,0,2,2,15,3,1,1,0,0,0,5,20855,10479,31982,1781303,0,66536,23304,3545317,5437037,0,0,0,995,1000,1399,1400,6978766
MPCTASK: EXP,3,58,2887,-4,-380,752,586,-419,0,-145,-265,-221,-186,-1302,700,267,-508,700,52,81,645,69,300,0,2,2,15,3,1,1,0,0,0,5,24556,6188,32183,1051759,0,1762,65434,4174413,5471155,0,0,0,996,1000,1399,1400,6978766
MPCTASK: EXP,3,60,2990,28,-385,755,587,-358,56,-143,-48,-343,-36,-1330,700,237,-468,700,55,-2,884,69,300,0,2,2,15,3,1,1,0,0,0,5,22323,10949,33828,1861276,0,1762,71416,3758248,5750770,0,0,0,996,1000,1399,1400,6978766
MPCTASK: EXP,3,62,3089,73,-393,768,560,-302,96,-168,230,-420,120,-1329,700,218,-426,700,68,64,648,69,300,0,2,2,15,3,1,1,0,0,0,5,22855,9085,32555,1544362,0,1762,83024,3885321,5534405,0,0,0,996,1000,1399,1400,6978766
MPCTASK: EXP,3,64,3193,109,-391,782,485,-232,94,-249,502,-467,269,-1300,700,176,-370,700,82,85,610,69,300,0,2,2,15,3,1,1,0,0,0,5,24927,10302,36210,1751331,0,1762,96086,4237525,6155748,0,0,0,996,1000,1399,1400,6978766
MPCTASK: EXP,3,66,3290,140,-392,793,375,-157,58,-317,741,-467,394,-1241,700,120,-317,700,93,96,717,69,300,0,2,2,15,3,1,1,0,0,0,5,25669,7635,34154,1297826,0,1937,23984,4363657,5806299,0,0,0,995,1000,1399,1400,6978766
MPCTASK: EXP,3,68,3387,146,-386,801,235,-73,17,-443,905,-440,484,-1156,700,46,-253,700,101,151,779,69,300,0,2,2,15,3,1,1,0,0,0,5,20714,9315,30645,1583487,0,2665,23443,3521298,5209709,0,0,0,994,1000,1399,1400,6978766
MPCTASK: EXP,3,70,3491,165,-388,802,73,30,-20,-554,982,-366,530,-1046,700,-5,-190,700,98,224,690,69,300,0,2,2,15,3,1,1,0,0,0,5,24094,9962,34497,1693307,0,1762,53382,4095929,5864656,0,0,0,993,1000,1399,1400,6978766
MPCTASK: EXP,3,72,3588,153,-366,795,-100,156,-58,-633,967,-289,527,-913,700,-93,-98,700,83,207,834,69,300,0,2,2,15,3,1,1,0,0,0,5,21392,10148,32056,1725248,0,1762,65616,3636593,5449614,0,0,0,992,1000,1399,1400,6978766
MPCTASK: EXP,3,74,3689,114,-338,786,-277,283,-55,-631,822,-225,476,-761,700,-170,-16,700,75,129,884,69,300,0,2,2,15,3,1,1,0,0,0,5,25508,7133,33154,1212476,0,1762,63826,4336205,5636183,0,0,0,991,1000,1399,1400,6978766
MPCTASK: EXP,3,76,3791,67,-298,780,-413,402,-48,-675,692,-138,382,-595,700,-230,74,700,70,97,813,69,300,0,2,2,15,3,1,1,0,0,0,5,22339,11530,34723,1959937,0,1930,123571,3797445,5902978,0,0,0,989,1000,1399,1400,6978766
MPCTASK: EXP,3,78,3893,19,-241,771,-522,537,-55,-633,457,-6,253,-417,700,-257,179,700,60,83,835,69,300,0,2,2,15,3,1,1,0,0,0,5,26310,9337,36549,1587256,0,1762,47863,4472670,6213417,0,0,0,986,1000,1399,1400,6978766
MPCTASK: EXP,3,80,3991,-24,-175,767,-573,653,-23,-609,214,156,103,-232,700,-261,275,700,63,53,824,69,300,0,2,2,15,3,1,1,0,0,0,5,24257,9503,34337,1615191,0,54262,23297,4123641,5837369,0,0,0,981,1000,1399,1400,6978766
MPCTASK: EXP,3,82,4093,-62,-100,767,-579,752,-29,-488,45,346,-54,-45,700,-254,362,700,61,65,753,69,300,0,2,2,15,3,1,1,0,0,0,5,25373,10500,36587,1785007,0,2065,98568,4313309,6219896,0,0,0,973,1000,1399,1400,6978766
MPCTASK: EXP,3,84,4190,-113,-33,769,-576,816,-20,-403,-179,476,-202,139,700,-244,419,700,65,36,782,69,300,0,2,2,15,3,1,1,0,0,0,5,21799,11416,33927,1940481,0,1763,99156,3705713,5767762,0,0,0,973,1000,1399,1400,6978766
MPCTASK: EXP,3,86,4293,-186,56,764,-545,885,-95,-281,-348,614,-328,316,700,-231,509,700,44,34,928,69,300,0,2,2,15,3,1,1,0,0,0,5,25479,9654,35995,1641140,0,1763,51583,4331426,6119377,0,0,0,978,1000,1399,1400,6978766
MPCTASK: EXP,3,88,4393,-227,175,754,-469,954,-93,0,-532,750,-418,483,700,-200,592,700,35,-23,909,69,300,0,2,2,15,3,1,1,0,0,0,5,23766,11310,35925,1922609,0,1762,121903,4040181,6107239,0,0,0,984,1000,1399,1400,6978766
MPCTASK: EXP,3,90,4493,-231,182,755,-297,824,-23,580,-977,807,-464,634,700,-80,482,700,51,191,1786,69,300,0,2,2,15,3,1,1,0,0,0,5,26174,9393,36545,1596743,0,1763,92226,4449566,6212860,0,0,0,988,1000,1399,1400,6978766
MPCTASK: EXP,3,92,4593,-284,242,765,-140,721,20,826,-1371,653,-461,766,700,-61,472,700,65,-117,2072,69,300,0,1,1,15,3,1,1,0,0,0,5,22943,12838,36289,2182428,0,1762,64259,3900181,6169165,0,0,0,990,1000,1399,1400,6978766
MPCTASK: EXP,3,94,4695,-287,254,773,120,513,-9,815,-1435,302,-410,875,700,12,392,700,71,-146,2053,69,300,0,1,1,15,3,1,1,0,0,0,5,25353,10217,36272,1736811,0,1765,23298,4309881,6166297,0,0,0,992,1000,1399,1400,6978766
MPCTASK: EXP,3,96,4793,-250,244,766,383,320,-48,713,-1358,-65,-315,960,700,99,299,700,56,-133,2053,69,300,0,1,1,15,3,1,1,0,0,0,5,23826,10147,34705,1724857,0,15437,89553,4050357,5899937,0,0,0,993,1000,1399,1400,6978766
MPCTASK: EXP,3,98,4894,-228,250,756,572,170,-36,562,-1074,-410,-186,1017,700,124,240,700,49,-73,1801,69,300,0,1,1,15,3,1,1,0,0,0,5,23981,11182,35906,1900818,0,83600,23128,4076629,6104072,0,0,0,994,1000,1399,1400,6978766
MPCTASK: EXP,3,100,4993,-191,255,742,695,62,-44,463,-664,-625,-36,1046,700,116,188,700,33,88,718,69,300,1,3,3,15,3,1,1,0,0,0,5,23541,10172,34686,1729203,0,81308,62841,4002001,5896668,0,0,0,995,1000,1399,1400,6978766
MPCTASK: EXP,3,102,5094,-161,250,735,715,-38,5,418,-261,-827,120,1045,700,95,126,700,35,-28,745,69,300,1,3,3,15,3,1,1,0,0,0,5,23346,10430,34863,1773035,0,2522,97194,3968721,5926769,0,0,0,996,1000,1399,1400,6978766
MPCTASK: EXP,3,104,5191,-83,269,744,736,-101,97,582,-106,-1032,269,1015,700,131,86,700,44,33,744,69,300,1,3,3,15,3,1,1,0,0,0,5,20349,10485,32193,1782327,0,106652,103109,3459281,5472970,0,0,0,996,1000,1399,1400,6978766
MPCTASK: EXP,3,106,5294,-53,249,758,642,-196,85,552,521,-1079,394,957,700,35,25,700,58,-29,629,69,300,0,1,1,15,3,1,1,0,0,0,5,27702,7489,36091,1272907,0,1762,131931,4709253,6135595,0,0,0,996,1000,1399,1400,6978766
MPCTASK: EXP,3,108,5393,-12,184,772,493,-311,70,545,913,-1143,484,872,700,-25,-94,700,72,65,1102,69,300,0,1,1,15,3,1,1,0,0,0,5,23434,11170,35393,1898879,0,1762,24285,3983629,6016899,0,0,0,996,1000,1399,1400,6978766
MPCTASK: EXP,3,110,5491,-27,162,779,243,-352,22,577,1012,-1183,530,761,700,-136,-149,700,79,119,1248,69,300,0,1,1,15,3,1,1,0,0,0,5,22435,8612,32096,1463886,0,1763,157437,3813794,5456405,0,0,0,995,1000,1399,1400,6978766
MPCTASK: EXP,3,112,5592,-46,150,778,35,-395,-36,792,666,-1192,528,629,700,-189,-218,700,70,-34,945,69,300,0,1,1,15,3,1,1,0,0,0,5,23545,9508,33948,1616305,0,1762,23445,4002573,5771180,0,0,0,994,1000,1399,1400,6978766
MPCTASK: EXP,3,114,5694,-119,93,770,-178,-540,-72,841,494,-1153,476,477,700,-299,-325,700,55,-34,1182,69,300,0,1,1,15,3,1,1,0,0,0,5,22644,12111,36136,2058813,0,1762,168950,3849529,6143216,0,0,0,994,1000,1399,1400,6978766
MPCTASK: EXP,3,116,5795,-215,50,752,-370,-630,-121,500,313,-982,382,310,700,-400,-373,700,28,91,640,69,300,0,1,1,15,3,1,1,0,0,0,5,24405,10261,35628,1744247,0,64768,79088,4148722,6056775,0,0,0,995,1000,1399,1400,6978766
MPCTASK: EXP,3,118,5895,-319,-12,736,-493,-686,-79,57,27,-817,253,132,700,-473,-408,700,20,65,625,69,300,1,3,3,15,3,1,1,0,0,0,5,21182,13218,35152,2247048,0,1762,24280,3600925,5976041,0,0,0,996,1000,1399,1400,6978766
MPCTASK: EXP,3,120,5998,-420,-70,736,-536,-660,22,-166,-296,-682,103,-52,700,-523,-455,700,36,0,842,69,300,1,3,3,15,3,1,1,0,0,0,5,24894,11378,38776,1934077,0,1762,332713,4231837,6592048,0,0,0,995,1000,1399,1400,6978766
MPCTASK: EXP,3,122,6093,-488,-117,746,-474,-626,65,-25,-678,-575,-54,-239,700,-498,-495,700,46,62,760,69,300,1,3,3,15,3,1,1,0,0,0,5,23565,10026,33932,1704300,0,1762,24240,4006081,5768683,0,0,0,995,1000,1399,1400,6978766
MPCTASK: EXP,3,124,6192,-556,-163,761,-383,-612,41,19,-893,-381,-202,-423,700,-471,-529,700,61,-21,1162,69,300,0,1,1,15,3,1,1,0,0,0,5,21635,10992,33137,1868613,0,1762,65123,3677845,5633406,0,0,0,993,1000,1399,1400,6978766
MPCTASK: EXP,3,126,6298,-587,-226,765,-232,-616,-49,-162,-1099,-139,-328,-601,700,-406,-553,700,56,-84,2031,69,300,0,1,1,15,3,1,1,0,0,0,5,23084,14540,38434,2471776,0,1762,116763,3924218,6533861,0,0,0,993,1000,1399,1400,6978766
MPCTASK: EXP,3,128,6395,-600,-283,755,-44,-566,-105,-365,-1143,85,-418,-767,700,-331,-560,700,33,134,2059,69,300,0,1,1,15,3,1,1,0,0,0,5,25030,10023,35889,1703830,0,1762,24121,4255057,6101218,0,0,0,994,1000,1399,1400,6978766
MPCTASK: EXP,3,130,6500,-591,-330,739,168,-488,-105,-308,-1182,226,-464,-918,700,-240,-562,700,18,137,2182,69,300,1,3,3,15,3,1,1,0,0,0,5,25794,13817,40790,2348857,0,1762,82481,4384913,6934466,0,0,0,995,1000,1399,1400,6978766
MPCTASK: EXP,3,132,6595,-558,-357,727,384,-396,-70,-266,-1044,313,-461,-1050,700,-152,-537,700,13,66,1787,69,300,1,3,3,15,3,1,1,0,0,0,5,23561,10376,35162,1763873,0,1762,87484,4005173,5977564,0,0,0,996,1000,1399,1400,6978766
MPCTASK: EXP,3,134,6693,-505,-375,718,572,-320,-31,-137,-905,289,-410,-1160,700,-65,-515,700,11,58,1286,69,300,1,3,3,15,3,1,1,0,0,0,5,23690,9285,33753,1578350,0,2072,107784,4027309,5738141,0,0,0,997,1000,1399,1400,6978766
MPCTASK: EXP,3,136,6794,-424,-390,712,748,-279,0,-9,-708,161,-315,-1244,700,24,-504,700,12,-19,1035,69,300,1,3,3,15,3,1,1,0,0,0,5,24485,10070,35155,1711807,0,1762,59442,4162361,5976328,0,0,0,998,1000,1399,1400,6978766
MPCTASK: EXP,3,138,6893,-324,-421,714,884,-289,58,70,-466,11,-186,-1301,700,117,-522,700,14,41,733,69,300,1,3,3,15,3,1,1,0,0,0,5,24687,8508,33728,1446139,0,1762,67270,4196646,5733884,0,0,0,998,1000,1399,1400,6978766
MPCTASK: EXP,3,140,6993,-235,-426,721,938,-263,81,2,-76,-166,-36,-1330,700,134,-482,700,21,3,959,69,300,1,3,3,15,3,1,1,0,0,0,5,22517,10138,33173,1723381,0,1762,65129,3827901,5639417,0,0,0,998,1000,1399,1400,6978766
MPCTASK: EXP,3,142,7095,-154,-430,730,907,-228,79,-87,296,-274,120,-1330,700,127,-439,700,30,-3,823,69,300,1,3,3,15,3,1,1,0,0,0,5,24570,9982,35052,1696931,0,1883,62652,4176742,5958821,0,0,0,998,1000,1399,1400,6978766
MPCTASK: EXP,3,144,7194,-32,-412,740,882,-144,74,-213,684,-336,269,-1300,700,143,-359,700,40,-2,723,69,300,1,3,3,15,3,1,1,0,0,0,5,24380,9595,34965,1631091,0,1762,129161,4144521,5944113,0,0,0,998,1000,1399,1400,6978766
MPCTASK: EXP,3,146,7295,34,-428,751,715,-106,49,-280,1125,-367,394,-1241,700,96,-326,700,51,-48,1735,69,300,0,2,2,15,3,1,1,0,0,0,5,24862,9549,35550,1623265,0,52255,121247,4226398,6043534,0,0,0,998,1000,1399,1400,6978766
MPCTASK: EXP,3,148,7397,86,-414,764,505,-1,27,-435,1346,-366,484,-1156,700,34,-243,700,64,137,1841,69,300,0,1,1,15,3,1,1,0,0,0,5,25371,10781,36753,1832658,0,1765,81409,4313066,6248237,0,0,0,997,1000,1399,1400,6978766
MPCTASK: EXP,3,150,7495,121,-403,764,277,98,-35,-505,1406,-331,530,-1046,700,-24,-174,700,57,182,2098,69,300,0,1,1,15,3,1,1,0,0,0,5,20690,13206,35024,2244118,0,27082,24654,3517285,5954097,0,0,0,997,1000,1399,1400,6978766
MPCTASK: EXP,3,152,7591,137,-390,760,50,200,-62,-602,1340,-264,528,-913,700,-79,-103,700,48,126,2198,69,300,0,1,1,15,3,1,1,0,0,0,5,21340,9279,31268,1577448,0,1763,89333,3627809,5315674,0,0,0,997,1000,1399,1400,6978766
MPCTASK: EXP,3,154,7696,143,-405,751,-144,264,-80,-701,1178,-193,476,-762,700,-113,-71,700,35,27,2164,69,300,0,2,2,15,3,1,1,0,0,0,5,26774,9275,37062,1576670,0,1762,23435,4551505,6300587,0,0,0,996,1000,1399,1400,6978766
MPCTASK: EXP,3,156,7795,120,-377,740,-331,400,-81,-823,967,-71,382,-595,700,-154,17,700,23,-23,1717,69,300,1,3,3,15,3,1,1,0,0,0,5,21622,12510,34925,2126597,0,1762,73837,3675769,5937437,0,0,0,996,1000,1399,1400,6978766
MPCTASK: EXP,3,158,7892,82,-313,735,-478,569,-34,-779,640,70,253,-417,700,-180,126,700,28,-49,1084,69,300,1,3,3,15,3,1,1,0,0,0,5,21620,10371,32524,1762972,0,1763,68624,3675229,5529089,0,0,0,994,1000,1399,1400,6978766
MPCTASK: EXP,3,160,7996,31,-241,735,-565,696,15,-523,233,219,103,-232,700,-183,211,700,35,-32,719,69,300,1,3,3,15,3,1,1,0,0,0,5,23975,10863,36890,1846797,0,1762,255709,4075641,6271407,0,0,0,991,1000,1399,1400,6978766
MPCTASK: EXP,3,162,8095,-4,-181,734,-555,750,-29,-401,-31,434,-54,-45,700,-164,279,700,28,56,775,69,300,1,3,3,15,3,1,1,0,0,0,5,25317,10049,35773,1708303,0,1905,46645,4303730,6081461,0,0,0,989,1000,1399,1400,6978766
MPCTASK: EXP,3,164,8195,-36,-131,736,-509,772,-47,-408,-239,626,-202,139,700,-126,328,700,27,84,719,69,300,1,3,3,15,3,1,1,0,0,0,5,24222,10312,35572,1752889,0,1762,154579,4117633,6047362,0,0,0,990,1000,1399,1400,6978766
MPCTASK: EXP,3,166,8295,-66,-68,733,-441,802,-42,-192,-389,840,-328,316,700,-85,362,700,24,14,892,69,300,1,3,3,15,3,1,1,0,0,0,5,21774,11652,35644,1980746,0,2634,129826,3701353,6059465,0,0,0,992,1000,1399,1400,6978766
MPCTASK: EXP,3,168,8398,-57,-4,733,-295,807,-43,-52,-737,1026,-418,483,700,23,394,700,25,-47,1061,69,300,1,3,3,15,3,1,1,0,0,0,5,28081,10177,39100,1729891,0,1762,120406,4773701,6647201,0,0,0,994,1000,1399,1400,6978766
MPCTASK: EXP,3,170,8498,-91,107,733,-181,852,-63,331,-901,891,-464,634,700,59,457,700,20,-64,1574,69,300,1,3,3,15,3,1,1,0,0,0,5,24517,12489,38477,2122963,0,1917,225882,4167797,6541248,0,0,0,995,1000,1399,1400,6978766
MPCTASK: EXP,3,172,8597,-118,175,735,-24,764,-38,761,-1107,543,-461,765,700,96,433,700,28,-97,2041,69,300,1,3,3,15,3,1,1,0,0,0,5,25726,10324,37039,1755084,0,1762,84981,4373293,6296656,0,0,0,996,1000,1399,1400,6978766
MPCTASK: EXP,3,174,8696,-91,200,736,201,568,-19,810,-1123,135,-409,875,700,182,360,700,32,-93,2028,69,300,1,3,3,15,3,1,1,0,0,0,5,26397,9200,36023,1563853,0,3338,48332,4487434,6124037,0,0,0,997,1000,1399,1400,6978766
MPCTASK: EXP,3,176,8794,-70,231,730,376,396,-23,745,-942,-318,-315,959,700,204,310,700,25,-30,1367,69,300,1,3,3,15,3,1,1,0,0,0,5,24811,9240,35057,1570700,0,1762,50200,4217765,5959865,0,0,0,997,1000,1399,1400,6978766
MPCTASK: EXP,3,178,8895,-54,270,720,469,267,-24,656,-664,-633,-186,1017,700,211,280,700,15,19,1000,69,300,1,3,3,15,3,1,1,0,0,0,5,26110,9147,36097,1554901,0,2163,24283,4438645,6136501,0,0,0,997,1000,1399,1400,6978766
MPCTASK: EXP,3,180,8994,-18,278,711,547,96,5,790,-619,-824,-36,1045,700,230,192,700,11,19,1137,69,300,1,3,3,15,3,1,1,0,0,0,5,23708,10483,34992,1781971,0,55115,59922,4030169,5948688,0,0,0,997,1000,1399,1400,6978766
MPCTASK: EXP,3,182,9096,91,279,713,685,-46,36,659,-246,-1032,120,1045,700,289,133,700,13,134,707,69,300,1,3,3,15,3,1,1,0,0,0,5,26240,9854,36911,1675183,0,1909,114165,4460645,6274965,0,0,0,997,1000,1399,1400,6978766
MPCTASK: EXP,3,184,9195,139,227,709,622,-219,30,569,456,-1153,269,1015,700,228,18,700,9,-26,856,69,300,1,3,1,15,3,1,1,0,0,0,5,25502,9054,35202,1539208,0,1762,23128,4335305,6011253,0,0,0,998,1000,1399,1400,6978766
MPCTASK: EXP,3,186,9294,162,205,721,455,-285,106,519,645,-1209,394,958,700,157,-44,700,21,131,612,69,300,1,3,3,15,3,1,1,0,0,0,5,23642,10303,34968,1751516,0,1762,23439,4019145,5944732,0,0,0,998,1000,1399,1400,6978766
MPCTASK: EXP,3,188,9395,182,167,738,290,-353,127,453,853,-1213,484,873,700,80,-116,700,38,40,1011,69,300,1,3,3,15,3,1,1,0,0,0,5,24201,9964,34710,1693777,0,1938,23981,4113981,5901012,0,0,0,997,1000,1399,1400,6978766
MPCTASK: EXP,3,190,9494,195,120,755,124,-406,58,559,893,-1157,529,763,700,31,-217,700,55,-22,1255,69,300,0,2,2,15,3,1,1,0,0,0,5,20727,13881,34874,2359735,0,1762,23128,3523569,5928536,0,0,0,996,1000,1399,1400,6978766
MPCTASK: EXP,3,192,9592,174,87,756,-59,-479,-39,864,800,-1155,526,631,700,-43,-306,700,48,90,1094,69,300,0,1,1,15,3,1,1,0,0,0,5,22008,10284,32828,1748187,0,1762,69677,3741281,5581032,0,0,0,996,1000,1399,1400,6978766
MPCTASK: EXP,3,194,9694,133,32,752,-241,-604,-78,889,568,-1091,474,479,700,-101,-413,700,36,-49,1298,69,300,0,1,1,15,3,1,1,0,0,0,5,24395,9181,34878,1560713,0,1762,176433,4147061,5929280,0,0,0,995,1000,1399,1400,6978766
MPCTASK: EXP,3,196,9797,64,-12,743,-385,-706,-91,626,278,-883,380,313,700,-175,-468,700,25,-16,889,69,300,1,3,3,15,3,1,1,0,0,0,5,24381,10917,36819,1855844,0,1762,79772,4144781,6259621,0,0,0,995,1000,1399,1400,6978766
MPCTASK: EXP,3,198,9894,12,-106,726,-468,-796,-135,125,373,-580,251,134,700,-217,-541,700,0,9,834,69,300,1,3,3,15,3,1,1,0,0,0,5,25476,9045,34934,1537593,0,1762,23134,4330849,5938817,0,0,0,995,1000,1399,1400,6978766
MPCTASK: EXP,3,200,9998,-8,-116,710,-486,-670,-94,-411,272,-143,102,-51,700,-202,-477,700,-8,-24,931,69,300,1,3,3,15,3,1,1,0,0,0,5,25144,11295,38501,1920021,0,1762,326480,4274402,6545243,0,0,0,994,1000,1399,1400,6978766
MPCTASK: EXP,3,202,10094,-62,-167,706,-527,-574,-26,-441,-52,227,-52,-240,700,-177,-489,700,1,38,641,69,300,1,3,3,15,3,1,1,0,0,0,5,23714,10601,34924,1802071,0,1762,80941,4031277,5937159,0,0,0,993,1000,1399,1400,6978766
MPCTASK: EXP,3,204,10194,-108,-225,710,-476,-511,20,-314,-483,463,-198,-428,700,-154,-514,700,10,-32,836,69,300,1,3,3,15,3,1,1,0,0,0,5,22964,9918,33813,1685850,0,1762,109116,3903814,5748426,0,0,0,992,1000,1399,1400,6978766
MPCTASK: EXP,3,206,10294,-148,-263,721,-372,-457,45,11,-732,564,-320,-609,700,-114,-537,700,21,5,952,69,300,1,3,3,15,3,1,1,0,0,0,5,23512,10872,34649,1848070,0,1762,23128,3996921,5890445,0,0,0,993,1000,1399,1400,6978766
MPCTASK: EXP,3,208,10395,-167,-301,727,-219,-445,12,144,-900,575,-407,-780,700,-58,-550,700,27,207,623,69,300,1,3,3,15,3,1,1,0,0,0,5,24270,10549,35273,1793113,0,2663,53647,4125841,5996429,0,0,0,994,1000,1399,1400,6978766
MPCTASK: EXP,3,210,10495,-161,-341,727,-39,-446,-38,134,-912,520,-449,-935,700,8,-557,700,19,174,879,69,300,1,3,3,15,3,1,1,0,0,0,5,22016,11366,35561,1932154,0,1762,169638,3742650,6045503,0,0,0,996,1000,1399,1400,6978766
MPCTASK: EXP,3,212,10597,-125,-379,715,158,-443,-84,54,-803,417,-444,-1070,700,85,-553,700,-1,109,1121,69,300,1,3,3,15,3,1,1,0,0,0,5,25593,10225,36824,1738276,0,2156,24280,4350745,6260117,0,0,0,997,1000,1399,1400,6978766
MPCTASK: EXP,3,214,10695,-75,-415,701,332,-425,-73,-59,-623,273,-394,-1179,700,147,-532,700,-13,-17,1151,69,300,1,3,3,15,3,1,1,0,0,0,5,25764,9050,35168,1538413,0,1762,23128,4379786,5978785,0,0,0,998,1000,1399,1400,6978766
MPCTASK: EXP,3,216,10793,-12,-438,690,462,-371,-21,-215,-325,88,-305,-1257,699,194,-493,699,-14,0,948,69,300,1,3,3,15,3,1,1,0,0,0,5,22541,10446,33537,1775752,0,1763,56319,3831969,5701361,0,0,0,998,1000,1399,1400,6978766
MPCTASK: EXP,3,218,10896,31,-451,685,493,-288,30,-323,-5,-107,-189,-1300,699,183,-438,699,-14,46,742,69,300,1,3,3,15,3,1,1,0,0,0,5,23435,11652,37442,1980686,0,1762,160231,3984004,6365247,0,0,0,998,1000,1399,1400,6978766
MPCTASK: EXP,3,220,10995,97,-447,694,499,-181,87,-361,299,-255,-60,-1303,699,194,-381,699,-5,-3,836,69,300,1,3,3,15,3,1,1,0,0,0,5,23752,10380,35117,1764596,0,1762,84983,4037657,5969990,0,0,0,999,1000,1399,1400,6978766
MPCTASK: EXP,3,222,11094,171,-491,707,464,-158,88,-472,647,-297,64,-1265,699,200,-397,699,7,-46,817,69,300,1,3,3,15,3,1,1,0,0,0,5,26266,8345,34973,1418490,0,2664,37678,4465177,5945425,0,0,0,998,1000,1399,1400,6978766
MPCTASK: EXP,3,224,11194,230,-486,724,361,-33,75,-705,1029,-296,170,-1185,699,193,-351,699,24,-25,1395,69,300,1,3,3,15,3,1,1,0,0,0,5,23916,10101,35190,1717177,0,1762,23128,4065673,5982457,0,0,0,998,1000,1399,1400,6978766
MPCTASK: EXP,3,226,11296,268,-467,733,200,110,25,-623,1172,-262,243,-1066,700,179,-323,700,33,66,1664,69,300,1,3,3,15,3,1,1,0,0,0,5,22756,13370,37100,2272821,0,1763,114518,3868461,6306955,0,0,0,997,1000,1399,1400,6978766
MPCTASK: EXP,3,228,11395,295,-449,730,43,206,-46,-415,1050,-199,277,-914,700,179,-316,700,21,28,1774,69,300,1,3,3,15,3,1,1,0,0,0,5,23583,10481,35101,1781734,0,1762,110063,4008977,5967230,0,0,0,997,1000,1399,1400,6978766
MPCTASK: EXP,3,230,11494,306,-429,722,-101,259,-64,-206,850,-101,270,-741,700,176,-317,700,9,-31,1457,69,300,1,3,3,15,3,1,1,0,0,0,5,22289,10585,34519,1799294,0,1762,92411,3789081,5868408,0,0,0,996,1000,1399,1400,6978766
MPCTASK: EXP,3,232,11598,294,-384,715,-224,301,-46,50,549,16,229,-562,700,168,-292,700,6,-37,874,69,300,1,3,3,15,3,1,1,0,0,0,5,26861,10539,39026,1791403,0,2157,24284,4566341,6634582,0,0,0,995,1000,1399,1400,6978766
MPCTASK: EXP,3,234,11690,294,-369,711,-255,249,-29,273,225,127,168,-397,700,168,-271,700,6,52,795,69,300,1,3,3,15,3,1,1,0,0,0,5,21977,8454,31156,1437262,0,2635,23440,3736009,5296677,0,0,0,994,1000,1399,1400,6978766
MPCTASK: EXP,3,236,11797,276,-362,712,-265,182,5,276,57,202,104,-265,700,124,-223,700,12,106,547,69,300,1,3,3,15,3,1,1,0,0,0,5,23648,11470,36838,1949925,0,197857,52834,4019953,6262474,0,0,0,994,1000,1399,1400,6978766
MPCTASK: EXP,3,238,11896,270,-360,713,-236,126,0,103,-12,257,57,-180,700,96,-136,700,13,40,864,69,300,1,3,3,15,3,1,1,0,0,0,5,24290,10135,36746,1722872,0,2189,24289,4129007,6246910,0,0,0,994,1000,1399,1400,6978766
MPCTASK: EXP,3,240,11996,265,-361,713,-211,113,-5,-256,78,282,35,-146,700,70,-35,700,12,-20,870,69,300,1,3,3,15,3,1,1,0,0,0,5,26493,9481,36947,1611722,0,99062,24678,4503717,6281111,0,0,0,994,1000,1399,1400,6978766
MPCTASK: EXP,3,242,12094,264,-360,711,-210,168,-17,-696,234,296,33,-142,700,78,46,700,8,-45,936,69,300,1,3,3,15,3,1,1,0,0,0,5,24380,9721,35308,1652463,0,1767,24279,4144525,6002354,0,0,0,995,1000,1399,1400,6978766
MPCTASK: EXP,3,244,12194,256,-349,715,-244,299,0,-1087,309,299,28,-134,700,117,85,700,14,12,1755,69,300,1,3,3,15,3,1,1,0,0,0,5,21559,10310,33889,1752509,0,1762,137636,3665033,5761240,0,0,0,995,1000,1399,1400,6978766
MPCTASK: EXP,3,246,12297,249,-322,716,-274,475,-15,-1208,241,286,3,-88,700,154,146,700,13,74,1981,69,300,1,3,3,15,3,1,1,0,0,0,5,26827,8933,36416,1518488,0,36836,53803,4560489,6190747,0,0,0,995,1000,1399,1400,6978766
MPCTASK: EXP,3,248,12396,237,-279,715,-282,648,-28,-1050,-17,245,-43,10,700,202,199,700,9,-52,1915,69,300,1,3,3,15,3,1,1,0,0,0,5,25770,9843,35881,1673116,0,1766,23282,4380881,6099972,0,0,0,996,1000,1399,1400,6978766
MPCTASK: EXP,3,250,12495,223,-213,711,-249,799,-24,-752,-254,248,-99,155,700,241,262,700,6,-5,1149,69,300,1,3,3,15,3,1,1,0,0,0,5,23887,10182,35063,1730496,0,2775,24409,4060721,5960674,0,0,0,997,1000,1399,1400,6978766
MPCTASK: EXP,3,252,12599,221,-145,705,-169,874,-43,-359,-396,302,-146,329,700,288,278,700,-3,-26,919,69,300,1,3,3,15,3,1,1,0,0,0,5,24851,10201,35986,1734127,0,1762,95363,4224278,6117700,0,0,0,997,1000,1399,1400,6978766
MPCTASK: EXP,3,254,12699,223,-74,700,-74,883,-34,-7,-480,398,-167,510,700,321,296,700,-6,8,940,69,300,1,3,3,15,3,1,1,0,0,0,5,23312,12384,36409,2105131,0,1763,98988,3962828,6189462,0,0,0,998,1000,1399,1400,6978766
MPCTASK: EXP,3,256,12794,259,43,702,56,909,2,288,-396,481,-152,680,700,368,350,700,2,-11,698,69,300,1,3,3,15,3,1,1,0,0,0,5,21399,8107,31863,1378065,0,1763,299499,3637813,5417111,0,0,0,998,1000,1399,1400,6978766
MPCTASK: EXP,3,258,12899,252,147,706,96,868,32,536,-267,504,-98,823,699,341,390,699,6,-15,866,69,300,1,3,3,15,3,1,1,0,0,0,5,24145,10726,35409,1823279,0,1762,23128,4104533,6019654,0,0,0,998,1000,1399,1400,6978766
MPCTASK: EXP,3,260,12996,258,208,714,130,728,22,859,-137,497,-8,928,699,315,347,699,14,0,1181,69,300,1,3,3,15,3,1,1,0,0,0,5,23324,9190,33234,1562181,0,2663,23441,3964942,5649821,0,0,0,998,1000,1399,1400,6978766
MPCTASK: EXP,3,262,13093,304,234,716,198,488,-26,1017,33,429,104,992,699,334,252,699,11,114,1342,69,300,1,3,3,15,3,1,1,0,0,0,5,18823,9959,29275,1693000,0,1762,23512,3199918,4976829,0,0,0,998,1000,1399,1400,6978766
MPCTASK: EXP,3,264,13203,395,217,709,299,219,-52,1152,152,288,227,1011,699,399,111,699,0,41,2165,69,300,1,3,3,15,3,1,1,0,0,0,5,25810,13233,39574,2249410,0,2066,52700,4387613,6727725,0,0,0,998,1000,1399,1400,6978766
MPCTASK: EXP,3,266,13295,380,184,705,207,-29,-45,1061,395,180,344,988,699,298,-12,699,-4,-94,2047,69,300,1,3,3,15,3,1,1,0,0,0,5,22218,7273,31589,1236426,0,1762,162267,3776910,5370233,0,0,0,999,1000,1399,1400,6978766
MPCTASK: EXP,3,268,13400,366,161,691,78,-232,-62,829,540,47,439,926,699,207,-111,699,-20,-30,1456,69,300,1,3,3,15,3,1,1,0,0,0,5,25299,9729,35685,1653871,0,1762,88607,4300732,6066539,0,0,0,999,1000,1399,1400,6978766
MPCTASK: EXP,3,270,13494,359,170,686,-43,-307,-9,569,655,-72,499,830,700,135,-125,700,-15,45,909,69,300,1,3,3,15,3,1,1,0,0,0,5,20992,8113,29580,1379275,0,1762,48837,3568525,5028669,0,0,0,998,1000,1399,1400,6978766
MPCTASK: EXP,3,272,13596,318,123,688,-222,-438,31,704,805,-140,517,705,700,25,-241,700,-11,115,761,69,300,1,3,3,15,3,1,1,0,0,0,5,23267,6425,31927,1092152,0,1762,199859,3955285,5427813,0,0,0,998,1000,1399,1400,6978766
MPCTASK: EXP,3,274,13695,264,58,695,-378,-588,34,853,562,-158,488,557,700,-39,-373,700,-4,-67,1178,69,300,1,3,3,15,3,1,1,0,0,0,5,21446,9488,31383,1612872,0,1767,23443,3645665,5335201,0,0,0,998,1000,1399,1400,6978766
MPCTASK: EXP,3,276,13799,180,-25,692,-510,-745,-29,577,362,-153,414,391,700,-128,-491,700,-13,34,919,69,300,1,3,3,15,3,1,1,0,0,0,5,24130,8459,33530,1437904,0,91461,47136,4101973,5700225,0,0,0,998,1000,1399,1400,6978766
MPCTASK: EXP,3,278,13899,155,-120,683,-518,-839,-33,303,59,-201,302,212,700,-96,-589,700,-22,38,863,69,300,1,3,3,15,3,1,1,0,0,0,5,19159,13334,33222,2266665,0,2416,84477,3256901,5647949,0,0,0,997,1000,1399,1400,6978766
MPCTASK: EXP,3,280,13996,66,-209,682,-576,-890,12,35,3,15,162,25,700,-150,-649,700,-17,132,519,69,300,1,3,3,15,3,1,1,0,0,0,5,22641,7270,30860,1235729,0,1762,138949,3848806,5246286,0,0,0,997,1000,1399,1400,6978766
MPCTASK: EXP,3,282,14099,-14,-316,684,-599,-896,21,-513,-243,308,8,-163,700,-176,-705,700,-15,-38,783,69,300,1,3,3,15,3,1,1,0,0,0,5,21206,11423,33667,1941830,0,1763,111997,3605050,5723491,0,0,0,996,1000,1399,1400,6978766
MPCTASK: EXP,3,284,14203,-83,-390,691,-561,-764,42,-673,-508,524,-143,-351,700,-170,-716,700,-8,-49,971,69,300,1,3,3,15,3,1,1,0,0,0,5,26781,9357,36858,1590595,0,1762,98545,4552797,6265863,0,0,0,994,1000,1399,1400,6978766
MPCTASK: EXP,3,286,14300,-154,-447,701,-486,-622,61,-600,-867,673,-279,-533,700,-145,-715,700,1,-24,1103,69,300,1,3,3,15,3,1,1,0,0,0,5,22729,10430,34101,1773142,0,1762,23128,3863727,5797193,0,0,0,994,1000,1399,1400,6978766
MPCTASK: EXP,3,288,14399,-198,-489,709,-338,-492,38,-410,-1091,722,-384,-705,700,-94,-711,700,9,5,1606,69,300,1,3,3,15,3,1,1,0,0,0,5,25161,6426,33406,1092299,0,1762,285040,4277265,5679130,0,0,0,994,1000,1399,1400,6978766
MPCTASK: EXP,3,290,14498,-230,-515,712,-165,-387,-6,-199,-1193,676,-449,-862,700,-41,-701,700,11,68,1904,69,300,1,3,3,15,3,1,1,0,0,0,5,21333,10749,33084,1827126,0,1762,146936,3626505,5624278,0,0,0,995,1000,1399,1400,6978766
MPCTASK: EXP,3,292,14602,-229,-539,708,45,-326,-52,-32,-1192,593,-466,-1002,700,30,-698,700,-2,66,2175,69,300,1,3,3,15,3,1,1,0,0,0,5,25913,9098,36081,1546501,0,35126,24679,4405145,6133874,0,0,0,996,1000,1399,1400,6978766
MPCTASK: EXP,3,294,14699,-201,-534,693,270,-255,-83,43,-1057,441,-435,-1120,700,109,-658,700,-22,-68,2099,69,300,1,3,3,15,3,1,1,0,0,0,5,20344,13008,33947,2211353,0,1762,23128,3458349,5771149,0,0,0,997,1000,1399,1400,6978766
MPCTASK: EXP,3,296,14797,-159,-540,675,463,-234,-60,159,-830,247,-357,-1214,700,174,-644,700,-36,-37,1528,69,300,1,3,3,15,3,1,1,0,0,0,5,23021,8627,32181,1466558,0,1762,68018,3913513,5470789,0,0,0,998,1000,1399,1400,6978766
MPCTASK: EXP,3,298,14899,-107,-538,670,602,-223,16,138,-550,14,-241,-1282,700,214,-613,700,-29,-47,947,69,300,1,3,3,15,3,1,1,0,0,0,5,20401,11999,33338,2039739,0,2631,23444,3468217,5667618,0,0,0,998,1000,1399,1400,6978766
MPCTASK: EXP,3,300,14996,-52,-539,674,663,-217,77,126,-216,-195,-98,-1322,700,232,-586,700,-25,40,748,69,300,1,3,3,15,3,1,1,0,0,0,5,20220,9485,30515,1612334,0,1762,24277,3437450,5187699,0,0,0,998,1000,1399,1400,6978766
MPCTASK: EXP,3,302,15102,16,-551,685,680,-219,106,32,91,-343,57,-1333,700,224,-560,700,-14,-12,997,69,300,1,3,3,15,3,1,1,0,0,0,5,24308,11311,36428,1922743,0,1763,115394,4132268,6192746,0,0,0,998,1000,1399,1400,6978766
MPCTASK: EXP,3,304,15199,89,-571,698,648,-208,98,-133,462,-422,211,-1315,700,210,-530,700,-1,-40,736,69,300,1,3,3,15,3,1,1,0,0,0,5,23808,9486,33797,1612640,0,2067,62139,4047273,5745572,0,0,0,998,1000,1399,1400,6978766
MPCTASK: EXP,3,306,15299,127,-570,711,516,-132,73,-368,838,-449,348,-1268,700,147,-463,700,11,-20,1067,69,300,1,3,3,15,3,1,1,0,0,0,5,20774,11554,33015,1964020,0,1762,75657,3531625,5612648,0,0,0,998,1000,1399,1400,6978766
MPCTASK: EXP,3,308,15402,161,-566,724,355,-27,52,-523,1062,-426,453,-1193,700,86,-389,700,24,145,991,69,300,1,3,3,15,3,1,1,0,0,0,5,26114,9828,36210,1609081,0,1765,23295,4439457,6155788,0,0,0,998,1000,1399,1400,6978766
MPCTASK: EXP,3,310,15499,189,-568,730,184,70,1,-605,1156,-367,518,-1093,700,30,-330,700,30,157,1297,69,300,1,3,3,15,3,1,1,0,0,0,5,23560,9934,33951,1688773,0,1762,53987,4005081,5771741,0,0,0,997,1000,1399,1400,6978766
MPCTASK: EXP,3,312,15596,200,-558,728,1,186,-43,-727,1155,-279,534,-969,700,-27,-253,700,19,188,1313,69,300,1,3,3,15,3,1,1,0,0,0,5,21986,8236,30957,1400002,0,1762,65394,3737577,5262644,0,0,0,997,1000,1399,1400,6978766
MPCTASK: EXP,3,314,15699,179,-498,722,-206,377,-56,-795,1066,-170,502,-824,700,-105,-112,700,11,55,1711,69,300,1,3,3,15,3,1,1,0,0,0,5,22543,10472,33674,1780271,0,2633,23441,3832193,5724580,0,0,0,997,1000,1399,1400,6978766
MPCTASK: EXP,3,316,15802,146,-448,716,-381,522,-47,-669,849,-90,424,-663,700,-152,-19,700,7,-32,1350,69,300,1,3,3,15,3,1,1,0,0,0,5,24022,9634,36552,1637716,0,1762,131421,4083741,6213983,0,0,0,997,1000,1399,1400,6978766
MPCTASK: EXP,3,318,15898,109,-425,705,-492,587,-45,-566,512,-38,308,-489,700,-164,21,700,-3,-6,1004,69,300,1,3,3,15,3,1,1,0,0,0,5,21005,11889,33165,2021066,0,1762,23128,3570717,5638173,0,0,0,996,1000,1399,1400,6978766
MPCTASK: EXP,3,320,16003,61,-382,701,-550,657,-20,-549,236,56,164,-306,700,-176,85,700,-2,14,926,69,300,1,3,3,15,3,1,1,0,0,0,5,27910,9116,37548,1549540,0,1762,65449,4744649,6383255,0,0,0,995,1000,1399,1400,6978766
MPCTASK: EXP,3,322,16103,24,-340,704,-542,705,9,-460,-56,237,8,-120,700,-148,133,700,4,17,844,69,300,1,3,3,15,3,1,1,0,0,0,5,23522,12367,36822,2102311,0,1762,100768,3998674,6259717,0,0,0,995,1000,1399,1400,6978766
MPCTASK: EXP,3,324,16204,-16,-271,712,-508,766,33,-375,-249,483,-145,65,700,-128,200,700,12,33,771,69,300,1,3,3,15,3,1,1,0,0,0,5,29208,9195,38880,1562977,0,1762,58924,4965129,6609744,0,0,0,995,1000,1399,1400,6978766
MPCTASK: EXP,3,326,16298,-50,-206,717,-439,809,-7,-344,-455,675,-281,246,700,-90,272,700,16,123,565,69,300,1,3,3,15,3,1,1,0,0,0,5,22212,10140,33179,1723738,0,1762,117751,3776017,5640360,0,0,0,995,1000,1399,1400,6978766
MPCTASK: EXP,3,328,16400,-68,-138,717,-336,844,-50,-269,-566,815,-387,418,700,-29,327,700,6,182,561,69,300,1,3,3,15,3,1,1,0,0,0,5,25046,9578,35136,1628124,0,1763,64472,4257729,5973183,0,0,0,996,1000,1399,1400,6978766
MPCTASK: EXP,3,330,16500,-79,-68,710,-219,869,-83,-121,-649,870,-451,575,700,14,366,700,-6,114,853,69,300,1,3,3,15,3,1,1,0,0,0,5,21443,11230,33790,1909174,0,1762,108597,3645284,5744407,0,0,0,997,1000,1399,1400,6978766
MPCTASK: EXP,3,332,16603,-95,14,702,-102,887,-82,89,-668,838,-468,715,700,51,414,700,-14,133,817,69,300,1,3,3,15,3,1,1,0,0,0,5,25331,10435,36633,1773994,0,2634,23445,4306201,6227717,0,0,0,998,1000,1399,1400,6978766
MPCTASK: EXP,3,334,16704,-96,71,695,20,824,-81,379,-752,799,-436,834,700,104,378,700,-21,-60,1336,69,300,1,3,3,15,3,1,1,0,0,0,5,23580,12922,37841,2196671,0,1762,23764,4008405,6432993,0,0,0,998,1000,1399,1400,6978766
MPCTASK: EXP,3,336,16800,-113,139,694,137,739,-28,638,-815,613,-358,929,700,107,373,700,-11,-16,1344,69,300,1,3,3,15,3,1,1,0,0,0,5,25334,8178,34321,1390175,0,2164,24280,4306621,5834595,0,0,0,998,1000,1399,1400,6978766
MPCTASK: EXP,3,338,16900,-116,178,692,252,580,-23,844,-833,343,-241,997,700,117,301,700,-11,-69,1318,69,300,1,3,3,15,3,1,1,0,0,0,5,22163,10544,33543,1792544,0,1939,118988,3767705,5702440,0,0,0,998,1000,1399,1400,6978766
MPCTASK: EXP,3,340,17005,-107,219,694,367,412,-12,907,-789,-50,-98,1038,700,115,252,700,-7,27,1380,69,300,1,3,3,15,3,1,1,0,0,0,5,27281,9622,38089,1635649,0,2663,42884,4637549,6475284,0,0,0,998,1000,1399,1400,6978766
MPCTASK: EXP,3,342,17104,-94,239,691,424,229,6,883,-435,-386,58,1049,700,89,181,700,-8,33,1245,69,300,1,3,3,15,3,1,1,0,0,0,5,23559,13383,38120,2275075,0,1763,120217,4004889,6480358,0,0,0,998,1000,1399,1400,6978766
MPCTASK: EXP,3,344,17204,-72,242,692,456,36,52,946,-432,-546,211,1031,700,81,87,700,-7,-59,1454,69,300,1,3,3,15,3,1,1,0,0,0,5,26500,10812,37590,1837933,0,2125,23983,4504929,6390388,0,0,0,998,1000,1399,1400,7111380
MPCTASK: EXP,3,346,17299,-52,224,698,447,-143,57,802,-82,-657,348,984,700,40,0,700,-1,75,874,69,300,1,3,3,15,3,1,1,0,0,0,5,20898,11013,32819,1872108,0,2162,24278,3552560,5579335,0,0,0,998,1000,1399,1400,7111380
MPCTASK: EXP,3,348,17403,-23,187,702,406,-298,25,806,208,-744,453,909,700,-1,-105,700,2,-60,1096,69,300,1,3,3,15,3,1,1,0,0,0,5,26877,9219,36727,1567020,0,63461,23297,4569029,6243762,0,0,0,998,1000,1399,1400,7111380
MPCTASK: EXP,3,350,17504,-12,140,706,297,-441,23,807,430,-833,518,808,700,-58,-218,700,6,63,908,69,300,1,3,3,15,3,1,1,0,0,0,5,23692,12945,37886,2200524,0,1796,148718,4027429,6440768,0,0,0,998,1000,1399,1400,7111380
MPCTASK: EXP,3,352,17599,-20,82,709,153,-578,2,774,480,-918,535,684,700,-117,-326,700,9,124,703,69,300,1,3,3,15,3,1,1,0,0,0,5,23081,9069,32736,1541651,0,1762,45303,3923717,5565297,0,0,0,998,1000,1399,1400,7111380
MPCTASK: EXP,3,354,17702,-48,16,710,-3,-686,-20,562,601,-898,502,540,700,-195,-413,700,6,6,983,69,300,1,3,3,15,3,1,1,0,0,0,5,22013,10250,34214,1742437,0,1762,65491,3742166,5816420,0,0,0,998,1000,1399,1400,7111380
MPCTASK: EXP,3,356,17800,-98,-74,705,-176,-774,-61,231,640,-743,424,379,700,-277,-501,700,-6,-42,999,69,300,1,3,3,15,3,1,1,0,0,0,5,24657,7108,32103,1208283,0,1762,23128,4191509,5457557,0,0,0,998,1000,1399,1400,7111380
MPCTASK: EXP,3,358,17900,-139,-156,698,-315,-776,-46,-179,572,-570,308,204,700,-322,-549,700,-11,-41,906,69,300,1,3,3,15,3,1,1,0,0,0,5,23031,9015,32313,1532522,0,1762,23128,3915123,5493241,0,0,0,998,1000,1399,1400,7111380
MPCTASK: EXP,3,360,18004,-211,-220,693,-432,-702,-44,-451,218,-328,164,22,700,-351,-565,700,-15,31,682,69,300,1,3,3,15,3,1,1,0,0,0,5,26507,10090,37113,1715225,0,1762,23128,4506065,6309275,0,0,0,997,1000,1399,1400,7111380
MPCTASK: EXP,3,362,18104,-274,-267,694,-463,-587,-9,-485,-161,-185,8,-164,700,-361,-572,700,-7,-28,927,69,300,1,3,3,15,3,1,1,0,0,0,5,21308,11408,35396,1939336,0,1762,370751,3622269,6017408,0,0,0,997,1000,1399,1400,7111380
MPCTASK: EXP,3,364,18206,-320,-326,702,-402,-522,64,-316,-539,-108,-145,-350,700,-317,-611,700,2,27,787,69,300,1,3,3,15,3,1,1,0,0,0,5,28256,9348,37943,1589126,0,2023,34979,4803349,6450425,0,0,0,996,1000,1399,1400,7111380
MPCTASK: EXP,3,366,18302,-354,-352,713,-295,-442,63,-217,-681,4,-281,-531,700,-274,-604,700,13,113,648,69,300,1,3,3,15,3,1,1,0,0,0,5,23522,9863,33653,1676542,0,1762,23134,3998633,5720978,0,0,0,995,1000,1399,1400,7111380
MPCTASK: EXP,3,368,18402,-367,-377,719,-159,-387,19,-100,-838,152,-387,-702,700,-205,-606,700,19,117,826,69,300,1,3,3,15,3,1,1,0,0,0,5,23276,10129,33925,1721920,0,1762,65450,3956717,5767349,0,0,0,995,1000,1399,1400,7111380
MPCTASK: EXP,3,370,18502,-367,-406,714,0,-355,-53,-34,-879,304,-451,-860,700,-131,-612,700,3,186,801,69,300,1,3,3,15,3,1,1,0,0,0,5,21403,10380,33525,1764532,0,1762,87000,3638409,5699232,0,0,0,996,1000,1399,1400,7111380
MPCTASK: EXP,3,372,18606,-345,-425,703,172,-317,-78,-22,-854,386,-468,-1000,700,-45,-598,700,-12,172,916,69,300,1,3,3,15,3,1,1,0,0,0,5,26341,10910,37517,1854686,0,1762,23128,4477845,6377965,0,0,0,996,1000,1399,1400,7111380
MPCTASK: EXP,3,374,18700,-297,-436,686,356,-275,-76,13,-765,418,-436,-1119,700,48,-577,700,-28,154,837,69,300,1,3,3,15,3,1,1,0,0,0,5,20952,10377,32009,1764098,0,1762,93017,3561665,5441604,0,0,0,997,1000,1399,1400,7111380
MPCTASK: EXP,3,376,18804,-236,-450,676,516,-251,-29,55,-625,387,-358,-1213,700,127,-553,700,-29,153,606,69,300,1,3,3,15,3,1,1,0,0,0,5,24281,10577,35613,1797961,0,1762,104468,4127661,6054328,0,0,0,998,1000,1399,1400,7111380
MPCTASK: EXP,3,378,18906,-173,-440,669,637,-205,20,84,-491,234,-241,-1282,700,180,-509,700,-30,11,882,69,300,1,3,3,15,3,1,1,0,0,0,5,22273,12038,36829,2046480,0,1762,151164,3786305,6261347,0,0,0,998,1000,1399,1400,7111380
MPCTASK: EXP,3,380,19004,-93,-439,672,733,-189,78,106,-298,32,-98,-1322,700,233,-485,700,-27,33,759,69,300,1,3,3,15,3,1,1,0,0,0,5,25322,9640,35972,1638763,0,1762,149247,4304589,6115321,0,0,0,998,1000,1399,1400,7111380
MPCTASK: EXP,3,382,19107,-19,-436,682,762,-175,103,113,0,-171,58,-1333,700,239,-454,700,-17,40,770,69,300,1,3,3,15,3,1,1,0,0,0,5,27608,10991,38868,1868451,0,1762,23134,4693301,6607624,0,0,0,999,1000,1399,1400,7111380
MPCTASK: EXP,3,384,19205,66,-437,695,751,-167,103,65,334,-309,211,-1315,700,244,-423,700,-4,-15,848,69,300,1,3,3,15,3,1,1,0,0,0,5,27334,9035,36887,1535917,0,1762,23128,4646717,6270789,0,0,0,999,1000,1399,1400,7111380
MPCTASK: EXP,3,386,19300,133,-438,711,660,-137,89,-129,753,-349,348,-1268,700,194,-365,700,11,-48,867,69,300,1,3,3,15,3,1,1,0,0,0,5,21548,9021,31561,1533445,0,1762,146582,3663081,5365424,0,0,0,999,1000,1399,1400,7111380
MPCTASK: EXP,3,388,19407,197,-446,722,520,-87,44,-338,1124,-308,453,-1193,700,159,-317,700,22,-81,1828,69,300,1,3,3,15,3,1,1,0,0,0,5,27935,9646,38867,1639855,0,107021,56738,4748725,6607493,0,0,0,998,1000,1399,1400,7111380
MPCTASK: EXP,3,390,19508,242,-443,729,329,2,-1,-537,1370,-251,518,-1093,700,106,-250,700,29,115,2126,69,300,1,3,3,15,3,1,1,0,0,0,5,24901,12477,39445,2120941,0,1763,328641,4233009,6705638,0,0,0,998,1000,1399,1400,7111380
MPCTASK: EXP,3,392,19604,267,-435,729,105,113,-35,-645,1401,-200,535,-969,700,42,-178,700,22,162,2171,69,300,1,3,3,15,3,1,1,0,0,0,5,25027,9867,35688,1677291,0,2631,111453,4254454,6067026,0,0,0,998,1000,1399,1400,7111380
MPCTASK: EXP,3,394,19702,271,-419,720,-118,235,-69,-698,1300,-146,502,-824,700,-16,-101,700,7,41,2210,69,300,1,3,3,15,3,1,1,0,0,0,5,23007,10101,33635,1717082,0,2054,67261,3911141,5718096,0,0,0,997,1000,1399,1400,7111380
MPCTASK: EXP,3,396,19803,250,-391,710,-328,363,-73,-729,1089,-88,424,-663,700,-66,-19,700,-3,-47,2110,69,300,1,3,3,15,3,1,1,0,0,0,5,25083,8038,33388,1366444,0,1762,23128,4264085,5675972,0,0,0,997,1000,1399,1400,7111380
MPCTASK: EXP,3,398,19904,218,-359,706,-482,477,-30,-676,772,-19,308,-489,700,-94,51,700,0,-35,1182,69,300,1,3,3,15,3,1,1,0,0,0,5,24379,9200,34910,1563825,0,28048,135782,4144265,5934841,0,0,0,996,1000,1399,1400,7111380
MPCTASK: EXP,3,400,20004,180,-319,703,-569,573,0,-661,406,60,164,-306,700,-92,120,700,3,0,979,69,300,1,3,3,15,3,1,1,0,0,0,5,24544,9931,34991,1688168,0,1762,64253,4172373,5948666,0,0,0,994,1000,1399,1400,7111380
MPCTASK: EXP,3,402,20101,133,-259,706,-592,678,4,-606,83,226,8,-120,700,-83,204,700,6,10,915,69,300,1,3,3,15,3,1,1,0,0,0,5,19382,10383,31078,1764951,0,1762,201101,3294866,5283428,0,0,0,994,1000,1399,1400,7111380
MPCTASK: EXP,3,404,20208,103,-192,706,-553,762,8,-437,-170,366,-145,65,700,-45,277,700,6,33,804,69,300,1,3,3,15,3,1,1,0,0,0,5,28805,8252,38147,1402762,0,1762,35785,4896881,6484973,0,0,0,995,1000,1399,1400,7111380
MPCTASK: EXP,3,406,20308,68,-128,711,-485,808,4,-328,-401,528,-281,246,700,-1,334,700,11,44,769,69,300,1,3,3,15,3,1,1,0,0,0,5,24358,12461,38662,2118284,0,2196,225011,4140829,6572720,0,0,0,995,1000,1399,1400,7111380
MPCTASK: EXP,3,408,20407,34,-68,710,-410,825,-53,-64,-531,658,-387,418,700,29,358,700,0,25,957,69,300,1,3,3,15,3,1,1,0,0,0,5,26120,9744,36423,1656362,0,1762,71886,4440230,6191954,0,0,0,996,1000,1399,1400,7111380
MPCTASK: EXP,3,410,20507,11,-1,704,-296,812,-84,54,-533,799,-451,575,700,69,380,700,-12,152,628,69,300,1,3,3,15,3,1,1,0,0,0,5,21347,13303,35797,2261373,0,1968,150489,3628922,6085594,0,0,0,997,1000,1399,1400,7111380
MPCTASK: EXP,3,412,20607,-16,54,697,-212,768,-84,276,-540,886,-468,715,700,86,370,700,-19,-28,937,69,300,1,3,3,15,3,1,1,0,0,0,5,24775,10039,36747,1706554,0,1762,305911,4211713,6247050,0,0,0,998,1000,1399,1400,7111380
MPCTASK: EXP,3,414,20706,-29,104,696,-75,669,-21,697,-913,815,-436,834,700,146,322,700,-7,-58,1594,69,300,1,3,3,15,3,1,1,0,0,0,5,21719,12071,35497,2051859,0,113883,24281,3692049,6034597,0,0,0,998,1000,1399,1400,7111380
MPCTASK: EXP,3,416,20807,-51,143,702,78,521,10,789,-963,609,-357,929,700,153,287,700,2,-52,1597,69,300,1,3,3,15,3,1,1,0,0,0,5,23478,9967,35750,1694284,0,1762,291949,3991165,6077621,0,0,0,998,1000,1399,1400,7111380
MPCTASK: EXP,3,418,20904,-56,174,697,216,371,-36,601,-792,382,-241,997,700,156,248,700,-9,40,1171,69,300,1,3,3,15,3,1,1,0,0,0,5,20109,10825,31205,1840069,0,1764,23288,3418284,5304913,0,0,0,998,1000,1399,1400,7111380
MPCTASK: EXP,3,420,21005,-58,179,691,316,226,-25,742,-850,80,-98,1037,700,157,152,700,-13,97,1210,69,300,1,3,3,15,3,1,1,0,0,0,5,24617,7461,32944,1268243,0,1762,35020,4184805,5600664,0,0,0,998,1000,1399,1400,7111380
MPCTASK: EXP,3,422,21106,-49,191,697,430,64,23,965,-1050,-358,58,1049,700,186,71,700,-2,-71,1597,69,300,1,3,3,15,3,1,1,0,0,0,5,19752,12417,33431,2110709,0,1763,121967,3357757,5683442,0,0,0,999,1000,1399,1400,7111380
MPCTASK: EXP,3,424,21208,-31,206,705,528,-75,33,968,-860,-756,211,1031,700,173,13,700,5,-83,1586,69,300,1,3,3,15,3,1,1,0,0,0,5,24101,10406,35394,1768876,0,1762,77441,4097061,6017061,0,0,0,998,1000,1399,1400,7111380
MPCTASK: EXP,3,426,21307,-1,171,704,580,-287,-17,790,-454,-1085,347,984,700,145,-89,700,1,2,1183,69,300,1,3,3,15,3,1,1,0,0,0,5,22039,11295,33974,1920138,0,2069,84822,3746521,5775972,0,0,0,998,1000,1399,1400,7111380
MPCTASK: EXP,3,428,21410,17,126,699,544,-427,-23,586,59,-1265,453,910,700,76,-170,700,-4,-2,775,69,300,1,3,3,15,3,1,1,0,0,0,5,24126,11770,36764,2000879,0,1765,23294,4101382,6249947,0,0,0,998,1000,1399,1400,7111380
MPCTASK: EXP,3,430,21507,40,85,692,428,-492,-13,320,705,-1210,517,810,700,-2,-213,700,-10,54,941,69,300,1,3,3,15,3,1,1,0,0,0,5,21512,12695,34726,2158089,0,1762,65372,3656977,5903513,0,0,0,998,1000,1399,1400,7111380
MPCTASK: EXP,3,432,21608,64,4,698,246,-537,48,-8,1173,-869,533,686,700,-73,-300,700,-1,-55,2092,69,300,1,3,3,15,3,1,1,0,0,0,5,24804,8425,34985,1432117,0,2189,24284,4216577,5947587,0,0,0,998,1000,1399,1400,7111380
MPCTASK: EXP,3,434,21707,50,-60,711,2,-508,55,-263,1272,-428,501,542,700,-153,-357,700,11,-120,2046,69,300,1,3,3,15,3,1,1,0,0,0,5,20364,13504,34136,2295572,0,1765,23281,3461796,5803148,0,0,0,998,1000,1399,1400,7111380
MPCTASK: EXP,3,436,21809,1,-114,717,-259,-450,8,-358,1003,48,422,381,700,-231,-394,700,17,-51,1623,69,300,1,3,3,15,3,1,1,0,0,0,5,25475,9343,35871,1588126,0,1919,156235,4330717,6098197,0,0,0,998,1000,1399,1400,7111380
MPCTASK: EXP,3,438,21908,-52,-163,713,-430,-400,-48,-479,634,454,306,207,700,-281,-420,700,3,-41,948,69,300,1,3,3,15,3,1,1,0,0,0,5,21573,11501,34864,1955083,0,1938,122888,3667377,5926963,0,0,0,997,1000,1399,1400,7111380
MPCTASK: EXP,3,440,22009,-108,-187,707,-531,-316,-47,-334,239,803,163,23,700,-295,-435,700,-2,0,733,69,300,1,3,3,15,3,1,1,0,0,0,5,24082,9987,34711,1697699,0,1762,86869,4093783,5900866,0,0,0,996,1000,1399,1400,7111380
MPCTASK: EXP,3,442,22108,-166,-208,703,-559,-267,-36,-66,-59,1086,9,-164,700,-302,-462,700,-3,2,914,69,300,1,3,3,15,3,1,1,0,0,0,5,23253,11286,34923,1918561,0,1762,41694,3952893,5936986,0,0,0,994,1000,1399,1400,7111380
MPCTASK: EXP,3,444,22211,-207,-231,703,-502,-269,-23,250,-338,1291,-142,-353,700,-270,-488,700,-1,14,901,69,300,1,3,3,15,3,1,1,0,0,0,5,23590,13371,37928,2273011,0,1763,140811,4010225,6447716,0,0,0,992,1000,1399,1400,7111380
MPCTASK: EXP,3,446,22309,-250,-241,707,-417,-280,-13,444,-474,1393,-275,-537,700,-243,-499,700,4,74,741,69,300,1,3,3,15,3,1,1,0,0,0,5,22595,12256,35867,2083440,0,1763,88929,3841097,6097567,0,0,0,992,1000,1399,1400,7111380
MPCTASK: EXP,3,448,22408,-273,-264,709,-304,-326,-13,588,-656,1377,-377,-713,700,-194,-524,700,7,50,958,69,300,1,3,3,15,3,1,1,0,0,0,5,25437,9151,34973,1555584,0,1763,42846,4324101,5945494,0,0,0,994,1000,1399,1400,7111380
MPCTASK: EXP,3,450,22510,-289,-296,713,-136,-392,-36,606,-824,1196,-438,-875,700,-138,-547,700,6,94,1120,69,300,1,3,3,15,3,1,1,0,0,0,5,24546,11752,36632,1997808,0,1762,23128,4172685,6227446,0,0,0,995,1000,1399,1400,7111380
MPCTASK: EXP,3,452,22613,-277,-336,708,49,-457,-57,505,-878,920,-452,-1019,700,-72,-564,700,-3,-41,1630,69,300,1,3,3,15,3,1,1,0,0,0,5,26273,12335,39120,2096854,0,1762,63300,4466274,6650493,0,0,0,997,1000,1399,1400,7111380
MPCTASK: EXP,3,454,22708,-242,-369,693,248,-492,-69,345,-864,546,-419,-1138,700,1,-558,700,-20,-69,1621,69,300,1,3,3,15,3,1,1,0,0,0,5,22792,11625,34696,1976258,0,1935,23978,3874597,5898513,0,0,0,998,1000,1399,1400,7111380
MPCTASK: EXP,3,456,22808,-200,-383,679,412,-481,-45,151,-736,171,-344,-1229,699,43,-517,699,-29,-46,1132,69,300,1,3,3,15,3,1,1,0,0,0,5,22846,11565,35100,1965867,0,2100,51842,3883633,5967025,0,0,0,998,1000,1399,1400,7111380
MPCTASK: EXP,3,458,22909,-145,-406,671,539,-456,9,-16,-428,-192,-237,-1287,699,82,-488,699,-28,-44,882,69,300,1,3,3,15,3,1,1,0,0,0,5,22920,11151,34717,1895671,0,1762,87432,3896462,5902062,0,0,0,998,1000,1399,1400,7111380
MPCTASK: EXP,3,460,23009,-69,-440,674,617,-429,77,-168,-58,-460,-112,-1307,699,113,-474,699,-25,-5,772,69,300,1,3,3,15,3,1,1,0,0,0,5,23784,11204,35961,1904607,0,1762,142780,4043237,6113346,0,0,0,998,1000,1399,1400,7111380
MPCTASK: EXP,3,462,23114,-10,-461,685,591,-349,120,-382,403,-624,16,-1286,699,110,-443,699,-14,-26,840,69,300,1,3,3,15,3,1,1,0,0,0,5,27029,12950,40663,2200568,0,2663,23438,4594933,6912652,0,0,0,998,1000,1399,1400,7111380
MPCTASK: EXP,3,464,23209,54,-475,704,515,-241,133,-486,809,-688,131,-1222,699,109,-428,699,4,-6,947,69,300,1,3,1,15,3,1,1,0,0,0,5,23834,10482,35055,1781788,0,1874,101244,4051821,5959306,0,0,0,998,1000,1399,1400,7111380
MPCTASK: EXP,3,466,23310,104,-474,719,386,-114,76,-531,1037,-669,218,-1118,699,100,-396,699,19,132,934,69,300,1,3,2,15,3,1,1,0,0,0,5,24318,12589,37330,2140019,0,1762,48079,4133940,6346201,0,0,0,998,1000,1399,1400,7111380
MPCTASK: EXP,3,468,23408,141,-469,730,233,0,20,-471,1108,-588,268,-978,700,94,-379,700,30,145,1173,69,300,1,3,3,15,3,1,1,0,0,0,5,24713,8956,34690,1522527,0,1762,64232,4201094,5897486,0,0,0,997,1000,1399,1400,7111380
MPCTASK: EXP,3,470,23507,164,-462,730,77,89,-30,-373,995,-478,277,-812,700,95,-382,700,24,6,1577,69,300,1,3,3,15,3,1,1,0,0,0,5,20594,12319,33765,2094264,0,1762,120834,3500881,5740258,0,0,0,996,1000,1399,1400,7111380
MPCTASK: EXP,3,472,23610,171,-434,721,-62,173,-68,-206,740,-355,249,-633,700,108,-374,700,8,-50,1167,69,300,1,3,3,15,3,1,1,0,0,0,5,24706,10588,36075,1799955,0,1792,39135,4199977,6132940,0,0,0,995,1000,1399,1400,7111380
MPCTASK: EXP,3,474,23707,169,-411,710,-153,202,-61,33,406,-234,194,-460,700,115,-363,700,-1,-27,871,69,300,1,3,3,15,3,1,1,0,0,0,5,22066,10434,33861,1773718,0,1762,208884,3751197,5756354,0,0,0,994,1000,1399,1400,7111380
MPCTASK: EXP,3,476,23809,159,-393,706,-189,178,-21,233,96,-119,129,-312,700,95,-339,700,2,48,806,69,300,1,3,3,15,3,1,1,0,0,0,5,27976,7072,36081,1202172,0,1762,64233,4755689,6133864,0,0,0,993,1000,1399,1400,7111380
MPCTASK: EXP,3,478,23907,155,-381,706,-166,125,0,277,-92,-23,73,-207,700,83,-312,700,6,160,561,69,300,1,3,3,15,3,1,1,0,0,0,5,20957,12397,33905,2107433,0,2101,70872,3562745,5763828,0,0,0,994,1000,1399,1400,7111380
MPCTASK: EXP,3,480,24010,159,-383,711,-120,66,10,160,-80,55,41,-154,700,95,-334,700,11,126,479,69,300,1,3,3,15,3,1,1,0,0,0,5,24815,10553,36144,1793894,0,1762,98225,4218420,6144693,0,0,0,994,1000,1399,1400,7111380
MPCTASK: EXP,3,482,24105,164,-382,710,-91,45,-15,-30,53,142,33,-142,700,112,-331,700,7,70,743,69,300,1,3,3,15,3,1,1,0,0,0,5,19939,10406,31159,1768795,0,1969,116063,3389573,5297204,0,0,0,994,1000,1399,1400,7111380
MPCTASK: TRAJ DONE: idx=482, max=482; requesting landing
MPCTASK: LANDING: start z=0.70, hold=(0.17,-0.38)
MPCTASK: TIMING SUMMARY: max_step_cycles=7111380 deadline_cycles=8400000 overruns=0
MPCTASK: LANDING COMPLETE: t=31240 ms, x=0.207, y=-0.382, z=-0.0, vz=-0.079; motors off