SYS: Crazyflie 2.1 Brushless is up and running!
SYS: Build 2:de14ff9f08ae (2025.09.1 +2) MODIFIED
SYS: I am 0x373930393434471500370039 and I have 1024KB of flash!
CFGBLK: v1, verification [OK]
DECK_DISCOVERY: Backend found: onewire
DECK_DISCOVERY: Backend found: deckctrl
DECK_CORE: 1 deck(s) found
DECK_CORE: Calling INIT on driver bcFlow2 for deck 0
ZR2: Z-down sensor [OK]
PMW: Motion chip id: 0x49:0xB6
IMU: BMI088: Using I2C interface.
IMU: BMI088 Gyro connection [OK].
IMU: BMI088 Accel connection [OK]
IMU: BMP390 I2C connection [OK]
ESTIMATOR: Using Kalman (2) estimator
CONTROLLER: Using PID (1) controller
MTR-DRV: Using brushless motor driver
SYS: About to run tests in system.c.
SYS: NRF51 version: 2026.04 (C21B)
EEPROM: I2C connection [OK].
STORAGE: Storage check [OK].
IMU: BMI088 gyro self-test [OK]
DECK_CORE: Deck 0 test [OK].
SYS: Self test passed!
STAB: Wait for sensor calibration...
SYS: Free heap: 15048 bytes
MPCTASK: Waiting for activation ...
STAB: Starting stabilizer loop
STAB: WARNING: stabilizer loop rate is off (1004)
MPCTASK: Benchmark mode 3, maneuver 4, max_iter 5, task_pri 0
MPCTASK: Reference altitude: 0.70 m; barrier skip when z>0.75 and vz>-0.20
MPCTASK: OOT takeoff: cfclient trigger>=0.15m ramp=0.15m/s figure8_start=3000ms_at_measured_z target=0.70m timeout=12000ms
MPCTASK: Common baseline: mpc_hz=20 model_hz=20 rho=5 base_w=0 base_qz=1 Qz=100 R=4 bridge=x10 guards=z[ref,ref+0.20] xy=free cap=0.05
MPCTASK: MPC->PID: xyz=x10, z_guard=[ref,ref+0.20], yaw=raw_rz, output_hold=200ms, safety_hold=500ms
MPCTASK: Reference origin: xyz=measured_at_forced_3s_start target_z=0.70 m
MPCTASK: LIMO adaptive: cache=16x4 evals=1 timing=bar/rl/cache_cycles
MPCTASK: EXP every=2: m,s,tms,p3[mm],v3[mmps],att3[cdeg],ref3[mm],cmd3[mm],h/raw/grad/mar/thr[milli],act/ac/bind,wi/qi/cache/noa,pa/pf/du[milli],it,mpc/eval/total[us],bar/tanh/rl/cache/solve/step[cycles],overruns,post_active/post_infeasible_totals,wreq/w/qzreq/qz[milli],max_step_cycles
MPCTASK: Figure8: source=traj_fig8_12.h source_hz=100 samples=1205 laps=2 duration=24.07 s origin=forced_3s_start start_delay=3000ms z_baseline=measured_at_start
CONTROLLER: Using OutOfTree (6) controller
MPCTASK: Trajectory origin: x=0.05 y=-0.03
MPCTASK: OOT activated at z=0.01
SUP: Ready to fly
MPCTASK: TAKEOFF START: trigger_z=0.15 start_z=0.01 target=0.70 hold=(0.05,-0.0) ramp=0.15m/s
MPCTASK: OOT loop 1 done
MPCTASK: MPC task loMPCTASK: OOT loop 2 done
op 1
MPCTASK: x0: pos=(0.05,-0.0,0.01) vel=(-0.0,-0.0MPCTASK: OOT loop 3 done
1,-0.0)
MPCTASK: ref: (0.05,-0.0,0.01)
MPCTASK: SAFE TV mode=3: h=0.0 raw=0.0 grad=0.0 margin=0.0 thr=0.0 active0=0 active_count=0 eval=14265 us
MPCTASK: MPC solve start
MPCTASK: MPC solve done, iter=5
MPCTASK: MPC time=22729 us
MPCTASK: MPC stack free=869 words
MPCTASK: setpoint: x=0.05 y=-0.0 z=0.07 preview_z=0.07
MPCTASK: MPC task loop 2
MPCTASK: MPC task loop 3
MPCTASK: Cache level changed: 0 -> 1
MPCTASK: TAKEOFF COMPLETE: t=3000ms z=0.46 vz=0.28; trajectory queued origin=(-0.0,0.0,0.46)
MPCTASK: TRAJ START: z=0.46 origin=(-0.0,0.0,0.46) EXP clock reset; Z metric begins at t+3s
MPCTASK: EXP,3,2,88,39,-2,481,252,-62,261,-49,-123,-1012,-9,3,462,85,219,463,-218,-44,927,69,300,1,3,3,15,3,1,1,0,0,0,5,26197,10996,37699,1869271,0,1731,23120,4453562,6408955,0,0,0,990,1000,1399,1400,6408955
MPCTASK: EXP,3,4,184,61,-20,507,253,-56,290,-355,157,-1278,-20,22,462,149,194,472,-192,19,748,69,300,1,3,3,15,3,1,1,0,0,0,5,22250,10759,33688,1828912,0,1731,50081,3782417,5727030,0,0,0,990,1000,1399,1400,6437604
MPCTASK: EXP,3,6,283,115,-23,541,310,3,333,-196,-263,-1527,-55,89,463,319,155,483,-158,106,724,69,300,1,3,3,15,3,1,1,0,0,0,5,21841,8648,32113,1469949,0,1731,125498,3712798,5459273,0,0,0,992,1000,1399,1400,6437604
MPCTASK: EXP,3,8,385,142,-29,573,386,-8,311,-54,-695,-1491,-108,208,463,407,108,490,-126,62,780,69,300,1,3,3,15,3,1,1,0,0,0,5,24028,9315,34893,1583577,0,1731,164257,4084681,5931910,0,0,0,994,1000,1399,1400,6437604
MPCTASK: EXP,3,10,480,206,-58,600,531,-68,203,-172,-681,-1227,-162,367,463,526,56,492,-99,-78,971,69,300,1,3,3,15,3,1,1,0,0,0,5,21032,8005,29553,1360748,0,1731,23120,3575338,5024125,0,0,0,996,1000,1399,1400,6437604
MPCTASK: EXP,3,12,585,262,-87,610,612,-85,-17,-542,-326,-740,-200,547,463,563,46,492,-92,311,970,69,300,1,3,3,15,3,1,1,0,0,0,5,23669,10348,34524,1759071,0,1731,24274,4023666,5869190,0,0,0,997,1000,1399,1400,6437604
MPCTASK: EXP,3,14,686,345,-126,604,626,0,-209,-1379,596,13,-208,725,462,547,87,483,-137,7,2285,69,300,1,3,3,15,3,1,1,0,0,0,5,23828,10838,35362,1842420,0,1731,23120,4050555,6011714,0,0,0,998,1000,1399,1400,6437604
MPCTASK: EXP,3,16,781,384,-147,583,469,196,-270,-1612,848,473,-177,886,462,490,121,478,-170,-479,3111,69,300,1,3,3,15,3,1,1,0,0,0,5,21319,9088,30949,1544892,0,1731,55142,3624085,5261485,0,0,0,998,1000,1399,1400,6437604
MPCTASK: EXP,3,18,885,389,-128,550,248,429,-310,-1429,917,632,-108,1015,462,385,169,469,-211,-486,2999,70,300,1,3,3,15,3,1,1,0,0,0,5,25724,8495,35119,1444051,0,1732,129668,4372917,5970260,0,0,0,999,1000,1399,1400,6471500
MPCTASK: EXP,3,20,986,356,-96,507,19,602,-308,-983,717,564,-8,1104,462,271,190,462,-254,-201,2469,70,300,1,3,3,15,3,1,1,0,0,0,5,23398,10354,34532,1760148,0,1731,79729,3977514,5870413,0,0,0,999,1000,1399,1400,6471500
MPCTASK: EXP,3,22,1086,311,-63,471,-159,690,-159,-308,247,457,110,1149,462,186,161,462,-260,63,828,69,300,1,3,3,15,3,1,1,0,0,0,5,24376,8638,34056,1468347,0,1731,154905,4143789,5789588,0,0,0,999,1000,1399,1400,6471500
MPCTASK: EXP,3,24,1187,206,32,453,-301,752,-49,193,66,440,233,1151,462,16,211,462,-256,-90,1460,69,300,1,3,3,15,3,1,1,0,0,0,5,20955,13550,35484,2303525,0,1731,23120,3562266,6032253,0,0,0,999,1000,1399,1400,6471500
MPCTASK: EXP,3,26,1286,161,98,456,-317,671,55,654,-5,559,343,1112,462,-49,184,462,-243,-137,1538,69,300,1,3,3,15,3,1,1,0,0,0,5,25977,8282,35109,1407868,0,1731,120998,4416173,5968639,0,0,0,999,1000,1399,1400,6471500
MPCTASK: EXP,3,28,1387,132,133,467,-324,526,88,831,315,634,425,1036,462,-123,128,462,-232,-149,1745,69,300,1,3,3,15,3,1,1,0,0,0,5,24214,10630,35555,1806932,0,1732,98890,4116410,6044513,0,0,0,998,1000,1399,1400,6471500
MPCTASK: EXP,3,30,1489,94,173,485,-362,319,127,1170,203,656,470,928,462,-158,44,462,-214,-202,2117,69,300,1,3,3,15,3,1,1,0,0,0,5,22998,13178,37148,2240238,0,1731,124625,3909617,6315305,0,0,0,998,1000,1399,1400,6471500
MPCTASK: EXP,3,32,1585,51,168,501,-385,81,90,1120,403,541,469,793,462,-230,-43,464,-198,-195,2101,69,300,1,3,3,15,3,1,1,0,0,0,5,23532,8972,33923,1525241,0,1731,189659,4000401,5766932,0,0,0,998,1000,1399,1400,6471500
MPCTASK: EXP,3,34,1686,12,129,502,-442,-145,-12,1045,507,452,421,637,462,-275,-169,462,-200,-49,2166,69,300,1,3,3,15,3,1,1,0,0,0,5,21357,12178,34641,2070170,0,1732,163083,3630597,5889075,0,0,0,998,1000,1399,1400,6471500
MPCTASK: EXP,3,36,1786,-18,92,492,-489,-314,-62,757,533,346,331,465,462,-300,-242,462,-219,-134,1965,69,300,1,3,3,15,3,1,1,0,0,0,5,22768,10907,34699,1853992,0,21839,24649,3870621,5898888,0,0,0,997,1000,1399,1400,6471500
MPCTASK: EXP,3,38,1881,-57,16,485,-543,-488,-23,557,195,-93,206,283,462,-288,-351,462,-218,6,983,69,300,1,3,3,15,3,1,1,0,0,0,5,18750,9446,29589,1605630,0,1731,139736,3187404,5030309,0,0,0,997,1000,1399,1400,6471500
MPCTASK: EXP,3,40,1983,-83,-37,480,-513,-558,-28,246,-234,-744,59,94,462,-229,-400,462,-224,18,777,69,300,1,3,3,15,3,1,1,0,0,0,5,21490,9831,31809,1671089,0,1731,60617,3653225,5407583,0,0,0,994,1000,1399,1400,6471500
MPCTASK: EXP,3,42,2082,-126,-106,482,-451,-613,63,-17,-379,-1303,-95,-94,462,-210,-453,462,-217,-85,1103,69,300,1,3,3,15,3,1,1,0,0,0,5,21746,8471,31026,1440075,0,1731,73373,3696685,5274505,0,0,0,991,1000,1399,1400,6471500
MPCTASK: EXP,3,44,2186,-149,-166,498,-347,-602,128,-262,-454,-1638,-243,-280,462,-155,-490,462,-201,-14,906,69,300,1,3,3,15,3,1,1,0,0,0,5,23041,10060,34427,1710151,0,1731,66365,3916785,5852748,0,0,0,990,1000,1399,1400,6471500
MPCTASK: EXP,3,46,2287,-150,-191,513,-215,-516,99,-451,-479,-1726,-368,-459,462,-75,-455,464,-186,75,675,69,300,1,3,3,15,3,1,1,0,0,0,5,25014,9314,35040,1583210,0,1731,98586,4252318,5956789,0,0,0,992,1000,1399,1400,6471500
MPCTASK: EXP,3,48,2388,-127,-202,519,-76,-420,8,-235,-377,-1653,-458,-625,462,-3,-438,462,-180,11,904,69,300,1,3,3,15,3,1,1,0,0,0,5,26100,9114,36127,1549381,0,1731,132782,4436846,6141649,0,0,0,994,1000,1399,1400,6471500
MPCTASK: EXP,3,50,2484,-120,-219,513,10,-365,-88,-279,-451,-1462,-504,-776,462,46,-414,462,-204,-26,1408,69,300,1,3,3,15,3,1,1,0,0,0,5,24110,8507,33166,1446071,0,49491,23120,4098729,5638378,0,0,0,996,1000,1399,1400,6471500
MPCTASK: EXP,3,52,2587,-111,-244,501,98,-312,-107,-342,-400,-1315,-502,-907,462,78,-392,462,-219,40,1085,69,300,1,3,3,15,3,1,1,0,0,0,5,22250,11425,35495,1942170,0,164918,97256,3782457,6034267,0,0,0,997,1000,1399,1400,6471500
MPCTASK: EXP,3,54,2682,-76,-237,495,212,-220,-24,-179,-364,-1319,-451,-1016,462,129,-346,462,-209,-16,1112,69,300,1,3,3,15,3,1,1,0,0,0,5,21365,9200,30988,1563948,0,1731,48032,3631929,5267944,0,0,0,998,1000,1399,1400,6471500
MPCTASK: EXP,3,56,2791,-39,-220,493,290,-168,21,174,-261,-1378,-357,-1100,462,154,-321,462,-206,29,727,69,300,1,3,3,15,3,1,1,0,0,0,5,23599,14156,39863,2406441,0,2070,144580,4011861,6776795,0,0,0,998,1000,1399,1400,6776795
MPCTASK: EXP,3,58,2881,-7,-227,497,320,-198,21,275,-181,-1375,-228,-1157,462,158,-321,462,-202,51,658,69,300,1,3,3,15,3,1,1,0,0,0,5,20764,8475,29867,1440636,0,1731,84426,3529828,5077565,0,0,0,998,1000,1399,1400,6776795
MPCTASK: EXP,3,60,2986,37,-222,496,343,-196,-30,177,109,-1284,-78,-1185,462,141,-276,462,-209,-62,1454,69,300,1,3,3,15,3,1,1,0,0,0,5,20529,12949,34453,2201394,0,1731,119834,3489729,5857164,0,0,0,999,1000,1399,1400,6776795
MPCTASK: EXP,3,62,3086,65,-244,495,291,-211,-29,41,370,-1132,78,-1185,462,95,-262,462,-210,-66,1379,69,300,1,3,3,15,3,1,1,0,0,0,5,23051,9922,34459,1686663,0,1880,174863,3918549,5857983,0,0,0,999,1000,1399,1400,6776795
MPCTASK: EXP,3,64,3186,83,-268,494,203,-197,-13,-109,535,-999,226,-1155,462,41,-243,462,-207,15,962,69,300,1,3,3,15,3,1,1,0,0,0,5,22984,9883,34310,1680049,0,23406,48751,3907162,5832943,0,0,0,999,1000,1399,1400,6776795
MPCTASK: EXP,3,66,3282,96,-287,494,108,-149,11,-292,534,-951,352,-1096,462,-5,-205,462,-205,66,715,69,300,1,3,3,15,3,1,1,0,0,0,5,20743,9209,30880,1565590,0,1731,90812,3526237,5249761,0,0,0,999,1000,1399,1400,6776795
MPCTASK: EXP,3,68,3386,103,-300,499,18,-77,49,-409,668,-886,442,-1011,462,-60,-154,462,-200,-70,1291,69,300,1,3,3,15,3,1,1,0,0,0,5,22181,10480,33776,1781469,0,1731,166652,3770642,5742017,0,0,0,998,1000,1399,1400,6776795
MPCTASK: EXP,3,70,3485,94,-305,505,-99,20,26,-613,830,-820,488,-901,462,-129,-87,462,-194,-69,1474,69,300,1,3,3,15,3,1,1,0,0,0,5,24015,9184,33700,1561263,0,1731,63025,4082477,5729048,0,0,0,998,1000,1399,1400,6776795
MPCTASK: EXP,3,72,3589,81,-298,507,-223,154,-22,-844,1005,-712,485,-768,462,-196,0,462,-196,34,1401,69,300,1,3,3,15,3,1,1,0,0,0,5,22510,14076,37867,2392906,0,1731,98040,3826690,6437480,0,0,0,998,1000,1399,1400,6776795
MPCTASK: EXP,3,74,3686,51,-273,504,-374,330,-27,-871,884,-739,434,-617,462,-241,97,462,-200,-162,2091,69,300,1,3,3,15,3,1,1,0,0,0,5,23846,10931,35398,1858060,0,1731,23120,4053858,6017705,0,0,0,998,1000,1399,1400,6776795
MPCTASK: EXP,3,76,3787,3,-223,499,-492,507,-10,-711,503,-851,339,-450,462,-269,193,462,-202,-141,1643,69,300,1,3,3,15,3,1,1,0,0,0,5,21909,10673,34842,1814316,0,1731,361968,3724406,5923128,0,0,0,997,1000,1399,1400,6776795
MPCTASK: EXP,3,78,3884,-37,-168,492,-512,621,-4,-492,77,-848,211,-272,462,-248,265,462,-207,-115,1408,69,300,1,3,3,15,3,1,1,0,0,0,5,21753,8578,32573,1458222,0,1731,75852,3697953,5537580,0,0,0,996,1000,1399,1400,6776795
MPCTASK: EXP,3,80,3986,-53,-89,489,-429,724,0,-436,-232,-656,60,-87,462,-182,370,462,-211,1,958,69,300,1,3,3,15,3,1,1,0,0,0,5,23149,10853,34873,1844877,0,1731,23120,3935206,5928517,0,0,0,995,1000,1399,1400,6776795
MPCTASK: EXP,3,82,4087,-60,-21,493,-330,782,6,-367,-158,-416,-96,99,462,-128,442,462,-206,31,769,69,300,1,3,3,15,3,1,1,0,0,0,5,25142,9820,35569,1669245,0,1987,79843,4274010,6046942,0,0,0,993,1000,1399,1400,6776795
MPCTASK: EXP,3,84,4185,-90,51,496,-293,827,7,-364,-217,-243,-245,284,462,-105,516,462,-203,19,829,69,300,1,3,3,15,3,1,1,0,0,0,5,19917,10583,33098,1798984,0,2599,23430,3385801,5626801,0,0,0,993,1000,1399,1400,6776795
MPCTASK: EXP,3,86,4284,-111,145,498,-235,896,-7,-250,-367,-81,-370,461,462,-64,599,462,-202,-46,1240,69,300,1,3,3,15,3,1,1,0,0,0,5,23027,9064,32462,1540749,0,1731,23120,3914565,5518618,0,0,0,994,1000,1399,1400,6776795
MPCTASK: EXP,3,88,4390,-146,211,500,-192,871,-13,17,-416,40,-460,628,462,-58,617,462,-202,22,874,69,300,1,3,3,15,3,1,1,0,0,0,5,23358,13986,38532,2377448,0,1731,23120,3970750,6550548,0,0,0,995,1000,1399,1400,6776795
MPCTASK: EXP,3,90,4486,-136,318,498,-66,899,-20,103,-559,114,-506,779,462,13,690,462,-205,-85,1455,69,300,1,3,3,15,3,1,1,0,0,0,5,24700,9376,34849,1593766,0,1732,108174,4198845,5924471,0,0,0,996,1000,1399,1400,6776795
MPCTASK: EXP,3,92,4584,-139,400,498,26,848,-27,426,-575,170,-503,910,462,42,703,462,-207,19,1014,69,300,1,3,3,15,3,1,1,0,0,0,5,20789,11034,32682,1875724,0,1731,124098,3533989,5556068,0,0,0,996,1000,1399,1400,6776795
MPCTASK: EXP,3,94,4684,-141,459,496,111,731,-40,548,-559,225,-452,1020,462,59,683,462,-211,51,877,69,300,1,3,3,15,3,1,1,0,0,0,5,22847,9881,32995,1679718,0,1731,23120,3883889,5609380,0,0,0,997,1000,1399,1400,6776795
MPCTASK: EXP,3,96,4785,-106,548,492,229,660,-33,742,-388,190,-357,1104,462,88,690,462,-213,-115,1755,69,300,1,3,3,15,3,1,1,0,0,0,5,20478,11535,33919,1960940,0,1732,301286,3481329,5766214,0,0,0,997,1000,1399,1400,6776795
MPCTASK: EXP,3,98,4882,-63,567,491,326,453,-26,825,-305,175,-229,1162,462,126,606,462,-213,-27,1549,69,300,1,3,3,15,3,1,1,0,0,0,5,20443,9307,30459,1582257,0,2603,23432,3474291,5178115,0,0,0,997,1000,1399,1400,6776795
MPCTASK: EXP,3,100,4987,-39,616,489,344,333,-22,828,-58,140,-78,1190,462,101,585,462,-214,14,1340,69,300,1,3,3,15,3,1,1,0,0,0,5,22539,10839,35165,1842642,0,1731,279676,3831561,5978184,0,0,0,997,1000,1399,1400,6776795
MPCTASK: EXP,3,102,5080,1,646,487,360,194,-26,839,57,114,78,1190,462,95,534,462,-217,-104,1914,69,300,1,3,3,15,3,1,1,0,0,0,5,19082,9293,29019,1579778,0,1731,85906,3243933,4933320,0,0,0,997,1000,1399,1400,6776795
MPCTASK: EXP,3,104,5185,26,651,483,311,41,-35,803,396,106,226,1160,462,43,462,462,-223,-2,1420,69,300,1,3,3,15,3,1,1,0,0,0,5,23907,9271,33888,1575917,0,1731,97952,4064002,5761179,0,0,0,997,1000,1399,1400,6776795
MPCTASK: EXP,3,106,5285,23,622,482,190,-143,-18,796,557,105,352,1102,462,-44,347,462,-221,39,1118,69,300,1,3,3,15,3,1,1,0,0,0,5,22289,9638,32717,1638430,0,1731,112443,3788905,5562313,0,0,0,997,1000,1399,1400,6776795
MPCTASK: EXP,3,108,5384,18,625,479,60,-228,-15,644,644,42,442,1016,462,-114,319,462,-223,2,1095,69,300,1,3,3,15,3,1,1,0,0,0,5,19414,11764,31442,1999671,0,1731,23120,3300290,5345341,0,0,0,997,1000,1399,1400,6776795
MPCTASK: EXP,3,110,5482,-3,593,477,-89,-353,-5,720,671,-28,488,906,462,-202,221,462,-223,9,1104,69,300,1,3,3,15,3,1,1,0,0,0,5,19974,9488,30003,1612821,0,3331,67927,3395513,5100703,0,0,0,997,1000,1399,1400,6776795
MPCTASK: EXP,3,112,5586,-25,569,474,-212,-446,-11,688,626,-141,485,773,462,-257,153,462,-227,36,949,69,300,1,3,3,15,3,1,1,0,0,0,5,23509,9810,33809,1667609,0,1731,59782,3996369,5747609,0,0,0,997,1000,1399,1400,6776795
MPCTASK: EXP,3,114,5688,-59,526,477,-331,-550,16,695,574,-245,434,622,462,-314,65,462,-222,59,818,69,300,1,3,3,15,3,1,1,0,0,0,5,22946,9998,34666,1699482,0,1731,159113,3900773,5893374,0,0,0,997,1000,1399,1400,6776795
MPCTASK: EXP,3,116,5790,-112,454,478,-447,-682,4,637,410,-274,339,455,462,-364,-46,462,-221,-62,1359,69,300,1,3,3,15,3,1,1,0,0,0,5,24615,10446,36247,1775637,0,2034,49192,4184409,6161955,0,0,0,997,1000,1399,1400,6776795
MPCTASK: EXP,3,118,5889,-186,410,480,-533,-731,22,537,154,-181,211,277,462,-412,-103,462,-219,-15,1039,69,300,1,3,3,15,3,1,1,0,0,0,5,25170,8389,35140,1425979,0,1731,246271,4278737,5973839,0,0,0,997,1000,1399,1400,6776795
MPCTASK: EXP,3,120,5988,-228,336,480,-524,-812,6,471,-105,-106,60,92,462,-390,-189,462,-219,-37,1162,69,300,1,3,3,15,3,1,1,0,0,0,5,20563,12401,33484,2108082,0,1731,65434,3495761,5692265,0,0,0,996,1000,1399,1400,6776795
MPCTASK: EXP,3,122,6088,-284,273,484,-492,-849,20,413,-334,12,-96,-94,462,-377,-254,462,-215,-11,983,69,300,1,3,3,15,3,1,1,0,0,0,5,22111,9481,32188,1611747,0,2599,23414,3758701,5471979,0,0,0,996,1000,1399,1400,6776795
MPCTASK: EXP,3,124,6191,-337,208,488,-433,-870,18,340,-533,101,-245,-278,462,-351,-304,462,-211,-1,976,69,300,1,3,3,15,3,1,1,0,0,0,5,22591,11165,34987,1898051,0,1731,160335,3840302,5947792,0,0,0,996,1000,1399,1400,6776795
MPCTASK: EXP,3,126,6286,-376,136,491,-329,-885,0,210,-746,178,-370,-456,462,-301,-354,462,-208,-25,1336,69,300,1,3,3,15,3,1,1,0,0,0,5,20044,10115,30979,1719459,0,1731,72321,3407313,5266440,0,0,0,996,1000,1399,1400,6776795
MPCTASK: EXP,3,128,6390,-409,62,495,-204,-880,-2,112,-902,233,-460,-623,462,-259,-393,462,-205,31,1330,69,300,1,3,3,15,3,1,1,0,0,0,5,23152,10935,34488,1858869,0,1731,43917,3935793,5863103,0,0,0,997,1000,1399,1400,6776795
MPCTASK: EXP,3,130,6490,-425,-6,495,-52,-850,-23,23,-999,228,-506,-773,462,-196,-423,462,-209,52,1523,69,300,1,3,3,15,3,1,1,0,0,0,5,22757,9523,32898,1618894,0,1731,81147,3868578,5592640,0,0,0,997,1000,1399,1400,6776795
MPCTASK: EXP,3,132,6589,-425,-69,493,108,-805,-40,-72,-994,190,-503,-905,462,-136,-435,462,-215,31,1707,69,300,1,3,3,15,3,1,1,0,0,0,5,20806,10970,32043,1864869,0,1731,23120,3536934,5447353,0,0,0,998,1000,1399,1400,6776795
MPCTASK: EXP,3,134,6690,-411,-131,487,264,-750,-45,-184,-950,133,-452,-1015,462,-86,-437,462,-221,32,1603,69,300,1,3,3,15,3,1,1,0,0,0,5,23986,8341,33283,1417933,0,1731,23424,4077553,5658111,0,0,0,998,1000,1399,1400,6776795
MPCTASK: EXP,3,136,6791,-383,-188,485,408,-682,-25,-290,-822,52,-357,-1099,462,-42,-436,462,-219,-30,1556,69,300,1,3,3,15,3,1,1,0,0,0,5,23474,10331,34908,1756187,0,1732,165041,3990421,5934490,0,0,0,998,1000,1399,1400,6776795
MPCTASK: EXP,3,138,6889,-343,-236,483,520,-593,-13,-378,-588,-16,-229,-1157,462,-6,-411,462,-219,8,1029,69,300,1,3,3,15,3,1,1,0,0,0,5,20552,9664,31376,1642746,0,2068,110310,3493773,5333980,0,0,0,998,1000,1399,1400,6776795
MPCTASK: EXP,3,140,6992,-305,-268,485,570,-484,3,-455,-359,-91,-78,-1185,462,-15,-368,462,-214,8,916,69,300,1,3,3,15,3,1,1,0,0,0,5,22437,9990,33295,1698294,0,1731,125189,3814293,5660218,0,0,0,998,1000,1399,1400,6776795
MPCTASK: EXP,3,142,7095,-255,-295,486,597,-376,-3,-510,-107,-128,78,-1185,462,-23,-321,462,-214,-69,1348,69,300,1,3,3,15,3,1,1,0,0,0,5,27625,8867,36759,1507180,0,1731,23120,4696189,6249137,0,0,0,999,1000,1399,1400,6776795
MPCTASK: EXP,3,144,7192,-211,-310,488,566,-255,5,-555,198,-157,226,-1155,462,-50,-264,462,-211,-60,1306,69,300,1,3,3,15,3,1,1,0,0,0,5,21734,11799,33801,2005826,0,1731,23120,3694605,5746229,0,0,0,999,1000,1399,1400,6776795
MPCTASK: EXP,3,146,7295,-166,-320,493,497,-139,10,-598,460,-167,352,-1097,462,-79,-213,462,-206,57,783,69,300,1,3,3,15,3,1,1,0,0,0,5,24930,9250,35343,1572396,0,1732,133951,4237885,6008513,0,0,0,999,1000,1399,1400,6776795
MPCTASK: EXP,3,148,7396,-140,-319,493,377,-16,-19,-644,657,-177,442,-1011,462,-131,-138,462,-210,52,885,69,300,1,3,3,15,3,1,1,0,0,0,5,21579,12411,35921,2109716,0,55924,144427,3668329,6106689,0,0,0,999,1000,1399,1400,6776795
MPCTASK: EXP,3,150,7495,-121,-307,490,238,111,-40,-648,747,-171,488,-901,462,-195,-59,462,-218,78,937,69,300,1,3,3,15,3,1,1,0,0,0,5,24687,10236,35774,1740134,0,1732,122134,4196709,6081637,0,0,0,998,1000,1399,1400,6776795
MPCTASK: EXP,3,152,7591,-119,-285,483,84,239,-39,-671,766,-137,485,-768,462,-241,22,462,-224,63,1004,69,300,1,3,3,15,3,1,1,0,0,0,5,20950,10364,32168,1761925,0,1731,121449,3561461,5468663,0,0,0,998,1000,1399,1400,6776795
MPCTASK: EXP,3,154,7695,-123,-245,481,-67,383,-17,-659,699,-71,434,-617,462,-293,131,462,-222,23,1043,69,300,1,3,3,15,3,1,1,0,0,0,5,24528,8579,33863,1458322,0,1731,96971,4169754,5756768,0,0,0,998,1000,1399,1400,6776795
MPCTASK: EXP,3,156,7790,-150,-204,480,-200,490,-4,-621,550,-21,339,-450,462,-323,197,462,-220,-32,1234,69,300,1,3,3,15,3,1,1,0,0,0,5,18853,10886,30007,1850583,0,1731,23120,3204977,5101359,0,0,0,997,1000,1399,1400,6776795
MPCTASK: EXP,3,158,7892,-173,-154,477,-281,587,-8,-585,383,65,211,-272,462,-332,280,462,-223,1,1042,69,300,1,3,3,15,3,1,1,0,0,0,5,22321,8136,31376,1383075,0,1731,65126,3794427,5333928,0,0,0,996,1000,1399,1400,6776795
MPCTASK: EXP,3,160,7991,-206,-105,476,-337,657,-4,-509,205,128,60,-87,462,-333,342,462,-224,-43,1228,69,300,1,3,3,15,3,1,1,0,0,0,5,20453,10151,31386,1725608,0,1732,110753,3476921,5335537,0,0,0,994,1000,1399,1400,6776795
MPCTASK: EXP,3,162,8096,-249,-36,478,-355,731,5,-413,-123,213,-96,99,462,-313,420,462,-221,-44,1191,69,300,1,3,3,15,3,1,1,0,0,0,5,22906,11310,34861,1922597,0,1731,87301,3893874,5926443,0,0,0,992,1000,1399,1400,6776795
MPCTASK: EXP,3,164,8188,-278,29,481,-310,775,0,-290,-357,321,-245,284,462,-269,475,462,-218,11,871,69,300,1,3,3,15,3,1,1,0,0,0,5,17391,9558,28017,1624785,0,1731,157390,2956373,4763094,0,0,0,991,1000,1399,1400,6776795
MPCTASK: EXP,3,166,8292,-295,98,480,-224,804,-23,-211,-484,469,-370,461,462,-218,528,462,-224,6,994,69,300,1,3,3,15,3,1,1,0,0,0,5,22740,8998,32243,1529566,0,1731,23120,3865681,5481347,0,0,0,992,1000,1399,1400,6776795
MPCTASK: EXP,3,168,8396,-303,158,479,-132,811,-40,-104,-547,603,-460,628,462,-166,569,462,-228,27,976,69,300,1,3,3,15,3,1,1,0,0,0,5,23626,11360,35732,1931073,0,1731,62402,4016233,6074497,0,0,0,993,1000,1399,1400,6776795
MPCTASK: EXP,3,170,8495,-307,232,481,-19,800,-24,87,-645,712,-506,778,462,-118,599,462,-223,-17,1257,69,300,1,3,3,15,3,1,1,0,0,0,5,23952,9230,33884,1568941,0,1731,24271,4071729,5760323,0,0,0,994,1000,1399,1400,6776795
MPCTASK: EXP,3,172,8593,-305,278,477,92,727,-49,232,-680,749,-503,910,462,-66,572,462,-231,75,975,69,300,1,3,3,15,3,1,1,0,0,0,5,22258,9399,32296,1597867,0,1731,86104,3783666,5490339,0,0,0,995,1000,1399,1400,6776795
MPCTASK: EXP,3,174,8694,-285,366,470,221,737,-65,214,-641,700,-452,1020,462,-24,632,462,-242,-128,1849,69,300,1,3,3,15,3,1,1,0,0,0,5,25143,8059,34231,1369983,0,1731,64178,4274121,5819486,0,0,0,996,1000,1399,1400,6776795
MPCTASK: EXP,3,176,8795,-247,426,469,348,682,-3,527,-573,559,-357,1104,462,24,618,462,-231,-105,1523,69,300,1,3,3,15,3,1,1,0,0,0,5,23465,10951,35291,1861462,0,1731,65425,3988945,5999674,0,0,0,996,1000,1399,1400,6776795
MPCTASK: EXP,3,178,8896,-201,484,476,469,538,49,843,-472,317,-228,1161,462,66,563,462,-223,-82,1569,69,300,1,3,3,15,3,1,1,0,0,0,5,23890,9439,33962,1604599,0,1731,84936,4061185,5773584,0,0,0,997,1000,1399,1400,6776795
MPCTASK: EXP,3,180,8997,-171,505,479,504,354,6,879,-288,142,-78,1190,462,56,491,462,-220,-50,1641,69,300,1,3,3,15,3,1,1,0,0,0,5,24349,10086,35429,1714673,0,1731,75290,4139193,6022940,0,0,0,997,1000,1399,1400,6776795
MPCTASK: EXP,3,182,9095,-134,509,478,515,170,-15,781,-92,-33,78,1190,462,39,414,462,-224,-96,1746,69,300,1,3,3,15,3,1,1,0,0,0,5,24681,8375,33933,1423660,0,1732,126555,4195637,5768687,0,0,0,998,1000,1399,1400,6776795
MPCTASK: EXP,3,184,9197,-101,507,474,492,33,-24,715,136,-217,226,1160,462,7,347,462,-230,-117,1740,69,300,1,3,3,15,3,1,1,0,0,0,5,23260,10925,35287,1857271,0,1732,123467,3954070,5998745,0,0,0,998,1000,1399,1400,6776795
MPCTASK: EXP,3,186,9297,-55,505,473,425,-90,3,677,421,-389,351,1102,462,-23,282,462,-226,-77,1456,69,300,1,3,3,15,3,1,1,0,0,0,5,21039,12403,34086,2108385,0,65952,23291,3576586,5794756,0,0,0,998,1000,1399,1400,6776795
MPCTASK: EXP,3,188,9397,-44,482,476,285,-221,4,728,645,-342,441,1017,462,-95,187,462,-223,7,1078,69,300,1,3,3,15,3,1,1,0,0,0,5,24393,9155,34338,1556327,0,1731,111907,4146847,5837535,0,0,0,998,1000,1399,1400,6776795
MPCTASK: EXP,3,190,9500,-26,416,478,154,-397,-12,630,798,-215,487,908,462,-148,59,462,-223,-52,1571,69,300,1,3,3,15,3,1,1,0,0,0,5,25116,12327,38096,2095529,0,1732,87685,4269565,6476320,0,0,0,998,1000,1399,1400,6776795
MPCTASK: EXP,3,192,9596,-41,377,477,-11,-481,-42,541,837,-52,483,775,462,-215,-14,462,-231,-73,1847,69,300,1,3,3,15,3,1,1,0,0,0,5,19361,14073,34293,2392319,0,1731,124206,3291213,5830005,0,0,0,998,1000,1399,1400,6776795
MPCTASK: EXP,3,194,9698,-46,294,470,-149,-628,-42,492,647,83,432,624,462,-237,-148,462,-238,-79,1589,69,300,1,3,3,15,3,1,1,0,0,0,5,23799,11717,35785,1991789,0,1731,23120,4045757,6083487,0,0,0,997,1000,1399,1400,6776795
MPCTASK: EXP,3,196,9796,-80,244,464,-274,-671,-26,276,552,233,337,457,462,-280,-200,462,-241,-53,1354,69,300,1,3,3,15,3,1,1,0,0,0,5,21423,11486,33869,1952485,0,1732,125453,3641837,5757963,0,0,0,996,1000,1399,1400,6776795
MPCTASK: EXP,3,198,9896,-140,166,462,-397,-743,10,303,263,330,209,279,462,-310,-300,462,-237,-107,1399,69,300,1,3,3,15,3,1,1,0,0,0,5,20607,11488,33863,1952848,0,1731,278092,3503169,5756827,0,0,0,995,1000,1399,1400,6776795
MPCTASK: EXP,3,200,9997,-177,131,465,-403,-725,37,246,-97,380,60,93,462,-290,-320,462,-234,15,749,69,300,1,3,3,15,3,1,1,0,0,0,5,21449,12908,35242,2194414,0,42489,24644,3646401,5991310,0,0,0,994,1000,1399,1400,6776795
MPCTASK: EXP,3,202,10094,-224,64,470,-379,-753,37,266,-353,370,-95,-95,462,-269,-385,462,-229,-18,975,69,300,1,3,3,15,3,1,1,0,0,0,5,19950,8945,31098,1520568,0,1731,49744,3391472,5286769,0,0,0,993,1000,1399,1400,6776795
MPCTASK: EXP,3,204,10197,-259,-1,477,-303,-770,31,234,-543,325,-241,-283,462,-235,-435,462,-222,19,857,69,300,1,3,3,15,3,1,1,0,0,0,5,21477,12252,34644,2082824,0,1731,59500,3651045,5889613,0,0,0,993,1000,1399,1400,6776795
MPCTASK: EXP,3,206,10299,-270,-63,482,-176,-768,11,153,-670,252,-363,-464,462,-172,-467,462,-217,53,852,69,300,1,3,3,15,3,1,1,0,0,0,5,23124,12206,36349,2074986,0,1731,149599,3931010,6179280,0,0,0,994,1000,1399,1400,6776795
MPCTASK: EXP,3,208,10398,-268,-121,481,-35,-746,-17,53,-721,173,-449,-635,462,-107,-480,462,-221,53,967,69,300,1,3,3,15,3,1,1,0,0,0,5,21759,10798,33526,1835598,0,1732,100526,3699050,5699623,0,0,0,995,1000,1399,1400,6776795
MPCTASK: EXP,3,210,10501,-258,-199,480,111,-735,-25,-83,-707,81,-492,-790,462,-48,-506,462,-224,19,1131,69,300,1,3,3,15,3,1,1,0,0,0,5,25925,10633,37365,1807470,0,1731,47086,4407145,6352080,0,0,0,996,1000,1399,1400,6776795
MPCTASK: EXP,3,212,10597,-229,-254,475,251,-676,-42,-238,-654,-14,-487,-925,462,12,-486,462,-233,3,1206,69,300,1,3,3,15,3,1,1,0,0,0,5,22829,8237,32955,1400252,0,2126,257211,3880797,5602372,0,0,0,997,1000,1399,1400,6776795
MPCTASK: EXP,3,214,10695,-191,-308,473,367,-605,-20,-360,-501,-92,-436,-1034,462,48,-469,462,-230,-19,1136,69,300,1,3,3,15,3,1,1,0,0,0,5,22395,7040,30438,1196812,0,1732,99401,3807081,5174516,0,0,0,998,1000,1399,1400,6776795
MPCTASK: EXP,3,216,10796,-144,-351,472,451,-506,-13,-524,-290,-151,-347,-1112,462,68,-418,462,-230,-39,1236,69,300,1,3,3,15,3,1,1,0,0,0,5,19664,10370,30820,1762840,0,65913,23291,3342729,5239383,0,0,0,998,1000,1399,1400,6776795
MPCTASK: EXP,3,218,10903,-97,-386,470,485,-387,-7,-653,-12,-195,-231,-1155,462,67,-371,462,-230,-94,1551,69,300,1,3,3,15,3,1,1,0,0,0,5,25584,12415,38446,2110539,0,1731,51353,4349062,6535824,0,0,0,998,1000,1399,1400,6776795
MPCTASK: EXP,3,220,10996,-47,-407,472,472,-243,3,-775,257,-216,-102,-1159,462,64,-316,462,-227,-68,1569,69,300,1,3,3,15,3,1,1,0,0,0,5,20845,11025,32142,1874289,0,1731,23120,3543585,5464157,0,0,0,998,1000,1399,1400,6776795
MPCTASK: EXP,3,222,11100,-11,-415,476,401,-88,4,-803,485,-230,22,-1121,462,46,-266,462,-223,5,1238,69,300,1,3,3,15,3,1,1,0,0,0,5,21684,12996,35574,2209364,0,1731,129353,3686325,6047765,0,0,0,998,1000,1399,1400,6776795
MPCTASK: EXP,3,224,11196,25,-412,478,318,56,-15,-785,589,-217,127,-1041,462,42,-228,462,-225,66,977,69,300,1,3,3,15,3,1,1,0,0,0,5,20349,10622,31602,1805685,0,1731,84951,3459202,5372317,0,0,0,998,1000,1399,1400,6776795
MPCTASK: EXP,3,226,11298,49,-394,476,212,197,-31,-691,660,-190,201,-921,462,32,-195,462,-229,33,1045,69,300,1,3,3,15,3,1,1,0,0,0,5,23754,9925,34324,1687127,0,1731,23120,4038117,5835276,0,0,0,998,1000,1399,1400,6776795
MPCTASK: EXP,3,228,11398,61,-365,472,102,311,-27,-465,545,-181,235,-770,462,35,-188,462,-232,-89,1504,69,300,1,3,3,15,3,1,1,0,0,0,5,21516,10960,34330,1863238,0,1846,155184,3657633,5836195,0,0,0,997,1000,1399,1400,6776795
MPCTASK: EXP,3,230,11498,69,-327,468,28,382,-19,-203,419,-147,228,-596,462,45,-168,462,-235,-79,1425,69,300,1,3,3,15,3,1,1,0,0,0,5,23160,10349,34261,1759313,0,1731,55287,3937138,5824412,0,0,0,996,1000,1399,1400,6776795
MPCTASK: EXP,3,232,11598,67,-275,466,-38,405,3,161,208,-85,187,-418,463,52,-146,463,-233,-81,1462,69,300,1,3,3,15,3,1,1,0,0,0,5,21862,10823,33116,1839766,0,1731,23120,3716553,5629789,0,0,0,995,1000,1399,1400,6776795
MPCTASK: EXP,3,234,11698,69,-245,469,-48,355,21,335,75,-16,125,-252,463,48,-113,463,-230,47,689,69,300,1,3,3,15,3,1,1,0,0,0,5,23319,10381,33965,1764616,0,1731,23120,3964077,5774133,0,0,0,992,1000,1399,1400,6776795
MPCTASK: EXP,3,236,11801,62,-222,472,-59,279,10,334,33,51,62,-120,463,10,-54,463,-227,36,725,69,300,1,3,3,15,3,1,1,0,0,0,5,22937,12435,36359,2113934,0,2038,113822,3899257,6181213,0,0,0,991,1000,1399,1400,6776795
MPCTASK: EXP,3,238,11897,66,-219,473,-45,192,-4,159,35,107,14,-35,463,-26,26,463,-227,-54,1370,69,300,1,3,3,15,3,1,1,0,0,0,5,22341,8319,32235,1414189,0,35890,24663,3797953,5480117,0,0,0,991,1000,1399,1400,6776795
MPCTASK: EXP,3,240,11998,68,-230,470,-47,141,-18,-298,182,148,-6,-1,462,-62,113,462,-233,-72,1161,69,300,1,3,2,15,3,1,1,0,0,0,5,21869,10006,32771,1701102,0,63413,23291,3717581,5571203,0,0,0,992,1000,1399,1400,6776795
MPCTASK: EXP,3,242,12099,70,-233,471,-75,187,-2,-792,349,185,-9,2,462,-57,185,462,-229,-157,1770,69,300,1,3,3,15,3,1,1,0,0,0,5,23808,10278,34514,1747282,0,1731,23120,4047258,5867468,0,0,0,992,1000,1399,1400,6776795
MPCTASK: EXP,3,244,12199,68,-219,474,-139,344,0,-1186,426,198,-13,10,462,-25,240,462,-225,-52,2245,69,300,1,3,3,15,3,1,1,0,0,0,5,21644,12564,34630,2135896,0,1732,23397,3679285,5887129,0,0,0,993,1000,1399,1400,6776795
MPCTASK: EXP,3,246,12300,58,-189,475,-194,514,-14,-1210,314,182,-38,55,463,7,293,463,-227,-182,2214,69,300,1,3,3,15,3,1,1,0,0,0,5,22399,11444,34585,1945324,0,1731,63995,3807697,5879405,0,0,0,993,1000,1399,1400,6776795
MPCTASK: EXP,3,248,12399,41,-119,471,-225,722,-23,-991,16,151,-85,154,463,49,368,463,-232,-198,2115,69,300,1,3,3,15,3,1,1,0,0,0,5,21934,10936,33686,1858983,0,1731,91825,3728801,5726688,0,0,0,994,1000,1399,1400,6776795
MPCTASK: EXP,3,250,12498,53,-85,466,-145,785,-18,-598,-319,135,-141,300,463,131,369,463,-236,-94,1544,69,300,1,3,3,15,3,1,1,0,0,0,5,23575,7792,33383,1324559,0,1731,214908,4007712,5675293,0,0,0,994,1000,1399,1400,6776795
MPCTASK: EXP,3,252,12600,37,29,465,-75,923,1,-315,-508,137,-188,474,463,167,461,463,-234,-125,1503,69,300,1,3,3,15,3,1,1,0,0,0,5,22247,11974,34737,2035448,0,1731,65442,3781953,5905383,0,0,0,995,1000,1399,1400,6776795
MPCTASK: EXP,3,254,12698,43,102,469,27,921,27,143,-634,158,-209,655,462,210,463,462,-230,-133,1540,69,300,1,3,3,15,3,1,1,0,0,0,5,21756,10018,32674,1703012,0,1731,129930,3698453,5554764,0,0,0,996,1000,1399,1400,6776795
MPCTASK: EXP,3,256,12801,54,181,474,156,835,11,414,-682,170,-194,825,462,250,465,462,-225,36,919,69,300,1,3,3,15,3,1,1,0,0,0,5,22643,10493,33975,1783712,0,2070,105825,3849175,5775815,0,0,0,997,1000,1399,1400,6776795
MPCTASK: EXP,3,258,12902,74,252,477,258,742,-5,581,-497,187,-140,967,462,257,456,462,-223,-4,1053,69,300,1,3,3,15,3,1,1,0,0,0,5,22716,11606,35268,1972933,0,1731,23120,3861654,5995542,0,0,0,997,1000,1399,1400,6776795
MPCTASK: EXP,3,260,12993,71,288,474,275,582,-41,612,-351,252,-51,1073,462,215,404,462,-233,18,1062,69,300,1,3,3,15,3,1,1,0,0,0,5,19756,6571,27031,1117005,0,1732,97187,3358369,4595419,0,0,0,998,1000,1399,1400,6776795
MPCTASK: EXP,3,262,13100,107,309,468,338,437,-57,690,-96,288,61,1136,462,209,346,462,-243,-77,1705,69,300,1,3,3,15,3,1,1,0,0,0,5,21806,10321,32796,1754539,0,1731,89505,3706893,5575357,0,0,0,998,1000,1399,1400,6776795
MPCTASK: EXP,3,264,13200,144,341,467,333,284,-18,733,245,282,184,1156,462,174,293,462,-236,-123,1786,69,300,1,3,3,15,3,1,1,0,0,0,5,20922,10952,32855,1861630,0,1731,46961,3556601,5585345,0,0,0,998,1000,1399,1400,6776795
MPCTASK: EXP,3,266,13301,182,344,468,284,124,-12,678,530,203,301,1133,462,138,222,462,-234,-83,1552,69,300,1,3,3,15,3,1,1,0,0,0,5,21464,11093,33396,1885742,0,1731,73841,3648757,5677476,0,0,0,998,1000,1399,1400,6776795
MPCTASK: EXP,3,268,13397,204,339,466,174,-15,-11,650,780,81,396,1071,462,70,152,462,-235,-91,1679,69,300,1,3,3,15,3,1,1,0,0,0,5,20914,7988,29468,1357843,0,1731,73920,3555375,5009608,0,0,0,998,1000,1399,1400,6776795
MPCTASK: EXP,3,270,13501,216,324,467,44,-128,-5,607,924,-62,457,975,462,12,84,462,-233,-59,1805,69,300,1,3,3,15,3,1,1,0,0,0,5,23290,9851,33620,1674480,0,1991,58736,3959209,5715413,0,0,0,998,1000,1399,1400,6776795
MPCTASK: EXP,3,272,13599,184,325,467,-190,-203,12,553,985,-225,475,850,462,-102,46,462,-232,-44,1835,69,300,1,3,3,15,3,1,1,0,0,0,5,20611,10145,31579,1724597,0,1855,116893,3503837,5368532,0,0,0,998,1000,1399,1400,6776795
MPCTASK: EXP,3,274,13698,155,289,467,-347,-329,15,778,659,-362,446,702,462,-141,-64,462,-232,-98,1597,69,300,1,3,3,15,3,1,1,0,0,0,5,21522,8315,30542,1413623,0,1731,34346,3658777,5192335,0,0,0,997,1000,1399,1400,6776795
MPCTASK: EXP,3,276,13800,119,261,467,-445,-439,13,776,466,-450,372,536,462,-175,-136,462,-232,0,1151,69,300,1,3,3,15,3,1,1,0,0,0,5,20901,10828,32888,1840573,0,51421,124288,3553086,5591062,0,0,0,997,1000,1399,1400,6776795
MPCTASK: EXP,3,278,13901,69,206,468,-527,-573,13,731,274,-443,259,357,462,-203,-235,462,-231,-84,1526,69,300,1,3,3,15,3,1,1,0,0,0,5,22084,9984,33052,1697269,0,1731,142921,3754157,5618852,0,0,0,996,1000,1399,1400,6776795
MPCTASK: EXP,3,280,14002,52,112,470,-493,-732,8,590,1,-412,119,170,462,-149,-366,462,-229,-28,1161,69,300,1,3,3,15,3,1,1,0,0,0,5,22967,10095,33506,1716147,0,1731,38448,3904294,5696124,0,0,0,994,1000,1399,1400,6776795
MPCTASK: EXP,3,282,14100,10,48,470,-483,-790,-4,368,-53,-297,-34,-19,462,-145,-424,462,-230,-2,959,69,300,1,3,3,15,3,1,1,0,0,0,5,19877,11852,32000,2014818,0,1731,23120,3379029,5440095,0,0,0,992,1000,1399,1400,6776795
MPCTASK: EXP,3,284,14202,-31,-7,473,-447,-797,7,271,-312,-184,-186,-207,462,-109,-461,462,-226,-14,1007,69,300,1,3,3,15,3,1,1,0,0,0,5,20979,11797,33899,2005490,0,2070,89439,3566341,5762949,0,0,0,993,1000,1399,1400,6776795
MPCTASK: EXP,3,286,14305,-65,-76,477,-366,-815,2,196,-531,-107,-321,-389,462,-66,-513,462,-222,-29,1151,69,300,1,3,3,15,3,1,1,0,0,0,5,25246,10123,35901,1720895,0,1731,67867,4291766,6103256,0,0,0,994,1000,1399,1400,6776795
MPCTASK: EXP,3,288,14401,-93,-141,477,-258,-808,-17,71,-688,-53,-427,-560,462,-21,-548,462,-226,11,1122,69,300,1,3,3,15,3,1,1,0,0,0,5,22470,9222,32750,1567400,0,19305,68577,3819881,5567515,0,0,0,995,1000,1399,1400,6776795
MPCTASK: EXP,3,290,14501,-103,-211,480,-116,-792,-16,-26,-809,-38,-491,-718,462,40,-582,462,-223,41,1142,69,300,1,3,3,15,3,1,1,0,0,0,5,22485,8677,32334,1474950,0,2316,77031,3822366,5496759,0,0,0,996,1000,1399,1400,6776795
MPCTASK: EXP,3,292,14601,-107,-270,479,22,-742,-39,-151,-821,-40,-509,-857,462,94,-588,462,-228,43,1240,69,300,1,3,3,15,3,1,1,0,0,0,5,20576,12410,33401,2109624,0,1731,48064,3497858,5678157,0,0,0,997,1000,1399,1400,6776795
MPCTASK: EXP,3,294,14705,-101,-334,474,142,-710,-57,-236,-791,-50,-477,-975,462,128,-605,462,-237,38,1294,69,300,1,3,3,15,3,1,1,0,0,0,5,23858,10847,35675,1843879,0,1731,142623,4055778,6064753,0,0,0,997,1000,1399,1400,6776795
MPCTASK: EXP,3,296,14804,-78,-379,468,281,-617,-49,-342,-708,-105,-399,-1070,462,178,-577,462,-241,-10,1371,69,300,1,3,3,15,3,1,1,0,0,0,5,24481,9445,35392,1605479,0,1732,227113,4161753,6016805,0,0,0,998,1000,1399,1400,6776795
MPCTASK: EXP,3,298,14900,-48,-426,467,387,-534,-20,-417,-548,-148,-283,-1137,462,201,-557,462,-236,-61,1376,69,300,1,3,3,15,3,1,1,0,0,0,5,20836,10791,31894,1834401,0,1733,23286,3541945,5421925,0,0,0,998,1000,1399,1400,6776795
MPCTASK: EXP,3,300,15000,-17,-454,465,445,-418,-18,-517,-311,-184,-140,-1177,462,190,-509,462,-238,-38,1238,69,300,1,3,3,15,3,1,1,0,0,0,5,21970,9547,31979,1622956,0,1732,54291,3734865,5436583,0,0,0,998,1000,1399,1400,6776795
MPCTASK: EXP,3,302,15106,22,-475,461,471,-291,-18,-578,-65,-203,15,-1188,462,183,-454,462,-242,-15,1146,69,300,1,3,3,15,3,1,1,0,0,0,5,24526,10344,35706,1758018,0,2640,23433,4169366,6070125,0,0,0,998,1000,1399,1400,6776795
MPCTASK: EXP,3,304,15201,57,-488,464,443,-168,16,-607,210,-233,169,-1170,462,151,-394,462,-235,-2,1023,69,300,1,3,3,15,3,1,1,0,0,0,5,21845,8518,31810,1447986,0,97717,127027,3713717,5407693,0,0,0,998,1000,1399,1400,6776795
MPCTASK: EXP,3,306,15305,90,-493,467,383,-47,19,-656,407,-259,305,-1123,462,112,-330,462,-232,-60,1349,69,300,1,3,3,15,3,1,1,0,0,0,5,20412,13946,35624,2370886,0,1888,47139,3469901,6056183,0,0,0,998,1000,1399,1400,6776795
MPCTASK: EXP,3,308,15402,122,-488,471,297,78,-9,-691,617,-267,411,-1048,462,68,-241,462,-230,27,1011,69,300,1,3,3,15,3,1,1,0,0,0,5,21332,9451,31685,1606630,0,1731,63570,3626389,5386717,0,0,0,998,1000,1399,1400,6776795
MPCTASK: EXP,3,310,15505,127,-484,467,163,176,-50,-656,652,-283,475,-948,462,3,-206,462,-242,20,1132,69,300,1,3,3,15,3,1,1,0,0,0,5,23610,10538,35492,1791350,0,1732,106309,4013545,6033843,0,0,0,998,1000,1399,1400,6776795
MPCTASK: EXP,3,312,15598,124,-462,460,30,300,-67,-754,762,-276,492,-824,462,-50,-108,462,-252,-7,1477,69,300,1,3,3,15,3,1,1,0,0,0,5,19071,8973,28877,1525213,0,1731,118957,3241981,4909244,0,0,0,997,1000,1399,1400,6776795
MPCTASK: EXP,3,314,15702,107,-420,457,-129,454,-17,-730,792,-278,460,-679,462,-120,-3,462,-245,5,1206,69,300,1,3,3,15,3,1,1,0,0,0,5,23515,8915,32931,1515428,0,1731,62826,3908274,5598386,0,0,0,997,1000,1399,1400,6776795
MPCTASK: EXP,3,316,15800,73,-368,459,-278,580,17,-599,648,-282,382,-518,462,-170,83,462,-240,-67,1350,69,300,1,3,3,15,3,1,1,0,0,0,5,20083,10055,30651,1709178,0,1731,23125,3414097,5210722,0,0,0,996,1000,1399,1400,6776795
MPCTASK: EXP,3,318,15902,39,-313,458,-371,662,11,-464,443,-230,265,-344,462,-187,153,462,-241,-20,1038,69,300,1,3,3,15,3,1,1,0,0,0,5,20574,10634,31956,1807638,0,1731,23120,3497573,5432643,0,0,0,995,1000,1399,1400,6776795
MPCTASK: EXP,3,320,16005,1,-251,456,-426,729,7,-438,237,-129,122,-162,462,-192,234,462,-243,-11,987,69,300,1,3,3,15,3,1,1,0,0,0,5,25618,9911,35795,1684787,0,1731,23120,4354909,6085141,0,0,0,993,1000,1399,1400,6776795
MPCTASK: EXP,3,322,16105,-42,-181,460,-449,786,25,-359,27,-18,-33,24,462,-188,307,462,-239,-31,1063,69,300,1,3,3,15,3,1,1,0,0,0,5,24352,11042,35949,1877061,0,1731,23120,4139761,6111449,0,0,0,993,1000,1399,1400,6776795
MPCTASK: EXP,3,324,16201,-72,-112,463,-409,816,21,-254,-214,91,-187,210,462,-150,365,462,-236,-6,913,69,300,1,3,3,15,3,1,1,0,0,0,5,19901,10033,30812,1705671,0,1731,24677,3383045,5238216,0,0,0,993,1000,1399,1400,6776795
MPCTASK: EXP,3,326,16305,-107,-25,466,-352,863,10,-208,-409,189,-323,391,462,-116,445,462,-233,0,919,69,300,1,3,3,15,3,1,1,0,0,0,5,23961,10341,35048,1757875,0,1731,84801,4073282,5958152,0,0,0,994,1000,1399,1400,6776795
MPCTASK: EXP,3,328,16405,-135,37,468,-265,845,3,-31,-578,260,-429,563,462,-73,468,462,-231,-33,1191,69,300,1,3,3,15,3,1,1,0,0,0,5,25699,9577,35780,1628097,0,1733,23289,4368685,6082644,0,0,0,995,1000,1399,1400,6776795
MPCTASK: EXP,3,330,16501,-151,106,471,-144,822,0,40,-718,327,-493,720,462,-16,504,462,-228,57,905,69,300,1,3,3,15,3,1,1,0,0,0,5,21002,10072,31945,1712038,0,1731,23120,3570281,5430695,0,0,0,996,1000,1399,1400,6818191
MPCTASK: EXP,3,332,16601,-153,176,472,-11,793,-17,125,-739,377,-510,860,462,31,531,462,-231,43,1036,69,300,1,3,3,15,3,1,1,0,0,0,5,20482,9982,30908,1696787,0,2639,52351,3481909,5254427,0,0,0,997,1000,1399,1400,6818191
MPCTASK: EXP,3,334,16701,-144,233,470,126,731,-13,300,-726,449,-478,979,462,84,525,462,-231,46,999,69,300,1,3,3,15,3,1,1,0,0,0,5,21070,9041,30970,1536932,0,1731,62070,3581746,5264988,0,0,0,997,1000,1399,1400,6818191
MPCTASK: EXP,3,336,16806,-127,282,469,240,649,-35,267,-600,516,-400,1074,462,108,508,462,-237,-60,1464,69,300,1,3,3,15,3,1,1,0,0,0,5,25601,10580,37078,1798417,0,1732,121884,4352061,6303318,0,0,0,998,1000,1399,1400,6818191
MPCTASK: EXP,3,338,16903,-100,326,462,324,577,-61,301,-351,548,-283,1142,462,116,501,462,-250,2,1062,69,300,1,3,3,15,3,1,1,0,0,0,5,22092,10914,33584,1855285,0,1731,23623,3755645,5709318,0,0,0,998,1000,1399,1400,6818191
MPCTASK: EXP,3,340,17001,-79,363,457,348,485,-30,416,-126,519,-140,1182,462,88,463,462,-248,40,800,69,300,1,3,3,15,3,1,1,0,0,0,5,19970,10295,30894,1750004,0,1731,84770,3394870,5252112,0,0,0,998,1000,1399,1400,6818191
MPCTASK: EXP,3,342,17104,-37,373,455,375,344,-4,499,81,480,15,1194,462,80,389,462,-245,-79,1402,69,300,1,3,3,15,3,1,1,0,0,0,5,23868,9607,34488,1633210,0,1732,149850,4057473,5863154,0,0,0,998,1000,1399,1400,6818191
MPCTASK: EXP,3,344,17204,-34,401,460,289,247,21,599,279,458,169,1175,462,1,352,462,-239,21,896,69,300,1,3,3,15,3,1,1,0,0,0,5,23283,11307,35141,1922025,0,1731,37505,3957973,5974012,0,0,0,998,1000,1399,1400,6818191
MPCTASK: EXP,3,346,17306,-28,426,462,214,146,0,623,330,439,305,1128,462,-50,305,462,-237,-65,1397,69,300,1,3,3,15,3,1,1,0,0,0,5,25885,10155,36880,1726170,0,1731,65634,4400317,6269550,0,0,0,998,1000,1399,1400,6818191
MPCTASK: EXP,3,348,17401,-27,414,459,119,1,-42,592,567,356,411,1054,462,-123,224,462,-249,37,965,69,300,1,3,3,15,3,1,1,0,0,0,5,19859,8986,29971,1527632,0,42472,24668,3375898,5095219,0,0,0,998,1000,1399,1400,6818191
MPCTASK: EXP,3,350,17501,-41,430,454,-9,-62,-47,562,578,274,475,953,462,-194,200,462,-255,27,988,69,300,1,3,3,15,3,1,1,0,0,0,5,20617,9070,30057,1541774,0,1731,23120,3504837,5109715,0,0,0,998,1000,1399,1400,6818191
MPCTASK: EXP,3,352,17599,-37,404,449,-89,-201,-23,740,567,156,492,829,462,-222,98,462,-255,-23,1362,69,300,1,3,3,15,3,1,1,0,0,0,5,18854,8915,28037,1515561,0,1731,23120,3205085,4766460,0,0,0,998,1000,1399,1400,6818191
MPCTASK: EXP,3,354,17706,-57,364,450,-192,-366,9,805,533,115,460,685,462,-260,-17,462,-249,-29,1382,69,300,1,3,3,15,3,1,1,0,0,0,5,23580,10671,35177,1814069,0,71039,65123,4008493,5980216,0,0,0,998,1000,1399,1400,6818191
MPCTASK: EXP,3,356,17805,-102,322,449,-316,-492,-13,667,496,165,382,523,462,-321,-95,462,-253,-83,1550,69,300,1,3,3,15,3,1,1,0,0,0,5,20107,9978,32248,1696114,0,1731,276664,3418113,5482160,0,0,0,997,1000,1399,1400,6818191
MPCTASK: EXP,3,358,17907,-166,294,448,-420,-563,0,656,226,289,265,349,462,-364,-150,462,-251,-77,1478,69,300,1,3,3,15,3,1,1,0,0,0,5,21147,12476,34175,2120820,0,2152,69574,3595057,5809968,0,0,0,997,1000,1399,1400,6818191
MPCTASK: EXP,3,360,18007,-225,256,450,-457,-643,22,711,-55,358,122,167,462,-372,-219,462,-249,-101,1575,69,300,1,3,3,15,3,1,1,0,0,0,5,22948,9680,34938,1645615,0,2128,24273,3901089,5939531,0,0,0,996,1000,1399,1400,6818191
MPCTASK: EXP,3,362,18106,-291,190,454,-453,-758,37,663,-343,361,-33,-19,462,-369,-312,462,-245,-110,1506,69,300,1,3,3,15,3,1,1,0,0,0,5,20585,10572,33902,1797086,0,1731,381257,3499393,5763550,0,0,0,995,1000,1399,1400,6818191
MPCTASK: EXP,3,364,18207,-334,127,458,-370,-826,33,545,-611,311,-187,-205,462,-322,-377,462,-241,-11,1029,69,300,1,3,3,15,3,1,1,0,0,0,5,21894,10580,33883,1798607,0,1731,216806,3721980,5760198,0,0,0,995,1000,1399,1400,6818191
MPCTASK: EXP,3,366,18308,-364,46,461,-247,-892,20,384,-785,229,-323,-386,462,-263,-450,462,-238,-53,1461,69,300,1,3,3,15,3,1,1,0,0,0,5,22430,12488,35725,2122943,0,2602,23429,3813029,6073355,0,0,0,995,1000,1399,1400,6818191
MPCTASK: EXP,3,368,18401,-375,-30,464,-92,-908,8,170,-893,131,-429,-558,462,-190,-493,462,-235,-41,1635,69,300,1,3,3,15,3,1,1,0,0,0,5,19759,8137,28403,1383081,0,1731,63337,3358848,4828457,0,0,0,996,1000,1399,1400,6818191
MPCTASK: EXP,3,370,18506,-377,-112,463,60,-904,-8,-10,-923,31,-493,-715,462,-124,-536,462,-238,-19,1644,69,300,1,3,3,15,3,1,1,0,0,0,5,21536,11385,34425,1935431,0,2610,23430,3661109,5852369,0,0,0,997,1000,1399,1400,6818191
MPCTASK: EXP,3,372,18608,-362,-190,463,224,-866,1,-157,-920,-82,-510,-855,462,-50,-560,462,-236,10,1436,69,300,1,3,3,15,3,1,1,0,0,0,5,23215,11918,35549,2026006,0,1731,48550,3946329,6043480,0,0,0,997,1000,1399,1400,6818191
MPCTASK: EXP,3,374,18703,-329,-263,466,380,-810,8,-305,-819,-187,-478,-974,462,18,-572,462,-233,-2,1290,69,300,1,3,3,15,3,1,1,0,0,0,5,16459,12626,30346,2146358,0,100044,93600,2797850,5158911,0,0,0,998,1000,1399,1400,6818191
MPCTASK: EXP,3,376,18807,-286,-327,468,507,-729,8,-433,-652,-273,-400,-1069,462,71,-568,462,-231,-15,1145,69,300,1,3,3,15,3,1,1,0,0,0,5,26070,8576,35139,1457819,0,1731,61112,4431809,5973678,0,0,0,998,1000,1399,1400,6818191
MPCTASK: EXP,3,378,18908,-233,-382,468,598,-627,-3,-525,-423,-325,-283,-1137,462,99,-544,462,-232,1,976,69,300,1,3,3,15,3,1,1,0,0,0,5,22340,11237,34964,1910150,0,1731,159238,3797801,5944024,0,0,0,998,1000,1399,1400,6818191
MPCTASK: EXP,3,380,19002,-178,-422,469,643,-500,2,-602,-185,-357,-140,-1177,462,114,-502,462,-230,-6,1063,69,300,1,3,3,15,3,1,1,0,0,0,5,18328,9427,29216,1602473,0,22185,163489,3115577,4966867,0,0,0,998,1000,1399,1400,6818191
MPCTASK: EXP,3,382,19109,-122,-455,472,645,-377,11,-629,70,-357,15,-1188,462,109,-460,462,-227,-50,1299,69,300,1,3,3,15,3,1,1,0,0,0,5,26213,9063,36240,1540578,0,28089,38337,4456014,6160772,0,0,0,998,1000,1399,1400,6818191
MPCTASK: EXP,3,384,19207,-65,-473,476,610,-239,2,-675,347,-334,169,-1170,462,91,-399,462,-223,-61,1416,69,300,1,3,3,15,3,1,1,0,0,0,5,21188,12951,34934,2201707,0,1731,23120,3601925,5938968,0,0,0,998,1000,1399,1400,6818191
MPCTASK: EXP,3,386,19307,-10,-480,478,533,-99,-10,-698,589,-294,305,-1123,462,65,-328,462,-223,-32,1333,69,300,1,3,3,15,3,1,1,0,0,0,5,21299,12481,34587,2121745,0,1731,113486,3620817,5879980,0,0,0,998,1000,1399,1400,6818191
MPCTASK: EXP,3,388,19406,27,-479,473,409,33,-47,-704,771,-262,411,-1049,462,9,-259,462,-236,27,1189,69,300,1,3,3,15,3,1,1,0,0,0,5,23470,9377,33477,1593980,0,1732,84970,3989889,5691140,0,0,0,998,1000,1399,1400,6818191
MPCTASK: EXP,3,390,19504,54,-466,468,259,170,-45,-718,859,-224,475,-948,462,-39,-175,462,-241,27,1326,69,300,1,3,3,15,3,1,1,0,0,0,5,22526,8856,31934,1505441,0,1731,69080,3829297,5428756,0,0,0,998,1000,1399,1400,6818191
MPCTASK: EXP,3,392,19610,68,-437,465,100,313,-20,-724,905,-164,492,-824,462,-92,-85,462,-238,40,1238,69,300,1,3,3,15,3,1,1,0,0,0,5,22602,14824,37943,2520022,0,1731,23120,3842289,6450421,0,0,0,997,1000,1399,1400,6818191
MPCTASK: EXP,3,394,19707,66,-396,465,-63,447,-10,-703,901,-80,460,-679,462,-145,11,462,-236,27,1282,69,300,1,3,3,15,3,1,1,0,0,0,5,22836,10416,35328,1770622,0,1731,330061,3882037,6005909,0,0,0,997,1000,1399,1400,6818191
MPCTASK: EXP,3,396,19804,48,-353,462,-216,554,-21,-658,789,-16,382,-518,462,-192,93,462,-241,-42,1508,69,300,1,3,3,15,3,1,1,0,0,0,5,20243,10541,31853,1791863,0,1732,159391,3441165,5415099,0,0,0,996,1000,1399,1400,6818191
MPCTASK: EXP,3,398,19905,17,-296,463,-342,657,2,-579,571,25,265,-344,462,-209,176,462,-236,-46,1244,69,300,1,3,3,15,3,1,1,0,0,0,5,20462,10418,32675,1770952,0,1731,24272,3478453,5554765,0,0,0,995,1000,1399,1400,6818191
MPCTASK: EXP,3,400,20008,-22,-239,462,-423,726,5,-484,329,64,122,-162,462,-221,246,462,-237,-46,1208,69,300,1,3,3,15,3,1,1,0,0,0,5,25889,9103,35515,1547513,0,1731,65438,4401065,6037648,0,0,0,993,1000,1399,1400,6818191
MPCTASK: EXP,3,402,20107,-58,-170,462,-442,788,8,-375,22,118,-33,24,462,-200,320,462,-237,-37,1138,69,300,1,3,3,15,3,1,1,0,0,0,5,20900,12550,34171,2133435,0,1731,75567,3553057,5809032,0,0,0,992,1000,1399,1400,6818191
MPCTASK: EXP,3,404,20205,-88,-109,466,-404,807,19,-285,-224,167,-187,210,462,-165,366,462,-233,3,858,69,300,1,3,3,15,3,1,1,0,0,0,5,24297,8209,32964,1395445,0,12652,43794,4130309,5603927,0,0,0,993,1000,1399,1400,6818191
MPCTASK: EXP,3,406,20305,-113,-45,468,-330,819,7,-234,-407,215,-323,391,462,-118,417,462,-231,19,818,69,300,1,3,3,15,3,1,1,0,0,0,5,19919,10341,32420,1757862,0,1731,345129,3386122,5511447,0,0,0,994,1000,1399,1400,6818191
MPCTASK: EXP,3,408,20406,-122,20,468,-216,822,-9,-150,-547,251,-429,563,462,-45,466,462,-232,51,802,69,300,1,3,3,15,3,1,1,0,0,0,5,23261,9963,33630,1693596,0,1731,23120,3954384,5717251,0,0,0,995,1000,1399,1400,6818191
MPCTASK: EXP,3,410,20506,-121,92,470,-85,823,-8,-53,-626,275,-493,720,462,21,510,462,-231,49,864,69,300,1,3,3,15,3,1,1,0,0,0,5,20342,10512,31641,1786957,0,2749,48501,3458141,5379069,0,0,0,996,1000,1399,1400,6818191
MPCTASK: EXP,3,412,20609,-115,139,471,37,764,-11,39,-656,301,-510,860,462,65,483,462,-230,67,847,69,300,1,3,3,15,3,1,1,0,0,0,5,24376,10552,35353,1793766,0,1731,36312,4143861,6010124,0,0,0,997,1000,1399,1400,6818191
MPCTASK: EXP,3,414,20709,-88,201,465,178,735,-47,54,-600,328,-478,979,462,143,516,462,-243,-15,1271,69,300,1,3,3,15,3,1,1,0,0,0,5,22866,11116,35018,1889653,0,2643,52284,3887225,5953111,0,0,0,998,1000,1399,1400,6818191
MPCTASK: EXP,3,416,20807,-55,272,461,288,718,-45,160,-460,377,-400,1074,462,175,539,462,-247,-67,1453,69,300,1,3,3,15,3,1,1,0,0,0,5,22309,8360,31971,1421043,0,1765,198506,3792449,5435202,0,0,0,998,1000,1399,1400,6818191
MPCTASK: EXP,3,418,20909,-22,321,456,355,642,-32,324,-272,454,-283,1142,462,186,517,462,-249,27,809,69,300,1,3,3,15,3,1,1,0,0,0,5,21760,10803,32830,1836540,0,1732,23290,3666136,5581283,0,0,0,998,1000,1399,1400,6818191
MPCTASK: EXP,3,420,21016,13,370,456,391,559,-11,415,-68,500,-140,1182,462,181,497,462,-246,-44,1218,69,300,1,3,3,15,3,1,1,0,0,0,5,28862,10513,40393,1787188,0,1731,121604,4906438,6867000,0,0,0,998,1000,1399,1400,6867000
MPCTASK: EXP,3,422,21112,39,416,458,368,461,19,629,118,441,15,1194,462,136,464,462,-241,-17,1106,69,300,1,3,3,15,3,1,1,0,0,0,5,22350,13367,37152,2272335,0,35586,144282,3799377,6315971,0,0,0,998,1000,1399,1400,6867000
MPCTASK: EXP,3,424,21209,69,457,462,342,332,38,867,189,333,169,1176,462,124,403,462,-237,-53,1558,69,300,1,3,3,15,3,1,1,0,0,0,5,22803,10832,33917,1841247,0,2604,23430,3876357,5765924,0,0,0,998,1000,1399,1400,6867000
MPCTASK: EXP,3,426,21309,94,473,465,286,162,4,894,440,216,305,1129,462,74,327,462,-234,-84,1852,69,300,1,3,3,15,3,1,1,0,0,0,5,21164,11048,32867,1878006,0,25201,65436,3597802,5587399,0,0,0,998,1000,1399,1400,6867000
MPCTASK: EXP,3,428,21409,106,466,464,181,-24,-18,939,589,109,410,1054,462,11,233,462,-239,11,1518,69,300,1,3,3,15,3,1,1,0,0,0,5,23825,9209,33590,1565450,0,2640,49698,4050045,5710357,0,0,0,998,1000,1399,1400,6867000
MPCTASK: EXP,3,430,21510,110,447,461,62,-204,-22,908,647,18,474,954,462,-40,132,462,-243,-41,1735,69,300,1,3,3,15,3,1,1,0,0,0,5,23675,10980,34924,1866552,0,1732,23125,4024701,5937079,0,0,0,998,1000,1399,1400,6867000
MPCTASK: EXP,3,432,21609,80,410,456,-104,-373,-34,772,715,-22,491,831,462,-137,31,462,-250,-23,1421,69,300,1,3,3,15,3,1,1,0,0,0,5,22728,9411,33206,1599837,0,1731,159129,3863578,5645156,0,0,0,997,1000,1399,1400,6867000
MPCTASK: EXP,3,434,21710,59,358,452,-229,-513,-27,677,563,-70,458,687,462,-181,-61,462,-253,24,1033,69,300,1,3,3,15,3,1,1,0,0,0,5,21791,10374,32874,1763413,0,1731,98349,3704297,5588532,0,0,0,997,1000,1399,1400,6867000
MPCTASK: EXP,3,436,21808,49,283,450,-299,-659,-1,598,507,-150,380,526,462,-180,-190,462,-249,-40,1232,69,300,1,3,3,15,3,1,1,0,0,0,5,21818,9846,31935,1673811,0,1734,23279,3709061,5429152,0,0,0,997,1000,1399,1400,6867000
MPCTASK: EXP,3,438,21910,6,220,449,-399,-734,12,432,391,-141,264,351,462,-213,-257,462,-250,-74,1330,69,300,1,3,3,15,3,1,1,0,0,0,5,20536,11505,33510,1955809,0,1732,226840,3490949,5696814,0,0,0,996,1000,1399,1400,6867000
MPCTASK: EXP,3,440,22008,-59,127,452,-484,-836,35,354,58,-105,121,168,462,-237,-366,462,-247,-117,1442,69,300,1,3,3,15,3,1,1,0,0,0,5,21851,9291,31919,1579387,0,2069,84753,3714553,5426334,0,0,0,995,1000,1399,1400,6867000
MPCTASK: EXP,3,442,22112,-96,60,461,-446,-842,64,132,-251,-88,-33,-19,462,-204,-410,462,-238,24,684,69,300,1,3,3,15,3,1,1,0,0,0,5,22430,10574,34877,1797496,0,1731,41590,3813109,5929129,0,0,0,993,1000,1399,1400,6867000
MPCTASK: EXP,3,444,22210,-130,-10,469,-379,-832,45,43,-428,-75,-184,-208,462,-170,-454,462,-230,-1,876,69,300,1,3,3,15,3,1,1,0,0,0,5,23340,9627,33526,1636514,0,1731,23120,3967649,5699534,0,0,0,993,1000,1399,1400,6867000
MPCTASK: EXP,3,446,22308,-154,-75,472,-278,-799,10,-36,-584,-70,-318,-393,462,-123,-481,462,-227,43,820,69,300,1,3,3,15,3,1,1,0,0,0,5,22192,9021,31730,1533594,0,1731,23120,3772709,5394124,0,0,0,994,1000,1399,1400,6867000
MPCTASK: EXP,3,448,22410,-164,-140,471,-150,-760,-16,-104,-652,-65,-420,-568,462,-61,-498,462,-231,68,852,69,300,1,3,3,15,3,1,1,0,0,0,5,23011,9405,33187,1598876,0,1731,108376,3911725,5641783,0,0,0,995,1000,1399,1400,6867000
MPCTASK: EXP,3,450,22515,-166,-192,470,-24,-696,-22,-178,-666,-75,-480,-730,462,-14,-486,462,-233,72,873,69,300,1,3,3,15,3,1,1,0,0,0,5,25477,10607,38014,1803049,0,1731,153931,4307445,6462421,0,0,0,996,1000,1399,1400,6867000
MPCTASK: EXP,3,452,22607,-153,-247,470,108,-639,-17,-224,-685,-90,-494,-874,462,31,-489,462,-232,45,954,69,300,1,3,3,15,3,1,1,0,0,0,5,20899,9566,30995,1626092,0,1733,23285,3552649,5269156,0,0,0,997,1000,1399,1400,6867000
MPCTASK: EXP,3,454,22708,-130,-293,468,230,-566,-24,-325,-574,-102,-461,-994,462,76,-457,462,-236,13,1013,69,300,1,3,3,15,3,1,1,0,0,0,5,20702,10179,31655,1730215,0,42457,24649,3519370,5381420,0,0,0,998,1000,1399,1400,6867000
MPCTASK: EXP,3,456,22811,-88,-328,465,345,-467,-23,-434,-418,-112,-387,-1085,462,107,-404,462,-239,-3,1011,69,300,1,3,3,15,3,1,1,0,0,0,5,23540,9827,33891,1670471,0,1731,65214,4001741,5761595,0,0,0,998,1000,1399,1400,6867000
MPCTASK: EXP,3,458,22909,-43,-356,463,415,-360,-15,-536,-177,-112,-280,-1142,462,115,-355,462,-239,-98,1513,69,300,1,3,3,15,3,1,1,0,0,0,5,20085,10619,31704,1805174,0,1731,147502,3414302,5389707,0,0,0,998,1000,1399,1400,6867000
MPCTASK: EXP,3,460,23015,3,-374,465,434,-234,-1,-662,95,-92,-154,-1162,462,118,-300,462,-234,-85,1516,69,300,1,3,3,15,3,1,1,0,0,0,5,27063,9518,37206,1618019,0,2042,62729,4600734,6325112,0,0,0,998,1000,1399,1400,6867000
MPCTASK: EXP,3,462,23110,47,-385,465,402,-101,-6,-750,381,-52,-26,-1141,462,109,-253,462,-235,-39,1416,69,300,1,3,3,15,3,1,1,0,0,0,5,21610,10208,32965,1735243,0,1731,133449,3673717,5604203,0,0,0,998,1000,1399,1400,6867000
MPCTASK: EXP,3,464,23215,79,-386,468,313,36,-4,-774,576,-21,88,-1078,462,97,-216,462,-232,19,1126,69,300,1,3,3,15,3,1,1,0,0,0,5,25729,9389,35749,1596079,0,1731,84962,4373850,6077367,0,0,0,998,1000,1399,1400,6867000
MPCTASK: EXP,3,466,23310,105,-369,462,206,177,-39,-708,647,14,176,-973,462,75,-164,462,-245,-10,1296,69,300,1,3,3,15,3,1,1,0,0,0,5,20643,10998,31968,1869562,0,1731,23120,3509161,5434728,0,0,0,998,1000,1399,1400,6867000
MPCTASK: EXP,3,468,23411,113,-344,460,80,292,-13,-535,620,33,226,-834,462,50,-150,462,-242,-28,1224,69,300,1,3,3,15,3,1,1,0,0,0,5,19903,11190,32325,1902228,0,1731,187483,3383409,5495553,0,0,0,997,1000,1399,1400,6867000
MPCTASK: EXP,3,470,23512,112,-303,456,-27,383,-3,-298,515,58,235,-667,462,49,-133,462,-244,-73,1375,69,300,1,3,3,15,3,1,1,0,0,0,5,21915,11457,33920,1947607,0,1732,70867,3725470,5766357,0,0,0,996,1000,1399,1400,6867000
MPCTASK: EXP,3,472,23611,102,-269,456,-111,400,13,-5,331,75,206,-489,463,54,-149,463,-243,-94,1442,69,300,1,3,3,15,3,1,1,0,0,0,5,22131,9082,31598,1544029,0,1993,43075,3762281,5371732,0,0,0,995,1000,1399,1400,6867000
MPCTASK: EXP,3,474,23712,92,-224,459,-141,385,24,303,73,105,151,-316,463,67,-145,463,-240,-90,1415,69,300,1,3,3,15,3,1,1,0,0,0,5,21151,9544,32204,1622530,0,1731,120661,3595517,5474900,0,0,0,993,1000,1399,1400,6867000
MPCTASK: EXP,3,476,23814,82,-202,465,-127,291,26,498,-136,140,86,-168,463,62,-140,463,-234,43,754,69,300,1,3,3,15,3,1,1,0,0,0,5,24449,9846,34559,1673724,0,1733,23272,4156182,5875140,0,0,0,991,1000,1399,1400,6867000
MPCTASK: EXP,3,478,23912,75,-152,468,-89,252,11,508,-190,173,30,-63,463,44,-67,463,-231,64,746,69,300,1,3,3,15,3,1,1,0,0,0,5,20670,11364,32951,1931869,0,1732,88996,3513853,5601779,0,0,0,990,1000,1399,1400,6867000
MPCTASK: EXP,3,480,24018,76,-143,468,-40,147,-10,410,-163,183,-1,-9,462,41,-71,462,-233,-47,1240,69,300,1,3,3,15,3,1,1,0,0,0,5,26108,9991,36749,1698382,0,25160,65376,4438238,6247411,0,0,0,991,1000,1399,1400,6867000
MPCTASK: EXP,3,482,24118,84,-160,466,-1,47,-23,122,-2,186,-8,2,462,69,-127,462,-238,-72,1538,69,300,1,3,3,15,3,1,1,0,0,0,5,26915,9953,37132,1692030,0,1731,23120,4575386,6312584,0,0,0,991,1000,1399,1400,6867000
MPCTASK: TRAJ DONE: idx=482, max=482; requesting landing
MPCTASK: LANDING: start z=0.46, hold=(0.09,-0.16)
MPCTASK: TIMING SUMMARY: max_step_cycles=6867000 deadline_cycles=8400000 overruns=0