---
SYS: Crazyflie 2.1 Brushless is up and running!
SYS: Build 2:de14ff9f08ae (2025.09.1 +2) MODIFIED
SYS: I am 0x373930393434471500370039 and I have 1024KB of flash!
CFGBLK: v1, verification [OK]
DECK_DISCOVERY: Backend found: onewire
DECK_DISCOVERY: Backend found: deckctrl
DECK_CORE: 1 deck(s) found
DECK_CORE: Calling INIT on driver bcFlow2 for deck 0
ZR2: Z-down sensor [OK]
PMW: Motion chip id: 0x49:0xB6
IMU: BMI088: Using I2C interface.
IMU: BMI088 Gyro connection [OK].
IMU: BMI088 Accel connection [OK]
IMU: BMP390 I2C connection [OK]
ESTIMATOR: Using Kalman (2) estimator
CONTROLLER: Using PID (1) controller
MTR-DRV: Using brushless motor driver
SYS: About to run tests in system.c.
SYS: NRF51 version: 2026.04 (C21B)
EEPROM: I2C connection [OK].
STORAGE: Storage check [OK].
IMU: BMI088 gyro self-test [OK]
DECK_CORE: Deck 0 test [OK].
SYS: Self test passed!
STAB: Wait for sensor calibration...
SYS: Free heap: 15048 bytes
MPCTASK: Waiting for activation ...
STAB: Starting stabilizer loop
STAB: WARNING: stabilizer loop rate is off (1004)
MPCTASK: Benchmark mode 2, maneuver 4, max_iter 5, task_pri 0
MPCTASK: Reference altitude: 0.70 m; barrier skip when z>0.75 and vz>-0.20
MPCTASK: OOT takeoff: cfclient trigger>=0.15m ramp=0.15m/s figure8_start=3000ms_at_measured_z target=0.70m timeout=12000ms
MPCTASK: Common baseline: mpc_hz=20 model_hz=20 rho=5 base_w=0 base_qz=1 Qz=100 R=4 bridge=x10 guards=z[ref,ref+0.20] xy=free cap=0.05
MPCTASK: MPC->PID: xyz=x10, z_guard=[ref,ref+0.20], yaw=raw_rz, output_hold=200ms, safety_hold=500ms
MPCTASK: Reference origin: xyz=measured_at_forced_3s_start target_z=0.70 m
MPCTASK: Fixed baseline: w=0 qz=1 adaptive_cache=off
MPCTASK: LIMO posthoc: infeasible=nominal_fallback
MPCTASK: EXP every=2: m,s,tms,p3[mm],v3[mmps],att3[cdeg],ref3[mm],cmd3[mm],h/raw/grad/mar/thr[milli],act/ac/bind,wi/qi/cache/noa,pa/pf/du[milli],it,mpc/eval/total[us],bar/tanh/rl/cache/solve/step[cycles],overruns,post_active/post_infeasible_totals,wreq/w/qzreq/qz[milli],max_step_cycles
MPCTASK: Figure8: source=traj_fig8_12.h source_hz=100 samples=1205 laps=2 duration=24.07 s origin=forced_3s_start start_delay=3000ms z_baseline=measured_at_start
CONTROLLER: Using OutOfTree (6) controller
MPCTASK: Trajectory origin: x=0.04 y=0.13 z=0.01
MPCTASK: OOT activated at z=0.01
SUP: Ready to fly
MPCTASK: TAKEOFF START: trigger_z=0.15 start_z=0.01 target=0.70 hold=(0.04,0.13) ramp=0.15m/s
MPCTASK: OOT loop 1 done
MPCTASK: MPC task loop 1
MPCTASK: x0: pos=(MPCTASK: OOT loop 2 done
0.04,0.13,0.01) vel=(0.0,0.0MPCTASK: OOT loop 3 done
,-0.0)
MPCTASK: ref: (0.04,0.13,0.01)
MPCTASK: MPC solve start
MPCTASK: MPC solve done, iter=5
MPCTASK: MPC time=26798 us
MPCTASK: MPC stack free=1061 words
MPCTASK: setpoint: x=0.04 y=0.13 z=0.08 preview_z=0.08
MPCTASK: MPC task loop 2
MPCTASK: MPC task loop 3
MPCTASK: TAKEOFF COMPLETE: t=3000ms z=0.42 vz=0.28; trajectory queued origin=(-0.0,0.18,0.42)
MPCTASK: TRAJ START: z=0.42 origin=(-0.0,0.18,0.42) EXP clock reset; Z metric begins at t+3s
MPCTASK: EXP,2,2,84,-7,179,439,9,-80,282,606,181,392,-4,188,420,-70,446,423,-260,-128,570,69,69,1,1,0,0,0,0,0,1,1,0,5,22292,11221,33585,1907560,0,0,0,3789509,5709481,0,2,2,0,0,1000,1000,5709481
MPCTASK: EXP,2,4,185,-20,156,458,-34,-156,179,-258,184,402,-15,207,420,-52,487,425,-241,287,766,69,69,1,1,0,0,0,0,0,1,1,0,5,23543,10684,34298,1816074,0,0,0,4002229,5830718,0,4,4,0,0,1000,1000,5830718
MPCTASK: EXP,2,6,282,-50,135,470,-142,-47,78,-1347,489,294,-49,274,420,-70,556,425,-229,-226,778,69,69,1,1,0,0,0,0,0,1,1,0,5,22188,9784,32053,1663194,0,0,0,3771925,5449163,0,6,6,0,0,1000,1000,5830718
MPCTASK: EXP,2,8,384,-93,124,481,-249,174,57,-1648,55,-138,-102,393,420,-40,610,427,-218,23,1125,69,69,1,1,0,0,0,0,0,1,1,0,5,20240,12971,33283,2204946,0,0,0,3440742,5658090,0,8,8,0,0,1000,1000,5830718
MPCTASK: EXP,2,10,484,-135,131,484,-208,401,45,-1504,-609,-784,-157,552,420,19,650,429,-215,-24,1016,69,69,1,1,0,0,0,0,0,1,1,0,5,21508,11717,33298,1991905,0,0,0,3656373,5660691,0,10,10,0,0,1000,1000,5830718
MPCTASK: EXP,2,12,583,-162,154,496,-21,592,130,-1318,-1116,-1474,-195,731,420,107,667,437,-203,-25,811,69,69,1,1,0,0,0,0,0,1,1,0,5,22104,10539,32716,1791534,0,0,0,3757685,5561830,0,12,12,0,0,1000,1000,5830718
MPCTASK: EXP,2,14,686,-155,181,513,271,647,219,-766,-1584,-2027,-203,910,420,227,624,450,-186,-10,1002,69,69,1,1,0,0,0,0,0,1,1,0,5,23485,11754,35310,1997964,0,0,0,3992497,6002871,0,14,14,0,0,1000,1000,6223652
MPCTASK: EXP,2,16,788,-150,200,539,534,540,320,-196,-1605,-2469,-172,1071,420,29,261,620,-160,172,974,69,69,1,1,0,0,0,0,0,1,0,1379,5,26069,10007,37998,1701063,0,0,0,4431593,6459826,0,16,15,0,0,1000,1000,6459826
MPCTASK: EXP,2,18,893,-60,228,571,818,368,374,383,-1349,-2746,-103,1199,420,-63,-23,620,-128,352,815,69,69,1,1,0,0,0,0,0,1,0,1125,5,24531,16539,42083,2811514,0,0,0,4170156,7154078,0,18,16,0,0,1000,1000,7154078
MPCTASK: EXP,2,20,987,14,224,612,886,101,432,1086,-539,-2980,-2,1288,419,340,277,614,-87,361,792,69,69,1,1,0,0,0,0,0,1,0,655,5,23734,10530,36212,1790066,0,0,0,4034605,6156099,0,20,16,0,0,1000,1000,7154078
MPCTASK: EXP,2,22,1088,109,178,651,789,-169,417,1575,291,-2787,116,1334,419,311,104,619,-48,55,645,69,69,1,1,0,0,0,0,0,1,0,645,5,24079,12569,38273,2136510,0,0,0,4093474,6506407,0,22,16,0,0,1000,1000,7154078
MPCTASK: EXP,2,24,1185,173,117,694,636,-449,306,1949,138,-2369,238,1336,419,273,-85,582,-5,-153,650,69,69,1,1,0,0,0,0,0,1,0,424,5,19863,12950,34647,2201379,0,0,0,3376553,5889963,0,24,16,0,0,1000,1000,7154078
MPCTASK: EXP,2,26,1284,207,53,715,494,-677,109,1143,279,-2026,348,1297,420,202,-176,539,15,303,729,69,69,1,1,0,0,0,0,0,1,0,226,5,22183,9425,33722,1602177,0,0,0,3771081,5732935,0,26,16,0,0,1000,1000,7257594
MPCTASK: EXP,2,28,1388,287,-71,704,433,-795,-167,-294,1297,-1696,431,1221,420,140,-248,527,-28,-131,1322,69,69,1,1,0,0,0,0,0,1,0,229,5,25060,10415,37135,1770389,0,0,0,4260149,6313123,0,28,16,0,0,1000,1000,7257594
MPCTASK: EXP,2,30,1487,312,-153,696,196,-607,-270,-1727,2322,-1137,475,1113,420,11,-227,539,-57,-256,1289,69,69,1,1,0,0,0,0,0,1,0,319,5,24090,11407,36723,1939009,0,0,0,4095298,6242973,0,30,16,0,0,1000,1000,7257594
MPCTASK: EXP,2,32,1587,304,-202,675,-141,-242,-348,-1787,2261,-789,474,978,420,-96,-228,528,-93,-230,1640,70,70,1,1,0,0,0,0,0,1,0,302,5,25297,9648,36298,1640055,0,0,0,4300518,6170817,0,32,16,0,0,1000,1000,7257594
MPCTASK: EXP,2,34,1686,246,-196,618,-474,74,-487,-1130,1629,-501,427,822,420,-219,-211,502,-178,-312,2410,71,71,1,1,0,0,0,0,0,1,0,282,5,21749,11850,35325,2014296,0,0,0,3697254,6005199,0,34,16,0,0,1000,1000,7257594
MPCTASK: EXP,2,36,1786,167,-138,553,-744,297,-456,-461,1015,-56,336,650,420,-366,-140,514,-238,-117,1889,71,71,1,1,0,0,0,0,0,1,0,659,5,22199,12237,35712,2080238,0,0,0,3773817,6071163,0,36,16,0,0,1000,1000,7257594
MPCTASK: EXP,2,38,1888,98,-119,500,-897,293,-354,261,753,411,211,468,420,-523,-96,543,-270,-232,1471,70,70,1,1,0,0,0,0,0,1,0,931,5,22517,13282,37380,2257865,0,0,0,3827830,6354687,0,38,16,0,0,1000,1000,7257594
MPCTASK: EXP,2,40,1984,-25,-89,479,-1072,204,-86,548,599,646,64,279,420,-439,-309,422,-237,-112,566,69,69,1,1,0,0,0,0,0,1,1,0,5,23293,10464,34070,1778909,0,0,0,3959697,5791974,0,40,18,0,0,1000,1000,7257594
MPCTASK: EXP,2,42,2084,-125,-95,483,-1110,39,23,927,41,784,-90,90,420,-440,-392,427,-216,-131,637,69,69,1,1,0,0,0,0,0,1,1,0,5,22334,10173,32834,1729259,0,0,0,3796773,5581849,0,42,20,0,0,1000,1000,7257594
MPCTASK: EXP,2,44,2185,-269,-108,492,-1103,-123,-8,1094,-492,897,-237,-96,420,-460,-461,428,-209,-164,670,69,69,1,1,0,0,0,0,0,1,1,0,5,21025,11447,32683,1945912,0,0,0,3574153,5556209,0,44,22,0,0,1000,1000,7257594
MPCTASK: EXP,2,46,2285,-357,-158,496,-942,-326,-64,1209,-1010,965,-362,-274,420,-398,-549,427,-215,-212,702,69,69,1,1,0,0,0,0,0,1,1,0,5,21911,11660,33644,1982214,0,0,0,3724753,5719546,0,46,24,0,0,1000,1000,7257594
MPCTASK: EXP,2,48,2387,-429,-209,490,-708,-495,-95,993,-1273,851,-453,-440,420,-329,-607,424,-228,-294,940,69,69,1,1,0,0,0,0,0,1,1,0,5,24165,11319,35556,1924111,0,0,0,4107957,6044654,0,48,26,0,0,1000,1000,7257594
MPCTASK: EXP,2,50,2486,-462,-277,477,-417,-631,-127,682,-1546,629,-499,-591,420,-262,-694,590,-247,-434,1279,69,69,1,1,0,0,0,0,0,1,0,924,5,22865,10532,35093,1790353,0,0,0,3886921,5965981,0,50,27,0,0,1000,1000,7257594
MPCTASK: EXP,2,52,2586,-466,-334,462,-77,-690,-79,359,-1551,315,-496,-722,420,-340,-667,596,-253,-342,1271,69,69,1,1,0,0,0,0,0,1,0,954,5,22051,10486,33867,1782541,0,0,0,3748473,5757439,0,52,27,0,0,1000,1000,7257594
MPCTASK: EXP,2,54,2687,-434,-401,461,265,-734,110,165,-1178,90,-446,-831,420,-22,-688,423,-238,68,935,69,69,1,1,0,0,0,0,0,1,1,0,5,22046,13193,35312,2242660,0,0,0,3747853,6003214,0,54,29,0,0,1000,1000,7257594
MPCTASK: EXP,2,56,2783,-394,-453,470,439,-684,80,-438,-799,-4,-351,-915,420,32,-641,425,-229,-133,575,69,69,1,1,0,0,0,0,0,1,1,0,5,22269,9531,31873,1620217,0,0,0,3785569,5418373,0,56,31,0,0,1000,1000,7257594
MPCTASK: EXP,2,58,2886,-336,-505,474,561,-580,-22,-742,-653,4,-223,-972,420,82,-588,422,-230,-153,569,69,69,1,1,0,0,0,0,0,1,1,0,5,23981,10485,34537,1782425,0,0,0,4076553,5871407,0,58,33,0,0,1000,1000,7257594
MPCTASK: EXP,2,60,2986,-284,-540,478,639,-407,-38,-1043,-501,61,-73,-1001,420,92,-506,423,-229,-182,716,69,69,1,1,0,0,0,0,0,1,1,0,5,22642,11289,34003,1918912,0,0,0,3849106,5780606,0,60,35,0,0,1000,1000,7257594
MPCTASK: EXP,2,62,3084,-224,-555,476,685,-192,-30,-1209,-217,178,83,-1000,420,87,-397,423,-229,-231,797,69,69,1,1,0,0,0,0,0,1,1,0,5,22229,10522,32824,1788532,0,0,0,3778794,5580130,0,62,37,0,0,1000,1000,7257594
MPCTASK: EXP,2,64,3185,-183,-544,473,638,58,-50,-1378,192,252,232,-970,420,28,-263,421,-236,-256,980,69,69,1,1,0,0,0,0,0,1,1,0,5,25800,7823,33695,1329715,0,0,0,4386022,5728325,0,64,39,0,0,1000,1000,7257594
MPCTASK: EXP,2,66,3284,-139,-502,467,546,337,-71,-1361,475,247,357,-912,420,-31,-111,420,-246,-279,998,69,69,1,1,0,0,0,0,0,1,1,0,5,22059,10041,32584,1706928,0,0,0,3749953,5539371,0,66,41,0,0,1000,1000,7257594
MPCTASK: EXP,2,68,3386,-117,-439,459,384,576,-59,-962,683,306,447,-826,420,-114,22,420,-252,-169,718,69,69,1,1,0,0,0,0,0,1,1,0,5,22852,11120,34045,1890339,0,0,0,3884765,5787681,0,68,43,0,0,1000,1000,7257594
MPCTASK: EXP,2,70,3484,-112,-358,451,200,753,-62,-859,846,469,493,-716,420,-210,173,420,-261,-38,839,69,69,1,1,0,0,0,0,0,1,1,0,5,22278,10359,32710,1760954,0,0,0,3787138,5560776,0,70,45,0,0,1000,1000,7257594
MPCTASK: EXP,2,72,3585,-125,-271,447,-11,900,-18,-739,892,542,490,-583,420,-302,311,420,-255,-118,732,69,69,1,1,0,0,0,0,0,1,1,0,5,26040,7770,33882,1320784,0,0,0,4426749,5760113,0,72,47,0,0,1000,1000,7257594
MPCTASK: EXP,2,74,3684,-152,-165,448,-196,1016,28,-443,703,550,439,-432,420,-369,442,420,-251,-84,643,69,69,1,1,0,0,0,0,0,1,1,0,5,21904,10546,32524,1792637,0,0,0,3723605,5529153,0,74,49,0,0,1000,1000,7257594
MPCTASK: EXP,2,76,3784,-196,-71,448,-354,1055,27,-368,646,531,345,-265,420,-436,554,420,-251,6,724,69,69,1,1,0,0,0,0,0,1,1,0,5,22011,10613,32697,1804243,0,0,0,3741702,5558522,0,76,51,0,0,1000,1000,7257594
MPCTASK: EXP,2,78,3886,-252,16,451,-483,1054,48,-143,382,455,216,-87,420,-469,635,420,-248,-117,488,69,69,1,1,0,0,0,0,0,1,1,0,5,22946,11536,34553,1961086,0,0,0,3900649,5874154,0,78,53,0,0,1000,1000,7257594
MPCTASK: EXP,2,80,3984,-315,120,459,-544,1065,75,-60,-31,284,66,97,420,-472,732,422,-240,-82,406,69,69,1,1,0,0,0,0,0,1,1,0,5,22949,9602,32623,1632258,0,0,0,3901253,5546100,0,80,55,0,0,1000,1000,7257594
MPCTASK: EXP,2,82,4085,-374,219,470,-520,1058,70,-79,-435,81,-91,284,420,-441,822,425,-229,-110,474,69,69,1,1,0,0,0,0,0,1,1,0,5,22550,11169,33794,1898622,0,0,0,3833377,5745190,0,82,57,0,0,1000,1000,7257594
MPCTASK: EXP,2,84,4184,-412,304,480,-406,1034,36,-164,-735,-106,-239,468,420,-371,887,426,-219,-83,584,69,69,1,1,0,0,0,0,0,1,1,0,5,23056,9575,32704,1627688,0,0,0,3919541,5559817,0,84,59,0,0,1000,1000,7257594
MPCTASK: EXP,2,86,4283,-435,396,484,-245,1033,-5,-191,-966,-303,-365,646,420,-281,954,426,-216,-45,739,69,69,1,1,0,0,0,0,0,1,1,0,5,21136,10094,31302,1715885,0,0,0,3593022,5321494,0,86,61,0,0,1000,1000,7257594
MPCTASK: EXP,2,88,4383,-417,469,482,-4,990,-26,-142,-1076,-489,-455,812,420,-152,980,425,-222,-53,838,69,69,1,1,0,0,0,0,0,1,1,0,5,21993,10150,32218,1725440,0,0,0,3738757,5477179,0,88,63,0,0,1000,1000,7257594
MPCTASK: EXP,2,90,4483,-389,558,473,229,971,-46,-110,-1099,-629,-501,963,420,-30,1021,421,-235,-8,995,69,69,1,1,0,0,0,0,0,1,1,0,5,21643,10132,32106,1722323,0,0,0,3679193,5458089,0,90,65,0,0,1000,1000,7257594
MPCTASK: EXP,2,92,4586,-333,646,462,466,949,-46,-32,-999,-707,-498,1095,420,91,1048,420,-246,-102,816,69,69,1,1,0,0,0,0,0,1,1,0,5,22623,11544,34239,1962379,0,0,0,3845761,5820725,0,92,67,0,0,1000,1000,7257594
MPCTASK: EXP,2,94,4683,-255,712,459,682,865,-6,171,-812,-686,-447,1205,420,201,1030,420,-241,-173,608,69,69,1,1,0,0,0,0,0,1,1,0,5,21050,10665,31788,1813037,0,0,0,3578293,5403908,0,94,69,0,0,1000,1000,7257594
MPCTASK: EXP,2,96,4788,-152,738,456,862,706,-8,276,-453,-579,-352,1289,420,296,967,420,-245,-120,515,69,69,1,1,0,0,0,0,0,1,1,0,5,23054,13756,36885,2338438,0,0,0,3919125,6270578,0,96,71,0,0,1000,1000,7257594
MPCTASK: EXP,2,98,4886,-54,774,453,927,595,-10,271,21,-445,-223,1346,420,336,921,420,-248,-101,481,69,69,1,1,0,0,0,0,0,1,1,0,5,23720,11189,35358,1902107,0,0,0,4032282,6010973,0,98,73,0,0,1000,1000,7257594
MPCTASK: EXP,2,100,4986,53,822,457,923,520,35,427,349,-321,-73,1375,420,361,876,420,-242,-117,497,69,69,1,1,0,0,0,0,0,1,1,0,5,25088,9543,34703,1622208,0,0,0,4264797,5899590,0,100,75,0,0,1000,1000,7257594
MPCTASK: EXP,2,102,5084,136,876,463,821,443,27,643,720,-206,83,1375,420,327,837,421,-236,-154,564,69,69,1,1,0,0,0,0,0,1,1,0,5,22187,9733,32242,1654577,0,0,0,3771765,5481322,0,102,77,0,0,1000,1000,7257594
MPCTASK: EXP,2,104,5187,160,925,466,578,339,-8,872,1137,-86,232,1345,420,206,776,421,-234,-189,744,69,69,1,1,0,0,0,0,0,1,1,0,5,26087,9972,36134,1695109,0,0,0,4434781,6142902,0,104,79,0,0,1000,1000,7257594
MPCTASK: EXP,2,106,5284,214,977,467,418,254,-29,991,1273,17,357,1287,420,146,730,420,-237,-252,806,69,69,1,1,0,0,0,0,0,1,1,0,5,22042,10487,32600,1782658,0,0,0,3747001,5542087,0,106,81,0,0,1000,1000,7257594
MPCTASK: EXP,2,108,5386,236,1010,458,151,67,-80,1235,1425,137,447,1201,420,35,640,420,-257,-187,1116,69,69,1,1,0,0,0,0,0,1,1,0,5,20919,12624,33780,2146005,0,0,0,3556221,5742629,0,108,83,0,0,1000,1000,7257594
MPCTASK: EXP,2,110,5487,235,1013,447,-102,-151,-93,1307,1423,278,493,1091,420,-65,525,420,-271,-315,1014,69,69,1,1,0,0,0,0,0,1,1,0,5,24335,10593,35002,1800631,0,0,0,4136918,5950437,0,110,85,0,0,1000,1000,7257594
MPCTASK: EXP,2,112,5595,211,1006,440,-325,-371,-62,1324,1285,403,491,958,420,-160,419,420,-271,-70,1223,69,69,1,1,0,0,0,0,0,1,1,0,5,33319,9599,43166,1631628,0,0,0,5558989,7338370,0,112,87,0,0,1000,1000,7338370
MPCTASK: EXP,2,114,5682,172,947,442,-513,-645,-17,1326,1066,423,439,807,420,-233,263,420,-260,-253,917,69,69,1,1,0,0,0,0,0,1,1,0,5,21561,8684,30457,1476119,0,0,0,3665369,5177759,0,114,89,0,0,1000,1000,7338370
MPCTASK: EXP,2,116,5786,153,888,442,-593,-838,-4,1172,695,376,345,640,420,-237,144,420,-258,-166,851,69,69,1,1,0,0,0,0,0,1,1,0,5,21862,11978,33911,2036160,0,0,0,3716465,5765042,0,116,91,0,0,1000,1000,7338370
MPCTASK: EXP,2,118,5887,68,796,442,-689,-1042,12,1024,190,199,216,462,420,-280,9,420,-257,-105,793,69,69,1,1,0,0,0,0,0,1,1,0,5,23200,12171,35443,2069002,0,0,0,3943822,6025362,0,118,93,0,0,1000,1000,7338370
MPCTASK: EXP,2,120,5986,15,700,443,-665,-1161,29,580,-105,-65,66,277,420,-263,-85,420,-256,-28,664,69,69,1,1,0,0,0,0,0,1,1,0,5,24896,9431,35026,1603255,0,0,0,4232228,5954572,0,120,95,0,0,1000,1000,7338370
MPCTASK: EXP,2,122,6085,-27,612,450,-597,-1158,60,97,-204,-284,-91,90,420,-227,-140,420,-249,-23,538,69,69,1,1,0,0,0,0,0,1,1,0,5,23147,10573,34075,1797305,0,0,0,3934949,5792747,0,122,97,0,0,1000,1000,7338370
MPCTASK: EXP,2,124,6187,-48,530,459,-484,-1094,48,-98,-413,-445,-239,-94,420,-147,-181,421,-240,-56,542,69,69,1,1,0,0,0,0,0,1,1,0,5,23133,11972,35177,2035193,0,0,0,3932437,5980221,0,124,99,0,0,1000,1000,7338370
MPCTASK: EXP,2,126,6285,-115,421,463,-443,-1080,15,-245,-500,-555,-365,-271,420,-135,-242,421,-236,-118,515,69,69,1,1,0,0,0,0,0,1,1,0,5,22141,10595,33102,1801072,0,0,0,3763773,5627358,0,126,101,0,0,1000,1000,7338370
MPCTASK: EXP,2,128,6385,-134,351,468,-318,-958,43,-303,-589,-765,-455,-438,420,-55,-259,423,-231,-44,608,69,69,1,1,0,0,0,0,0,1,1,0,5,21141,12277,33492,2086910,0,0,0,3593989,5693740,0,128,103,0,0,1000,1000,7338370
MPCTASK: EXP,2,130,6484,-162,292,475,-204,-893,49,119,-797,-1035,-501,-589,420,0,-294,426,-224,-156,564,69,69,1,1,0,0,0,0,0,1,1,0,5,22177,10542,32855,1792213,0,0,0,3770013,5585697,0,130,105,0,0,1000,1000,7338370
MPCTASK: EXP,2,132,6585,-167,212,481,-54,-949,43,483,-988,-1264,-498,-721,420,71,-366,427,-218,-17,707,69,69,1,1,0,0,0,0,0,1,1,0,5,21283,12431,33786,2113186,0,0,0,3617969,5743746,0,132,107,0,0,1000,1000,7338370
MPCTASK: EXP,2,134,6686,-156,105,487,124,-1087,40,566,-1201,-1331,-447,-830,420,152,-456,428,-212,-42,763,69,69,1,1,0,0,0,0,0,1,1,0,5,24021,10259,34933,1744085,0,0,0,4083405,5939147,0,134,109,0,0,1000,1000,7338370
MPCTASK: EXP,2,136,6786,-133,-11,493,311,-1223,33,254,-1151,-1169,-352,-914,420,206,-505,430,-206,113,920,69,69,1,1,0,0,0,0,0,1,1,0,5,24995,9745,34816,1656695,0,0,0,4249065,5918729,0,136,111,0,0,1000,1000,7338370
MPCTASK: EXP,2,138,6884,-89,-160,491,474,-1283,-72,-390,-722,-882,-223,-972,420,239,-548,425,-223,22,726,69,69,1,1,0,0,0,0,0,1,1,0,5,22290,10013,32378,1702084,0,0,0,3789213,5504341,0,138,113,0,0,1000,1000,7338370
MPCTASK: EXP,2,140,6988,-43,-284,478,552,-1187,-170,-1156,-248,-387,-73,-1000,420,229,-509,420,-255,23,1115,69,69,1,1,0,0,0,0,0,1,1,0,5,24051,12509,36635,2126372,0,0,0,4088557,6228009,0,140,115,0,0,1000,1000,7338370
MPCTASK: EXP,2,142,7082,1,-379,469,548,-897,-151,-1864,111,0,83,-1000,420,196,-415,530,-261,-606,1763,69,69,1,1,0,0,0,0,0,1,0,569,5,18430,10294,30700,1749869,0,0,0,3132937,5219174,0,142,116,0,0,1000,1000,7338370
MPCTASK: EXP,2,144,7187,37,-441,462,474,-515,-104,-2091,273,114,232,-970,420,144,-298,497,-258,-413,2345,69,69,1,1,0,0,0,0,0,1,0,404,5,22382,11252,35837,1912784,0,0,0,3804798,6092421,0,144,116,0,0,1000,1000,7338370
MPCTASK: EXP,2,146,7286,59,-453,452,364,-72,-36,-1915,375,90,357,-912,420,75,-152,584,-254,-513,1398,69,69,1,1,0,0,0,0,0,1,0,840,5,22047,10228,34230,1738677,0,0,0,3747949,5819221,0,146,116,0,0,1000,1000,7338370
MPCTASK: EXP,2,148,7381,63,-426,445,236,306,49,-1500,442,49,447,-827,420,-6,-9,420,-254,-303,917,69,69,1,1,0,0,0,0,0,1,1,0,5,19455,10240,29770,1740715,0,0,0,3307257,5060937,0,148,118,0,0,1000,1000,7338370
MPCTASK: EXP,2,150,7481,61,-358,443,116,592,51,-1072,449,100,493,-716,420,-79,141,420,-256,-221,701,69,69,1,1,0,0,0,0,0,1,1,0,5,21306,7869,29614,1337520,0,0,0,3621918,5034338,0,150,120,0,0,1000,1000,7338370
MPCTASK: EXP,2,152,7587,65,-272,441,19,780,-27,-851,714,314,491,-584,420,-146,288,420,-264,-135,689,69,69,1,1,0,0,0,0,0,1,1,0,5,25127,10039,35554,1706621,0,0,0,4271613,6044311,0,152,122,0,0,1000,1000,7338370
MPCTASK: EXP,2,154,7686,44,-188,438,-153,903,-29,-644,865,481,439,-432,420,-226,408,420,-267,-97,770,69,69,1,1,0,0,0,0,0,1,1,0,5,22785,10105,32967,1717817,0,0,0,3873397,5604496,0,154,124,0,0,1000,1000,7338370
MPCTASK: EXP,2,156,7788,16,-42,443,-309,1076,0,-436,778,594,345,-265,420,-277,580,420,-256,-182,625,69,69,1,1,0,0,0,0,0,1,1,0,5,24730,10437,35239,1774258,0,0,0,4203937,5990776,0,156,126,0,0,1000,1000,7338370
MPCTASK: EXP,2,158,7884,-32,44,446,-456,1068,11,-46,605,608,216,-87,420,-318,650,420,-253,-93,606,69,69,1,1,0,0,0,0,0,1,1,0,5,22146,9924,32143,1687088,0,0,0,3764737,5464530,0,158,128,0,0,1000,1000,7338370
MPCTASK: EXP,2,160,7990,-111,133,447,-596,1023,7,79,379,576,66,97,420,-366,720,420,-252,6,643,69,69,1,1,0,0,0,0,0,1,1,0,5,25573,12351,38000,2099611,0,0,0,4347189,6460022,0,160,130,0,0,1000,1000,7338370
MPCTASK: EXP,2,162,8087,-169,204,445,-629,944,6,99,11,435,-91,284,420,-349,771,420,-254,-85,449,69,69,1,1,0,0,0,0,0,1,1,0,5,22411,12369,34861,2102663,0,0,0,3809729,5926495,0,162,132,0,0,1000,1000,7338370
MPCTASK: EXP,2,164,8190,-224,268,448,-578,889,37,32,-531,185,-239,468,420,-288,808,420,-251,-35,631,69,69,1,1,0,0,0,0,0,1,1,0,5,25716,11243,37032,1911322,0,0,0,4371649,6295548,0,164,134,0,0,1000,1000,7338370
MPCTASK: EXP,2,166,8283,-268,344,454,-439,870,28,-102,-924,-99,-365,646,420,-210,867,420,-245,-189,648,69,69,1,1,0,0,0,0,0,1,1,0,5,20985,9762,30821,1659408,0,0,0,3567345,5239559,0,166,136,0,0,1000,1000,7338370
MPCTASK: EXP,2,168,8388,-318,395,459,-282,800,11,48,-1287,-356,-455,812,420,-137,868,420,-240,-279,799,69,69,1,1,0,0,0,0,0,1,1,0,5,22708,12311,35614,2092683,0,0,0,3860338,6054480,0,168,138,0,0,1000,1000,7338370
MPCTASK: EXP,2,170,8484,-329,443,460,-30,728,-23,-115,-1534,-517,-501,963,420,-29,876,420,-244,-228,1139,69,69,1,1,0,0,0,0,0,1,1,0,5,21621,9488,31586,1612968,0,0,0,3675398,5369724,0,170,140,0,0,1000,1000,7338370
MPCTASK: EXP,2,172,8588,-299,487,453,262,689,-81,-342,-1385,-600,-498,1095,420,85,886,420,-262,-277,1164,69,69,1,1,0,0,0,0,0,1,1,0,5,25960,9197,35231,1563332,0,0,0,4413045,5989417,0,172,142,0,0,1000,1000,7338370
MPCTASK: EXP,2,174,8687,-255,522,439,511,669,-86,-371,-1178,-600,-446,1205,420,182,875,420,-278,-138,1152,69,69,1,1,0,0,0,0,0,1,1,0,5,22659,11665,34773,1983064,0,0,0,3852037,5911354,0,174,144,0,0,1000,1000,7338370
MPCTASK: EXP,2,176,8786,-196,575,427,706,681,-64,-261,-854,-509,-352,1289,420,250,873,420,-285,-197,737,69,69,1,1,0,0,0,0,0,1,1,0,5,23012,10910,34003,1854665,0,0,0,3911989,5780547,0,176,146,0,0,1000,1000,7338370
MPCTASK: EXP,2,178,8887,-115,611,417,844,644,-33,-67,-443,-359,-223,1346,420,298,836,420,-288,-142,577,69,69,1,1,0,0,0,0,0,1,1,0,5,21870,11740,33686,1995713,0,0,0,3717893,5726648,0,178,148,0,0,1000,1000,7338370
MPCTASK: EXP,2,180,8987,-45,627,419,851,554,53,37,216,-250,-73,1375,420,274,774,420,-280,-82,538,69,69,1,1,0,0,0,0,0,1,1,0,5,23217,10701,33992,1819257,0,0,0,3946925,5778762,0,180,150,0,0,1000,1000,7338370
MPCTASK: EXP,2,182,9094,32,678,433,727,563,170,-233,1193,-326,83,1375,420,186,784,420,-266,142,1020,69,69,1,1,0,0,0,0,0,1,1,0,5,27365,13423,40866,2281883,0,0,0,4652021,6947352,0,182,152,0,0,1000,1000,7338370
MPCTASK: EXP,2,184,9187,93,701,461,440,555,238,-166,1890,-405,232,1345,420,74,737,428,-238,-359,1001,69,69,1,1,0,0,0,0,0,1,1,0,5,23241,10538,33854,1791436,0,0,0,3950845,5755253,0,184,154,0,0,1000,1000,7338370
MPCTASK: EXP,2,186,9291,122,754,485,120,566,140,192,2030,-430,357,1287,420,-43,705,431,-214,-397,1094,69,69,1,1,0,0,0,0,0,1,1,0,5,22217,13975,36263,2375637,0,0,0,3776733,6164797,0,186,156,0,0,1000,1000,7338370
MPCTASK: EXP,2,188,9390,150,782,489,-121,467,1,696,1745,-281,447,1202,420,-117,614,428,-210,-395,1039,69,69,1,1,0,0,0,0,0,1,1,0,5,26447,8807,35326,1497045,0,0,0,4495965,6005601,0,188,158,0,0,1000,1000,7338370
MPCTASK: EXP,2,190,9493,122,818,489,-406,321,-27,977,1514,103,492,1092,420,-229,528,426,-216,-102,1030,69,69,1,1,0,0,0,0,0,1,1,0,5,26863,11674,38612,1984492,0,0,0,4566569,6564086,0,190,160,0,0,1000,1000,7338370
MPCTASK: EXP,2,192,9587,82,817,484,-587,60,-92,1571,896,637,489,960,420,-284,369,422,-234,-89,1182,69,69,1,1,0,0,0,0,0,1,1,0,5,22059,10025,32165,1704168,0,0,0,3749921,5468000,0,192,162,0,0,1000,1000,7338370
MPCTASK: EXP,2,194,9692,36,792,471,-636,-274,-138,1823,505,951,437,809,420,-307,198,548,-256,-548,1605,69,69,1,1,0,0,0,0,0,1,0,795,5,22052,12118,36257,2060068,0,0,0,3748681,6163846,0,194,162,0,0,1000,1000,7338370
MPCTASK: EXP,2,196,9791,14,732,463,-569,-644,-48,1744,42,1023,343,642,420,-285,38,573,-245,-324,1409,69,69,1,1,0,0,0,0,0,1,0,773,5,22808,10048,35711,1708170,0,0,0,3877269,6070950,0,196,162,0,0,1000,1000,7338370
MPCTASK: EXP,2,198,9894,-23,616,466,-487,-1043,78,1708,-292,731,214,464,420,-250,-176,424,-233,-331,966,69,69,1,1,0,0,0,0,0,1,1,0,5,26021,12869,38962,2187577,0,0,0,4423573,6623768,0,198,164,0,0,1000,1000,7338370
MPCTASK: EXP,2,200,9988,-17,510,480,-324,-1254,46,1088,-561,152,65,278,420,-166,-293,428,-219,-73,741,69,69,1,1,0,0,0,0,0,1,1,0,5,23102,9034,32347,1535757,0,0,0,3927337,5499114,0,200,166,0,0,1000,1000,7338370
MPCTASK: EXP,2,202,10088,-73,396,482,-294,-1350,-38,315,-284,-397,-89,89,420,-176,-360,424,-225,134,703,69,69,1,1,0,0,0,0,0,1,1,0,5,21608,10555,32240,1794341,0,0,0,3673345,5480854,0,202,168,0,0,1000,1000,7338370
MPCTASK: EXP,2,204,10186,-89,262,480,-223,-1385,-16,246,-598,-997,-235,-98,420,-92,-485,424,-222,219,815,69,69,1,1,0,0,0,0,0,1,1,0,5,19650,10455,30270,1777105,0,0,0,3340525,5146101,0,204,170,0,0,1000,1000,7338370
MPCTASK: EXP,2,206,10289,-107,128,489,-59,-1523,107,1099,-1584,-1443,-357,-280,420,34,-680,434,-210,111,1048,69,69,1,1,0,0,0,0,0,1,1,0,5,22231,10904,33801,1853591,0,0,0,3779065,5746237,0,206,172,0,0,1000,1000,7338370
MPCTASK: EXP,2,208,10394,-109,-19,511,148,-1878,110,2626,-2249,-1456,-444,-450,420,-230,-1349,585,-188,224,1636,69,69,1,1,0,0,0,0,0,1,0,768,5,26127,9908,37467,1684356,0,0,0,4441378,6369470,0,208,172,0,0,1000,1000,7338370
MPCTASK: EXP,2,210,10490,-95,-248,528,306,-2468,-19,3127,-2172,-1606,-486,-606,420,-353,-1812,619,-175,46,1798,69,69,1,1,0,0,0,0,0,1,0,1130,5,21180,11429,33862,1942812,0,0,0,3600501,5756591,0,210,173,0,0,1000,1000,7338370
MPCTASK: EXP,2,212,10592,-61,-477,529,459,-2886,-74,989,-1652,-1991,-481,-740,420,-72,-1646,501,-185,-630,2045,69,69,1,1,0,0,0,0,0,1,0,535,5,24006,9705,35487,1649870,0,0,0,4080945,6032818,0,212,173,0,0,1000,1000,7338370
MPCTASK: EXP,2,214,10693,-18,-746,510,606,-2930,-121,-1004,148,-2260,-431,-849,420,-412,-1964,484,-213,-715,1954,69,69,1,1,0,0,0,0,0,1,0,624,5,22354,11901,36433,2023092,0,0,0,3800109,6193661,0,214,173,0,0,1000,1000,7338370
MPCTASK: EXP,2,216,10792,39,-985,515,568,-2596,-56,-2528,2036,-2018,-342,-927,420,-448,-1819,469,-196,-432,2387,69,69,1,1,0,0,0,0,0,1,0,506,5,21835,12175,35260,2069703,0,0,0,3711741,5994288,0,216,173,0,0,1000,1000,7338370
MPCTASK: EXP,2,218,10894,93,-1207,537,332,-1806,-89,-3631,3191,-1497,-226,-970,420,-522,-1626,552,-180,-801,2112,69,69,1,1,0,0,0,0,0,1,0,863,5,24042,12599,37692,2141695,0,0,0,4087105,6407737,0,218,173,0,0,1000,1000,7338370
MPCTASK: EXP,2,220,10992,72,-1300,508,-34,-1041,-344,-2385,2806,-1843,-97,-974,419,-728,-1647,506,-260,-559,2315,70,70,1,1,0,0,0,0,0,1,0,602,5,25006,9274,36090,1576587,0,0,0,4250881,6135534,0,220,173,0,0,1000,1000,7338370
MPCTASK: EXP,2,222,11093,-17,-1292,437,-434,-473,-479,-399,1677,-2195,27,-936,419,-232,-972,419,-358,-1135,2414,71,71,1,1,0,0,0,0,0,1,1,0,5,25654,11145,37119,1894472,0,0,0,4361178,6310333,0,222,174,0,0,1000,1000,7338370
MPCTASK: EXP,2,224,11190,-98,-1219,371,-693,-245,-455,594,721,-1894,133,-856,420,-313,-907,420,-419,-257,1822,71,71,1,1,0,0,0,0,0,1,1,0,5,24396,9385,34056,1595457,0,0,0,4147273,5789593,0,224,176,0,0,1000,1000,7338370
MPCTASK: EXP,2,226,11293,-144,-1197,320,-687,-183,-288,-818,-244,-1210,206,-737,420,-282,-797,420,-437,-336,1539,70,70,1,1,0,0,0,0,0,1,1,0,5,21937,14430,36440,2453025,0,0,0,3729290,6194934,0,226,178,0,0,1000,1000,7338370
MPCTASK: EXP,2,228,11392,-146,-1187,320,-495,141,33,-1929,-269,-591,240,-585,420,-223,-661,420,-379,-416,1513,69,69,1,1,0,0,0,0,0,1,1,0,5,25104,10267,35444,1745330,0,0,0,4267530,6025477,0,228,180,0,0,1000,1000,7338370
MPCTASK: EXP,2,230,11487,-198,-1141,346,-417,570,217,-2225,-410,-71,233,-412,420,-230,-503,420,-353,-571,1452,69,69,1,1,0,0,0,0,0,1,1,0,5,22643,7576,30646,1287817,0,0,0,3849261,5209792,0,230,182,0,0,1000,1000,7338370
MPCTASK: EXP,2,232,11588,-214,-1061,378,-334,926,220,-2058,-554,369,192,-233,420,-215,-358,420,-321,-367,1336,69,69,1,1,0,0,0,0,0,1,1,0,5,22414,9647,32208,1639921,0,0,0,3810265,5475470,0,232,184,0,0,1000,1000,7338370
MPCTASK: EXP,2,234,11688,-230,-962,390,-252,1208,104,-1406,-545,755,131,-67,420,-225,-213,420,-309,-207,1038,69,69,1,1,0,0,0,0,0,1,1,0,5,20907,10004,31039,1700612,0,0,0,3554125,5276730,0,234,186,0,0,1000,1000,7338370
MPCTASK: EXP,2,236,11791,-254,-828,401,-209,1407,83,-732,-328,1005,67,64,420,-269,-38,420,-298,-75,753,69,69,1,1,0,0,0,0,0,1,1,0,5,25116,9416,34604,1600677,0,0,0,4269585,5882722,0,236,188,0,0,1000,1000,7338370
MPCTASK: EXP,2,238,11893,-277,-712,410,-191,1431,100,-70,-189,1065,20,149,420,-322,100,420,-289,-101,511,69,69,1,1,0,0,0,0,0,1,1,0,5,25411,11141,36625,1893980,0,0,0,4319789,6226338,0,238,190,0,0,1000,1000,7338370
MPCTASK: EXP,2,240,11991,-302,-590,425,-179,1366,131,311,-73,1096,-1,183,420,-357,228,420,-274,-32,602,69,69,1,1,0,0,0,0,0,1,1,0,5,23805,9738,33863,1655384,0,0,0,4046681,5756828,0,240,192,0,0,1000,1000,7338370
MPCTASK: EXP,2,242,12092,-318,-482,442,-172,1254,118,336,73,1060,-3,187,420,-358,327,420,-257,18,653,69,69,1,1,0,0,0,0,0,1,1,0,5,21920,13103,35097,2227466,0,0,0,3726293,5966500,0,242,194,0,0,1000,1000,7338370
MPCTASK: EXP,2,244,12192,-341,-374,454,-197,1176,57,186,149,989,-8,194,420,-339,409,420,-245,-39,508,69,69,1,1,0,0,0,0,0,1,1,0,5,25184,10411,35787,1769718,0,0,0,4281158,6083889,0,244,196,0,0,1000,1000,7338370
MPCTASK: EXP,2,246,12293,-366,-276,454,-226,1117,-18,-3,54,923,-33,240,420,-310,481,420,-249,-36,475,69,69,1,1,0,0,0,0,0,1,1,0,5,24388,11995,36891,2039119,0,0,0,4145889,6271650,0,246,198,0,0,1000,1000,7338370
MPCTASK: EXP,2,248,12392,-402,-187,452,-240,1086,-19,-136,-379,821,-80,339,420,-261,539,420,-251,-100,525,69,69,1,1,0,0,0,0,0,1,1,0,5,24839,10173,35084,1729303,0,0,0,4222522,5964451,0,248,200,0,0,1000,1000,7338370
MPCTASK: EXP,2,250,12490,-429,-106,450,-162,1062,0,-201,-788,609,-136,485,420,-194,585,420,-249,-156,627,69,69,1,1,0,0,0,0,0,1,1,0,5,24115,9697,33889,1648530,0,0,0,4099589,5761106,0,250,202,0,0,1000,1000,7338370
MPCTASK: EXP,2,252,12592,-449,-21,454,-19,1069,37,-217,-1191,352,-183,658,420,-116,626,420,-245,-196,766,69,69,1,1,0,0,0,0,0,1,1,0,5,25991,9256,35323,1573552,0,0,0,4418545,6005021,0,252,204,0,0,1000,1000,7338370
MPCTASK: EXP,2,254,12689,-449,61,460,175,1066,24,-278,-1239,186,-204,840,420,-49,663,420,-239,-206,789,69,69,1,1,0,0,0,0,0,1,1,0,5,21996,11011,33087,1871841,0,0,0,3739253,5624947,0,254,206,0,0,1000,1000,7338370
MPCTASK: EXP,2,256,12794,-424,153,458,361,1096,-49,-435,-1129,16,-189,1010,420,14,706,420,-251,-118,908,69,69,1,1,0,0,0,0,0,1,1,0,5,24938,10578,35725,1798077,0,0,0,4239421,6073390,0,256,208,0,0,1000,1000,7338370
MPCTASK: EXP,2,258,12897,-385,242,449,531,1114,-74,-270,-903,-98,-135,1152,420,58,722,420,-265,-207,716,69,69,1,1,0,0,0,0,0,1,1,0,5,26522,12441,39600,2114873,0,0,0,4508649,6732134,0,258,210,0,0,1000,1000,7338370
MPCTASK: EXP,2,260,12993,-314,309,441,705,1048,-38,70,-758,-152,-45,1258,419,121,685,419,-266,-178,637,69,69,1,1,0,0,0,0,0,1,1,0,5,23864,11487,35423,1952580,0,0,0,4056941,6021977,0,260,212,0,0,1000,1000,7338370
MPCTASK: EXP,2,262,13088,-217,404,440,860,984,12,413,-406,-203,67,1321,419,165,667,419,-259,-47,608,69,69,1,1,0,0,0,0,0,1,1,0,5,19909,11160,31143,1897078,0,0,0,3384453,5294338,0,262,214,0,0,1000,1000,7338370
MPCTASK: EXP,2,264,13191,-150,481,441,840,857,12,588,158,-188,190,1340,419,127,630,419,-258,-144,570,69,69,1,1,0,0,0,0,0,1,1,0,5,24229,9283,33585,1578045,0,0,0,4118909,5709576,0,264,216,0,0,1000,1000,7338370
MPCTASK: EXP,2,266,13292,-97,540,447,724,701,24,836,573,-148,307,1317,420,60,564,420,-252,-174,619,69,69,1,1,0,0,0,0,0,1,1,0,5,22970,11662,34705,1982557,0,0,0,3904729,5899904,0,266,218,0,0,1000,1000,7338370
MPCTASK: EXP,2,268,13394,0,572,454,651,489,10,994,1015,-130,402,1255,420,31,475,420,-245,-91,765,69,69,1,1,0,0,0,0,0,1,1,0,5,28155,8956,37184,1522352,0,0,0,4786337,6321313,0,268,220,0,0,1000,1000,7338370
MPCTASK: EXP,2,270,13494,63,615,458,450,341,-5,820,1566,-75,462,1159,420,-45,422,420,-242,-317,1012,69,69,1,1,0,0,0,0,0,1,1,0,5,24043,12095,36635,2055993,0,0,0,4087312,6227888,0,270,222,0,0,1000,1000,7338370
MPCTASK: EXP,2,272,13594,76,630,456,117,163,-52,892,2083,27,480,1035,420,-384,533,536,-253,-437,1742,69,69,1,1,0,0,0,0,0,1,0,603,5,25947,9129,36505,1551947,0,0,0,4410849,6206018,0,272,223,0,0,1000,1000,7338370
MPCTASK: EXP,2,274,13691,58,622,447,-249,-37,-75,957,1723,245,451,887,420,-287,227,420,-267,-391,1351,69,69,1,1,0,0,0,0,0,1,1,0,5,21014,12864,33955,2186771,0,0,0,3572285,5772500,0,274,225,0,0,1000,1000,7338370
MPCTASK: EXP,2,276,13797,12,577,434,-538,-287,-84,1033,1245,403,377,720,420,-359,80,420,-282,-43,1066,69,69,1,1,0,0,0,0,0,1,1,0,5,25939,13814,39826,2348308,0,0,0,4409545,6770465,0,276,227,0,0,1000,1000,7338370
MPCTASK: EXP,2,278,13893,-31,552,422,-661,-478,-65,1134,728,466,265,542,420,-385,-22,420,-290,-279,889,69,69,1,1,0,0,0,0,0,1,1,0,5,24763,11112,36417,1888557,0,0,0,4209649,6191071,0,278,229,0,0,1000,1000,7338370
MPCTASK: EXP,2,280,13989,-61,490,420,-676,-708,-9,1253,238,359,125,355,420,-351,-160,420,-280,-301,874,69,69,1,1,0,0,0,0,0,1,1,0,5,22746,8642,31466,1469151,0,0,0,3866749,5349389,0,280,231,0,0,1000,1000,7338370
MPCTASK: EXP,2,282,14090,-124,410,428,-668,-922,41,1098,-166,104,-28,165,420,-335,-278,420,-271,-176,790,69,69,1,1,0,0,0,0,0,1,1,0,5,20222,12591,32886,2140329,0,0,0,3437640,5590588,0,282,233,0,0,1000,1000,7338370
MPCTASK: EXP,2,284,14187,-159,323,431,-574,-1047,12,591,-416,-220,-180,-22,420,-276,-352,420,-268,-104,630,69,69,1,1,0,0,0,0,0,1,1,0,5,20706,8392,29568,1426652,0,0,0,3519938,5026584,0,284,235,0,0,1000,1000,7338370
MPCTASK: EXP,2,286,14291,-177,185,437,-442,-1161,60,-37,-541,-504,-316,-204,420,-196,-448,420,-262,-143,549,69,69,1,1,0,0,0,0,0,1,1,0,5,22623,10436,33274,1774149,0,0,0,3845750,5656670,0,286,237,0,0,1000,1000,7338370
MPCTASK: EXP,2,288,14395,-223,91,450,-350,-1096,105,-303,-639,-714,-421,-375,420,-145,-485,420,-249,-76,603,69,69,1,1,0,0,0,0,0,1,1,0,5,28055,8848,36984,1504196,0,0,0,4769322,6287345,0,288,239,0,0,1000,1000,7338370
MPCTASK: EXP,2,290,14494,-261,8,462,-242,-1019,45,-255,-913,-855,-486,-533,420,-84,-516,422,-237,-142,650,69,69,1,1,0,0,0,0,0,1,1,0,5,24274,12189,36536,2072019,0,0,0,4126571,6211217,0,290,241,0,0,1000,1000,7338370
MPCTASK: EXP,2,292,14587,-284,-70,464,-87,-968,-14,-236,-1067,-896,-503,-672,420,-22,-539,420,-238,26,981,69,69,1,1,0,0,0,0,0,1,1,0,5,24218,6042,30332,1027076,0,0,0,4116953,5156664,0,292,243,0,0,1000,1000,7338370
MPCTASK: EXP,2,294,14696,-288,-137,462,89,-891,-40,-391,-1123,-835,-472,-791,420,42,-527,420,-245,-46,989,69,69,1,1,0,0,0,0,0,1,1,0,5,26089,11649,37951,1980144,0,0,0,4435073,6451840,0,294,245,0,0,1000,1000,7338370
MPCTASK: EXP,2,296,14794,-278,-198,459,265,-798,-60,-462,-1046,-752,-394,-885,420,92,-507,420,-252,-99,912,69,69,1,1,0,0,0,0,0,1,1,0,5,25608,9855,35536,1613684,0,0,0,4353305,6041214,0,296,247,0,0,1000,1000,7338370
MPCTASK: EXP,2,298,14894,-258,-247,451,413,-686,-72,-472,-986,-652,-278,-953,420,131,-474,420,-262,-61,965,69,69,1,1,0,0,0,0,0,1,1,0,5,19671,15619,35813,2655244,0,0,0,3343933,6088398,0,298,249,0,0,1000,1000,7338370
MPCTASK: EXP,2,300,14995,-218,-277,446,567,-564,-45,-407,-893,-588,-135,-993,420,162,-420,420,-262,-115,774,69,69,1,1,0,0,0,0,0,1,1,0,5,26563,10192,37225,1732597,0,0,0,4515553,6328294,0,300,251,0,0,1000,1000,7338370
MPCTASK: EXP,2,302,15094,-174,-295,442,663,-453,-44,-326,-603,-574,20,-1004,420,162,-359,420,-266,-102,637,69,69,1,1,0,0,0,0,0,1,1,0,5,23380,11278,34730,1917133,0,0,0,3974602,5904203,0,302,253,0,0,1000,1000,7338370
MPCTASK: EXP,2,304,15192,-123,-310,434,703,-346,-62,-477,-176,-454,174,-985,420,133,-276,420,-278,-125,584,69,69,1,1,0,0,0,0,0,1,1,0,5,24067,7840,32355,1332648,0,0,0,4091265,5500525,0,304,255,0,0,1000,1000,7338370
MPCTASK: EXP,2,306,15296,-84,-312,429,645,-205,-71,-596,228,-298,311,-938,420,73,-181,420,-284,-129,650,69,69,1,1,0,0,0,0,0,1,1,0,5,23636,11225,35511,1908273,0,0,0,4017993,6036932,0,306,257,0,0,1000,1000,7338370
MPCTASK: EXP,2,308,15396,-46,-308,424,537,-48,-71,-840,662,-50,416,-864,420,-7,-69,420,-289,-168,738,69,69,1,1,0,0,0,0,0,1,1,0,5,25438,9551,35061,1623649,0,0,0,4324377,5960490,0,308,259,0,0,1000,1000,7338370
MPCTASK: EXP,2,310,15496,-18,-290,424,362,137,-49,-981,859,168,481,-763,420,-83,47,420,-285,-185,777,69,69,1,1,0,0,0,0,0,1,1,0,5,23068,12126,35630,2061298,0,0,0,3921613,6057050,0,310,261,0,0,1000,1000,7338370
MPCTASK: EXP,2,312,15594,-16,-258,416,148,321,-76,-1123,969,481,497,-639,420,-180,177,420,-298,-247,855,69,69,1,1,0,0,0,0,0,1,1,0,5,24071,9283,34363,1578078,0,0,0,4092045,5841841,0,312,263,0,0,1000,1000,7338370
MPCTASK: EXP,2,314,15695,-32,-200,411,-86,541,-69,-1235,994,673,465,-495,420,-270,323,420,-302,-159,1033,69,69,1,1,0,0,0,0,0,1,1,0,5,23686,11025,35363,1874225,0,0,0,4026393,6011835,0,314,265,0,0,1000,1000,7338370
MPCTASK: EXP,2,316,15794,-79,-110,401,-333,783,-64,-1146,885,698,387,-333,420,-364,486,420,-311,-213,922,69,69,1,1,0,0,0,0,0,1,1,0,5,22954,10125,33159,1721185,0,0,0,3902007,5637172,0,316,267,0,0,1000,1000,7338370
MPCTASK: EXP,2,318,15892,-133,-49,399,-512,909,9,-843,555,611,271,-159,420,-414,578,420,-300,-210,691,69,69,1,1,0,0,0,0,0,1,1,0,5,21110,10424,32210,1771951,0,0,0,3524542,5475694,0,318,269,0,0,1000,1000,7338370
MPCTASK: EXP,2,320,15994,-207,42,397,-632,1023,20,-601,221,505,127,22,420,-447,687,420,-302,-133,667,69,69,1,1,0,0,0,0,0,1,1,0,5,25512,7937,33521,1349191,0,0,0,4336925,5698781,0,320,271,0,0,1000,1000,7338370
MPCTASK: EXP,2,322,16089,-277,102,403,-649,1013,56,-255,-245,304,-28,209,420,-436,728,420,-296,-112,534,69,69,1,1,0,0,0,0,0,1,1,0,5,18035,10674,29215,1814567,0,0,0,3065925,4966630,0,322,273,0,0,1000,1000,7338370
MPCTASK: EXP,2,324,16195,-321,191,408,-545,1029,-1,-224,-675,167,-182,395,420,-365,803,420,-292,-178,640,69,69,1,1,0,0,0,0,0,1,1,0,5,24258,9633,34104,1637475,0,0,0,4123901,5797838,0,324,275,0,0,1000,1000,7338370
MPCTASK: EXP,2,326,16298,-359,282,412,-381,1024,14,0,-1079,66,-318,576,420,-276,857,420,-287,-177,835,69,69,1,1,0,0,0,0,0,1,1,0,5,24895,12519,37663,2128175,0,0,0,4232014,6402913,0,326,277,0,0,1000,1000,7338370
MPCTASK: EXP,2,328,16392,-382,376,417,-171,1003,25,32,-1236,-121,-424,747,420,-176,911,420,-282,-224,881,69,69,1,1,0,0,0,0,0,1,1,0,5,20500,10948,31528,1861213,0,0,0,3484873,5359824,0,328,279,0,0,1000,1000,7338370
MPCTASK: EXP,2,330,16495,-382,467,419,64,968,-2,53,-1382,-230,-488,905,420,-68,955,420,-281,-170,1091,69,69,1,1,0,0,0,0,0,1,1,0,5,22356,12292,34906,2089531,0,0,0,3800525,5933963,0,330,281,0,0,1000,1000,7338370
MPCTASK: EXP,2,332,16594,-355,551,414,302,932,-50,-11,-1165,-257,-505,1045,420,28,988,420,-295,-295,881,69,69,1,1,0,0,0,0,0,1,1,0,5,24171,9324,33579,1584924,0,0,0,4108966,5708397,0,332,283,0,0,1000,1000,7338370
MPCTASK: EXP,2,334,16695,-302,626,406,511,891,-38,31,-877,-321,-473,1164,420,128,997,420,-301,-95,873,69,69,1,1,0,0,0,0,0,1,1,0,5,21784,11192,33050,1902583,0,0,0,3703205,5618517,0,334,285,0,0,1000,1000,7338370
MPCTASK: EXP,2,336,16797,-241,716,405,667,862,24,278,-759,-321,-395,1259,420,205,1005,420,-294,-160,682,69,69,1,1,0,0,0,0,0,1,1,0,5,25918,9233,35223,1569603,0,0,0,4405941,5988002,0,336,287,0,0,1000,1000,7338370
MPCTASK: EXP,2,338,16901,-153,784,407,805,767,19,427,-416,-231,-278,1327,420,268,981,420,-292,-138,580,69,69,1,1,0,0,0,0,0,1,1,0,5,26211,13649,39932,2320241,0,0,0,4455717,6788587,0,338,289,0,0,1000,1000,7338370
MPCTASK: EXP,2,340,16996,-46,864,405,883,698,0,545,65,-115,-135,1367,420,307,966,420,-294,-68,702,69,69,1,1,0,0,0,0,0,1,1,0,5,24448,9488,34008,1612906,0,0,0,4156034,5781399,0,340,291,0,0,1000,1000,7338370
MPCTASK: EXP,2,342,17098,50,916,407,852,561,6,771,530,20,21,1378,420,304,905,420,-292,-193,672,69,69,1,1,0,0,0,0,0,1,1,0,5,23673,11801,35547,2006028,0,0,0,4024357,6043000,0,342,293,0,0,1000,1000,7338370
MPCTASK: EXP,2,344,17196,137,945,412,753,376,0,949,855,157,174,1360,420,275,817,420,-287,-171,763,69,69,1,1,0,0,0,0,0,1,1,0,5,24183,9472,33727,1610149,0,0,0,4110954,5733720,0,344,295,0,0,1000,1000,7338370
MPCTASK: EXP,2,346,17298,220,958,414,622,172,-28,1044,1124,260,311,1313,420,235,713,420,-291,-127,906,69,69,1,1,0,0,0,0,0,1,1,0,5,25038,11185,36296,1901366,0,0,0,4256489,6170480,0,346,297,0,0,1000,1000,7338370
MPCTASK: EXP,2,348,17396,252,956,410,387,-45,-52,1075,1349,364,416,1238,420,134,601,420,-299,-132,1155,69,69,1,1,0,0,0,0,0,1,1,0,5,23906,9201,33186,1564127,0,0,0,4063929,5641823,0,348,299,0,0,1000,1000,7338370
MPCTASK: EXP,2,350,17498,270,915,402,134,-303,-62,1052,1437,430,481,1138,420,34,454,420,-309,-156,1294,69,69,1,1,0,0,0,0,0,1,1,0,5,23728,11036,34840,1876061,0,0,0,4033685,5922807,0,350,301,0,0,1000,1000,7338370
MPCTASK: EXP,2,352,17596,257,898,398,-126,-468,-28,994,1418,495,498,1014,420,-73,350,420,-307,-135,1195,69,69,1,1,0,0,0,0,0,1,1,0,5,23083,9792,32948,1664571,0,0,0,3923957,5601148,0,352,303,0,0,1000,1000,7338370
MPCTASK: EXP,2,354,17703,212,821,394,-390,-715,-11,989,1205,534,465,869,420,-178,188,420,-307,-223,890,69,69,1,1,0,0,0,0,0,1,1,0,5,29147,10996,40216,1869311,0,0,0,4954873,6836808,0,354,305,0,0,1000,1000,7338370
MPCTASK: EXP,2,356,17797,195,739,395,-519,-899,28,853,949,528,387,708,420,-213,51,420,-304,-83,843,69,69,1,1,0,0,0,0,0,1,1,0,5,23817,9487,33555,1612608,0,0,0,4048817,5704436,0,356,307,0,0,1000,1000,7338370
MPCTASK: EXP,2,358,17897,123,628,400,-685,-1077,55,642,735,514,271,534,420,-279,-93,420,-299,-188,640,69,69,1,1,0,0,0,0,0,1,1,0,5,22082,11521,33675,1958372,0,0,0,3753840,5724833,0,358,309,0,0,1000,1000,7338370
MPCTASK: EXP,2,360,17998,56,546,407,-757,-1117,65,378,425,509,127,351,420,-302,-171,420,-292,-126,562,69,69,1,1,0,0,0,0,0,1,1,0,5,24006,10801,34880,1836038,0,0,0,4080937,5929592,0,360,311,0,0,1000,1000,7338370
MPCTASK: EXP,2,362,18098,-39,418,412,-837,-1186,54,28,165,445,-28,165,420,-339,-275,420,-287,-101,508,69,69,1,1,0,0,0,0,0,1,1,0,5,21669,13520,35262,2298355,0,0,0,3683637,5994613,0,362,313,0,0,1000,1000,7338370
MPCTASK: EXP,2,364,18196,-108,311,419,-816,-1139,21,-298,-11,349,-182,-20,420,-326,-337,420,-280,-29,631,69,69,1,1,0,0,0,0,0,1,1,0,5,24732,8290,33103,1409174,0,0,0,4204442,5627574,0,364,315,0,0,1000,1000,7338370
MPCTASK: EXP,2,366,18295,-181,231,425,-770,-1031,47,-189,-435,250,-318,-201,420,-285,-379,420,-274,-97,581,69,69,1,1,0,0,0,0,0,1,1,0,5,20591,10517,31259,1787742,0,0,0,3500294,5314134,0,366,317,0,0,1000,1000,7338370
MPCTASK: EXP,2,368,18397,-229,147,431,-606,-984,28,95,-946,167,-424,-373,420,-194,-439,420,-268,-95,775,69,69,1,1,0,0,0,0,0,1,1,0,5,23994,8996,33065,1529162,0,0,0,4078941,5621232,0,368,319,0,0,1000,1000,7338370
MPCTASK: EXP,2,370,18504,-281,73,435,-415,-965,9,282,-1345,50,-488,-530,420,-120,-484,420,-264,-200,957,69,69,1,1,0,0,0,0,0,1,1,0,5,28544,10606,39605,1802924,0,0,0,4852405,6732949,0,370,321,0,0,1000,1000,7338370
MPCTASK: EXP,2,372,18598,-312,-1,438,-178,-969,3,234,-1600,-210,-505,-670,420,-32,-515,420,-261,-356,1072,69,69,1,1,0,0,0,0,0,1,1,0,5,23544,9857,33474,1675673,0,0,0,4002297,5690596,0,372,323,0,0,1000,1000,7338370
MPCTASK: EXP,2,374,18701,-321,-70,438,84,-966,-32,151,-1726,-549,-473,-789,420,53,-535,420,-267,-417,1275,69,69,1,1,0,0,0,0,0,1,1,0,5,24347,11781,36203,2002765,0,0,0,4138829,6154489,0,374,325,0,0,1000,1000,7338370
MPCTASK: EXP,2,376,18801,-309,-137,434,358,-965,-12,67,-1646,-869,-395,-884,420,130,-543,420,-268,-318,1209,69,69,1,1,0,0,0,0,0,1,1,0,5,25941,10218,36237,1737038,0,0,0,4409829,6160364,0,376,327,0,0,1000,1000,7338370
MPCTASK: EXP,2,378,18901,-263,-223,435,623,-987,20,-82,-1395,-1073,-278,-952,420,202,-561,420,-264,-325,902,69,69,1,1,0,0,0,0,0,1,1,0,5,23068,13396,36538,2277380,0,0,0,3921577,6211575,0,378,329,0,0,1000,1000,7338370
MPCTASK: EXP,2,380,19001,-204,-295,443,811,-946,71,-317,-954,-1139,-135,-992,420,240,-540,420,-256,-186,680,69,69,1,1,0,0,0,0,0,1,1,0,5,25552,10585,36211,1799347,0,0,0,4343738,6156101,0,380,331,0,0,1000,1000,7338370
MPCTASK: EXP,2,382,19101,-128,-372,451,915,-864,38,-693,-383,-953,21,-1004,420,245,-495,420,-248,115,798,69,69,1,1,0,0,0,0,0,1,1,0,5,25977,10534,36583,1790620,0,0,0,4416057,6219293,0,382,333,0,0,1000,1000,7338370
MPCTASK: EXP,2,384,19198,-60,-426,455,894,-672,-35,-1316,362,-620,174,-986,420,197,-387,420,-251,-8,1096,69,69,1,1,0,0,0,0,0,1,1,0,5,23446,10380,34087,1764587,0,0,0,3985902,5794904,0,384,335,0,0,1000,1000,7338370
MPCTASK: EXP,2,386,19299,16,-468,452,792,-388,-112,-1809,968,-258,311,-939,420,139,-267,561,-270,-554,1519,69,69,1,1,0,0,0,0,0,1,0,738,5,22240,10911,35075,1854794,0,0,0,3780825,5962745,0,386,336,0,0,1000,1000,7338370
MPCTASK: EXP,2,388,19397,60,-476,442,564,-29,-117,-1765,1184,-104,416,-864,420,136,-220,569,-280,-531,1477,69,69,1,1,0,0,0,0,0,1,0,801,5,21282,9950,32692,1691369,0,0,0,3617909,5557766,0,388,336,0,0,1000,1000,7338370
MPCTASK: EXP,2,390,19498,78,-444,435,279,338,48,-1330,1092,5,481,-763,420,-44,5,420,-264,-217,860,69,69,1,1,0,0,0,0,0,1,1,0,5,20078,13607,33758,2313145,0,0,0,3413137,5738900,0,390,338,0,0,1000,1000,7338370
MPCTASK: EXP,2,392,19601,68,-388,435,54,566,17,-1102,965,259,498,-639,420,-142,146,420,-264,-228,722,69,69,1,1,0,0,0,0,0,1,1,0,5,24808,11883,37176,2020104,0,0,0,4217241,6320025,0,392,340,0,0,1000,1000,7338370
MPCTASK: EXP,2,394,19702,45,-323,435,-163,735,-34,-1054,1094,483,465,-495,420,-238,275,420,-271,-131,888,69,69,1,1,0,0,0,0,0,1,1,0,5,23567,14143,37790,2404146,0,0,0,4005861,6424372,0,394,342,0,0,1000,1000,7338370
MPCTASK: EXP,2,396,19798,0,-254,434,-390,874,-31,-953,950,496,387,-333,420,-324,394,420,-272,-173,756,69,69,1,1,0,0,0,0,0,1,1,0,5,24868,7221,32542,1227422,0,0,0,4227482,5532179,0,396,344,0,0,1000,1000,7338370
MPCTASK: EXP,2,398,19900,-55,-160,433,-558,1010,-4,-668,586,419,271,-159,420,-370,512,420,-267,-123,630,69,69,1,1,0,0,0,0,0,1,1,0,5,21614,13116,34804,2229609,0,0,0,3674210,5916820,0,398,346,0,0,1000,1000,7338370
MPCTASK: EXP,2,400,20003,-124,-83,435,-649,1040,25,-310,197,325,127,22,420,-390,582,420,-264,-121,492,69,69,1,1,0,0,0,0,0,1,1,0,5,22783,14443,37754,2455283,0,0,0,3872997,6418371,0,400,348,0,0,1000,1000,7338370
MPCTASK: EXP,2,402,20103,-179,2,436,-636,1042,24,-144,-140,271,-28,209,420,-370,655,420,-263,16,628,69,69,1,1,0,0,0,0,0,1,1,0,5,26539,11441,38439,1944974,0,0,0,4511575,6534717,0,402,350,0,0,1000,1000,7338370
MPCTASK: EXP,2,404,20201,-227,70,439,-578,995,-29,-135,-316,187,-182,395,420,-328,705,420,-266,-93,524,69,69,1,1,0,0,0,0,0,1,1,0,5,24194,10986,35263,1867569,0,0,0,4112905,5994761,0,404,352,0,0,1000,1000,7338370
MPCTASK: EXP,2,406,20304,-271,145,438,-482,973,-34,-136,-600,21,-318,576,420,-266,755,420,-268,-140,596,69,69,1,1,0,0,0,0,0,1,1,0,5,24175,13441,37689,2284923,0,0,0,4109565,6407104,0,406,354,0,0,1000,1000,7338370
MPCTASK: EXP,2,408,20404,-310,215,439,-354,949,-55,-294,-923,-142,-424,747,420,-192,804,420,-271,-170,763,69,69,1,1,0,0,0,0,0,1,1,0,5,26756,10664,37885,1812902,0,0,0,4548525,6440682,0,408,356,0,0,1000,1000,7338370
MPCTASK: EXP,2,410,20503,-329,293,430,-173,965,-141,-411,-1159,-217,-488,905,420,-104,855,420,-297,-123,1522,69,69,1,1,0,0,0,0,0,1,1,0,5,24157,11763,35994,1999588,0,0,0,4106569,6119171,0,410,358,0,0,1000,1000,7338370
MPCTASK: EXP,2,412,20604,-331,366,413,38,984,-143,-466,-1094,-286,-505,1045,420,-22,890,420,-315,-313,1071,69,69,1,1,0,0,0,0,0,1,1,0,5,24965,10805,36097,1836635,0,0,0,4244017,6136583,0,412,360,0,0,1000,1000,7338370
MPCTASK: EXP,2,414,20703,-315,457,402,269,1001,-33,35,-1345,-400,-473,1164,420,89,898,420,-303,-252,1036,69,69,1,1,0,0,0,0,0,1,1,0,5,24902,10521,35495,1788400,0,0,0,4233265,6034281,0,414,362,0,0,1000,1000,7338370
MPCTASK: EXP,2,416,20805,-271,532,406,544,895,50,385,-1410,-412,-394,1258,420,189,875,420,-293,-324,924,69,69,1,1,0,0,0,0,0,1,1,0,5,25391,12121,37593,2060510,0,0,0,4316317,6390809,0,416,364,0,0,1000,1000,7338370
MPCTASK: EXP,2,418,20904,-193,599,406,774,780,16,365,-911,-357,-278,1327,420,259,855,420,-293,-140,775,69,69,1,1,0,0,0,0,0,1,1,0,5,23880,11785,36115,2003367,0,0,0,4059529,6139540,0,418,366,0,0,1000,1000,7338370
MPCTASK: EXP,2,420,21005,-124,642,402,860,651,2,421,-344,-236,-135,1367,420,269,803,420,-297,-104,629,69,69,1,1,0,0,0,0,0,1,1,0,5,25216,11617,36907,1974913,0,0,0,4286645,6274176,0,420,368,0,0,1000,1000,7338370
MPCTASK: EXP,2,422,21104,-17,692,400,919,546,23,542,146,-120,21,1378,420,293,755,420,-299,-109,663,69,69,1,1,0,0,0,0,0,1,1,0,5,25972,11019,37064,1873164,0,0,0,4415165,6300944,0,422,370,0,0,1000,1000,7338370
MPCTASK: EXP,2,424,21205,71,731,408,850,420,57,673,632,4,174,1360,420,263,691,420,-291,-178,620,69,69,1,1,0,0,0,0,0,1,1,0,5,24957,12815,37847,2178424,0,0,0,4242709,6433934,0,424,372,0,0,1000,1000,7338370
MPCTASK: EXP,2,426,21303,170,748,417,746,251,45,838,1090,119,310,1314,420,229,596,420,-282,-243,742,69,69,1,1,0,0,0,0,0,1,1,0,5,24521,10805,35536,1836795,0,0,0,4168514,6041241,0,426,374,0,0,1000,1000,7338370
MPCTASK: EXP,2,428,21398,223,742,422,520,57,0,834,1462,254,416,1239,420,140,487,420,-277,-229,1033,69,69,1,1,0,0,0,0,0,1,1,0,5,22113,8695,30880,1478008,0,0,0,3759074,5249699,0,428,376,0,0,1000,1000,7338370
MPCTASK: EXP,2,430,21506,314,718,420,359,-136,-39,821,1571,342,480,1139,420,116,367,420,-287,-214,1289,69,69,1,1,0,0,0,0,0,1,1,0,5,25945,12122,38140,2060561,0,0,0,4410625,6483805,0,430,378,0,0,1000,1000,7338370
MPCTASK: EXP,2,432,21604,322,701,416,62,-290,-58,799,1749,430,496,1016,420,-77,346,561,-294,-216,1669,69,69,1,1,0,0,0,0,0,1,0,846,5,23997,11547,36659,1962889,0,0,0,4079437,6232020,0,432,379,0,0,1000,1000,7338370
MPCTASK: EXP,2,434,21702,311,681,408,-241,-433,-23,780,1620,510,464,872,420,-91,167,420,-296,-149,1409,69,69,1,1,0,0,0,0,0,1,1,0,5,23629,10673,34492,1814313,0,0,0,4016801,5863814,0,434,381,0,0,1000,1000,7338370
MPCTASK: EXP,2,436,21804,274,622,406,-515,-626,21,843,1392,549,385,711,420,-171,28,420,-293,-304,913,69,69,1,1,0,0,0,0,0,1,1,0,5,23931,11921,35928,2026498,0,0,0,4068093,6107922,0,436,383,0,0,1000,1000,7338370
MPCTASK: EXP,2,438,21903,175,546,407,-770,-814,14,888,982,597,269,536,420,-271,-109,420,-292,-223,715,69,69,1,1,0,0,0,0,0,1,1,0,5,24387,10762,35221,1829427,0,0,0,4145678,5987728,0,438,385,0,0,1000,1000,7338370
MPCTASK: EXP,2,440,22000,101,482,410,-865,-929,27,793,515,609,126,353,420,-294,-204,420,-289,-202,671,69,69,1,1,0,0,0,0,0,1,1,0,5,24670,8239,32981,1400654,0,0,0,4193673,5606790,0,440,387,0,0,1000,1000,7338370
MPCTASK: EXP,2,442,22104,-11,373,413,-952,-1069,-5,577,210,540,-27,164,420,-343,-321,420,-287,-167,605,69,69,1,1,0,0,0,0,0,1,1,0,5,25375,11104,36554,1887695,0,0,0,4313817,6214130,0,442,389,0,0,1000,1000,7338370
MPCTASK: EXP,2,444,22202,-97,283,415,-928,-1106,1,314,-254,464,-179,-23,420,-326,-387,420,-284,-127,529,69,69,1,1,0,0,0,0,0,1,1,0,5,24998,9795,34867,1665154,0,0,0,4249581,5927352,0,444,391,0,0,1000,1000,7338370
MPCTASK: EXP,2,446,22303,-182,191,420,-834,-1105,29,182,-703,383,-312,-208,420,-292,-436,420,-279,-167,634,69,69,1,1,0,0,0,0,0,1,1,0,5,24995,10902,35974,1853130,0,0,0,4249185,6115593,0,446,393,0,0,1000,1000,7338370
MPCTASK: EXP,2,448,22401,-251,102,430,-670,-1068,47,43,-1081,293,-414,-384,420,-239,-467,420,-269,-219,742,69,69,1,1,0,0,0,0,0,1,1,0,5,23974,9670,33726,1643975,0,0,0,4075489,5733477,0,448,395,0,0,1000,1000,7338370
MPCTASK: EXP,2,450,22502,-311,12,436,-464,-1031,16,52,-1419,193,-475,-546,420,-181,-491,420,-263,-160,1038,69,69,1,1,0,0,0,0,0,1,1,0,5,23420,10843,34343,1843167,0,0,0,3981313,5838383,0,450,397,0,0,1000,1000,7338370
MPCTASK: EXP,2,452,22603,-336,-71,438,-203,-988,-23,-86,-1530,107,-489,-689,420,-114,-487,420,-266,-218,1205,69,69,1,1,0,0,0,0,0,1,1,0,5,23064,10293,33975,1749861,0,0,0,3920690,5775842,0,452,399,0,0,1000,1000,7338370
MPCTASK: EXP,2,454,22705,-340,-146,430,51,-911,-71,-333,-1403,-3,-456,-809,420,-61,-455,420,-283,-243,1231,69,69,1,1,0,0,0,0,0,1,1,0,5,25053,11153,36279,1895897,0,0,0,4258869,6167585,0,454,401,0,0,1000,1000,7338370
MPCTASK: EXP,2,456,22804,-321,-210,425,295,-796,-38,-449,-1275,-132,-381,-900,420,-8,-407,420,-282,-156,1078,69,69,1,1,0,0,0,0,0,1,1,0,5,24196,11494,35772,1953905,0,0,0,4113185,6081258,0,456,403,0,0,1000,1000,7338370
MPCTASK: EXP,2,458,22907,-289,-254,422,482,-649,-3,-619,-900,-191,-274,-957,420,9,-331,420,-277,-160,736,69,69,1,1,0,0,0,0,0,1,1,0,5,24333,12192,36603,2072534,0,0,0,4136625,6222477,0,458,405,0,0,1000,1000,7338370
MPCTASK: EXP,2,460,23010,-240,-286,425,581,-477,18,-818,-327,-162,-149,-977,419,7,-246,419,-274,-192,650,69,69,1,1,0,0,0,0,0,1,1,0,5,27006,12917,39995,2195831,0,0,0,4590901,6799195,0,460,407,0,0,1000,1000,7338370
MPCTASK: EXP,2,462,23107,-196,-300,426,580,-285,2,-841,-17,-181,-20,-956,419,-3,-175,419,-273,-106,742,69,69,1,1,0,0,0,0,0,1,1,0,5,24986,11985,37043,2037354,0,0,0,4247537,6297512,0,462,409,0,0,1000,1000,7338370
MPCTASK: EXP,2,464,23202,-163,-305,432,518,-115,30,-782,214,-182,94,-893,419,-8,-139,419,-267,40,885,69,69,1,1,0,0,0,0,0,1,1,0,5,21605,9481,31160,1611595,0,0,0,3672889,5297215,0,464,411,0,0,1000,1000,7338370
MPCTASK: EXP,2,466,23306,-132,-298,436,443,37,23,-728,355,-190,181,-789,420,-22,-92,420,-263,-11,758,69,69,1,1,0,0,0,0,0,1,1,0,5,23959,11168,35564,1898388,0,0,0,4072973,6045901,0,466,413,0,0,1000,1000,7338370
MPCTASK: EXP,2,468,23404,-107,-280,438,345,176,-1,-708,495,-141,231,-649,420,-34,-52,420,-261,8,790,69,69,1,1,0,0,0,0,0,1,1,0,5,23006,10950,34480,1861364,0,0,0,3910845,5861674,0,468,415,0,0,1000,1000,7338370
MPCTASK: EXP,2,470,23502,-94,-250,439,228,306,-20,-668,556,-34,240,-483,420,-47,-17,420,-264,-24,734,69,69,1,1,0,0,0,0,0,1,1,0,5,22357,9719,32148,1652120,0,0,0,3800521,5465258,0,470,417,0,0,1000,1000,7338370
MPCTASK: EXP,2,472,23606,-91,-215,437,108,408,-36,-508,484,-8,212,-304,420,-52,6,420,-270,-101,593,69,69,1,1,0,0,0,0,0,1,1,0,5,22362,12521,34959,2128587,0,0,0,3801410,5943151,0,472,419,0,0,1000,1000,7338370
MPCTASK: EXP,2,474,23704,-98,-172,433,22,467,-8,-105,111,-107,157,-131,420,-44,22,420,-267,9,608,69,69,1,1,0,0,0,0,0,1,1,0,5,23015,10252,33715,1742857,0,0,0,3912497,5731654,0,474,421,0,0,1000,1000,7338370
MPCTASK: EXP,2,476,23800,-106,-134,434,12,442,16,178,-150,-139,92,16,420,-51,43,420,-265,33,678,69,69,1,1,0,0,0,0,0,1,1,0,5,20787,9383,30252,1595152,0,0,0,3533846,5142865,0,476,423,0,0,1000,1000,7338370
MPCTASK: EXP,2,478,23902,-108,-101,435,31,385,-20,287,-194,-153,36,121,420,-59,67,420,-268,37,718,69,69,1,1,0,0,0,0,0,1,1,0,5,23691,8010,31770,1361623,0,0,0,4027329,5400990,0,478,425,0,0,1000,1000,7338370
MPCTASK: EXP,2,480,24001,-106,-79,435,60,312,-28,177,-193,-138,4,175,420,-64,88,420,-270,-24,578,69,69,1,1,0,0,0,0,0,1,1,0,5,19658,10621,30350,1805516,0,0,0,3341785,5159562,0,480,427,0,0,1000,1000,7338370
MPCTASK: EXP,2,482,24100,-95,-67,430,90,261,-34,-6,-72,-165,-3,187,420,-45,72,420,-276,-39,526,69,69,1,1,0,0,0,0,0,1,1,0,5,19354,10295,29718,1750035,0,0,0,3290157,5052256,0,482,429,0,0,1000,1000,7338370
MPCTASK: TRAJ DONE: idx=482, max=482; requesting landing
MPCTASK: LANDING: start z=0.42, hold=(-0.08,-0.06)
MPCTASK: TIMING SUMMARY: max_step_cycles=7338370 deadline_cycles=8400000 overruns=0
MPCTASK: POSTHOC SUMMARY: active=483 infeasible=430
MPCTASK: LANDING COMPLETE: t=30386 ms, x=-0.028, y=-0.040, z=0.022, vz=0.013; motors off
