SYS: Crazyflie 2.1 Brushless is up and running!
SYS: Build 2:de14ff9f08ae (2025.09.1 +2) MODIFIED
SYS: I am 0x373930393434471500370039 and I have 1024KB of flash!
CFGBLK: v1, verification [OK]
DECK_DISCOVERY: Backend found: onewire
DECK_DISCOVERY: Backend found: deckctrl
DECK_CORE: 1 deck(s) found
DECK_CORE: Calling INIT on driver bcFlow2 for deck 0
ZR2: Z-down sensor [OK]
PMW: Motion chip id: 0x49:0xB6
IMU: BMI088: Using I2C interface.
IMU: BMI088 Gyro connection [OK].
IMU: BMI088 Accel connection [OK]
IMU: BMP390 I2C connection [OK]
ESTIMATOR: Using Kalman (2) estimator
CONTROLLER: Using PID (1) controller
MTR-DRV: Using brushless motor driver
SYS: About to run tests in system.c.
SYS: NRF51 version: 2026.04 (C21B)
EEPROM: I2C connection [OK].
STORAGE: Storage check [OK].
IMU: BMI088 gyro self-test [OK]
DECK_CORE: Deck 0 test [OK].
SYS: Self test passed!
STAB: Wait for sensor calibration...
SYS: Free heap: 15048 bytes
MPCTASK: Waiting for activation ...
STAB: Starting stabilizer loop
STAB: WARNING: stabilizer loop rate is off (1004)
SUP: Ready to fly
MPCTASK: Benchmark mode 3, maneuver 4, max_iter 5, task_pri 0
MPCTASK: Reference altitude: 0.70 m; barrier skip when z>0.75 and vz>-0.20
MPCTASK: OOT takeoff: GATED cfclient trigger>=0.15m ramp=0.15m/s settle=+/-0.05m,vz<0.10m/s,1000ms timeout=12000ms
MPCTASK: Common baseline: mpc_hz=20 model_hz=20 rho=5 base_w=0 base_qz=1 Qz=100 R=4 bridge=x10 guards=z[ref,ref+0.20] xy=free cap=0.05
MPCTASK: MPC->PID: xyz=x10, z_guard=[ref,ref+0.20], yaw=raw_rz, output_hold=200ms, safety_hold=500ms
MPCTASK: Reference origin: xy=post_takeoff_settle z=0.70 m
MPCTASK: LIMO adaptive: cache=16x4 evals=1 timing=bar/rl/cache_cycles
MPCTASK: EXP every=2: m,s,tms,p3[mm],v3[mmps],att3[cdeg],ref3[mm],cmd3[mm],h/raw/grad/mar/thr[milli],act/ac/bind,wi/qi/cache/noa,pa/pf/du[milli],it,mpc/eval/total[us],bar/tanh/rl/cache/solve/step[cycles],overruns,post_active/post_infeasible_totals,wreq/w/qzreq/qz[milli],max_step_cycles
MPCTASK: Figure8: source=traj_fig8_12.h source_hz=100 samples=1205 laps=2 duration=24.07 s origin=post_takeoff_settle z_offset=0.09 m
CONTROLLER: Using OutOfTree (6) controller
MPCTASK: Trajectory origin: x=0.02 y=-0.07
MPCTASK: OOT activated at z=0.01
MPCTASK: TAKEOFF START: trigger_z=0.15 start_z=0.01 target=0.70 hold=(0.01,-0.09) ramp=0.15m/s
MPCTASK: OOT loop 1 done
MPCTASK: MPC task loop 1
MPCTASK: x0: pos=(0.01,-0.09,0.01) vel=(-0.0,0.02,0.0)
MPCTASK: OOT loop 2 done
MPCTASK: ref: (0.01,-0.09,0.01)
MPCTASK: OOT loop 3 done
MPCTASK: SAFE TV mode=3: h=0.0 raw=0.0 grad=0.0 margin=0.0 thr=0.0 active0=0 active_count=0 eval=13579 us
MPCTASK: MPC solve start
MPCTASK: MPC solve done, iter=5
MPCTASK: MPC time=23319 us
MPCTASK: MPC stack free=871 words
MPCTASK: setpoint: x=0.01 y=-0.09 z=0.08 preview_z=0.08
MPCTASK: MPC task loop 2
MPCTASK: MPC task loop 3
MPCTASK: Cache level changed: 0 -> 1
MPCTASK: TAKEOFF SETTLING: z=0.72 vz=0.09; hold for 1000ms
MPCTASK: TAKEOFF SETTLING: z=0.74 vz=-0.06; hold for 1000ms
MPCTASK: TAKEOFF SETTLING: z=0.74 vz=-0.08; hold for 1000ms
MPCTASK: TAKEOFF SETTLING: z=0.73 vz=-0.09; hold for 1000ms
MPCTASK: TAKEOFF SETTLING: z=0.73 vz=-0.09; hold for 1000ms
MPCTASK: TAKEOFF COMPLETE: t=9554ms z=0.73 vz=0.0; trajectory queued origin=(-0.07,0.0)
MPCTASK: TRAJ START: z=0.73 origin=(-0.07,0.0) EXP clock reset; Z metric begins at t+3s
MPCTASK: EXP,3,2,85,-66,4,738,156,2,-20,754,-253,-354,-76,1,700,-28,171,700,34,160,669,69,300,1,3,3,15,3,1,1,0,0,0,5,23799,10894,34961,1851911,0,1779,22898,4045829,5943593,0,0,0,983,1000,1399,1400,6255584
MPCTASK: EXP,3,4,185,-18,-47,734,229,-161,-44,58,-85,-350,-87,20,700,69,118,700,25,357,836,69,300,1,3,3,15,3,1,1,0,0,0,5,25588,8176,34861,1389840,0,1779,65144,4349893,5926547,0,0,0,984,1000,1399,1400,6255584
MPCTASK: EXP,3,6,283,42,-48,729,257,-66,-32,-885,414,-350,-121,87,700,143,185,700,23,-33,1424,69,300,1,3,1,15,3,1,1,0,0,0,5,21162,10109,32092,1718431,0,42566,24451,3597373,5455840,0,0,0,988,1000,1399,1400,6306358
MPCTASK: EXP,3,8,381,97,-26,730,237,137,-2,-976,398,-383,-174,207,700,220,249,700,29,108,1188,69,300,1,3,3,15,3,1,1,0,0,0,5,20093,8686,29638,1476554,0,2203,24050,3415750,5038581,0,0,0,990,1000,1399,1400,6306358
MPCTASK: EXP,3,10,486,127,35,731,206,359,-16,-921,210,-358,-229,366,700,271,345,700,28,-43,1459,69,300,1,3,3,15,3,1,1,0,0,0,5,23735,10840,34843,1842722,0,1779,22898,4034957,5923343,0,0,0,993,1000,1399,1400,6306358
MPCTASK: EXP,3,12,586,120,107,726,154,535,-31,-573,48,-340,-267,545,700,260,413,700,20,-23,936,69,300,1,3,3,15,3,1,1,0,0,0,5,23049,11257,35203,1913607,0,2115,129851,3918217,5984568,0,0,0,994,1000,1399,1400,6306358
MPCTASK: EXP,3,14,685,150,192,720,194,654,-24,-281,-232,-247,-275,724,700,309,481,700,15,19,892,69,300,1,3,3,15,3,1,1,0,0,0,5,21851,10303,32906,1751432,0,1780,75153,3714505,5594058,0,0,0,996,1000,1399,1400,6306358
MPCTASK: EXP,3,16,788,157,241,720,220,650,9,80,-253,-196,-244,884,700,303,468,700,20,102,553,69,300,1,3,3,15,3,1,1,0,0,0,5,24969,9071,35427,1542002,0,1779,187913,4244649,6022605,0,0,0,997,1000,1399,1400,6367769
MPCTASK: EXP,3,18,887,166,286,721,243,592,14,306,-245,-140,-175,1013,699,288,451,699,21,136,515,69,300,1,3,3,15,3,1,1,0,0,0,5,19563,14865,35075,2526979,0,1779,22898,3325585,5962837,0,0,0,997,1000,1399,1400,6427578
MPCTASK: EXP,3,20,990,173,344,725,249,527,12,507,-124,-78,-74,1102,699,255,444,699,25,94,644,69,300,1,3,3,15,3,1,1,0,0,0,5,24461,12256,37780,2083335,0,1779,158112,4158281,6422698,0,0,0,997,1000,1399,1400,6444097
MPCTASK: EXP,3,22,1086,198,369,727,258,397,-7,625,20,-27,44,1148,699,234,381,699,25,76,781,69,300,1,3,3,15,3,1,1,0,0,0,5,22113,10482,33522,1781836,0,65979,71292,3759157,5698912,0,0,0,997,1000,1399,1400,6444097
MPCTASK: EXP,3,24,1186,214,389,728,223,266,-11,689,260,-2,166,1150,699,190,328,699,26,154,620,69,300,1,3,3,15,3,1,1,0,0,0,5,24449,8301,33503,1411006,0,2072,42733,4156374,5695634,0,0,0,997,1000,1399,1400,6444097
MPCTASK: EXP,3,26,1281,280,349,728,231,55,-25,782,432,-54,276,1111,699,198,183,699,23,-10,1150,69,300,1,3,3,15,3,1,1,0,0,0,5,17745,10014,29035,1702361,0,2653,23735,3016457,4936025,0,0,0,997,1000,1399,1400,6444097
MPCTASK: EXP,3,28,1387,294,337,724,123,-80,-36,610,785,-73,359,1035,700,113,124,700,17,66,1032,69,300,1,3,1,15,3,1,1,0,0,0,5,25274,9164,34957,1557779,0,1779,65161,4296617,5942756,0,0,0,997,1000,1399,1400,6444097
MPCTASK: EXP,3,30,1488,288,304,721,-47,-212,-26,610,917,-67,403,927,700,33,26,700,16,218,644,69,300,1,3,3,15,3,1,1,0,0,0,5,23123,10855,34625,1845347,0,1779,87207,3930898,5886231,0,0,0,997,1000,1399,1400,6444097
MPCTASK: EXP,3,32,1583,291,218,717,-199,-395,-27,589,875,-165,402,792,700,-11,-128,700,12,149,854,69,300,1,3,3,15,3,1,1,0,0,0,5,21751,7991,30009,1358355,0,1779,22898,3697565,5101601,0,0,0,997,1000,1399,1400,6444097
MPCTASK: EXP,3,34,1684,300,119,713,-323,-551,-19,436,845,-282,355,636,700,-27,-267,700,9,30,1222,69,300,1,3,3,15,3,1,1,0,0,0,5,20772,9946,30994,1690685,0,1779,23681,3531109,5269161,0,0,0,997,1000,1399,1400,6444097
MPCTASK: EXP,3,36,1784,241,69,708,-499,-596,-15,222,803,-216,264,464,700,-119,-315,700,5,74,1012,69,300,1,3,3,15,3,1,1,0,0,0,5,19514,10201,30982,1734159,0,42540,24455,3317389,5267055,0,0,0,996,1000,1399,1400,6545486
MPCTASK: EXP,3,38,1890,175,4,706,-631,-632,6,156,438,-187,139,281,700,-150,-382,700,6,-28,868,69,300,1,3,3,15,3,1,1,0,0,0,5,23574,11432,36115,1943308,0,1780,164692,4007557,6139754,0,0,0,995,1000,1399,1400,6545486
MPCTASK: EXP,3,40,1989,101,-62,705,-696,-655,16,102,123,-175,-7,93,700,-174,-447,700,5,-9,992,69,300,1,3,3,15,3,1,1,0,0,0,5,23937,10542,35050,1792163,0,1780,74468,4069158,5958565,0,0,0,994,1000,1399,1400,6545486
MPCTASK: EXP,3,42,2088,7,-102,709,-714,-642,40,98,-278,-100,-162,-96,700,-191,-479,700,9,-25,841,69,300,1,3,3,15,3,1,1,0,0,0,5,21597,11398,34297,1937490,0,110265,22909,3671396,5830601,0,0,0,993,1000,1399,1400,6545486
MPCTASK: EXP,3,44,2187,-76,-146,719,-657,-635,56,126,-647,-69,-309,-282,700,-190,-512,700,19,26,832,69,300,1,3,3,15,3,1,1,0,0,0,5,23382,10196,34375,1733227,0,2179,24047,3974913,5843856,0,0,0,993,1000,1399,1400,6545486
MPCTASK: EXP,3,46,2289,-126,-191,730,-519,-621,43,99,-858,-75,-434,-460,700,-150,-533,700,30,190,611,69,300,1,3,3,15,3,1,1,0,0,0,5,21200,13093,34859,2149211,0,2776,72181,3603985,5926132,0,0,0,993,1000,1399,1400,6545486
MPCTASK: EXP,3,48,2388,-166,-225,735,-367,-592,-3,49,-977,-67,-525,-627,700,-102,-545,700,35,214,709,69,300,1,3,3,15,3,1,1,0,0,0,5,25172,8208,34174,1395136,0,1779,112072,4279169,5809674,0,0,0,994,1000,1399,1400,6545486
MPCTASK: EXP,3,50,2484,-184,-263,731,-190,-566,-57,4,-1006,-46,-571,-777,700,-46,-547,700,19,221,940,69,300,1,3,3,15,3,1,1,0,0,0,5,20306,10170,31249,1728772,0,1779,108774,3451925,5312438,0,0,0,995,1000,1399,1400,6545486
MPCTASK: EXP,3,52,2588,-189,-292,724,-7,-525,-62,-16,-1001,-70,-568,-909,700,25,-532,700,11,217,974,69,300,1,3,3,15,3,1,1,0,0,0,5,22024,11572,34676,1967076,0,1780,141569,3744113,5895171,0,0,0,996,1000,1399,1400,6545486
MPCTASK: EXP,3,54,2685,-167,-337,716,183,-512,-60,-49,-934,-82,-518,-1017,700,94,-552,700,3,134,1188,69,300,1,3,3,15,3,1,1,0,0,0,5,21226,9402,31272,1598261,0,1779,87207,3608222,5316274,0,0,0,997,1000,1399,1400,6545486
MPCTASK: EXP,3,56,2789,-138,-350,707,340,-445,-48,-145,-739,-164,-423,-1101,700,141,-497,700,-2,64,1044,69,300,1,3,3,15,3,1,1,0,0,0,5,25460,8342,35131,1418025,0,22440,183089,4328045,5972480,0,0,0,998,1000,1399,1400,6545486
MPCTASK: EXP,3,58,2889,-93,-371,704,465,-393,-8,-150,-561,-225,-295,-1158,700,194,-482,700,2,133,597,69,300,1,3,3,15,3,1,1,0,0,0,5,24700,10939,35908,1859659,0,1779,22898,4199029,6104378,0,0,0,998,1000,1399,1400,6545486
MPCTASK: EXP,3,60,2989,-47,-382,706,539,-325,25,-261,-297,-275,-145,-1187,700,200,-434,700,6,52,725,69,300,1,3,3,15,3,1,1,0,0,0,5,24726,9560,34871,1624973,0,1779,76713,4203409,5928194,0,0,0,998,1000,1399,1400,6545486
MPCTASK: EXP,3,62,3089,-3,-393,712,554,-249,34,-342,0,-280,11,-1186,700,182,-383,700,12,55,704,69,300,1,3,3,15,3,1,1,0,0,0,5,21689,11936,34011,2029071,0,1779,41737,3687066,5781877,0,0,0,998,1000,1399,1400,6545486
MPCTASK: EXP,3,64,3190,45,-389,716,528,-149,13,-411,318,-269,160,-1156,700,156,-313,700,16,30,797,69,300,1,3,3,15,3,1,1,0,0,0,5,25480,9122,35127,1550741,0,1779,66471,4331471,5971608,0,0,0,998,1000,1399,1400,6816668
MPCTASK: EXP,3,66,3290,83,-384,722,443,-50,3,-483,570,-237,285,-1098,700,120,-242,700,22,114,622,69,300,1,3,3,15,3,1,1,0,0,0,5,21636,12899,35570,2192729,0,1897,152972,3677962,6046932,0,0,0,998,1000,1399,1400,6816668
MPCTASK: EXP,3,68,3389,110,-374,722,334,46,-19,-514,743,-204,375,-1012,700,78,-176,700,18,170,613,69,300,1,3,3,15,3,1,1,0,0,0,5,23773,10165,34470,1727841,0,1779,68389,4041270,5860083,0,0,0,997,1000,1399,1400,6816668
MPCTASK: EXP,3,70,3489,125,-360,719,171,157,-35,-579,826,-158,421,-902,700,-4,-100,700,11,207,603,69,300,1,3,3,15,3,1,1,0,0,0,5,21604,9468,31873,1609446,0,1779,85295,3672262,5418522,0,0,0,997,1000,1399,1400,6816668
MPCTASK: EXP,3,72,3593,133,-320,715,23,290,-41,-602,896,-75,418,-770,700,-63,-3,700,7,205,683,69,300,1,3,3,15,3,1,1,0,0,0,5,26222,9464,36541,1608879,0,1779,123164,4457686,6212125,0,0,0,997,1000,1399,1400,6816668
MPCTASK: EXP,3,74,3689,119,-292,711,-140,391,-40,-617,868,-36,367,-618,700,-131,81,700,2,187,707,69,300,1,3,3,15,3,1,1,0,0,0,5,21892,9838,32218,1672335,0,1780,58983,3721565,5477001,0,0,0,996,1000,1399,1400,6816668
MPCTASK: EXP,3,76,3790,101,-285,704,-265,442,-39,-596,720,-43,273,-451,700,-163,109,700,-2,101,838,69,300,1,3,3,15,3,1,1,0,0,0,5,23183,8919,33763,1516014,0,1898,66875,3941061,5739795,0,0,0,995,1000,1399,1400,6816668
MPCTASK: EXP,3,78,3887,49,-216,702,-406,581,-7,-633,569,-17,144,-273,700,-204,233,700,1,132,625,69,300,1,3,3,15,3,1,1,0,0,0,5,18591,10995,30070,1868993,0,1779,33686,3160354,5148084,0,0,0,993,1000,1399,1400,6816668
MPCTASK: EXP,3,80,3994,-6,-151,700,-501,689,5,-527,272,-26,-5,-89,700,-216,311,700,0,-37,886,69,300,1,3,3,15,3,1,1,0,0,0,5,25957,10790,38068,1834146,0,1987,103410,4412542,6471760,0,0,0,991,1000,1399,1400,6816668
MPCTASK: EXP,3,82,4090,-59,-100,701,-519,741,20,-396,-91,-42,-163,97,700,-208,362,700,1,-15,881,69,300,1,3,3,15,3,1,1,0,0,0,5,22064,10999,33844,1869671,0,1779,110082,3750841,5753419,0,0,0,992,1000,1399,1400,7072645
MPCTASK: EXP,3,84,4190,-103,-55,705,-463,752,33,-287,-422,-29,-311,282,700,-176,391,700,5,83,626,69,300,1,3,3,15,3,1,1,0,0,0,5,22826,9483,33063,1612144,0,1779,104749,3880353,5620655,0,0,0,993,1000,1399,1400,7072645
MPCTASK: EXP,3,86,4290,-150,27,714,-368,797,34,-225,-633,17,-437,460,700,-140,476,700,14,138,598,69,300,1,3,3,15,3,1,1,0,0,0,5,25202,7034,32871,1195711,0,1779,84650,4284225,5588131,0,0,0,994,1000,1399,1400,7072645
MPCTASK: EXP,3,88,4391,-177,105,719,-250,817,3,-89,-769,60,-527,626,700,-100,527,700,19,141,695,69,300,1,3,3,15,3,1,1,0,0,0,5,24221,7173,33520,1219227,0,1779,83428,4117457,5698545,0,0,0,995,1000,1399,1400,7072645
MPCTASK: EXP,3,90,4493,-183,174,719,-99,807,-27,12,-832,90,-573,777,700,-14,562,700,14,223,590,69,300,1,3,3,15,3,1,1,0,0,0,5,22264,12807,36041,2177015,0,2203,24049,3784693,6127137,0,0,0,996,1000,1399,1400,7072645
MPCTASK: EXP,3,92,4592,-179,237,716,52,775,-40,91,-817,116,-570,909,700,38,588,700,7,185,681,69,300,1,3,3,15,3,1,1,0,0,0,5,21839,10301,32952,1721370,0,2650,23211,3712669,5601918,0,0,0,997,1000,1399,1400,7072645
MPCTASK: EXP,3,94,4689,-156,299,709,208,731,-48,219,-768,130,-519,1019,700,107,596,700,0,156,741,69,300,1,3,3,15,3,1,1,0,0,0,5,19937,9832,30240,1671369,0,1782,23059,3389273,5140941,0,0,0,998,1000,1399,1400,7072645
MPCTASK: EXP,3,96,4793,-51,362,706,450,680,-24,324,-647,136,-424,1103,700,240,581,700,1,-24,1032,69,300,1,3,3,15,3,1,1,0,0,0,5,23905,9521,34508,1618575,0,2176,24050,4063802,5866404,0,0,0,998,1000,1399,1400,7072645
MPCTASK: EXP,3,98,4892,2,405,702,546,583,-23,475,-307,122,-295,1160,700,268,548,700,-1,74,735,69,300,1,3,3,15,3,1,1,0,0,0,5,22199,10497,34036,1784451,0,2116,64560,3773657,5786283,0,0,0,998,1000,1399,1400,7072645
MPCTASK: EXP,3,100,4993,48,440,702,566,465,-6,598,-47,98,-145,1189,700,263,503,700,0,85,738,69,300,1,3,3,15,3,1,1,0,0,0,5,23080,9992,33953,1698626,0,1779,24052,3923573,5772104,0,0,0,998,1000,1399,1400,7072645
MPCTASK: EXP,3,102,5091,90,462,705,536,325,16,681,215,82,11,1188,700,236,432,700,5,90,754,69,300,1,3,3,15,3,1,1,0,0,0,5,23402,8224,31966,1398058,0,2035,34889,3978298,5434267,0,0,0,998,1000,1399,1400,7072645
MPCTASK: EXP,3,104,5193,118,475,709,452,188,5,705,474,75,160,1159,700,178,374,700,9,66,858,69,300,1,3,3,15,3,1,1,0,0,0,5,24146,10155,35110,1726359,0,1779,114373,4104861,5968729,0,0,0,998,1000,1399,1400,7072645
MPCTASK: EXP,3,106,5291,143,484,709,339,59,-5,732,654,62,285,1100,700,119,316,700,8,107,764,69,300,1,3,3,15,3,1,1,0,0,0,5,21933,10088,32542,1714834,0,1780,65709,3728521,5532208,0,0,0,998,1000,1399,1400,7072645
MPCTASK: EXP,3,108,5394,166,469,708,210,-91,-18,748,767,31,375,1015,700,57,215,700,4,208,597,69,300,1,3,3,15,3,1,1,0,0,0,5,22695,10401,34310,1768115,0,75983,47621,3857997,5832771,0,0,0,997,1000,1399,1400,7072645
MPCTASK: EXP,3,110,5490,160,443,705,46,-238,-25,722,848,21,421,905,700,-37,112,700,0,214,599,69,300,1,3,3,15,3,1,1,0,0,0,5,20110,8883,29257,1509967,0,1779,22898,3418601,4973859,0,0,0,997,1000,1399,1400,7072645
MPCTASK: EXP,3,112,5597,132,404,697,-133,-384,-36,734,847,29,419,772,700,-142,24,700,-9,195,644,69,300,1,3,3,15,3,1,1,0,0,0,5,24827,11138,36818,1893467,0,1779,122245,4220529,6259040,0,0,0,997,1000,1399,1400,7072645
MPCTASK: EXP,3,114,5691,98,343,694,-295,-537,-6,656,757,16,367,620,700,-192,-109,700,-6,129,712,69,300,1,3,3,15,3,1,1,0,0,0,5,19400,10183,30663,1731016,0,1779,83080,3297894,5212716,0,0,0,997,1000,1399,1400,7072645
MPCTASK: EXP,3,116,5794,56,281,693,-425,-648,7,561,686,1,273,454,700,-267,-186,700,-6,118,674,69,300,1,3,3,15,3,1,1,0,0,0,5,22596,10583,34093,1799062,0,1779,68465,3841194,5795807,0,0,0,996,1000,1399,1400,7072645
MPCTASK: EXP,3,118,5897,34,165,693,-508,-800,15,487,435,-103,144,276,700,-243,-350,700,-6,82,662,69,300,1,3,3,15,3,1,1,0,0,0,5,25976,9530,36561,1620053,0,2115,127658,4415921,6215469,0,0,0,995,1000,1399,1400,7072645
MPCTASK: EXP,3,120,5995,-32,103,694,-584,-836,26,254,258,-37,-5,91,700,-275,-380,700,-5,14,873,69,300,1,3,3,15,3,1,1,0,0,0,5,24601,9158,34971,1556819,0,1779,65304,4182097,5945165,0,0,0,993,1000,1399,1400,7072645
MPCTASK: EXP,3,122,6094,-103,26,701,-612,-866,54,213,-132,1,-163,-95,700,-268,-450,700,1,-15,924,69,300,1,3,3,15,3,1,1,0,0,0,5,21326,10735,32594,1824908,0,1781,46628,3625269,5540967,0,0,0,993,1000,1399,1400,7072645
MPCTASK: EXP,3,124,6195,-170,-32,711,-571,-852,59,93,-470,23,-311,-280,700,-257,-483,700,11,36,748,69,300,1,3,3,15,3,1,1,0,0,0,5,23143,9235,33061,1569766,0,2651,23211,3934214,5620433,0,0,0,993,1000,1399,1400,7072645
MPCTASK: EXP,3,126,6298,-218,-107,721,-468,-844,38,18,-766,1,-437,-458,700,-217,-531,700,21,85,815,69,300,1,3,3,15,3,1,1,0,0,0,5,24272,11135,36231,1892896,0,1779,115185,4126269,6159454,0,0,0,994,1000,1399,1400,7072645
MPCTASK: EXP,3,128,6398,-249,-169,726,-318,-807,0,-78,-947,-51,-527,-624,700,-160,-555,700,26,181,789,69,300,1,3,3,15,3,1,1,0,0,0,5,24521,11300,36917,1920953,0,1780,162913,4168542,6276032,0,0,0,995,1000,1399,1400,7072645
MPCTASK: EXP,3,130,6497,-260,-222,723,-157,-764,-53,-145,-1030,-120,-573,-775,700,-93,-562,700,13,207,1047,69,300,1,3,3,15,3,1,1,0,0,0,5,25138,9923,35574,1686838,0,1779,65135,4273389,6047750,0,0,0,996,1000,1399,1400,7072645
MPCTASK: EXP,3,132,6593,-259,-272,717,49,-692,-59,-200,-1039,-238,-570,-907,700,-15,-558,700,5,179,1250,69,300,1,3,3,15,3,1,1,0,0,0,5,21047,9777,31171,1661989,0,1782,22899,3578033,5299144,0,0,0,997,1000,1399,1400,7072645
MPCTASK: EXP,3,134,6694,-231,-320,709,248,-634,-57,-255,-960,-317,-519,-1016,700,64,-555,700,-1,135,1240,69,300,1,3,3,15,3,1,1,0,0,0,5,23341,9024,32951,1533945,0,1779,22898,3967893,5601759,0,0,0,998,1000,1399,1400,7072645
MPCTASK: EXP,3,136,6795,-197,-347,703,407,-546,-38,-304,-773,-390,-424,-1101,700,109,-517,700,-4,126,844,69,300,1,3,3,15,3,1,1,0,0,0,5,23798,10048,34366,1708040,0,1779,63614,3993971,5842448,0,0,0,998,1000,1399,1400,7072645
MPCTASK: EXP,3,138,6898,-149,-368,702,526,-470,-4,-280,-553,-442,-295,-1158,700,149,-488,700,1,60,790,69,300,1,3,3,15,3,1,1,0,0,0,5,23488,11957,36383,2032655,0,42553,24449,3992945,6185167,0,0,0,998,1000,1399,1400,7072645
MPCTASK: EXP,3,140,7000,-95,-382,702,598,-372,9,-338,-200,-503,-145,-1187,700,144,-437,700,2,17,853,69,300,1,3,3,15,3,1,1,0,0,0,5,23862,11670,36776,1983810,0,1780,188822,4056569,6252019,0,0,0,998,1000,1399,1400,7072645
MPCTASK: EXP,3,142,7096,-34,-384,705,616,-267,21,-363,123,-522,11,-1186,700,149,-373,700,5,34,784,69,300,1,3,3,15,3,1,1,0,0,0,5,24463,8048,33062,1368070,0,1779,22898,4158629,5620665,0,0,0,998,1000,1399,1400,7072645
MPCTASK: EXP,3,144,7200,12,-381,708,558,-161,13,-416,449,-486,160,-1156,700,111,-306,700,8,13,842,69,300,1,3,3,15,3,1,1,0,0,0,5,25751,10347,37070,1758924,0,1780,141319,4377753,6302014,0,0,0,998,1000,1399,1400,7072645
MPCTASK: EXP,3,146,7298,56,-379,714,471,-67,17,-479,712,-399,285,-1098,700,70,-242,700,14,42,885,69,300,1,3,3,15,3,1,1,0,0,0,5,22839,10203,33580,1734459,0,1779,68328,3882549,5708632,0,0,0,998,1000,1399,1400,7072645
MPCTASK: EXP,3,148,7402,93,-376,718,317,43,-5,-589,948,-272,375,-1013,700,10,-173,700,17,127,975,69,300,1,3,3,15,3,1,1,0,0,0,5,23502,13084,37103,2224286,0,1779,65232,3995278,6307505,0,0,0,998,1000,1399,1400,7072645
MPCTASK: EXP,3,150,7496,105,-346,716,139,185,-41,-664,1034,-155,421,-902,700,-60,-68,700,7,165,1116,69,300,1,3,3,15,3,1,1,0,0,0,5,19720,10105,31635,1717783,0,1779,285131,3352333,5377977,0,0,0,998,1000,1399,1400,7072645
MPCTASK: EXP,3,152,7600,107,-294,709,-40,344,-64,-651,1015,-32,419,-770,700,-125,57,700,-3,123,1406,69,300,1,3,3,15,3,1,1,0,0,0,5,21902,13022,35580,2213524,0,1779,64871,3723345,6048738,0,0,0,997,1000,1399,1400,7072645
MPCTASK: EXP,3,154,7698,89,-255,702,-209,449,-48,-588,909,20,367,-618,700,-188,124,700,-7,91,1219,69,300,1,3,3,15,3,1,1,0,0,0,5,20477,10568,32746,1796436,0,204538,62346,3481073,5566901,0,0,0,997,1000,1399,1400,7072645
MPCTASK: EXP,3,156,7801,56,-229,697,-363,521,-24,-587,755,27,273,-451,700,-245,181,700,-7,124,768,69,300,1,3,3,15,3,1,1,0,0,0,5,24675,11813,36755,2008145,0,1779,22898,4194573,6248361,0,0,0,996,1000,1399,1400,7072645
MPCTASK: EXP,3,158,7897,10,-204,696,-482,584,12,-582,534,15,144,-273,700,-280,236,700,-3,94,671,69,300,1,3,3,15,3,1,1,0,0,0,5,20742,11877,32886,2019041,0,1779,22898,3525985,5590749,0,0,0,994,1000,1399,1400,7072645
MPCTASK: EXP,3,160,7998,-40,-159,697,-553,655,22,-544,270,19,-5,-88,700,-293,297,700,-2,24,838,69,300,1,3,3,15,3,1,1,0,0,0,5,23685,9479,34066,1611416,0,1779,130377,4026461,5791273,0,0,0,992,1000,1399,1400,7072645
MPCTASK: EXP,3,162,8100,-105,-93,699,-588,740,20,-456,-11,30,-163,98,700,-305,381,700,0,14,841,69,300,1,3,3,15,3,1,1,0,0,0,5,25101,9831,35533,1671139,0,1781,23056,4267181,6040710,0,0,0,992,1000,1399,1400,7072645
MPCTASK: EXP,3,164,8199,-158,-36,703,-555,778,24,-340,-308,44,-311,282,700,-284,428,700,3,12,847,69,300,1,3,3,15,3,1,1,0,0,0,5,24827,9889,34985,1681173,0,1779,22898,4220425,5947510,0,0,0,993,1000,1399,1400,7072645
MPCTASK: EXP,3,166,8298,-228,88,707,-507,887,16,-170,-579,76,-437,460,700,-241,533,700,7,-44,812,69,300,1,3,3,15,3,1,1,0,0,0,5,24238,9147,34173,1554945,0,1779,65195,4120281,5809469,0,0,0,994,1000,1399,1400,7072645
MPCTASK: EXP,3,168,8397,-257,152,711,-365,860,0,52,-882,96,-527,626,700,-192,564,700,11,101,1003,69,300,1,3,3,15,3,1,1,0,0,0,5,22346,9396,32945,1597205,0,1780,157846,3798633,5600682,0,0,0,995,1000,1399,1400,7072645
MPCTASK: EXP,3,170,8500,-273,213,717,-192,810,-1,137,-992,111,-573,777,700,-120,580,700,17,223,689,69,300,1,3,3,15,3,1,1,0,0,0,5,22502,12447,35693,2115925,0,1779,94979,3825345,6067906,0,0,0,996,1000,1399,1400,7072645
MPCTASK: EXP,3,172,8600,-243,261,715,31,741,-42,213,-983,102,-570,909,700,-9,571,700,6,127,1259,69,300,1,3,3,15,3,1,1,0,0,0,5,21999,12468,35100,2119480,0,1780,84930,3739831,5967016,0,0,0,997,1000,1399,1400,7072645
MPCTASK: EXP,3,174,8699,-231,303,709,194,658,-51,276,-873,49,-518,1018,700,38,548,700,0,181,800,69,300,1,3,3,15,3,1,1,0,0,0,5,24860,8836,34512,1502129,0,1779,115656,4226065,5867177,0,0,0,997,1000,1399,1400,7072645
MPCTASK: EXP,3,176,8799,-205,337,702,343,561,-42,395,-781,3,-424,1103,700,86,517,700,-6,111,904,69,300,1,3,3,15,3,1,1,0,0,0,5,21467,11105,34631,1887829,0,1779,23212,3649310,5887402,0,0,0,998,1000,1399,1400,7072645
MPCTASK: EXP,3,178,8900,-151,371,698,486,460,-28,455,-578,-33,-295,1160,700,141,473,700,-7,37,906,69,300,1,3,3,15,3,1,1,0,0,0,5,25717,9438,35785,1604432,0,1779,84758,4371885,6083476,0,0,0,998,1000,1399,1400,7072645
MPCTASK: EXP,3,180,9001,-91,391,691,575,348,-34,484,-274,-47,-145,1189,700,156,423,700,-15,25,914,69,300,1,3,3,15,3,1,1,0,0,0,5,23138,13019,36536,2213078,0,1779,22898,3933325,6211076,0,0,0,998,1000,1399,1400,7072645
MPCTASK: EXP,3,182,9101,-31,404,692,598,232,8,555,69,-54,11,1188,700,146,364,700,-7,-29,933,69,300,1,3,3,15,3,1,1,0,0,0,5,27020,9605,37109,1632775,0,1782,23061,4593253,6308681,0,0,0,998,1000,1399,1400,7072645
MPCTASK: EXP,3,184,9199,25,415,695,558,125,31,580,402,-68,160,1159,700,137,311,700,-4,31,828,69,300,1,3,3,15,3,1,1,0,0,0,5,22069,11407,35062,1939069,0,1812,159880,3751565,5960634,0,0,0,998,1000,1399,1400,7072645
MPCTASK: EXP,3,186,9300,80,425,703,469,31,44,588,673,-88,285,1101,700,109,266,700,3,109,659,69,300,1,3,3,15,3,1,1,0,0,0,5,22237,12256,35134,2083480,0,1779,24049,3780118,5972869,0,0,0,998,1000,1399,1400,7072645
MPCTASK: EXP,3,188,9399,118,398,707,340,-102,2,597,841,-85,375,1016,700,56,149,700,7,192,614,69,300,1,3,3,15,3,1,1,0,0,0,5,21502,12961,34921,2203302,0,1779,22898,3655302,5936570,0,0,0,998,1000,1399,1400,7072645
MPCTASK: EXP,3,190,9504,128,380,705,167,-202,-30,573,950,-60,420,906,700,-18,108,700,0,219,694,69,300,1,3,3,15,3,1,1,0,0,0,5,25735,13969,40053,2374678,0,1954,34465,4374949,6808992,0,0,0,998,1000,1399,1400,7072645
MPCTASK: EXP,3,192,9598,117,346,700,-25,-317,-38,585,922,-20,417,774,700,-111,4,700,-6,177,835,69,300,1,3,3,15,3,1,1,0,0,0,5,21037,12340,34385,2097741,0,1781,46667,3576185,5845566,0,0,0,997,1000,1399,1400,7072645
MPCTASK: EXP,3,194,9699,91,276,695,-206,-466,-36,508,863,-3,365,623,700,-170,-124,700,-12,75,1157,69,300,1,3,3,15,3,1,1,0,0,0,5,23652,9281,34058,1577665,0,32930,24428,4020837,5789964,0,0,0,997,1000,1399,1400,7072645
MPCTASK: EXP,3,196,9801,51,213,690,-369,-565,-17,433,740,18,271,456,700,-227,-202,700,-12,-26,1153,69,300,1,3,3,15,3,1,1,0,0,0,5,23702,11625,36126,1976021,0,1779,22904,4029326,6141614,0,0,0,996,1000,1399,1400,7072645
MPCTASK: EXP,3,198,9895,-6,150,687,-496,-649,6,428,416,36,142,278,700,-262,-292,700,-12,3,894,69,300,1,3,3,15,3,1,1,0,0,0,5,21116,9599,31227,1631706,0,1779,64038,3589781,5308709,0,0,0,995,1000,1399,1400,7072645
MPCTASK: EXP,3,200,9998,-53,99,685,-534,-692,24,317,102,44,-6,92,700,-265,-346,700,-14,39,773,69,300,1,3,3,15,3,1,1,0,0,0,5,20572,10593,32723,1800514,0,1902,218595,3497134,5562998,0,0,0,993,1000,1399,1400,7072645
MPCTASK: EXP,3,202,10100,-115,34,693,-542,-735,62,302,-165,35,-161,-96,700,-266,-408,700,-6,13,832,69,300,1,3,3,15,3,1,1,0,0,0,5,25082,9200,35007,1563985,0,2642,24298,4263905,5951177,0,0,0,993,1000,1399,1400,7072645
MPCTASK: EXP,3,204,10199,-163,-31,700,-485,-766,49,225,-452,39,-307,-284,700,-237,-466,700,0,107,571,69,300,1,3,3,15,3,1,1,0,0,0,5,24227,9054,34218,1539044,0,1779,22898,4118421,5817270,0,0,0,994,1000,1399,1400,7072645
MPCTASK: EXP,3,206,10303,-193,-106,710,-379,-788,35,120,-619,33,-429,-466,700,-200,-517,700,10,144,590,69,300,1,3,3,15,3,1,1,0,0,0,5,23622,14191,38559,2412449,0,2083,39130,4015773,6555172,0,0,0,994,1000,1399,1400,7072645
MPCTASK: EXP,3,208,10399,-219,-158,712,-259,-758,-2,29,-712,50,-516,-637,700,-169,-522,700,12,196,595,69,300,1,3,3,15,3,1,1,0,0,0,5,22026,11561,34171,1965183,0,1955,75943,3744289,5809086,0,0,0,995,1000,1399,1400,7072645
MPCTASK: EXP,3,210,10498,-224,-230,712,-111,-751,-23,-43,-788,37,-558,-792,700,-102,-559,700,7,152,721,69,300,1,3,3,15,3,1,1,0,0,0,5,23156,9174,33567,1559455,0,2972,52230,3936589,5706485,0,0,0,996,1000,1399,1400,7072645
MPCTASK: EXP,3,212,10599,-223,-282,710,24,-697,-28,-216,-720,24,-553,-926,700,-51,-530,700,4,185,593,69,300,1,3,3,15,3,1,1,0,0,0,5,22154,11798,34221,2005647,0,1779,22898,3766026,5817635,0,0,0,997,1000,1399,1400,7072645
MPCTASK: EXP,3,214,10700,-203,-341,704,162,-639,-38,-344,-692,5,-503,-1035,700,-17,-520,700,-3,156,641,69,300,1,3,3,15,3,1,1,0,0,0,5,24164,9661,35565,1642309,0,1955,24833,4107828,6046084,0,0,0,998,1000,1399,1400,7072645
MPCTASK: EXP,3,216,10800,-173,-378,700,285,-533,-20,-479,-520,-33,-414,-1113,699,12,-468,699,-3,64,780,69,300,1,3,3,15,3,1,1,0,0,0,5,21526,12528,34747,2129645,0,1779,85916,3659383,5907188,0,0,0,998,1000,1399,1400,7072645
MPCTASK: EXP,3,218,10898,-134,-396,698,370,-391,-6,-630,-282,-70,-298,-1156,699,31,-389,699,-2,58,842,69,300,1,3,3,15,3,1,1,0,0,0,5,22157,9518,33574,1618072,0,1811,177410,3766568,5707644,0,0,0,998,1000,1399,1400,7072645
MPCTASK: EXP,3,220,10996,-103,-397,700,388,-231,14,-688,-16,-98,-169,-1160,699,26,-313,699,0,96,744,69,300,1,3,3,15,3,1,1,0,0,0,5,19165,9411,31319,1599894,0,1983,158810,3257986,5324261,0,0,0,998,1000,1399,1400,7072645
MPCTASK: EXP,3,222,11095,-62,-397,701,382,-84,5,-738,196,-88,-44,-1122,699,30,-258,699,1,64,906,69,300,1,3,3,15,3,1,1,0,0,0,5,21135,9477,31184,1611046,0,1811,23214,3593013,5301348,0,0,0,998,1000,1399,1400,7072645
MPCTASK: EXP,3,224,11201,-20,-384,704,341,62,3,-720,408,-39,61,-1042,699,41,-198,699,4,135,666,69,300,1,3,3,15,3,1,1,0,0,0,5,24294,9387,36270,1595690,0,59357,292687,4129933,6166101,0,0,0,998,1000,1399,1400,7072645
MPCTASK: EXP,3,226,11296,5,-351,707,256,208,2,-628,511,0,134,-923,700,24,-136,700,7,131,619,69,300,1,3,3,15,3,1,1,0,0,0,5,18707,8462,30074,1438559,0,1990,88641,3179989,5112698,0,0,0,998,1000,1399,1400,7072645
MPCTASK: EXP,3,228,11401,21,-318,706,161,312,-16,-444,511,49,168,-771,700,15,-104,700,2,128,588,69,300,1,3,3,15,3,1,1,0,0,0,5,26478,7675,35164,1304703,0,1779,42411,4501237,5977941,0,0,0,997,1000,1399,1400,7072645
MPCTASK: EXP,3,230,11501,32,-279,701,74,379,-27,-248,456,109,161,-598,700,-5,-87,700,-4,78,724,69,300,1,3,3,15,3,1,1,0,0,0,5,21692,11223,33486,1907846,0,1779,24056,3687506,5692703,0,0,0,996,1000,1399,1400,7072645
MPCTASK: EXP,3,232,11601,34,-241,695,0,405,-22,-72,351,173,120,-419,700,0,-43,700,-9,113,570,69,300,1,3,3,15,3,1,1,0,0,0,5,20923,11319,32873,1924243,0,1779,84564,3556954,5588562,0,0,0,994,1000,1399,1400,7072645
MPCTASK: EXP,3,234,11703,30,-213,695,-58,381,1,100,268,220,59,-254,700,-42,-55,700,-4,115,523,69,300,1,3,3,15,3,1,1,0,0,0,5,25169,9934,35370,1688700,0,1779,22898,4278609,6013073,0,0,0,991,1000,1399,1400,7072645
MPCTASK: EXP,3,236,11799,14,-175,696,-103,362,7,122,154,248,-4,-121,700,-63,46,700,-3,157,561,69,300,1,3,3,15,3,1,1,0,0,0,5,21733,9964,31964,1693859,0,1779,22898,3694469,5434092,0,0,0,989,1000,1399,1400,7072645
MPCTASK: EXP,3,238,11901,0,-143,699,-130,333,15,103,85,254,-51,-36,700,-129,138,700,0,108,497,69,300,1,3,3,15,3,1,1,0,0,0,5,22815,10081,33808,1713621,0,2177,91240,3878501,5747350,0,0,0,990,1000,1399,1400,7072645
MPCTASK: EXP,3,240,12002,-16,-129,698,-148,302,0,-131,109,217,-73,-2,700,-165,223,700,-1,21,941,69,300,1,3,3,15,3,1,1,0,0,0,5,22276,10880,33425,1849589,0,1779,22898,3786849,5683205,0,0,0,990,1000,1399,1400,7072645
MPCTASK: EXP,3,242,12102,-10,-148,700,-141,276,6,-518,167,164,-75,1,700,-142,272,700,0,-10,713,69,300,1,3,2,15,3,1,1,0,0,0,5,24313,9143,33960,1554278,0,1779,62480,4132985,5773199,0,0,0,991,1000,1399,1400,7072645
MPCTASK: EXP,3,244,12203,-27,-134,703,-182,370,7,-913,268,120,-80,8,700,-115,302,700,3,19,1300,69,300,1,3,2,15,3,1,1,0,0,0,5,24366,10046,34931,1707762,0,1779,22898,4142193,5938281,0,0,0,992,1000,1399,1400,7072645
MPCTASK: EXP,3,246,12306,-48,-91,709,-223,536,17,-1027,130,52,-105,54,700,-87,369,700,9,19,1551,69,300,1,3,3,15,3,1,1,0,0,0,5,27065,9603,37464,1632316,0,1780,64644,4601010,6369109,0,0,0,992,1000,1399,1400,7072645
MPCTASK: EXP,3,248,12404,-78,-29,705,-234,703,-22,-868,-155,-24,-152,153,700,-53,435,700,1,-56,1388,69,300,1,3,3,15,3,1,1,0,0,0,5,23890,10450,35541,1776340,0,1779,182067,4061113,6041961,0,0,0,993,1000,1399,1400,7072645
MPCTASK: EXP,3,250,12502,-94,34,699,-173,815,-27,-583,-474,-53,-208,298,700,4,475,700,-5,-44,929,69,300,1,3,3,15,3,1,1,0,0,0,5,22194,10595,33585,1801059,0,1780,112532,3772937,5709606,0,0,0,994,1000,1399,1400,7072645
MPCTASK: EXP,3,252,12601,-113,124,698,-77,893,-4,-201,-729,-44,-255,472,700,49,517,700,-2,-45,989,69,300,1,3,3,15,3,1,1,0,0,0,5,22195,10032,32735,1705346,0,1779,22898,3773058,5565051,0,0,0,995,1000,1399,1400,7072645
MPCTASK: EXP,3,254,12703,-110,206,699,67,880,-3,224,-861,-9,-276,654,700,99,535,700,-1,-21,1317,69,300,1,3,3,15,3,1,1,0,0,0,5,22846,10351,34173,1759590,0,1779,141835,3883785,5809458,0,0,0,996,1000,1399,1400,7072645
MPCTASK: EXP,3,256,12803,-95,275,701,210,795,-10,492,-781,32,-261,823,700,138,525,700,0,33,1074,69,300,1,3,3,15,3,1,1,0,0,0,5,21286,12173,34011,2058714,0,2918,51184,3618506,5782070,0,0,0,996,1000,1399,1400,7072645
MPCTASK: EXP,3,258,12903,-58,338,702,341,681,-13,644,-559,57,-207,966,699,170,506,699,0,25,942,69,300,1,3,3,15,3,1,1,0,0,0,5,23909,9432,34232,1603358,0,2036,36824,4064417,5819410,0,0,0,997,1000,1399,1400,7072645
MPCTASK: EXP,3,260,13003,0,387,699,449,546,-21,724,-312,68,-117,1072,699,201,471,699,-4,-33,1124,69,300,1,3,3,15,3,1,1,0,0,0,5,23655,10213,34520,1736228,0,1780,23214,4021245,5868544,0,0,0,997,1000,1399,1400,7072645
MPCTASK: EXP,3,262,13103,40,421,697,469,393,-19,787,12,73,-4,1135,699,189,419,699,-6,23,1151,69,300,1,3,3,15,3,1,1,0,0,0,5,23845,10073,34668,1712402,0,1779,104913,4053565,5893650,0,0,0,998,1000,1399,1400,7072645
MPCTASK: EXP,3,264,13202,83,433,697,442,225,-6,805,284,59,118,1154,699,164,346,699,-4,33,1117,69,300,1,3,3,15,3,1,1,0,0,0,5,22373,9923,33028,1686800,0,1931,100943,3803297,5614765,0,0,0,998,1000,1399,1400,7072645
MPCTASK: EXP,3,266,13307,111,441,696,357,76,-9,788,538,30,235,1131,699,113,278,699,-5,87,911,69,300,1,3,3,15,3,1,1,0,0,0,5,29602,8681,39084,1475588,0,1779,113652,5032253,6644333,0,0,0,998,1000,1399,1400,7072645
MPCTASK: EXP,3,268,13399,132,433,694,239,-70,-11,750,671,-9,330,1069,699,53,196,699,-7,189,598,69,300,1,3,3,15,3,1,1,0,0,0,5,21526,8850,30976,1504332,0,1884,79440,3659325,5266030,0,0,0,998,1000,1399,1400,7072645
MPCTASK: EXP,3,270,13504,146,394,695,109,-240,0,765,737,-72,390,973,700,-9,71,700,-4,195,605,69,300,1,3,3,15,3,1,1,0,0,0,5,23400,9555,33707,1624306,0,1780,104025,3978005,5730241,0,0,0,998,1000,1399,1400,7072645
MPCTASK: EXP,3,272,13602,143,348,693,-34,-385,-4,654,805,-116,408,849,700,-62,-26,700,-7,147,704,69,300,1,3,3,15,3,1,1,0,0,0,5,21359,11047,32885,1878002,0,1779,33639,3630877,5590530,0,0,0,998,1000,1399,1400,7072645
MPCTASK: EXP,3,274,13702,122,288,693,-192,-515,2,597,784,-133,379,700,700,-152,-123,700,-6,123,758,69,300,1,3,3,15,3,1,1,0,0,0,5,22936,9283,32836,1578041,0,1779,81970,3898929,5582127,0,0,0,998,1000,1399,1400,7072645
MPCTASK: EXP,3,276,13803,90,231,694,-331,-614,17,561,696,-126,305,534,700,-200,-216,700,-5,137,631,69,300,1,3,3,15,3,1,1,0,0,0,5,22953,9966,33436,1694144,0,1779,63597,3901910,5684342,0,0,0,997,1000,1399,1400,7072645
MPCTASK: EXP,3,278,13902,34,171,692,-460,-694,6,400,536,-90,193,355,700,-256,-289,700,-7,131,582,69,300,1,3,3,15,3,1,1,0,0,0,5,21630,9972,32403,1695179,0,1779,49218,3677045,5508618,0,0,0,996,1000,1399,1400,7072645
MPCTASK: EXP,3,280,14002,28,83,688,-484,-775,5,313,302,-133,53,169,700,-205,-391,700,-11,118,528,69,300,1,3,3,15,3,1,1,0,0,0,5,20043,11050,32804,1878483,0,1779,209109,3407293,5576924,0,0,0,995,1000,1399,1400,7072645
MPCTASK: EXP,3,282,14107,-32,7,691,-541,-808,37,112,133,-101,-100,-20,700,-222,-441,700,-8,1,978,69,300,1,3,3,15,3,1,1,0,0,0,5,27423,9077,37744,1542936,0,36973,153298,4661885,6416507,0,0,0,993,1000,1399,1400,7072645
MPCTASK: EXP,3,284,14205,-86,-65,700,-536,-809,68,57,-221,-87,-252,-208,700,-200,-495,700,0,2,888,69,300,1,3,3,15,3,1,1,0,0,0,5,23114,12313,35976,2093127,0,2085,69128,3929425,6115886,0,0,0,993,1000,1399,1400,7072645
MPCTASK: EXP,3,286,14304,-141,-144,711,-479,-806,58,-57,-530,-73,-388,-390,700,-180,-549,700,11,30,775,69,300,1,3,3,15,3,1,1,0,0,0,5,24843,9012,34509,1531899,0,1779,65199,4223158,5866618,0,0,0,994,1000,1399,1400,7072645
MPCTASK: EXP,3,288,14404,-177,-206,718,-367,-764,20,-151,-740,-63,-493,-562,700,-140,-571,700,18,153,628,69,300,1,3,3,15,3,1,1,0,0,0,5,22124,11566,34704,1966099,0,98986,53059,3761085,5899909,0,0,0,995,1000,1399,1400,7072645
MPCTASK: EXP,3,290,14501,-200,-260,720,-226,-706,-18,-188,-867,-58,-558,-719,700,-92,-579,700,16,223,596,69,300,1,3,3,15,3,1,1,0,0,0,5,22126,7971,31653,1354963,0,1779,91016,3761273,5381116,0,0,0,996,1000,1399,1400,7072645
MPCTASK: EXP,3,292,14604,-207,-323,715,-64,-667,-55,-192,-914,-50,-575,-859,700,-28,-607,700,3,201,811,69,300,1,3,3,15,3,1,1,0,0,0,5,22621,11039,34679,1876508,0,1779,24055,3845589,5895427,0,0,0,997,1000,1399,1400,7072645
MPCTASK: EXP,3,294,14702,-197,-359,709,105,-586,-52,-284,-878,-65,-544,-977,700,40,-576,700,-1,187,789,69,300,1,3,3,15,3,1,1,0,0,0,5,22011,9585,32563,1629334,0,1779,97886,3741749,5535776,0,0,0,997,1000,1399,1400,7072645
MPCTASK: EXP,3,296,14803,-172,-381,701,263,-488,-41,-275,-786,-96,-466,-1071,700,96,-536,700,-6,186,649,69,300,1,3,3,15,3,1,1,0,0,0,5,22876,9604,33952,1632568,0,1779,121432,3888833,5771831,0,0,0,998,1000,1399,1400,7072645
MPCTASK: EXP,3,298,14906,-133,-401,699,401,-402,-14,-305,-620,-134,-350,-1139,700,144,-501,700,-3,76,796,69,300,1,3,3,15,3,1,1,0,0,0,5,25490,10620,37142,1805210,0,1779,121937,4333261,6314184,0,0,0,998,1000,1399,1400,7072645
MPCTASK: EXP,3,300,15005,-85,-418,698,497,-320,-3,-317,-387,-163,-207,-1179,700,178,-462,700,-2,87,638,69,300,1,3,3,15,3,1,1,0,0,0,5,21508,12413,34757,2110219,0,1779,53505,3656294,5908695,0,0,0,998,1000,1399,1400,7072645
MPCTASK: EXP,3,302,15104,-33,-414,697,546,-218,-7,-357,-118,-199,-51,-1190,700,187,-396,700,-4,75,680,69,300,1,3,3,15,3,1,1,0,0,0,5,23895,9982,34496,1696817,0,1779,81561,4062049,5864386,0,0,0,998,1000,1399,1400,7072645
MPCTASK: EXP,3,304,15202,2,-402,700,520,-109,13,-401,158,-219,102,-1172,700,155,-310,700,0,54,733,69,300,1,3,3,15,3,1,1,0,0,0,5,21163,10900,32501,1852993,0,1779,22898,3597646,5525266,0,0,0,998,1000,1399,1400,7072645
MPCTASK: EXP,3,306,15305,44,-386,704,468,-6,17,-391,372,-206,239,-1125,700,132,-235,700,4,148,553,69,300,1,3,3,15,3,1,1,0,0,0,5,26481,9033,36032,1535672,0,1779,65222,4501809,6125555,0,0,0,998,1000,1399,1400,7072645
MPCTASK: EXP,3,308,15404,87,-377,707,394,74,2,-466,554,-165,344,-1050,700,103,-194,700,7,95,665,69,300,1,3,3,15,3,1,1,0,0,0,5,21145,11780,33584,2002638,0,1779,22898,3594634,5709435,0,0,0,998,1000,1399,1400,7072645
MPCTASK: EXP,3,310,15508,116,-358,711,278,168,-3,-503,767,-103,409,-949,700,29,-119,700,10,205,598,69,300,1,3,3,15,3,1,1,0,0,0,5,25921,10319,36870,1754159,0,1780,23065,4406558,6267930,0,0,0,998,1000,1399,1400,7072645
MPCTASK: EXP,3,312,15600,134,-339,709,141,255,-35,-541,826,-42,425,-825,700,0,-38,700,2,193,637,69,300,1,3,3,15,3,1,1,0,0,0,5,18361,10958,29870,1862747,0,1780,70348,3121301,5077857,0,0,0,997,1000,1399,1400,7072645
MPCTASK: EXP,3,314,15707,140,-315,703,-7,342,-45,-581,872,20,393,-681,700,-73,21,700,-5,171,797,69,300,1,3,3,15,3,1,1,0,0,0,5,24956,10762,36232,1829526,0,1779,22898,4242298,6159491,0,0,0,997,1000,1399,1400,7072645
MPCTASK: EXP,3,316,15806,120,-281,701,-171,439,-26,-591,788,55,315,-520,700,-128,116,700,-3,172,650,69,300,1,3,3,15,3,1,1,0,0,0,5,23804,11125,35443,1891310,0,1779,65143,4046565,6025468,0,0,0,996,1000,1399,1400,7072645
MPCTASK: EXP,3,318,15905,85,-240,697,-314,531,-23,-600,641,70,199,-346,700,-179,181,700,-6,145,615,69,300,1,3,3,15,3,1,1,0,0,0,5,23581,9510,34080,1616685,0,1779,23215,4008674,5793638,0,0,0,994,1000,1399,1400,7072645
MPCTASK: EXP,3,320,16011,48,-205,694,-413,603,-9,-580,443,78,55,-163,700,-200,247,700,-7,66,786,69,300,1,3,3,15,3,1,1,0,0,0,5,24714,13993,40487,2378671,0,1779,279902,4201422,6882955,0,0,0,992,1000,1399,1400,7072645
MPCTASK: EXP,3,322,16102,12,-167,690,-460,660,6,-498,187,88,-100,23,700,-200,291,700,-9,59,751,69,300,1,3,3,15,3,1,1,0,0,0,5,20497,11249,32073,1912278,0,1935,33022,3484305,5452380,0,0,0,992,1000,1399,1400,7072645
MPCTASK: EXP,3,324,16206,-47,-104,693,-489,732,31,-423,-61,107,-254,209,700,-216,374,700,-6,81,632,69,300,1,3,3,15,3,1,1,0,0,0,5,23881,12006,36336,2041023,0,1991,52412,4059757,6177178,0,0,0,994,1000,1399,1400,7072645
MPCTASK: EXP,3,326,16307,-77,-69,697,-434,738,40,-356,-321,125,-390,390,700,-139,375,700,-2,171,662,69,300,1,3,3,15,3,1,1,0,0,0,5,26095,9483,36455,1612087,0,1811,23215,4436097,6197541,0,0,0,995,1000,1399,1400,7072645
MPCTASK: EXP,3,328,16403,-101,6,703,-350,795,18,-332,-417,173,-496,561,700,-91,449,700,3,99,591,69,300,1,3,3,15,3,1,1,0,0,0,5,21898,10057,32817,1709644,0,1779,63600,3722561,5578921,0,0,0,996,1000,1399,1400,7072645
MPCTASK: EXP,3,330,16509,-129,88,706,-262,841,0,-128,-655,204,-560,719,700,-50,504,700,6,13,952,69,300,1,3,3,15,3,1,1,0,0,0,5,27008,11472,39038,1950158,0,1779,71583,4591365,6636436,0,0,0,997,1000,1399,1400,7072645
MPCTASK: EXP,3,332,16607,-137,153,706,-121,821,-17,77,-785,246,-577,859,700,3,525,700,2,173,646,69,300,1,3,3,15,3,1,1,0,0,0,5,23325,11364,35489,1931678,0,61459,53328,3965210,6033469,0,0,0,997,1000,1399,1400,7072645
MPCTASK: EXP,3,334,16706,-150,210,705,1,768,-32,203,-793,284,-545,978,700,24,531,700,0,181,655,69,300,1,3,3,15,3,1,1,0,0,0,5,24119,9406,34423,1598965,0,1779,24054,4100233,5852053,0,0,0,998,1000,1399,1400,7072645
MPCTASK: EXP,3,336,16809,-130,269,701,156,708,-45,317,-732,315,-467,1072,700,88,523,700,-8,94,928,69,300,1,3,3,15,3,1,1,0,0,0,5,24565,12215,37741,2076587,0,1780,36807,4175882,6415963,0,0,0,998,1000,1399,1400,7072645
MPCTASK: EXP,3,338,16908,-106,319,698,275,624,-26,417,-538,337,-350,1141,700,113,513,700,-7,115,644,69,300,1,3,3,15,3,1,1,0,0,0,5,26030,10094,37384,1715920,0,1779,191426,4425110,6355389,0,0,0,998,1000,1399,1400,7072645
MPCTASK: EXP,3,340,17005,-64,366,697,375,528,-5,524,-346,326,-207,1181,700,142,481,700,-3,61,765,69,300,1,3,3,15,3,1,1,0,0,0,5,21654,10627,33170,1806570,0,1780,81238,3681030,5639105,0,0,0,998,1000,1399,1400,7072645
MPCTASK: EXP,3,342,17107,-17,406,696,432,423,-9,593,-110,283,-50,1192,700,153,450,700,-5,47,855,69,300,1,3,3,15,3,1,1,0,0,0,5,26336,8456,35527,1437308,0,1781,23069,4477105,6039813,0,0,0,998,1000,1399,1400,7072645
MPCTASK: EXP,3,344,17206,20,428,696,429,291,5,683,123,218,102,1174,700,141,385,700,-3,77,813,69,300,1,3,3,15,3,1,1,0,0,0,5,22962,11962,35193,2033422,0,1779,22898,3903397,5982857,0,0,0,998,1000,1399,1400,7072645
MPCTASK: EXP,3,346,17304,61,442,700,393,156,13,720,343,136,239,1127,700,119,324,700,0,95,776,69,300,1,3,3,15,3,1,1,0,0,0,5,23850,9147,33514,1535572,0,1779,65209,4054558,5697480,0,0,0,998,1000,1399,1400,7072645
MPCTASK: EXP,3,348,17408,83,442,702,304,15,-1,771,523,62,344,1052,700,73,238,700,1,152,661,69,300,1,3,3,15,3,1,1,0,0,0,5,23814,11285,35764,1918381,0,1780,89704,4048302,6079857,0,0,0,998,1000,1399,1400,7072645
MPCTASK: EXP,3,350,17507,103,435,700,200,-117,-21,741,612,0,409,952,700,23,162,700,-3,163,630,69,300,1,3,3,15,3,1,1,0,0,0,5,24705,10870,35843,1847920,0,1779,22898,4199749,6093406,0,0,0,998,1000,1399,1400,7072645
MPCTASK: EXP,3,352,17607,103,411,698,65,-258,-21,775,711,-52,426,828,700,-69,78,700,-5,192,598,69,300,1,3,3,15,3,1,1,0,0,0,5,20074,15022,35860,2553660,0,1779,65177,3412365,6096273,0,0,0,998,1000,1399,1400,7072645
MPCTASK: EXP,3,354,17703,98,366,695,-66,-408,-15,731,694,-94,393,683,700,-104,-25,700,-7,188,596,69,300,1,3,3,15,3,1,1,0,0,0,5,21010,10314,31797,1753271,0,1779,55846,3571565,5405607,0,0,0,997,1000,1399,1400,7072645
MPCTASK: EXP,3,356,17808,80,312,690,-199,-539,-21,648,704,-123,315,522,700,-158,-127,700,-13,158,622,69,300,1,3,3,15,3,1,1,0,0,0,5,23258,11608,35840,1973338,0,1780,142051,3953792,6092973,0,0,0,997,1000,1399,1400,7072645
MPCTASK: EXP,3,358,17903,40,249,688,-333,-650,4,554,529,-114,199,348,700,-211,-212,700,-11,137,579,69,300,1,3,3,15,3,1,1,0,0,0,5,23256,8027,31549,1364492,0,1779,22898,3953502,5363348,0,0,0,996,1000,1399,1400,7072645
MPCTASK: EXP,3,360,18009,17,185,688,-390,-731,12,472,304,-105,55,165,700,-198,-297,700,-11,101,607,69,300,1,3,3,15,3,1,1,0,0,0,5,25963,10152,37805,1725870,0,1954,169355,4413665,6427037,0,0,0,994,1000,1399,1400,7072645
MPCTASK: EXP,3,362,18105,-66,108,691,-482,-806,34,320,63,-20,-100,-20,700,-225,-370,700,-8,-29,887,69,300,1,3,3,15,3,1,1,0,0,0,5,22803,9083,32776,1543955,0,1779,24447,3876459,5572006,0,0,0,993,1000,1399,1400,7072645
MPCTASK: EXP,3,364,18206,-109,33,694,-458,-840,41,217,-270,16,-254,-207,700,-205,-440,700,-5,61,675,69,300,1,3,3,15,3,1,1,0,0,0,5,23481,10262,34381,1744432,0,1779,84859,3991641,5844842,0,0,0,994,1000,1399,1400,7072645
MPCTASK: EXP,3,366,18307,-161,-44,700,-406,-856,35,99,-483,41,-390,-388,700,-194,-499,700,0,91,623,69,300,1,3,3,15,3,1,1,0,0,0,5,26025,9317,35707,1583856,0,1954,38930,4424137,6070224,0,0,0,995,1000,1399,1400,7072645
MPCTASK: EXP,3,368,18409,-193,-116,709,-306,-845,36,32,-667,29,-496,-559,700,-158,-535,700,9,154,596,69,300,1,3,3,15,3,1,1,0,0,0,5,26695,10868,37833,1847527,0,1779,22898,4538077,6431914,0,0,0,996,1000,1399,1400,7072645
MPCTASK: EXP,3,370,18506,-211,-209,712,-179,-856,2,-73,-781,8,-560,-717,700,-90,-613,700,12,97,856,69,300,1,3,3,15,3,1,1,0,0,0,5,24629,9318,34579,1584082,0,1779,84566,4186789,5878504,0,0,0,996,1000,1399,1400,7072645
MPCTASK: EXP,3,372,18604,-211,-280,711,-31,-809,-31,-259,-798,-27,-577,-857,700,-22,-627,700,5,191,627,69,300,1,3,3,15,3,1,1,0,0,0,5,20692,9897,31994,1682455,0,95012,24696,3517519,5439117,0,0,0,997,1000,1399,1400,7072645
MPCTASK: EXP,3,374,18707,-201,-333,706,113,-724,-38,-282,-811,-87,-545,-975,700,21,-590,700,0,210,608,69,300,1,3,3,15,3,1,1,0,0,0,5,24974,9956,35195,1692366,0,1779,22898,4245502,5983372,0,0,0,998,1000,1399,1400,7072645
MPCTASK: EXP,3,376,18808,-177,-378,701,265,-640,-32,-333,-777,-156,-467,-1070,700,82,-590,700,-4,107,895,69,300,1,3,3,15,3,1,1,0,0,0,5,24630,10862,36877,1846575,0,1811,24052,4186929,6269161,0,0,0,998,1000,1399,1400,7072645
MPCTASK: EXP,3,378,18906,-126,-422,697,416,-550,-21,-448,-571,-194,-350,-1138,700,143,-559,700,-6,59,829,69,300,1,3,3,15,3,1,1,0,0,0,5,23518,11008,35046,1871133,0,1779,64890,3998001,5957901,0,0,0,998,1000,1399,1400,7072645
MPCTASK: EXP,3,380,19003,-86,-428,697,488,-403,-7,-523,-310,-238,-207,-1179,700,150,-485,700,-4,86,691,69,300,1,3,3,15,3,1,1,0,0,0,5,20845,9468,30797,1609506,0,1779,22898,3543517,5235589,0,0,0,998,1000,1399,1400,7072645
MPCTASK: EXP,3,382,19103,-31,-443,696,531,-283,2,-509,-50,-253,-50,-1190,700,162,-426,700,-3,97,644,69,300,1,3,3,15,3,1,1,0,0,0,5,22563,8061,31165,1370246,0,1779,66686,3835612,5298262,0,0,0,998,1000,1399,1400,7072645
MPCTASK: EXP,3,384,19206,17,-451,696,518,-170,3,-555,230,-266,102,-1172,700,139,-373,700,-3,29,862,69,300,1,3,3,15,3,1,1,0,0,0,5,22918,10546,34024,1792647,0,1779,72958,3895973,5784039,0,0,0,998,1000,1399,1400,7072645
MPCTASK: EXP,3,386,19310,66,-454,703,458,-55,35,-577,505,-267,239,-1125,700,120,-306,700,3,112,616,69,300,1,3,3,15,3,1,1,0,0,0,5,26689,9996,37112,1644075,0,1779,49833,4537125,6309265,0,0,0,998,1000,1399,1400,7072645
MPCTASK: EXP,3,388,19407,95,-437,708,345,74,17,-622,725,-255,344,-1050,700,66,-224,700,8,166,598,69,300,1,3,3,15,3,1,1,0,0,0,5,24097,10026,34546,1704430,0,1779,22898,4096501,5873075,0,0,0,998,1000,1399,1400,7072645
MPCTASK: EXP,3,390,19508,120,-424,711,215,183,-8,-612,844,-206,409,-949,700,11,-147,700,9,200,602,69,300,1,3,3,15,3,1,1,0,0,0,5,25124,9153,35505,1556011,0,1779,185220,4270989,6035871,0,0,0,998,1000,1399,1400,7072645
MPCTASK: EXP,3,392,19603,120,-395,708,53,302,-41,-671,896,-151,426,-825,700,-65,-56,700,0,187,734,69,300,1,3,3,15,3,1,1,0,0,0,5,21038,9553,31157,1623880,0,1779,73108,3576337,5296814,0,0,0,997,1000,1399,1400,7072645
MPCTASK: EXP,3,394,19710,101,-324,701,-125,469,-51,-599,896,-77,393,-681,700,-142,72,700,-8,51,1343,69,300,1,3,3,15,3,1,1,0,0,0,5,25817,9343,36109,1588226,0,1780,98264,4388845,6138725,0,0,0,997,1000,1399,1400,7072645
MPCTASK: EXP,3,396,19807,73,-288,692,-282,550,-40,-551,724,-40,315,-520,700,-199,135,700,-15,142,704,69,300,1,3,3,15,3,1,1,0,0,0,5,22045,9492,32985,1613559,0,1780,223418,3747601,5607473,0,0,0,996,1000,1399,1400,7072645
MPCTASK: EXP,3,398,19909,19,-226,688,-426,653,-2,-523,547,2,199,-346,700,-255,238,700,-11,39,843,69,300,1,3,3,15,3,1,1,0,0,0,5,25365,9560,35891,1625153,0,1779,123326,4312041,6101478,0,0,0,995,1000,1399,1400,7072645
MPCTASK: EXP,3,400,20008,-17,-194,690,-485,684,31,-425,254,32,55,-163,700,-246,265,700,-9,61,696,69,300,1,3,3,15,3,1,1,0,0,0,5,19704,13930,34735,2368066,0,1779,66240,3349537,5905088,0,0,0,993,1000,1399,1400,7072645
MPCTASK: EXP,3,402,20109,-60,-151,695,-497,713,39,-416,4,70,-100,23,700,-241,312,700,-4,68,665,69,300,1,3,3,15,3,1,1,0,0,0,5,24301,10235,35532,1739915,0,1779,65157,4131150,6040554,0,0,0,993,1000,1399,1400,7072645
MPCTASK: EXP,3,404,20204,-108,-99,700,-477,749,29,-378,-244,106,-254,209,700,-230,366,700,0,92,593,69,300,1,3,3,15,3,1,1,0,0,0,5,20044,10142,30627,1723932,0,1779,36904,3407537,5206665,0,0,0,994,1000,1399,1400,7072645
MPCTASK: EXP,3,406,20309,-149,-21,704,-417,807,13,-265,-439,158,-390,390,700,-195,453,700,4,71,681,69,300,1,3,3,15,3,1,1,0,0,0,5,26269,8678,35916,1475134,0,2173,24056,4465565,6105826,0,0,0,995,1000,1399,1400,7072645
MPCTASK: EXP,3,408,20408,-168,43,705,-303,818,-9,-149,-628,199,-496,561,700,-134,495,700,3,160,586,69,300,1,3,3,15,3,1,1,0,0,0,5,23494,10156,34679,1726478,0,1779,65318,3994021,5895556,0,0,0,996,1000,1399,1400,7072645
MPCTASK: EXP,3,410,20511,-182,109,705,-176,813,-17,-67,-671,237,-560,719,700,-91,512,700,1,195,595,69,300,1,3,3,15,3,1,1,0,0,0,5,27475,9368,37487,1592524,0,1779,87242,4670681,6372900,0,0,0,997,1000,1399,1400,7072645
MPCTASK: EXP,3,412,20608,-171,176,706,-26,805,-12,19,-697,268,-577,859,700,8,551,700,3,141,655,69,300,1,3,3,15,3,1,1,0,0,0,5,21694,10607,34656,1803169,0,2856,277831,3687869,5891605,0,0,0,997,1000,1399,1400,7072645
MPCTASK: EXP,3,414,20711,-160,234,704,99,765,-23,140,-643,274,-545,977,700,39,544,700,0,217,648,69,300,1,3,3,15,3,1,1,0,0,0,5,25445,10758,37508,1828736,0,1779,158759,4325525,6376559,0,0,0,998,1000,1399,1400,7072645
MPCTASK: EXP,3,416,20810,-152,277,703,192,703,-14,259,-619,273,-466,1072,700,60,531,700,0,149,600,69,300,1,3,3,15,3,1,1,0,0,0,5,22893,11929,36583,2027712,0,1779,184198,3891849,6219167,0,0,0,998,1000,1399,1400,7072645
MPCTASK: EXP,3,418,20910,-115,342,701,320,633,-16,418,-517,256,-350,1140,700,109,527,700,-1,56,802,69,300,1,3,3,15,3,1,1,0,0,0,5,24297,9553,34875,1624026,0,1779,149631,4130358,5928818,0,0,0,998,1000,1399,1400,7072645
MPCTASK: EXP,3,420,21010,-79,383,700,395,525,-17,561,-306,227,-207,1181,700,122,484,700,-2,136,592,69,300,1,3,3,15,3,1,1,0,0,0,5,23352,11181,35371,1900783,0,1779,97978,3969761,6013191,0,0,0,998,1000,1399,1400,7072645
MPCTASK: EXP,3,422,21110,-35,417,697,440,404,-12,651,-84,189,-50,1192,700,127,440,700,-5,87,783,69,300,1,3,3,15,3,1,1,0,0,0,5,28056,7274,36108,1236509,0,42555,68954,4769369,6138444,0,0,0,998,1000,1399,1400,7072645
MPCTASK: EXP,3,424,21209,3,434,695,440,276,-12,707,150,156,102,1174,700,113,374,700,-7,85,844,69,300,1,3,3,15,3,1,1,0,0,0,5,22859,11231,35305,1909305,0,1951,183152,3885889,6001930,0,0,0,998,1000,1399,1400,7072645
MPCTASK: EXP,3,426,21308,43,444,696,384,122,3,705,405,123,238,1127,700,83,307,700,-3,89,795,69,300,1,3,3,15,3,1,1,0,0,0,5,21627,8510,32703,1446610,0,1779,85082,3676557,5559577,0,0,0,998,1000,1399,1400,7072645
MPCTASK: EXP,3,428,21410,70,447,699,290,-7,12,735,597,92,344,1053,700,43,239,700,0,147,635,69,300,1,3,3,15,3,1,1,0,0,0,5,23568,8102,34387,1377386,0,1901,341303,4006545,5845715,0,0,0,998,1000,1399,1400,7072645
MPCTASK: EXP,3,430,21512,86,425,700,172,-155,-2,719,712,82,408,953,700,-14,130,700,0,190,601,69,300,1,3,3,15,3,1,1,0,0,0,5,24007,10233,35537,1739529,0,1779,64059,4081117,6041327,0,0,0,998,1000,1399,1400,7072645
MPCTASK: EXP,3,432,21609,89,395,700,36,-292,-19,728,771,85,424,829,700,-86,66,700,-3,220,624,69,300,1,3,3,15,3,1,1,0,0,0,5,21306,10553,32376,1793866,0,1779,65179,3622049,5503931,0,0,0,998,1000,1399,1400,7072645
MPCTASK: EXP,3,434,21712,78,350,692,-104,-433,-41,670,761,104,392,685,700,-140,-47,700,-15,148,708,69,300,1,3,3,15,3,1,1,0,0,0,5,24196,9593,35050,1630585,0,1779,130416,4113342,5958423,0,0,0,997,1000,1399,1400,7072645
MPCTASK: EXP,3,436,21807,38,300,685,-266,-549,-27,569,708,140,313,524,700,-214,-134,700,-20,95,818,69,300,1,3,3,15,3,1,1,0,0,0,5,21123,8506,31409,1445927,0,1779,267368,3590765,5339556,0,0,0,997,1000,1399,1400,7072645
MPCTASK: EXP,3,438,21910,-4,245,682,-386,-648,4,571,474,166,197,350,700,-244,-221,700,-17,29,878,69,300,1,3,3,15,3,1,1,0,0,0,5,25417,6898,33381,1172433,0,69084,90697,4320841,5674895,0,0,0,996,1000,1399,1400,7072645
MPCTASK: EXP,3,440,22010,-54,189,685,-458,-728,36,499,244,164,54,167,700,-269,-299,700,-14,38,782,69,300,1,3,3,15,3,1,1,0,0,0,5,22119,10396,33368,1767189,0,2069,50779,3760157,5672527,0,0,0,994,1000,1399,1400,7072645
MPCTASK: EXP,3,442,22117,-111,109,689,-483,-807,43,403,-57,117,-99,-21,700,-264,-382,700,-10,-10,873,69,300,1,3,3,15,3,1,1,0,0,0,5,28764,12226,41260,2078390,0,1780,23055,4889933,7014238,0,0,0,994,1000,1399,1400,7072645
MPCTASK: EXP,3,444,22206,-161,30,698,-456,-857,49,267,-301,59,-251,-209,700,-249,-452,700,-1,33,773,69,300,1,3,3,15,3,1,1,0,0,0,5,19165,10139,29926,1723566,0,1963,72859,3258001,5087600,0,0,0,994,1000,1399,1400,7072645
MPCTASK: EXP,3,446,22311,-197,-40,703,-381,-867,25,143,-496,4,-384,-394,700,-224,-496,700,3,112,588,69,300,1,3,3,15,3,1,1,0,0,0,5,26780,6786,34375,1153577,0,1779,24051,4552525,5843819,0,0,0,995,1000,1399,1400,7072645
MPCTASK: EXP,3,448,22411,-234,-111,707,-292,-857,13,13,-652,-51,-486,-570,700,-205,-528,700,7,133,625,69,300,1,3,3,15,3,1,1,0,0,0,5,22533,10587,33667,1799718,0,1779,46354,3830521,5723335,0,0,0,996,1000,1399,1400,7072645
MPCTASK: EXP,3,450,22512,-248,-205,712,-164,-862,4,-154,-719,-116,-547,-732,700,-139,-579,700,12,80,838,69,300,1,3,3,15,3,1,1,0,0,0,5,26305,7251,36127,1232565,0,1779,314626,4471661,6141743,0,0,0,997,1000,1399,1400,7072645
MPCTASK: EXP,3,452,22610,-251,-274,711,-34,-799,-23,-359,-694,-162,-561,-875,700,-106,-576,700,7,176,594,69,300,1,3,3,15,3,1,1,0,0,0,5,22003,11703,33975,1989508,0,1779,22898,3740437,5775831,0,0,0,997,1000,1399,1400,7072645
MPCTASK: EXP,3,454,22714,-243,-320,708,92,-687,-35,-466,-681,-208,-528,-995,700,-51,-517,700,1,194,583,69,300,1,3,3,15,3,1,1,0,0,0,5,26501,9369,36891,1592687,0,1779,88998,4505205,6271533,0,0,0,998,1000,1399,1400,7072645
MPCTASK: EXP,3,456,22812,-226,-354,706,201,-575,-21,-532,-571,-228,-453,-1086,699,-49,-485,699,2,141,595,69,300,1,3,3,15,3,1,1,0,0,0,5,23311,10140,34474,1723674,0,65995,23068,3962925,5860674,0,0,0,998,1000,1399,1400,7072645
MPCTASK: EXP,3,458,22911,-186,-399,705,321,-445,-12,-665,-424,-213,-346,-1144,699,0,-415,699,3,56,875,69,300,1,3,3,15,3,1,1,0,0,0,5,24552,6587,33926,1119742,0,1779,336886,4173769,5767530,0,0,0,998,1000,1399,1400,7072645
MPCTASK: EXP,3,460,23011,-155,-409,705,372,-285,-14,-747,-176,-187,-221,-1163,699,5,-346,699,2,86,881,69,300,1,3,3,15,3,1,1,0,0,0,5,23451,9974,33934,1695569,0,1779,22898,3985603,5768890,0,0,0,998,1000,1399,1400,7072645
MPCTASK: EXP,3,462,23113,-125,-408,703,380,-135,-21,-807,36,-150,-92,-1142,699,0,-276,699,-1,69,1050,69,300,1,3,3,15,3,1,1,0,0,0,5,24394,10954,36148,1862062,0,1779,65164,4146797,6145218,0,0,0,998,1000,1399,1400,7072645
MPCTASK: EXP,3,464,23211,-89,-392,701,358,39,-13,-796,248,-101,22,-1079,699,11,-202,699,0,121,822,69,300,1,3,3,15,3,1,1,0,0,0,5,21591,10279,32858,1747215,0,1779,104903,3670386,5585961,0,0,0,998,1000,1399,1400,7072645
MPCTASK: EXP,3,466,23311,-66,-358,698,280,216,-15,-699,388,-60,109,-975,699,-33,-115,699,-4,173,597,69,300,1,3,3,15,3,1,1,0,0,0,5,23885,7968,32119,1354489,0,1779,22898,4060275,5460218,0,0,0,998,1000,1399,1400,7072645
MPCTASK: EXP,3,468,23409,-48,-321,697,203,343,-9,-562,409,-8,159,-835,700,-20,-75,700,-4,97,680,69,300,1,3,3,15,3,1,1,0,0,0,5,19668,10290,30970,1749189,0,1780,49832,3343486,5264860,0,0,0,998,1000,1399,1400,7072645
MPCTASK: EXP,3,470,23512,-44,-265,698,118,450,8,-382,448,47,168,-669,700,-43,-50,700,-1,28,824,69,300,1,3,3,15,3,1,1,0,0,0,5,24458,8900,33918,1512994,0,1779,71851,4157789,5766183,0,0,0,997,1000,1399,1400,7072645
MPCTASK: EXP,3,472,23612,-37,-223,696,50,488,-2,-114,304,99,140,-490,700,-21,-52,700,-4,1,917,69,300,1,3,3,15,3,1,1,0,0,0,5,22045,10769,33676,1830626,0,1779,22898,3747677,5724973,0,0,0,996,1000,1399,1400,7072645
MPCTASK: EXP,3,474,23714,-30,-187,699,11,461,22,213,203,146,85,-317,700,-17,-59,700,0,50,748,69,300,1,3,3,15,3,1,1,0,0,0,5,24966,9880,35341,1679433,0,1779,22898,4244237,6008078,0,0,0,994,1000,1399,1400,7072645
MPCTASK: EXP,3,476,23817,-48,-135,701,-35,419,14,418,46,168,20,-169,700,-56,-15,700,1,40,776,69,300,1,3,3,15,3,1,1,0,0,0,5,24534,12466,38426,2119172,0,2208,24062,4170669,6532589,0,0,0,992,1000,1399,1400,7072645
MPCTASK: EXP,3,478,23916,-64,-97,701,-49,335,-2,558,-74,165,-35,-64,700,-90,-1,700,1,194,649,69,300,1,3,3,15,3,1,1,0,0,0,5,25587,10546,36872,1792726,0,2040,69167,4349721,6268317,0,0,0,991,1000,1399,1400,7072645
MPCTASK: EXP,3,480,24012,-63,-69,699,-21,231,-15,470,-76,132,-67,-10,700,-67,-8,700,-3,128,573,69,300,1,3,3,15,3,1,1,0,0,0,5,22705,8971,32107,1525124,0,1779,50253,3859837,5458345,0,0,0,991,1000,1399,1400,7072645
MPCTASK: EXP,3,482,24113,-59,-64,697,-3,139,-5,330,-27,86,-75,1,700,-57,-53,700,-3,150,541,69,300,1,3,3,15,3,1,1,0,0,0,5,24679,8467,33948,1439436,0,2683,112660,4195377,5771325,0,0,0,991,1000,1399,1400,7072645
MPCTASK: TRAJ DONE: idx=482, max=482; requesting landing
MPCTASK: LANDING: start z=0.69, hold=(-0.04,-0.05)
MPCTASK: TIMING SUMMARY: max_step_cycles=7072645 deadline_cycles=8400000 overruns=0
MPCTASK: LANDING COMPLETE: t=38808 ms, x=-0.037, y=-0.024, z=-0.009, vz=-0.096; motors off
