SYS: Crazyflie 2.1 Brushless is up and running!
SYS: Build 2:de14ff9f08ae (2025.09.1 +2) MODIFIED
SYS: I am 0x373930393434471500370039 and I have 1024KB of flash!
CFGBLK: v1, verification [OK]
DECK_DISCOVERY: Backend found: onewire
DECK_DISCOVERY: Backend found: deckctrl
DECK_CORE: 1 deck(s) found
DECK_CORE: Calling INIT on driver bcFlow2 for deck 0
ZR2: Z-down sensor [OK]
PMW: Motion chip id: 0x49:0xB6
IMU: BMI088: Using I2C interface.
IMU: BMI088 Gyro connection [OK].
IMU: BMI088 Accel connection [OK]
IMU: BMP390 I2C connection [OK]
ESTIMATOR: Using Kalman (2) estimator
CONTROLLER: Using PID (1) controller
MTR-DRV: Using brushless motor driver
SYS: About to run tests in system.c.
SYS: NRF51 version: 2026.04 (C21B)
EEPROM: I2C connection [OK].
STORAGE: Storage check [OK].
IMU: BMI088 gyro self-test [OK]
DECK_CORE: Deck 0 test [OK].
SYS: Self test passed!
STAB: Wait for sensor calibration...
SYS: Free heap: 15048 bytes
MPCTASK: Waiting for activation ...
STAB: Starting stabilizer loop
ESTKALMAN: State out of bounds, resetting
STAB: WARNING: stabilizer loop rate is off (1004)
SUP: Ready to fly
MPCTASK: Benchmark mode 3, maneuver 4, max_iter 5, task_pri 0
MPCTASK: Reference altitude: 0.70 m; barrier skip when z>0.75 and vz>-0.20
MPCTASK: Common baseline: mpc_hz=20 model_hz=20 rho=5 base_w=0 base_qz=1 Qz=100 R=4 bridge=x10 guards=z[ref,ref+0.20] xy=free cap=0.05
MPCTASK: MPC->PID: xyz=x10, z_guard=[ref,ref+0.20], yaw=raw_rz, output_hold=200ms, safety_hold=500ms
MPCTASK: Reference origin: xy=OOT_activation z=0.70 m
MPCTASK: LIMO adaptive: cache=16x4 evals=1 timing=bar/rl/cache_cycles
MPCTASK: EXP every=2: m,s,tms,p3[mm],v3[mmps],att3[cdeg],ref3[mm],cmd3[mm],h/raw/grad/mar/thr[milli],act/ac/bind,wi/qi/cache/noa,pa/pf/du[milli],it,mpc/eval/total[us],bar/tanh/rl/cache/solve/step[cycles],overruns,post_active/post_infeasible_totals,wreq/w/qzreq/qz[milli],max_step_cycles
MPCTASK: Figure8: source=traj_fig8_12.h source_hz=100 samples=1205 laps=2 duration=24.07 s origin=OOT_activation z_offset=0.09 m
CONTROLLER: Using OutOfTree (6) controller
MPCTASK: Trajectory origin: x=0.03 y=0.03
MPCTASK: OOT activated at z=0.54
MPCTASK: OOT loop 1 done
MPCTASK: MPC task loop MPCTASK: OOT loop 2 done
1
MPCTASK: OOT loop 3 done
MPCTASK: Benchmark reset: mode=3 maneuver=4
MPCTASK: x0: pos=(0.03,0.03,0.54) vel=(0.18,-0.05,-0.0)
MPCTASK: ref: (0.03,0.03,0.70)
MPCTASK: SAFE TV mode=3: h=0.0 raw=0.0 grad=0.0 margin=0.0 thr=0.0 active0=0 active_count=0 eval=9903 us
MPCTASK: MPC solve start
MPCTASK: MPC solve done, iter=5
MPCTASK: MPC time=27128 us
MPCTASK: MPC stack free=877 words
MPCTASK: setpoint: x=0.01 y=0.25 z=0.70 preview_z=0.63
MPCTASK: MPC task loop 2
MPCTASK: MPC task loop 3
MPCTASK: EXP,3,2,90,73,62,544,220,-11,-25,38,299,-8,33,36,700,81,284,700,0,0,0,0,0,0,0,0,15,1,1,1,0,0,0,5,25240,12174,38368,2069525,0,1969,51148,4290711,6522671,0,0,0,992,1000,1080,1133,6918636
MPCTASK: EXP,3,4,191,116,73,536,206,4,-196,44,446,11,22,55,700,158,261,700,0,0,0,0,0,0,0,0,15,1,1,1,0,0,0,5,26593,12764,39893,2169798,0,1795,72813,4520639,6781981,0,0,0,994,1000,1195,1133,6918636
MPCTASK: EXP,3,6,290,127,59,510,120,-25,-291,-41,468,32,-12,122,700,186,234,700,0,0,0,0,0,0,0,0,15,2,1,1,0,0,0,5,25617,11256,37905,1913513,0,69739,48699,4354792,6443928,0,0,0,994,1000,1268,1266,6918636
MPCTASK: EXP,3,8,390,115,36,488,7,13,-56,-611,229,37,-65,241,700,192,238,700,0,0,0,0,0,0,0,0,15,2,1,1,0,0,0,5,25534,12135,38324,2062995,0,1795,80377,4340559,6515041,0,0,0,995,1000,1316,1266,6918636
MPCTASK: EXP,3,10,484,102,32,491,-28,141,127,-776,-104,5,-119,400,700,212,262,700,0,0,0,0,0,0,0,0,15,3,1,1,0,0,0,5,21558,9861,31815,1676250,0,1795,48165,3664831,5408618,0,0,0,996,1000,1346,1400,6918636
MPCTASK: Cache level changed: 0 -> 1
MPCTASK: EXP,3,12,592,85,48,508,-10,271,188,-733,-403,-24,-158,580,700,227,291,700,-191,-20,1049,69,300,1,3,3,15,3,1,1,0,0,0,5,27524,11739,39529,1995552,0,1795,23151,4679003,6719959,0,0,0,997,1000,1365,1400,6951526
MPCTASK: EXP,3,14,696,57,99,526,17,414,168,-521,-547,-42,-165,758,700,212,340,700,-173,-86,1125,69,300,1,3,3,15,3,1,1,0,0,0,5,25950,13860,40796,2356206,0,22779,24695,4411460,7121672,0,0,0,998,1000,1378,1400,7121672
MPCTASK: EXP,3,16,791,58,146,545,126,477,159,-212,-703,-29,-134,919,700,237,358,700,-154,-18,1025,69,300,1,3,3,15,3,1,1,0,0,0,5,23826,12316,36921,2093600,0,2200,24308,4050251,6276565,0,0,0,998,1000,1385,1400,7121672
MPCTASK: EXP,3,18,891,93,169,561,267,448,141,54,-599,3,-65,1048,699,277,324,699,-138,-39,1026,69,300,1,3,3,15,3,1,1,0,0,0,5,25012,11882,37162,2019755,0,1795,23151,4251988,6317739,0,0,0,999,1000,1390,1400,7121672
MPCTASK: EXP,3,20,994,131,220,576,359,444,135,175,-301,23,34,1137,699,276,330,699,-123,-58,1053,69,300,1,3,3,15,3,1,1,0,0,0,5,25792,14058,40368,2389809,0,1795,65431,4384651,6862694,0,0,0,999,1000,1394,1400,7121672
MPCTASK: EXP,3,22,1091,159,251,584,377,388,110,406,-41,32,153,1182,699,252,296,699,-115,-10,908,69,300,1,3,3,15,3,1,1,0,0,0,5,24272,10657,36910,1811515,0,1795,80955,4126167,6274756,0,0,0,999,1000,1396,1400,7121672
MPCTASK: EXP,3,24,1191,222,298,600,395,315,129,552,296,29,276,1184,699,241,272,699,-99,-73,920,69,300,1,3,3,15,3,1,1,0,0,0,5,23762,12470,36907,2119859,0,1802,23461,4039527,6274215,0,0,0,999,1000,1397,1400,7121672
MPCTASK: EXP,3,26,1292,255,319,620,313,199,134,711,634,21,385,1145,699,200,221,699,-79,104,646,69,300,1,3,3,15,3,1,1,0,0,0,5,27505,9264,37458,1574857,0,1917,93378,4675835,6367879,0,0,0,999,1000,1398,1400,7121672
MPCTASK: EXP,3,28,1392,273,324,636,178,64,104,739,884,25,468,1069,700,127,153,700,-63,151,647,69,300,1,3,3,15,3,1,1,0,0,0,5,24558,11339,37537,1927644,0,1795,202364,4174787,6381455,0,0,0,999,1000,1399,1400,7121672
MPCTASK: EXP,3,30,1497,278,318,643,21,-70,46,759,956,48,512,961,700,65,80,700,-56,195,641,69,300,1,3,3,15,3,1,1,0,0,0,5,27609,13093,41704,2225759,0,1834,24725,4693407,7104495,0,0,0,999,1000,1399,1400,7121672
MPCTASK: EXP,3,32,1592,262,297,643,-155,-215,18,732,915,78,512,826,700,-14,-5,700,-56,163,705,69,300,1,3,3,15,3,1,1,0,0,0,5,24074,12856,37198,2185444,0,1795,23151,4092656,6323830,0,0,0,998,1000,1399,1400,7125448
MPCTASK: EXP,3,34,1690,265,296,641,-262,-298,25,658,777,111,464,670,700,-27,-41,700,-58,171,631,69,300,1,3,3,15,3,1,1,0,0,0,5,25328,9130,35356,1552069,0,1802,24298,4305707,6010557,0,0,0,998,1000,1399,1400,7764172
MPCTASK: EXP,3,36,1792,216,257,643,-419,-427,41,756,788,132,374,498,700,-86,-135,700,-56,-35,1161,69,300,1,3,3,15,3,1,1,0,0,0,5,24610,10474,37439,1780415,0,56974,93770,4183571,6364631,0,0,0,997,1000,1399,1400,7764172
MPCTASK: EXP,3,38,1898,137,201,646,-577,-567,54,618,405,185,249,316,700,-143,-226,700,-53,-66,966,69,300,1,3,3,15,3,1,1,0,0,0,5,27790,14382,42994,2444919,0,78585,23151,4724203,7309151,0,0,0,997,1000,1399,1400,7764172
MPCTASK: EXP,3,40,1993,67,147,651,-628,-658,81,488,38,191,101,127,700,-161,-295,700,-48,-45,913,69,300,1,3,3,15,3,1,1,0,0,0,5,28283,9549,38874,1623372,0,1796,93934,4808107,6608765,0,0,0,996,1000,1399,1400,7764172
MPCTASK: EXP,3,42,2091,11,84,663,-597,-722,106,379,-306,161,-53,-61,700,-142,-364,700,-36,11,812,69,300,1,3,3,15,3,1,1,0,0,0,5,22700,12326,36511,2095227,0,86369,76381,3858839,6207286,0,0,0,995,1000,1399,1400,7764172
MPCTASK: EXP,3,44,2194,-35,19,674,-527,-768,97,319,-506,125,-200,-247,700,-117,-430,700,-25,74,637,69,300,1,3,3,15,3,1,1,0,0,0,5,24517,13122,38547,2230709,0,2064,87353,4167727,6553115,0,0,0,996,1000,1399,1400,7764172
MPCTASK: EXP,3,46,2299,-47,-55,688,-354,-792,80,149,-728,61,-325,-426,700,-22,-488,700,-11,147,611,69,300,1,3,3,15,3,1,1,0,0,0,5,30752,10436,42236,1774157,0,1795,154722,5227811,7180175,0,0,0,997,1000,1399,1400,7764172
MPCTASK: EXP,3,48,2396,-73,-128,699,-231,-799,66,57,-685,21,-415,-592,700,19,-521,700,0,141,606,69,300,1,3,3,15,3,1,1,0,0,0,5,26815,11047,38648,1878050,0,1795,23156,4558515,6570282,0,0,0,997,1000,1399,1400,7764172
MPCTASK: EXP,3,50,2497,-85,-200,705,-100,-785,27,-103,-807,0,-461,-743,700,73,-552,700,5,137,710,69,300,1,3,3,15,3,1,1,0,0,0,5,25580,13927,40072,2367497,0,1795,72375,4348523,6812232,0,0,0,998,1000,1399,1400,7764172
MPCTASK: EXP,3,52,2594,-82,-261,709,32,-745,8,-228,-822,-11,-459,-874,700,127,-568,700,9,190,609,69,300,1,3,3,15,3,1,1,0,0,0,5,24862,11656,37040,1981438,0,1795,66519,4226427,6296943,0,0,0,998,1000,1399,1400,7764172
MPCTASK: EXP,3,54,2696,-62,-331,708,195,-680,-9,-316,-761,-11,-408,-983,700,184,-573,700,6,118,777,69,300,1,3,3,15,3,1,1,0,0,0,5,28027,10006,38862,1700988,0,1922,56465,4764511,6606655,0,0,0,998,1000,1399,1400,7764172
MPCTASK: EXP,3,56,2799,-26,-384,706,331,-599,-4,-415,-602,-12,-314,-1067,700,240,-560,700,5,142,594,69,300,1,3,3,15,3,1,1,0,0,0,5,28827,12413,41683,2110137,0,2094,51280,4900659,7086176,0,0,0,998,1000,1399,1400,7764172
MPCTASK: EXP,3,58,2894,10,-434,709,419,-512,10,-501,-414,-28,-186,-1124,700,263,-549,700,9,93,642,69,300,1,3,3,15,3,1,1,0,0,0,5,22939,12768,36801,2170474,0,1956,34362,3899579,6256113,0,0,0,998,1000,1399,1400,7764172
MPCTASK: EXP,3,60,2996,59,-465,711,481,-411,17,-589,-198,-48,-35,-1152,700,273,-496,700,11,11,878,69,300,1,3,3,15,3,1,1,0,0,0,5,25961,11317,38346,1923800,0,2844,24398,4413355,6518915,0,0,0,998,1000,1399,1400,7764172
MPCTASK: EXP,3,62,3097,105,-489,710,491,-289,6,-631,52,-74,120,-1152,700,267,-454,700,10,49,843,69,300,1,3,3,15,3,1,1,0,0,0,5,25992,12408,38927,2109318,0,1950,23151,4418543,6617712,0,0,0,998,1000,1399,1400,7764172
MPCTASK: EXP,3,64,3193,153,-502,715,462,-162,26,-676,313,-87,269,-1122,700,258,-388,700,15,106,690,69,300,1,3,3,15,3,1,1,0,0,0,5,23089,11337,35567,1927200,0,2278,140112,3925188,6046524,0,0,0,998,1000,1399,1400,7764172
MPCTASK: EXP,3,66,3294,193,-509,719,391,-39,20,-699,510,-95,395,-1063,700,224,-324,700,19,188,605,69,300,1,3,3,15,3,1,1,0,0,0,5,25723,10023,36777,1703786,0,1795,152839,4372903,6252191,0,0,0,998,1000,1399,1400,7764172
MPCTASK: EXP,3,68,3398,226,-501,720,293,89,0,-700,657,-102,485,-978,700,174,-262,700,19,205,618,69,300,1,3,3,15,3,1,1,0,0,0,5,26853,11623,39206,1975800,0,2705,99330,4564899,6665007,0,0,0,997,1000,1399,1400,7764172
MPCTASK: EXP,3,70,3492,244,-475,722,155,238,1,-709,743,-106,531,-868,700,108,-137,700,22,168,604,69,300,1,3,3,15,3,1,1,0,0,0,5,23169,9447,33265,1605821,0,1798,23315,3938524,5654986,0,0,0,997,1000,1399,1400,7764172
MPCTASK: EXP,3,72,3598,241,-441,721,9,363,-8,-682,786,-106,528,-735,700,48,-71,700,19,224,615,69,300,1,3,3,15,3,1,1,0,0,0,5,25734,12316,39386,2093710,0,1948,79297,4374828,6695815,0,0,0,997,1000,1399,1400,7764172
MPCTASK: EXP,3,74,3698,219,-401,718,-136,478,-14,-683,806,-112,477,-584,700,-15,23,700,15,163,664,69,300,1,3,3,15,3,1,1,0,0,0,5,27273,11706,39879,1954732,0,1802,91363,4636399,6779480,0,0,0,996,1000,1399,1400,7764172
MPCTASK: EXP,3,76,3797,179,-342,716,-298,605,-8,-610,658,-132,382,-417,700,-77,123,700,14,64,829,69,300,1,3,3,15,3,1,1,0,0,0,5,26679,10020,37842,1703369,0,1795,51768,4535317,6433331,0,0,0,996,1000,1399,1400,7764172
MPCTASK: EXP,3,78,3892,133,-286,713,-412,698,3,-541,469,-139,253,-239,700,-118,209,700,13,58,767,69,300,1,3,3,15,3,1,1,0,0,0,5,21289,10234,33232,1739658,0,43060,226275,3618971,5649438,0,0,0,995,1000,1399,1400,7764172
MPCTASK: EXP,3,80,3999,71,-223,712,-494,775,15,-473,209,-136,103,-54,700,-150,284,700,12,29,806,69,300,1,3,3,15,3,1,1,0,0,0,5,28010,11163,40799,1897693,0,1957,86244,4761459,6935941,0,0,0,994,1000,1399,1400,7764172
MPCTASK: EXP,3,82,4096,27,-167,715,-504,821,40,-378,-40,-129,-53,132,700,-142,342,700,15,43,736,69,300,1,3,3,15,3,1,1,0,0,0,5,25947,11030,37834,1874995,0,1795,122863,4410767,6431731,0,0,0,995,1000,1399,1400,7764172
MPCTASK: EXP,3,84,4197,-27,-79,724,-473,875,60,-282,-317,-123,-202,317,700,-128,432,700,24,69,635,69,300,1,3,3,15,3,1,1,0,0,0,5,27093,9657,38007,1641653,0,1795,191222,4605800,6461190,0,0,0,996,1000,1399,1400,7764172
MPCTASK: EXP,3,86,4296,-71,-8,731,-403,887,47,-177,-507,-129,-327,494,700,-111,474,700,31,137,563,69,300,1,3,3,15,3,1,1,0,0,0,5,24580,11586,37844,1969539,0,77202,87330,4178583,6433526,0,0,0,996,1000,1399,1400,7764172
MPCTASK: EXP,3,88,4394,-107,79,736,-304,907,24,-112,-672,-143,-417,661,700,-57,560,700,36,146,609,69,300,1,3,3,15,3,1,1,0,0,0,5,24347,10907,35775,1854166,0,1795,23151,4138791,6081816,0,0,0,997,1000,1399,1400,7764172
MPCTASK: EXP,3,90,4497,-126,155,743,-193,903,23,13,-754,-154,-463,812,700,-3,563,700,43,195,594,69,300,1,3,3,15,3,1,1,0,0,0,5,25160,11885,37903,2020305,0,1795,97089,4277103,6443568,0,0,0,997,1000,1399,1400,7764172
MPCTASK: EXP,3,92,4598,-133,234,742,-40,872,-32,45,-830,-153,-460,944,700,51,598,700,35,121,920,69,300,1,3,3,15,3,1,1,0,0,0,5,27026,11016,38876,1872559,0,1795,23151,4594307,6608939,0,0,0,997,1000,1399,1400,7764172
MPCTASK: EXP,3,94,4703,-95,271,737,147,776,-46,299,-822,-119,-409,1053,700,142,558,700,28,203,637,69,300,1,3,3,15,3,1,1,0,0,0,5,29474,13864,43603,2356700,0,1796,23156,5010403,7412617,0,0,0,998,1000,1399,1400,7764172
MPCTASK: EXP,3,96,4795,-80,342,734,266,720,-18,294,-614,-85,-315,1137,700,150,579,700,31,153,591,69,300,1,3,3,15,3,1,1,0,0,0,5,22702,11361,35888,1931371,0,1951,175816,3859291,6101026,0,0,0,998,1000,1399,1400,7764172
MPCTASK: EXP,3,98,4898,-36,443,732,378,713,-9,414,-453,-96,-186,1195,700,179,620,700,30,-27,804,69,300,1,3,3,15,3,1,1,0,0,0,5,25395,11481,37652,1951602,0,1795,109496,4317067,6400783,0,0,0,998,1000,1399,1400,7764172
MPCTASK: EXP,3,100,4998,4,521,732,434,629,-2,730,-154,-131,-35,1223,700,180,613,700,32,106,776,69,300,1,3,3,15,3,1,1,0,0,0,5,27183,10213,38714,1736178,0,1803,200690,4621087,6581559,0,0,0,998,1000,1399,1400,7764172
MPCTASK: EXP,3,102,5097,31,558,735,412,471,-11,844,137,-142,121,1223,700,136,557,700,33,50,1112,69,300,1,3,3,15,3,1,1,0,0,0,5,25509,11972,38078,2035069,0,1795,49467,4336551,6473257,0,0,0,998,1000,1399,1400,7764172
MPCTASK: EXP,3,104,5194,100,566,735,410,281,-30,878,297,-138,269,1193,700,155,470,700,29,67,1176,69,300,1,3,3,15,3,1,1,0,0,0,5,23603,10916,35028,1855637,0,1795,23151,4012335,5954890,0,0,0,998,1000,1399,1400,7764172
MPCTASK: EXP,3,106,5297,132,566,735,324,102,-26,904,601,-141,395,1135,700,103,382,700,30,119,995,69,300,1,3,3,15,3,1,1,0,0,0,5,25222,10911,36862,1854821,0,1962,100855,4287671,6266932,0,0,0,997,1000,1399,1400,7764172
MPCTASK: EXP,3,108,5394,182,552,731,237,-68,-36,835,757,-86,485,1050,700,81,291,700,24,185,657,69,300,1,3,3,15,3,1,1,0,0,0,5,21464,12014,34797,2042386,0,12455,24305,3648783,5915568,0,0,0,997,1000,1399,1400,7764172
MPCTASK: EXP,3,110,5498,175,523,727,61,-234,-36,834,915,10,531,939,700,-8,194,700,20,81,1175,69,300,1,3,3,15,3,1,1,0,0,0,5,27421,10959,38648,1862955,0,1795,23151,4661359,6570302,0,0,0,997,1000,1399,1400,7764172
MPCTASK: EXP,3,112,5599,135,475,721,-136,-401,-38,745,782,129,528,807,700,-98,81,700,14,110,857,69,300,1,3,3,15,3,1,1,0,0,0,5,25735,12187,38822,2071822,0,1795,129600,4374855,6599887,0,0,0,997,1000,1399,1400,7764172
MPCTASK: EXP,3,114,5700,54,442,712,-344,-515,-35,631,683,307,477,655,700,-205,13,700,5,-17,876,69,300,1,3,3,15,3,1,1,0,0,0,5,26372,11327,38854,1925465,0,1795,139828,4483225,6605255,0,0,0,997,1000,1399,1400,7764172
MPCTASK: EXP,3,116,5796,0,372,707,-439,-654,17,594,222,490,382,488,700,-232,-101,700,7,34,845,69,300,1,3,3,15,3,1,1,0,0,0,5,22941,12141,35912,2063754,0,1795,118752,3899943,6105091,0,0,0,997,1000,1399,1400,7764172
MPCTASK: EXP,3,118,5899,-54,309,711,-463,-743,61,511,-31,539,253,310,700,-247,-186,700,11,128,566,69,300,1,3,3,15,3,1,1,0,0,0,5,26250,11451,38605,1946582,0,2095,129956,4462459,6562905,0,0,0,996,1000,1399,1400,7764172
MPCTASK: EXP,3,120,5997,-109,233,722,-447,-821,81,444,-221,483,103,125,700,-242,-284,700,22,136,548,69,300,1,3,3,15,3,1,1,0,0,0,5,23650,11363,36127,1931552,0,1795,167020,4020401,6141619,0,0,0,995,1000,1399,1400,7764172
MPCTASK: EXP,3,122,6099,-138,206,732,-378,-804,67,406,-352,375,-53,-61,700,-188,-289,700,32,67,644,69,300,1,3,3,15,3,1,1,0,0,0,5,25402,12007,38038,2041168,0,1795,38984,4318188,6466546,0,0,0,994,1000,1399,1400,7764172
MPCTASK: EXP,3,124,6197,-173,118,742,-313,-875,42,325,-445,263,-202,-245,700,-157,-373,700,42,4,786,69,300,1,3,3,15,3,1,1,0,0,0,5,25567,10023,36215,1703745,0,1795,23151,4346267,6156823,0,0,0,994,1000,1399,1400,7764172
MPCTASK: EXP,3,126,6300,-198,36,746,-222,-902,1,159,-622,173,-327,-423,700,-112,-437,700,46,121,648,69,300,1,3,3,15,3,1,1,0,0,0,5,25819,13484,40022,2292236,0,1795,73547,4389147,6803888,0,0,0,994,1000,1399,1400,7764172
MPCTASK: EXP,3,128,6398,-215,-49,749,-110,-906,-9,14,-735,105,-417,-589,700,-65,-495,700,47,151,661,69,300,1,3,3,15,3,1,1,0,0,0,5,25842,10956,37463,1862454,0,1795,89539,4393059,6368849,0,0,0,995,1000,1399,1400,7764172
MPCTASK: EXP,3,130,6498,-211,-136,748,29,-891,-31,-132,-782,67,-463,-740,700,9,-544,700,42,178,655,69,300,1,3,3,15,3,1,1,0,0,0,5,25256,11482,37004,1951868,0,1795,23151,4293483,6290704,0,0,0,996,1000,1399,1400,7764172
MPCTASK: EXP,3,132,6602,-198,-217,743,164,-850,-66,-222,-779,42,-460,-872,700,68,-578,700,29,207,630,69,300,1,3,3,15,3,1,1,0,0,0,5,28459,11249,40832,1912356,0,1919,166687,4838047,6941466,0,0,0,997,1000,1399,1400,7764172
MPCTASK: EXP,3,134,6700,-166,-285,736,307,-780,-63,-349,-700,24,-409,-982,700,144,-568,700,23,131,781,69,300,1,3,3,15,3,1,1,0,0,0,5,26235,12228,39122,2078639,0,1795,47028,4459823,6650922,0,0,0,997,1000,1399,1400,7764172
MPCTASK: EXP,3,136,6801,-111,-340,728,446,-679,-52,-447,-573,1,-315,-1066,700,220,-549,700,18,137,634,69,300,1,3,3,15,3,1,1,0,0,0,5,25523,12540,39435,2131683,0,1795,153616,4338791,6704149,0,0,0,998,1000,1399,1400,7764172
MPCTASK: EXP,3,138,6898,-69,-387,726,521,-573,-21,-507,-351,-15,-186,-1123,700,230,-538,700,21,155,559,69,300,1,3,3,15,3,1,1,0,0,0,5,26674,9873,36816,1678466,0,1795,23151,4534535,6258922,0,0,0,998,1000,1399,1400,7764172
MPCTASK: EXP,3,140,7000,-5,-428,725,586,-459,-5,-610,-195,-29,-35,-1152,700,244,-476,700,24,22,890,69,300,1,3,3,15,3,1,1,0,0,0,5,26564,11234,38445,1909593,0,2139,87498,4515895,6535694,0,0,0,998,1000,1399,1400,7764172
MPCTASK: EXP,3,142,7100,49,-457,727,587,-340,0,-603,116,-37,121,-1152,700,234,-445,700,27,42,838,69,300,1,3,3,15,3,1,1,0,0,0,5,25982,12214,38974,2076341,0,1795,46490,4416891,6625556,0,0,0,998,1000,1399,1400,7764172
MPCTASK: EXP,3,144,7201,103,-471,728,544,-207,0,-695,390,-49,269,-1122,700,219,-368,700,28,96,762,69,300,1,3,3,15,3,1,1,0,0,0,5,25743,12282,39431,2087905,0,1795,189085,4376107,6703402,0,0,0,998,1000,1399,1400,7764172
MPCTASK: EXP,3,146,7298,145,-479,729,448,-75,-4,-735,629,-72,395,-1064,700,177,-316,700,28,150,645,69,300,1,3,3,15,3,1,1,0,0,0,5,24826,10228,36082,1738662,0,1796,109898,4220271,6134011,0,0,0,997,1000,1399,1400,7764172
MPCTASK: EXP,3,148,7399,188,-473,730,336,62,-16,-756,795,-95,485,-978,700,141,-223,700,27,151,690,69,300,1,3,3,15,3,1,1,0,0,0,5,28355,8981,37854,1526732,0,1795,23151,4820283,6435357,0,0,0,997,1000,1399,1400,7764172
MPCTASK: EXP,3,150,7500,209,-460,731,185,193,-24,-743,904,-127,531,-868,700,65,-161,700,26,242,581,69,300,1,3,3,15,3,1,1,0,0,0,5,25363,11045,37443,1877497,0,1796,152856,4311596,6365391,0,0,0,997,1000,1399,1400,7764172
MPCTASK: EXP,3,152,7601,212,-420,723,22,347,-55,-727,903,-141,528,-735,700,14,-37,700,12,159,904,69,300,1,3,3,15,3,1,1,0,0,0,5,23629,14156,38536,2406508,0,1972,38515,4016952,6551267,0,0,0,997,1000,1399,1400,7764172
MPCTASK: EXP,3,154,7699,194,-383,717,-150,470,-42,-681,888,-156,477,-584,700,-58,38,700,9,177,762,69,300,1,3,3,15,3,1,1,0,0,0,5,25409,10881,36735,1849634,0,1795,23151,4319467,6245160,0,0,0,997,1000,1399,1400,7764172
MPCTASK: EXP,3,156,7800,157,-326,709,-313,596,-34,-579,715,-166,382,-417,700,-114,134,700,3,98,826,69,300,1,3,3,15,3,1,1,0,0,0,5,22793,12995,37651,2209068,0,42509,24680,3874611,6400807,0,0,0,996,1000,1399,1400,7764172
MPCTASK: EXP,3,158,7903,110,-277,707,-432,676,-4,-507,472,-169,253,-239,700,-146,201,700,6,50,791,69,300,1,3,3,15,3,1,1,0,0,0,5,25784,12151,39672,2065573,0,1802,250839,4383051,6744199,0,0,0,995,1000,1399,1400,7764172
MPCTASK: EXP,3,160,8001,63,-216,707,-493,749,18,-454,226,-158,103,-54,700,-156,279,700,7,15,834,69,300,1,3,3,15,3,1,1,0,0,0,5,24267,11659,38664,1981936,0,202912,160975,4125199,6572887,0,0,0,995,1000,1399,1400,7764172
MPCTASK: EXP,3,162,8101,11,-152,711,-510,802,35,-373,-62,-144,-53,132,700,-153,345,700,11,16,815,69,300,1,3,3,15,3,1,1,0,0,0,5,27089,11052,38944,1878693,0,1795,71395,4605019,6620441,0,0,0,995,1000,1399,1400,7764172
MPCTASK: EXP,3,164,8201,-31,-84,717,-467,834,41,-277,-315,-123,-202,317,700,-127,417,700,17,131,516,69,300,1,3,3,15,3,1,1,0,0,0,5,27488,10110,38471,1718702,0,1795,126105,4672824,6540283,0,0,0,996,1000,1399,1400,7764172
MPCTASK: EXP,3,166,8301,-62,-23,723,-382,836,23,-223,-474,-111,-327,494,700,-84,424,700,23,167,590,69,300,1,3,3,15,3,1,1,0,0,0,5,24305,11347,37202,1928853,0,1795,87919,4131847,6324339,0,0,0,996,1000,1399,1400,7764172
MPCTASK: EXP,3,168,8402,-89,46,728,-281,845,5,-109,-654,-102,-417,661,700,-19,487,700,28,94,732,69,300,1,3,3,15,3,1,1,0,0,0,5,27405,10997,38874,1869355,0,1795,23151,4658795,6608584,0,0,0,997,1000,1399,1400,7764172
MPCTASK: EXP,3,170,8502,-107,137,730,-154,859,-13,4,-809,-102,-463,812,700,34,541,700,27,85,964,69,300,1,3,3,15,3,1,1,0,0,0,5,25164,11027,38510,1874392,0,1970,24002,4277660,6546812,0,0,0,998,1000,1399,1400,7764172
MPCTASK: EXP,3,172,8602,-107,199,728,-1,809,-32,154,-848,-96,-460,943,700,88,553,700,21,217,608,69,300,1,3,3,15,3,1,1,0,0,0,5,24399,13382,38838,2274969,0,1795,115699,4147723,6602491,0,0,0,998,1000,1399,1400,7764172
MPCTASK: EXP,3,174,8703,-92,269,722,155,757,-42,258,-808,-98,-409,1053,700,152,564,700,14,128,880,69,300,1,3,3,15,3,1,1,0,0,0,5,24592,12351,37801,2099488,0,1795,100158,4180479,6426487,0,0,0,998,1000,1399,1400,7764172
MPCTASK: EXP,3,176,8802,-44,326,718,321,681,-32,323,-660,-95,-314,1137,700,211,551,700,11,9,1014,69,300,1,3,3,15,3,1,1,0,0,0,5,24169,12981,37544,2206729,0,1795,23151,4108543,6382462,0,0,0,998,1000,1399,1400,7764172
MPCTASK: EXP,3,178,8902,-10,402,712,413,632,-25,413,-424,-97,-186,1195,700,230,583,700,7,95,650,69,300,1,3,3,15,3,1,1,0,0,0,5,27737,9922,37926,1686667,0,1795,23151,4715211,6447710,0,0,0,999,1000,1399,1400,7764172
MPCTASK: EXP,3,180,9000,36,441,713,472,513,4,634,-197,-37,-35,1223,700,236,519,700,13,55,830,69,300,1,3,3,15,3,1,1,0,0,0,5,23064,12480,36410,2121541,0,1795,84465,3920795,6189791,0,0,0,999,1000,1399,1400,7764172
MPCTASK: EXP,3,182,9105,118,478,714,526,390,-10,670,239,10,121,1223,700,226,474,700,12,-28,861,69,300,1,3,3,15,3,1,1,0,0,0,5,26423,12697,40520,2158444,0,1802,65070,4491908,6888555,0,0,0,998,1000,1399,1400,7764172
MPCTASK: EXP,3,184,9203,168,463,718,463,204,12,638,460,55,269,1193,700,211,379,700,18,61,799,69,300,1,3,3,15,3,1,1,0,0,0,5,24203,13169,38795,2238691,0,1802,121358,4114416,6595327,0,0,0,998,1000,1399,1400,7764172
MPCTASK: EXP,3,186,9301,209,461,720,361,73,11,662,801,45,394,1135,700,154,302,700,20,130,728,69,300,1,3,2,15,3,1,1,0,0,0,5,25225,10017,36441,1702767,0,1795,75616,4288119,6194929,0,0,0,998,1000,1399,1400,7764172
MPCTASK: EXP,3,188,9400,235,454,722,212,-52,-7,691,933,44,484,1050,700,104,228,700,20,215,626,69,300,1,3,3,15,3,1,1,0,0,0,5,23496,10353,36031,1759933,0,2100,346305,3994367,6125272,0,0,0,998,1000,1399,1400,7764172
MPCTASK: EXP,3,190,9502,248,431,719,50,-189,-47,713,992,43,529,941,700,42,137,700,9,227,760,69,300,1,3,3,15,3,1,1,0,0,0,5,23778,12024,37075,2044035,0,1835,99472,4042179,6302922,0,0,0,998,1000,1399,1400,7764172
MPCTASK: EXP,3,192,9598,234,399,709,-132,-326,-67,703,908,70,526,809,700,-24,44,700,-3,110,1191,69,300,1,3,3,15,3,1,1,0,0,0,5,23820,9855,33944,1675354,0,1802,23151,4049323,5770633,0,0,0,998,1000,1399,1400,7764172
MPCTASK: EXP,3,194,9705,236,359,703,-246,-452,-32,656,725,96,475,657,700,-29,-45,700,-3,221,622,69,300,1,3,3,15,3,1,1,0,0,0,5,25394,14487,40741,2462719,0,1796,123163,4316747,6925942,0,0,0,998,1000,1399,1400,7764172
MPCTASK: EXP,3,196,9802,148,346,698,-446,-527,-3,745,611,169,380,490,700,-125,-100,700,-2,0,973,69,300,1,3,3,15,3,1,1,0,0,0,5,24033,12825,37464,2180175,0,1795,80919,4085559,6368893,0,0,0,997,1000,1399,1400,7764172
MPCTASK: EXP,3,198,9907,84,284,700,-535,-662,31,634,238,209,252,312,700,-163,-195,700,0,4,912,69,300,1,3,3,15,3,1,1,0,0,0,5,27366,14532,42447,2470362,0,1796,70986,4652199,7216061,0,0,0,996,1000,1399,1400,7764172
MPCTASK: EXP,3,200,10002,25,225,702,-558,-750,26,563,3,198,102,126,700,-172,-271,700,2,-4,885,69,300,1,3,3,15,3,1,1,0,0,0,5,24517,12093,37926,2055687,0,1795,125036,4167891,6447633,0,0,0,995,1000,1399,1400,7764172
MPCTASK: EXP,3,202,10102,-38,145,708,-543,-835,40,412,-322,181,-52,-62,700,-168,-354,700,8,32,772,69,300,1,3,3,15,3,1,1,0,0,0,5,23673,13554,37881,2304137,0,1795,67035,4024371,6439705,0,0,0,995,1000,1399,1400,7764172
MPCTASK: EXP,3,204,10202,-68,44,714,-439,-915,43,288,-558,130,-198,-250,700,-117,-457,700,14,114,599,69,300,1,3,3,15,3,1,1,0,0,0,5,24342,12156,37433,2066379,0,44930,24307,4138064,6363751,0,0,0,996,1000,1399,1400,7764172
MPCTASK: EXP,3,206,10302,-106,-59,720,-338,-956,27,-5,-634,74,-320,-431,700,-83,-514,700,20,25,859,69,300,1,3,3,15,3,1,1,0,0,0,5,22737,12596,36179,2141228,0,2104,34615,3865223,6150519,0,0,0,996,1000,1399,1400,7764172
MPCTASK: EXP,3,208,10404,-120,-133,726,-202,-911,16,-184,-769,14,-406,-602,700,-23,-526,700,26,173,611,69,300,1,3,3,15,3,1,1,0,0,0,5,27667,8382,37804,1424925,0,1795,23151,4703355,6426712,0,0,0,996,1000,1399,1400,7764172
MPCTASK: EXP,3,210,10503,-124,-205,728,-62,-845,-7,-313,-761,-23,-449,-757,700,18,-532,700,27,218,596,69,300,1,3,3,15,3,1,1,0,0,0,5,24595,10118,36248,1720041,0,1822,24696,4181123,6162209,0,0,0,997,1000,1399,1400,7764172
MPCTASK: EXP,3,212,10603,-112,-268,727,77,-758,-36,-449,-712,-47,-444,-892,700,70,-514,700,20,151,670,69,300,1,3,3,15,3,1,1,0,0,0,5,22632,12282,35862,2087747,0,1796,125031,3847272,6096600,0,0,0,997,1000,1399,1400,7764172
MPCTASK: EXP,3,214,10707,-87,-325,723,206,-653,-53,-565,-599,-62,-393,-1001,700,119,-476,700,12,123,691,69,300,1,3,3,15,3,1,1,0,0,0,5,27437,12631,40797,2147159,0,1802,24306,4664157,6935591,0,0,0,998,1000,1399,1400,7764172
MPCTASK: EXP,3,216,10803,-62,-367,718,294,-523,-42,-669,-394,-74,-304,-1079,699,119,-441,699,10,141,671,69,300,1,3,3,15,3,1,1,0,0,0,5,24810,9857,37255,1675633,0,2707,23465,4217631,6333396,0,0,0,998,1000,1399,1400,7764172
MPCTASK: EXP,3,218,10903,-27,-397,714,354,-378,-32,-745,-186,-77,-188,-1122,699,132,-370,699,7,89,913,69,300,1,3,3,15,3,1,1,0,0,0,5,24530,10781,35895,1832662,0,1795,59190,4170027,6102115,0,0,0,998,1000,1399,1400,7764172
MPCTASK: EXP,3,220,11004,6,-419,715,365,-228,-1,-814,52,-82,-59,-1125,699,128,-323,699,14,124,811,69,300,1,3,3,15,3,1,1,0,0,0,5,24899,11741,37387,1995954,0,1795,102161,4232687,6355795,0,0,0,998,1000,1399,1400,7764172
MPCTASK: EXP,3,222,11102,42,-422,717,344,-71,0,-805,255,-91,64,-1087,699,125,-252,699,17,129,779,69,300,1,3,3,15,3,1,1,0,0,0,5,25047,8440,35466,1434714,0,1795,314366,4257952,6029325,0,0,0,998,1000,1399,1400,7764172
MPCTASK: EXP,3,224,11203,79,-412,714,298,78,-24,-774,397,-98,170,-1008,699,138,-211,699,9,191,606,69,300,1,3,3,15,3,1,1,0,0,0,5,23226,11772,36114,2001165,0,1796,167763,3948312,6139513,0,0,0,998,1000,1399,1400,7764172
MPCTASK: EXP,3,226,11306,103,-393,711,218,212,-28,-646,480,-112,244,-888,700,108,-163,700,6,163,594,69,300,1,3,3,15,3,1,1,0,0,0,5,26646,11943,39824,2030260,0,2058,83122,4529687,6770162,0,0,0,998,1000,1399,1400,7764172
MPCTASK: EXP,3,228,11407,113,-360,707,127,323,-27,-485,467,-132,277,-737,700,103,-121,700,2,136,573,69,300,1,3,3,15,3,1,1,0,0,0,5,28213,11403,40198,1938525,0,1795,76173,4796134,6833624,0,0,0,997,1000,1399,1400,7764172
MPCTASK: EXP,3,230,11503,114,-321,702,40,402,-23,-310,402,-144,270,-563,700,58,-103,700,-1,112,587,69,300,1,3,3,15,3,1,1,0,0,0,5,24559,10988,36677,1867946,0,1795,23151,4174999,6235313,0,0,0,997,1000,1399,1400,7764172
MPCTASK: EXP,3,232,11604,101,-285,700,-40,432,-4,-96,313,-146,229,-385,700,53,-74,700,0,121,531,69,300,1,3,3,15,3,1,1,0,0,0,5,25846,11318,37432,1924005,0,1795,23151,4393591,6363676,0,0,0,996,1000,1399,1400,7764172
MPCTASK: EXP,3,234,11706,93,-242,702,-81,443,12,41,124,-135,168,-219,700,44,-29,700,2,136,477,69,300,1,3,3,15,3,1,1,0,0,0,5,27660,11288,39779,1918866,0,1795,118485,4702108,6762607,0,0,0,995,1000,1399,1400,7764172
MPCTASK: EXP,3,236,11803,75,-204,704,-106,409,16,158,20,-126,105,-87,700,-4,30,700,4,169,631,69,300,1,3,3,15,3,1,1,0,0,0,5,24881,10426,36005,1772400,0,1804,23310,4229814,6120959,0,0,0,994,1000,1399,1400,7764172
MPCTASK: EXP,3,238,11907,60,-171,707,-111,376,14,63,-14,-116,57,-2,700,-32,122,700,7,145,487,69,300,1,3,3,15,3,1,1,0,0,0,5,29161,11089,41114,1885041,0,1795,23151,4957371,6989346,0,0,0,994,1000,1399,1400,7764172
MPCTASK: EXP,3,240,12001,50,-145,709,-113,361,6,-113,56,-102,36,31,700,-73,208,700,9,63,732,69,300,1,3,3,15,3,1,1,0,0,0,5,20933,12568,34181,2136450,0,2187,24306,3558583,5810764,0,0,0,994,1000,1399,1400,7764172
MPCTASK: EXP,3,242,12102,38,-127,711,-128,374,1,-385,148,-88,33,35,700,-66,269,700,11,6,869,69,300,1,3,3,15,3,1,1,0,0,0,5,23477,11285,35479,1918229,0,1796,74681,3990863,6031403,0,0,0,994,1000,1399,1400,7764172
MPCTASK: EXP,3,244,12203,19,-98,712,-164,449,-6,-664,161,-82,29,43,700,-54,314,700,11,108,716,69,300,1,3,3,15,3,1,1,0,0,0,5,25440,10941,36807,1859912,0,1795,23151,4324587,6257176,0,0,0,994,1000,1399,1400,7764172
MPCTASK: EXP,3,246,12301,46,-9,712,-116,625,-18,-683,36,-57,4,89,700,42,456,700,9,88,817,69,300,1,3,3,15,3,1,1,0,0,0,5,24250,10110,34963,1718530,0,1795,51575,4122407,5943711,0,0,0,994,1000,1399,1400,7764172
MPCTASK: EXP,3,248,12408,15,33,710,-143,696,-25,-590,-52,-69,-42,188,700,67,470,700,5,-12,977,69,300,1,3,3,15,3,1,1,0,0,0,5,27004,13492,41401,2293420,0,1795,65281,4590627,7038191,0,0,0,994,1000,1399,1400,7764172
MPCTASK: EXP,3,250,12507,-7,88,704,-122,763,-23,-435,-343,-93,-98,333,700,95,501,700,0,13,899,69,300,1,3,3,15,3,1,1,0,0,0,5,27307,11646,40165,1979631,0,1795,135306,4642104,6828241,0,0,0,995,1000,1399,1400,7764172
MPCTASK: EXP,3,252,12606,-8,147,701,-29,790,-12,-213,-582,-106,-145,507,700,152,520,700,0,31,894,69,300,1,3,3,15,3,1,1,0,0,0,5,26676,12430,40122,2113032,0,66445,23317,4534847,6820871,0,0,0,996,1000,1399,1400,7764172
MPCTASK: EXP,3,254,12710,-3,237,701,81,817,-2,82,-626,-111,-166,688,700,191,556,700,0,-37,967,69,300,1,3,3,15,3,1,1,0,0,0,5,30292,12438,43568,2114471,0,25417,96177,5149499,7406755,0,0,0,997,1000,1399,1400,7764172
MPCTASK: EXP,3,256,12808,8,314,705,189,776,17,286,-634,-100,-151,858,700,220,570,700,5,47,834,69,300,1,3,3,15,3,1,1,0,0,0,5,25622,14185,40968,2411420,0,1795,82317,4355683,6964659,0,0,0,997,1000,1399,1400,7764172
MPCTASK: EXP,3,258,12905,70,369,707,340,697,0,475,-555,-83,-97,1001,699,283,551,699,7,-39,869,69,300,1,3,3,15,3,1,1,0,0,0,5,25273,11899,37841,2022797,0,1802,91055,4296303,6433049,0,0,0,998,1000,1399,1400,7764172
MPCTASK: EXP,3,260,13004,97,405,711,387,546,0,629,-247,-80,-8,1106,699,274,499,699,11,137,614,69,300,1,3,3,15,3,1,1,0,0,0,5,23193,12192,35996,2072701,0,1802,31072,3942596,6119393,0,0,0,998,1000,1399,1400,7764172
MPCTASK: EXP,3,262,13107,128,427,710,399,396,-15,672,-51,-82,104,1169,699,262,438,699,7,115,717,69,300,1,3,3,15,3,1,1,0,0,0,5,25850,12286,39229,2088587,0,1795,133022,4394323,6669078,0,0,0,998,1000,1399,1400,7764172
MPCTASK: EXP,3,264,13205,158,429,710,381,248,-18,695,180,-84,227,1189,699,228,362,699,7,78,857,69,300,1,3,3,15,3,1,1,0,0,0,5,25507,10912,37421,1854879,0,26870,65603,4336127,6361575,0,0,0,998,1000,1399,1400,7764172
MPCTASK: EXP,3,266,13302,182,431,709,311,104,-22,677,424,-62,344,1166,699,179,292,699,4,162,603,69,300,1,3,3,15,3,1,1,0,0,0,5,21143,12212,33989,2076089,0,1795,84918,3594239,5778560,0,0,0,998,1000,1399,1400,7764172
MPCTASK: EXP,3,268,13407,201,434,705,215,-14,-30,686,565,-28,439,1104,699,134,236,699,0,178,589,69,300,1,3,3,15,3,1,1,0,0,0,5,27461,11494,39503,1953876,0,1804,23317,4668239,6715464,0,0,0,998,1000,1399,1400,7764172
MPCTASK: EXP,3,270,13502,161,410,703,31,-163,-23,730,603,26,500,1008,700,-1,139,700,0,90,855,69,300,1,3,3,15,3,1,1,0,0,0,5,23348,10130,34367,1722026,0,1951,45071,3969087,5842565,0,0,0,998,1000,1399,1400,7764172
MPCTASK: EXP,3,272,13604,151,377,700,-79,-300,-25,665,620,47,518,883,700,-53,49,700,-4,215,646,69,300,1,3,3,15,3,1,1,0,0,0,5,24284,12086,37267,2054648,0,1795,130291,4128251,6335469,0,0,0,998,1000,1399,1400,7764172
MPCTASK: EXP,3,274,13706,95,325,695,-247,-441,-28,604,624,92,489,735,700,-155,-56,700,-9,63,853,69,300,1,3,3,15,3,1,1,0,0,0,5,28104,9877,38844,1679029,0,1913,75416,4777523,6603470,0,0,0,998,1000,1399,1400,7764172
MPCTASK: EXP,3,276,13807,58,271,691,-345,-548,-5,487,390,125,414,569,700,-181,-143,700,-9,158,573,69,300,1,3,3,15,3,1,1,0,0,0,5,26033,12949,39546,2201150,0,1795,23156,4425479,6722947,0,0,0,998,1000,1399,1400,7764172
MPCTASK: EXP,3,278,13902,47,212,691,-368,-629,18,411,274,111,302,390,700,-169,-224,700,-8,93,604,69,300,1,3,3,15,3,1,1,0,0,0,5,23136,10978,34626,1866272,0,1795,23151,3933128,5886580,0,0,0,997,1000,1399,1400,7764172
MPCTASK: EXP,3,280,14006,6,150,695,-404,-687,41,332,156,122,162,203,700,-171,-293,700,-4,160,612,69,300,1,3,3,15,3,1,1,0,0,0,5,26026,11198,38098,1903586,0,1795,126268,4424323,6476747,0,0,0,997,1000,1399,1400,7764172
MPCTASK: EXP,3,282,14102,-28,78,701,-406,-741,41,261,-54,131,8,14,700,-149,-372,700,1,127,503,69,300,1,3,3,15,3,1,1,0,0,0,5,23411,10020,33944,1703219,0,1796,47854,3979695,5770539,0,0,0,995,1000,1399,1400,7764172
MPCTASK: EXP,3,284,14210,-62,15,706,-374,-756,29,162,-262,131,-143,-174,700,-124,-419,700,6,114,513,69,300,1,3,3,15,3,1,1,0,0,0,5,26873,13121,41781,2230466,0,1802,149183,4568296,7102702,0,0,0,995,1000,1399,1400,7764172
MPCTASK: EXP,3,286,14306,-100,-51,711,-320,-762,24,112,-454,129,-279,-356,700,-100,-469,700,11,102,595,69,300,1,3,3,15,3,1,1,0,0,0,5,26866,10191,38058,1732463,0,1835,24306,4567133,6470082,0,0,0,996,1000,1399,1400,7764172
MPCTASK: EXP,3,288,14404,-125,-117,715,-226,-758,1,45,-621,120,-384,-527,700,-51,-516,700,15,183,596,69,300,1,3,3,15,3,1,1,0,0,0,5,21513,12410,35141,2109624,0,1978,184274,3657239,5974002,0,0,0,996,1000,1399,1400,7764172
MPCTASK: EXP,3,290,14508,-136,-182,716,-109,-742,-16,-37,-704,109,-448,-685,700,4,-526,700,12,197,588,69,300,1,3,3,15,3,1,1,0,0,0,5,26054,12559,39049,2134978,0,1795,42358,4429087,6638371,0,0,0,997,1000,1399,1400,7764172
MPCTASK: EXP,3,292,14611,-134,-238,716,22,-707,-31,-83,-751,93,-466,-824,700,69,-554,700,10,176,629,69,300,1,3,3,15,3,1,1,0,0,0,5,28009,12899,41617,2192730,0,1918,97486,4761521,7074963,0,0,0,998,1000,1399,1400,7764172
MPCTASK: EXP,3,294,14709,-126,-298,713,148,-667,-40,-195,-737,70,-434,-942,700,116,-565,700,5,196,593,69,300,1,3,3,15,3,1,1,0,0,0,5,26708,12058,39827,2049884,0,1802,156570,4540247,6770707,0,0,0,998,1000,1399,1400,7764172
MPCTASK: EXP,3,296,14810,-94,-345,710,285,-596,-39,-289,-650,39,-356,-1036,700,180,-547,700,2,147,638,69,300,1,3,3,15,3,1,1,0,0,0,5,27528,11344,40119,1928252,0,1795,188427,4679675,6820329,0,0,0,998,1000,1399,1400,7764172
MPCTASK: EXP,3,298,14906,-53,-391,705,397,-523,-35,-367,-501,12,-240,-1104,700,216,-531,700,-1,84,733,69,300,1,3,3,15,3,1,1,0,0,0,5,24039,10083,36265,1713988,0,1795,23567,4086491,6165194,0,0,0,998,1000,1399,1400,7764172
MPCTASK: EXP,3,300,15009,-13,-423,703,466,-427,-15,-448,-309,-13,-97,-1144,700,236,-496,700,0,91,657,69,300,1,3,3,15,3,1,1,0,0,0,5,26544,12083,39882,2054066,0,1802,66322,4512399,6780092,0,0,0,998,1000,1399,1400,7764172
MPCTASK: EXP,3,302,15109,34,-452,703,501,-328,-5,-527,-84,-30,58,-1155,700,242,-453,700,2,53,794,69,300,1,3,3,15,3,1,1,0,0,0,5,27430,11051,39098,1878515,0,1795,81939,4663007,6646787,0,0,0,998,1000,1399,1400,7764172
MPCTASK: EXP,3,304,15208,81,-468,703,493,-214,-4,-581,144,-48,212,-1137,700,234,-393,700,2,57,810,69,300,1,3,3,15,3,1,1,0,0,0,5,26545,11077,38419,1883125,0,2359,55895,4512591,6531209,0,0,0,998,1000,1399,1400,7764172
MPCTASK: EXP,3,306,15309,121,-473,705,442,-93,-3,-651,343,-60,348,-1090,700,213,-335,700,4,135,629,69,300,1,3,3,15,3,1,1,0,0,0,5,28151,10476,39437,1780898,0,1976,77136,4785671,6704318,0,0,0,998,1000,1399,1400,7764172
MPCTASK: EXP,3,308,15408,155,-468,706,359,30,-7,-651,525,-66,454,-1015,700,181,-249,700,5,160,591,69,300,1,3,3,15,3,1,1,0,0,0,5,24780,12139,38363,2063531,0,1802,155782,4212503,6521679,0,0,0,998,1000,1399,1400,7764172
MPCTASK: EXP,3,310,15508,183,-454,707,257,155,-12,-706,629,-68,518,-915,700,118,-172,700,5,188,592,69,300,1,3,3,15,3,1,1,0,0,0,5,26094,12095,38618,2056044,0,2830,48224,4435920,6565204,0,0,0,998,1000,1399,1400,7764172
MPCTASK: EXP,3,312,15608,193,-428,705,125,282,-28,-676,781,-65,535,-791,700,39,-89,700,0,204,592,69,300,1,3,3,15,3,1,1,0,0,0,5,26974,11032,38576,1875431,0,1802,74335,4585431,6558163,0,0,0,998,1000,1399,1400,7764172
MPCTASK: EXP,3,314,15706,191,-390,701,-21,409,-35,-692,795,-74,503,-646,700,-4,5,700,-5,196,607,69,300,1,3,3,15,3,1,1,0,0,0,5,22433,13320,36462,2264425,0,1902,98018,3813631,6198577,0,0,0,998,1000,1399,1400,7764172
MPCTASK: EXP,3,316,15809,169,-341,695,-176,534,-37,-668,761,-86,425,-485,700,-63,100,700,-11,123,792,69,300,1,3,3,15,3,1,1,0,0,0,5,25615,13228,39804,2248741,0,2098,97131,4354503,6766678,0,0,0,997,1000,1399,1400,7764172
MPCTASK: EXP,3,318,15909,130,-285,689,-319,645,-31,-586,601,-109,308,-311,700,-116,193,700,-16,100,721,69,300,1,3,3,15,3,1,1,0,0,0,5,25490,12364,38708,2101774,0,1795,123159,4333247,6580731,0,0,0,996,1000,1399,1400,7764172
MPCTASK: EXP,3,320,16011,86,-225,683,-417,733,-23,-490,372,-124,165,-128,700,-136,268,700,-21,59,799,69,300,1,3,3,15,3,1,1,0,0,0,5,29110,10912,40430,1854955,0,1795,23151,4948631,6873174,0,0,0,996,1000,1399,1400,7764172
MPCTASK: EXP,3,322,16110,34,-161,683,-471,797,19,-412,95,-117,9,57,700,-143,339,700,-16,13,858,69,300,1,3,3,15,3,1,1,0,0,0,5,26244,11977,39108,2035979,0,1795,128734,4461411,6648694,0,0,0,996,1000,1399,1400,7764172
MPCTASK: EXP,3,324,16210,-25,-91,686,-480,841,42,-304,-222,-112,-144,243,700,-140,403,700,-13,14,848,69,300,1,3,3,15,3,1,1,0,0,0,5,26504,12066,39441,2051111,0,1803,70761,4505667,6704913,0,0,0,996,1000,1399,1400,7764172
MPCTASK: EXP,3,326,16308,-70,-21,696,-419,860,63,-207,-468,-106,-281,424,700,-111,463,700,-3,71,651,69,300,1,3,3,15,3,1,1,0,0,0,5,24723,11863,37283,2016621,0,1795,94625,4202952,6338250,0,0,0,997,1000,1399,1400,7764172
MPCTASK: EXP,3,328,16408,-111,51,706,-327,862,55,-115,-692,-111,-386,596,700,-79,504,700,6,108,673,69,300,1,3,3,15,3,1,1,0,0,0,5,27457,9922,38404,1686603,0,2196,24304,4667595,6528845,0,0,0,998,1000,1399,1400,7764172
MPCTASK: EXP,3,330,16507,-122,116,710,-183,838,9,-12,-771,-112,-451,753,700,8,518,700,10,227,643,69,300,1,3,1,15,3,1,1,0,0,0,5,25257,10470,37103,1779976,0,2060,132181,4293611,6307495,0,0,0,998,1000,1399,1400,7764172
MPCTASK: EXP,3,332,16611,-133,186,713,-49,816,-8,62,-864,-103,-467,893,700,55,544,700,11,66,1115,69,300,1,3,3,15,3,1,1,0,0,0,5,27080,12938,40815,2199510,0,1795,23151,4603596,6938674,0,0,0,998,1000,1399,1400,7764172
MPCTASK: EXP,3,334,16708,-120,252,712,117,768,-26,203,-905,-99,-435,1012,700,117,559,700,7,142,944,69,300,1,3,3,15,3,1,1,0,0,0,5,24282,11496,36780,1954308,0,1795,99341,4127732,6252706,0,0,0,998,1000,1399,1400,7764172
MPCTASK: EXP,3,336,16806,-86,322,711,285,713,-26,328,-765,-91,-357,1107,700,180,568,700,6,63,1001,69,300,1,3,3,15,3,1,1,0,0,0,5,22801,11871,35523,2017932,0,1795,23151,3876039,6039019,0,0,0,999,1000,1399,1400,7764172
MPCTASK: EXP,3,338,16907,-16,365,705,455,610,-46,435,-566,-65,-241,1175,700,267,531,700,-4,85,782,69,300,1,3,3,15,3,1,1,0,0,0,5,24633,10778,36859,1832133,0,68746,24307,4187503,6266087,0,0,0,999,1000,1399,1400,7764172
MPCTASK: EXP,3,340,17007,36,479,701,530,613,-18,519,-202,-59,-97,1215,700,252,591,700,-2,-39,831,69,300,1,3,3,15,3,1,1,0,0,0,5,25699,10496,36808,1784268,0,1940,80945,4368799,6257447,0,0,0,999,1000,1399,1400,7764172
MPCTASK: EXP,3,342,17109,79,510,704,523,456,6,780,121,-7,58,1227,700,228,525,700,4,-17,1133,69,300,1,3,3,15,3,1,1,0,0,0,5,24180,12308,37867,2092218,0,86302,76056,4110519,6437658,0,0,0,999,1000,1399,1400,7764172
MPCTASK: EXP,3,344,17207,152,484,704,516,232,-11,729,398,28,212,1209,700,229,408,700,1,-54,1061,69,300,1,3,3,15,3,1,1,0,0,0,5,23835,11959,36799,2033026,0,2204,58023,4051967,6256011,0,0,0,999,1000,1399,1400,7764172
MPCTASK: EXP,3,346,17311,178,501,705,388,116,-5,669,744,49,348,1162,700,157,361,700,4,129,700,69,300,1,3,3,15,3,1,1,0,0,0,5,28317,11503,40755,1955428,0,1796,94663,4813815,6928544,0,0,0,998,1000,1399,1400,7764172
MPCTASK: EXP,3,348,17410,203,479,707,244,-38,-19,689,859,79,454,1087,700,97,262,700,3,153,765,69,300,1,3,3,15,3,1,1,0,0,0,5,25529,13036,39081,2215948,0,1795,64291,4339763,6643952,0,0,0,998,1000,1399,1400,7764172
MPCTASK: EXP,3,350,17505,204,475,703,71,-148,-45,705,921,107,518,986,700,21,202,700,-6,188,779,69,300,1,3,3,15,3,1,1,0,0,0,5,23364,10330,34325,1756054,0,1795,84738,3971843,5835241,0,0,0,998,1000,1399,1400,7764172
MPCTASK: EXP,3,352,17609,186,438,693,-109,-302,-66,714,915,128,535,862,700,-60,92,700,-19,184,856,69,300,1,3,3,15,3,1,1,0,0,0,5,25772,12502,38785,2125352,0,1795,64147,4381211,6593380,0,0,0,998,1000,1399,1400,7764172
MPCTASK: EXP,3,354,17710,149,401,687,-285,-432,-34,668,786,170,503,718,700,-142,6,700,-19,143,733,69,300,1,3,3,15,3,1,1,0,0,0,5,27251,11268,39802,1915419,0,1796,193993,4632651,6766476,0,0,0,998,1000,1399,1400,7764172
MPCTASK: EXP,3,356,17810,100,353,681,-428,-553,-14,634,619,206,425,556,700,-208,-90,700,-21,118,672,69,300,1,3,3,15,3,1,1,0,0,0,5,26756,12031,39432,2045106,0,1802,52219,4548495,6703524,0,0,0,998,1000,1399,1400,7764172
MPCTASK: EXP,3,358,17909,43,303,681,-529,-649,25,562,406,228,308,382,700,-258,-167,700,-18,87,674,69,300,1,3,3,15,3,1,1,0,0,0,5,24576,12831,38466,2181188,0,1913,82820,4177815,6539218,0,0,0,997,1000,1399,1400,7764172
MPCTASK: EXP,3,360,18013,31,220,683,-521,-760,42,459,179,208,165,200,700,-183,-269,700,-16,91,609,69,300,1,3,3,15,3,1,1,0,0,0,5,30006,12161,43042,2067187,0,1795,126185,5100967,7317166,0,0,0,996,1000,1399,1400,7764172
MPCTASK: EXP,3,362,18109,-28,154,691,-547,-809,56,347,-50,193,9,13,700,-184,-327,700,-8,-35,838,69,300,1,3,3,15,3,1,1,0,0,0,5,27502,10529,38830,1789702,0,1914,79119,4675251,6601164,0,0,0,996,1000,1399,1400,7764172
MPCTASK: EXP,3,364,18211,-89,74,700,-517,-852,62,236,-412,156,-144,-172,700,-166,-400,700,0,-13,844,69,300,1,3,3,15,3,1,1,0,0,0,5,28147,11617,40555,1974771,0,1802,45171,4784839,6894539,0,0,0,996,1000,1399,1400,7764172
MPCTASK: EXP,3,366,18312,-134,3,707,-424,-856,36,84,-652,113,-281,-353,700,-130,-443,700,7,21,880,69,300,1,3,3,15,3,1,1,0,0,0,5,25278,14539,41480,2471635,0,1795,169014,4297183,7051556,0,0,0,996,1000,1399,1400,7764172
MPCTASK: EXP,3,368,18403,-175,-74,713,-305,-849,19,-21,-865,69,-386,-524,700,-88,-492,700,13,97,944,69,300,1,3,3,15,3,1,1,0,0,0,5,22064,9864,32947,1676812,0,2097,36345,3750671,5601047,0,0,0,997,1000,1399,1400,7764172
MPCTASK: EXP,3,370,18509,-192,-142,718,-147,-813,1,-107,-968,25,-451,-682,700,-30,-521,700,18,203,723,69,300,1,3,3,15,3,1,1,0,0,0,5,25800,12227,39045,2078609,0,1795,91404,4385919,6637759,0,0,0,997,1000,1399,1400,7764172
MPCTASK: EXP,3,372,18608,-192,-209,718,23,-769,-27,-192,-961,-3,-467,-822,700,41,-543,700,13,209,761,69,300,1,3,3,15,3,1,1,0,0,0,5,23497,12142,36777,2064010,0,56032,94744,3994411,6252269,0,0,0,998,1000,1399,1400,7764172
MPCTASK: EXP,3,374,18711,-177,-260,712,187,-699,-61,-249,-909,-23,-435,-941,700,104,-530,700,0,142,1086,69,300,1,3,3,15,3,1,1,0,0,0,5,29777,9539,40656,1621495,0,1795,116072,5062099,6911662,0,0,0,998,1000,1399,1400,7764172
MPCTASK: EXP,3,376,18809,-140,-309,708,350,-626,-44,-311,-772,-23,-357,-1036,700,169,-523,700,0,91,978,69,300,1,3,3,15,3,1,1,0,0,0,5,27471,10926,38843,1857351,0,1803,53041,4669951,6603402,0,0,0,998,1000,1399,1400,7764172
MPCTASK: EXP,3,378,18909,-102,-348,702,464,-536,-39,-392,-569,-21,-241,-1104,700,210,-494,700,-5,111,690,69,300,1,3,3,15,3,1,1,0,0,0,5,25729,12316,39060,2093645,0,85237,66489,4373719,6640302,0,0,0,998,1000,1399,1400,7764172
MPCTASK: EXP,3,380,19014,-44,-380,696,557,-438,-25,-440,-339,-14,-97,-1144,700,238,-459,700,-8,63,765,69,300,1,3,3,15,3,1,1,0,0,0,5,28259,13020,42783,2213227,0,42522,24684,4803907,7273419,0,0,0,999,1000,1399,1400,7764172
MPCTASK: EXP,3,382,19112,4,-399,698,584,-326,12,-512,-89,-12,58,-1155,700,245,-405,700,-1,65,729,69,300,1,3,3,15,3,1,1,0,0,0,5,28747,12221,41837,2077343,0,1795,41835,4887007,7112343,0,0,0,999,1000,1399,1400,7764172
MPCTASK: EXP,3,384,19210,62,-417,701,575,-219,19,-560,191,-1,212,-1137,700,240,-354,700,1,58,760,69,300,1,3,3,15,3,1,1,0,0,0,5,25550,13174,39435,2239451,0,2671,23464,4343435,6704027,0,0,0,999,1000,1399,1400,7764172
MPCTASK: EXP,3,386,19310,103,-420,709,518,-112,30,-623,397,3,348,-1090,700,211,-286,700,9,113,636,69,300,1,3,3,15,3,1,1,0,0,0,5,25386,12615,39339,2144389,0,1802,24304,4315431,6687755,0,0,0,998,1000,1399,1400,7764172
MPCTASK: EXP,3,388,19410,150,-421,711,420,8,-10,-626,601,9,454,-1015,700,176,-230,700,9,113,670,69,300,1,3,3,15,3,1,1,0,0,0,5,26166,11436,38710,1944106,0,1795,55039,4448159,6580772,0,0,0,998,1000,1399,1400,7764172
MPCTASK: EXP,3,390,19514,181,-409,709,300,127,-32,-668,714,4,518,-915,700,124,-138,700,2,175,600,69,300,1,3,3,15,3,1,1,0,0,0,5,27539,13072,42942,2222202,0,1796,323247,4681455,7300284,0,0,0,998,1000,1399,1400,7764172
MPCTASK: EXP,3,392,19609,192,-388,704,152,243,-51,-626,797,-7,535,-791,700,45,-81,700,-6,221,599,69,300,1,3,3,15,3,1,1,0,0,0,5,25269,12407,38187,2109195,0,1795,64373,4295659,6491900,0,0,0,998,1000,1399,1400,7764172
MPCTASK: EXP,3,394,19709,189,-360,700,8,351,-36,-678,810,-19,503,-646,700,1,7,700,-6,196,617,69,300,1,3,3,15,3,1,1,0,0,0,5,23119,11711,37157,1990367,0,2824,52191,3930179,6316779,0,0,0,998,1000,1399,1400,7764172
MPCTASK: EXP,3,396,19808,177,-305,694,-153,493,-37,-643,777,-32,425,-485,700,-49,118,700,-13,176,641,69,300,1,3,3,15,3,1,1,0,0,0,5,24885,10435,35859,1773798,0,1947,67819,4230403,6096053,0,0,0,997,1000,1399,1400,7764172
MPCTASK: EXP,3,398,19907,143,-262,688,-297,586,-27,-585,645,-62,308,-311,700,-100,184,700,-16,102,739,69,300,1,3,3,15,3,1,1,0,0,0,5,24459,9566,34870,1626090,0,1927,120992,4157919,5928031,0,0,0,997,1000,1399,1400,7764172
MPCTASK: EXP,3,400,20009,92,-210,688,-416,674,4,-542,416,-86,165,-128,700,-135,266,700,-11,34,845,69,300,1,3,3,15,3,1,1,0,0,0,5,26212,9971,36707,1695074,0,1802,66375,4455955,6240282,0,0,0,996,1000,1399,1400,7764172
MPCTASK: EXP,3,402,20112,50,-155,685,-466,741,0,-472,154,-93,9,57,700,-141,332,700,-15,73,706,69,300,1,3,3,15,3,1,1,0,0,0,5,26319,10960,38455,1863194,0,35124,24526,4474171,6537378,0,0,0,996,1000,1399,1400,7764172
MPCTASK: EXP,3,404,20214,0,-68,687,-464,826,27,-370,-164,-84,-144,243,700,-120,422,700,-12,56,707,69,300,1,3,3,15,3,1,1,0,0,0,5,26945,13025,40408,2214217,0,1795,37404,4580548,6869298,0,0,0,996,1000,1399,1400,7764172
MPCTASK: EXP,3,406,20315,-28,-12,691,-394,838,38,-264,-396,-90,-281,424,700,-75,452,700,-8,99,572,69,300,1,3,3,15,3,1,1,0,0,0,5,25938,15086,41868,2564432,0,1795,73782,4409287,7117598,0,0,0,997,1000,1399,1400,7764172
MPCTASK: EXP,3,408,20411,-77,57,701,-332,856,46,-207,-601,-97,-386,596,700,-50,515,700,1,58,754,69,300,1,3,3,15,3,1,1,0,0,0,5,26536,10965,38072,1863817,0,1795,72775,4511043,6472358,0,0,0,998,1000,1399,1400,7764172
MPCTASK: EXP,3,410,20513,-95,125,705,-201,852,7,-111,-783,-97,-450,753,700,3,552,700,5,195,597,69,300,1,3,3,15,3,1,1,0,0,0,5,25263,12795,38655,2175095,0,1796,51949,4294487,6571441,0,0,0,998,1000,1399,1400,7764172
MPCTASK: EXP,3,412,20614,-96,203,703,-50,847,-26,31,-814,-100,-467,893,700,77,593,700,-1,182,658,69,300,1,3,3,15,3,1,1,0,0,0,5,25008,14014,39894,2382358,0,1915,125147,4251183,6781996,0,0,0,998,1000,1399,1400,7764172
MPCTASK: EXP,3,414,20714,-94,269,703,87,801,-12,172,-789,-114,-435,1012,700,124,607,700,1,199,597,69,300,1,3,3,15,3,1,1,0,0,0,5,26638,12148,39461,2065175,0,1958,91776,4528432,6708519,0,0,0,999,1000,1399,1400,7764172
MPCTASK: EXP,3,416,20812,-78,330,702,212,752,-16,263,-749,-124,-357,1107,700,175,601,700,0,130,735,69,300,1,3,3,15,3,1,1,0,0,0,5,24312,12327,37649,2095550,0,1796,148190,4132911,6400517,0,0,0,999,1000,1399,1400,7764172
MPCTASK: EXP,3,418,20917,-42,394,703,347,665,-11,396,-578,-108,-241,1175,700,219,591,700,0,84,731,69,300,1,3,3,15,3,1,1,0,0,0,5,25750,13996,40013,2379260,0,1798,23305,4377387,6802407,0,0,0,999,1000,1399,1400,7764172
MPCTASK: EXP,3,420,21014,4,450,701,436,581,-27,479,-327,-81,-97,1215,700,220,579,700,-4,30,879,69,300,1,3,3,15,3,1,1,0,0,0,5,24011,12713,37369,2161083,0,1797,23316,4081719,6353097,0,0,0,999,1000,1399,1400,7764172
MPCTASK: EXP,3,422,21115,56,517,698,486,506,-29,622,-141,-79,58,1227,700,236,565,700,-7,7,1009,69,300,1,3,3,15,3,1,1,0,0,0,5,24531,13093,38187,2225820,0,1979,70583,4170267,6491717,0,0,0,999,1000,1399,1400,7764172
MPCTASK: EXP,3,424,21214,111,538,695,489,347,-26,790,245,-3,212,1209,700,201,485,700,-10,-42,1262,69,300,1,3,3,15,3,1,1,0,0,0,5,24241,11843,36713,2013224,0,1802,65460,4120931,6241275,0,0,0,998,1000,1399,1400,7764172
MPCTASK: EXP,3,426,21312,153,530,697,416,158,-4,764,605,150,348,1162,700,157,391,700,-3,16,1082,69,300,1,3,3,15,3,1,1,0,0,0,5,22025,10997,33909,1869326,0,1795,127225,3744119,5764659,0,0,0,998,1000,1399,1400,7764172
MPCTASK: EXP,3,428,21418,181,520,701,284,-5,3,720,894,307,453,1088,700,90,305,700,1,102,934,69,300,1,3,3,15,3,1,1,0,0,0,5,27430,12316,40838,2093700,0,1802,162560,4663139,6942418,0,0,0,998,1000,1399,1400,7764172
MPCTASK: EXP,3,430,21513,187,497,702,114,-157,-1,660,939,457,517,987,700,23,214,700,2,198,645,69,300,1,3,3,15,3,1,1,0,0,0,5,23483,11704,35602,1989574,0,1795,47415,3992095,6052530,0,0,0,998,1000,1399,1400,7764172
MPCTASK: EXP,3,432,21613,212,479,697,7,-268,-28,602,894,505,533,864,700,5,145,700,-8,175,722,69,300,1,3,3,15,3,1,1,0,0,0,5,23989,10923,35941,1856781,0,1926,90797,4078011,6110029,0,0,0,998,1000,1399,1400,7764172
MPCTASK: EXP,3,434,21721,186,438,690,-180,-409,-25,617,909,512,501,720,700,-70,45,700,-14,145,853,69,300,1,3,3,15,3,1,1,0,0,0,5,27604,13369,42922,2272782,0,1958,181026,4692532,7296821,0,0,0,997,1000,1399,1400,7764172
MPCTASK: EXP,3,436,21811,150,391,684,-327,-529,-12,552,648,485,423,559,700,-112,-42,700,-18,55,856,69,300,1,3,3,15,3,1,1,0,0,0,5,21933,11500,33933,1954932,0,1798,23318,3728564,5768838,0,0,0,997,1000,1399,1400,7764172
MPCTASK: EXP,3,438,21913,96,364,684,-437,-589,23,527,421,435,306,385,700,-156,-90,700,-15,36,815,69,300,1,3,3,15,3,1,1,0,0,0,5,25129,7543,35413,1282262,0,1795,385632,4271752,6020292,0,0,0,996,1000,1399,1400,7764172
MPCTASK: EXP,3,440,22016,52,312,684,-486,-674,31,590,216,362,164,201,700,-162,-175,700,-15,12,889,69,300,1,3,3,15,3,1,1,0,0,0,5,24938,12473,37873,2120343,0,1798,56534,4239327,6438515,0,0,0,996,1000,1399,1400,7764172
MPCTASK: EXP,3,442,22116,-11,259,694,-506,-737,65,473,-90,306,9,13,700,-174,-231,700,-5,48,718,69,300,1,3,3,15,3,1,1,0,0,0,5,26255,10971,37801,1864974,0,1795,52020,4463347,6426372,0,0,0,996,1000,1399,1400,7764172
MPCTASK: EXP,3,444,22213,-50,188,702,-455,-806,46,484,-320,234,-142,-175,700,-133,-311,700,2,118,564,69,300,1,3,3,15,3,1,1,0,0,0,5,24204,10104,35134,1717586,0,1795,117644,4114739,5972843,0,0,0,996,1000,1399,1400,7764172
MPCTASK: EXP,3,446,22318,-88,93,706,-381,-886,21,316,-519,165,-275,-360,700,-104,-393,700,6,67,714,69,300,1,3,3,15,3,1,1,0,0,0,5,26595,12250,39648,2082400,0,1802,113143,4521079,6740095,0,0,0,997,1000,1399,1400,7764172
MPCTASK: EXP,3,448,22416,-107,22,713,-275,-904,27,138,-671,102,-377,-535,700,-53,-434,700,13,151,600,69,300,1,3,3,15,3,1,1,0,0,0,5,26276,11114,38403,1889269,0,1907,114973,4466839,6528528,0,0,0,997,1000,1399,1400,7764172
MPCTASK: EXP,3,450,22516,-115,-65,714,-125,-894,-9,-58,-738,36,-437,-697,700,5,-467,700,12,164,626,69,300,1,3,3,15,3,1,1,0,0,0,5,24793,10630,37125,1806948,0,1796,82007,4214839,6311711,0,0,0,998,1000,1399,1400,7764172
MPCTASK: EXP,3,452,22620,-116,-138,714,3,-848,-23,-218,-715,-5,-451,-841,700,31,-476,700,9,162,627,69,300,1,3,3,15,3,1,1,0,0,0,5,27911,12588,41829,2139842,0,2666,202104,4744863,7111085,0,0,0,998,1000,1399,1400,7764172
MPCTASK: EXP,3,454,22717,-93,-211,710,146,-785,-37,-368,-646,-20,-419,-961,700,100,-463,700,3,110,745,69,300,1,3,3,15,3,1,1,0,0,0,5,27622,10366,39060,1762114,0,1795,157860,4695663,6640246,0,0,0,998,1000,1399,1400,7764172
MPCTASK: EXP,3,456,22817,-65,-267,708,255,-681,-28,-558,-490,-14,-344,-1052,699,122,-428,699,3,103,688,69,300,1,3,3,15,3,1,1,0,0,0,5,26585,10860,37879,1846224,0,1798,23306,4519419,6439523,0,0,0,998,1000,1399,1400,7764172
MPCTASK: EXP,3,458,22918,-24,-320,708,342,-558,-17,-714,-281,5,-237,-1109,699,146,-388,699,5,61,929,69,300,1,3,3,15,3,1,1,0,0,0,5,28301,9590,39637,1630251,0,2693,186689,4810935,6738435,0,0,0,999,1000,1399,1400,7764172
MPCTASK: EXP,3,460,23020,9,-353,709,367,-400,-8,-843,-37,15,-111,-1129,699,144,-323,699,8,79,1036,69,300,1,3,3,15,3,1,1,0,0,0,5,26332,14141,41600,2404013,0,1802,23460,4476335,7072019,0,0,0,999,1000,1399,1400,7764172
MPCTASK: EXP,3,462,23119,47,-368,708,366,-242,-23,-893,155,14,16,-1108,699,148,-266,699,3,116,1025,69,300,1,3,3,15,3,1,1,0,0,0,5,26367,12508,39776,2126354,0,1795,88428,4482323,6761933,0,0,0,999,1000,1399,1400,7764172
MPCTASK: EXP,3,464,23221,77,-377,701,308,-59,-38,-876,352,0,131,-1044,699,136,-212,699,-5,136,947,69,300,1,3,3,15,3,1,1,0,0,0,5,25879,12949,39756,2201277,0,1802,97019,4399287,6758609,0,0,0,998,1000,1399,1400,7764172
MPCTASK: EXP,3,466,23314,107,-361,700,244,107,-19,-768,424,-24,219,-940,699,128,-146,699,-3,131,755,69,300,1,3,3,15,3,1,1,0,0,0,5,21608,11628,33643,1976705,0,1795,23340,3673239,5719423,0,0,0,998,1000,1399,1400,7764172
MPCTASK: EXP,3,468,23419,119,-335,697,153,244,-23,-646,483,-49,269,-801,700,88,-135,700,-7,154,603,69,300,1,3,3,15,3,1,1,0,0,0,5,25358,12108,38894,2058286,0,1796,151607,4310908,6612093,0,0,0,998,1000,1399,1400,7764172
MPCTASK: EXP,3,470,23517,126,-300,692,76,349,-17,-434,403,-68,278,-634,700,115,-119,700,-10,18,892,69,300,1,3,3,15,3,1,1,0,0,0,5,25299,10384,36510,1765241,0,67205,52703,4300731,6206902,0,0,0,997,1000,1399,1400,7764172
MPCTASK: EXP,3,472,23619,126,-263,689,2,400,-1,-118,319,-72,249,-456,700,117,-126,700,-10,11,898,69,300,1,3,3,15,3,1,1,0,0,0,5,26286,11221,38257,1907443,0,2238,24310,4468503,6503807,0,0,0,997,1000,1399,1400,7764172
MPCTASK: EXP,3,474,23716,113,-223,690,-53,399,16,184,131,-70,194,-282,700,113,-120,700,-9,23,887,69,300,1,3,3,15,3,1,1,0,0,0,5,25399,9102,35427,1547294,0,1795,135766,4317659,6022705,0,0,0,996,1000,1399,1400,7764172
MPCTASK: EXP,3,476,23817,102,-195,693,-69,334,27,401,-58,-57,129,-135,700,94,-103,700,-6,129,543,69,300,1,3,3,15,3,1,1,0,0,0,5,24215,11522,36545,1958649,0,1795,115707,4116391,6212681,0,0,0,995,1000,1399,1400,7764172
MPCTASK: EXP,3,478,23918,90,-164,696,-60,260,22,448,-151,-48,73,-30,700,65,-69,700,-3,202,803,69,300,1,3,3,15,3,1,1,0,0,0,5,25288,11337,37361,1927214,0,20485,24699,4298859,6351503,0,0,0,995,1000,1399,1400,7764172
MPCTASK: EXP,3,480,24022,86,-156,699,-33,169,11,339,-144,-35,41,23,700,66,-94,700,0,111,547,69,300,1,3,3,15,3,1,1,0,0,0,5,28740,13355,42370,2270242,0,1956,23157,4885603,7202954,0,0,0,995,1000,1399,1400,7764172
MPCTASK: EXP,3,482,24124,88,-155,701,-11,104,3,172,-39,-27,33,35,700,85,-122,700,1,145,507,69,300,1,3,3,15,3,1,1,0,0,0,5,29034,13514,43147,2297332,0,2106,54511,4935807,7335021,0,0,0,995,1000,1399,1400,7764172
MPCTASK: TRAJ DONE: idx=482, max=482; requesting landing
MPCTASK: LANDING: start z=0.70, hold=(0.08,-0.15)
MPCTASK: TIMING SUMMARY: max_step_cycles=7764172 deadline_cycles=8400000 overruns=0
MPCTASK: LANDING COMPLETE: t=29205 ms, x=0.079, y=-0.172, z=-0.006, vz=-0.089; motors off
