SUP: Ready to fly
MPCTASK: Benchmark mode 0, maneuver 4, max_iter 5, task_pri 0
MPCTASK: Reference altitude: 0.70 m; barrier skip when z>0.75 and vz>-0.20
MPCTASK: Common baseline: mpc_hz=20 model_hz=20 rho=5 base_w=0 base_qz=1 Qz=100 R=4 bridge=x10 guards=z[ref,ref+0.20] xy=free cap=0.05
MPCTASK: MPC->PID: xyz=x10, z_guard=[ref,ref+0.20], yaw=raw_rz, output_hold=200ms, safety_hold=500ms
MPCTASK: Reference origin: xy=OOT_activation z=0.70 m
MPCTASK: Fixed baseline: w=0 qz=1 adaptive_cache=off
MPCTASK: EXP every=2: m,s,tms,p3[mm],v3[mmps],att3[cdeg],ref3[mm],cmd3[mm],h/raw/grad/mar/thr[milli],act/ac/bind,wi/qi/cache/noa,pa/pf/du[milli],it,mpc/eval/total[us],bar/tanh/rl/cache/solve/step[cycles],overruns,post_active/post_infeasible_totals,wreq/w/qzreq/qz[milli],max_step_cycles
MPCTASK: Figure8: source=traj_fig8_12.h source_hz=100 samples=1205 laps=2 duration=24.07 s origin=OOT_activation z_offset=0.09 m
CONTROLLER: Using OutOfTree (6) controller
MPCTASK: Trajectory origin: x=-0.33 y=0.33
MPCTASK: OOT activated at z=0.55
MPCTASK: OOT loop 1 done
MPCTASK: OOT loop 2 done
MPCTASK: MPC task MPCTASK: OOT loop 3 done
loop 1
MPCTASK: Benchmark reset: mode=0 maneuver=4
MPCTASK: x0: pos=(-0.33,0.33,0.55) vel=(-0.15,-0.03,-0.02)
MPCTASK: ref: (-0.33,0.33,0.70)
MPCTASK: MPC solve start
MPCTASK: MPC solve done, iter=5
MPCTASK: MPC time=27202 us
MPCTASK: MPC stack free=1165 words
MPCTASK: setpoint: x=-0.43 y=0.62 z=0.70 preview_z=0.63
MPCTASK: MPC task loop 2
MPCTASK: MPC task loop 3
MPCTASK: EXP,0,2,78,-338,330,548,-131,-47,-31,103,-266,165,-334,334,700,-409,632,700,0,0,0,0,0,0,0,0,0,0,0,0,0,0,0,5,24938,0,24992,0,0,0,0,4168758,4248704,0,0,0,0,0,1000,1000,5159774
MPCTASK: EXP,0,4,180,-350,311,538,-87,-74,-186,4,-319,164,-345,354,700,-359,626,700,0,0,0,0,0,0,0,0,0,0,0,0,0,0,0,5,25947,0,26408,0,0,0,0,4410941,4489442,0,0,0,0,0,1000,1000,5159774
MPCTASK: EXP,0,6,279,-365,297,518,-57,-73,-230,-274,-216,158,-380,420,700,-320,651,700,0,0,0,0,0,0,0,0,0,0,0,0,0,0,0,5,25607,0,25967,0,0,0,0,4353121,4414430,0,0,0,0,0,1000,1000,5159774
MPCTASK: EXP,0,8,379,-356,278,513,9,77,45,-1226,-261,136,-433,540,700,-244,718,700,0,0,0,0,0,0,0,0,0,0,0,0,0,0,0,5,25216,0,25271,0,0,0,0,4286713,4296192,0,0,0,0,0,1000,1000,5159774
MPCTASK: EXP,0,10,478,-351,330,530,66,394,158,-1543,-335,-2,-487,699,700,-182,836,700,0,0,0,0,0,0,0,0,0,0,0,0,0,0,0,5,24573,0,24629,0,0,0,0,4177385,4186977,0,0,0,0,0,1000,1000,5159774
MPCTASK: EXP,0,12,576,-341,385,544,132,649,132,-1329,-434,-82,-525,878,700,-124,902,700,0,0,0,0,0,0,0,0,0,0,0,0,0,0,0,5,22111,0,22544,0,0,0,0,3758814,3832521,0,0,0,0,0,1000,1000,5159774
MPCTASK: EXP,0,14,679,-338,440,555,198,814,122,-951,-498,-204,-533,1057,700,-88,928,700,0,0,0,0,0,0,0,0,0,0,0,0,0,0,0,5,25618,0,25885,0,0,0,0,4354881,4400462,0,0,0,0,0,1000,1000,5159774
MPCTASK: EXP,0,16,777,-317,536,565,298,951,126,-495,-541,-288,-502,1217,700,-50,967,700,0,0,0,0,0,0,0,0,0,0,0,0,0,0,0,5,23599,0,23654,0,0,0,0,4011754,4021233,0,0,0,0,0,1000,1000,5159774
MPCTASK: EXP,0,18,882,-291,641,575,392,990,135,29,-492,-497,-433,1346,699,-30,978,699,0,0,0,0,0,0,0,0,0,0,0,0,0,0,0,5,28952,0,29009,0,0,0,0,4921745,4931750,0,0,0,0,0,1000,1000,5159774
MPCTASK: EXP,0,20,976,-245,719,593,461,915,170,593,-370,-340,-333,1435,699,-21,935,699,0,0,0,0,0,0,0,0,0,0,0,0,0,0,0,5,22872,0,22925,0,0,0,0,3888121,3897442,0,0,0,0,0,1000,1000,5159774
MPCTASK: EXP,0,22,1078,-197,790,615,500,769,166,985,-193,-315,-214,1481,699,-32,873,699,0,0,0,0,0,0,0,0,0,0,0,0,0,0,0,5,24940,0,24994,0,0,0,0,4239769,4249089,0,0,0,0,0,1000,1000,5159774
MPCTASK: EXP,0,24,1179,-133,864,634,524,599,118,1225,35,-476,-91,1483,699,-44,817,699,0,0,0,0,0,0,0,0,0,0,0,0,0,0,0,5,24227,0,24281,0,0,0,0,4118353,4127831,0,0,0,0,0,1000,1000,5159774
MPCTASK: EXP,0,26,1279,-75,893,647,487,346,72,1532,402,-558,18,1444,699,-87,702,699,0,0,0,0,0,0,0,0,0,0,0,0,0,0,0,5,24596,0,24651,0,0,0,0,4181277,4190758,0,0,0,0,0,1000,1000,5159774
MPCTASK: EXP,0,28,1376,-46,891,652,350,57,14,1618,754,-565,100,1368,700,-170,570,700,0,0,0,0,0,0,0,0,0,0,0,0,0,0,0,5,21965,0,22022,0,0,0,0,3734029,3743940,0,0,0,0,0,1000,1000,5159774
MPCTASK: EXP,0,30,1477,-75,840,645,114,-278,-32,1509,982,-387,145,1260,700,-300,405,700,0,0,0,0,0,0,0,0,0,0,0,0,0,0,0,5,22626,0,22687,0,0,0,0,3846329,3856805,0,0,0,0,0,1000,1000,5159774
MPCTASK: EXP,0,32,1578,-69,774,636,-92,-571,-13,1274,1074,-417,144,1125,700,-384,248,700,0,0,0,0,0,0,0,0,0,0,0,0,0,0,0,5,22994,0,23049,0,0,0,0,3908818,3918304,0,0,0,0,0,1000,1000,5159774
MPCTASK: EXP,0,34,1677,-97,692,634,-322,-795,34,957,1116,-311,96,969,700,-477,106,700,0,0,0,0,0,0,0,0,0,0,0,0,0,0,0,5,23579,0,23636,0,0,0,0,4008401,4018115,0,0,0,0,0,1000,1000,5159774
MPCTASK: EXP,0,36,1778,-94,586,636,-507,-958,76,670,949,-477,6,797,700,-509,-30,700,0,0,0,0,0,0,0,0,0,0,0,0,0,0,0,5,24229,0,24284,0,0,0,0,4118776,4128268,0,0,0,0,0,1000,1000,5159774
MPCTASK: EXP,0,38,1879,-133,470,648,-667,-1052,131,304,703,-462,-118,614,700,-542,-148,700,0,0,0,0,0,0,0,0,0,0,0,0,0,0,0,5,24937,0,25000,0,0,0,0,4239161,4250079,0,0,0,0,0,1000,1000,5159774
MPCTASK: EXP,0,40,1980,-201,374,661,-761,-1073,132,41,424,-317,-265,426,700,-565,-232,700,0,0,0,0,0,0,0,0,0,0,0,0,0,0,0,5,25161,0,25217,0,0,0,0,4277289,4287031,0,0,0,0,0,1000,1000,5159774
MPCTASK: EXP,0,42,2085,-288,266,677,-794,-1054,110,-41,-65,-162,-420,236,700,-561,-319,700,0,0,0,0,0,0,0,0,0,0,0,0,0,0,0,5,30581,0,30638,0,0,0,0,5198753,5208496,0,0,0,0,0,1000,1000,5208496
MPCTASK: EXP,0,44,2179,-357,178,690,-740,-1025,88,-14,-454,-113,-568,50,700,-525,-385,700,0,0,0,0,0,0,0,0,0,0,0,0,0,0,0,5,25199,0,25253,0,0,0,0,4283609,4293109,0,0,0,0,0,1000,1000,5208496
MPCTASK: EXP,0,46,2279,-435,94,705,-656,-1000,82,-2,-800,-143,-693,-127,700,-485,-438,700,0,0,0,0,0,0,0,0,0,0,0,0,0,0,0,5,25158,0,25219,0,0,0,0,4276685,4287174,0,0,0,0,0,1000,1000,5208496
MPCTASK: EXP,0,48,2379,-479,22,718,-512,-975,67,-5,-1075,-225,-783,-293,700,-418,-476,700,0,0,0,0,0,0,0,0,0,0,0,0,0,0,0,5,23732,0,23926,0,0,0,0,4034409,4067558,0,0,0,0,0,1000,1000,5208496
MPCTASK: EXP,0,50,2476,-509,-59,727,-313,-960,18,-59,-1281,-240,-829,-444,700,-338,-510,700,0,0,0,0,0,0,0,0,0,0,0,0,0,0,0,5,21938,0,21993,0,0,0,0,3729381,3738875,0,0,0,0,0,1000,1000,5208496
MPCTASK: EXP,0,52,2578,-507,-129,722,-65,-920,-64,-147,-1354,-183,-827,-575,700,-241,-520,700,0,0,0,0,0,0,0,0,0,0,0,0,0,0,0,5,23570,0,23625,0,0,0,0,4006869,4016210,0,0,0,0,0,1000,1000,5208496
MPCTASK: EXP,0,54,2678,-478,-206,709,200,-869,-97,-305,-1275,-122,-776,-684,700,-145,-520,700,0,0,0,0,0,0,0,0,0,0,0,0,0,0,0,5,23878,0,23938,0,0,0,0,4059085,4069573,0,0,0,0,0,1000,1000,5208496
MPCTASK: EXP,0,56,2779,-435,-277,700,437,-786,-45,-479,-1030,-121,-682,-768,700,-71,-500,700,0,0,0,0,0,0,0,0,0,0,0,0,0,0,0,5,24214,0,24272,0,0,0,0,4116353,4126416,0,0,0,0,0,1000,1000,5208496
MPCTASK: EXP,0,58,2875,-364,-333,695,627,-663,3,-675,-661,-119,-553,-825,700,-12,-454,700,0,0,0,0,0,0,0,0,0,0,0,0,0,0,0,5,19171,0,19225,0,0,0,0,3258937,3268442,0,0,0,0,0,1000,1000,5208496
MPCTASK: EXP,0,60,2985,-291,-369,699,723,-505,46,-822,-241,-132,-403,-854,700,6,-383,700,0,0,0,0,0,0,0,0,0,0,0,0,0,0,0,5,29285,0,29339,0,0,0,0,4978244,4987745,0,0,0,0,0,1000,1000,5208496
MPCTASK: EXP,0,62,3083,-211,-402,705,742,-340,60,-930,206,-101,-246,-853,700,-1,-306,700,0,0,0,0,0,0,0,0,0,0,0,0,0,0,0,5,28105,0,28160,0,0,0,0,4777897,4787396,0,0,0,0,0,1000,1000,5208496
MPCTASK: EXP,0,64,3180,-140,-414,717,677,-155,66,-1005,623,-79,-98,-823,700,-42,-210,700,0,0,0,0,0,0,0,0,0,0,0,0,0,0,0,5,24246,0,24301,0,0,0,0,4121757,4131261,0,0,0,0,0,1000,1000,5208496
MPCTASK: EXP,0,66,3283,-75,-410,725,553,32,38,-1051,965,-64,27,-765,700,-99,-102,700,0,0,0,0,0,0,0,0,0,0,0,0,0,0,0,5,27623,0,27678,0,0,0,0,4695853,4705352,0,0,0,0,0,1000,1000,5208496
MPCTASK: EXP,0,68,3383,-37,-387,727,370,226,-17,-1060,1201,-94,117,-679,700,-179,18,700,0,0,0,0,0,0,0,0,0,0,0,0,0,0,0,5,27371,0,27432,0,0,0,0,4652941,4663535,0,0,0,0,0,1000,1000,5208496
MPCTASK: EXP,0,70,3479,-21,-344,724,149,425,-53,-1032,1364,-137,163,-569,700,-273,148,700,0,0,0,0,0,0,0,0,0,0,0,0,0,0,0,5,23657,0,24052,0,0,0,0,4021613,4088808,0,0,0,0,0,1000,1000,5208496
MPCTASK: EXP,0,72,3579,-23,-283,714,-96,625,-67,-965,1340,-167,160,-437,700,-365,288,700,0,0,0,0,0,0,0,0,0,0,0,0,0,0,0,5,22989,0,23051,0,0,0,0,3908089,3918825,0,0,0,0,0,1000,1000,5208496
MPCTASK: EXP,0,74,3683,-71,-210,705,-353,809,-50,-871,1231,-254,109,-285,700,-470,425,700,0,0,0,0,0,0,0,0,0,0,0,0,0,0,0,5,26420,0,26474,0,0,0,0,4491297,4500797,0,0,0,0,0,1000,1000,5208496
MPCTASK: EXP,0,76,3783,-123,-125,696,-558,967,-19,-737,980,-284,14,-118,700,-541,555,700,0,0,0,0,0,0,0,0,0,0,0,0,0,0,0,5,26975,0,27030,0,0,0,0,4585629,4595128,0,0,0,0,0,1000,1000,5208496
MPCTASK: EXP,0,78,3882,-231,-17,695,-744,1103,38,-494,622,-361,-113,59,700,-624,684,700,0,0,0,0,0,0,0,0,0,0,0,0,0,0,0,5,25919,0,25980,0,0,0,0,4406085,4416712,0,0,0,0,0,1000,1000,5208496
MPCTASK: EXP,0,80,3985,-265,86,701,-768,1158,86,-248,168,-263,-264,244,700,-599,781,700,0,0,0,0,0,0,0,0,0,0,0,0,0,0,0,5,26816,0,26981,0,0,0,0,4558561,4586872,0,0,0,0,0,1000,1000,5208496
MPCTASK: EXP,0,82,4082,-352,196,712,-783,1175,102,-52,-151,-263,-421,431,700,-599,870,700,0,0,0,0,0,0,0,0,0,0,0,0,0,0,0,5,24473,0,24641,0,0,0,0,4160473,4189122,0,0,0,0,0,1000,1000,5208496
MPCTASK: EXP,0,84,4186,-404,307,727,-706,1162,95,38,-504,-176,-570,615,700,-547,949,700,0,0,0,0,0,0,0,0,0,0,0,0,0,0,0,5,28954,0,29009,0,0,0,0,4922061,4931561,0,0,0,0,0,1000,1000,5208496
MPCTASK: EXP,0,86,4284,-459,376,744,-594,1086,65,76,-792,-104,-695,793,700,-488,978,700,0,0,0,0,0,0,0,0,0,0,0,0,0,0,0,5,27033,0,27433,0,0,0,0,4595369,4663770,0,0,0,0,0,1000,1000,5208496
MPCTASK: EXP,0,88,4385,-506,431,751,-449,1004,3,2,-997,46,-785,959,700,-425,994,700,0,0,0,0,0,0,0,0,0,0,0,0,0,0,0,5,27179,0,27234,0,0,0,0,4620375,4629877,0,0,0,0,0,1000,1000,5208496
MPCTASK: EXP,0,90,4480,-531,516,745,-273,1002,-97,-104,-1031,242,-831,1110,700,-357,1042,700,0,0,0,0,0,0,0,0,0,0,0,0,0,0,0,5,22891,0,22948,0,0,0,0,3891457,3901285,0,0,0,0,0,1000,1000,5208496
MPCTASK: EXP,0,92,4581,-548,593,734,-92,1006,-158,-212,-1209,381,-828,1242,700,-288,1079,700,0,0,0,0,0,0,0,0,0,0,0,0,0,0,0,5,23966,0,24021,0,0,0,0,4074045,4083668,0,0,0,0,0,1000,1000,5208496
MPCTASK: EXP,0,94,4683,-561,657,723,105,981,-84,132,-1176,492,-777,1352,700,-235,1070,700,0,0,0,0,0,0,0,0,0,0,0,0,0,0,0,5,25723,0,25784,0,0,0,0,4372741,4383230,0,0,0,0,0,1000,1000,5208496
MPCTASK: EXP,0,96,4784,-553,746,716,299,952,-37,255,-1095,382,-682,1436,700,-189,1081,700,0,0,0,0,0,0,0,0,0,0,0,0,0,0,0,5,25470,0,25770,0,0,0,0,4329877,4381069,0,0,0,0,0,1000,1000,5208496
MPCTASK: EXP,0,98,4884,-527,827,715,472,878,0,575,-1024,54,-554,1493,700,-147,1052,700,0,0,0,0,0,0,0,0,0,0,0,0,0,0,0,5,26700,0,26902,0,0,0,0,4538781,4573478,0,0,0,0,0,1000,1000,5208496
MPCTASK: EXP,0,100,4985,-462,897,719,654,727,31,976,-829,-190,-403,1522,700,-104,990,700,0,0,0,0,0,0,0,0,0,0,0,0,0,0,0,5,27732,0,27787,0,0,0,0,4714433,4723932,0,0,0,0,0,1000,1000,5208496
MPCTASK: EXP,0,102,5084,-407,930,724,734,503,41,1121,-420,-358,-246,1522,700,-110,896,700,0,0,0,0,0,0,0,0,0,0,0,0,0,0,0,5,27339,0,27397,0,0,0,0,4647654,4657601,0,0,0,0,0,1000,1000,5208496
MPCTASK: EXP,0,104,5183,-333,985,727,761,317,14,1235,-68,-509,-98,1492,700,-123,831,700,0,0,0,0,0,0,0,0,0,0,0,0,0,0,0,5,24931,0,24985,0,0,0,0,4238105,4247604,0,0,0,0,0,1000,1000,5208496
MPCTASK: EXP,0,106,5285,-277,981,730,700,72,3,1361,345,-484,27,1433,700,-172,706,700,0,0,0,0,0,0,0,0,0,0,0,0,0,0,0,5,27482,0,27537,0,0,0,0,4671989,4681329,0,0,0,0,0,1000,1000,5208496
MPCTASK: EXP,0,108,5384,-232,946,732,575,-184,-18,1287,739,-413,117,1348,700,-243,567,700,0,0,0,0,0,0,0,0,0,0,0,0,0,0,0,5,26311,0,26365,0,0,0,0,4472677,4482177,0,0,0,0,0,1000,1000,5208496
MPCTASK: EXP,0,110,5483,-250,922,729,332,-383,-34,1169,1016,-255,163,1238,700,-370,453,700,0,0,0,0,0,0,0,0,0,0,0,0,0,0,0,5,25634,0,25981,0,0,0,0,4357725,4416870,0,0,0,0,0,1000,1000,5208496
MPCTASK: EXP,0,112,5580,-200,874,723,163,-577,-31,1026,1157,-245,160,1105,700,-418,331,700,0,0,0,0,0,0,0,0,0,0,0,0,0,0,0,5,22568,0,22636,0,0,0,0,3836425,3848164,0,0,0,0,0,1000,1000,5208496
MPCTASK: EXP,0,114,5686,-179,817,722,-42,-733,-16,966,1280,-229,109,954,700,-473,210,700,0,0,0,0,0,0,0,0,0,0,0,0,0,0,0,5,28083,0,28137,0,0,0,0,4773933,4783274,0,0,0,0,0,1000,1000,5208496
MPCTASK: EXP,0,116,5784,-199,719,718,-275,-910,-29,800,1185,-174,14,787,700,-538,67,700,0,0,0,0,0,0,0,0,0,0,0,0,0,0,0,5,27256,0,27311,0,0,0,0,4633453,4642953,0,0,0,0,0,1000,1000,5208496
MPCTASK: EXP,0,118,5885,-266,697,712,-488,-922,-17,458,845,15,-113,609,700,-595,37,700,0,0,0,0,0,0,0,0,0,0,0,0,0,0,0,5,27341,0,27738,0,0,0,0,4647934,4715498,0,0,0,0,0,1000,1000,5208496
MPCTASK: EXP,0,120,5983,-339,591,708,-632,-1013,-10,394,553,151,-264,424,700,-636,-83,700,0,0,0,0,0,0,0,0,0,0,0,0,0,0,0,5,25739,0,25793,0,0,0,0,4375569,4384910,0,0,0,0,0,1000,1000,5208496
MPCTASK: EXP,0,122,6083,-401,466,708,-688,-1094,32,122,67,318,-421,237,700,-622,-194,700,0,0,0,0,0,0,0,0,0,0,0,0,0,0,0,5,25525,0,25580,0,0,0,0,4339181,4348684,0,0,0,0,0,1000,1000,5208496
MPCTASK: EXP,0,124,6182,-471,371,716,-653,-1096,84,152,-480,405,-570,52,700,-581,-272,700,0,0,0,0,0,0,0,0,0,0,0,0,0,0,0,5,25207,0,25262,0,0,0,0,4285057,4294556,0,0,0,0,0,1000,1000,5208496
MPCTASK: EXP,0,126,6284,-516,289,730,-546,-1086,90,151,-832,359,-695,-124,700,-515,-327,700,0,0,0,0,0,0,0,0,0,0,0,0,0,0,0,5,26654,0,26710,0,0,0,0,4530985,4540730,0,0,0,0,0,1000,1000,5208496
MPCTASK: EXP,0,128,6384,-554,175,744,-366,-1094,43,135,-1098,253,-785,-291,700,-433,-402,700,0,0,0,0,0,0,0,0,0,0,0,0,0,0,0,5,24862,0,24918,0,0,0,0,4226493,4236121,0,0,0,0,0,1000,1000,5208496
MPCTASK: EXP,0,130,6485,-554,92,751,-149,-1072,-9,74,-1225,149,-831,-442,700,-330,-436,700,0,0,0,0,0,0,0,0,0,0,0,0,0,0,0,5,26168,0,26226,0,0,0,0,4448541,4458505,0,0,0,0,0,1000,1000,5208496
MPCTASK: EXP,0,132,6584,-538,-6,744,84,-1066,-77,-1,-1241,106,-828,-574,700,-231,-476,700,0,0,0,0,0,0,0,0,0,0,0,0,0,0,0,5,25897,0,25952,0,0,0,0,4402389,4411894,0,0,0,0,0,1000,1000,5208496
MPCTASK: EXP,0,134,6682,-502,-70,732,302,-1004,-98,-218,-1143,63,-777,-683,700,-142,-461,700,0,0,0,0,0,0,0,0,0,0,0,0,0,0,0,5,24043,0,24097,0,0,0,0,4087206,4096546,0,0,0,0,0,1000,1000,5208496
MPCTASK: EXP,0,136,6784,-435,-163,723,536,-927,-49,-411,-852,26,-682,-768,700,-56,-458,700,0,0,0,0,0,0,0,0,0,0,0,0,0,0,0,5,25843,0,25899,0,0,0,0,4393357,4402857,0,0,0,0,0,1000,1000,5208496
MPCTASK: EXP,0,138,6885,-376,-239,719,659,-814,-11,-654,-501,2,-554,-825,700,-22,-426,700,0,0,0,0,0,0,0,0,0,0,0,0,0,0,0,5,26981,0,27037,0,0,0,0,4586725,4596288,0,0,0,0,0,1000,1000,5208496
MPCTASK: EXP,0,140,6983,-294,-296,718,736,-660,1,-855,-136,-14,-403,-854,700,0,-368,700,0,0,0,0,0,0,0,0,0,0,0,0,0,0,0,5,25249,0,25304,0,0,0,0,4292273,4301759,0,0,0,0,0,1000,1000,5208496
MPCTASK: EXP,0,142,7083,-230,-327,721,731,-489,18,-978,199,-22,-246,-853,700,-17,-288,700,0,0,0,0,0,0,0,0,0,0,0,0,0,0,0,5,24938,0,24992,0,0,0,0,4239433,4248774,0,0,0,0,0,1000,1000,5208496
MPCTASK: EXP,0,144,7182,-148,-357,727,669,-279,7,-1086,582,-5,-98,-823,700,-47,-196,700,0,0,0,0,0,0,0,0,0,0,0,0,0,0,0,5,23262,0,23320,0,0,0,0,3954513,3964425,0,0,0,0,0,1000,1000,5208496
MPCTASK: EXP,0,146,7282,-94,-363,729,540,-77,-27,-1143,888,-7,27,-765,700,-112,-91,700,0,0,0,0,0,0,0,0,0,0,0,0,0,0,0,5,24013,0,24068,0,0,0,0,4081985,4091660,0,0,0,0,0,1000,1000,5208496
MPCTASK: EXP,0,148,7384,-52,-351,727,365,135,-47,-1178,1150,-13,117,-680,700,-189,26,700,0,0,0,0,0,0,0,0,0,0,0,0,0,0,0,5,25963,0,26017,0,0,0,0,4413601,4423105,0,0,0,0,0,1000,1000,5208496
MPCTASK: EXP,0,150,7486,-45,-325,722,159,328,-60,-1176,1269,-59,163,-569,700,-283,145,700,0,0,0,0,0,0,0,0,0,0,0,0,0,0,0,5,27215,0,27276,0,0,0,0,4626405,4637029,0,0,0,0,0,1000,1000,5208496
MPCTASK: EXP,0,152,7583,-49,-264,716,-96,576,-56,-1106,1278,-100,160,-437,700,-379,296,700,0,0,0,0,0,0,0,0,0,0,0,0,0,0,0,5,24182,0,24236,0,0,0,0,4110889,4120230,0,0,0,0,0,1000,1000,5208496
MPCTASK: EXP,0,154,7684,-81,-205,708,-326,760,-50,-982,1185,-163,109,-285,700,-468,422,700,0,0,0,0,0,0,0,0,0,0,0,0,0,0,0,5,25946,0,26001,0,0,0,0,4410697,4420195,0,0,0,0,0,1000,1000,5208496
MPCTASK: EXP,0,156,7781,-140,-119,702,-538,939,-24,-821,976,-219,14,-118,700,-548,558,700,0,0,0,0,0,0,0,0,0,0,0,0,0,0,0,5,22978,0,23033,0,0,0,0,3906245,3915745,0,0,0,0,0,1000,1000,5208496
MPCTASK: EXP,0,158,7885,-192,-33,699,-671,1056,10,-566,690,-229,-113,59,700,-581,664,700,0,0,0,0,0,0,0,0,0,0,0,0,0,0,0,5,27352,0,27409,0,0,0,0,4649773,4659563,0,0,0,0,0,1000,1000,5208496
MPCTASK: EXP,0,160,7985,-260,86,704,-752,1142,63,-275,252,-201,-264,244,700,-593,779,700,0,0,0,0,0,0,0,0,0,0,0,0,0,0,0,5,26001,0,26056,0,0,0,0,4420157,4429657,0,0,0,0,0,1000,1000,5208496
MPCTASK: EXP,0,162,8085,-330,180,713,-758,1139,79,-64,-76,-197,-421,431,700,-581,849,700,0,0,0,0,0,0,0,0,0,0,0,0,0,0,0,5,25558,0,25613,0,0,0,0,4344749,4354253,0,0,0,0,0,1000,1000,5208496
MPCTASK: EXP,0,164,8185,-381,265,722,-684,1096,56,48,-470,-170,-570,615,700,-526,901,700,0,0,0,0,0,0,0,0,0,0,0,0,0,0,0,5,25617,0,26017,0,0,0,0,4354925,4422957,0,0,0,0,0,1000,1000,5208496
MPCTASK: EXP,0,166,8286,-442,343,736,-583,1042,48,-3,-759,-140,-695,793,700,-475,947,700,0,0,0,0,0,0,0,0,0,0,0,0,0,0,0,5,26150,0,26205,0,0,0,0,4445445,4455056,0,0,0,0,0,1000,1000,5208496
MPCTASK: EXP,0,168,8387,-477,461,745,-425,1072,0,-140,-992,-12,-785,959,700,-399,1042,700,0,0,0,0,0,0,0,0,0,0,0,0,0,0,0,5,26010,0,26065,0,0,0,0,4421590,4431089,0,0,0,0,0,1000,1000,5208496
MPCTASK: EXP,0,170,8488,-485,552,741,-221,1076,-75,-86,-1129,146,-831,1110,700,-305,1084,700,0,0,0,0,0,0,0,0,0,0,0,0,0,0,0,5,28184,0,28242,0,0,0,0,4791141,4801176,0,0,0,0,0,1000,1000,5601093
MPCTASK: EXP,0,172,8585,-487,623,734,-18,1038,-97,38,-1137,276,-828,1242,700,-228,1096,700,0,0,0,0,0,0,0,0,0,0,0,0,0,0,0,5,24978,0,25032,0,0,0,0,4246137,4255476,0,0,0,0,0,1000,1000,5601093
MPCTASK: EXP,0,174,8685,-453,742,722,199,1060,-92,335,-978,302,-777,1351,700,-146,1131,700,0,0,0,0,0,0,0,0,0,0,0,0,0,0,0,5,24303,0,24623,0,0,0,0,4131417,4185987,0,0,0,0,0,1000,1000,5601093
MPCTASK: EXP,0,176,8788,-410,821,713,398,936,-37,473,-747,325,-682,1436,700,-81,1112,700,0,0,0,0,0,0,0,0,0,0,0,0,0,0,0,5,26962,0,27016,0,0,0,0,4583489,4592830,0,0,0,0,0,1000,1000,5601093
MPCTASK: EXP,0,178,8886,-346,940,712,535,856,18,892,-417,222,-553,1493,700,-36,1109,700,0,0,0,0,0,0,0,0,0,0,0,0,0,0,0,5,25554,0,25615,0,0,0,0,4344125,4354615,0,0,0,0,0,1000,1000,5601093
MPCTASK: EXP,0,180,8984,-300,1018,719,581,676,44,1217,-226,125,-403,1522,700,-37,1053,700,0,0,0,0,0,0,0,0,0,0,0,0,0,0,0,5,23643,0,23699,0,0,0,0,4019113,4028796,0,0,0,0,0,1000,1000,5601093
MPCTASK: EXP,0,182,9087,-228,1065,725,628,471,40,1313,-5,17,-246,1522,700,-32,975,700,0,0,0,0,0,0,0,0,0,0,0,0,0,0,0,5,25443,0,25497,0,0,0,0,4325241,4334581,0,0,0,0,0,1000,1000,5601093
MPCTASK: EXP,0,184,9188,-164,1064,729,592,166,0,1338,370,-129,-98,1492,700,-68,845,700,0,0,0,0,0,0,0,0,0,0,0,0,0,0,0,5,25316,0,25370,0,0,0,0,4303661,4313002,0,0,0,0,0,1000,1000,5601093
MPCTASK: EXP,0,186,9292,-94,1057,723,522,-74,-49,1313,695,-236,26,1434,700,-109,725,700,0,0,0,0,0,0,0,0,0,0,0,0,0,0,0,5,29734,0,30396,0,0,0,0,5054565,5167310,0,0,0,0,0,1000,1000,5601093
MPCTASK: EXP,0,188,9389,-90,988,718,322,-358,-40,1153,938,-208,116,1349,700,-215,560,700,0,0,0,0,0,0,0,0,0,0,0,0,0,0,0,5,25441,0,26008,0,0,0,0,4324842,4421530,0,0,0,0,0,1000,1000,5601093
MPCTASK: EXP,0,190,9488,-93,915,709,127,-571,-66,934,1095,-165,162,1239,700,-316,413,700,0,0,0,0,0,0,0,0,0,0,0,0,0,0,0,5,25252,0,25313,0,0,0,0,4292800,4303268,0,0,0,0,0,1000,1000,5601093
MPCTASK: EXP,0,192,9587,-103,822,700,-107,-753,-51,629,1075,-94,158,1107,700,-407,267,700,0,0,0,0,0,0,0,0,0,0,0,0,0,0,0,5,23549,0,23604,0,0,0,0,4003289,4012805,0,0,0,0,0,1000,1000,5601093
MPCTASK: EXP,0,194,9686,-142,715,694,-322,-889,-13,451,996,-25,107,956,700,-497,121,700,0,0,0,0,0,0,0,0,0,0,0,0,0,0,0,5,22305,0,22360,0,0,0,0,3791773,3801288,0,0,0,0,0,1000,1000,5601093
MPCTASK: EXP,0,196,9787,-152,592,698,-454,-999,39,299,856,24,12,789,700,-524,-25,700,0,0,0,0,0,0,0,0,0,0,0,0,0,0,0,5,23540,0,23595,0,0,0,0,4001674,4011193,0,0,0,0,0,1000,1000,5601093
MPCTASK: EXP,0,198,9888,-215,511,704,-593,-1022,50,209,637,100,-115,611,700,-569,-118,700,0,0,0,0,0,0,0,0,0,0,0,0,0,0,0,5,24956,0,25010,0,0,0,0,4242485,4251849,0,0,0,0,0,1000,1000,5601093
MPCTASK: EXP,0,200,9987,-304,414,707,-698,-1035,17,176,249,152,-264,425,700,-603,-213,700,0,0,0,0,0,0,0,0,0,0,0,0,0,0,0,5,23647,0,23702,0,0,0,0,4019893,4029421,0,0,0,0,0,1000,1000,5601093
MPCTASK: EXP,0,202,10086,-375,326,712,-710,-1042,26,185,-122,152,-420,236,700,-595,-291,700,0,0,0,0,0,0,0,0,0,0,0,0,0,0,0,5,22529,0,22583,0,0,0,0,3829853,3839226,0,0,0,0,0,1000,1000,5601093
MPCTASK: EXP,0,204,10187,-436,284,717,-648,-980,20,173,-478,145,-566,48,700,-558,-306,700,0,0,0,0,0,0,0,0,0,0,0,0,0,0,0,5,23896,0,23950,0,0,0,0,4062321,4071698,0,0,0,0,0,1000,1000,5601093
MPCTASK: EXP,0,206,10287,-479,214,723,-544,-983,23,264,-744,97,-688,-133,700,-502,-352,700,0,0,0,0,0,0,0,0,0,0,0,0,0,0,0,5,23599,0,23660,0,0,0,0,4011653,4022287,0,0,0,0,0,1000,1000,5601093
MPCTASK: EXP,0,208,10388,-521,108,730,-377,-1024,7,214,-976,49,-774,-303,700,-442,-411,700,0,0,0,0,0,0,0,0,0,0,0,0,0,0,0,5,23882,0,23937,0,0,0,0,4059857,4069397,0,0,0,0,0,1000,1000,5601093
MPCTASK: EXP,0,210,10488,-532,20,729,-179,-1025,-36,45,-1101,22,-817,-459,700,-370,-428,700,0,0,0,0,0,0,0,0,0,0,0,0,0,0,0,5,24782,0,24840,0,0,0,0,4212869,4222808,0,0,0,0,0,1000,1000,5601093
MPCTASK: EXP,0,212,10586,-536,-62,723,-7,-1005,-68,-156,-1075,14,-812,-593,700,-323,-422,700,0,0,0,0,0,0,0,0,0,0,0,0,0,0,0,5,23300,0,23363,0,0,0,0,3960973,3971710,0,0,0,0,0,1000,1000,5601093
MPCTASK: EXP,0,214,10687,-518,-167,711,190,-957,-91,-517,-960,20,-761,-702,700,-276,-406,700,0,0,0,0,0,0,0,0,0,0,0,0,0,0,0,5,23420,0,23639,0,0,0,0,3981337,4018617,0,0,0,0,0,1000,1000,5601093
MPCTASK: EXP,0,216,10794,-477,-241,703,362,-811,-59,-854,-715,23,-672,-780,699,-239,-342,699,0,0,0,0,0,0,0,0,0,0,0,0,0,0,0,5,30574,0,30628,0,0,0,0,5197453,5206997,0,0,0,0,0,1000,1000,5601093
MPCTASK: EXP,0,218,10886,-427,-288,704,472,-598,-1,-1128,-369,34,-556,-823,699,-225,-249,699,0,0,0,0,0,0,0,0,0,0,0,0,0,0,0,5,22959,0,23015,0,0,0,0,3903073,3912616,0,0,0,0,0,1000,1000,5601093
MPCTASK: EXP,0,220,10989,-363,-316,704,524,-356,-7,-1321,18,55,-427,-827,699,-219,-151,699,0,0,0,0,0,0,0,0,0,0,0,0,0,0,0,5,25225,0,25485,0,0,0,0,4288243,4332514,0,0,0,0,0,1000,1000,5601093
MPCTASK: EXP,0,222,11088,-313,-322,703,488,-97,-23,-1363,401,66,-302,-789,699,-234,-61,699,0,0,0,0,0,0,0,0,0,0,0,0,0,0,0,5,23960,0,24017,0,0,0,0,4073078,4083016,0,0,0,0,0,1000,1000,5601093
MPCTASK: EXP,0,224,11190,-267,-304,701,398,159,-20,-1297,656,55,-197,-709,699,-241,12,699,0,0,0,0,0,0,0,0,0,0,0,0,0,0,0,5,26579,0,26635,0,0,0,0,4518309,4528036,0,0,0,0,0,1000,1000,5601093
MPCTASK: EXP,0,226,11284,-244,-261,696,258,391,-27,-1030,753,7,-123,-590,700,-255,64,700,0,0,0,0,0,0,0,0,0,0,0,0,0,0,0,5,21068,0,21124,0,0,0,0,3581613,3591152,0,0,0,0,0,1000,1000,5601093
MPCTASK: EXP,0,228,11385,-232,-197,693,119,571,-13,-664,701,-32,-89,-438,700,-271,122,700,0,0,0,0,0,0,0,0,0,0,0,0,0,0,0,5,21669,0,21730,0,0,0,0,3683737,3694269,0,0,0,0,0,1000,1000,5601093
MPCTASK: EXP,0,230,11489,-229,-126,688,1,672,4,-236,543,-57,-96,-265,700,-285,168,700,0,0,0,0,0,0,0,0,0,0,0,0,0,0,0,5,23980,0,24035,0,0,0,0,4076546,4085924,0,0,0,0,0,1000,1000,5601093
MPCTASK: EXP,0,232,11592,-237,-49,689,-84,698,30,145,337,-68,-137,-86,700,-302,220,700,0,0,0,0,0,0,0,0,0,0,0,0,0,0,0,5,26921,0,27541,0,0,0,0,4576489,4682010,0,0,0,0,0,1000,1000,5601093
MPCTASK: EXP,0,234,11690,-252,5,695,-132,631,54,409,133,-70,-199,78,700,-327,268,700,0,0,0,0,0,0,0,0,0,0,0,0,0,0,0,5,25921,0,25975,0,0,0,0,4406453,4415834,0,0,0,0,0,1000,1000,5601093
MPCTASK: EXP,0,236,11788,-278,32,701,-159,509,46,413,-3,-77,-262,211,700,-374,326,700,0,0,0,0,0,0,0,0,0,0,0,0,0,0,0,5,23636,0,23700,0,0,0,0,4018161,4029079,0,0,0,0,0,1000,1000,5601093
MPCTASK: EXP,0,238,11890,-293,72,706,-152,440,24,197,-50,-80,-310,296,700,-417,438,700,0,0,0,0,0,0,0,0,0,0,0,0,0,0,0,5,24836,0,24891,0,0,0,0,4221965,4231618,0,0,0,0,0,1000,1000,5601093
MPCTASK: EXP,0,240,11987,-307,94,708,-146,400,11,-172,31,-90,-331,330,700,-448,545,700,0,0,0,0,0,0,0,0,0,0,0,0,0,0,0,5,22949,0,23004,0,0,0,0,3901281,3910662,0,0,0,0,0,1000,1000,5601093
MPCTASK: EXP,0,242,12087,-314,115,714,-151,437,24,-658,170,-89,-334,334,700,-445,650,700,0,0,0,0,0,0,0,0,0,0,0,0,0,0,0,5,23240,0,23295,0,0,0,0,3950757,3960296,0,0,0,0,0,1000,1000,5601093
MPCTASK: EXP,0,244,12188,-322,153,722,-168,558,14,-1013,211,-91,-338,341,700,-410,744,700,0,0,0,0,0,0,0,0,0,0,0,0,0,0,0,5,24184,0,24247,0,0,0,0,4111157,4122085,0,0,0,0,0,1000,1000,5601093
MPCTASK: EXP,0,246,12290,-335,203,723,-186,721,-25,-1163,104,-105,-363,387,700,-367,833,700,0,0,0,0,0,0,0,0,0,0,0,0,0,0,0,5,25233,0,25290,0,0,0,0,4289461,4299428,0,0,0,0,0,1000,1000,5601093
MPCTASK: EXP,0,248,12393,-359,284,717,-192,910,-61,-1041,-93,-127,-410,486,700,-325,927,700,0,0,0,0,0,0,0,0,0,0,0,0,0,0,0,5,28473,0,28528,0,0,0,0,4840401,4849786,0,0,0,0,0,1000,1000,5601093
MPCTASK: EXP,0,250,12488,-367,361,704,-135,1039,-72,-734,-376,-138,-466,631,700,-257,984,700,0,0,0,0,0,0,0,0,0,0,0,0,0,0,0,5,23592,0,24077,0,0,0,0,4010597,4093199,0,0,0,0,0,1000,1000,5601093
MPCTASK: EXP,0,252,12589,-384,494,694,-62,1179,-46,-431,-541,-122,-513,805,700,-208,1077,700,0,0,0,0,0,0,0,0,0,0,0,0,0,0,0,5,24387,0,24756,0,0,0,0,4145657,4208648,0,0,0,0,0,1000,1000,5601093
MPCTASK: EXP,0,254,12688,-375,585,694,66,1176,5,-8,-718,-78,-534,987,700,-141,1087,700,0,0,0,0,0,0,0,0,0,0,0,0,0,0,0,5,22937,0,22993,0,0,0,0,3899265,3908808,0,0,0,0,0,1000,1000,5601093
MPCTASK: EXP,0,256,12792,-332,732,699,242,1204,34,244,-794,-42,-519,1156,700,-57,1150,700,0,0,0,0,0,0,0,0,0,0,0,0,0,0,0,5,27958,0,28017,0,0,0,0,4751901,4763060,0,0,0,0,0,1000,1000,5601093
MPCTASK: EXP,0,258,12889,-279,787,710,397,1039,48,754,-633,11,-465,1299,699,-3,1074,699,0,0,0,0,0,0,0,0,0,0,0,0,0,0,0,5,24834,0,25303,0,0,0,0,4221693,4301589,0,0,0,0,0,1000,1000,5601093
MPCTASK: EXP,0,260,12989,-176,882,713,566,901,8,849,-313,-24,-376,1405,699,64,1054,699,0,0,0,0,0,0,0,0,0,0,0,0,0,0,0,5,24915,0,24969,0,0,0,0,4235469,4244849,0,0,0,0,0,1000,1000,5601093
MPCTASK: EXP,0,262,13089,-129,942,713,568,711,-35,1037,136,-68,-263,1468,699,34,988,699,0,0,0,0,0,0,0,0,0,0,0,0,0,0,0,5,24655,0,24713,0,0,0,0,4191337,4201273,0,0,0,0,0,1000,1000,5601093
MPCTASK: EXP,0,264,13188,-59,1006,715,541,518,-18,1265,378,-32,-140,1487,699,15,918,699,0,0,0,0,0,0,0,0,0,0,0,0,0,0,0,5,24026,0,24081,0,0,0,0,4084309,4093848,0,0,0,0,0,1000,1000,5601093
MPCTASK: EXP,0,266,13290,-25,1066,714,425,310,-11,1486,713,-64,-23,1464,699,-61,838,699,0,0,0,0,0,0,0,0,0,0,0,0,0,0,0,5,25485,0,25539,0,0,0,0,4332357,4341742,0,0,0,0,0,1000,1000,5601093
MPCTASK: EXP,0,268,13388,-26,1073,713,233,38,-43,1526,961,-93,71,1402,699,-176,721,699,0,0,0,0,0,0,0,0,0,0,0,0,0,0,0,5,24076,0,24129,0,0,0,0,4092769,4102147,0,0,0,0,0,1000,1000,5601093
MPCTASK: EXP,0,270,13493,-37,1038,705,25,-257,-82,1494,1068,-85,132,1306,700,-288,571,700,0,0,0,0,0,0,0,0,0,0,0,0,0,0,0,5,28014,0,28071,0,0,0,0,4762290,4772237,0,0,0,0,0,1000,1000,5601093
MPCTASK: EXP,0,272,13586,-111,983,692,-247,-538,-86,1340,1022,40,150,1182,700,-436,418,700,0,0,0,0,0,0,0,0,0,0,0,0,0,0,0,5,22039,0,22095,0,0,0,0,3746621,3756160,0,0,0,0,0,1000,1000,5601093
MPCTASK: EXP,0,274,13689,-154,923,678,-421,-769,-49,1079,766,155,121,1033,700,-517,288,700,0,0,0,0,0,0,0,0,0,0,0,0,0,0,0,5,24980,0,25035,0,0,0,0,4246553,4256091,0,0,0,0,0,1000,1000,5601093
MPCTASK: EXP,0,276,13787,-234,820,672,-577,-977,0,874,571,222,47,867,700,-605,132,700,0,0,0,0,0,0,0,0,0,0,0,0,0,0,0,5,23435,0,23489,0,0,0,0,3983942,3993322,0,0,0,0,0,1000,1000,5601093
MPCTASK: EXP,0,278,13889,-328,682,674,-691,-1151,56,483,253,245,-65,688,700,-668,-22,700,0,0,0,0,0,0,0,0,0,0,0,0,0,0,0,5,24599,0,24654,0,0,0,0,4181746,4191293,0,0,0,0,0,1000,1000,5601093
MPCTASK: EXP,0,280,13988,-393,551,682,-703,-1225,83,127,-45,208,-205,502,700,-676,-140,700,0,0,0,0,0,0,0,0,0,0,0,0,0,0,0,5,24026,0,24082,0,0,0,0,4084337,4093989,0,0,0,0,0,1000,1000,5601093
MPCTASK: EXP,0,282,14086,-435,451,696,-641,-1192,103,-119,-296,147,-359,312,700,-633,-209,700,0,0,0,0,0,0,0,0,0,0,0,0,0,0,0,5,21351,0,21797,0,0,0,0,3629697,3705622,0,0,0,0,0,1000,1000,5601093
MPCTASK: EXP,0,284,14188,-480,346,712,-573,-1162,88,-183,-469,106,-511,124,700,-591,-287,700,0,0,0,0,0,0,0,0,0,0,0,0,0,0,0,5,22967,0,23378,0,0,0,0,3904281,3974294,0,0,0,0,0,1000,1000,5601093
MPCTASK: EXP,0,286,14293,-516,236,727,-445,-1110,42,-124,-698,71,-646,-57,700,-517,-359,700,0,0,0,0,0,0,0,0,0,0,0,0,0,0,0,5,25903,0,25958,0,0,0,0,4403483,4412874,0,0,0,0,0,1000,1000,5601093
MPCTASK: EXP,0,288,14390,-544,138,730,-308,-1077,-21,-55,-865,63,-752,-229,700,-443,-420,700,0,0,0,0,0,0,0,0,0,0,0,0,0,0,0,5,24006,0,24060,0,0,0,0,4080837,4090377,0,0,0,0,0,1000,1000,5601093
MPCTASK: EXP,0,290,14491,-553,56,724,-138,-1037,-75,-1,-992,57,-816,-386,700,-355,-458,700,0,0,0,0,0,0,0,0,0,0,0,0,0,0,0,5,24932,0,24991,0,0,0,0,4238284,4248708,0,0,0,0,0,1000,1000,5601093
MPCTASK: EXP,0,292,14593,-540,-23,717,46,-1015,-87,-45,-1045,58,-834,-525,700,-263,-484,700,0,0,0,0,0,0,0,0,0,0,0,0,0,0,0,5,27230,0,27500,0,0,0,0,4629001,4675038,0,0,0,0,0,1000,1000,5601093
MPCTASK: EXP,0,294,14692,-513,-104,706,251,-969,-74,-180,-1009,57,-802,-644,700,-173,-492,700,0,0,0,0,0,0,0,0,0,0,0,0,0,0,0,5,25321,0,25378,0,0,0,0,4304497,4314285,0,0,0,0,0,1000,1000,5601093
MPCTASK: EXP,0,296,14793,-454,-177,701,457,-891,-35,-343,-843,57,-724,-738,700,-87,-480,700,0,0,0,0,0,0,0,0,0,0,0,0,0,0,0,5,26127,0,26181,0,0,0,0,4441518,4450898,0,0,0,0,0,1000,1000,5601093
MPCTASK: EXP,0,298,14893,-392,-241,697,598,-787,-20,-531,-588,53,-608,-806,700,-34,-445,700,0,0,0,0,0,0,0,0,0,0,0,0,0,0,0,5,26788,0,26847,0,0,0,0,4553921,4563998,0,0,0,0,0,1000,1000,5601093
MPCTASK: EXP,0,300,14991,-314,-300,695,695,-655,-8,-724,-255,55,-465,-846,700,-2,-396,700,0,0,0,0,0,0,0,0,0,0,0,0,0,0,0,5,24284,0,24476,0,0,0,0,4128154,4161119,0,0,0,0,0,1000,1000,5601093
MPCTASK: EXP,0,302,15091,-255,-340,699,694,-493,19,-867,77,46,-309,-857,700,-19,-325,700,0,0,0,0,0,0,0,0,0,0,0,0,0,0,0,5,24170,0,24226,0,0,0,0,4108918,4118465,0,0,0,0,0,1000,1000,5601093
MPCTASK: EXP,0,304,15189,-181,-367,702,664,-317,7,-983,413,49,-155,-838,700,-42,-240,700,0,0,0,0,0,0,0,0,0,0,0,0,0,0,0,5,22307,0,22362,0,0,0,0,3792129,3801667,0,0,0,0,0,1000,1000,5601093
MPCTASK: EXP,0,306,15294,-136,-380,708,545,-130,5,-1083,712,40,-19,-791,700,-109,-142,700,0,0,0,0,0,0,0,0,0,0,0,0,0,0,0,5,28046,0,28100,0,0,0,0,4767597,4777142,0,0,0,0,0,1000,1000,5601093
MPCTASK: EXP,0,308,15392,-92,-376,711,400,68,-9,-1156,955,28,86,-717,700,-180,-31,700,0,0,0,0,0,0,0,0,0,0,0,0,0,0,0,5,25432,0,25625,0,0,0,0,4323277,4356282,0,0,0,0,0,1000,1000,5601093
MPCTASK: EXP,0,310,15495,-71,-349,708,212,282,-48,-1168,1122,0,150,-616,700,-265,95,700,0,0,0,0,0,0,0,0,0,0,0,0,0,0,0,5,28538,0,28595,0,0,0,0,4851434,4861256,0,0,0,0,0,1000,1000,5601093
MPCTASK: EXP,0,312,15597,-65,-307,702,3,493,-56,-1135,1206,-38,167,-492,700,-351,227,700,0,0,0,0,0,0,0,0,0,0,0,0,0,0,0,5,30330,0,30385,0,0,0,0,5156034,5165573,0,0,0,0,0,1000,1000,5601093
MPCTASK: EXP,0,314,15693,-92,-253,695,-225,682,-56,-1037,1163,-92,135,-348,700,-445,354,700,0,0,0,0,0,0,0,0,0,0,0,0,0,0,0,5,26592,0,26993,0,0,0,0,4520553,4589028,0,0,0,0,0,1000,1000,5601093
MPCTASK: EXP,0,316,15791,-144,-180,685,-445,861,-45,-908,982,-142,57,-186,700,-531,484,700,0,0,0,0,0,0,0,0,0,0,0,0,0,0,0,5,24205,0,24260,0,0,0,0,4114873,4124407,0,0,0,0,0,1000,1000,5601093
MPCTASK: EXP,0,318,15889,-201,-97,678,-604,1000,-3,-669,700,-161,-59,-12,700,-581,597,700,0,0,0,0,0,0,0,0,0,0,0,0,0,0,0,5,22492,0,22547,0,0,0,0,3823541,3833084,0,0,0,0,0,1000,1000,5601093
MPCTASK: EXP,0,320,15992,-272,-4,679,-707,1083,49,-376,351,-157,-202,169,700,-611,695,700,0,0,0,0,0,0,0,0,0,0,0,0,0,0,0,5,26124,0,26179,0,0,0,0,4441017,4450398,0,0,0,0,0,1000,1000,5601093
MPCTASK: EXP,0,322,16094,-327,88,685,-712,1104,68,-158,-27,-132,-358,356,700,-589,773,700,0,0,0,0,0,0,0,0,0,0,0,0,0,0,0,5,27108,0,27619,0,0,0,0,4608241,4695336,0,0,0,0,0,1000,1000,5601093
MPCTASK: EXP,0,324,16190,-406,182,697,-687,1090,81,-46,-369,-123,-512,542,700,-571,842,700,0,0,0,0,0,0,0,0,0,0,0,0,0,0,0,5,23358,0,23414,0,0,0,0,3970673,3980505,0,0,0,0,0,1000,1000,5601093
MPCTASK: EXP,0,326,16293,-459,266,714,-587,1055,82,-30,-688,-96,-648,723,700,-512,897,700,0,0,0,0,0,0,0,0,0,0,0,0,0,0,0,5,26187,0,26245,0,0,0,0,4451794,4461741,0,0,0,0,0,1000,1000,5601093
MPCTASK: EXP,0,328,16390,-500,351,723,-440,1030,28,-78,-957,-87,-754,894,700,-439,949,700,0,0,0,0,0,0,0,0,0,0,0,0,0,0,0,5,24019,0,24073,0,0,0,0,4083041,4092581,0,0,0,0,0,1000,1000,5601093
MPCTASK: EXP,0,330,16490,-526,420,727,-260,994,-24,-133,-1128,-79,-818,1052,700,-358,980,700,0,0,0,0,0,0,0,0,0,0,0,0,0,0,0,5,23784,0,23842,0,0,0,0,4043233,4053217,0,0,0,0,0,1000,1000,5601093
MPCTASK: EXP,0,332,16591,-528,499,722,-42,989,-75,-197,-1214,-79,-835,1192,700,-266,1017,700,0,0,0,0,0,0,0,0,0,0,0,0,0,0,0,5,24063,0,24117,0,0,0,0,4090638,4100018,0,0,0,0,0,1000,1000,5601093
MPCTASK: EXP,0,334,16695,-511,570,713,181,974,-82,-131,-1191,-67,-803,1311,700,-180,1030,700,0,0,0,0,0,0,0,0,0,0,0,0,0,0,0,5,28863,0,28917,0,0,0,0,4906597,4915978,0,0,0,0,0,1000,1000,5601093
MPCTASK: EXP,0,336,16793,-471,643,702,399,948,-70,52,-995,-51,-725,1405,700,-106,1028,700,0,0,0,0,0,0,0,0,0,0,0,0,0,0,0,5,26312,0,26369,0,0,0,0,4472953,4482783,0,0,0,0,0,1000,1000,5601093
MPCTASK: EXP,0,338,16891,-403,739,693,592,926,-38,264,-756,-47,-608,1474,700,-35,1037,700,0,0,0,0,0,0,0,0,0,0,0,0,0,0,0,5,24875,0,24937,0,0,0,0,4228577,4239516,0,0,0,0,0,1000,1000,5601093
MPCTASK: EXP,0,340,16992,-329,839,692,707,867,3,565,-356,-55,-465,1514,700,-4,1030,700,0,0,0,0,0,0,0,0,0,0,0,0,0,0,0,5,25050,0,25113,0,0,0,0,4258379,4269293,0,0,0,0,0,1000,1000,5601093
MPCTASK: EXP,0,342,17095,-264,888,697,723,698,34,836,65,-48,-309,1525,700,-17,957,700,0,0,0,0,0,0,0,0,0,0,0,0,0,0,0,5,27472,0,27527,0,0,0,0,4670306,4679685,0,0,0,0,0,1000,1000,5601093
MPCTASK: EXP,0,344,17195,-196,920,705,681,500,27,1027,408,-52,-155,1507,700,-49,867,700,0,0,0,0,0,0,0,0,0,0,0,0,0,0,0,5,27756,0,28155,0,0,0,0,4718401,4786421,0,0,0,0,0,1000,1000,5601093
MPCTASK: EXP,0,346,17293,-134,932,711,583,277,10,1163,747,-65,-19,1460,700,-101,756,700,0,0,0,0,0,0,0,0,0,0,0,0,0,0,0,5,26139,0,26202,0,0,0,0,4443533,4454448,0,0,0,0,0,1000,1000,5601093
MPCTASK: EXP,0,348,17393,-89,930,713,426,47,-22,1238,1013,-50,86,1385,700,-173,638,700,0,0,0,0,0,0,0,0,0,0,0,0,0,0,0,5,24884,0,24940,0,0,0,0,4230313,4239857,0,0,0,0,0,1000,1000,5601093
MPCTASK: EXP,0,350,17493,-49,966,710,249,-106,-46,1302,1220,-13,150,1285,700,-247,565,700,0,0,0,0,0,0,0,0,0,0,0,0,0,0,0,5,26022,0,26080,0,0,0,0,4423690,4433681,0,0,0,0,0,1000,1000,5601093
MPCTASK: EXP,0,352,17594,-38,928,702,25,-369,-84,1361,1349,56,167,1161,700,-335,421,700,0,0,0,0,0,0,0,0,0,0,0,0,0,0,0,5,26910,0,26963,0,0,0,0,4574469,4583850,0,0,0,0,0,1000,1000,5601093
MPCTASK: EXP,0,354,17691,-11,906,686,-160,-573,-107,1214,1279,119,135,1016,700,-376,316,700,0,0,0,0,0,0,0,0,0,0,0,0,0,0,0,5,23657,0,24039,0,0,0,0,4021629,4086754,0,0,0,0,0,1000,1000,5601093
MPCTASK: EXP,0,356,17796,-55,826,677,-411,-819,-46,1125,1223,193,57,855,700,-470,160,700,0,0,0,0,0,0,0,0,0,0,0,0,0,0,0,5,26953,0,27258,0,0,0,0,4581977,4633942,0,0,0,0,0,1000,1000,5601093
MPCTASK: EXP,0,358,17890,-142,714,673,-650,-1041,4,797,903,281,-59,681,700,-562,10,700,0,0,0,0,0,0,0,0,0,0,0,0,0,0,0,5,22120,0,22178,0,0,0,0,3760273,3770213,0,0,0,0,0,1000,1000,5601093
MPCTASK: EXP,0,360,17994,-197,615,669,-756,-1149,36,433,498,280,-202,498,700,-578,-92,700,0,0,0,0,0,0,0,0,0,0,0,0,0,0,0,5,25000,0,25439,0,0,0,0,4249873,4324708,0,0,0,0,0,1000,1000,5601093
MPCTASK: EXP,0,362,18095,-280,490,678,-816,-1213,85,128,86,246,-358,312,700,-589,-201,700,0,0,0,0,0,0,0,0,0,0,0,0,0,0,0,5,27073,0,27127,0,0,0,0,4602285,4611665,0,0,0,0,0,1000,1000,5601093
MPCTASK: EXP,0,364,18193,-349,387,689,-781,-1187,93,-71,-293,201,-512,126,700,-560,-268,700,0,0,0,0,0,0,0,0,0,0,0,0,0,0,0,5,24051,0,24105,0,0,0,0,4088526,4097903,0,0,0,0,0,1000,1000,5601093
MPCTASK: EXP,0,366,18298,-421,284,707,-706,-1145,93,-128,-644,156,-648,-54,700,-519,-332,700,0,0,0,0,0,0,0,0,0,0,0,0,0,0,0,5,28954,0,29009,0,0,0,0,4921977,4931629,0,0,0,0,0,1000,1000,5601093
MPCTASK: EXP,0,368,18394,-471,194,722,-562,-1090,56,-95,-969,112,-754,-226,700,-450,-380,700,0,0,0,0,0,0,0,0,0,0,0,0,0,0,0,5,24998,0,25053,0,0,0,0,4249565,4259104,0,0,0,0,0,1000,1000,5601093
MPCTASK: EXP,0,370,18496,-512,97,728,-386,-1062,-12,-21,-1195,92,-818,-383,700,-376,-432,700,0,0,0,0,0,0,0,0,0,0,0,0,0,0,0,5,27183,0,27521,0,0,0,0,4621162,4678638,0,0,0,0,0,1000,1000,5601093
MPCTASK: EXP,0,372,18597,-526,16,726,-158,-1019,-61,-74,-1340,79,-835,-523,700,-288,-455,700,0,0,0,0,0,0,0,0,0,0,0,0,0,0,0,5,27195,0,27250,0,0,0,0,4623025,4632565,0,0,0,0,0,1000,1000,5601093
MPCTASK: EXP,0,374,18695,-518,-81,720,84,-997,-84,-139,-1334,78,-803,-642,700,-202,-484,700,0,0,0,0,0,0,0,0,0,0,0,0,0,0,0,5,25616,0,25671,0,0,0,0,4354613,4364153,0,0,0,0,0,1000,1000,5601093
MPCTASK: EXP,0,376,18795,-489,-153,705,325,-914,-100,-351,-1205,74,-725,-737,700,-125,-467,700,0,0,0,0,0,0,0,0,0,0,0,0,0,0,0,5,25887,0,25942,0,0,0,0,4400813,4410194,0,0,0,0,0,1000,1000,5601093
MPCTASK: EXP,0,378,18893,-432,-221,691,547,-804,-72,-516,-930,68,-608,-805,700,-57,-436,700,0,0,0,0,0,0,0,0,0,0,0,0,0,0,0,5,24519,0,24580,0,0,0,0,4168253,4178784,0,0,0,0,0,1000,1000,5601093
MPCTASK: EXP,0,380,18995,-370,-270,690,681,-656,12,-698,-514,63,-465,-846,700,-31,-377,700,0,0,0,0,0,0,0,0,0,0,0,0,0,0,0,5,25600,0,25766,0,0,0,0,4351873,4380254,0,0,0,0,0,1000,1000,5601093
MPCTASK: EXP,0,382,19094,-298,-305,699,737,-488,58,-858,-107,56,-309,-857,700,-29,-300,700,0,0,0,0,0,0,0,0,0,0,0,0,0,0,0,5,24603,0,24660,0,0,0,0,4182326,4192149,0,0,0,0,0,1000,1000,5601093
MPCTASK: EXP,0,384,19197,-230,-329,709,712,-316,48,-962,311,59,-155,-839,700,-60,-215,700,0,0,0,0,0,0,0,0,0,0,0,0,0,0,0,5,27843,0,27898,0,0,0,0,4733297,4742678,0,0,0,0,0,1000,1000,5601093
MPCTASK: EXP,0,386,19296,-166,-350,718,625,-151,11,-1031,684,62,-19,-792,700,-110,-129,700,0,0,0,0,0,0,0,0,0,0,0,0,0,0,0,5,26905,0,26960,0,0,0,0,4573757,4583326,0,0,0,0,0,1000,1000,5601093
MPCTASK: EXP,0,388,19396,-129,-348,721,462,37,-24,-1146,973,40,86,-717,700,-191,-19,700,0,0,0,0,0,0,0,0,0,0,0,0,0,0,0,5,26017,0,26072,0,0,0,0,4422722,4432290,0,0,0,0,0,1000,1000,5601093
MPCTASK: EXP,0,390,19495,-101,-326,715,269,245,-69,-1179,1173,12,150,-616,700,-276,103,700,0,0,0,0,0,0,0,0,0,0,0,0,0,0,0,5,25571,0,26012,0,0,0,0,4346973,4422085,0,0,0,0,0,1000,1000,5601093
MPCTASK: EXP,0,392,19597,-88,-277,697,45,477,-120,-1152,1294,-8,167,-492,700,-363,245,700,0,0,0,0,0,0,0,0,0,0,0,0,0,0,0,5,27616,0,27912,0,0,0,0,4694553,4745066,0,0,0,0,0,1000,1000,5601093
MPCTASK: EXP,0,394,19697,-108,-211,678,-211,704,-104,-1059,1247,-52,135,-348,700,-458,391,700,0,0,0,0,0,0,0,0,0,0,0,0,0,0,0,5,28448,0,28545,0,0,0,0,4836025,4852585,0,0,0,0,0,1000,1000,5601093
MPCTASK: EXP,0,396,19798,-151,-135,669,-447,894,-22,-899,1055,-113,57,-187,700,-540,525,700,0,0,0,0,0,0,0,0,0,0,0,0,0,0,0,5,27535,0,27589,0,0,0,0,4680815,4690365,0,0,0,0,0,1000,1000,5601093
MPCTASK: EXP,0,398,19898,-228,-40,669,-643,1042,45,-628,720,-173,-59,-12,700,-612,647,700,0,0,0,0,0,0,0,0,0,0,0,0,0,0,0,5,27188,0,27249,0,0,0,0,4621869,4632782,0,0,0,0,0,1000,1000,5601093
MPCTASK: EXP,0,400,19996,-300,53,674,-741,1111,78,-330,325,-193,-202,169,700,-638,741,700,0,0,0,0,0,0,0,0,0,0,0,0,0,0,0,5,26077,0,26132,0,0,0,0,4432997,4442531,0,0,0,0,0,1000,1000,5601093
MPCTASK: EXP,0,402,20095,-373,157,686,-758,1134,99,-107,-87,-180,-358,356,700,-630,829,700,0,0,0,0,0,0,0,0,0,0,0,0,0,0,0,5,24377,0,24638,0,0,0,0,4143981,4188567,0,0,0,0,0,1000,1000,5601093
MPCTASK: EXP,0,404,20194,-435,244,698,-697,1099,91,14,-448,-159,-512,542,700,-591,886,700,0,0,0,0,0,0,0,0,0,0,0,0,0,0,0,5,23532,0,23586,0,0,0,0,4000365,4009750,0,0,0,0,0,1000,1000,5601093
MPCTASK: EXP,0,406,20295,-494,335,713,-591,1067,72,6,-785,-122,-648,723,700,-534,948,700,0,0,0,0,0,0,0,0,0,0,0,0,0,0,0,5,25139,0,25193,0,0,0,0,4273389,4282933,0,0,0,0,0,1000,1000,5601093
MPCTASK: EXP,0,408,20398,-532,418,726,-428,1033,34,-39,-1044,-83,-754,894,700,-454,997,700,0,0,0,0,0,0,0,0,0,0,0,0,0,0,0,5,27695,0,27748,0,0,0,0,4707933,4717318,0,0,0,0,0,1000,1000,5601093
MPCTASK: EXP,0,410,20495,-554,498,729,-253,1020,-26,-91,-1174,-67,-818,1052,700,-374,1040,700,0,0,0,0,0,0,0,0,0,0,0,0,0,0,0,5,24794,0,24848,0,0,0,0,4214853,4224234,0,0,0,0,0,1000,1000,5601093
MPCTASK: EXP,0,412,20599,-560,589,723,-17,1005,-81,-64,-1265,-48,-835,1192,700,-280,1078,700,0,0,0,0,0,0,0,0,0,0,0,0,0,0,0,5,28048,0,28101,0,0,0,0,4767949,4777330,0,0,0,0,0,1000,1000,5601093
MPCTASK: EXP,0,414,20695,-548,654,715,204,959,-84,17,-1228,-24,-803,1311,700,-199,1078,700,0,0,0,0,0,0,0,0,0,0,0,0,0,0,0,5,24448,0,24508,0,0,0,0,4155937,4166431,0,0,0,0,0,1000,1000,5601093
MPCTASK: EXP,0,416,20795,-529,712,705,392,894,-68,135,-1047,-13,-725,1405,700,-146,1061,700,0,0,0,0,0,0,0,0,0,0,0,0,0,0,0,5,24630,0,24685,0,0,0,0,4187005,4196545,0,0,0,0,0,1000,1000,5601093
MPCTASK: EXP,0,418,20897,-478,769,699,564,831,-41,270,-879,-9,-608,1474,700,-89,1037,700,0,0,0,0,0,0,0,0,0,0,0,0,0,0,0,5,25768,0,25823,0,0,0,0,4380405,4389914,0,0,0,0,0,1000,1000,5601093
MPCTASK: EXP,0,420,21003,-421,836,692,682,729,-28,502,-469,-17,-465,1514,700,-72,998,700,0,0,0,0,0,0,0,0,0,0,0,0,0,0,0,5,30341,0,30395,0,0,0,0,5157794,5167174,0,0,0,0,0,1000,1000,5601093
MPCTASK: EXP,0,422,21097,-339,868,692,754,576,12,681,-119,-26,-309,1525,700,-54,922,700,0,0,0,0,0,0,0,0,0,0,0,0,0,0,0,5,25160,0,25215,0,0,0,0,4277126,4286669,0,0,0,0,0,1000,1000,5601093
MPCTASK: EXP,0,424,21198,-270,889,695,734,407,21,815,258,-36,-155,1507,700,-80,833,700,0,0,0,0,0,0,0,0,0,0,0,0,0,0,0,5,24625,0,25063,0,0,0,0,4186105,4260798,0,0,0,0,0,1000,1000,5601093
MPCTASK: EXP,0,426,21298,-247,930,704,589,274,36,916,689,-42,-19,1461,700,-176,767,700,0,0,0,0,0,0,0,0,0,0,0,0,0,0,0,5,24957,0,25434,0,0,0,0,4242637,4323828,0,0,0,0,0,1000,1000,5601093
MPCTASK: EXP,0,428,21399,-188,932,710,478,78,15,1138,799,-17,85,1386,700,-220,653,700,0,0,0,0,0,0,0,0,0,0,0,0,0,0,0,5,26400,0,26460,0,0,0,0,4487881,4498413,0,0,0,0,0,1000,1000,5601093
MPCTASK: EXP,0,430,21499,-132,907,711,336,-148,-27,1179,1153,-34,149,1286,700,-279,521,700,0,0,0,0,0,0,0,0,0,0,0,0,0,0,0,5,26685,0,26739,0,0,0,0,4536321,4545702,0,0,0,0,0,1000,1000,5601093
MPCTASK: EXP,0,432,21599,-107,900,709,134,-322,-58,1194,1302,14,166,1162,700,-352,417,700,0,0,0,0,0,0,0,0,0,0,0,0,0,0,0,5,25411,0,25731,0,0,0,0,4319733,4374365,0,0,0,0,0,1000,1000,5601093
MPCTASK: EXP,0,434,21699,-101,847,700,-87,-553,-85,1196,1318,81,133,1018,700,-422,274,700,0,0,0,0,0,0,0,0,0,0,0,0,0,0,0,5,24852,0,24907,0,0,0,0,4224817,4234358,0,0,0,0,0,1000,1000,5601093
MPCTASK: EXP,0,436,21797,-123,765,686,-321,-798,-79,1114,1242,151,55,857,700,-493,116,700,0,0,0,0,0,0,0,0,0,0,0,0,0,0,0,5,23241,0,23635,0,0,0,0,3950933,4018103,0,0,0,0,0,1000,1000,5601093
MPCTASK: EXP,0,438,21896,-163,660,674,-530,-1021,-30,841,983,209,-60,683,700,-545,-33,700,0,0,0,0,0,0,0,0,0,0,0,0,0,0,0,5,23290,0,23345,0,0,0,0,3959269,3968808,0,0,0,0,0,1000,1000,5601093
MPCTASK: EXP,0,440,21998,-227,544,672,-682,-1163,37,454,601,235,-203,500,700,-579,-157,700,0,0,0,0,0,0,0,0,0,0,0,0,0,0,0,5,24620,0,24963,0,0,0,0,4185265,4243698,0,0,0,0,0,1000,1000,5601093
MPCTASK: EXP,0,442,22102,-286,439,677,-735,-1193,72,85,163,213,-358,311,700,-571,-236,700,0,0,0,0,0,0,0,0,0,0,0,0,0,0,0,5,27201,0,27765,0,0,0,0,4623965,4720030,0,0,0,0,0,1000,1000,5601093
MPCTASK: EXP,0,444,22200,-354,341,691,-723,-1159,104,-94,-219,172,-509,123,700,-550,-295,700,0,0,0,0,0,0,0,0,0,0,0,0,0,0,0,5,25536,0,25592,0,0,0,0,4341109,4350877,0,0,0,0,0,1000,1000,5601093
MPCTASK: EXP,0,446,22302,-405,258,704,-631,-1092,82,-110,-593,137,-643,-61,700,-497,-332,700,0,0,0,0,0,0,0,0,0,0,0,0,0,0,0,5,27286,0,27341,0,0,0,0,4638593,4648132,0,0,0,0,0,1000,1000,5601093
MPCTASK: EXP,0,448,22399,-446,180,717,-494,-1033,50,-31,-864,100,-745,-237,700,-437,-360,700,0,0,0,0,0,0,0,0,0,0,0,0,0,0,0,5,25155,0,25217,0,0,0,0,4276173,4287074,0,0,0,0,0,1000,1000,5601093
MPCTASK: EXP,0,450,22500,-471,103,723,-314,-993,4,20,-1045,72,-805,-399,700,-371,-376,700,0,0,0,0,0,0,0,0,0,0,0,0,0,0,0,5,23652,0,23884,0,0,0,0,4020737,4060324,0,0,0,0,0,1000,1000,5601093
MPCTASK: EXP,0,452,22598,-481,21,722,-120,-965,-47,-70,-1105,62,-819,-542,700,-311,-377,700,0,0,0,0,0,0,0,0,0,0,0,0,0,0,0,5,22097,0,22152,0,0,0,0,3756445,3765989,0,0,0,0,0,1000,1000,5601093
MPCTASK: EXP,0,454,22697,-473,-50,714,78,-906,-80,-262,-1052,57,-786,-662,700,-260,-347,700,0,0,0,0,0,0,0,0,0,0,0,0,0,0,0,5,22086,0,22140,0,0,0,0,3754529,3763908,0,0,0,0,0,1000,1000,5601093
MPCTASK: EXP,0,456,22799,-440,-107,704,261,-815,-81,-485,-867,55,-712,-753,699,-219,-293,699,0,0,0,0,0,0,0,0,0,0,0,0,0,0,0,5,23862,0,23924,0,0,0,0,4056381,4067275,0,0,0,0,0,1000,1000,5601093
MPCTASK: EXP,0,458,22901,-403,-164,696,397,-653,-38,-785,-485,59,-605,-810,699,-208,-215,699,0,0,0,0,0,0,0,0,0,0,0,0,0,0,0,5,24074,0,24130,0,0,0,0,4092313,4102176,0,0,0,0,0,1000,1000,5601093
MPCTASK: EXP,0,460,23000,-340,-206,701,476,-470,27,-1035,-95,86,-479,-830,699,-196,-133,699,0,0,0,0,0,0,0,0,0,0,0,0,0,0,0,5,22557,0,22612,0,0,0,0,3834670,3844054,0,0,0,0,0,1000,1000,5601093
MPCTASK: EXP,0,462,23104,-289,-227,708,464,-258,28,-1199,286,100,-351,-809,699,-211,-51,699,0,0,0,0,0,0,0,0,0,0,0,0,0,0,0,5,26415,0,26470,0,0,0,0,4490449,4499989,0,0,0,0,0,1000,1000,5601093
MPCTASK: EXP,0,464,23205,-241,-219,712,400,-23,-11,-1237,565,85,-236,-746,699,-211,14,699,0,0,0,0,0,0,0,0,0,0,0,0,0,0,0,5,25688,0,25742,0,0,0,0,4366921,4376286,0,0,0,0,0,1000,1000,5601093
MPCTASK: EXP,0,466,23307,-214,-194,708,276,198,-57,-1077,751,47,-148,-642,699,-239,83,699,0,0,0,0,0,0,0,0,0,0,0,0,0,0,0,5,26927,0,26982,0,0,0,0,4577489,4586957,0,0,0,0,0,1000,1000,5601093
MPCTASK: EXP,0,468,23404,-204,-153,691,126,387,-89,-812,752,-7,-98,-502,700,-265,139,700,0,0,0,0,0,0,0,0,0,0,0,0,0,0,0,5,24238,0,24293,0,0,0,0,4120413,4129825,0,0,0,0,0,1000,1000,5601093
MPCTASK: EXP,0,470,23508,-200,-99,676,-9,531,-43,-491,635,-52,-89,-336,700,-276,177,700,0,0,0,0,0,0,0,0,0,0,0,0,0,0,0,5,28204,0,28621,0,0,0,0,4794691,4865646,0,0,0,0,0,1000,1000,5601093
MPCTASK: EXP,0,472,23607,-216,-33,675,-124,605,30,-119,424,-90,-118,-157,700,-289,204,700,0,0,0,0,0,0,0,0,0,0,0,0,0,0,0,5,26873,0,27177,0,0,0,0,4568185,4620282,0,0,0,0,0,1000,1000,5601093
MPCTASK: EXP,0,474,23705,-244,15,681,-193,581,62,202,134,-111,-173,15,700,-301,211,700,0,0,0,0,0,0,0,0,0,0,0,0,0,0,0,5,24585,0,24636,0,0,0,0,4179221,4188294,0,0,0,0,0,1000,1000,5601093
MPCTASK: EXP,0,476,23803,-270,68,693,-202,525,81,407,-132,-106,-238,163,700,-313,236,700,0,0,0,0,0,0,0,0,0,0,0,0,0,0,0,5,22943,0,22996,0,0,0,0,3900173,3909459,0,0,0,0,0,1000,1000,5601093
MPCTASK: EXP,0,478,23908,-290,112,701,-170,440,51,511,-279,-90,-294,268,700,-329,264,700,0,0,0,0,0,0,0,0,0,0,0,0,0,0,0,5,27801,0,27854,0,0,0,0,4726133,4735239,0,0,0,0,0,1000,1000,5601093
MPCTASK: EXP,0,480,24003,-301,144,708,-113,347,22,459,-314,-74,-326,322,700,-332,281,700,0,0,0,0,0,0,0,0,0,0,0,0,0,0,0,5,23100,0,23152,0,0,0,0,3926973,3935866,0,0,0,0,0,1000,1000,5601093
MPCTASK: EXP,0,482,24106,-309,154,710,-67,250,0,299,-211,-57,-333,334,700,-319,252,700,0,0,0,0,0,0,0,0,0,0,0,0,0,0,0,5,25284,0,25337,0,0,0,0,4298261,4307252,0,0,0,0,0,1000,1000,5601093
MPCTASK: TRAJ DONE: idx=482, max=482; requesting landing
MPCTASK: LANDING: start z=0.70, hold=(-0.30,0.15)
MPCTASK: TIMING SUMMARY: max_step_cycles=5601093 deadline_cycles=8400000 overruns=0
MPCTASK: LANDING COMPLETE: t=29279 ms, x=-0.300, y=0.118, z=-0.006, vz=-0.098; motors off