SYS: Crazyflie 2.1 Brushless is up and running!
SYS: Build 2:de14ff9f08ae (2025.09.1 +2) MODIFIED
SYS: I am 0x373930393434471500370039 and I have 1024KB of flash!
CFGBLK: v1, verification [OK]
DECK_DISCOVERY: Backend found: onewire
DECK_DISCOVERY: Backend found: deckctrl
DECK_CORE: 1 deck(s) found
DECK_CORE: Calling INIT on driver bcFlow2 for deck 0
ZR2: Z-down sensor [OK]
PMW: Motion chip id: 0x49:0xB6
IMU: BMI088: Using I2C interface.
IMU: BMI088 Gyro connection [OK].
IMU: BMI088 Accel connection [OK]
IMU: BMP390 I2C connection [OK]
ESTIMATOR: Using Kalman (2) estimator
CONTROLLER: Using PID (1) controller
MTR-DRV: Using brushless motor driver
SYS: About to run tests in system.c.
SYS: NRF51 version: 2026.04 (C21B)
EEPROM: I2C connection [OK].
STORAGE: Storage check [OK].
IMU: BMI088 gyro self-test [OK]
DECK_CORE: Deck 0 test [OK].
SYS: Self test passed!
STAB: Wait for sensor calibration...
SYS: Free heap: 15048 bytes
MPCTASK: Waiting for activation ...
STAB: Starting stabilizer loop
STAB: WARNING: stabilizer loop rate is off (1004)
MPCTASK: Benchmark mode 1, maneuver 4, max_iter 5, task_pri 0
MPCTASK: Reference altitude: 0ms
MPCTASK: Common baseline: mpc_hz=20 model_hz=20 rho=5 base_w=0 base_qz=1 Qz=100 R=4 bridge=x10 guards=z[ref,ref+0.20] xy=free cap=0.05
MPCTASK: MPC->PID: xyz=x10, z_guard=[ref,ref+0.20], yaw=raw_rz, output_hold=200ms, safety_hold=500ms
MPCTASK: Reference origin: xyz=measured_at_forced_timed_start target_z=0.70 m
MPCTASK: Fixed baseline: w=0 qz=1 adaptive_cache=off
MPCTASK: MPC-CBF analytic LTV rows: always_on=1 horizon=20 gate=off floor_z=0.70 margin=0
MPCTASK: EXP every=2: m,s,tms,p3[mm],v3[mmps],att3[cdeg],ref3[mm],cmd3[mm],h/raw/grad/mar/thr[milli],act/ac/bind,wi/qi/cache/noa,pa/pf/du[milli],it,mpc/eval/total[us],bar/tanh/rl/cache/solve/step[cycles],overruns,post_active/post_infeasible_totals,wreq/w/qzreq/qz[milli],max_step_cycles
MPCTASK: Figure8: source=traj_fig8_12.h source_hz=100 samples=1205 laps=2 duration=24.07 s origin=forced_timed_start start_delay=2000ms z_baseline=measured_at_start
CONTROLLER: Using OutOfTree (6) controller
MPCTASK: Trajectory origin: x=-0.01 y=0.01 z=0.02
MPCTASK: OOT activated at z=0.02
SUP: Ready to fly
MPCTASK: TAKEOFF START: trigger_z=0.15 start_z=0.02 target=0.70 hold=(-0.0,0.02) ramp=0.15m/s
MPCTASK: OOT loop 1 done
MPCTASK: MPC taskMPCTASK: OOT loop 2 done
 loop 1
MPCTASK: x0: pos=(-0.0,0.02,0.02) vel=(-0.0,-0.04,-0MPCTASK: OOT loop 3 done
.0)
MPCTASK: ref: (-0.0,0.02,0.02)
MPCTASK: SAFE TV mode=1: h=-0.680 raw=0.019 grad=1.019 margin=0.0 thr=0.0 active0=1 active_count=20 eval=0 us
MPCTASK: Cache level changed: 0 -> 1
MPCTASK: MPC solve start
MPCTASK: MPC solve done, iter=5
MPCTASK: MPC time=29993 us
MPCTASK: MPC stack free=1105 words
MPCTASK: setpoint: x=-0.0 y=0.02 z=0.08 preview_z=0.08
MPCTASK: MPC task loop 2
MPCTASK: MPC task loop 3
MPCTASK: TAKEOFF COMPLETE: t=2000ms z=0.35 vz=0.32; trajectory queued origin=(-0.02,0.05,0.35)
MPCTASK: TRAJ START: z=0.35 origin=(-0.02,0.05,0.35) EXP clock reset; Z metric begins at t+3s
MPCTASK: EXP,1,2,73,-31,65,372,-71,152,320,1004,-215,285,-28,57,351,-94,362,551,-327,372,1000,0,0,1,20,20,0,0,0,0,0,0,0,5,23110,0,23308,0,0,0,0,3928508,3962324,0,0,0,0,0,1000,1000,4717149
MPCTASK: EXP,1,4,177,-35,58,394,-45,16,265,-56,66,627,-39,76,351,-67,414,551,-305,394,1000,0,0,1,20,20,0,0,0,0,0,0,0,5,26144,0,26498,0,0,0,0,4444360,4504724,0,0,0,0,0,1000,1000,4717149
MPCTASK: EXP,1,6,274,-39,46,423,-103,102,292,-1256,281,871,-73,143,352,-45,491,552,-276,423,1000,0,0,1,20,20,0,0,0,0,0,0,0,5,23479,0,23660,0,0,0,0,3991404,4022292,0,0,0,0,0,1000,1000,4717149
MPCTASK: EXP,1,8,379,-59,57,459,-181,319,308,-1542,9,972,-126,262,352,-19,559,552,-240,459,1000,0,0,1,20,20,0,0,0,0,0,0,0,5,26405,0,28141,0,0,0,0,4488757,4783998,0,0,0,0,0,1000,1000,4783998
MPCTASK: EXP,1,10,477,-93,93,487,-231,549,260,-1356,-231,1052,-181,421,352,-5,618,552,-212,487,1000,0,0,1,20,20,0,0,0,0,0,0,0,5,26223,0,26404,0,0,0,0,4457801,4488715,0,0,0,0,0,1000,1000,4783998
MPCTASK: EXP,1,12,576,-129,140,512,-252,727,273,-1094,-310,963,-219,601,352,-4,656,552,-187,512,1000,0,0,1,20,20,0,0,0,0,0,0,0,5,26328,0,26507,0,0,0,0,4475720,4506265,0,0,0,0,0,1000,1000,4783998
MPCTASK: EXP,1,14,672,-169,213,539,-233,882,247,-829,-548,513,-227,780,351,4,704,551,-160,539,1000,0,0,1,20,20,0,0,0,0,0,0,0,5,20749,0,21356,0,0,0,0,3527332,3630589,0,0,0,0,0,1000,1000,4783998
MPCTASK: EXP,1,16,776,-186,290,566,-112,972,219,-429,-1091,-111,-196,940,351,56,712,551,-133,566,1000,0,0,1,20,20,0,0,0,0,0,0,0,5,24893,0,25072,0,0,0,0,4231790,4262337,0,0,0,0,0,1000,1000,4783998
MPCTASK: EXP,1,18,878,-193,390,590,81,994,165,-80,-1397,-681,-127,1069,351,99,725,551,-109,590,1000,0,0,1,20,20,0,0,0,0,0,0,0,5,27578,0,27756,0,0,0,0,4688132,4718676,0,0,0,0,0,1000,1000,4783998
MPCTASK: EXP,1,20,978,-188,460,608,280,900,83,246,-1408,-1110,-26,1158,351,116,680,551,-91,608,1000,0,0,1,20,20,0,0,0,0,0,0,0,5,24319,0,25476,0,0,0,0,4134200,4330900,0,0,0,0,0,1000,1000,4940940
MPCTASK: EXP,1,22,1077,-156,510,611,483,685,4,867,-1385,-1476,92,1204,351,144,568,551,-88,611,1000,0,0,1,20,20,0,0,0,0,0,0,0,5,24401,0,24915,0,0,0,0,4148237,4235727,0,0,0,0,0,1000,1000,4940940
MPCTASK: EXP,1,24,1175,-102,491,607,648,361,-28,831,-896,-1561,214,1206,351,140,433,551,-98,601,1019,0,0,1,20,20,0,0,0,0,0,0,0,5,22702,0,23032,0,0,0,0,3859224,3915417,0,0,0,0,0,1000,1000,4940940
MPCTASK: EXP,1,26,1275,-41,445,590,712,129,-69,608,18,-1548,324,1167,351,86,310,551,-123,576,1019,0,0,1,20,20,0,0,0,0,0,0,0,5,22436,0,22870,0,0,0,0,3814068,3887901,0,0,0,0,0,1000,1000,4940940
MPCTASK: EXP,1,28,1379,13,410,589,569,21,48,314,1063,-1519,407,1090,351,-3,218,551,-110,589,1000,0,0,1,20,20,0,0,0,0,0,0,0,5,25207,0,25947,0,0,0,0,4285049,4411089,0,0,0,0,0,1000,1000,4940940
MPCTASK: EXP,1,30,1477,59,377,600,354,-72,78,871,1097,-1358,451,982,351,-63,79,551,-99,600,1000,0,0,1,20,20,0,0,0,0,0,0,0,5,23284,0,24216,0,0,0,0,3958165,4116744,0,0,0,0,0,1000,1000,4940940
MPCTASK: EXP,1,32,1575,51,337,612,95,-310,89,1723,499,-1083,450,848,351,-123,-113,551,-87,612,1000,0,0,1,20,20,0,0,0,0,0,0,0,5,22871,0,23051,0,0,0,0,3888096,3918807,0,0,0,0,0,1000,1000,4940940
MPCTASK: EXP,1,34,1673,49,276,620,-3,-595,32,1765,274,-907,403,692,351,-160,-266,551,-79,620,1000,0,0,1,20,20,0,0,0,0,0,0,0,5,20859,0,21037,0,0,0,0,3545932,3576489,0,0,0,0,0,1000,1000,4940940
MPCTASK: EXP,1,36,1776,14,194,615,-131,-845,-65,1202,476,-797,312,520,351,-225,-388,551,-98,601,1019,0,0,1,20,20,0,0,0,0,0,0,0,5,23043,0,23755,0,0,0,0,3917328,4038441,0,0,0,0,0,1000,1000,4940940
MPCTASK: EXP,1,38,1876,-2,77,602,-246,-1021,-84,572,573,-656,187,337,351,-251,-514,551,-114,585,1019,0,0,1,20,20,0,0,0,0,0,0,0,5,23271,0,24360,0,0,0,0,3956008,4141340,0,0,0,0,0,1000,1000,4940940
MPCTASK: EXP,1,40,1984,-25,-10,599,-347,-1049,-13,11,577,-343,40,149,351,-257,-575,551,-103,596,1019,0,0,1,20,20,0,0,0,0,0,0,0,5,30380,0,31415,0,0,0,0,5164621,5340633,0,0,0,0,0,1000,1000,5340633
MPCTASK: EXP,1,42,2080,-49,-106,601,-427,-1006,-3,-430,524,156,-114,-40,351,-244,-624,551,-99,600,1019,0,0,1,20,20,0,0,0,0,0,0,0,5,26170,0,26887,0,0,0,0,4448816,4570721,0,0,0,0,0,1000,1000,5340633
MPCTASK: EXP,1,44,2179,-92,-190,607,-491,-899,35,-520,196,773,-261,-226,351,-225,-668,551,-92,607,1000,0,0,1,20,20,0,0,0,0,0,0,0,5,24458,0,24876,0,0,0,0,4157708,4228949,0,0,0,0,0,1000,1000,5340633
MPCTASK: EXP,1,46,2280,-149,-258,607,-512,-796,-36,-286,-146,1412,-386,-404,351,-199,-701,551,-99,600,1019,0,0,1,20,20,0,0,0,0,0,0,0,5,24912,0,25093,0,0,0,0,4234916,4265823,0,0,0,0,0,1000,1000,5340633
MPCTASK: EXP,1,48,2380,-202,-315,603,-464,-737,-50,152,-577,1761,-477,-571,351,-149,-743,551,-106,593,1019,0,0,1,20,20,0,0,0,0,0,0,0,5,25226,0,25423,0,0,0,0,4288385,4322013,0,0,0,0,0,1000,1000,5340633
MPCTASK: EXP,1,50,2480,-234,-368,605,-320,-743,-26,761,-830,1899,-523,-721,351,-71,-799,551,-99,600,1019,0,0,1,20,20,0,0,0,0,0,0,0,5,26071,0,26252,0,0,0,0,4431996,4462816,0,0,0,0,0,1000,1000,5340633
MPCTASK: EXP,1,52,2577,-254,-441,601,-145,-809,-81,692,-1102,1978,-520,-853,351,-2,-828,551,-114,585,1019,0,0,1,20,20,0,0,0,0,0,0,0,5,22728,0,23139,0,0,0,0,3863708,3933765,0,0,0,0,0,1000,1000,5340633
MPCTASK: EXP,1,54,2683,-244,-517,593,103,-806,-89,165,-1202,1870,-470,-962,351,82,-814,551,-124,575,1019,0,0,1,20,20,0,0,0,0,0,0,0,5,27769,0,28569,0,0,0,0,4720644,4856692,0,0,0,0,0,1000,1000,5340633
MPCTASK: EXP,1,56,2777,-222,-606,580,298,-738,-84,-425,-1095,1667,-375,-1046,351,132,-791,551,-136,563,1019,0,0,1,20,20,0,0,0,0,0,0,0,5,22364,0,22854,0,0,0,0,3801864,3885243,0,0,0,0,0,1000,1000,5340633
MPCTASK: EXP,1,58,2883,-184,-663,572,464,-565,-20,-751,-1061,1323,-247,-1102,351,180,-729,551,-131,568,1019,0,0,1,20,20,0,0,0,0,0,0,0,5,28562,0,28987,0,0,0,0,4855348,4927760,0,0,0,0,0,1000,1000,5340633
MPCTASK: EXP,1,60,2979,-142,-677,574,592,-353,40,-896,-891,960,-97,-1131,351,198,-634,551,-125,574,1000,0,0,1,20,20,0,0,0,0,0,0,0,5,24025,0,24892,0,0,0,0,4084308,4231801,0,0,0,0,0,1000,1000,5340633
MPCTASK: EXP,1,62,3080,-88,-673,576,694,-139,47,-841,-611,505,59,-1130,351,205,-532,551,-123,576,1000,0,0,1,20,20,0,0,0,0,0,0,0,5,25373,0,25552,0,0,0,0,4313492,4344057,0,0,0,0,0,1000,1000,5340633
MPCTASK: EXP,1,64,3179,-41,-648,576,735,45,45,-690,-214,4,208,-1100,351,175,-424,551,-123,576,1000,0,0,1,20,20,0,0,0,0,0,0,0,5,24785,0,24964,0,0,0,0,4213328,4243893,0,0,0,0,0,1000,1000,5340633
MPCTASK: EXP,1,66,3279,15,-600,579,723,204,69,-452,209,-438,333,-1042,351,140,-310,551,-120,579,1000,0,0,1,20,20,0,0,0,0,0,0,0,5,24465,0,24644,0,0,0,0,4158825,4189397,0,0,0,0,0,1000,1000,5340633
MPCTASK: EXP,1,68,3380,71,-546,586,643,312,91,-196,607,-763,423,-957,351,87,-202,551,-113,586,1000,0,0,1,20,20,0,0,0,0,0,0,0,5,25037,0,25471,0,0,0,0,4256201,4330137,0,0,0,0,0,1000,1000,5340633
MPCTASK: EXP,1,70,3483,127,-483,600,512,398,111,-94,999,-909,469,-846,351,29,-87,551,-99,600,1000,0,0,1,20,20,0,0,0,0,0,0,0,5,26804,0,26983,0,0,0,0,4556611,4587177,0,0,0,0,0,1000,1000,5340633
MPCTASK: EXP,1,72,3579,158,-422,615,308,474,82,-170,1401,-898,466,-714,351,-50,32,551,-84,615,1000,0,0,1,20,20,0,0,0,0,0,0,0,5,23706,0,23902,0,0,0,0,4029860,4063312,0,0,0,0,0,1000,1000,5340633
MPCTASK: EXP,1,74,3680,182,-348,626,78,583,21,-371,1660,-756,415,-562,351,-120,168,551,-73,626,1000,0,0,1,20,20,0,0,0,0,0,0,0,5,24702,0,24881,0,0,0,0,4199364,4229928,0,0,0,0,0,1000,1000,5340633
MPCTASK: EXP,1,76,3780,168,-271,625,-204,710,-44,-530,1702,-589,321,-395,351,-199,302,551,-83,616,1019,0,0,1,20,20,0,0,0,0,0,0,0,5,23904,0,24336,0,0,0,0,4063572,4137193,0,0,0,0,0,1000,1000,5340633
MPCTASK: EXP,1,78,3880,154,-131,617,-471,920,-65,-624,1352,-347,192,-217,351,-235,491,551,-95,604,1019,0,0,1,20,20,0,0,0,0,0,0,0,5,23109,0,23307,0,0,0,0,3928424,3962341,0,0,0,0,0,1000,1000,5340633
MPCTASK: EXP,1,80,3982,81,-33,611,-699,1032,-37,-437,956,-304,42,-33,351,-289,601,551,-95,604,1019,0,0,1,20,20,0,0,0,0,0,0,0,5,25504,0,26097,0,0,0,0,4335599,4436539,0,0,0,0,0,1000,1000,5340633
MPCTASK: EXP,1,82,4079,-12,50,608,-837,1073,19,-198,295,-286,-115,153,351,-307,668,551,-91,608,1000,0,0,1,20,20,0,0,0,0,0,0,0,5,22265,0,22810,0,0,0,0,3784845,3877636,0,0,0,0,0,1000,1000,5340633
MPCTASK: EXP,1,84,4180,-71,167,616,-814,1097,117,269,-365,3,-263,338,351,-260,738,551,-83,616,1000,0,0,1,20,20,0,0,0,0,0,0,0,5,23961,0,24408,0,0,0,0,4073348,4149413,0,0,0,0,0,1000,1000,5340633
MPCTASK: EXP,1,86,4280,-143,263,638,-711,987,169,515,-320,225,-389,516,351,-249,771,551,-61,638,1000,0,0,1,20,20,0,0,0,0,0,0,0,5,23886,0,24067,0,0,0,0,4060640,4091554,0,0,0,0,0,1000,1000,5340633
MPCTASK: EXP,1,88,4379,-171,319,652,-628,889,131,-270,92,238,-479,682,351,-225,835,551,-47,652,1000,0,0,1,20,20,0,0,0,0,0,0,0,5,23113,0,23299,0,0,0,0,3929204,3960863,0,0,0,0,0,1000,1000,5340633
MPCTASK: EXP,1,90,4484,-236,358,665,-650,897,51,-651,-199,250,-525,833,351,-203,855,551,-34,665,1000,0,0,1,20,20,0,0,0,0,0,0,0,5,26860,0,27296,0,0,0,0,4566064,4640264,0,0,0,0,0,1000,1000,5340633
MPCTASK: EXP,1,92,4584,-294,396,670,-574,900,-47,-318,-1203,126,-522,965,351,-135,834,551,-38,661,1019,0,0,1,20,20,0,0,0,0,0,0,0,5,25665,0,26000,0,0,0,0,4363008,4420082,0,0,0,0,0,1000,1000,5340633
MPCTASK: EXP,1,94,4688,-327,512,666,-268,940,-147,145,-2126,-103,-471,1074,351,-15,866,551,-63,636,1019,0,0,1,20,20,0,0,0,0,0,0,0,5,29207,0,29924,0,0,0,0,4965088,5087051,0,0,0,0,0,1000,1000,5340633
MPCTASK: EXP,1,96,4786,-317,576,654,122,820,-225,594,-2448,-369,-376,1159,351,106,816,551,-90,609,1019,0,0,1,20,20,0,0,0,0,0,0,0,5,27165,0,27490,0,0,0,0,4617925,4673270,0,0,0,0,0,1000,1000,5340633
MPCTASK: EXP,1,98,4885,-254,662,618,566,672,-323,737,-2278,-725,-247,1216,351,228,788,535,-146,553,1019,0,0,1,20,20,0,0,0,0,0,0,0,5,26281,0,26726,0,0,0,0,4467777,4543524,0,0,0,0,0,1000,1000,5340633
MPCTASK: EXP,1,100,4985,-181,673,578,927,406,-265,670,-1437,-909,-97,1245,351,281,689,521,-174,525,1019,0,0,1,20,20,0,0,0,0,0,0,0,5,25508,0,25873,0,0,0,0,4336225,4398363,0,0,0,0,0,1000,1000,5340633
MPCTASK: EXP,1,102,5085,-43,688,540,1141,255,-118,221,163,-1075,59,1244,351,286,650,510,-182,517,1019,0,0,1,20,20,0,0,0,0,0,0,0,5,25761,0,25942,0,0,0,0,4379272,4410189,0,0,0,0,0,1000,1000,5340633
MPCTASK: EXP,1,104,5188,41,667,543,939,185,110,344,1213,-1104,208,1214,351,202,549,498,-156,543,1000,0,0,1,20,20,0,0,0,0,0,0,0,5,28975,0,29154,0,0,0,0,4925668,4956233,0,0,0,0,0,1000,1000,5340633
MPCTASK: EXP,1,106,5283,100,618,566,677,-1,185,1309,699,-1070,333,1156,351,169,337,509,-133,566,1000,0,0,1,20,20,0,0,0,0,0,0,0,5,23900,0,24081,0,0,0,0,4062868,4093792,0,0,0,0,0,1000,1000,5340633
MPCTASK: EXP,1,108,5384,180,608,589,610,-258,137,1903,23,-971,423,1071,351,184,183,521,-110,589,1000,0,0,1,20,20,0,0,0,0,0,0,0,5,22963,0,23144,0,0,0,0,3903616,3934528,0,0,0,0,0,1000,1000,5340633
MPCTASK: EXP,1,110,5485,217,514,599,506,-594,-7,1454,599,-1045,469,960,351,105,20,533,-102,597,1019,0,0,1,20,20,0,0,0,0,0,0,0,5,24887,0,25068,0,0,0,0,4230624,4261539,0,0,0,0,0,1000,1000,5340633
MPCTASK: EXP,1,112,5587,231,437,591,284,-770,-79,850,1261,-1031,467,828,351,-1,-90,529,-123,576,1019,0,0,1,20,20,0,0,0,0,0,0,0,5,26693,0,26891,0,0,0,0,4537880,4571656,0,0,0,0,0,1000,1000,5340633
MPCTASK: EXP,1,114,5687,201,348,584,-30,-864,-64,510,1323,-910,415,676,351,-113,-205,523,-128,571,1019,0,0,1,20,20,0,0,0,0,0,0,0,5,26496,0,27028,0,0,0,0,4504324,4594931,0,0,0,0,0,1000,1000,5340633
MPCTASK: EXP,1,116,5785,186,271,578,-266,-895,-46,391,1216,-812,321,509,351,-176,-299,523,-130,569,1019,0,0,1,20,20,0,0,0,0,0,0,0,5,24109,0,24290,0,0,0,0,4098444,4129355,0,0,0,0,0,1000,1000,5340633
MPCTASK: EXP,1,118,5887,207,152,577,-397,-958,-30,252,1093,-762,192,331,351,-169,-425,523,-128,571,1019,0,0,1,20,20,0,0,0,0,0,0,0,5,26400,0,26598,0,0,0,0,4487932,4521676,0,0,0,0,0,1000,1000,5340633
MPCTASK: EXP,1,120,5987,151,90,574,-592,-919,-16,94,981,-577,42,147,351,-215,-475,523,-129,570,1019,0,0,1,20,20,0,0,0,0,0,0,0,5,26170,0,26349,0,0,0,0,4448812,4479377,0,0,0,0,0,1000,1000,5340633
MPCTASK: EXP,1,122,6087,84,47,575,-726,-867,0,133,583,-297,-115,-39,351,-229,-515,524,-124,575,1000,0,0,1,20,20,0,0,0,0,0,0,0,5,26704,0,26883,0,0,0,0,4539620,4570184,0,0,0,0,0,1000,1000,5340633
MPCTASK: EXP,1,124,6184,-4,-18,569,-790,-858,-51,350,48,194,-263,-224,351,-226,-583,520,-140,559,1019,0,0,1,20,20,0,0,0,0,0,0,0,5,23135,0,23316,0,0,0,0,3932860,3963776,0,0,0,0,0,1000,1000,5340633
MPCTASK: EXP,1,126,6284,-88,-84,573,-751,-893,-3,622,-555,665,-389,-402,351,-188,-657,508,-126,573,1019,0,0,1,20,20,0,0,0,0,0,0,0,5,23901,0,24082,0,0,0,0,4063072,4093982,0,0,0,0,0,1000,1000,5340633
MPCTASK: EXP,1,128,6384,-144,-149,578,-590,-937,-43,692,-1084,1195,-479,-568,351,-105,-698,521,-130,569,1019,0,0,1,20,20,0,0,0,0,0,0,0,5,23877,0,24058,0,0,0,0,4059004,4089806,0,0,0,0,0,1000,1000,5340633
MPCTASK: EXP,1,130,6487,-181,-233,576,-392,-988,-68,613,-1199,1483,-525,-719,351,-37,-745,522,-136,563,1019,0,0,1,20,20,0,0,0,0,0,0,0,5,27260,0,27441,0,0,0,0,4634091,4665125,0,0,0,0,0,1000,1000,5340633
MPCTASK: EXP,1,132,6585,-208,-335,563,-135,-991,-99,202,-1309,1621,-522,-851,351,38,-770,506,-156,543,1019,0,0,1,20,20,0,0,0,0,0,0,0,5,23885,0,24625,0,0,0,0,4060385,4186267,0,0,0,0,0,1000,1000,5340633
MPCTASK: EXP,1,134,6683,-206,-412,552,83,-920,-116,67,-1183,1581,-471,-960,351,100,-771,505,-170,529,1019,0,0,1,20,20,0,0,0,0,0,0,0,5,22952,0,23133,0,0,0,0,3901668,3932587,0,0,0,0,0,1000,1000,5340633
MPCTASK: EXP,1,136,6786,-192,-485,539,269,-835,-119,-170,-1075,1552,-376,-1045,351,144,-747,486,-184,515,1019,0,0,1,20,20,0,0,0,0,0,0,0,5,25856,0,26037,0,0,0,0,4395492,4426406,0,0,0,0,0,1000,1000,5340633
MPCTASK: EXP,1,138,6887,-160,-555,530,417,-737,-79,-521,-947,1407,-247,-1102,351,179,-710,481,-185,514,1019,0,0,1,20,20,0,0,0,0,0,0,0,5,25030,0,25453,0,0,0,0,4255004,4326977,0,0,0,0,0,1000,1000,5340633
MPCTASK: EXP,1,140,6987,-123,-600,529,536,-526,-2,-761,-799,984,-97,-1131,351,192,-631,489,-171,528,1019,0,0,1,20,20,0,0,0,0,0,0,0,5,23880,0,24301,0,0,0,0,4059465,4131144,0,0,0,0,0,1000,1000,5340633
MPCTASK: EXP,1,142,7089,-74,-616,531,620,-326,25,-765,-522,475,59,-1130,351,191,-544,498,-168,531,1000,0,0,1,20,20,0,0,0,0,0,0,0,5,26468,0,26737,0,0,0,0,4499492,4545357,0,0,0,0,0,1000,1000,5340633
MPCTASK: EXP,1,144,7188,-32,-603,533,654,-125,54,-670,-221,-76,208,-1101,351,164,-437,505,-166,533,1000,0,0,1,20,20,0,0,0,0,0,0,0,5,24683,0,25437,0,0,0,0,4196024,4324437,0,0,0,0,0,1000,1000,5340633
MPCTASK: EXP,1,146,7286,9,-584,536,646,19,71,-524,121,-498,333,-1042,351,121,-341,510,-163,536,1000,0,0,1,20,20,0,0,0,0,0,0,0,5,23191,0,23381,0,0,0,0,3942340,3974797,0,0,0,0,0,1000,1000,5340633
MPCTASK: EXP,1,148,7386,63,-546,549,577,163,111,-338,532,-853,423,-957,351,69,-233,518,-150,549,1000,0,0,1,20,20,0,0,0,0,0,0,0,5,22304,0,23703,0,0,0,0,3791660,4029536,0,0,0,0,0,1000,1000,5340633
MPCTASK: EXP,1,150,7492,101,-509,562,443,266,107,-304,927,-992,469,-847,351,0,-126,523,-137,562,1000,0,0,1,20,20,0,0,0,0,0,0,0,5,29393,0,29748,0,0,0,0,4996712,5057337,0,0,0,0,0,1000,1000,5340633
MPCTASK: EXP,1,152,7589,128,-460,576,262,386,79,-417,1294,-964,467,-714,351,-77,-4,528,-123,576,1000,0,0,1,20,20,0,0,0,0,0,0,0,5,25993,0,26171,0,0,0,0,4418652,4449215,0,0,0,0,0,1000,1000,5340633
MPCTASK: EXP,1,154,7688,135,-403,584,37,522,19,-586,1503,-827,415,-562,351,-153,125,542,-115,584,1000,0,0,1,20,20,0,0,0,0,0,0,0,5,24351,0,24550,0,0,0,0,4139741,4173567,0,0,0,0,0,1000,1000,5340633
MPCTASK: EXP,1,156,7786,123,-335,585,-204,680,-32,-752,1508,-644,321,-395,351,-220,261,551,-120,579,1019,0,0,1,20,20,0,0,0,0,0,0,0,5,20901,0,21205,0,0,0,0,3553073,3604946,0,0,0,0,0,1000,1000,5340633
MPCTASK: EXP,1,158,7889,90,-249,583,-437,860,-37,-840,1257,-480,192,-217,351,-267,402,542,-124,575,1019,0,0,1,20,20,0,0,0,0,0,0,0,5,24861,0,25065,0,0,0,0,4226364,4261116,0,0,0,0,0,1000,1000,5340633
MPCTASK: EXP,1,160,7987,41,-108,577,-619,1091,-34,-734,789,-307,42,-33,351,-287,578,532,-129,570,1019,0,0,1,20,20,0,0,0,0,0,0,0,5,23035,0,23251,0,0,0,0,3916012,3952757,0,0,0,0,0,1000,1000,5340633
MPCTASK: EXP,1,162,8090,-29,-23,574,-718,1143,34,-132,252,-182,-115,153,351,-287,625,539,-125,574,1000,0,0,1,20,20,0,0,0,0,0,0,0,5,24612,0,24943,0,0,0,0,4183909,4240412,0,0,0,0,0,1000,1000,5340633
MPCTASK: EXP,1,164,8189,-106,86,581,-731,1126,90,234,-164,11,-263,338,351,-274,689,547,-118,581,1000,0,0,1,20,20,0,0,0,0,0,0,0,5,24430,0,24611,0,0,0,0,4153124,4184043,0,0,0,0,0,1000,1000,5340633
MPCTASK: EXP,1,166,8292,-161,171,600,-636,1023,173,427,-536,80,-389,516,351,-222,715,551,-99,600,1000,0,0,1,20,20,0,0,0,0,0,0,0,5,28003,0,28200,0,0,0,0,4760564,4794119,0,0,0,0,0,1000,1000,5340633
MPCTASK: EXP,1,168,8394,-217,234,622,-547,906,182,92,-327,27,-479,682,351,-213,749,551,-77,622,1000,0,0,1,20,20,0,0,0,0,0,0,0,5,28905,0,29558,0,0,0,0,4913765,5024908,0,0,0,0,0,1000,1000,5340633
MPCTASK: EXP,1,170,8490,-263,274,632,-493,854,72,-552,-282,-65,-525,833,351,-189,788,551,-67,632,1000,0,0,1,20,20,0,0,0,0,0,0,0,5,25747,0,26121,0,0,0,0,4376932,4440683,0,0,0,0,0,1000,1000,5340633
MPCTASK: EXP,1,172,8587,-298,333,640,-403,912,26,-725,-702,-190,-522,965,351,-130,824,551,-59,640,1000,0,0,1,20,20,0,0,0,0,0,0,0,5,21442,0,22142,0,0,0,0,3645162,3764249,0,0,0,0,0,1000,1000,5340633
MPCTASK: EXP,1,174,8688,-305,396,645,-205,946,-60,-360,-1432,-402,-470,1074,351,-22,816,551,-66,633,1019,0,0,1,20,20,0,0,0,0,0,0,0,5,23897,0,24078,0,0,0,0,4062372,4093286,0,0,0,0,0,1000,1000,5340633
MPCTASK: EXP,1,176,8789,-297,454,638,78,897,-147,-66,-1753,-537,-376,1159,351,62,793,551,-91,608,1019,0,0,1,20,20,0,0,0,0,0,0,0,5,24126,0,24729,0,0,0,0,4101184,4203917,0,0,0,0,0,1000,1000,5340633
MPCTASK: EXP,1,178,8892,-295,494,614,323,808,-182,-258,-1299,-785,-247,1216,351,80,771,551,-121,578,1019,0,0,1,20,20,0,0,0,0,0,0,0,5,25891,0,26225,0,0,0,0,4401348,4458332,0,0,0,0,0,1000,1000,5340633
MPCTASK: EXP,1,180,8990,-239,528,593,567,721,-140,51,-1061,-1015,-97,1245,351,134,701,551,-134,565,1019,0,0,1,20,20,0,0,0,0,0,0,0,5,24106,0,24303,0,0,0,0,4097924,4131553,0,0,0,0,0,1000,1000,5340633
MPCTASK: EXP,1,182,9092,-169,575,579,720,624,-59,244,-393,-1238,59,1244,351,132,657,551,-132,567,1019,0,0,1,20,20,0,0,0,0,0,0,0,5,26810,0,26991,0,0,0,0,4557492,4588408,0,0,0,0,0,1000,1000,5340633
MPCTASK: EXP,1,184,9189,-69,573,575,767,451,36,790,106,-1398,208,1215,351,145,512,551,-124,575,1000,0,0,1,20,20,0,0,0,0,0,0,0,5,23754,0,24254,0,0,0,0,4038084,4123293,0,0,0,0,0,1000,1000,5340633
MPCTASK: EXP,1,186,9287,6,544,590,724,129,149,1747,-261,-1257,333,1157,351,164,291,551,-109,590,1000,0,0,1,20,20,0,0,0,0,0,0,0,5,21386,0,21706,0,0,0,0,3635692,3690259,0,0,0,0,0,1000,1000,5340633
MPCTASK: EXP,1,188,9388,37,565,607,663,-145,41,2113,-454,-1106,423,1072,351,122,168,551,-92,607,1000,0,0,1,20,20,0,0,0,0,0,0,0,5,22471,0,22652,0,0,0,0,3819984,3850908,0,0,0,0,0,1000,1000,5340633
MPCTASK: EXP,1,190,9486,108,498,607,657,-491,-130,1774,20,-1141,468,962,351,102,7,551,-118,581,1019,0,0,1,20,20,0,0,0,0,0,0,0,5,20929,0,21110,0,0,0,0,3557784,3588711,0,0,0,0,0,1000,1000,5340633
MPCTASK: EXP,1,192,9586,169,398,585,552,-782,-210,1198,706,-1210,465,830,351,55,-146,551,-156,543,1019,0,0,1,20,20,0,0,0,0,0,0,0,5,20599,0,21097,0,0,0,0,3501728,3586540,0,0,0,0,0,1000,1000,5340633
MPCTASK: EXP,1,194,9691,210,294,565,331,-950,-164,823,1232,-1225,413,679,351,-9,-289,551,-167,532,1019,0,0,1,20,20,0,0,0,0,0,0,0,5,25036,0,25217,0,0,0,0,4255989,4286920,0,0,0,0,0,1000,1000,5340633
MPCTASK: EXP,1,196,9792,220,183,561,56,-1044,-66,575,1341,-1226,319,512,351,-71,-417,551,-152,547,1019,0,0,1,20,20,0,0,0,0,0,0,0,5,26473,0,26654,0,0,0,0,4500176,4531124,0,0,0,0,0,1000,1000,5340633
MPCTASK: EXP,1,198,9888,207,93,556,-198,-1053,-41,303,1275,-1166,190,333,351,-119,-499,551,-151,548,1019,0,0,1,20,20,0,0,0,0,0,0,0,5,23135,0,23316,0,0,0,0,3932916,3963852,0,0,0,0,0,1000,1000,5340633
MPCTASK: EXP,1,200,9987,172,3,553,-410,-1024,-35,64,1005,-1027,41,147,351,-146,-569,551,-153,546,1019,0,0,1,20,20,0,0,0,0,0,0,0,5,22204,0,22384,0,0,0,0,3774524,3805278,0,0,0,0,0,1000,1000,5340633
MPCTASK: EXP,1,202,10087,119,-54,547,-552,-944,-40,2,568,-825,-113,-41,351,-152,-604,551,-160,539,1019,0,0,1,20,20,0,0,0,0,0,0,0,5,20976,0,21158,0,0,0,0,3565888,3596832,0,0,0,0,0,1000,1000,5340633
MPCTASK: EXP,1,204,10186,64,-111,542,-604,-891,-24,112,67,-615,-259,-228,351,-132,-643,551,-162,537,1019,0,0,1,20,20,0,0,0,0,0,0,0,5,20974,0,21155,0,0,0,0,3565524,3596476,0,0,0,0,0,1000,1000,5340633
MPCTASK: EXP,1,206,10294,15,-155,541,-562,-855,1,232,-384,-422,-381,-410,351,-87,-661,551,-158,541,1000,0,0,1,20,20,0,0,0,0,0,0,0,5,28555,0,28737,0,0,0,0,4854345,4885303,0,0,0,0,0,1000,1000,5340633
MPCTASK: EXP,1,208,10390,-28,-192,548,-478,-834,30,249,-691,-320,-468,-581,351,-46,-658,551,-151,548,1000,0,0,1,20,20,0,0,0,0,0,0,0,5,25028,0,25377,0,0,0,0,4254668,4314171,0,0,0,0,0,1000,1000,5340633
MPCTASK: EXP,1,210,10491,-55,-249,557,-322,-831,25,188,-920,-281,-510,-736,351,9,-658,551,-142,557,1000,0,0,1,20,20,0,0,0,0,0,0,0,5,24625,0,25187,0,0,0,0,4186094,4281809,0,0,0,0,0,1000,1000,5340633
MPCTASK: EXP,1,212,10587,-76,-314,557,-158,-823,-17,-25,-1004,-287,-505,-871,351,48,-640,551,-146,553,1019,0,0,1,20,20,0,0,0,0,0,0,0,5,21422,0,21611,0,0,0,0,3641592,3673881,0,0,0,0,0,1000,1000,5340633
MPCTASK: EXP,1,214,10693,-75,-358,552,23,-746,-39,-247,-935,-323,-455,-979,351,81,-584,551,-155,544,1019,0,0,1,20,20,0,0,0,0,0,0,0,5,27902,0,28081,0,0,0,0,4743256,4773861,0,0,0,0,0,1000,1000,5340633
MPCTASK: EXP,1,216,10792,-46,-398,547,207,-642,-32,-425,-706,-365,-366,-1058,351,114,-515,551,-158,541,1019,0,0,1,20,20,0,0,0,0,0,0,0,5,26912,0,27265,0,0,0,0,4574938,4635196,0,0,0,0,0,1000,1000,5340633
MPCTASK: EXP,1,218,10895,-17,-426,545,320,-502,-12,-644,-411,-417,-250,-1100,351,117,-429,551,-157,542,1019,0,0,1,20,20,0,0,0,0,0,0,0,5,28195,0,28560,0,0,0,0,4792968,4855237,0,0,0,0,0,1000,1000,5340633
MPCTASK: EXP,1,220,10989,28,-436,547,393,-320,19,-809,-55,-438,-121,-1104,351,118,-335,551,-152,547,1000,0,0,1,20,20,0,0,0,0,0,0,0,5,22210,0,22524,0,0,0,0,3775644,3829149,0,0,0,0,0,1000,1000,5340633
MPCTASK: EXP,1,222,11093,59,-435,551,367,-127,26,-891,361,-439,3,-1066,351,89,-254,551,-148,551,1000,0,0,1,20,20,0,0,0,0,0,0,0,5,26512,0,26691,0,0,0,0,4507044,4537649,0,0,0,0,0,1000,1000,5340633
MPCTASK: EXP,1,224,11190,92,-411,551,296,83,0,-884,629,-414,109,-986,351,77,-183,551,-148,551,1000,0,0,1,20,20,0,0,0,0,0,0,0,5,23525,0,23715,0,0,0,0,3999092,4031497,0,0,0,0,0,1000,1000,5340633
MPCTASK: EXP,1,226,11293,105,-375,551,170,270,-9,-737,751,-369,182,-867,351,57,-140,551,-150,549,1019,0,0,1,20,20,0,0,0,0,0,0,0,5,25862,0,26043,0,0,0,0,4396440,4427392,0,0,0,0,0,1000,1000,5340633
MPCTASK: EXP,1,228,11389,109,-313,548,37,435,-14,-443,680,-298,216,-715,351,38,-85,551,-154,545,1019,0,0,1,20,20,0,0,0,0,0,0,0,5,22897,0,23078,0,0,0,0,3892500,3923448,0,0,0,0,0,1000,1000,5340633
MPCTASK: EXP,1,230,11493,98,-248,547,-79,519,-2,-69,501,-204,209,-542,351,15,-44,551,-153,546,1019,0,0,1,20,20,0,0,0,0,0,0,0,5,26872,0,27053,0,0,0,0,4568108,4599058,0,0,0,0,0,1000,1000,5340633
MPCTASK: EXP,1,232,11590,77,-185,548,-166,529,8,237,300,-100,168,-363,352,-10,-2,552,-151,548,1000,0,0,1,20,20,0,0,0,0,0,0,0,5,24150,0,24606,0,0,0,0,4105428,4183125,0,0,0,0,0,1000,1000,5340633
MPCTASK: EXP,1,234,11693,59,-134,548,-200,471,2,448,89,-7,107,-198,352,-34,46,552,-151,548,1000,0,0,1,20,20,0,0,0,0,0,0,0,5,25830,0,26011,0,0,0,0,4391001,4421956,0,0,0,0,0,1000,1000,5340633
MPCTASK: EXP,1,236,11793,44,-87,551,-194,398,6,454,-41,52,43,-65,352,-66,130,552,-148,551,1000,0,0,1,20,20,0,0,0,0,0,0,0,5,26125,0,26304,0,0,0,0,4441033,4471641,0,0,0,0,0,1000,1000,5340633
MPCTASK: EXP,1,238,11890,27,-58,553,-180,318,0,266,-58,67,-3,18,352,-109,233,552,-146,553,1000,0,0,1,20,20,0,0,0,0,0,0,0,5,24098,0,24280,0,0,0,0,4096636,4127583,0,0,0,0,0,1000,1000,5340633
MPCTASK: EXP,1,240,11989,10,-50,553,-176,262,-6,-143,45,52,-25,53,351,-144,328,551,-148,551,1019,0,0,1,20,20,0,0,0,0,0,0,0,5,22107,0,22446,0,0,0,0,3758084,3815898,0,0,0,0,0,1000,1000,5340633
MPCTASK: EXP,1,242,12095,3,-27,549,-174,319,-11,-669,182,30,-27,56,351,-141,440,551,-152,547,1019,0,0,1,20,20,0,0,0,0,0,0,0,5,28058,0,28239,0,0,0,0,4769912,4800866,0,0,0,0,0,1000,1000,5340633
MPCTASK: EXP,1,244,12189,-9,5,555,-203,457,13,-1033,259,8,-32,64,351,-114,536,551,-144,555,1000,0,0,1,20,20,0,0,0,0,0,0,0,5,20923,0,22357,0,0,0,0,3556774,3800669,0,0,0,0,0,1000,1000,5340633
MPCTASK: EXP,1,246,12293,-22,55,560,-225,636,9,-1154,147,-11,-57,110,352,-72,628,552,-139,560,1000,0,0,1,20,20,0,0,0,0,0,0,0,5,26403,0,26584,0,0,0,0,4488554,4519475,0,0,0,0,0,1000,1000,5340633
MPCTASK: EXP,1,248,12393,-40,126,558,-225,818,-22,-1002,-104,22,-104,209,352,-19,710,552,-146,553,1019,0,0,1,20,20,0,0,0,0,0,0,0,5,25461,0,25862,0,0,0,0,4328312,4396625,0,0,0,0,0,1000,1000,5340633
MPCTASK: EXP,1,250,12493,-47,204,551,-161,946,-44,-672,-424,188,-160,354,352,50,767,552,-157,542,1019,0,0,1,20,20,0,0,0,0,0,0,0,5,24889,0,25070,0,0,0,0,4231138,4262096,0,0,0,0,0,1000,1000,5340633
MPCTASK: EXP,1,252,12590,-57,291,546,-81,1020,-41,-362,-509,440,-207,528,352,100,809,552,-161,538,1019,0,0,1,20,20,0,0,0,0,0,0,0,5,22260,0,22742,0,0,0,0,3784168,3866232,0,0,0,0,0,1000,1000,5340633
MPCTASK: EXP,1,254,12695,-61,377,543,13,1030,-3,89,-617,679,-228,709,351,149,817,551,-156,543,1019,0,0,1,20,20,0,0,0,0,0,0,0,5,27728,0,28258,0,0,0,0,4713580,4803855,0,0,0,0,0,1000,1000,5340633
MPCTASK: EXP,1,256,12791,-54,456,547,124,952,20,443,-579,813,-213,879,351,183,799,551,-152,547,1000,0,0,1,20,20,0,0,0,0,0,0,0,5,22973,0,23302,0,0,0,0,3905360,3961419,0,0,0,0,0,1000,1000,5340633
MPCTASK: EXP,1,258,12894,-36,524,555,234,831,46,734,-579,866,-159,1022,351,216,757,551,-144,555,1000,0,0,1,20,20,0,0,0,0,0,0,0,5,26086,0,26267,0,0,0,0,4434620,4465575,0,0,0,0,0,1000,1000,5340633
MPCTASK: EXP,1,260,12992,-13,591,561,343,686,22,984,-531,859,-69,1128,351,226,708,551,-138,561,1000,0,0,1,20,20,0,0,0,0,0,0,0,5,24826,0,25009,0,0,0,0,4220328,4251687,0,0,0,0,0,1000,1000,5340633
MPCTASK: EXP,1,262,13094,11,625,561,407,486,-30,1006,-222,791,43,1191,351,202,629,551,-144,555,1019,0,0,1,20,20,0,0,0,0,0,0,0,5,26078,0,26623,0,0,0,0,4433161,4525940,0,0,0,0,0,1000,1000,5340633
MPCTASK: EXP,1,264,13193,18,655,552,380,307,-85,893,98,720,166,1210,351,132,558,551,-164,535,1019,0,0,1,20,20,0,0,0,0,0,0,0,5,24725,0,24972,0,0,0,0,4203304,4245301,0,0,0,0,0,1000,1000,5340633
MPCTASK: EXP,1,266,13296,60,636,542,378,79,-85,878,241,660,283,1187,351,105,432,551,-174,525,1019,0,0,1,20,20,0,0,0,0,0,0,0,5,27842,0,28023,0,0,0,0,4732968,4763920,0,0,0,0,0,1000,1000,5340633
MPCTASK: EXP,1,268,13396,120,626,536,373,-90,-36,774,500,539,378,1125,351,77,335,551,-170,529,1019,0,0,1,20,20,0,0,0,0,0,0,0,5,27292,0,27609,0,0,0,0,4639628,4693535,0,0,0,0,0,1000,1000,5340633
MPCTASK: EXP,1,270,13495,126,586,537,221,-276,18,702,867,480,438,1029,351,-21,208,551,-162,537,1000,0,0,1,20,20,0,0,0,0,0,0,0,5,26453,0,26994,0,0,0,0,4496948,4588931,0,0,0,0,0,1000,1000,5340633
MPCTASK: EXP,1,272,13594,117,529,541,28,-447,23,650,1059,484,456,904,351,-121,75,551,-158,541,1000,0,0,1,20,20,0,0,0,0,0,0,0,5,24845,0,25379,0,0,0,0,4223584,4314553,0,0,0,0,0,1000,1000,5340633
MPCTASK: EXP,1,274,13695,90,472,546,-180,-584,-6,675,1179,492,427,756,351,-219,-46,551,-155,544,1019,0,0,1,20,20,0,0,0,0,0,0,0,5,25798,0,25977,0,0,0,0,4385628,4416233,0,0,0,0,0,1000,1000,5340633
MPCTASK: EXP,1,276,13794,37,390,545,-399,-744,-49,639,1088,602,353,590,351,-308,-185,551,-164,535,1019,0,0,1,20,20,0,0,0,0,0,0,0,5,24881,0,25062,0,0,0,0,4229716,4260663,0,0,0,0,0,1000,1000,5340633
MPCTASK: EXP,1,278,13897,-20,315,537,-562,-878,-41,749,627,781,241,411,351,-346,-315,551,-170,529,1019,0,0,1,20,20,0,0,0,0,0,0,0,5,27224,0,27736,0,0,0,0,4627957,4715155,0,0,0,0,0,1000,1000,5340633
MPCTASK: EXP,1,280,13994,-93,219,531,-630,-1022,-18,756,143,911,101,224,351,-359,-447,551,-171,528,1019,0,0,1,20,20,0,0,0,0,0,0,0,5,23479,0,23971,0,0,0,0,3991352,4075243,0,0,0,0,0,1000,1000,5340633
MPCTASK: EXP,1,282,14095,-158,119,535,-604,-1145,43,784,-253,1049,-52,35,351,-336,-568,551,-164,535,1000,0,0,1,20,20,0,0,0,0,0,0,0,5,25857,0,26038,0,0,0,0,4395648,4426600,0,0,0,0,0,1000,1000,5340633
MPCTASK: EXP,1,284,14194,-205,-12,541,-504,-1273,69,517,-484,1059,-204,-152,351,-288,-687,551,-158,541,1000,0,0,1,20,20,0,0,0,0,0,0,0,5,24865,0,25046,0,0,0,0,4227028,4257976,0,0,0,0,0,1000,1000,5340633
MPCTASK: EXP,1,286,14295,-224,-126,549,-362,-1284,73,97,-586,1026,-340,-334,351,-207,-750,551,-150,549,1000,0,0,1,20,20,0,0,0,0,0,0,0,5,25038,0,26001,0,0,0,0,4256340,4420219,0,0,0,0,0,1000,1000,5340633
MPCTASK: EXP,1,288,14395,-245,-275,557,-233,-1302,50,8,-804,1031,-445,-506,351,-127,-852,551,-142,557,1000,0,0,1,20,20,0,0,0,0,0,0,0,5,25420,0,25601,0,0,0,0,4321453,4352226,0,0,0,0,0,1000,1000,5340633
MPCTASK: EXP,1,290,14495,-242,-391,561,-69,-1241,3,-298,-831,1046,-510,-663,351,-43,-883,551,-138,561,1000,0,0,1,20,20,0,0,0,0,0,0,0,5,25915,0,26096,0,0,0,0,4405320,4436275,0,0,0,0,0,1000,1000,5340633
MPCTASK: EXP,1,292,14595,-230,-509,560,72,-1134,-10,-672,-824,992,-527,-803,351,35,-898,551,-141,558,1019,0,0,1,20,20,0,0,0,0,0,0,0,5,25905,0,26087,0,0,0,0,4403868,4434823,0,0,0,0,0,1000,1000,5340633
MPCTASK: EXP,1,294,14696,-207,-612,561,218,-969,4,-812,-944,922,-496,-921,351,114,-894,551,-138,561,1000,0,0,1,20,20,0,0,0,0,0,0,0,5,27059,0,27573,0,0,0,0,4599785,4687350,0,0,0,0,0,1000,1000,5340633
MPCTASK: EXP,1,296,14796,-165,-709,556,368,-812,-67,-1061,-910,943,-418,-1015,351,180,-869,551,-157,542,1019,0,0,1,20,20,0,0,0,0,0,0,0,5,25829,0,26009,0,0,0,0,4390880,4421649,0,0,0,0,0,1000,1000,5340633
MPCTASK: EXP,1,298,14897,-120,-772,547,482,-571,-67,-1281,-741,845,-302,-1083,351,219,-800,551,-166,533,1019,0,0,1,20,20,0,0,0,0,0,0,0,5,27002,0,27183,0,0,0,0,4590197,4621156,0,0,0,0,0,1000,1000,5340633
MPCTASK: EXP,1,300,14992,-61,-801,545,575,-296,-19,-1280,-481,602,-159,-1123,351,241,-709,551,-158,541,1019,0,0,1,20,20,0,0,0,0,0,0,0,5,23191,0,23370,0,0,0,0,3942452,3973057,0,0,0,0,0,1000,1000,5340633
MPCTASK: EXP,1,302,15096,-11,-807,538,610,-50,3,-1043,-262,253,-3,-1134,351,239,-616,551,-161,538,1000,0,0,1,20,20,0,0,0,0,0,0,0,5,25503,0,25987,0,0,0,0,4335380,4417793,0,0,0,0,0,1000,1000,5340633
MPCTASK: EXP,1,304,15195,40,-783,529,629,149,12,-697,-61,-125,150,-1116,351,221,-517,551,-170,529,1000,0,0,1,20,20,0,0,0,0,0,0,0,5,24450,0,24632,0,0,0,0,4156545,4187497,0,0,0,0,0,1000,1000,5340633
MPCTASK: EXP,1,306,15299,87,-742,533,600,290,74,-438,249,-435,287,-1069,351,178,-410,551,-166,533,1000,0,0,1,20,20,0,0,0,0,0,0,0,5,28017,0,28198,0,0,0,0,4762865,4793819,0,0,0,0,0,1000,1000,5340633
MPCTASK: EXP,1,308,15394,140,-685,543,530,399,111,-264,599,-629,392,-994,351,126,-297,551,-156,543,1000,0,0,1,20,20,0,0,0,0,0,0,0,5,23335,0,23516,0,0,0,0,3966880,3997831,0,0,0,0,0,1000,1000,5340633
MPCTASK: EXP,1,310,15498,176,-632,562,390,470,120,-229,949,-717,457,-893,351,51,-188,551,-137,562,1000,0,0,1,20,20,0,0,0,0,0,0,0,5,26484,0,27085,0,0,0,0,4502100,4604472,0,0,0,0,0,1000,1000,5340633
MPCTASK: EXP,1,312,15593,199,-568,574,209,557,63,-337,1291,-686,473,-769,351,-31,-61,551,-125,574,1000,0,0,1,20,20,0,0,0,0,0,0,0,5,22270,0,22451,0,0,0,0,3785752,3816712,0,0,0,0,0,1000,1000,5340633
MPCTASK: EXP,1,314,15699,200,-500,576,-20,665,-17,-541,1493,-577,441,-625,351,-119,72,551,-127,572,1019,0,0,1,20,20,0,0,0,0,0,0,0,5,28077,0,28258,0,0,0,0,4772977,4803932,0,0,0,0,0,1000,1000,5340633
MPCTASK: EXP,1,316,15796,177,-417,577,-275,806,-37,-651,1467,-463,363,-464,351,-200,212,551,-129,570,1019,0,0,1,20,20,0,0,0,0,0,0,0,5,25521,0,25702,0,0,0,0,4338465,4369386,0,0,0,0,0,1000,1000,5493710
MPCTASK: EXP,1,318,15898,134,-322,569,-511,953,-60,-671,1189,-357,247,-290,351,-261,351,551,-142,557,1019,0,0,1,20,20,0,0,0,0,0,0,0,5,26236,0,27022,0,0,0,0,4460164,4593860,0,0,0,0,0,1000,1000,5493710
MPCTASK: EXP,1,320,15998,67,-212,561,-697,1085,-39,-492,760,-276,103,-107,351,-303,477,551,-146,553,1019,0,0,1,20,20,0,0,0,0,0,0,0,5,25688,0,26322,0,0,0,0,4366796,4474740,0,0,0,0,0,1000,1000,5493710
MPCTASK: EXP,1,322,16099,-11,-119,557,-789,1127,1,-207,211,-213,-52,79,351,-310,556,551,-142,557,1000,0,0,1,20,20,0,0,0,0,0,0,0,5,25712,0,26626,0,0,0,0,4371009,4526545,0,0,0,0,0,1000,1000,5493710
MPCTASK: EXP,1,324,16195,-90,-17,561,-781,1127,43,-23,-310,-141,-206,265,351,-288,631,551,-138,561,1000,0,0,1,20,20,0,0,0,0,0,0,0,5,22184,0,22607,0,0,0,0,3771076,3843193,0,0,0,0,0,1000,1000,5493710
MPCTASK: EXP,1,326,16298,-136,82,567,-655,1103,33,28,-660,23,-342,446,351,-217,697,551,-132,567,1000,0,0,1,20,20,0,0,0,0,0,0,0,5,24427,0,25117,0,0,0,0,4152521,4270078,0,0,0,0,0,1000,1000,5493710
MPCTASK: EXP,1,328,16398,-167,198,575,-489,1103,15,129,-844,238,-448,617,351,-139,765,551,-124,575,1000,0,0,1,20,20,0,0,0,0,0,0,0,5,25082,0,25883,0,0,0,0,4263828,4400137,0,0,0,0,0,1000,1000,5493710
MPCTASK: EXP,1,330,16498,-196,297,576,-309,1053,-17,374,-1089,370,-512,775,351,-54,795,551,-127,572,1019,0,0,1,20,20,0,0,0,0,0,0,0,5,26020,0,26199,0,0,0,0,4423304,4453909,0,0,0,0,0,1000,1000,5493710
MPCTASK: EXP,1,332,16598,-212,378,574,-111,952,-33,488,-1077,439,-529,915,351,17,803,551,-131,568,1019,0,0,1,20,20,0,0,0,0,0,0,0,5,24785,0,25716,0,0,0,0,4213292,4371664,0,0,0,0,0,1000,1000,5493710
MPCTASK: EXP,1,334,16698,-200,439,573,111,813,21,606,-1033,476,-497,1033,351,103,774,551,-126,573,1000,0,0,1,20,20,0,0,0,0,0,0,0,5,24539,0,25191,0,0,0,0,4171688,4282534,0,0,0,0,0,1000,1000,5493710
MPCTASK: EXP,1,336,16793,-199,487,578,274,655,68,841,-929,543,-419,1128,351,141,716,551,-121,578,1000,0,0,1,20,20,0,0,0,0,0,0,0,5,20222,0,20787,0,0,0,0,3437740,3533963,0,0,0,0,0,1000,1000,5493710
MPCTASK: EXP,1,338,16897,-179,515,587,399,480,73,707,-670,614,-302,1196,351,156,659,551,-112,587,1000,0,0,1,20,20,0,0,0,0,0,0,0,5,24367,0,25247,0,0,0,0,4142460,4292212,0,0,0,0,0,1000,1000,5493710
MPCTASK: EXP,1,340,16999,-171,517,595,443,295,78,794,-394,710,-159,1237,351,134,562,551,-104,595,1000,0,0,1,20,20,0,0,0,0,0,0,0,5,25241,0,26138,0,0,0,0,4290840,4443524,0,0,0,0,0,1000,1000,5493710
MPCTASK: EXP,1,342,17097,-170,500,601,452,117,22,629,-291,757,-2,1248,351,83,466,551,-98,601,1000,0,0,1,20,20,0,0,0,0,0,0,0,5,24157,0,24707,0,0,0,0,4106720,4200284,0,0,0,0,0,1000,1000,5493710
MPCTASK: EXP,1,344,17198,-153,469,601,452,-25,-38,415,-222,688,150,1230,351,51,364,551,-106,593,1019,0,0,1,20,20,0,0,0,0,0,0,0,5,25956,0,26501,0,0,0,0,4412388,4505176,0,0,0,0,0,1000,1000,5493710
MPCTASK: EXP,1,346,17296,-155,427,601,436,-151,-39,453,-331,587,287,1183,351,0,244,551,-106,593,1019,0,0,1,20,20,0,0,0,0,0,0,0,5,24095,0,24275,0,0,0,0,4096012,4126774,0,0,0,0,0,1000,1000,5493710
MPCTASK: EXP,1,348,17398,-140,379,594,448,-263,-110,327,-200,535,392,1108,351,-48,138,551,-127,572,1019,0,0,1,20,20,0,0,0,0,0,0,0,5,25561,0,25752,0,0,0,0,4345408,4377941,0,0,0,0,0,1000,1000,5493710
MPCTASK: EXP,1,350,17497,-129,322,580,404,-351,-148,153,238,601,457,1007,351,-122,34,551,-149,550,1019,0,0,1,20,20,0,0,0,0,0,0,0,5,24154,0,24724,0,0,0,0,4106180,4203197,0,0,0,0,0,1000,1000,5493710
MPCTASK: EXP,1,352,17596,-115,251,567,308,-421,-125,-148,528,808,474,883,351,-187,-66,551,-157,542,1019,0,0,1,20,20,0,0,0,0,0,0,0,5,23715,0,23985,0,0,0,0,4031480,4077648,0,0,0,0,0,1000,1000,5493710
MPCTASK: EXP,1,354,17699,-109,194,558,151,-424,-116,-360,943,1058,441,739,351,-269,-145,551,-164,535,1019,0,0,1,20,20,0,0,0,0,0,0,0,5,25629,0,26588,0,0,0,0,4356796,4520117,0,0,0,0,0,1000,1000,5493710
MPCTASK: EXP,1,356,17798,-124,145,552,-62,-412,-83,-300,961,1252,363,578,351,-334,-221,551,-164,535,1019,0,0,1,20,20,0,0,0,0,0,0,0,5,25127,0,25715,0,0,0,0,4271418,4371625,0,0,0,0,0,1000,1000,5493710
MPCTASK: EXP,1,358,17898,-167,111,540,-270,-391,-77,-205,794,1413,247,404,351,-397,-281,551,-174,525,1019,0,0,1,20,20,0,0,0,0,0,0,0,5,24458,0,25225,0,0,0,0,4157656,4288228,0,0,0,0,0,1000,1000,5493710
MPCTASK: EXP,1,360,17999,-228,85,533,-443,-408,-37,377,683,1439,103,221,351,-444,-370,551,-173,526,1019,0,0,1,20,20,0,0,0,0,0,0,0,5,27151,0,27465,0,0,0,0,4615716,4669108,0,0,0,0,0,1000,1000,5493710
MPCTASK: EXP,1,362,18096,-283,68,525,-511,-494,-62,931,286,1322,-52,34,351,-433,-449,551,-186,513,1019,0,0,1,20,20,0,0,0,0,0,0,0,5,22474,0,22671,0,0,0,0,3820633,3854151,0,0,0,0,0,1000,1000,5493710
MPCTASK: EXP,1,364,18196,-336,22,526,-490,-650,-12,1063,-187,1032,-206,-151,351,-389,-539,551,-175,524,1019,0,0,1,20,20,0,0,0,0,0,0,0,5,22596,0,23117,0,0,0,0,3841356,3929963,0,0,0,0,0,1000,1000,5493710
MPCTASK: EXP,1,366,18300,-383,-46,530,-388,-831,27,1193,-751,708,-342,-332,351,-314,-642,551,-169,530,1000,0,0,1,20,20,0,0,0,0,0,0,0,5,25874,0,26055,0,0,0,0,4398480,4429436,0,0,0,0,0,1000,1000,5493710
MPCTASK: EXP,1,368,18395,-409,-141,534,-205,-1011,12,918,-1134,361,-448,-503,351,-216,-731,551,-165,534,1000,0,0,1,20,20,0,0,0,0,0,0,0,5,21977,0,22158,0,0,0,0,3735920,3766870,0,0,0,0,0,1000,1000,5493710
MPCTASK: EXP,1,370,18498,-415,-248,534,17,-1122,2,381,-1282,-11,-512,-661,351,-115,-792,551,-165,534,1000,0,0,1,20,20,0,0,0,0,0,0,0,5,25090,0,25272,0,0,0,0,4265372,4296311,0,0,0,0,0,1000,1000,5493710
MPCTASK: EXP,1,372,18599,-399,-347,532,247,-1124,3,-147,-1258,-240,-529,-801,351,-13,-815,551,-167,532,1000,0,0,1,20,20,0,0,0,0,0,0,0,5,24592,0,25024,0,0,0,0,4180704,4254216,0,0,0,0,0,1000,1000,5493710
MPCTASK: EXP,1,374,18700,-359,-454,533,473,-1074,15,-490,-1195,-362,-497,-920,351,91,-831,551,-166,533,1000,0,0,1,20,20,0,0,0,0,0,0,0,5,25226,0,25658,0,0,0,0,4288233,4361949,0,0,0,0,0,1000,1000,5493710
MPCTASK: EXP,1,376,18798,-292,-533,535,685,-944,0,-699,-962,-397,-419,-1014,351,181,-807,551,-164,535,1000,0,0,1,20,20,0,0,0,0,0,0,0,5,23123,0,23320,0,0,0,0,3930884,3964547,0,0,0,0,0,1000,1000,5493710
MPCTASK: EXP,1,378,18904,-210,-592,527,832,-762,-51,-1021,-471,-314,-302,-1083,351,231,-736,551,-182,517,1019,0,0,1,20,20,0,0,0,0,0,0,0,5,28976,0,29566,0,0,0,0,4925840,5026348,0,0,0,0,0,1000,1000,5493710
MPCTASK: EXP,1,380,19000,-130,-627,521,878,-504,-22,-1185,-26,-288,-159,-1123,351,249,-643,551,-182,517,1019,0,0,1,20,20,0,0,0,0,0,0,0,5,24830,0,25512,0,0,0,0,4221068,4337140,0,0,0,0,0,1000,1000,5493710
MPCTASK: EXP,1,382,19100,-56,-631,520,852,-232,25,-1031,235,-370,-2,-1134,351,241,-537,551,-179,520,1000,0,0,1,20,20,0,0,0,0,0,0,0,5,23902,0,24083,0,0,0,0,4063240,4094191,0,0,0,0,0,1000,1000,5493710
MPCTASK: EXP,1,384,19198,14,-612,522,788,-4,54,-755,442,-445,150,-1116,351,215,-428,551,-177,522,1000,0,0,1,20,20,0,0,0,0,0,0,0,5,22956,0,23137,0,0,0,0,3902484,3933435,0,0,0,0,0,1000,1000,5493710
MPCTASK: EXP,1,386,19299,87,-574,529,699,171,77,-548,704,-463,287,-1069,351,177,-312,551,-170,529,1000,0,0,1,20,20,0,0,0,0,0,0,0,5,23550,0,24081,0,0,0,0,4003296,4093810,0,0,0,0,0,1000,1000,5493710
MPCTASK: EXP,1,388,19400,146,-526,540,557,314,88,-432,960,-490,392,-994,351,116,-192,551,-159,540,1000,0,0,1,20,20,0,0,0,0,0,0,0,5,24328,0,24648,0,0,0,0,4135641,4190264,0,0,0,0,0,1000,1000,5493710
MPCTASK: EXP,1,390,19501,193,-460,551,377,450,78,-398,1255,-482,457,-894,351,42,-57,551,-148,551,1000,0,0,1,20,20,0,0,0,0,0,0,0,5,24916,0,25095,0,0,0,0,4235605,4266213,0,0,0,0,0,1000,1000,5493710
MPCTASK: EXP,1,392,19602,216,-396,558,153,561,38,-410,1420,-450,474,-769,351,-39,65,551,-141,558,1000,0,0,1,20,20,0,0,0,0,0,0,0,5,26890,0,27071,0,0,0,0,4571260,4602216,0,0,0,0,0,1000,1000,5493710
MPCTASK: EXP,1,394,19701,222,-312,560,-82,686,0,-423,1459,-370,441,-625,351,-117,203,551,-139,560,1019,0,0,1,20,20,0,0,0,0,0,0,0,5,25536,0,26222,0,0,0,0,4341000,4457815,0,0,0,0,0,1000,1000,5493710
MPCTASK: EXP,1,396,19800,207,-225,559,-312,791,-26,-390,1361,-293,363,-464,351,-182,329,551,-145,554,1019,0,0,1,20,20,0,0,0,0,0,0,0,5,23897,0,24225,0,0,0,0,4062324,4118379,0,0,0,0,0,1000,1000,5493710
MPCTASK: EXP,1,398,19900,167,-137,553,-527,875,-36,-357,1103,-230,247,-290,351,-236,445,551,-154,545,1019,0,0,1,20,20,0,0,0,0,0,0,0,5,24037,0,24218,0,0,0,0,4086213,4117172,0,0,0,0,0,1000,1000,5493710
MPCTASK: EXP,1,400,20003,114,-48,552,-674,937,3,-321,699,-204,103,-107,351,-260,549,551,-147,552,1000,0,0,1,20,20,0,0,0,0,0,0,0,5,26241,0,26422,0,0,0,0,4460937,4491891,0,0,0,0,0,1000,1000,5493710
MPCTASK: EXP,1,402,20103,60,50,555,-734,993,36,-258,299,-202,-52,79,351,-251,651,551,-144,555,1000,0,0,1,20,20,0,0,0,0,0,0,0,5,26418,0,26597,0,0,0,0,4491009,4521617,0,0,0,0,0,1000,1000,5493710
MPCTASK: EXP,1,404,20203,6,140,560,-716,1013,36,-194,-86,-228,-206,265,351,-214,726,551,-139,560,1000,0,0,1,20,20,0,0,0,0,0,0,0,5,25739,0,26224,0,0,0,0,4375532,4458151,0,0,0,0,0,1000,1000,5493710
MPCTASK: EXP,1,406,20302,-47,236,569,-641,1020,44,-71,-510,-202,-342,446,351,-156,792,551,-130,569,1000,0,0,1,20,20,0,0,0,0,0,0,0,5,25750,0,25929,0,0,0,0,4377408,4408013,0,0,0,0,0,1000,1000,5493710
MPCTASK: EXP,1,408,20399,-78,320,576,-485,991,22,-19,-806,-160,-448,617,351,-73,836,551,-123,576,1000,0,0,1,20,20,0,0,0,0,0,0,0,5,22866,0,23047,0,0,0,0,3887140,3918092,0,0,0,0,0,1000,1000,5493710
MPCTASK: EXP,1,410,20503,-93,409,575,-300,966,-28,78,-935,-114,-512,775,351,14,875,551,-130,569,1019,0,0,1,20,20,0,0,0,0,0,0,0,5,26680,0,26859,0,0,0,0,4535568,4566173,0,0,0,0,0,1000,1000,5493710
MPCTASK: EXP,1,412,20603,-81,500,570,-80,932,-60,214,-965,-36,-529,914,351,113,902,551,-141,558,1019,0,0,1,20,20,0,0,0,0,0,0,0,5,25660,0,25980,0,0,0,0,4362165,4416784,0,0,0,0,0,1000,1000,5493710
MPCTASK: EXP,1,414,20704,-62,572,562,114,852,-77,361,-913,131,-497,1033,351,192,897,551,-152,547,1019,0,0,1,20,20,0,0,0,0,0,0,0,5,27797,0,27976,0,0,0,0,4725504,4756109,0,0,0,0,0,1000,1000,5493710
MPCTASK: EXP,1,416,20799,-70,670,552,210,817,-87,456,-618,355,-418,1128,351,196,917,551,-164,535,1019,0,0,1,20,20,0,0,0,0,0,0,0,5,22790,0,22971,0,0,0,0,3874136,3905084,0,0,0,0,0,1000,1000,5493710
MPCTASK: EXP,1,418,20900,-31,712,541,345,671,-79,635,-563,467,-302,1196,351,243,857,551,-174,525,1019,0,0,1,20,20,0,0,0,0,0,0,0,5,23489,0,23948,0,0,0,0,3993004,4071201,0,0,0,0,0,1000,1000,5493710
MPCTASK: EXP,1,420,20999,11,749,536,451,512,-30,761,-434,429,-159,1237,351,265,788,551,-169,530,1019,0,0,1,20,20,0,0,0,0,0,0,0,5,21890,0,22071,0,0,0,0,3721173,3752127,0,0,0,0,0,1000,1000,5493710
MPCTASK: EXP,1,422,21105,65,781,538,530,351,12,878,-238,277,-2,1248,351,272,712,551,-161,538,1000,0,0,1,20,20,0,0,0,0,0,0,0,5,28828,0,29009,0,0,0,0,4900728,4931683,0,0,0,0,0,1000,1000,5493710
MPCTASK: EXP,1,424,21200,123,802,542,565,183,29,933,-3,63,150,1230,351,258,630,551,-157,542,1000,0,0,1,20,20,0,0,0,0,0,0,0,5,23903,0,24084,0,0,0,0,4063412,4094367,0,0,0,0,0,1000,1000,5493710
MPCTASK: EXP,1,426,21304,179,790,545,536,-19,34,1006,383,-165,286,1183,351,216,510,551,-154,545,1000,0,0,1,20,20,0,0,0,0,0,0,0,5,28005,0,28564,0,0,0,0,4760676,4855844,0,0,0,0,0,1000,1000,5493710
MPCTASK: EXP,1,428,21402,221,766,552,428,-215,44,1083,688,-382,392,1109,351,150,384,551,-147,552,1000,0,0,1,20,20,0,0,0,0,0,0,0,5,24645,0,24826,0,0,0,0,4189684,4220635,0,0,0,0,0,1000,1000,5493710
MPCTASK: EXP,1,430,21503,259,716,554,282,-427,13,1157,931,-574,456,1009,351,82,238,551,-145,554,1000,0,0,1,20,20,0,0,0,0,0,0,0,5,25796,0,25975,0,0,0,0,4385140,4415745,0,0,0,0,0,1000,1000,5493710
MPCTASK: EXP,1,432,21599,267,665,558,74,-602,0,1098,1117,-678,472,885,351,-9,112,551,-141,558,1019,0,0,1,20,20,0,0,0,0,0,0,0,5,22136,0,22318,0,0,0,0,3763172,3794128,0,0,0,0,0,1000,1000,5493710
MPCTASK: EXP,1,434,21702,249,585,557,-162,-777,-24,995,1170,-734,440,741,351,-100,-29,551,-147,552,1019,0,0,1,20,20,0,0,0,0,0,0,0,5,25052,0,25345,0,0,0,0,4258796,4308749,0,0,0,0,0,1000,1000,5493710
MPCTASK: EXP,1,436,21803,213,510,556,-389,-896,-15,787,1075,-733,361,580,351,-179,-142,551,-146,553,1019,0,0,1,20,20,0,0,0,0,0,0,0,5,23828,0,24009,0,0,0,0,4050604,4081555,0,0,0,0,0,1000,1000,5493710
MPCTASK: EXP,1,438,21905,155,411,554,-590,-998,-8,500,855,-703,245,406,351,-243,-258,551,-146,553,1019,0,0,1,20,20,0,0,0,0,0,0,0,5,26270,0,27020,0,0,0,0,4465732,4593620,0,0,0,0,0,1000,1000,5493710
MPCTASK: EXP,1,440,22004,95,333,552,-709,-1008,5,192,511,-656,102,222,351,-267,-326,551,-147,552,1000,0,0,1,20,20,0,0,0,0,0,0,0,5,26086,0,26267,0,0,0,0,4434550,4465511,0,0,0,0,0,1000,1000,5493710
MPCTASK: EXP,1,442,22104,20,240,557,-772,-1005,38,41,164,-628,-51,34,351,-276,-403,551,-142,557,1000,0,0,1,20,20,0,0,0,0,0,0,0,5,25750,0,26435,0,0,0,0,4377460,4493970,0,0,0,0,0,1000,1000,5493710
MPCTASK: EXP,1,444,22209,-40,171,566,-741,-956,60,7,-239,-555,-203,-154,351,-244,-448,551,-133,566,1000,0,0,1,20,20,0,0,0,0,0,0,0,5,29846,0,30027,0,0,0,0,5073768,5104724,0,0,0,0,0,1000,1000,5493710
MPCTASK: EXP,1,446,22303,-102,104,576,-658,-928,64,244,-595,-404,-336,-338,351,-202,-502,551,-123,576,1000,0,0,1,20,20,0,0,0,0,0,0,0,5,24867,0,25048,0,0,0,0,4227296,4258252,0,0,0,0,0,1000,1000,5493710
MPCTASK: EXP,1,448,22404,-142,36,585,-512,-950,40,500,-892,-253,-438,-514,351,-138,-551,551,-114,585,1000,0,0,1,20,20,0,0,0,0,0,0,0,5,25349,0,25530,0,0,0,0,4309256,4340190,0,0,0,0,0,1000,1000,5493710
MPCTASK: EXP,1,450,22504,-173,-53,588,-339,-1022,-27,489,-1053,-173,-499,-676,351,-78,-600,551,-117,582,1019,0,0,1,20,20,0,0,0,0,0,0,0,5,24929,0,25284,0,0,0,0,4237844,4298317,0,0,0,0,0,1000,1000,5493710
MPCTASK: EXP,1,452,22606,-182,-147,579,-139,-1070,-112,218,-1136,-118,-513,-820,351,-16,-617,551,-142,557,1019,0,0,1,20,20,0,0,0,0,0,0,0,5,26873,0,27054,0,0,0,0,4568349,4599300,0,0,0,0,0,1000,1000,5493710
MPCTASK: EXP,1,454,22705,-178,-250,564,62,-1070,-144,-213,-1075,-110,-480,-939,351,33,-611,551,-164,535,1019,0,0,1,20,20,0,0,0,0,0,0,0,5,26500,0,27037,0,0,0,0,4505052,4596496,0,0,0,0,0,1000,1000,5493710
MPCTASK: EXP,1,456,22806,-153,-335,550,264,-967,-101,-644,-921,-220,-405,-1030,351,76,-563,551,-169,530,1019,0,0,1,20,20,0,0,0,0,0,0,0,5,27818,0,27999,0,0,0,0,4728872,4759854,0,0,0,0,0,1000,1000,5493710
MPCTASK: EXP,1,458,22905,-94,-410,540,455,-798,-56,-970,-561,-404,-298,-1088,351,119,-496,551,-171,528,1019,0,0,1,20,20,0,0,0,0,0,0,0,5,25931,0,26255,0,0,0,0,4408278,4463440,0,0,0,0,0,1000,1000,5493710
MPCTASK: EXP,1,460,23004,-42,-454,537,536,-563,-3,-1181,-63,-536,-173,-1108,351,117,-403,551,-162,537,1019,0,0,1,20,20,0,0,0,0,0,0,0,5,25134,0,25315,0,0,0,0,4272712,4303663,0,0,0,0,0,1000,1000,5493710
MPCTASK: EXP,1,462,23103,13,-480,537,534,-308,5,-1322,458,-600,-44,-1086,351,101,-312,551,-162,537,1000,0,0,1,20,20,0,0,0,0,0,0,0,5,24901,0,25098,0,0,0,0,4233196,4266855,0,0,0,0,0,1000,1000,5493710
MPCTASK: EXP,1,464,23208,55,-485,540,437,-38,18,-1303,817,-631,70,-1023,351,83,-251,551,-159,540,1000,0,0,1,20,20,0,0,0,0,0,0,0,5,29421,0,29998,0,0,0,0,5001544,5099779,0,0,0,0,0,1000,1000,5493710
MPCTASK: EXP,1,466,23305,89,-455,545,297,229,23,-1125,1014,-618,157,-919,351,55,-164,551,-154,545,1000,0,0,1,20,20,0,0,0,0,0,0,0,5,25899,0,26220,0,0,0,0,4402780,4457488,0,0,0,0,0,1000,1000,5493710
MPCTASK: EXP,1,468,23406,106,-407,547,131,447,24,-832,1017,-563,207,-779,351,29,-100,551,-152,547,1000,0,0,1,20,20,0,0,0,0,0,0,0,5,27797,0,27977,0,0,0,0,4725348,4756167,0,0,0,0,0,1000,1000,5493710
MPCTASK: EXP,1,470,23506,112,-340,547,-20,604,0,-487,882,-445,216,-613,351,15,-50,551,-152,547,1019,0,0,1,20,20,0,0,0,0,0,0,0,5,27719,0,27897,0,0,0,0,4712132,4742545,0,0,0,0,0,1000,1000,5493710
MPCTASK: EXP,1,472,23603,97,-274,547,-161,670,3,-95,638,-292,188,-434,352,-1,-28,552,-152,547,1000,0,0,1,20,20,0,0,0,0,0,0,0,5,24623,0,24802,0,0,0,0,4185969,4216484,0,0,0,0,0,1000,1000,5493710
MPCTASK: EXP,1,474,23703,66,-208,544,-261,659,0,277,294,-129,133,-261,352,-20,-10,552,-155,544,1000,0,0,1,20,20,0,0,0,0,0,0,0,5,23967,0,24286,0,0,0,0,4074292,4128574,0,0,0,0,0,1000,1000,5493710
MPCTASK: EXP,1,476,23805,39,-152,546,-285,576,12,557,-30,19,68,-113,352,-34,5,552,-153,546,1000,0,0,1,20,20,0,0,0,0,0,0,0,5,26649,0,26828,0,0,0,0,4530300,4560876,0,0,0,0,0,1000,1000,5493710
MPCTASK: EXP,1,478,23903,11,-109,553,-260,457,28,663,-239,131,12,-8,352,-52,24,552,-146,553,1000,0,0,1,20,20,0,0,0,0,0,0,0,5,24826,0,25021,0,0,0,0,4220352,4253697,0,0,0,0,0,1000,1000,5493710
MPCTASK: EXP,1,480,24006,-8,-81,555,-205,329,-5,598,-315,173,-19,44,351,-61,30,551,-146,553,1019,0,0,1,20,20,0,0,0,0,0,0,0,5,27945,0,28437,0,0,0,0,4750424,4834340,0,0,0,0,0,1000,1000,5493710
MPCTASK: EXP,1,482,24104,-22,-65,550,-142,224,-35,405,-296,154,-27,56,351,-44,5,551,-156,543,1019,0,0,1,20,20,0,0,0,0,0,0,0,5,24586,0,25067,0,0,0,0,4179596,4261532,0,0,0,0,0,1000,1000,5493710
MPCTASK: TRAJ DONE: idx=482, max=482; requesting landing
MPCTASK: LANDING: start z=0.54, hold=(-0.02,-0.06)
MPCTASK: TIMING SUMMARY: max_step_cycles=5493710 deadline_cycles=8400000 overruns=0
MPCTASK: LANDING COMPLETE: t=30180 ms, x=-0.002, y=-0.076, z=0.012, vz=-0.060; motors off
