SYS: Crazyflie 2.1 Brushless is up and running!
SYS: Build 2:de14ff9f08ae (2025.09.1 +2) MODIFIED
SYS: I am 0x373930393434471500370039 and I have 1024KB of flash!
CFGBLK: v1, verification [OK]
DECK_DISCOVERY: Backend found: onewire
DECK_DISCOVERY: Backend found: deckctrl
DECK_CORE: 1 deck(s) found
DECK_CORE: Calling INIT on driver bcFlow2 for deck 0
ZR2: Z-down sensor [OK]
PMW: Motion chip id: 0x49:0xB6
IMU: BMI088: Using I2C interface.
IMU: BMI088 Gyro connection [OK].
IMU: BMI088 Accel connection [OK]
IMU: BMP390 I2C connection [OK]
ESTIMATOR: Using Kalman (2) estimator
CONTROLLER: Using PID (1) controller
MTR-DRV: Using brushless motor driver
SYS: About to run tests in system.c.
SYS: NRF51 version: 2026.04 (C21B)
EEPROM: I2C connection [OK].
STORAGE: Storage check [OK].
IMU: BMI088 gyro self-test [OK]
DECK_CORE: Deck 0 test [OK].
SYS: Self test passed!
STAB: Wait for sensor calibration...
SYS: Free heap: 15048 bytes
MPCTASK: Waiting for activation ...
STAB: Starting stabilizer loop
STAB: WARNING: stabilizer loop rate is off (1004)
SUP: Ready to fly
MPCTASK: Benchmark mode 2, maneuver 4, max_iter 5, task_pri 0
MPCTASK: Reference altitude: 0.70 m; barrier skip when z>0.75 and vz>-0.20
MPCTASK: OOT takeoff: GATED cfclient trigger>=0.15m ramp=0.15m/s settle=+/-0.05m,vz<0.10m/s,1000ms timeout=12000ms
MPCTASK: Common baseline: mpc_hz=20 model_hz=20 rho=5 base_w=0 base_qz=1 Qz=100 R=4 bridge=x10 guards=z[ref,ref+0.20] xy=free cap=0.05
MPCTASK: MPC->PID: xyz=x10, z_guard=[ref,ref+0.20], yaw=raw_rz, output_hold=200ms, safety_hold=500ms
MPCTASK: Reference origin: xy=post_takeoff_settle z=0.70 m
MPCTASK: Fixed baseline: w=0 qz=1 adaptive_cache=off
MPCTASK: LIMO posthoc: infeasible=nominal_fallback
MPCTASK: EXP every=2: m,s,tms,p3[mm],v3[mmps],att3[cdeg],ref3[mm],cmd3[mm],h/raw/grad/mar/thr[milli],act/ac/bind,wi/qi/cache/noa,pa/pf/du[milli],it,mpc/eval/total[us],bar/tanh/rl/cache/solve/step[cycles],overruns,post_active/post_infeasible_totals,wreq/w/qzreq/qz[milli],max_step_cycles
MPCTASK: Figure8: source=traj_fig8_12.h source_hz=100 samples=1205 laps=2 duration=24.07 s origin=post_takeoff_settle z_offset=0.09 m
CONTROLLER: Using OutOfTree (6) controller
MPCTASK: Trajectory origin: x=-0.01 y=-0.13
MPCTASK: OOT activated at z=0.01
MPCTASK: TAKEOFF START: trigger_z=0.15 start_z=0.01 target=0.70 hold=(-0.0,-0.12) ramp=0.15m/s
MPCTASK: OOT loop 1 done
MPCTASK: MPC task loop 1MPCTASK: OOT loop 2 done

MPCTASK: x0: pos=(-0.0,-0.12,0.01) vel=(-0.0,0.02,-0.0)
MPCTASK: OOT loop 3 done
MPCTASK: ref: (-0.0,-0.12,0.01)
MPCTASK: MPC solve start
MPCTASK: MPC solve done, iter=5
MPCTASK: MPC time=24110 us
MPCTASK: MPC stack free=1059 words
MPCTASK: setpoint: x=-0.0 y=-0.12 z=0.07 preview_z=0.07
MPCTASK: MPC task loop 2
MPCTASK: MPC task loop 3
MPCTASK: TAKEOFF SETTLING: z=0.72 vz=0.09; hold for 1000ms
MPCTASK: TAKEOFF SETTLING: z=0.74 vz=-0.06; hold for 1000ms
MPCTASK: TAKEOFF SETTLING: z=0.74 vz=-0.07; hold for 1000ms
MPCTASK: TAKEOFF SETTLING: z=0.74 vz=0.03; hold for 1000ms
MPCTASK: TAKEOFF SETTLING: z=0.74 vz=-0.03; hold for 1000ms
MPCTASK: TAKEOFF COMPLETE: t=9946ms z=0.73 vz=-0.0; trajectory queued origin=(-0.04,-0.11)
MPCTASK: TRAJ START: z=0.73 origin=(-0.04,-0.11) EXP clock reset; Z metric begins at t+3s
MPCTASK: EXP,2,2,84,-26,-105,732,158,20,-9,266,161,-327,-44,-109,700,-57,204,700,30,186,372,69,69,1,1,0,0,0,0,0,1,1,0,5,24309,9380,33762,1594486,0,0,0,4132504,5739615,0,2,2,0,0,1000,1000,6171104
MPCTASK: EXP,2,4,187,-12,-116,729,122,-2,-16,-482,253,-267,-55,-90,700,-19,258,780,25,342,512,69,69,1,1,0,0,0,0,0,1,0,459,5,24224,10716,36726,1821722,0,0,0,4118056,6243426,0,4,3,0,0,1000,1000,6243426
MPCTASK: EXP,2,6,286,-2,-123,730,59,142,11,-1331,501,-152,-90,-23,700,11,340,812,30,-95,445,69,69,1,1,0,0,0,0,0,1,0,617,5,24917,9455,35191,1607264,0,0,0,4235744,5982651,0,6,3,0,0,1000,1000,6243426
MPCTASK: EXP,2,8,388,-15,-94,745,-33,427,131,-1546,279,-162,-143,95,700,40,434,751,45,-84,442,69,69,1,1,0,0,0,0,0,1,0,269,5,22372,13677,38016,2325113,0,0,0,3803048,6462781,0,8,3,0,0,1000,1000,6462781
MPCTASK: EXP,2,10,486,-35,-37,755,-72,676,110,-1390,-36,-168,-197,254,700,73,512,700,55,-124,381,69,69,0,0,0,0,0,0,0,0,0,0,5,23826,9982,33884,1696907,0,0,0,4050308,5760273,0,8,3,0,0,1000,1000,6462781
MPCTASK: EXP,2,12,586,-59,55,755,-53,901,-32,-980,-440,-133,-236,434,700,112,587,700,48,21,361,69,69,0,0,0,0,0,0,0,0,0,0,5,22964,10337,33369,1757194,0,0,0,3903728,5672802,0,8,3,0,0,1000,1000,6462781
MPCTASK: EXP,2,14,684,-65,166,743,38,1048,-102,-441,-708,-75,-243,613,700,157,639,700,23,80,375,69,69,1,1,0,0,0,0,0,1,1,0,5,22028,9756,31857,1658443,0,0,0,3744752,5415786,0,9,4,0,0,1000,1000,6462781
MPCTASK: EXP,2,16,788,-50,283,735,184,1092,-65,141,-855,0,-212,773,700,209,663,700,22,-17,348,69,69,1,1,0,0,0,0,0,1,1,0,5,24324,11336,35731,1926929,0,0,0,4135008,6074378,0,11,6,0,0,1000,1000,6462781
MPCTASK: EXP,2,18,884,-35,390,735,306,1045,-18,619,-778,45,-143,902,699,227,656,699,32,-25,304,69,69,1,1,0,0,0,0,0,1,1,0,5,22600,9484,32158,1612257,0,0,0,3841860,5466870,0,13,8,0,0,1000,1000,6462781
MPCTASK: EXP,2,20,987,0,471,740,425,877,-2,1058,-613,83,-43,991,699,240,600,699,39,-73,331,69,69,1,1,0,0,0,0,0,1,1,0,5,24840,9962,34874,1693523,0,0,0,4222684,5928642,0,15,10,0,0,1000,1000,6462781
MPCTASK: EXP,2,22,1084,42,521,739,498,644,-44,1249,-289,81,75,1037,699,226,514,788,30,-112,437,69,69,1,1,0,0,0,0,0,1,0,492,5,20957,9936,31713,1688939,0,0,0,3562596,5391184,0,17,10,0,0,1000,1000,6462781
MPCTASK: EXP,2,24,1190,127,578,737,567,411,18,1351,83,27,198,1039,699,233,435,785,37,-130,423,69,69,1,1,0,0,0,0,0,1,0,467,5,25331,11024,37711,1873961,0,0,0,4306328,6410931,0,19,10,0,0,1000,1000,6462781
MPCTASK: EXP,2,26,1287,133,573,746,434,68,100,1415,542,-5,308,999,699,127,288,762,46,23,426,69,69,1,1,0,0,0,0,0,1,0,327,5,22818,10168,34517,1728422,0,0,0,3879028,5867879,0,21,10,0,0,1000,1000,6462781
MPCTASK: EXP,2,28,1385,175,560,751,352,-159,81,1299,649,-50,390,923,700,79,171,700,51,-9,374,69,69,0,0,0,0,0,0,0,0,0,0,5,20877,11893,32838,2021596,0,0,0,3549037,5582514,0,22,10,0,0,1000,1000,6462781
MPCTASK: EXP,2,30,1487,209,516,757,226,-398,31,1238,951,-164,435,815,700,12,33,700,57,-51,346,69,69,0,0,0,0,0,0,0,0,0,0,5,24136,10380,34586,1764578,0,0,0,4103176,5879630,0,22,10,0,0,1000,1000,6462781
MPCTASK: EXP,2,32,1588,173,494,756,-10,-550,-61,1008,1237,-140,434,680,700,-117,-54,700,43,39,495,69,69,0,0,0,0,0,0,0,0,0,0,5,25515,9837,35420,1672200,0,0,0,4337452,6021538,0,22,10,0,0,1000,1000,6462781
MPCTASK: EXP,2,34,1687,168,405,747,-216,-740,-97,978,1160,-167,386,525,700,-178,-211,757,28,-7,506,69,69,1,1,0,0,0,0,0,1,0,332,5,22890,10179,34777,1730386,0,0,0,3891168,5912267,0,23,10,0,0,1000,1000,6462781
MPCTASK: EXP,2,36,1787,169,313,739,-368,-907,-75,836,930,-196,296,353,700,-11,-159,871,24,13,373,69,69,1,1,0,0,0,0,0,1,0,915,5,23505,9445,34575,1605687,0,0,0,3995780,5877847,0,25,10,0,0,1000,1000,6462781
MPCTASK: EXP,2,38,1888,127,197,732,-556,-1061,71,381,636,-192,171,170,700,-231,-463,727,32,377,633,69,69,1,1,0,0,0,0,0,1,0,177,5,21791,11087,35873,1884761,0,0,0,3704396,6098543,0,27,11,0,0,1000,1000,6462781
MPCTASK: EXP,2,40,1988,62,100,739,-640,-1093,106,108,306,-177,23,-17,700,-258,-559,700,39,83,248,69,69,1,1,0,0,0,0,0,1,1,0,5,24496,11222,35791,1907683,0,0,0,4164144,6084621,0,29,13,0,0,1000,1000,6462781
MPCTASK: EXP,2,42,2087,-6,-7,747,-678,-1097,41,-31,107,-155,-131,-207,700,-260,-646,700,47,50,198,69,69,1,1,0,0,0,0,0,1,1,0,5,23794,10328,34471,1755672,0,0,0,4044889,5860248,0,31,15,0,0,1000,1000,6462781
MPCTASK: EXP,2,44,2184,-69,-106,759,-669,-1064,30,-127,-188,-140,-278,-393,700,-235,-713,700,59,57,205,69,69,0,0,0,0,0,0,0,0,0,0,5,21454,10077,31601,1713012,0,0,0,3647121,5372342,0,31,15,0,0,1000,1000,6462781
MPCTASK: EXP,2,46,2287,-129,-191,764,-610,-1017,-13,-89,-497,-113,-403,-571,700,-193,-765,700,61,1,224,69,69,0,0,0,0,0,0,0,0,0,0,5,23102,11896,35067,2022288,0,0,0,3927348,5961530,0,31,15,0,0,1000,1000,6462781
MPCTASK: EXP,2,48,2387,-171,-270,766,-489,-978,-55,9,-842,-115,-493,-738,700,-124,-809,700,55,-10,293,69,69,0,0,0,0,0,0,0,0,0,0,5,25038,9616,34962,1634613,0,0,0,4256424,5943597,0,31,15,0,0,1000,1000,6462781
MPCTASK: EXP,2,50,2485,-195,-353,764,-308,-962,-79,43,-1116,-140,-539,-889,700,-39,-849,700,48,94,529,69,69,0,0,0,0,0,0,0,0,0,0,5,22878,9534,32481,1620738,0,0,0,3889165,5521974,0,31,15,0,0,1000,1000,6462781
MPCTASK: EXP,2,52,2587,-200,-430,753,-89,-939,-119,-65,-1194,-148,-537,-1020,700,42,-866,700,29,128,826,69,69,0,0,0,0,0,0,0,0,0,0,5,25431,9133,35161,1552496,0,0,0,4323196,5977349,0,31,15,0,0,1000,1000,6462781
MPCTASK: EXP,2,54,2689,-197,-503,738,120,-894,-132,-208,-1178,-180,-486,-1129,700,110,-868,726,12,105,880,69,69,1,1,0,0,0,0,0,1,0,199,5,24413,10597,36733,1801562,0,0,0,4150141,6244721,0,33,15,0,0,1000,1000,6462781
MPCTASK: EXP,2,56,2788,-165,-565,722,347,-817,-92,-326,-1062,-258,-392,-1213,700,181,-848,774,4,75,583,69,69,1,1,0,0,0,0,0,1,0,452,5,22341,11076,35172,1882967,0,0,0,3797828,5979463,0,35,15,0,0,1000,1000,6462781
MPCTASK: EXP,2,58,2886,-118,-614,716,541,-714,9,-419,-820,-364,-263,-1270,700,232,-808,700,16,57,350,69,69,1,1,0,0,0,0,0,1,1,0,5,23528,9670,33274,1643837,0,0,0,3999604,5656768,0,37,17,0,0,1000,1000,6462781
MPCTASK: EXP,2,60,2990,-67,-660,718,658,-608,43,-510,-493,-464,-113,-1298,700,244,-760,700,18,-35,237,69,69,1,1,0,0,0,0,0,1,1,0,5,25885,11567,38051,1966320,0,0,0,4400296,6468880,0,39,19,0,0,1000,1000,6468880
MPCTASK: EXP,2,62,3087,-10,-691,722,700,-479,26,-669,-47,-519,43,-1297,700,226,-688,700,22,-47,267,69,69,1,1,0,0,0,0,0,1,1,0,5,22188,12353,34614,2099926,0,0,0,3771921,5884306,0,41,21,0,0,1000,1000,6527070
MPCTASK: EXP,2,64,3186,56,-718,728,682,-335,18,-782,396,-508,191,-1267,700,194,-609,700,28,-48,282,69,69,1,1,0,0,0,0,0,1,1,0,5,22305,11120,33499,1890267,0,0,0,3791892,5694877,0,43,23,0,0,1000,1000,6527070
MPCTASK: EXP,2,66,3286,116,-727,733,591,-162,-1,-891,788,-452,317,-1209,700,139,-510,700,32,-44,307,69,69,1,1,0,0,0,0,0,1,1,0,5,23359,10125,33566,1721267,0,0,0,3970885,5706420,0,45,25,0,0,1000,1000,6527070
MPCTASK: EXP,2,68,3386,148,-718,743,423,23,1,-985,1101,-358,407,-1124,700,53,-398,823,43,81,383,69,69,1,1,0,0,0,0,0,1,0,653,5,21539,10604,34460,1802627,0,0,0,3661592,5858388,0,47,26,0,0,1000,1000,6527070
MPCTASK: EXP,2,70,3491,176,-689,741,226,235,-35,-1068,1272,-232,453,-1014,700,-25,-267,754,33,184,581,69,69,1,1,0,0,0,0,0,1,0,317,5,22764,11766,37307,2000161,0,0,0,3869772,6342204,0,49,26,0,0,1000,1000,6527070
MPCTASK: EXP,2,72,3587,165,-648,734,-35,462,5,-1018,1246,-153,450,-881,700,-125,-136,802,34,27,420,69,69,1,1,0,0,0,0,0,1,0,560,5,22139,10266,33637,1745093,0,0,0,3763560,5718527,0,51,26,0,0,1000,1000,6527070
MPCTASK: EXP,2,74,3688,142,-587,731,-264,663,45,-956,1110,-83,399,-729,700,-93,-156,899,31,167,446,69,69,1,1,0,0,0,0,0,1,0,1049,5,22322,8847,33186,1503782,0,0,0,3794781,5641651,0,53,26,0,0,1000,1000,6527070
MPCTASK: EXP,2,76,3788,85,-513,743,-491,856,193,-852,885,-61,304,-563,700,-286,127,766,43,130,386,69,69,1,1,0,0,0,0,0,1,0,332,5,22895,9541,33191,1621997,0,0,0,3892228,5642674,0,55,26,0,0,1000,1000,6527070
MPCTASK: EXP,2,78,3887,25,-422,770,-620,982,300,-451,366,-73,175,-385,700,-316,236,710,70,76,316,69,69,0,0,0,0,0,0,0,0,0,0,5,23418,9633,33120,1637644,0,0,0,3980876,5630419,0,55,26,0,0,1000,1000,6527070
MPCTASK: EXP,2,80,3992,-37,-327,792,-654,1027,88,-412,196,-4,25,-200,700,-328,340,709,92,182,288,69,69,0,0,0,0,0,0,0,0,0,0,5,26009,10971,37048,1864956,0,0,0,4421428,6298286,0,55,26,0,0,1000,1000,6527070
MPCTASK: EXP,2,82,4087,-96,-230,794,-656,1055,-99,-345,19,100,-131,-13,700,-315,427,703,74,101,248,69,69,0,0,0,0,0,0,0,0,0,0,5,20654,10647,31371,1809908,0,0,0,3511164,5333141,0,55,26,0,0,1000,1000,6527070
MPCTASK: EXP,2,84,4197,-166,-139,784,-644,1078,-143,-181,-303,158,-280,171,700,-290,496,700,55,5,227,69,69,0,0,0,0,0,0,0,0,0,0,5,28155,12904,41247,2193641,0,0,0,4786321,7012146,0,55,26,0,0,1000,1000,7012146
MPCTASK: EXP,2,86,4287,-212,-58,774,-541,1059,-136,-49,-720,226,-405,348,700,-221,542,700,47,15,326,69,69,0,0,0,0,0,0,0,0,0,0,5,21452,10070,31591,1711703,0,0,0,3646769,5370527,0,55,26,0,0,1000,1000,7012146
MPCTASK: EXP,2,88,4389,-244,15,769,-403,1036,-123,-36,-981,282,-495,515,700,-147,583,700,44,95,550,69,69,0,0,0,0,0,0,0,0,0,0,5,23405,10829,34302,1840934,0,0,0,3978692,5831521,0,55,26,0,0,1000,1000,7012146
MPCTASK: EXP,2,90,4490,-255,106,756,-173,1017,-139,-3,-1165,300,-541,666,700,-45,623,700,28,112,871,69,69,0,0,0,0,0,0,0,0,0,0,5,23752,9866,34068,1677137,0,0,0,4037621,5791574,0,55,26,0,0,1000,1000,7012146
MPCTASK: EXP,2,92,4590,-253,182,740,45,982,-140,109,-1177,283,-538,798,700,39,637,722,12,129,974,69,69,1,1,0,0,0,0,0,1,0,175,5,21283,12191,34677,2072471,0,0,0,3617968,5895215,0,57,26,0,0,1000,1000,7012146
MPCTASK: EXP,2,94,4690,-219,245,723,284,917,-113,213,-1132,272,-487,907,700,136,628,747,1,81,729,69,69,1,1,0,0,0,0,0,1,0,317,5,23601,10176,34829,1729855,0,0,0,4012050,5921111,0,59,26,0,0,1000,1000,7012146
MPCTASK: EXP,2,96,4789,-181,302,711,475,841,-64,336,-971,255,-392,992,700,198,604,700,-1,29,446,69,69,1,1,0,0,0,0,0,1,1,0,5,23406,9602,33219,1632240,0,0,0,3979024,5647321,0,61,27,0,0,1000,1000,7012146
MPCTASK: EXP,2,98,4886,-124,345,707,645,715,38,503,-692,232,-264,1049,700,246,548,700,7,-32,281,69,69,1,1,0,0,0,0,0,1,1,0,5,20943,9280,30298,1577404,0,0,0,3560365,5150632,0,63,29,0,0,1000,1000,7012146
MPCTASK: EXP,2,100,4989,1,372,711,812,569,20,611,-243,184,-113,1078,700,316,475,700,11,103,369,69,69,1,1,0,0,0,0,0,1,1,0,5,22986,10445,33505,1775570,0,0,0,3907692,5695877,0,65,31,0,0,1000,1000,7012146
MPCTASK: EXP,2,102,5090,92,404,714,823,438,0,636,313,124,43,1077,700,310,411,700,13,-46,278,69,69,1,1,0,0,0,0,0,1,1,0,5,22209,12193,35054,2072786,0,0,0,3775441,5959345,0,67,33,0,0,1000,1000,7012146
MPCTASK: EXP,2,104,5191,165,427,723,731,300,21,776,691,58,191,1047,700,268,331,700,23,2,295,69,69,1,1,0,0,0,0,0,1,1,0,5,24205,10911,35189,1854709,0,0,0,4114748,5982297,0,69,35,0,0,1000,1000,7012146
MPCTASK: EXP,2,106,5294,271,425,728,650,131,-6,868,998,-12,317,989,700,254,228,700,27,12,354,69,69,1,1,0,0,0,0,0,1,1,0,5,28127,10035,38660,1705924,0,0,0,4781568,6572268,0,71,37,0,0,1000,1000,7012146
MPCTASK: EXP,2,108,5393,271,403,728,380,-62,-48,940,1408,-22,407,904,700,110,107,755,19,-29,584,69,69,1,1,0,0,0,0,0,1,0,343,5,23370,13121,37569,2230562,0,0,0,3972848,6386838,0,73,38,0,0,1000,1000,7012146
MPCTASK: EXP,2,110,5490,256,374,719,78,-244,-81,860,1430,15,453,793,700,-16,-9,734,3,108,869,69,69,1,1,0,0,0,0,0,1,0,252,5,23556,9127,34950,1551510,0,0,0,4004476,5941569,0,75,38,0,0,1000,1000,7012146
MPCTASK: EXP,2,112,5592,207,345,710,-238,-415,-30,838,1236,63,450,661,700,-148,-120,829,4,-16,481,69,69,1,1,0,0,0,0,0,1,0,737,5,23592,10608,36301,1803302,0,0,0,4010568,6171253,0,77,38,0,0,1000,1000,7012146
MPCTASK: EXP,2,114,5690,146,293,703,-486,-597,47,857,944,78,399,509,700,-250,-247,700,3,-56,324,69,69,1,1,0,0,0,0,0,1,1,0,5,22778,11312,35019,1922887,0,0,0,3872316,5953234,0,79,40,0,0,1000,1000,7012146
MPCTASK: EXP,2,116,5788,91,177,709,-629,-817,73,827,567,28,304,342,700,-300,-423,700,9,-57,293,69,69,1,1,0,0,0,0,0,1,1,0,5,21858,10465,32657,1778995,0,0,0,3715867,5551773,0,81,42,0,0,1000,1000,7012146
MPCTASK: EXP,2,118,5889,37,106,712,-680,-909,11,544,326,49,175,164,700,-322,-511,700,12,97,330,69,69,1,1,0,0,0,0,0,1,1,0,5,23544,10003,33627,1700422,0,0,0,4002413,5716696,0,83,44,0,0,1000,1000,7012146
MPCTASK: EXP,2,120,5990,-19,4,715,-709,-992,15,395,169,55,25,-20,700,-326,-621,700,15,48,270,69,69,1,1,0,0,0,0,0,1,1,0,5,22900,10157,33130,1726553,0,0,0,3892980,5632153,0,85,46,0,0,1000,1000,7012146
MPCTASK: EXP,2,122,6090,-85,-47,722,-705,-981,31,257,-104,81,-131,-207,700,-312,-665,700,22,64,253,69,69,1,1,0,0,0,0,0,1,1,0,5,21970,11137,33179,1893289,0,0,0,3734801,5640554,0,87,48,0,0,1000,1000,7012146
MPCTASK: EXP,2,124,6194,-147,-126,727,-656,-992,13,243,-396,74,-280,-391,700,-277,-731,700,27,63,268,69,69,1,1,0,0,0,0,0,1,1,0,5,27848,9939,38100,1689622,0,0,0,4734124,6477084,0,89,50,0,0,1000,1000,7012146
MPCTASK: EXP,2,126,6289,-190,-206,731,-545,-996,-7,202,-668,52,-405,-569,700,-212,-787,700,30,120,348,69,69,1,1,0,0,0,0,0,1,1,0,5,23371,9405,32856,1598847,0,0,0,3972909,5585500,0,91,52,0,0,1000,1000,7012146
MPCTASK: EXP,2,128,6389,-217,-280,732,-389,-985,-30,181,-884,12,-495,-735,700,-130,-827,700,26,135,419,69,69,1,1,0,0,0,0,0,1,1,0,5,22268,8780,31120,1492528,0,0,0,3785472,5290624,0,93,54,0,0,1000,1000,7012146
MPCTASK: EXP,2,130,6492,-225,-377,731,-197,-1008,-55,136,-1072,-38,-541,-886,700,-36,-882,781,20,114,521,69,69,1,1,0,0,0,0,0,1,0,467,5,25006,6819,34684,1159282,0,0,0,4250892,5896514,0,95,54,0,0,1000,1000,7012146
MPCTASK: EXP,2,132,6594,-219,-451,730,28,-979,15,-53,-1139,-127,-538,-1018,700,57,-893,808,30,171,500,69,69,1,1,0,0,0,0,0,1,0,592,5,25006,10575,36609,1797564,0,0,0,4250912,6223509,0,97,54,0,0,1000,1000,7012146
MPCTASK: EXP,2,134,6693,-190,-520,732,267,-925,84,-163,-1130,-228,-487,-1128,700,125,-921,879,32,139,425,69,69,1,1,0,0,0,0,0,1,0,950,5,23391,10268,36270,1745392,0,0,0,3976337,6165914,0,99,54,0,0,1000,1000,7012146
MPCTASK: EXP,2,136,6796,-147,-579,743,481,-848,183,-246,-900,-332,-392,-1212,700,217,-872,791,43,-28,289,69,69,1,1,0,0,0,0,0,1,0,459,5,24622,10953,37736,1861896,0,0,0,4185612,6415122,0,101,54,0,0,1000,1000,7012146
MPCTASK: EXP,2,138,6893,-89,-638,764,629,-767,235,-388,-602,-414,-264,-1269,700,261,-840,706,64,-17,255,69,69,0,0,0,0,0,0,0,0,0,0,5,22047,12180,34298,2070641,0,0,0,3747888,5830593,0,101,54,0,0,1000,1000,7012146
MPCTASK: EXP,2,140,6995,-31,-687,782,685,-664,87,-671,-145,-464,-113,-1298,700,255,-780,706,82,61,264,69,69,0,0,0,0,0,0,0,0,0,0,5,26028,10892,36989,1851522,0,0,0,4424660,6288249,0,101,54,0,0,1000,1000,7012146
MPCTASK: EXP,2,142,7094,31,-731,786,676,-524,-59,-973,317,-423,43,-1297,700,229,-709,702,74,-49,302,69,69,0,0,0,0,0,0,0,0,0,0,5,23809,11881,35759,2019647,0,0,0,4047468,6079182,0,101,54,0,0,1000,1000,7012146
MPCTASK: EXP,2,144,7193,84,-755,780,597,-324,-122,-1053,602,-377,191,-1268,700,181,-618,700,56,108,595,69,69,0,0,0,0,0,0,0,0,0,0,5,23151,10904,34221,1853524,0,0,0,3935601,5817697,0,101,54,0,0,1000,1000,7012146
MPCTASK: EXP,2,146,7293,124,-761,770,475,-114,-144,-1056,788,-312,317,-1209,700,116,-514,700,41,91,667,69,69,0,0,0,0,0,0,0,0,0,0,5,22033,12902,35004,2193302,0,0,0,3745524,5950881,0,101,54,0,0,1000,1000,7012146
MPCTASK: EXP,2,148,7398,154,-745,748,323,101,-184,-1043,942,-211,407,-1124,700,41,-395,727,12,78,858,69,69,1,1,0,0,0,0,0,1,0,197,5,25244,12629,39964,2146912,0,0,0,4291308,6793946,0,102,54,0,0,1000,1000,7012146
MPCTASK: EXP,2,150,7494,165,-711,714,128,326,-223,-1044,1053,-109,453,-1014,700,-48,-263,734,-30,-20,990,69,69,1,1,0,0,0,0,0,1,0,286,5,22864,10500,35479,1784900,0,0,0,3886752,6031393,0,104,54,0,0,1000,1000,7012146
MPCTASK: EXP,2,152,7595,150,-663,688,-106,550,-81,-948,1022,-33,450,-881,700,-142,-129,700,-27,72,538,69,69,1,1,0,0,0,0,0,1,1,0,5,23940,11262,35274,1914312,0,0,0,4069705,5996637,0,106,55,0,0,1000,1000,7012146
MPCTASK: EXP,2,154,7696,111,-592,713,-314,732,181,-875,909,10,399,-729,700,-227,4,896,13,118,383,69,69,1,1,0,0,0,0,0,1,0,1026,5,22925,12537,37014,2131179,0,0,0,3897212,6292455,0,108,56,0,0,1000,1000,7012146
MPCTASK: EXP,2,156,7797,65,-505,746,-445,867,183,-791,684,28,304,-563,700,-279,136,780,46,67,303,69,69,1,1,0,0,0,0,0,1,0,402,5,26723,9046,37907,1537667,0,0,0,4542908,6444162,0,110,56,0,0,1000,1000,7012146
MPCTASK: EXP,2,158,7894,-9,-414,765,-574,988,160,-588,410,19,175,-385,700,-330,251,704,65,-27,211,69,69,0,0,0,0,0,0,0,0,0,0,5,22628,11241,34078,1910845,0,0,0,3846590,5793249,0,110,56,0,0,1000,1000,7012146
MPCTASK: EXP,2,160,7993,-59,-329,768,-601,1038,-12,-358,112,62,25,-200,700,-323,336,700,66,54,227,69,69,0,0,0,0,0,0,0,0,0,0,5,23514,10071,33653,1711930,0,0,0,3997328,5721146,0,110,56,0,0,1000,1000,7012146
MPCTASK: EXP,2,162,8094,-126,-236,760,-612,1066,-111,-231,-83,118,-131,-13,700,-319,419,700,38,102,268,69,69,0,0,0,0,0,0,0,0,0,0,5,22923,11757,34751,1998471,0,0,0,3896892,5907638,0,110,56,0,0,1000,1000,7012146
MPCTASK: EXP,2,164,8192,-174,-159,747,-561,1053,-122,-102,-376,163,-280,171,700,-272,470,700,22,52,267,69,69,1,1,0,0,0,0,0,1,1,0,5,23546,9633,33250,1637536,0,0,0,4002680,5652678,0,111,57,0,0,1000,1000,7012146
MPCTASK: EXP,2,166,8295,-223,-68,739,-468,1045,-85,-39,-677,188,-405,348,700,-213,532,700,22,43,322,69,69,1,1,0,0,0,0,0,1,1,0,5,23329,10888,34637,1850912,0,0,0,3965960,5888800,0,113,59,0,0,1000,1000,7012146
MPCTASK: EXP,2,168,8395,-241,10,732,-301,1019,-78,-57,-926,196,-495,515,700,-121,575,796,16,135,503,69,69,1,1,0,0,0,0,0,1,0,546,5,22588,8453,33522,1436898,0,0,0,3839912,5698885,0,115,60,0,0,1000,1000,7012146
MPCTASK: EXP,2,170,8497,-253,96,729,-117,1008,-36,-26,-1020,207,-541,666,700,-38,614,793,22,191,540,69,69,1,1,0,0,0,0,0,1,0,526,5,20707,13063,34614,2220580,0,0,0,3520044,5884423,0,117,60,0,0,1000,1000,7012146
MPCTASK: EXP,2,172,8602,-247,168,730,91,973,48,61,-1092,192,-538,798,700,50,627,875,30,142,435,69,69,1,1,0,0,0,0,0,1,0,922,5,25197,10964,39261,1863762,0,0,0,4283404,6674594,0,119,60,0,0,1000,1000,7012146
MPCTASK: EXP,2,174,8696,-213,252,734,319,937,118,177,-1013,166,-487,907,700,140,640,879,34,76,351,69,69,1,1,0,0,0,0,0,1,0,925,5,21408,10265,33422,1745057,0,0,0,3639224,5681875,0,121,61,0,0,1000,1000,7012146
MPCTASK: EXP,2,176,8798,-147,340,742,518,893,99,345,-791,154,-392,991,700,222,644,700,42,34,280,69,69,1,1,0,0,0,0,0,1,1,0,5,27309,8717,36100,1481697,0,0,0,4642473,6137030,0,123,62,0,0,1000,1000,7012146
MPCTASK: EXP,2,178,8899,-90,416,756,637,798,178,599,-444,152,-264,1049,700,253,615,702,56,6,238,69,69,0,0,0,0,0,0,0,0,0,0,5,23950,12662,36684,2152340,0,0,0,4071464,6236242,0,124,62,0,0,1000,1000,7012146
MPCTASK: EXP,2,180,8997,-27,467,773,680,656,107,784,-103,160,-113,1078,700,255,557,705,73,-22,227,69,69,0,0,0,0,0,0,0,0,0,0,5,24011,9540,34243,1621635,0,0,0,4081880,5821347,0,124,62,0,0,1000,1000,7012146
MPCTASK: EXP,2,182,9095,60,526,778,700,540,-61,914,326,140,43,1077,700,254,511,700,66,-52,292,69,69,0,0,0,0,0,0,0,0,0,0,5,20437,10773,31470,1831428,0,0,0,3474369,5350005,0,124,62,0,0,1000,1000,7012146
MPCTASK: EXP,2,184,9196,124,551,771,605,333,-143,1064,696,138,191,1048,700,205,412,700,42,44,607,69,69,0,0,0,0,0,0,0,0,0,0,5,21917,9668,31654,1643372,0,0,0,3725892,5381160,0,124,62,0,0,1000,1000,7012146
MPCTASK: EXP,2,186,9296,166,542,758,459,95,-161,1158,883,103,316,990,700,135,285,700,26,44,794,69,69,0,0,0,0,0,0,0,0,0,0,5,22219,9798,32087,1665637,0,0,0,3777184,5454869,0,124,62,0,0,1000,1000,7012146
MPCTASK: EXP,2,188,9401,242,565,744,344,-79,-148,1240,1083,-9,406,905,700,98,196,756,14,-130,576,69,69,1,1,0,0,0,0,0,1,0,344,5,24685,10176,36772,1729906,0,0,0,4196373,6251171,0,125,62,0,0,1000,1000,7012146
MPCTASK: EXP,2,190,9499,240,526,727,117,-323,-139,1233,1230,-50,452,795,700,-5,57,734,0,132,882,69,69,1,1,0,0,0,0,0,1,0,252,5,20980,11823,34497,2009823,0,0,0,3566556,5864563,0,127,62,0,0,1000,1000,7012146
MPCTASK: EXP,2,192,9596,188,469,714,-183,-576,-66,1104,1173,-34,448,663,700,-142,-90,809,1,44,520,69,69,1,1,0,0,0,0,0,1,0,632,5,21865,8703,31690,1479336,0,0,0,3716952,5387416,0,129,62,0,0,1000,1000,7012146
MPCTASK: EXP,2,194,9699,100,419,705,-467,-764,10,923,924,24,397,511,700,-273,-211,700,5,-41,332,69,69,1,1,0,0,0,0,0,1,1,0,5,22082,12916,35071,2195779,0,0,0,3753868,5962124,0,131,64,0,0,1000,1000,7012146
MPCTASK: EXP,2,196,9797,33,323,707,-619,-950,37,853,512,36,302,345,700,-330,-361,700,7,-66,308,69,69,1,1,0,0,0,0,0,1,1,0,5,22455,10033,32935,1705612,0,0,0,3817224,5599077,0,133,66,0,0,1000,1000,7012146
MPCTASK: EXP,2,198,9897,-10,216,707,-650,-1073,-2,494,203,-10,174,166,700,-333,-476,700,6,-32,268,69,69,1,1,0,0,0,0,0,1,1,0,5,20620,10665,31359,1812932,0,0,0,3505472,5331049,0,135,68,0,0,1000,1000,7012146
MPCTASK: EXP,2,200,10000,-24,63,707,-622,-1191,10,190,80,-104,24,-19,700,-297,-624,700,7,26,235,69,69,1,1,0,0,0,0,0,1,1,0,5,25295,9876,35245,1678867,0,0,0,4299972,5991822,0,137,70,0,0,1000,1000,7012146
MPCTASK: EXP,2,202,10100,-105,-57,717,-644,-1178,44,-169,-52,-106,-130,-208,700,-310,-702,700,17,86,264,69,69,1,1,0,0,0,0,0,1,1,0,5,22022,12674,34769,2154440,0,0,0,3743724,5910816,0,139,72,0,0,1000,1000,7012146
MPCTASK: EXP,2,204,10198,-170,-145,726,-627,-1120,44,-265,-355,-112,-276,-395,700,-288,-748,700,26,3,219,69,69,1,1,0,0,0,0,0,1,1,0,5,23799,8988,32870,1527812,0,0,0,4045848,5587976,0,141,74,0,0,1000,1000,7012146
MPCTASK: EXP,2,206,10303,-229,-223,735,-544,-1038,17,-189,-679,-121,-398,-577,700,-248,-777,700,35,33,283,69,69,1,1,0,0,0,0,0,1,1,0,5,23799,13455,37329,2287281,0,0,0,4045791,6346023,0,143,76,0,0,1000,1000,7012146
MPCTASK: EXP,2,208,10402,-270,-293,739,-407,-971,-24,-98,-940,-117,-484,-748,700,-192,-792,862,34,87,388,69,69,1,1,0,0,0,0,0,1,0,857,5,23377,10908,36074,1854292,0,0,0,3974060,6132611,0,145,77,0,0,1000,1000,7012146
MPCTASK: EXP,2,210,10503,-291,-363,734,-217,-922,-55,-90,-1119,-100,-527,-903,700,-125,-792,753,23,192,630,69,69,1,1,0,0,0,0,0,1,0,325,5,23091,11701,37738,1989113,0,0,0,3925364,6415651,0,147,77,0,0,1000,1000,7012146
MPCTASK: EXP,2,212,10600,-297,-432,732,8,-872,26,-134,-1147,-117,-522,-1038,700,-63,-778,813,32,214,528,69,69,1,1,0,0,0,0,0,1,0,613,5,23631,8900,33631,1512844,0,0,0,4017148,5717272,0,149,77,0,0,1000,1000,7012146
MPCTASK: EXP,2,214,10696,-275,-502,734,246,-802,63,-298,-1043,-154,-471,-1146,700,-1,-743,700,34,21,344,69,69,1,1,0,0,0,0,0,1,1,0,5,19019,9213,28307,1566189,0,0,0,3233304,4812275,0,151,78,0,0,1000,1000,7012146
MPCTASK: EXP,2,216,10799,-237,-565,742,425,-716,99,-512,-793,-178,-382,-1225,699,35,-693,699,42,-41,254,69,69,1,1,0,0,0,0,0,1,1,0,5,23333,8530,31939,1450046,0,0,0,3966461,5429548,0,153,79,0,0,1000,1000,7012146
MPCTASK: EXP,2,218,10899,-191,-606,747,529,-578,68,-747,-371,-189,-266,-1268,699,38,-616,699,47,-25,263,69,69,1,1,0,0,0,0,0,1,1,0,5,21629,10570,32273,1796914,0,0,0,3676804,5486379,0,155,81,0,0,1000,1000,7012146
MPCTASK: EXP,2,220,11003,-140,-639,749,562,-438,-22,-998,30,-175,-137,-1271,699,30,-543,699,44,-62,331,69,69,1,1,0,0,0,0,0,1,1,0,5,25014,9693,34781,1647703,0,0,0,4252284,5912781,0,157,83,0,0,1000,1000,7012146
MPCTASK: EXP,2,222,11103,-86,-653,749,517,-207,-74,-1206,441,-147,-12,-1233,699,12,-458,751,34,-37,495,69,69,1,1,0,0,0,0,0,1,0,297,5,22342,10734,34255,1824735,0,0,0,3798116,5823457,0,158,83,0,0,1000,1000,7012146
MPCTASK: EXP,2,224,11203,-46,-647,743,419,26,-77,-1194,670,-134,92,-1153,699,2,-395,743,28,105,610,69,69,1,1,0,0,0,0,0,1,0,262,5,24001,9172,34955,1559243,0,0,0,4080012,5942435,0,160,83,0,0,1000,1000,7012146
MPCTASK: EXP,2,226,11299,-17,-607,734,287,274,-39,-977,734,-121,166,-1034,700,-2,-338,700,27,-47,340,69,69,1,1,0,0,0,0,0,1,1,0,5,21242,9901,31216,1683161,0,0,0,3610992,5306808,0,162,84,0,0,1000,1000,7012146
MPCTASK: EXP,2,228,11400,-17,-554,729,148,449,-9,-639,626,-113,199,-882,700,-24,-289,700,27,-41,267,69,69,1,1,0,0,0,0,0,1,1,0,5,23142,8364,31737,1421753,0,0,0,3934044,5395408,0,164,86,0,0,1000,1000,7012146
MPCTASK: EXP,2,230,11505,-26,-491,722,25,547,-50,-207,422,-49,192,-709,700,-46,-249,700,12,-16,252,69,69,1,1,0,0,0,0,0,1,1,0,5,25003,11661,36736,1982309,0,0,0,4250314,6245286,0,166,88,0,0,1000,1000,7012146
MPCTASK: EXP,2,232,11604,-48,-434,716,-60,562,-45,87,224,28,151,-530,700,-73,-210,700,7,11,239,69,69,1,1,0,0,0,0,0,1,1,0,5,24021,11055,35538,1879229,0,0,0,4083416,6041590,0,168,90,0,0,1000,1000,7012146
MPCTASK: EXP,2,234,11699,-66,-376,716,-96,531,-17,311,23,106,90,-365,700,-98,-149,700,12,104,310,69,69,1,1,0,0,0,0,0,1,1,0,5,21674,9332,31081,1586386,0,0,0,3684500,5283752,0,170,92,0,0,1000,1000,7012146
MPCTASK: EXP,2,236,11805,-86,-343,714,-102,460,-17,346,-123,168,27,-232,700,-136,-76,700,11,194,412,69,69,1,1,0,0,0,0,0,1,1,0,5,25625,9792,35671,1664519,0,0,0,4356136,6064214,0,172,94,0,0,1000,1000,7012146
MPCTASK: EXP,2,238,11900,-98,-299,712,-79,403,-30,163,-96,220,-20,-148,700,-176,42,700,6,65,266,69,69,1,1,0,0,0,0,0,1,1,0,5,20532,9719,30324,1652056,0,0,0,3490496,5155229,0,174,96,0,0,1000,1000,7012146
MPCTASK: EXP,2,240,11999,-96,-281,710,-58,370,-23,-210,6,237,-41,-113,700,-192,147,700,5,-16,228,69,69,1,1,0,0,0,0,0,1,1,0,5,23033,6845,29951,1163626,0,0,0,3915448,5091733,0,176,98,0,0,1000,1000,7012146
MPCTASK: EXP,2,242,12104,-102,-260,711,-72,416,-6,-674,131,233,-44,-110,700,-192,254,700,10,-50,286,69,69,1,1,0,0,0,0,0,1,1,0,5,23997,10262,34615,1744483,0,0,0,4079460,5884731,0,178,100,0,0,1000,1000,7012146
MPCTASK: EXP,2,244,12204,-107,-229,714,-102,533,-18,-1035,193,227,-48,-102,700,-160,341,700,10,0,398,69,69,1,1,0,0,0,0,0,1,1,0,5,24576,9226,33874,1568194,0,0,0,4177821,5758684,0,180,102,0,0,1000,1000,7012146
MPCTASK: EXP,2,246,12304,-117,-183,712,-133,695,-45,-1174,101,201,-73,-56,700,-119,426,787,3,95,578,69,69,1,1,0,0,0,0,0,1,0,522,5,21648,8068,33236,1371429,0,0,0,3680013,5650206,0,182,102,0,0,1000,1000,7012146
MPCTASK: EXP,2,248,12404,-131,-120,712,-136,886,52,-1026,-174,150,-120,42,700,-62,506,700,12,-86,341,69,69,1,1,0,0,0,0,0,1,1,0,5,25053,9066,34197,1541123,0,0,0,4258936,5813628,0,184,104,0,0,1000,1000,7012146
MPCTASK: EXP,2,250,12504,-124,7,713,-58,1084,26,-664,-528,123,-176,187,700,25,614,700,13,-16,298,69,69,1,1,0,0,0,0,0,1,1,0,5,23238,10929,34242,1857796,0,0,0,3950452,5821188,0,186,106,0,0,1000,1000,7012146
MPCTASK: EXP,2,252,12603,-135,110,710,21,1141,-29,-170,-615,120,-223,361,700,76,655,700,4,6,298,69,69,1,1,0,0,0,0,0,1,1,0,5,21675,10352,32564,1759837,0,0,0,3684708,5535977,0,188,108,0,0,1000,1000,7012146
MPCTASK: EXP,2,254,12704,-130,223,709,134,1144,-21,177,-753,134,-244,542,700,135,685,700,4,-57,307,69,69,1,1,0,0,0,0,0,1,1,0,5,23473,9998,33544,1699514,0,0,0,3990368,5702541,0,190,110,0,0,1000,1000,7012146
MPCTASK: EXP,2,256,12803,-132,320,713,238,1064,0,520,-826,145,-229,712,700,167,680,700,13,68,363,69,69,1,1,0,0,0,0,0,1,1,0,5,24156,8739,32970,1485704,0,0,0,4106544,5604906,0,192,112,0,0,1000,1000,7012146
MPCTASK: EXP,2,258,12906,-105,383,717,359,931,-7,726,-743,165,-175,855,699,198,637,699,16,109,369,69,69,1,1,0,0,0,0,0,1,1,0,5,24709,10987,35776,1867773,0,0,0,4200428,6081965,0,194,114,0,0,1000,1000,7012146
MPCTASK: EXP,2,260,13005,-52,445,714,488,761,-51,880,-528,176,-86,960,699,228,582,699,4,-2,359,69,69,1,1,0,0,0,0,0,1,1,0,5,24747,9661,34480,1642285,0,0,0,4206864,5861642,0,196,116,0,0,1000,1000,7012146
MPCTASK: EXP,2,262,13105,17,508,704,586,597,-78,968,-242,175,26,1024,699,246,528,699,-11,-85,396,69,69,1,1,0,0,0,0,0,1,1,0,5,23234,10685,34396,1816377,0,0,0,3949712,5847394,0,198,118,0,0,1000,1000,7012146
MPCTASK: EXP,2,264,13201,71,488,695,595,310,-60,1035,112,160,149,1043,699,219,387,699,-16,-84,426,69,69,1,1,0,0,0,0,0,1,1,0,5,24077,6567,30716,1116253,0,0,0,4093116,5221862,0,200,119,0,0,1000,1000,7012146
MPCTASK: EXP,2,266,13306,121,487,694,531,82,65,948,491,82,266,1020,699,164,276,699,-5,14,364,69,69,1,1,0,0,0,0,0,1,1,0,5,24289,10449,35054,1776240,0,0,0,4129052,5959242,0,202,121,0,0,1000,1000,7012146
MPCTASK: EXP,2,268,13404,199,496,705,446,-82,51,1048,905,-37,361,958,699,122,180,699,5,-84,344,69,69,1,1,0,0,0,0,0,1,1,0,5,22929,8093,31096,1375853,0,0,0,3897852,5286365,0,204,123,0,0,1000,1000,7012146
MPCTASK: EXP,2,270,13502,223,466,713,280,-253,5,1010,1186,-82,422,862,700,38,66,851,13,115,492,69,69,1,1,0,0,0,0,0,1,0,833,5,18670,9424,30202,1602050,0,0,0,3173849,5134395,0,206,124,0,0,1000,1000,7012146
MPCTASK: EXP,2,272,13604,223,415,710,35,-449,-12,962,1346,-75,440,737,700,-64,-66,781,8,149,631,69,69,1,1,0,0,0,0,0,1,0,491,5,21811,8329,32081,1415828,0,0,0,3707884,5453820,0,208,124,0,0,1000,1000,7012146
MPCTASK: EXP,2,274,13707,205,351,718,-233,-644,99,898,1217,-50,411,589,700,-106,-154,896,18,92,429,69,69,1,1,0,0,0,0,0,1,0,1035,5,21477,11111,34182,1888826,0,0,0,3650968,5811172,0,210,124,0,0,1000,1000,7012146
MPCTASK: EXP,2,276,13804,135,334,727,-494,-745,179,833,945,21,337,423,700,-254,-277,781,27,199,466,69,69,1,1,0,0,0,0,0,1,0,436,5,21183,8942,32135,1520061,0,0,0,3601140,5463035,0,212,124,0,0,1000,1000,7012146
MPCTASK: EXP,2,278,13906,54,243,744,-662,-921,228,875,500,29,224,244,700,-321,-424,770,44,-41,301,69,69,1,1,0,0,0,0,0,1,0,346,5,22002,10422,33667,1771779,0,0,0,3740232,5723440,0,214,124,0,0,1000,1000,7012146
MPCTASK: EXP,2,280,14002,-13,142,761,-713,-1045,129,597,164,21,84,57,700,-338,-537,702,61,-23,209,69,69,0,0,0,0,0,0,0,0,0,0,5,21843,7037,29672,1196203,0,0,0,3713336,5044184,0,214,124,0,0,1000,1000,7012146
MPCTASK: EXP,2,282,14108,-25,54,768,-646,-1078,9,266,35,-32,-69,-131,700,-285,-608,700,68,102,246,69,69,0,0,0,0,0,0,0,0,0,0,5,23760,10877,35084,1848951,0,0,0,4039224,5964390,0,214,124,0,0,1000,1000,7012146
MPCTASK: EXP,2,284,14204,-77,-53,771,-631,-1092,-48,-40,-79,-63,-221,-319,700,-261,-684,700,61,152,288,69,69,0,0,0,0,0,0,0,0,0,0,5,24224,7242,31535,1230959,0,0,0,4118129,5361031,0,214,124,0,0,1000,1000,7012146
MPCTASK: EXP,2,286,14309,-151,-165,770,-619,-1083,-72,-104,-334,-89,-356,-501,700,-242,-762,700,55,6,220,69,69,0,0,0,0,0,0,0,0,0,0,5,25301,11681,37148,1985807,0,0,0,4301060,6315128,0,214,124,0,0,1000,1000,7012146
MPCTASK: EXP,2,288,14409,-207,-253,763,-530,-1042,-102,-73,-761,-120,-462,-673,700,-184,-813,700,43,-28,294,69,69,0,0,0,0,0,0,0,0,0,0,5,26068,9402,35972,1598266,0,0,0,4431380,6115309,0,214,124,0,0,1000,1000,7012146
MPCTASK: EXP,2,290,14507,-255,-346,763,-382,-1019,-103,-43,-1089,-166,-526,-830,700,-117,-861,700,42,5,496,69,69,0,0,0,0,0,0,0,0,0,0,5,22968,10867,34267,1847270,0,0,0,3904513,5825413,0,214,124,0,0,1000,1000,7012146
MPCTASK: EXP,2,292,14605,-270,-426,755,-165,-980,-115,-123,-1282,-212,-544,-970,700,-30,-883,700,32,134,921,69,69,0,0,0,0,0,0,0,0,0,0,5,21370,11195,32635,1902997,0,0,0,3632817,5548062,0,214,124,0,0,1000,1000,7012146
MPCTASK: EXP,2,294,14707,-270,-512,737,67,-944,-155,-239,-1301,-238,-512,-1088,700,48,-899,717,6,48,1119,69,69,1,1,0,0,0,0,0,1,0,159,5,23359,9631,34579,1637236,0,0,0,3971012,5878455,0,216,124,0,0,1000,1000,7012146
MPCTASK: EXP,2,296,14808,-246,-580,720,305,-867,-126,-367,-1190,-289,-434,-1182,700,123,-887,741,-4,36,799,69,69,1,1,0,0,0,0,0,1,0,293,5,23336,10222,35277,1737695,0,0,0,3967112,5997219,0,218,124,0,0,1000,1000,7012146
MPCTASK: EXP,2,298,14907,-196,-645,707,532,-771,-59,-471,-976,-339,-318,-1250,700,191,-861,700,-4,-19,415,69,69,1,1,0,0,0,0,0,1,1,0,5,24046,10329,34448,1755935,0,0,0,4087632,5856326,0,220,125,0,0,1000,1000,7012146
MPCTASK: EXP,2,300,15007,-141,-693,707,686,-656,79,-434,-584,-401,-175,-1290,700,221,-820,700,7,36,288,69,69,1,1,0,0,0,0,0,1,1,0,5,24897,10130,35106,1722041,0,0,0,4232381,5968072,0,222,127,0,0,1000,1000,7012146
MPCTASK: EXP,2,302,15106,-69,-736,715,765,-549,55,-612,-225,-436,-19,-1301,700,229,-762,700,15,-31,268,69,69,1,1,0,0,0,0,0,1,1,0,5,22086,11181,33583,1900746,0,0,0,3754500,5709042,0,224,129,0,0,1000,1000,7012146
MPCTASK: EXP,2,304,15203,-10,-768,719,752,-410,-1,-846,238,-422,134,-1283,700,193,-682,700,19,-64,311,69,69,1,1,0,0,0,0,0,1,1,0,5,22192,8091,30355,1375248,0,0,0,3772644,5160390,0,226,131,0,0,1000,1000,7012146
MPCTASK: EXP,2,306,15308,51,-778,726,675,-218,-3,-1008,648,-376,270,-1236,700,142,-577,700,26,-62,342,69,69,1,1,0,0,0,0,0,1,1,0,5,22492,10981,33684,1866633,0,0,0,3823516,5726374,0,228,133,0,0,1000,1000,7012146
MPCTASK: EXP,2,308,15410,98,-776,727,535,-15,-39,-1088,984,-321,376,-1161,700,71,-464,843,19,12,419,69,69,1,1,0,0,0,0,0,1,0,782,5,23465,9593,35893,1630804,0,0,0,3988885,6101922,0,230,134,0,0,1000,1000,7012146
MPCTASK: EXP,2,310,15505,123,-761,724,333,198,-49,-1161,1199,-243,440,-1060,700,-18,-343,786,14,165,576,69,69,1,1,0,0,0,0,0,1,0,505,5,22071,8929,32086,1517852,0,0,0,3751960,5454791,0,232,134,0,0,1000,1000,7012146
MPCTASK: EXP,2,312,15605,127,-713,723,81,460,52,-1126,1233,-168,457,-936,700,27,-333,877,23,112,445,69,69,1,1,0,0,0,0,0,1,0,945,5,21153,9323,32089,1584853,0,0,0,3595948,5455165,0,234,134,0,0,1000,1000,7012146
MPCTASK: EXP,2,314,15708,108,-652,730,-167,687,151,-948,1087,-87,425,-792,700,-196,-62,800,30,66,405,69,69,1,1,0,0,0,0,0,1,0,529,5,22267,10828,34716,1840735,0,0,0,3785404,5901862,0,236,134,0,0,1000,1000,7012146
MPCTASK: EXP,2,316,15809,41,-576,743,-379,842,228,-459,493,-94,347,-631,700,-268,44,781,43,-19,246,69,69,1,1,0,0,0,0,0,1,0,405,5,24118,8907,35922,1514147,0,0,0,4100085,6106847,0,238,134,0,0,1000,1000,7012146
MPCTASK: EXP,2,318,15907,-3,-503,760,-445,893,120,-513,395,0,230,-457,700,-306,150,701,60,130,283,69,69,0,0,0,0,0,0,0,0,0,0,5,24021,9722,33812,1652561,0,0,0,4083456,5748117,0,238,134,0,0,1000,1000,7012146
MPCTASK: EXP,2,320,16004,-52,-422,771,-505,954,-7,-563,389,106,87,-274,700,-326,251,700,69,183,338,69,69,0,0,0,0,0,0,0,0,0,0,5,21625,9246,31328,1571765,0,0,0,3675771,5325874,0,238,134,0,0,1000,1000,7012146
MPCTASK: EXP,2,322,16110,-100,-339,771,-549,1007,-87,-443,222,174,-68,-88,700,-321,335,700,54,45,244,69,69,0,0,0,0,0,0,0,0,0,0,5,22272,12685,35026,2156409,0,0,0,3786096,5954601,0,238,134,0,0,1000,1000,7012146
MPCTASK: EXP,2,324,16206,-163,-248,762,-574,1050,-119,-290,-98,199,-222,98,700,-303,414,700,38,2,230,69,69,0,0,0,0,0,0,0,0,0,0,5,21591,9469,31130,1609655,0,0,0,3670472,5292058,0,238,134,0,0,1000,1000,7012146
MPCTASK: EXP,2,326,16306,-194,-152,754,-495,1071,-106,-134,-497,223,-359,279,700,-231,483,700,33,27,263,69,69,0,0,0,0,0,0,0,0,0,0,5,23035,9219,32323,1567086,0,0,0,3915816,5495007,0,238,134,0,0,1000,1000,7012146
MPCTASK: EXP,2,328,16410,-224,-59,749,-371,1066,-88,-44,-785,230,-464,450,700,-74,461,866,32,58,357,69,69,1,1,0,0,0,0,0,1,0,877,5,22669,11256,36167,1913438,0,0,0,3853713,6148511,0,239,134,0,0,1000,1000,7012146
MPCTASK: EXP,2,330,16509,-237,17,743,-190,1033,-52,2,-1004,229,-528,608,700,-58,568,817,33,17,389,69,69,1,1,0,0,0,0,0,1,0,632,5,22596,10884,34293,1850110,0,0,0,3841316,5829810,0,241,134,0,0,1000,1000,7012146
MPCTASK: EXP,2,332,16608,-236,98,748,35,993,74,135,-1175,207,-545,748,700,39,589,808,48,203,465,69,69,1,1,0,0,0,0,0,1,0,557,5,22478,10527,34473,1789537,0,0,0,3821060,5860415,0,243,134,0,0,1000,1000,7012146
MPCTASK: EXP,2,334,16708,-205,169,754,256,938,73,145,-1023,197,-513,866,700,127,596,700,54,75,337,69,69,0,0,0,0,0,0,0,0,0,0,5,21904,12311,34285,2092863,0,0,0,3723572,5828532,0,243,134,0,0,1000,1000,7012146
MPCTASK: EXP,2,336,16805,-154,234,751,431,874,-39,229,-764,210,-435,961,700,196,586,700,43,49,309,69,69,0,0,0,0,0,0,0,0,0,0,5,21240,8456,30059,1437502,0,0,0,3610732,5110132,0,243,134,0,0,1000,1000,7012146
MPCTASK: EXP,2,338,16906,-94,297,737,554,804,-138,312,-524,241,-319,1029,700,244,565,700,9,16,299,69,69,1,1,0,0,0,0,0,1,1,0,5,21845,8835,30753,1501824,0,0,0,3713572,5228053,0,245,136,0,0,1000,1000,7012146
MPCTASK: EXP,2,340,17012,-24,355,724,641,710,-113,519,-269,237,-175,1070,700,275,524,700,2,44,311,69,69,1,1,0,0,0,0,0,1,1,0,5,22962,12771,35806,2171001,0,0,0,3903564,6087058,0,247,138,0,0,1000,1000,7012146
MPCTASK: EXP,2,342,17108,47,397,717,679,568,-64,720,-8,202,-19,1081,700,280,455,700,4,-14,317,69,69,1,1,0,0,0,0,0,1,1,0,5,23035,9188,32299,1561945,0,0,0,3915812,5490757,0,249,140,0,0,1000,1000,7012146
MPCTASK: EXP,2,344,17207,137,406,717,686,376,-31,814,405,136,134,1063,700,271,357,700,10,-42,331,69,69,1,1,0,0,0,0,0,1,1,0,5,20615,9604,30293,1632609,0,0,0,3504465,5149845,0,251,142,0,0,1000,1000,7012146
MPCTASK: EXP,2,346,17310,189,420,719,566,215,-24,804,837,91,270,1016,700,202,270,700,14,44,346,69,69,1,1,0,0,0,0,0,1,1,0,5,21620,10587,32280,1799615,0,0,0,3675460,5487737,0,253,144,0,0,1000,1000,7012146
MPCTASK: EXP,2,348,17408,240,452,720,412,99,-36,867,1066,58,376,941,700,136,207,837,13,128,488,69,69,1,1,0,0,0,0,0,1,0,759,5,20749,8897,30828,1512536,0,0,0,3527308,5240991,0,255,145,0,0,1000,1000,7012146
MPCTASK: EXP,2,350,17515,257,439,717,188,-88,-34,1045,1321,10,440,840,700,33,89,768,10,171,659,69,69,1,1,0,0,0,0,0,1,0,421,5,26693,9223,37547,1567805,0,0,0,4537760,6382965,0,257,146,0,0,1000,1000,7012146
MPCTASK: EXP,2,352,17614,247,409,716,-67,-303,-2,1091,1248,6,457,716,700,-67,-40,817,15,132,526,69,69,1,1,0,0,0,0,0,1,0,661,5,23098,10977,35785,1866100,0,0,0,3926672,6083538,0,259,146,0,0,1000,1000,7012146
MPCTASK: EXP,2,354,17707,215,360,710,-315,-527,48,1052,1108,16,425,572,700,-164,-176,700,10,81,416,69,69,1,1,0,0,0,0,0,1,1,0,5,20297,8545,28916,1452441,0,0,0,3450464,4915735,0,261,147,0,0,1000,1000,7012146
MPCTASK: EXP,2,356,17814,156,292,718,-530,-738,137,963,828,26,347,411,700,-249,-315,700,18,115,381,69,69,1,1,0,0,0,0,0,1,1,0,5,26208,9590,35874,1630361,0,0,0,4455388,6098596,0,263,149,0,0,1000,1000,7012146
MPCTASK: EXP,2,358,17913,91,214,722,-652,-880,24,801,577,46,230,237,700,-299,-430,700,22,91,351,69,69,1,1,0,0,0,0,0,1,1,0,5,24716,10244,35035,1741396,0,0,0,4201660,5956103,0,265,151,0,0,1000,1000,7012146
MPCTASK: EXP,2,360,18013,10,115,721,-743,-1004,-41,576,331,72,87,54,700,-336,-545,700,12,-38,272,69,69,1,1,0,0,0,0,0,1,1,0,5,23715,10845,34633,1843605,0,0,0,4031584,5887686,0,267,153,0,0,1000,1000,7012146
MPCTASK: EXP,2,362,18110,-48,18,717,-749,-1072,-26,322,-17,69,-68,-132,700,-320,-637,700,12,-9,237,69,69,1,1,0,0,0,0,0,1,1,0,5,22429,9417,31918,1600776,0,0,0,3812833,5426272,0,269,155,0,0,1000,1000,7012146
MPCTASK: EXP,2,364,18209,-114,-84,720,-711,-1099,11,122,-327,45,-222,-318,700,-292,-718,700,20,21,239,69,69,1,1,0,0,0,0,0,1,1,0,5,21044,9537,30654,1621242,0,0,0,3577328,5211225,0,271,157,0,0,1000,1000,7012146
MPCTASK: EXP,2,366,18309,-163,-178,727,-610,-1084,21,9,-606,19,-359,-499,700,-234,-779,700,27,137,351,69,69,1,1,0,0,0,0,0,1,1,0,5,21654,9066,30800,1541074,0,0,0,3681208,5235926,0,273,159,0,0,1000,1000,7012146
MPCTASK: EXP,2,368,18416,-207,-277,733,-478,-1066,1,-23,-848,-5,-464,-670,700,-165,-838,700,33,59,338,69,69,1,1,0,0,0,0,0,1,1,0,5,23732,13051,36897,2218644,0,0,0,4034428,6272487,0,275,161,0,0,1000,1000,7012146
MPCTASK: EXP,2,370,18514,-235,-361,738,-312,-1027,-22,-60,-1024,-33,-528,-828,700,-90,-873,793,34,163,478,69,69,1,1,0,0,0,0,0,1,0,515,5,21207,12065,35089,2051054,0,0,0,3605032,5965195,0,277,161,0,0,1000,1000,7012146
MPCTASK: EXP,2,372,18614,-246,-447,734,-97,-987,13,-149,-1166,-69,-545,-968,700,-1,-898,792,34,138,480,69,69,1,1,0,0,0,0,0,1,0,511,5,23033,9906,35566,1683961,0,0,0,3915428,6046315,0,279,161,0,0,1000,1000,7012146
MPCTASK: EXP,2,374,18712,-238,-522,740,131,-926,74,-209,-1193,-144,-513,-1087,700,82,-903,825,40,168,455,69,69,1,1,0,0,0,0,0,1,0,655,5,22608,9544,34456,1622361,0,0,0,3843297,5857553,0,281,161,0,0,1000,1000,7012146
MPCTASK: EXP,2,376,18814,-209,-597,746,350,-859,101,-334,-1069,-211,-435,-1181,700,154,-897,826,46,108,368,69,69,1,1,0,0,0,0,0,1,0,645,5,21214,11946,35216,2030794,0,0,0,3606204,5986901,0,283,161,0,0,1000,1000,7012146
MPCTASK: EXP,2,378,18910,-161,-653,754,533,-756,121,-454,-819,-284,-319,-1250,700,207,-863,700,54,1,260,69,69,0,0,0,0,0,0,0,0,0,0,5,24003,7886,31958,1340463,0,0,0,4080468,5433023,0,283,161,0,0,1000,1000,7012146
MPCTASK: EXP,2,380,19016,-95,-702,760,656,-647,28,-611,-448,-355,-175,-1290,700,235,-812,700,60,-30,227,69,69,0,0,0,0,0,0,0,0,0,0,5,24080,13058,37208,2219795,0,0,0,4093581,6325486,0,283,161,0,0,1000,1000,7012146
MPCTASK: EXP,2,382,19111,-29,-739,760,697,-507,-58,-804,-6,-390,-19,-1301,700,228,-742,700,49,-37,283,69,69,0,0,0,0,0,0,0,0,0,0,5,21981,11012,33071,1871957,0,0,0,3736776,5622127,0,283,161,0,0,1000,1000,7012146
MPCTASK: EXP,2,384,19215,37,-765,755,677,-342,-99,-899,360,-407,134,-1283,700,202,-660,700,35,-21,362,69,69,0,0,0,0,0,0,0,0,0,0,5,24871,11455,36397,1947162,0,0,0,4227989,6187474,0,283,161,0,0,1000,1000,7012146
MPCTASK: EXP,2,386,19309,85,-773,752,580,-151,-77,-963,673,-391,270,-1236,700,142,-559,700,37,52,412,69,69,0,0,0,0,0,0,0,0,0,0,5,21577,9004,30652,1530682,0,0,0,3667965,5210856,0,283,161,0,0,1000,1000,7012146
MPCTASK: EXP,2,388,19408,125,-766,743,442,42,-106,-992,911,-348,376,-1161,700,71,-448,771,22,68,500,69,69,1,1,0,0,0,0,0,1,0,412,5,19657,8957,29961,1522584,0,0,0,3341628,5093539,0,285,161,0,0,1000,1000,7012146
MPCTASK: EXP,2,390,19513,144,-743,735,249,250,-52,-1012,1069,-286,440,-1061,700,-17,-326,818,24,106,449,69,69,1,1,0,0,0,0,0,1,0,650,5,23203,9044,34770,1537251,0,0,0,3944548,5910883,0,287,161,0,0,1000,1000,7012146
MPCTASK: EXP,2,392,19610,142,-697,731,28,471,24,-984,1089,-218,457,-937,700,-108,-188,700,31,191,469,69,69,1,1,0,0,0,0,0,1,1,0,5,22067,9119,31258,1550117,0,0,0,3751309,5314087,0,289,162,0,0,1000,1000,7012146
MPCTASK: EXP,2,394,19713,121,-635,737,-181,667,96,-907,999,-154,425,-792,700,-191,-53,700,37,149,386,69,69,1,1,0,0,0,0,0,1,1,0,5,24300,10611,34983,1803802,0,0,0,4130857,5947325,0,291,164,0,0,1000,1000,7012146
MPCTASK: EXP,2,396,19808,79,-559,739,-347,814,-23,-873,908,-70,347,-631,700,-262,77,700,34,163,421,69,69,1,1,0,0,0,0,0,1,1,0,5,21614,8180,29868,1390573,0,0,0,3674405,5077636,0,293,166,0,0,1000,1000,7012146
MPCTASK: EXP,2,398,19913,34,-482,733,-486,936,-88,-792,781,17,230,-457,700,-309,190,700,16,44,357,69,69,1,1,0,0,0,0,0,1,1,0,5,23655,9989,33857,1698160,0,0,0,4021328,5755620,0,295,167,0,0,1000,1000,7012146
MPCTASK: EXP,2,400,20013,-30,-384,729,-615,1062,37,-423,295,42,87,-274,700,-327,292,700,29,165,367,69,69,1,1,0,0,0,0,0,1,1,0,5,24592,9360,34163,1591145,0,0,0,4180488,5807877,0,297,169,0,0,1000,1000,7012146
MPCTASK: EXP,2,402,20108,-86,-298,733,-627,1073,16,-141,-33,101,-68,-88,700,-317,365,700,33,133,298,69,69,1,1,0,0,0,0,0,1,1,0,5,19400,10630,30104,1806986,0,0,0,3298033,5117692,0,299,171,0,0,1000,1000,7012146
MPCTASK: EXP,2,404,20215,-146,-204,737,-604,1072,-16,-93,-249,172,-222,98,700,-291,441,700,34,88,268,69,69,1,1,0,0,0,0,0,1,1,0,5,22017,14673,36763,2494311,0,0,0,3742864,6249672,0,301,172,0,0,1000,1000,7012146
MPCTASK: EXP,2,406,20314,-190,-121,736,-537,1037,-49,50,-322,222,-359,279,700,-249,490,700,26,-11,231,69,69,1,1,0,0,0,0,0,1,1,0,5,25055,10214,35497,1736333,0,0,0,4259340,6034600,0,303,174,0,0,1000,1000,7012146
MPCTASK: EXP,2,408,20410,-230,-41,736,-442,1009,-46,-48,-684,260,-464,450,700,-181,539,700,27,0,286,69,69,1,1,0,0,0,0,0,1,1,0,5,22173,8583,30830,1459027,0,0,0,3769425,5241109,0,305,176,0,0,1000,1000,7012146
MPCTASK: EXP,2,410,20513,-249,25,732,-280,979,-69,-96,-980,276,-528,608,700,-93,569,793,18,116,496,69,69,1,1,0,0,0,0,0,1,0,532,5,24018,8512,34060,1447028,0,0,0,4082932,5790265,0,307,177,0,0,1000,1000,7012146
MPCTASK: EXP,2,412,20613,-260,103,726,-86,975,-57,-94,-1133,279,-545,747,700,-11,601,761,15,168,630,69,69,1,1,0,0,0,0,0,1,0,376,5,20114,11064,33803,1880817,0,0,0,3419224,5746517,0,309,177,0,0,1000,1000,7012146
MPCTASK: EXP,2,414,20717,-244,174,726,148,954,20,36,-1180,273,-513,866,700,82,610,813,26,138,491,69,69,1,1,0,0,0,0,0,1,0,623,5,24382,10064,36634,1710791,0,0,0,4144764,6227762,0,311,177,0,0,1000,1000,7012146
MPCTASK: EXP,2,416,20815,-212,238,730,365,898,73,194,-1029,271,-435,961,700,152,597,700,30,22,343,69,69,1,1,0,0,0,0,0,1,1,0,5,22918,11838,34831,2012341,0,0,0,3896008,5921293,0,313,178,0,0,1000,1000,7012146
MPCTASK: EXP,2,418,20914,-161,293,731,552,810,100,357,-800,266,-318,1029,700,211,562,700,31,-19,272,69,69,1,1,0,0,0,0,0,1,1,0,5,24004,9746,33823,1656654,0,0,0,4080632,5749941,0,315,180,0,0,1000,1000,7012146
MPCTASK: EXP,2,420,21016,-88,351,736,669,720,-9,506,-391,251,-175,1069,700,239,526,700,34,-31,240,69,69,1,1,0,0,0,0,0,1,1,0,5,22661,12940,36021,2199752,0,0,0,3852324,6123538,0,317,182,0,0,1000,1000,7012146
MPCTASK: EXP,2,422,21114,-22,395,730,699,595,-79,649,33,248,-19,1081,700,230,466,700,14,-40,289,69,69,1,1,0,0,0,0,0,1,1,0,5,22368,9558,32005,1624798,0,0,0,3802464,5440912,0,319,184,0,0,1000,1000,7012146
MPCTASK: EXP,2,424,21210,50,440,729,674,459,-58,823,380,214,134,1063,700,207,399,700,17,-58,317,69,69,1,1,0,0,0,0,0,1,1,0,5,18537,9563,28180,1625690,0,0,0,3151348,4790809,0,321,186,0,0,1000,1000,7012146
MPCTASK: EXP,2,426,21316,131,476,727,614,300,-48,990,693,147,270,1016,700,180,321,700,18,-77,353,69,69,1,1,0,0,0,0,0,1,1,0,5,23372,10319,34387,1754176,0,0,0,3973045,5845976,0,323,188,0,0,1000,1000,7012146
MPCTASK: EXP,2,428,21415,208,449,724,505,50,-66,1084,1027,68,375,942,700,93,226,855,10,-19,421,69,69,1,1,0,0,0,0,0,1,0,854,5,20662,10190,32802,1732098,0,0,0,3512445,5576416,0,325,189,0,0,1000,1000,7012146
MPCTASK: EXP,2,430,21516,231,438,717,271,-143,-50,936,1362,21,439,842,700,30,80,786,7,-95,532,69,69,1,1,0,0,0,0,0,1,0,513,5,21865,9145,33436,1554523,0,0,0,3716900,5684247,0,327,189,0,0,1000,1000,7012146
MPCTASK: EXP,2,432,21616,294,419,721,51,-331,105,1047,1440,-23,456,718,700,-11,-43,828,21,81,482,69,69,1,1,0,0,0,0,0,1,0,691,5,21468,10637,34405,1808196,0,0,0,3649392,5848937,0,329,189,0,0,1000,1000,7012146
MPCTASK: EXP,2,434,21718,243,373,731,-266,-541,132,1060,1370,16,423,574,700,-142,-175,798,31,-55,395,69,69,1,1,0,0,0,0,0,1,0,523,5,24640,10231,36054,1739115,0,0,0,4188737,6129205,0,331,190,0,0,1000,1000,7012146
MPCTASK: EXP,2,436,21816,146,303,734,-548,-732,37,960,1035,105,345,413,700,-264,-311,700,34,-58,326,69,69,1,1,0,0,0,0,0,1,1,0,5,23045,10003,33129,1700523,0,0,0,3917520,5632002,0,333,191,0,0,1000,1000,7012146
MPCTASK: EXP,2,438,21917,41,212,731,-754,-923,44,857,586,184,228,239,700,-352,-454,700,31,-28,308,69,69,1,1,0,0,0,0,0,1,1,0,5,22900,10678,33652,1815239,0,0,0,3893033,5720925,0,335,193,0,0,1000,1000,7012146
MPCTASK: EXP,2,440,22014,-41,129,728,-815,-1034,-21,637,127,218,86,55,700,-373,-554,700,24,-38,278,69,69,1,1,0,0,0,0,0,1,1,0,5,20077,10231,30380,1739103,0,0,0,3413040,5164806,0,337,195,0,0,1000,1000,7012146
MPCTASK: EXP,2,442,22117,-117,27,727,-797,-1106,-28,327,-244,194,-68,-132,700,-364,-646,700,22,-10,230,69,69,1,1,0,0,0,0,0,1,1,0,5,24226,9711,34010,1650828,0,0,0,4118408,5781901,0,339,197,0,0,1000,1000,7012146
MPCTASK: EXP,2,444,22216,-192,-81,732,-728,-1136,1,117,-548,140,-220,-321,700,-337,-726,700,32,-7,250,69,69,1,1,0,0,0,0,0,1,1,0,5,22053,11353,33488,1929914,0,0,0,3748904,5692884,0,341,199,0,0,1000,1000,7012146
MPCTASK: EXP,2,446,22318,-246,-178,742,-599,-1113,13,-31,-830,73,-353,-505,700,-282,-777,700,42,115,353,69,69,1,1,0,0,0,0,0,1,1,0,5,23031,10155,33259,1726291,0,0,0,3915196,5654145,0,343,201,0,0,1000,1000,7012146
MPCTASK: EXP,2,448,22418,-286,-279,746,-436,-1085,-22,-94,-1011,19,-455,-681,700,-220,-821,789,42,124,426,69,69,1,1,0,0,0,0,0,1,0,483,5,20768,11108,33597,1888369,0,0,0,3530473,5711634,0,345,201,0,0,1000,1000,7012146
MPCTASK: EXP,2,450,22520,-307,-361,749,-221,-1026,54,-144,-1144,-29,-515,-843,700,-143,-831,794,49,212,474,69,69,1,1,0,0,0,0,0,1,0,492,5,23020,11730,35771,1993960,0,0,0,3913284,6081136,0,347,201,0,0,1000,1000,7012146
MPCTASK: EXP,2,452,22618,-312,-441,755,-4,-967,61,-202,-1163,-78,-529,-987,700,-77,-825,700,55,146,415,69,69,0,0,0,0,0,0,0,0,0,0,5,20472,12539,33093,2131626,0,0,0,3480114,5625844,0,347,201,0,0,1000,1000,7012146
MPCTASK: EXP,2,454,22718,-298,-523,758,178,-907,-31,-414,-1033,-112,-497,-1106,700,-31,-801,700,52,-14,343,69,69,0,0,0,0,0,0,0,0,0,0,5,21475,10733,32585,1824463,0,0,0,3650708,5539436,0,347,201,0,0,1000,1000,7012146
MPCTASK: EXP,2,456,22815,-271,-597,748,329,-806,-126,-690,-784,-121,-422,-1197,699,-4,-753,699,22,-20,339,69,69,1,1,0,0,0,0,0,1,1,0,5,19272,10469,29815,1779684,0,0,0,3276145,5068488,0,348,202,0,0,1000,1000,7012146
MPCTASK: EXP,2,458,22917,-228,-645,734,452,-632,-128,-922,-530,-132,-315,-1255,699,14,-671,822,8,-30,431,69,69,1,1,0,0,0,0,0,1,0,682,5,22249,8920,32182,1516363,0,0,0,3782140,5471068,0,350,203,0,0,1000,1000,7012146
MPCTASK: EXP,2,460,23019,-185,-683,725,515,-428,-45,-1054,-209,-125,-189,-1275,699,-44,-644,861,16,-20,406,69,69,1,1,0,0,0,0,0,1,0,877,5,20619,10153,32748,1725938,0,0,0,3505105,5567232,0,352,203,0,0,1000,1000,7012146
MPCTASK: EXP,2,462,23120,-144,-689,735,516,-170,150,-1065,140,-99,-61,-1254,699,-7,-494,831,35,-48,333,69,69,1,1,0,0,0,0,0,1,0,678,5,22988,10163,34813,1727619,0,0,0,3907933,5918222,0,354,204,0,0,1000,1000,7012146
MPCTASK: EXP,2,464,23218,-109,-678,748,454,28,103,-1031,421,-86,53,-1190,699,-13,-435,822,48,104,353,69,69,1,1,0,0,0,0,0,1,0,622,5,21400,10352,32906,1759792,0,0,0,3637969,5594002,0,356,204,0,0,1000,1000,7012146
MPCTASK: EXP,2,466,23319,-79,-652,759,351,228,115,-960,592,-63,141,-1086,699,-34,-365,701,59,93,318,69,69,0,0,0,0,0,0,0,0,0,0,5,25709,7884,33662,1340229,0,0,0,4370353,5722614,0,356,204,0,0,1000,1000,7012146
MPCTASK: EXP,2,468,23418,-67,-604,766,234,389,2,-734,599,-45,191,-946,700,-50,-312,700,66,67,278,69,69,0,0,0,0,0,0,0,0,0,0,5,21633,11053,32760,1878870,0,0,0,3677529,5569349,0,356,204,0,0,1000,1000,7012146
MPCTASK: EXP,2,470,23517,-63,-554,759,125,497,-112,-506,551,17,200,-780,700,-58,-278,700,37,32,272,69,69,0,0,0,0,0,0,0,0,0,0,5,22185,9541,31795,1621880,0,0,0,3771441,5405229,0,356,204,0,0,1000,1000,7012146
MPCTASK: EXP,2,472,23623,-71,-489,744,23,578,-139,-206,358,68,171,-601,700,-63,-247,700,16,-2,248,69,69,1,1,0,0,0,0,0,1,1,0,5,22080,15373,37527,2613289,0,0,0,3753536,6379598,0,357,205,0,0,1000,1000,7012146
MPCTASK: EXP,2,474,23720,-85,-429,730,-39,587,-102,170,118,118,116,-428,700,-66,-228,700,10,2,236,69,69,1,1,0,0,0,0,0,1,1,0,5,23230,11614,35265,1974344,0,0,0,3948940,5995059,0,359,207,0,0,1000,1000,7012146
MPCTASK: EXP,2,476,23820,-98,-374,724,-51,529,-53,437,-113,174,51,-280,700,-71,-204,700,13,78,302,69,69,1,1,0,0,0,0,0,1,1,0,5,22653,11651,34381,1980548,0,0,0,3850904,5844979,0,361,209,0,0,1000,1000,7012146
MPCTASK: EXP,2,478,23918,-103,-339,726,-18,426,-18,527,-234,219,-4,-175,700,-77,-186,700,23,216,436,69,69,1,1,0,0,0,0,0,1,1,0,5,21047,10805,31930,1836783,0,0,0,3577917,5428241,0,363,211,0,0,1000,1000,7012146
MPCTASK: EXP,2,480,24022,-103,-311,723,24,329,-46,445,-212,233,-36,-122,700,-80,-171,700,14,140,354,69,69,1,1,0,0,0,0,0,1,1,0,5,22299,13346,35715,2268670,0,0,0,3790852,6071689,0,365,213,0,0,1000,1000,7012146
MPCTASK: EXP,2,482,24120,-97,-297,715,58,244,-69,287,-107,226,-44,-110,700,-60,-195,700,1,131,340,69,69,1,1,0,0,0,0,0,1,1,0,5,22877,10682,33928,1815927,0,0,0,3889016,5768744,0,367,215,0,0,1000,1000,7012146
MPCTASK: TRAJ DONE: idx=482, max=482; requesting landing
MPCTASK: LANDING: start z=0.71, hold=(-0.09,-0.29)
MPCTASK: TIMING SUMMARY: max_step_cycles=7012146 deadline_cycles=8400000 overruns=0
MPCTASK: POSTHOC SUMMARY: active=368 infeasible=216
