s up and running!
SYS: Build 2:de14ff9f08ae (2025.09.1 +2) MODIFIED
SYS: I am 0x373930393434471500370039 and I have 1024KB of flash!
CFGBLK: v1, verification [OK]
DECK_DISCOVERY: Backend found: onewire
DECK_DISCOVERY: Backend found: deckctrl
DECK_CORE: 1 deck(s) found
DECK_CORE: Calling INIT on driver bcFlow2 for deck 0
ZR2: Z-down sensor [OK]
PMW: Motion chip id: 0x49:0xB6
IMU: BMI088: Using I2C interface.
IMU: BMI088 Gyro connection [OK].
IMU: BMI088 Accel connection [OK]
IMU: BMP390 I2C connection [OK]
ESTIMATOR: Using Kalman (2) estimator
CONTROLLER: Using PID (1) controller
MTR-DRV: Using brushless motor driver
SYS: About to run tests in system.c.
SYS: NRF51 version: 2026.04 (C21B)
EEPROM: I2C connection [OK].
STORAGE: Storage check [OK].
IMU: BMI088 gyro self-test [OK]
DECK_CORE: Deck 0 test [OK].
SYS: Self test passed!
STAB: Wait for sensor calibration...
SYS: Free heap: 15048 bytes
MPCTASK: Waiting for activation ...
STAB: Starting stabilizer loop
STAB: WARNING: stabilizer loop rate is off (1004)
SUP: Ready to fly
MPCTASK: Benchmark mode 2, maneuver 4, max_iter 5, task_pri 0
MPCTASK: Reference altitude: 0.70 m; barrier skip when z>0.75 and vz>-0.20
MPCTASK: OOT takeoff: cfclient trigger>=0.15m ramp=0.15m/s figure8_start=3000ms_at_measured_z target=0.70m timeout=12000ms
MPCTASK: Common baseline: mpc_hz=20 model_hz=20 rho=5 base_w=0 base_qz=1 Qz=100 R=4 bridge=x10 guards=z[ref,ref+0.20] xy=free cap=0.05
MPCTASK: MPC->PID: xyz=x10, z_guard=[ref,ref+0.20], yaw=raw_rz, output_hold=200ms, safety_hold=500ms
MPCTASK: Reference origin: xyz=measured_at_forced_3s_start target_z=0.70 m
MPCTASK: Fixed baseline: w=0 qz=1 adaptive_cache=off
MPCTASK: LIMO posthoc: infeasible=nominal_fallback
MPCTASK: EXP every=2: m,s,tms,p3[mm],v3[mmps],att3[cdeg],ref3[mm],cmd3[mm],h/raw/grad/mar/thr[milli],act/ac/bind,wi/qi/cache/noa,pa/pf/du[milli],it,mpc/eval/total[us],bar/tanh/rl/cache/solve/step[cycles],overruns,post_active/post_infeasible_totals,wreq/w/qzreq/qz[milli],max_step_cycles
MPCTASK: Figure8: source=traj_fig8_12.h source_hz=100 samples=1205 laps=2 duration=24.07 s origin=forced_3s_start start_delay=3000ms z_baseline=measured_at_start
CONTROLLER: Using OutOfTree (6) controller
MPCTASK: Trajectory origin: x=-0.0 y=0.09
MPCTASK: OOT activated at z=0.01
MPCTASK: TAKEOFF START: trigger_z=0.15 start_z=0.01 target=0.70 hold=(-0.0,0.06) ramp=0.15m/s
MPCTASK: OOT loop 1 done
MPCTAMPCTASK: OOT loop 2 done
SK: MPC task loop 1
MPCTASK: x0: pos=(-0.0,0.06,0.MPCTASK: OOT loop 3 done
01) vel=(-0.0,-0.05,-0.0)
MPCTASK: ref: (-0.0,0.06,0.01)
MPCTASK: MPC solve start
MPCTASK: MPC solve done, iter=5
MPCTASK: MPC time=24496 us
MPCTASK: MPC stack free=1083 words
MPCTASK: setpoint: x=-0.0 y=0.06 z=0.07 preview_z=0.07
MPCTASK: MPC task loop 2
MPCTASK: MPC task loop 3
MPCTASK: TAKEOFF COMPLETE: t=3000ms z=0.43 vz=0.29; trajectory queued origin=(-0.12,0.14,0.43)
MPCTASK: TRAJ START: z=0.44 origin=(-0.12,0.14,0.43) EXP clock reset; Z metric begins at t+3s
MPCTASK: EXP,2,2,79,-130,140,461,40,-70,314,-200,59,-1136,-126,143,439,-176,456,444,-238,-65,478,69,69,1,1,0,0,0,0,0,1,1,0,5,18028,10230,28331,1739140,0,0,0,3064617,4816314,0,2,2,0,0,1000,1000,6214098
MPCTASK: EXP,2,4,180,-145,152,487,0,12,178,-727,213,-793,-137,162,439,-161,542,446,-212,258,795,69,69,1,1,0,0,0,0,0,1,1,0,5,20842,8779,29980,1492293,0,0,0,3543041,5096670,0,4,4,0,0,1000,1000,6214098
MPCTASK: EXP,2,6,282,-159,179,500,-51,206,1,-1405,464,-533,-172,229,439,-155,646,444,-199,-293,813,69,69,1,1,0,0,0,0,0,1,1,0,5,21821,9653,31546,1640796,0,0,0,3709514,5362869,0,6,6,0,0,1000,1000,6214098
MPCTASK: EXP,2,8,382,-201,237,500,-174,501,-66,-1646,484,-491,-225,348,440,-168,770,581,-212,-235,1358,69,69,1,1,0,0,0,0,0,1,0,697,5,21619,8674,31697,1474542,0,0,0,3675153,5388617,0,8,7,0,0,1000,1000,6214098
MPCTASK: EXP,2,10,487,-245,347,490,-246,874,-59,-1442,99,-764,-279,508,439,-144,908,439,-221,31,1114,69,69,1,1,0,0,0,0,0,1,1,0,5,25176,11579,37067,1968352,0,0,0,4279889,6301528,0,10,9,0,0,1000,1000,6301528
MPCTASK: EXP,2,12,584,-298,517,483,-202,1170,18,-340,-875,-1303,-318,687,439,-132,950,609,-216,24,1134,69,69,1,1,0,0,0,0,0,1,0,1100,5,21961,9922,33522,1686788,0,0,0,3733253,5698946,0,12,9,0,0,1000,1000,6614467
MPCTASK: EXP,2,14,683,-341,652,499,1,1092,200,868,-1906,-1555,-325,866,439,0,970,453,-200,144,1048,69,69,1,1,0,0,0,0,0,1,1,0,5,23671,8314,32057,1413164,0,0,0,4023985,5449720,0,14,10,0,0,1000,1000,6614467
MPCTASK: EXP,2,16,784,-345,728,536,285,730,291,1534,-2306,-1678,-294,1026,439,70,836,639,-163,-328,958,69,69,1,1,0,0,0,0,0,1,0,1293,5,21050,10770,33088,1830770,0,0,0,3578405,5624906,0,16,11,0,0,1000,1000,6614467
MPCTASK: EXP,2,18,883,-316,765,557,560,343,158,1474,-2508,-1846,-225,1155,439,74,645,639,-142,-405,1015,69,69,1,1,0,0,0,0,0,1,0,1133,5,24993,7244,33234,1231451,0,0,0,4248713,5649938,0,18,11,0,0,1000,1000,6614467
MPCTASK: EXP,2,20,983,-248,749,551,850,-85,53,1320,-1933,-2049,-125,1244,439,207,579,461,-148,46,947,69,69,1,1,0,0,0,0,0,1,1,0,5,21233,11668,32984,1983330,0,0,0,3609669,5607327,0,20,13,0,0,1000,1000,6614467
MPCTASK: EXP,2,22,1084,-148,659,528,1053,-448,-74,850,-1072,-2013,-6,1290,439,243,412,449,-186,146,911,69,69,1,1,0,0,0,0,0,1,1,0,5,25226,8020,33320,1363194,0,0,0,4288433,5664486,0,22,15,0,0,1000,1000,6614467
MPCTASK: EXP,2,24,1176,-47,575,502,1125,-611,-108,221,111,-1822,116,1292,439,215,310,441,-219,150,856,69,69,1,1,0,0,0,0,0,1,1,0,5,17727,8325,26127,1415174,0,0,0,3013513,4441763,0,24,17,0,0,1000,1000,6614467
MPCTASK: EXP,2,26,1281,92,510,490,1046,-569,-9,-217,1270,-1691,225,1253,439,180,250,441,-211,82,999,69,69,1,1,0,0,0,0,0,1,1,0,5,21282,9564,30919,1625832,0,0,0,3617825,5256222,0,26,19,0,0,1000,1000,6614467
MPCTASK: EXP,2,28,1388,149,480,506,696,-409,94,-221,2174,-1614,308,1177,439,59,246,639,-193,-457,1162,69,69,1,1,0,0,0,0,0,1,0,1053,5,23088,11691,37779,1987465,0,0,0,3924821,6422471,0,28,20,0,0,1000,1000,6614467
MPCTASK: EXP,2,30,1485,174,429,525,288,-305,105,-16,2106,-1429,352,1068,439,46,274,639,-174,-326,1088,69,69,1,1,0,0,0,0,0,1,0,1053,5,22890,10129,34324,1721891,0,0,0,3891170,5835154,0,30,20,0,0,1000,1000,6614467
MPCTASK: EXP,2,32,1583,201,432,543,-47,-208,188,261,1707,-1124,352,934,439,-151,111,462,-156,-231,814,69,69,1,1,0,0,0,0,0,1,1,0,5,22255,10428,32758,1772833,0,0,0,3783413,5568932,0,32,21,0,0,1000,1000,6614467
MPCTASK: EXP,2,34,1687,141,419,563,-397,-221,202,747,1406,-1043,304,778,439,-285,20,470,-136,-101,701,69,69,1,1,0,0,0,0,0,1,1,0,5,24798,11761,36632,1999285,0,0,0,4215557,6227417,0,34,22,0,0,1000,1000,6614467
MPCTASK: EXP,2,36,1779,90,440,576,-606,-264,135,821,1019,-1099,214,606,439,-358,-10,476,-123,-126,499,69,69,1,1,0,0,0,0,0,1,1,0,5,19284,9371,28728,1593063,0,0,0,3278141,4939740,0,36,24,0,0,1000,1000,6614467
MPCTASK: EXP,2,38,1884,-11,416,585,-834,-360,47,972,798,-1448,89,423,439,-452,-95,474,-114,100,616,69,69,1,1,0,0,0,0,0,1,1,0,5,22654,10626,33354,1806256,0,0,0,3851201,5670294,0,38,26,0,0,1000,1000,6614467
MPCTASK: EXP,2,40,1981,-135,408,591,-989,-480,79,1123,-86,-1585,-58,235,439,-495,-176,478,-108,196,771,69,69,1,1,0,0,0,0,0,1,1,0,5,21187,9639,30899,1638546,0,0,0,3601842,5252965,0,40,28,0,0,1000,1000,6614467
MPCTASK: EXP,2,42,2081,-195,409,611,-899,-637,123,1353,-1157,-1524,-213,45,439,-211,-63,639,-88,17,749,69,69,1,1,0,0,0,0,0,1,0,1037,5,20449,9291,30806,1579484,0,0,0,3476258,5237076,0,42,28,0,0,1000,1000,6614467
MPCTASK: EXP,2,44,2183,-295,326,640,-742,-914,162,941,-2033,-1344,-360,-140,439,-331,-357,632,-59,191,860,69,69,1,1,0,0,0,0,0,1,0,720,5,19792,10384,33482,1765277,0,0,0,3364590,5692034,0,44,28,0,0,1000,1000,6614467
MPCTASK: EXP,2,46,2287,-359,191,648,-456,-1122,39,151,-1734,-964,-485,-318,439,-277,-456,612,-51,179,878,69,69,1,1,0,0,0,0,0,1,0,630,5,25830,8379,36420,1424426,0,0,0,4390934,6191358,0,46,28,0,0,1000,1000,6614467
MPCTASK: EXP,2,48,2388,-389,45,630,-182,-1173,-61,-440,-1329,-563,-575,-485,439,-286,-446,639,-81,-200,649,69,69,1,1,0,0,0,0,0,1,0,1135,5,21125,13998,37239,2379487,0,0,0,3591266,6330703,0,48,28,0,0,1000,1000,6614467
MPCTASK: EXP,2,50,2489,-379,-67,610,83,-1085,-32,-661,-1123,-389,-621,-635,439,-96,-560,473,-96,-147,538,69,69,1,1,0,0,0,0,0,1,1,0,5,26896,11539,38508,1961500,0,0,0,4572233,6546315,0,50,29,0,0,1000,1000,6716589
MPCTASK: EXP,2,52,2580,-331,-143,607,308,-918,30,-773,-764,-314,-619,-767,439,3,-545,475,-92,-8,436,69,69,1,1,0,0,0,0,0,1,1,0,5,20214,9238,29827,1570345,0,0,0,3436281,5070625,0,52,31,0,0,1000,1000,6716589
MPCTASK: EXP,2,54,2683,-277,-215,603,440,-791,-76,-645,-577,-298,-568,-876,439,78,-539,470,-111,51,502,69,69,1,1,0,0,0,0,0,1,1,0,5,22943,9666,32683,1643141,0,0,0,3900217,5556229,0,54,33,0,0,1000,1000,6716589
MPCTASK: EXP,2,56,2781,-215,-260,593,542,-656,-127,-585,-397,-290,-474,-959,439,134,-500,465,-132,70,596,69,69,1,1,0,0,0,0,0,1,1,0,5,20075,10477,30625,1781002,0,0,0,3412629,5206374,0,56,35,0,0,1000,1000,6716589
MPCTASK: EXP,2,58,2880,-145,-307,578,619,-546,-142,-510,-233,-306,-346,-1016,439,175,-468,461,-149,8,531,69,69,1,1,0,0,0,0,0,1,1,0,5,20065,9884,30027,1680286,0,0,0,3410849,5104606,0,58,37,0,0,1000,1000,6716589
MPCTASK: EXP,2,60,2981,-63,-334,566,669,-431,-116,-465,22,-308,-195,-1045,439,197,-412,458,-156,-47,445,69,69,1,1,0,0,0,0,0,1,1,0,5,19711,10710,30497,1820566,0,0,0,3350870,5184585,0,60,39,0,0,1000,1000,6716589
MPCTASK: EXP,2,62,3082,11,-358,560,656,-325,-85,-511,330,-306,-39,-1044,439,184,-347,458,-156,-83,430,69,69,1,1,0,0,0,0,0,1,1,0,5,20250,9400,29722,1597900,0,0,0,3442421,5052904,0,62,41,0,0,1000,1000,6716589
MPCTASK: EXP,2,64,3184,78,-378,554,586,-215,-82,-615,678,-278,109,-1014,439,146,-273,456,-161,-13,544,69,69,1,1,0,0,0,0,0,1,1,0,5,20906,10188,31165,1731774,0,0,0,3553949,5298147,0,64,43,0,0,1000,1000,6716589
MPCTASK: EXP,2,66,3287,138,-360,549,461,-44,-80,-741,989,-219,235,-956,439,85,-155,455,-166,-90,645,69,69,1,1,0,0,0,0,0,1,1,0,5,22853,11610,34535,1973519,0,0,0,3885037,5871139,0,66,45,0,0,1000,1000,6716589
MPCTASK: EXP,2,68,3387,179,-358,541,283,93,-94,-815,1199,-142,325,-871,439,9,-62,452,-177,-51,924,69,69,1,1,0,0,0,0,0,1,1,0,5,21561,13334,34975,2266536,0,0,0,3665415,5945771,0,68,47,0,0,1000,1000,6716589
MPCTASK: EXP,2,70,3488,208,-334,534,83,254,-99,-928,1344,-27,371,-760,439,-69,53,610,-185,-56,1128,69,69,1,1,0,0,0,0,0,1,0,801,5,24595,9097,35494,1546475,0,0,0,4180945,6033978,0,70,47,0,0,1000,1000,6716589
MPCTASK: EXP,2,72,3586,216,-290,532,-174,457,64,-888,1288,70,368,-628,439,-149,180,455,-167,-149,658,69,69,1,1,0,0,0,0,0,1,1,0,5,21489,10816,34380,1838655,0,0,0,3653005,5844789,0,72,49,0,0,1000,1000,6716589
MPCTASK: EXP,2,74,3687,196,-239,540,-373,598,61,-839,1132,150,317,-476,439,-223,295,457,-159,24,685,69,69,1,1,0,0,0,0,0,1,1,0,5,24947,9546,34566,1622771,0,0,0,4240913,5876266,0,74,51,0,0,1000,1000,6716589
MPCTASK: EXP,2,76,3783,155,-188,541,-537,707,-62,-969,1113,275,222,-309,439,-290,405,453,-170,-18,800,69,69,1,1,0,0,0,0,0,1,1,0,5,19893,10541,30644,1791960,0,0,0,3381665,5209632,0,76,53,0,0,1000,1000,6716589
MPCTASK: EXP,2,78,3883,124,-114,535,-671,850,-95,-968,917,406,93,-131,439,-315,522,450,-183,-109,654,69,69,1,1,0,0,0,0,0,1,1,0,5,20029,10569,30671,1796791,0,0,0,3404721,5214093,0,78,55,0,0,1000,1000,6716589
MPCTASK: EXP,2,80,3982,72,-38,528,-782,963,-79,-697,596,459,-56,52,439,-326,613,449,-186,-110,514,69,69,1,1,0,0,0,0,0,1,1,0,5,20254,9247,29937,1571862,0,0,0,3443090,5089477,0,80,57,0,0,1000,1000,6716589
MPCTASK: EXP,2,82,4084,18,39,520,-815,1016,-76,-393,201,488,-213,239,439,-306,682,447,-195,-88,438,69,69,1,1,0,0,0,0,0,1,1,0,5,24642,7376,32091,1253775,0,0,0,4189138,5455505,0,82,59,0,0,1000,1000,6716589
MPCTASK: EXP,2,84,4186,-44,120,515,-792,1024,-60,-124,-138,545,-362,424,439,-276,733,446,-196,-33,408,69,69,1,1,0,0,0,0,0,1,1,0,5,20552,12489,33112,2122971,0,0,0,3493742,5629138,0,84,61,0,0,1000,1000,6716589
MPCTASK: EXP,2,86,4284,-85,214,512,-696,1026,-63,-92,-319,727,-487,602,439,-221,806,445,-200,4,509,69,69,1,1,0,0,0,0,0,1,1,0,5,22594,8150,30817,1385503,0,0,0,3840801,5238890,0,86,63,0,0,1000,1000,6716589
MPCTASK: EXP,2,88,4389,-125,299,507,-593,1030,-51,-165,-446,928,-577,768,439,-170,861,444,-202,0,547,69,69,1,1,0,0,0,0,0,1,1,0,5,24008,10980,35975,1866514,0,0,0,4081321,6116728,0,88,65,0,0,1000,1000,6716589
MPCTASK: EXP,2,90,4489,-186,350,506,-525,977,-57,-155,-647,1035,-623,919,439,-139,869,444,-205,-123,515,69,69,1,1,0,0,0,0,0,1,1,0,5,26399,8887,35364,1510841,0,0,0,4487754,6011875,0,90,67,0,0,1000,1000,6716589
MPCTASK: EXP,2,92,4587,-252,434,504,-419,982,-55,180,-1129,801,-620,1051,439,-100,879,443,-206,71,944,69,69,1,1,0,0,0,0,0,1,1,0,5,20670,13749,34497,2337233,0,0,0,3513793,5864608,0,92,69,0,0,1000,1000,6716589
MPCTASK: EXP,2,94,4690,-300,515,505,-217,912,-47,556,-1549,420,-569,1160,439,-48,870,444,-204,-355,978,69,69,1,1,0,0,0,0,0,1,1,0,5,26016,10010,36182,1701535,0,0,0,4422591,6150977,0,94,71,0,0,1000,1000,6716589
MPCTASK: EXP,2,96,4792,-320,587,503,36,798,-69,605,-1636,122,-475,1245,439,-115,730,612,-210,-358,1170,69,69,1,1,0,0,0,0,0,1,0,953,5,26515,9978,38319,1696139,0,0,0,4507489,6514311,0,96,71,0,0,1000,1000,6716589
MPCTASK: EXP,2,98,4889,-312,642,494,312,634,10,790,-1310,-137,-346,1302,439,34,786,442,-205,-161,789,69,69,1,1,0,0,0,0,0,1,1,0,5,25198,10773,36051,1831316,0,0,0,4283562,6128748,0,98,73,0,0,1000,1000,6716589
MPCTASK: EXP,2,100,4988,-277,682,495,521,429,56,878,-1112,-312,-195,1331,439,71,713,444,-204,-115,653,69,69,1,1,0,0,0,0,0,1,1,0,5,22694,11453,34431,1946883,0,0,0,3857913,5853319,0,100,75,0,0,1000,1000,6716589
MPCTASK: EXP,2,102,5084,-237,686,493,644,229,-23,744,-744,-372,-38,1330,439,64,626,441,-211,-94,595,69,69,1,1,0,0,0,0,0,1,1,0,5,22399,7699,30179,1308788,0,0,0,3807803,5130531,0,102,77,0,0,1000,1000,6716589
MPCTASK: EXP,2,104,5192,-175,684,479,719,90,-73,491,-149,-476,109,1301,439,41,549,439,-234,-61,578,69,69,1,1,0,0,0,0,0,1,1,0,5,23007,14192,37437,2412631,0,0,0,3911045,6364296,0,104,79,0,0,1000,1000,6716589
MPCTASK: EXP,2,106,5289,-105,694,476,693,5,-9,640,292,-629,235,1242,439,9,470,439,-225,-134,530,69,69,1,1,0,0,0,0,0,1,1,0,5,24242,10637,35302,1808334,0,0,0,4121002,6001393,0,106,81,0,0,1000,1000,6716589
MPCTASK: EXP,2,108,5388,-50,669,482,581,-145,28,812,714,-687,325,1157,439,-54,355,440,-217,-140,549,69,69,1,1,0,0,0,0,0,1,1,0,5,20377,10912,31368,1854808,0,0,0,3464126,5332618,0,108,83,0,0,1000,1000,6716589
MPCTASK: EXP,2,110,5482,-3,652,494,414,-251,41,800,1073,-731,371,1047,439,-123,266,444,-205,-98,696,69,69,1,1,0,0,0,0,0,1,1,0,5,18106,7422,25599,1261664,0,0,0,3077930,4352019,0,110,85,0,0,1000,1000,6716589
MPCTASK: EXP,2,112,5588,-4,617,500,145,-372,-2,876,1375,-740,368,914,439,-239,161,444,-200,-30,1009,69,69,1,1,0,0,0,0,0,1,1,0,5,20902,10858,31831,1845275,0,0,0,3553325,5411431,0,112,87,0,0,1000,1000,6716589
MPCTASK: EXP,2,114,5686,-24,566,500,-142,-507,-24,932,1342,-797,317,762,439,-334,38,443,-203,-256,822,69,69,1,1,0,0,0,0,0,1,1,0,5,22725,7092,29891,1205582,0,0,0,3863181,5081511,0,114,89,0,0,1000,1000,6716589
MPCTASK: EXP,2,116,5788,-77,532,492,-400,-626,-77,1295,910,-875,222,595,439,-414,-71,439,-222,-248,786,69,69,1,1,0,0,0,0,0,1,1,0,5,19750,10357,31274,1760619,0,0,0,3357382,5316638,0,116,91,0,0,1000,1000,6716589
MPCTASK: EXP,2,118,5890,-154,477,485,-626,-789,-16,994,742,-1176,93,417,439,-503,-159,439,-217,-107,654,69,69,1,1,0,0,0,0,0,1,1,0,5,24071,9112,33618,1549068,0,0,0,4091966,5715130,0,118,93,0,0,1000,1000,6716589
MPCTASK: EXP,2,120,5984,-255,411,481,-805,-876,25,522,313,-1215,-56,233,439,-553,-229,440,-218,19,613,69,69,1,1,0,0,0,0,0,1,1,0,5,18107,9340,27812,1587754,0,0,0,3078249,4728230,0,120,95,0,0,1000,1000,6716589
MPCTASK: EXP,2,122,6092,-367,342,486,-871,-905,60,207,-279,-1008,-213,46,439,-569,-287,442,-213,43,569,69,69,1,1,0,0,0,0,0,1,1,0,5,23358,11563,34993,1965472,0,0,0,3970921,5948814,0,122,97,0,0,1000,1000,6716589
MPCTASK: EXP,2,124,6188,-464,263,494,-804,-912,23,47,-900,-623,-362,-138,439,-534,-351,443,-205,-9,696,69,69,1,1,0,0,0,0,0,1,1,0,5,20674,11137,31882,1893095,0,0,0,3514513,5420031,0,124,99,0,0,1000,1000,6716589
MPCTASK: EXP,2,126,6286,-523,185,504,-601,-912,-23,204,-1554,-205,-487,-316,439,-431,-416,444,-200,-239,951,69,69,1,1,0,0,0,0,0,1,1,0,5,20444,8813,30063,1498190,0,0,0,3459971,5110831,0,126,101,0,0,1000,1000,6716589
MPCTASK: EXP,2,128,6390,-552,115,504,-309,-923,-115,448,-1849,102,-577,-482,439,-402,-385,541,-218,-448,1712,69,69,1,1,0,0,0,0,0,1,0,508,5,21653,10361,33645,1761218,0,0,0,3680870,5719735,0,128,101,0,0,1000,1000,6716589
MPCTASK: EXP,2,130,6494,-541,28,491,79,-982,-68,369,-1721,250,-623,-633,439,-371,-334,626,-221,-428,1183,69,69,1,1,0,0,0,0,0,1,0,944,5,26017,9016,36894,1532580,0,0,0,4422897,6271975,0,130,101,0,0,1000,1000,6716589
MPCTASK: EXP,2,132,6591,-495,-53,479,436,-990,16,154,-1386,223,-620,-765,439,-46,-546,439,-220,-234,841,69,69,1,1,0,0,0,0,0,1,1,0,5,20529,12050,32653,2048442,0,0,0,3489898,5551070,0,132,103,0,0,1000,1000,6716589
MPCTASK: EXP,2,134,6691,-413,-123,465,706,-945,-16,-79,-924,69,-569,-874,439,69,-545,439,-237,-145,682,69,69,1,1,0,0,0,0,0,1,1,0,5,20836,11584,32492,1969205,0,0,0,3542069,5523690,0,134,105,0,0,1000,1000,6716589
MPCTASK: EXP,2,136,6791,-328,-181,462,853,-869,-13,-148,-592,-140,-475,-959,439,145,-526,439,-240,-107,565,69,69,1,1,0,0,0,0,0,1,1,0,5,21109,11591,32771,1970277,0,0,0,3588485,5571178,0,136,107,0,0,1000,1000,6716589
MPCTASK: EXP,2,138,6891,-232,-243,462,944,-801,9,-254,-256,-342,-346,-1016,439,197,-503,439,-237,-102,455,69,69,1,1,0,0,0,0,0,1,1,0,5,23149,9244,32716,1571415,0,0,0,3935301,5561833,0,138,109,0,0,1000,1000,6716589
MPCTASK: EXP,2,140,6991,-141,-298,467,951,-706,43,-425,165,-506,-195,-1045,439,206,-458,439,-232,-120,479,69,69,1,1,0,0,0,0,0,1,1,0,5,20236,11916,32225,2025709,0,0,0,3439925,5478213,0,140,111,0,0,1000,1000,6716589
MPCTASK: EXP,2,142,7090,-39,-354,476,916,-597,54,-600,572,-581,-38,-1044,439,203,-409,439,-223,-131,512,69,69,1,1,0,0,0,0,0,1,1,0,5,21981,9286,31912,1578400,0,0,0,3736809,5425126,0,142,113,0,0,1000,1000,6716589
MPCTASK: EXP,2,144,7193,50,-377,487,811,-417,38,-774,968,-582,109,-1014,439,166,-314,442,-212,-169,584,69,69,1,1,0,0,0,0,0,1,1,0,5,22598,11827,34510,1921595,0,0,0,3841625,5866879,0,144,115,0,0,1000,1000,6716589
MPCTASK: EXP,2,146,7292,117,-413,494,633,-267,-7,-931,1317,-500,235,-956,439,98,-237,442,-206,-148,789,69,69,1,1,0,0,0,0,0,1,1,0,5,23664,9483,33441,1612086,0,0,0,4022749,5685067,0,146,117,0,0,1000,1000,6716589
MPCTASK: EXP,2,148,7392,159,-432,492,400,-85,-70,-1102,1494,-391,325,-871,439,8,-143,439,-221,-228,1015,69,69,1,1,0,0,0,0,0,1,1,0,5,21282,11788,33143,2003930,0,0,0,3617957,5634474,0,148,119,0,0,1000,1000,6716589
MPCTASK: EXP,2,150,7497,184,-435,482,148,118,-116,-1216,1533,-230,371,-760,439,58,-172,590,-240,-192,1349,69,69,1,1,0,0,0,0,0,1,0,784,5,25629,11455,38670,1947272,0,0,0,4356892,6573926,0,150,119,0,0,1000,1000,6716589
MPCTASK: EXP,2,152,7591,179,-412,477,-138,366,30,-1044,1208,-104,368,-628,439,-156,72,439,-222,-8,877,69,69,1,1,0,0,0,0,0,1,1,0,5,20071,12592,32735,2140571,0,0,0,3411945,5565088,0,152,121,0,0,1000,1000,6716589
MPCTASK: EXP,2,154,7689,139,-364,480,-340,535,45,-815,819,15,317,-476,439,-235,187,440,-219,-74,610,69,69,1,1,0,0,0,0,0,1,1,0,5,21686,9369,31398,1592712,0,0,0,3686592,5337790,0,154,123,0,0,1000,1000,6781237
MPCTASK: EXP,2,156,7792,103,-316,483,-462,653,-39,-1053,836,252,222,-309,439,-292,304,439,-224,-109,739,69,69,1,1,0,0,0,0,0,1,1,0,5,21317,11579,33213,1968245,0,0,0,3623769,5646385,0,156,125,0,0,1000,1000,6781237
MPCTASK: EXP,2,158,7892,56,-247,482,-593,816,-61,-1091,717,440,93,-131,439,-331,424,439,-229,-172,748,69,69,1,1,0,0,0,0,0,1,1,0,5,23034,9275,32953,1576557,0,0,0,3915733,5602073,0,158,127,0,0,1000,1000,6781237
MPCTASK: EXP,2,160,7993,12,-181,480,-672,929,-54,-782,430,545,-56,52,439,-332,504,439,-230,-157,588,69,69,1,1,0,0,0,0,0,1,1,0,5,22038,12089,34199,2055051,0,0,0,3746353,5813976,0,160,129,0,0,1000,1000,6781237
MPCTASK: EXP,2,162,8092,-43,-97,478,-706,1006,-40,-446,98,613,-213,239,439,-316,582,439,-229,-110,491,69,69,1,1,0,0,0,0,0,1,1,0,5,22933,10020,33025,1703395,0,0,0,3898513,5614330,0,162,131,0,0,1000,1000,6781237
MPCTASK: EXP,2,164,8193,-94,-15,477,-670,1023,-32,-187,-238,653,-362,424,439,-273,639,439,-229,-54,469,69,69,1,1,0,0,0,0,0,1,1,0,5,19907,12917,33089,2195874,0,0,0,3384109,5625212,0,164,133,0,0,1000,1000,6781237
MPCTASK: EXP,2,166,8292,-134,36,473,-564,959,-38,-65,-575,661,-487,602,439,-202,655,439,-233,-56,595,69,69,1,1,0,0,0,0,0,1,1,0,5,22349,9965,32599,1693961,0,0,0,3799249,5541910,0,166,135,0,0,1000,1000,6781237
MPCTASK: EXP,2,168,8397,-159,83,474,-408,893,-26,-67,-790,668,-577,768,439,-120,666,439,-230,-74,662,69,69,1,1,0,0,0,0,0,1,1,0,5,26978,10243,37539,1741115,0,0,0,4586293,6381773,0,168,137,0,0,1000,1000,6781237
MPCTASK: EXP,2,170,8492,-170,169,470,-232,927,-68,-246,-854,708,-623,919,439,-43,730,439,-243,19,889,69,69,1,1,0,0,0,0,0,1,1,0,5,22633,10478,33194,1781293,0,0,0,3847677,5642929,0,170,139,0,0,1000,1000,6781237
MPCTASK: EXP,2,172,8591,-162,228,463,-51,925,-75,-238,-898,816,-620,1051,439,40,749,439,-251,4,938,69,69,1,1,0,0,0,0,0,1,1,0,5,19014,11283,30370,1918053,0,0,0,3232333,5162965,0,172,141,0,0,1000,1000,6781237
MPCTASK: EXP,2,174,8690,-146,298,454,112,941,-70,-152,-786,935,-569,1160,439,97,766,439,-259,-58,773,69,69,1,1,0,0,0,0,0,1,1,0,5,20276,9462,29811,1608411,0,0,0,3446937,5067917,0,174,143,0,0,1000,1000,6781237
MPCTASK: EXP,2,176,8797,-123,367,448,245,935,-32,-31,-640,1003,-474,1245,439,137,766,439,-257,-121,607,69,69,1,1,0,0,0,0,0,1,1,0,5,23050,13916,37038,2365576,0,0,0,3918461,6296615,0,176,145,0,0,1000,1000,6781237
MPCTASK: EXP,2,178,8892,-99,474,447,342,952,-6,346,-568,893,-346,1302,439,157,781,439,-253,-151,560,69,69,1,1,0,0,0,0,0,1,1,0,5,21599,9810,31619,1667579,0,0,0,3671830,5375284,0,178,147,0,0,1000,1000,6781237
MPCTASK: EXP,2,180,8991,-86,544,448,389,841,-9,741,-439,583,-195,1331,439,138,724,439,-253,120,848,69,69,1,1,0,0,0,0,0,1,1,0,5,20028,10686,30787,1816625,0,0,0,3404637,5233836,0,180,149,0,0,1000,1000,6781237
MPCTASK: EXP,2,182,9091,-73,621,457,421,665,38,1315,-515,59,-38,1330,439,114,652,439,-242,-195,840,69,69,1,1,0,0,0,0,0,1,1,0,5,20801,9322,30357,1584725,0,0,0,3535953,5160652,0,182,151,0,0,1000,1000,6781237
MPCTASK: EXP,2,184,9197,-53,660,465,449,396,37,1428,-365,-322,109,1301,439,69,555,439,-234,-221,894,69,69,1,1,0,0,0,0,0,1,1,0,5,25567,11598,37237,1971612,0,0,0,4346271,6330460,0,184,153,0,0,1000,1000,6781237
MPCTASK: EXP,2,186,9293,-26,676,468,426,139,7,1323,5,-708,234,1243,439,9,451,439,-231,-278,810,69,69,1,1,0,0,0,0,0,1,1,0,5,21713,9831,31855,1671154,0,0,0,3691209,5415530,0,186,155,0,0,1000,1000,6781237
MPCTASK: EXP,2,188,9397,-11,666,465,311,-132,-27,1386,326,-975,324,1158,439,-76,319,439,-240,-201,962,69,69,1,1,0,0,0,0,0,1,1,0,5,20578,13639,34290,2318521,0,0,0,3498233,5829336,0,188,157,0,0,1000,1000,6781237
MPCTASK: EXP,2,190,9496,1,653,463,176,-337,-23,1372,553,-1101,369,1048,439,-155,209,439,-240,-275,849,69,69,1,1,0,0,0,0,0,1,1,0,5,25178,8541,33792,1451928,0,0,0,4280167,5744673,0,190,159,0,0,1000,1000,6781237
MPCTASK: EXP,2,192,9597,-11,605,457,-11,-548,-68,1346,739,-1329,366,916,439,-250,75,439,-256,-232,926,69,69,1,1,0,0,0,0,0,1,1,0,5,23801,10576,34449,1797917,0,0,0,4046121,5856469,0,192,161,0,0,1000,1000,6781237
MPCTASK: EXP,2,194,9695,-50,534,453,-212,-753,-67,1315,700,-1457,315,765,439,-333,-70,439,-260,-244,856,69,69,1,1,0,0,0,0,0,1,1,0,5,20920,10860,31852,1846168,0,0,0,3556329,5414926,0,194,163,0,0,1000,1000,6781237
MPCTASK: EXP,2,196,9794,-72,474,447,-362,-874,-28,859,555,-1546,220,598,439,-376,-154,439,-258,-175,626,69,69,1,1,0,0,0,0,0,1,1,0,5,20936,9857,30866,1675709,0,0,0,3558905,5247209,0,196,165,0,0,1000,1000,6781237
MPCTASK: EXP,2,198,9898,-146,403,448,-532,-916,11,213,605,-1298,92,419,439,-451,-207,439,-251,-33,673,69,69,1,1,0,0,0,0,0,1,1,0,5,24224,10385,34681,1765328,0,0,0,4118009,5895932,0,198,167,0,0,1000,1000,6781237
MPCTASK: EXP,2,200,9996,-226,319,447,-650,-888,-1,-130,304,-873,-57,234,439,-480,-274,439,-252,-30,581,69,69,1,1,0,0,0,0,0,1,1,0,5,20563,12196,33169,2073139,0,0,0,3495733,5638782,0,200,169,0,0,1000,1000,6781237
MPCTASK: EXP,2,202,10095,-304,249,449,-689,-859,16,6,-256,-477,-212,44,439,-470,-341,439,-250,6,605,69,69,1,1,0,0,0,0,0,1,1,0,5,23142,8312,31939,1413054,0,0,0,3933962,5429724,0,202,171,0,0,1000,1000,6781237
MPCTASK: EXP,2,204,10198,-358,187,455,-587,-830,18,170,-731,-103,-358,-142,439,-412,-389,439,-244,-162,583,69,69,1,1,0,0,0,0,0,1,1,0,5,24036,10923,35030,1856794,0,0,0,4085977,5955221,0,204,173,0,0,1000,1000,6781237
MPCTASK: EXP,2,206,10298,-403,118,461,-412,-828,-13,349,-1002,183,-480,-324,439,-341,-437,439,-241,-140,736,69,69,1,1,0,0,0,0,0,1,1,0,5,23753,10483,34314,1782102,0,0,0,4037949,5833376,0,206,175,0,0,1000,1000,6781237
MPCTASK: EXP,2,208,10397,-422,38,459,-211,-874,-54,420,-1111,331,-566,-495,439,-261,-485,439,-250,-58,992,69,69,1,1,0,0,0,0,0,1,1,0,5,20612,12666,33361,2153248,0,0,0,3504102,5671481,0,208,177,0,0,1000,1000,6781237
MPCTASK: EXP,2,210,10494,-414,-41,452,5,-920,-81,358,-1123,377,-609,-650,439,-177,-513,439,-263,-101,1065,69,69,1,1,0,0,0,0,0,1,1,0,5,20198,10489,30997,1782745,0,0,0,3433562,5269412,0,210,179,0,0,1000,1000,6781237
MPCTASK: EXP,2,212,10598,-389,-130,440,224,-946,-94,126,-1032,337,-604,-784,439,-102,-522,439,-278,-213,894,69,69,1,1,0,0,0,0,0,1,1,0,5,20063,14080,34216,2393602,0,0,0,3410522,5816741,0,212,181,0,0,1000,1000,6781237
MPCTASK: EXP,2,214,10698,-343,-215,424,426,-918,-82,-211,-846,214,-553,-893,439,-37,-499,439,-291,-214,732,69,69,1,1,0,0,0,0,0,1,1,0,5,23535,10584,34199,1799168,0,0,0,4000797,5813939,0,214,183,0,0,1000,1000,6781237
MPCTASK: EXP,2,216,10795,-277,-286,417,589,-814,-19,-557,-532,51,-464,-971,439,10,-444,439,-286,-159,600,69,69,1,1,0,0,0,0,0,1,1,0,5,20480,11091,31935,1885318,0,0,0,3481509,5429046,0,216,185,0,0,1000,1000,6781237
MPCTASK: EXP,2,218,10896,-199,-334,418,682,-637,41,-845,-107,-94,-348,-1014,439,34,-361,439,-281,-191,674,69,69,1,1,0,0,0,0,0,1,1,0,5,22762,9806,32642,1666952,0,0,0,3869544,5549108,0,218,187,0,0,1000,1000,6781237
MPCTASK: EXP,2,220,10997,-124,-367,424,685,-430,60,-1036,333,-200,-219,-1018,439,34,-276,439,-275,-228,719,69,69,1,1,0,0,0,0,0,1,1,0,5,22988,10536,33596,1791007,0,0,0,3907877,5711493,0,220,189,0,0,1000,1000,6781237
MPCTASK: EXP,2,222,11093,-43,-380,438,634,-199,82,-1149,766,-216,-95,-980,439,31,-193,439,-261,-238,733,69,69,1,1,0,0,0,0,0,1,1,0,5,21233,8898,30209,1512542,0,0,0,3609489,5135661,0,222,191,0,0,1000,1000,6781237
MPCTASK: EXP,2,224,11197,7,-393,448,478,-6,50,-1176,1092,-190,10,-900,439,9,-151,439,-251,-28,881,69,69,1,1,0,0,0,0,0,1,1,0,5,23263,10186,33821,1731478,0,0,0,3954626,5749616,0,224,193,0,0,1000,1000,6781237
MPCTASK: EXP,2,226,11297,38,-386,449,283,185,-10,-1077,1153,-140,84,-781,439,-10,-125,439,-252,-79,860,69,69,1,1,0,0,0,0,0,1,1,0,5,22816,10091,32981,1715297,0,0,0,3878630,5606975,0,226,195,0,0,1000,1000,6781237
MPCTASK: EXP,2,228,11393,60,-358,449,105,358,-28,-851,1022,-35,117,-629,439,-26,-90,439,-256,-212,711,69,69,1,1,0,0,0,0,0,1,1,0,5,19650,10312,30034,1752914,0,0,0,3340450,5105977,0,228,197,0,0,1000,1000,6781237
MPCTASK: EXP,2,230,11497,64,-305,445,-53,501,-32,-527,786,117,110,-456,439,-45,-41,439,-261,-165,649,69,69,1,1,0,0,0,0,0,1,1,0,5,21266,12693,34032,2157620,0,0,0,3615245,5785484,0,230,199,0,0,1000,1000,6781237
MPCTASK: EXP,2,232,11598,50,-271,441,-173,518,-18,-126,517,253,69,-277,439,-70,-24,439,-261,-145,551,69,69,1,1,0,0,0,0,0,1,1,0,5,24036,10739,34856,1825624,0,0,0,4085981,5925491,0,232,201,0,0,1000,1000,6781237
MPCTASK: EXP,2,234,11694,33,-227,441,-233,502,9,84,241,401,8,-112,440,-97,31,440,-258,-41,549,69,69,1,1,0,0,0,0,0,1,1,0,5,20797,9856,30726,1585802,0,0,0,3535481,5223505,0,234,203,0,0,1000,1000,6781237
MPCTASK: EXP,2,236,11798,18,-197,444,-239,440,21,138,80,508,-54,20,439,-129,104,439,-255,17,606,69,69,1,1,0,0,0,0,0,1,1,0,5,23680,10791,34543,1834319,0,0,0,4025509,5872453,0,236,205,0,0,1000,1000,6781237
MPCTASK: EXP,2,238,11896,3,-163,449,-229,408,17,-24,42,572,-102,104,439,-171,220,439,-250,-21,504,69,69,1,1,0,0,0,0,0,1,1,0,5,20002,13083,33158,2224039,0,0,0,3400145,5636982,0,238,207,0,0,1000,1000,6781237
MPCTASK: EXP,2,240,11995,-3,-144,446,-209,391,-16,-361,90,600,-123,139,439,-191,329,439,-256,-121,500,69,69,1,1,0,0,0,0,0,1,1,0,5,21938,10350,32369,1759320,0,0,0,3729422,5502745,0,240,209,0,0,1000,1000,6781237
MPCTASK: EXP,2,242,12093,-8,-125,447,-209,440,-5,-822,178,599,-126,143,439,-185,434,439,-253,-183,629,69,69,1,1,0,0,0,0,0,1,1,0,5,21131,7817,29021,1328778,0,0,0,3592282,4933518,0,242,211,0,0,1000,1000,6781237
MPCTASK: EXP,2,244,12198,-17,-92,449,-235,572,-1,-1162,219,588,-130,150,439,-155,525,439,-250,-96,881,69,69,1,1,0,0,0,0,0,1,1,0,5,22958,11372,34406,1933178,0,0,0,3902937,5849128,0,244,213,0,0,1000,1000,6781237
MPCTASK: EXP,2,246,12295,-30,-36,451,-266,753,-12,-1202,146,564,-155,196,439,-118,616,439,-251,-116,913,69,69,1,1,0,0,0,0,0,1,1,0,5,25227,6203,31513,1054545,0,0,0,4288441,5357227,0,246,215,0,0,1000,1000,6781237
MPCTASK: EXP,2,248,12397,-37,37,446,-254,917,-41,-935,-75,539,-202,295,439,-56,690,439,-261,-211,704,69,69,1,1,0,0,0,0,0,1,1,0,5,20744,13088,34238,2224874,0,0,0,3526297,5820493,0,248,217,0,0,1000,1000,6781237
MPCTASK: EXP,2,250,12498,-29,151,436,-174,1086,-53,-591,-341,551,-258,440,439,29,784,439,-274,-157,599,69,69,1,1,0,0,0,0,0,1,1,0,5,24891,8874,34160,1508517,0,0,0,4231286,5807288,0,250,219,0,0,1000,1000,6781237
MPCTASK: EXP,2,252,12596,-29,242,432,-82,1127,-5,-220,-478,567,-305,614,439,94,820,439,-268,-35,652,69,69,1,1,0,0,0,0,0,1,1,0,5,20125,12873,33072,2188311,0,0,0,3421261,5622189,0,252,221,0,0,1000,1000,6781237
MPCTASK: EXP,2,254,12700,-24,322,435,18,1093,14,14,-498,639,-326,796,439,141,826,439,-264,15,724,69,69,1,1,0,0,0,0,0,1,1,0,5,24011,13139,37223,2233515,0,0,0,4081653,6327948,0,254,223,0,0,1000,1000,6781237
MPCTASK: EXP,2,256,12797,-19,397,439,103,1024,28,160,-512,735,-311,965,439,172,817,439,-260,-10,677,69,69,1,1,0,0,0,0,0,1,1,0,5,24691,9489,34261,1613073,0,0,0,4197442,5824419,0,256,225,0,0,1000,1000,6781237
MPCTASK: EXP,2,258,12896,21,467,445,242,936,46,337,-446,829,-257,1108,439,220,792,439,-254,-36,608,69,69,1,1,0,0,0,0,0,1,1,0,5,22800,9271,32143,1575983,0,0,0,3875950,5464394,0,258,227,0,0,1000,1000,6781237
MPCTASK: EXP,2,260,12996,40,533,449,291,829,14,555,-199,829,-168,1214,439,206,752,439,-250,-12,663,69,69,1,1,0,0,0,0,0,1,1,0,5,20166,12080,32318,2053417,0,0,0,3428097,5494129,0,260,229,0,0,1000,1000,6781237
MPCTASK: EXP,2,262,13099,82,624,450,350,749,-26,804,-8,728,-55,1277,439,194,728,439,-255,-25,761,69,69,1,1,0,0,0,0,0,1,1,0,5,23004,12651,35741,2150719,0,0,0,3910469,6076067,0,262,231,0,0,1000,1000,6781237
MPCTASK: EXP,2,264,13193,84,672,451,277,541,0,1159,218,473,67,1296,439,123,635,439,-248,-255,764,69,69,1,1,0,0,0,0,0,1,1,0,5,19056,10981,30480,1866719,0,0,0,3239458,5181695,0,264,233,0,0,1000,1000,6781237
MPCTASK: EXP,2,266,13294,73,708,454,186,306,1,1328,305,102,184,1273,439,28,545,439,-245,-283,845,69,69,1,1,0,0,0,0,0,1,1,0,5,19306,10935,30314,1858947,0,0,0,3281801,5153368,0,266,235,0,0,1000,1000,6781237
MPCTASK: EXP,2,268,13391,68,712,456,76,58,31,1147,532,-211,279,1211,439,-68,440,439,-243,-190,738,69,69,1,1,0,0,0,0,0,1,1,0,5,17678,10034,27785,1705726,0,0,0,3005154,4723493,0,268,237,0,0,1000,1000,6781237
MPCTASK: EXP,2,270,13494,15,707,454,-122,-133,9,1100,583,-377,340,1115,439,-200,337,439,-245,-205,717,69,69,1,1,0,0,0,0,0,1,1,0,5,22030,8629,30733,1467011,0,0,0,3745081,5224703,0,270,239,0,0,1000,1000,6781237
MPCTASK: EXP,2,272,13597,-51,691,454,-289,-315,-18,1241,375,-312,358,990,439,-311,219,439,-249,-210,855,69,69,1,1,0,0,0,0,0,1,1,0,5,20006,12635,32852,2147869,0,0,0,3401061,5584840,0,272,241,0,0,1000,1000,6781237
MPCTASK: EXP,2,274,13697,-119,652,453,-403,-527,-35,1249,256,-88,329,842,439,-400,93,439,-253,-283,845,69,69,1,1,0,0,0,0,0,1,1,0,5,23514,9645,33231,1639501,0,0,0,3997377,5649342,0,274,243,0,0,1000,1000,6781237
MPCTASK: EXP,2,276,13794,-182,592,450,-474,-712,-59,1011,291,226,254,676,439,-469,-25,439,-260,-186,793,69,69,1,1,0,0,0,0,0,1,1,0,5,19652,11057,30781,1879663,0,0,0,3340637,5232922,0,276,245,0,0,1000,1000,6781237
MPCTASK: EXP,2,278,13894,-249,521,447,-532,-867,-34,884,147,599,142,497,439,-504,-144,439,-259,-182,689,69,69,1,1,0,0,0,0,0,1,1,0,5,21030,10081,31186,1713813,0,0,0,3574985,5301812,0,278,247,0,0,1000,1000,6781237
MPCTASK: EXP,2,280,13998,-298,446,443,-503,-975,-34,736,-183,968,2,311,439,-483,-239,439,-263,-172,617,69,69,1,1,0,0,0,0,0,1,1,0,5,23035,11012,34121,1871902,0,0,0,3916009,5800524,0,280,249,0,0,1000,1000,6781237
MPCTASK: EXP,2,282,14097,-348,344,441,-442,-1075,-20,570,-304,1130,-151,121,439,-458,-348,439,-262,-25,679,69,69,1,1,0,0,0,0,0,1,1,0,5,22039,10052,32166,1708753,0,0,0,3746663,5468300,0,282,251,0,0,1000,1000,6781237
MPCTASK: EXP,2,284,14198,-379,248,439,-348,-1121,-12,422,-450,1079,-303,-66,439,-400,-430,439,-262,-60,617,69,69,1,1,0,0,0,0,0,1,1,0,5,21559,12282,33914,2087716,0,0,0,3664969,5765473,0,284,253,0,0,1000,1000,6781237
MPCTASK: EXP,2,286,14298,-388,146,441,-217,-1142,6,252,-565,898,-439,-248,439,-317,-502,439,-258,-39,665,69,69,1,1,0,0,0,0,0,1,1,0,5,22504,11205,33788,1904891,0,0,0,3825762,5744082,0,286,255,0,0,1000,1000,6781237
MPCTASK: EXP,2,288,14397,-392,53,444,-91,-1118,0,114,-658,663,-544,-420,439,-232,-550,439,-255,-77,653,69,69,1,1,0,0,0,0,0,1,1,0,5,22217,9930,32580,1688131,0,0,0,3776774,5538688,0,288,257,0,0,1000,1000,6781237
MPCTASK: EXP,2,290,14497,-379,-36,447,56,-1083,4,66,-742,397,-608,-577,439,-136,-591,439,-252,-62,690,69,69,1,1,0,0,0,0,0,1,1,0,5,22215,10436,32724,1774026,0,0,0,3776505,5563145,0,290,259,0,0,1000,1000,6781237
MPCTASK: EXP,2,292,14598,-359,-130,444,200,-1062,-26,30,-786,144,-626,-717,439,-50,-629,439,-261,-89,716,69,69,1,1,0,0,0,0,0,1,1,0,5,22002,12049,34125,2048325,0,0,0,3740265,5801208,0,292,261,0,0,1000,1000,6781237
MPCTASK: EXP,2,294,14700,-326,-232,443,347,-1049,-19,-102,-796,-96,-594,-835,439,30,-662,439,-260,-113,692,69,69,1,1,0,0,0,0,0,1,1,0,5,22972,12576,35866,2137825,0,0,0,3905166,6097413,0,294,263,0,0,1000,1000,6781237
MPCTASK: EXP,2,296,14800,-273,-320,438,507,-985,-23,-349,-723,-316,-516,-929,439,106,-660,439,-265,-111,674,69,69,1,1,0,0,0,0,0,1,1,0,5,24008,10943,35023,1860200,0,0,0,4081209,5954029,0,296,265,0,0,1000,1000,6781237
MPCTASK: EXP,2,298,14894,-215,-398,439,624,-883,0,-549,-507,-488,-400,-997,439,152,-637,439,-260,-91,593,69,69,1,1,0,0,0,0,0,1,1,0,5,20211,8996,29281,1529245,0,0,0,3435710,4977872,0,298,267,0,0,1000,1000,6781237
MPCTASK: EXP,2,300,14998,-137,-463,441,724,-747,13,-720,-236,-581,-257,-1037,439,190,-592,439,-258,-147,608,69,69,1,1,0,0,0,0,0,1,1,0,5,23994,9646,33716,1639795,0,0,0,4078905,5731731,0,300,269,0,0,1000,1000,6781237
MPCTASK: EXP,2,302,15095,-57,-487,442,768,-534,7,-865,123,-610,-101,-1048,439,197,-496,439,-257,-194,652,69,69,1,1,0,0,0,0,0,1,1,0,5,22693,8131,31227,1382206,0,0,0,3857702,5308784,0,302,271,0,0,1000,1000,6781237
MPCTASK: EXP,2,304,15198,23,-505,445,743,-330,6,-866,499,-587,52,-1030,439,179,-403,439,-254,-167,668,69,69,1,1,0,0,0,0,0,1,1,0,5,23593,9469,33135,1609683,0,0,0,4010737,5633048,0,304,273,0,0,1000,1000,6781237
MPCTASK: EXP,2,306,15299,79,-530,445,622,-175,-10,-854,843,-544,188,-983,439,115,-326,439,-256,-167,669,69,69,1,1,0,0,0,0,0,1,1,0,5,22170,12436,34687,2114066,0,0,0,3768878,5896844,0,306,275,0,0,1000,1000,6781237
MPCTASK: EXP,2,308,15400,126,-539,446,461,-9,-25,-973,1125,-442,294,-908,439,40,-230,439,-258,-227,736,69,69,1,1,0,0,0,0,0,1,1,0,5,23593,11597,35264,1971296,0,0,0,4010821,5994913,0,308,277,0,0,1000,1000,6781237
MPCTASK: EXP,2,310,15494,153,-528,447,250,186,-41,-1115,1322,-312,358,-807,439,-48,-110,439,-260,-143,969,69,69,1,1,0,0,0,0,0,1,1,0,5,21019,9034,30133,1535552,0,0,0,3573181,5122732,0,310,279,0,0,1000,1000,6781237
MPCTASK: EXP,2,312,15598,159,-501,440,13,394,-75,-1229,1398,-149,375,-683,439,-142,17,439,-274,-142,1178,69,69,1,1,0,0,0,0,0,1,1,0,5,22328,10640,33041,1808755,0,0,0,3795734,5616945,0,312,281,0,0,1000,1000,6781237
MPCTASK: EXP,2,314,15694,149,-441,433,-224,634,-80,-1239,1342,29,343,-539,439,-225,164,439,-282,-208,1094,69,69,1,1,0,0,0,0,0,1,1,0,5,20602,7198,28250,1223554,0,0,0,3502329,4802534,0,314,283,0,0,1000,1000,6781237
MPCTASK: EXP,2,316,15797,105,-379,425,-464,828,-60,-1119,1143,131,265,-378,439,-310,290,439,-286,-241,862,69,69,1,1,0,0,0,0,0,1,1,0,5,21003,9735,30811,1654914,0,0,0,3570397,5237926,0,316,285,0,0,1000,1000,6781237
MPCTASK: EXP,2,318,15898,41,-291,424,-664,998,-4,-810,829,208,148,-204,439,-374,410,439,-275,-155,700,69,69,1,1,0,0,0,0,0,1,1,0,5,19712,11183,30981,1901051,0,0,0,3351018,5266852,0,318,287,0,0,1000,1000,6781237
MPCTASK: EXP,2,320,16001,-19,-224,429,-754,1033,48,-377,388,256,5,-21,439,-386,468,439,-270,-125,530,69,69,1,1,0,0,0,0,0,1,1,0,5,23608,9543,33226,1622207,0,0,0,4013274,5648569,0,320,289,0,0,1000,1000,6781237
MPCTASK: EXP,2,322,16101,-87,-131,436,-775,1051,52,-143,7,335,-150,165,439,-378,547,439,-263,-82,469,69,69,1,1,0,0,0,0,0,1,1,0,5,22082,11195,33929,1903021,0,0,0,3753909,5768133,0,322,291,0,0,1000,1000,6781237
MPCTASK: EXP,2,324,16204,-142,-53,443,-713,1013,45,-22,-314,383,-304,351,439,-335,599,439,-256,-35,569,69,69,1,1,0,0,0,0,0,1,1,0,5,24991,11682,36746,1985826,0,0,0,4248477,6246916,0,324,293,0,0,1000,1000,6781237
MPCTASK: EXP,2,326,16302,-189,22,449,-602,974,18,-49,-594,414,-441,532,439,-272,650,439,-250,-43,642,69,69,1,1,0,0,0,0,0,1,1,0,5,21638,13316,35036,2263584,0,0,0,3678193,5956200,0,326,295,0,0,1000,1000,6781237
MPCTASK: EXP,2,328,16401,-213,100,450,-433,958,-14,-148,-798,438,-546,703,439,-184,703,439,-252,-39,746,69,69,1,1,0,0,0,0,0,1,1,0,5,23338,9628,33046,1636692,0,0,0,3967317,5618020,0,328,297,0,0,1000,1000,6781237
MPCTASK: EXP,2,330,16502,-226,181,449,-249,971,-25,-247,-920,459,-611,861,439,-96,758,439,-255,13,901,69,69,1,1,0,0,0,0,0,1,1,0,5,21027,12514,33614,2127279,0,0,0,3574589,5714322,0,330,299,0,0,1000,1000,6781237
MPCTASK: EXP,2,332,16598,-223,247,443,-54,965,-49,-220,-971,488,-627,1001,439,-8,780,439,-266,18,1042,69,69,1,1,0,0,0,0,0,1,1,0,5,20038,9699,29810,1648838,0,0,0,3406285,5067736,0,332,301,0,0,1000,1000,6781237
MPCTASK: EXP,2,334,16700,-201,325,433,142,977,-75,-171,-880,535,-595,1119,439,69,808,439,-281,-88,874,69,69,1,1,0,0,0,0,0,1,1,0,5,20022,11610,31713,1973676,0,0,0,3403793,5391343,0,334,303,0,0,1000,1000,6781237
MPCTASK: EXP,2,336,16801,-175,399,429,292,960,-16,42,-724,625,-517,1214,439,121,807,439,-273,-85,714,69,69,1,1,0,0,0,0,0,1,1,0,5,23002,8938,32012,1519344,0,0,0,3910214,5442179,0,336,305,0,0,1000,1000,6781237
MPCTASK: EXP,2,338,16907,-138,476,428,409,917,0,222,-506,696,-401,1283,439,150,799,439,-271,-125,581,69,69,1,1,0,0,0,0,0,1,1,0,5,25100,13392,38564,2276461,0,0,0,4266966,6556042,0,338,307,0,0,1000,1000,6781237
MPCTASK: EXP,2,340,17002,-109,550,431,454,839,15,431,-283,684,-257,1323,439,143,772,439,-268,-86,571,69,69,1,1,0,0,0,0,0,1,1,0,5,23230,10484,33786,1782132,0,0,0,3949002,5743744,0,340,309,0,0,1000,1000,6781237
MPCTASK: EXP,2,342,17099,-80,630,435,460,745,22,738,-75,584,-101,1334,439,114,736,439,-264,-166,613,69,69,1,1,0,0,0,0,0,1,1,0,5,20579,10534,31194,1790776,0,0,0,3498449,5303131,0,342,311,0,0,1000,1000,6781237
MPCTASK: EXP,2,344,17203,-53,698,445,431,589,45,1100,162,420,52,1316,439,62,667,439,-254,-162,767,69,69,1,1,0,0,0,0,0,1,1,0,5,24225,9582,33882,1628880,0,0,0,4118229,5759901,0,344,313,0,0,1000,1000,6781237
MPCTASK: EXP,2,346,17302,-50,741,450,338,364,-7,1591,189,99,188,1269,439,-10,560,439,-251,-394,1029,69,69,1,1,0,0,0,0,0,1,1,0,5,23999,9876,33947,1678875,0,0,0,4079633,5771121,0,346,315,0,0,1000,1000,6781237
MPCTASK: EXP,2,348,17400,-51,760,451,247,73,-28,1713,196,-250,294,1194,439,-89,440,439,-253,-423,1200,69,69,1,1,0,0,0,0,0,1,1,0,5,23272,8329,31674,1415847,0,0,0,3956185,5384644,0,348,317,0,0,1000,1000,6781237
MPCTASK: EXP,2,350,17498,-73,738,449,130,-234,-35,1810,180,-539,358,1094,439,-179,286,439,-258,-456,1324,69,69,1,1,0,0,0,0,0,1,1,0,5,21363,8886,30322,1510648,0,0,0,3631629,5154738,0,350,319,0,0,1000,1000,6781237
MPCTASK: EXP,2,352,17601,-102,701,443,11,-557,-46,1649,48,-761,375,969,439,-259,140,439,-265,-430,1203,69,69,1,1,0,0,0,0,0,1,1,0,5,21999,10031,32103,1705250,0,0,0,3739629,5457500,0,352,321,0,0,1000,1000,6781237
MPCTASK: EXP,2,354,17698,-145,615,439,-118,-845,-27,1169,422,-861,343,825,439,-367,-5,439,-266,-102,897,69,69,1,1,0,0,0,0,0,1,1,0,5,21062,8779,29915,1492446,0,0,0,3580473,5085532,0,354,323,0,0,1000,1000,6781237
MPCTASK: EXP,2,356,17804,-173,565,436,-257,-910,0,597,721,-769,265,664,439,-437,-65,439,-263,-168,626,69,69,1,1,0,0,0,0,0,1,1,0,5,23688,11730,35703,1994140,0,0,0,4026877,6069632,0,356,325,0,0,1000,1000,6781237
MPCTASK: EXP,2,358,17901,-230,480,437,-419,-973,17,312,611,-472,148,490,439,-494,-160,439,-262,-130,604,69,69,1,1,0,0,0,0,0,1,1,0,5,21568,11737,33378,1995176,0,0,0,3666485,5674273,0,358,327,0,0,1000,1000,6781237
MPCTASK: EXP,2,360,18003,-280,403,441,-500,-941,6,39,277,-116,5,307,439,-503,-222,439,-258,-85,509,69,69,1,1,0,0,0,0,0,1,1,0,5,24007,10733,34815,1824648,0,0,0,4081233,5918497,0,360,329,0,0,1000,1000,6781237
MPCTASK: EXP,2,362,18097,-336,335,442,-530,-904,1,124,-46,93,-150,120,439,-491,-287,439,-257,-83,458,69,69,1,1,0,0,0,0,0,1,1,0,5,18088,10211,28374,1735898,0,0,0,3074809,4823672,0,362,331,0,0,1000,1000,6781237
MPCTASK: EXP,2,364,18202,-377,269,448,-479,-890,14,304,-366,220,-304,-65,439,-440,-352,439,-251,-96,514,69,69,1,1,0,0,0,0,0,1,1,0,5,24972,8666,33710,1473181,0,0,0,4245065,5730863,0,364,333,0,0,1000,1000,6781237
MPCTASK: EXP,2,366,18299,-417,186,455,-406,-942,4,414,-623,286,-441,-246,439,-383,-433,439,-244,-54,636,69,69,1,1,0,0,0,0,0,1,1,0,5,20900,9926,30908,1687349,0,0,0,3552965,5254291,0,366,335,0,0,1000,1000,6781237
MPCTASK: EXP,2,368,18400,-444,81,454,-247,-1009,-38,425,-898,310,-546,-417,439,-295,-521,439,-252,-38,828,69,69,1,1,0,0,0,0,0,1,1,0,5,20161,11478,31711,1951110,0,0,0,3427281,5391004,0,368,337,0,0,1000,1000,6781237
MPCTASK: EXP,2,370,18503,-441,-6,450,-44,-1038,-60,326,-1066,259,-611,-575,439,-188,-572,439,-261,-29,1048,69,69,1,1,0,0,0,0,0,1,1,0,5,21416,13418,34908,2280937,0,0,0,3640678,5934376,0,370,339,0,0,1000,1000,6781237
MPCTASK: EXP,2,372,18600,-427,-99,441,160,-1057,-64,187,-1093,130,-627,-715,439,-92,-614,439,-271,-122,974,69,69,1,1,0,0,0,0,0,1,1,0,5,22686,9023,31780,1533728,0,0,0,3856517,5402705,0,372,341,0,0,1000,1000,6781237
MPCTASK: EXP,2,374,18700,-394,-193,436,353,-1068,-57,-27,-1076,-23,-595,-833,439,-1,-643,439,-274,-212,853,69,69,1,1,0,0,0,0,0,1,1,0,5,20491,11299,32120,1920760,0,0,0,3483342,5460474,0,374,343,0,0,1000,1000,6781237
MPCTASK: EXP,2,376,18800,-331,-287,426,572,-998,-50,-335,-864,-250,-517,-928,439,89,-640,439,-283,-200,721,69,69,1,1,0,0,0,0,0,1,1,0,5,21690,9392,31157,1596648,0,0,0,3687145,5296825,0,376,345,0,0,1000,1000,6781237
MPCTASK: EXP,2,378,18897,-256,-370,422,732,-903,-12,-566,-574,-455,-401,-996,439,154,-621,439,-279,-164,593,69,69,1,1,0,0,0,0,0,1,1,0,5,19922,8845,28842,1503709,0,0,0,3386749,4903202,0,378,347,0,0,1000,1000,6781237
MPCTASK: EXP,2,380,19004,-174,-421,427,822,-730,48,-746,-156,-626,-257,-1037,439,183,-556,439,-272,-179,614,69,69,1,1,0,0,0,0,0,1,1,0,5,23986,12080,36138,2053487,0,0,0,4077493,6143603,0,380,349,0,0,1000,1000,6781237
MPCTASK: EXP,2,382,19102,-92,-461,430,850,-567,47,-817,208,-709,-101,-1048,439,189,-487,439,-269,-186,640,69,69,1,1,0,0,0,0,0,1,1,0,5,21211,11099,32570,1886765,0,0,0,3605682,5536900,0,382,351,0,0,1000,1000,6781237
MPCTASK: EXP,2,384,19203,-13,-482,437,794,-366,43,-851,625,-730,52,-1030,439,158,-395,439,-262,-187,649,69,69,1,1,0,0,0,0,0,1,1,0,5,23099,10851,34024,1844648,0,0,0,3926785,5784045,0,384,353,0,0,1000,1000,6781237
MPCTASK: EXP,2,386,19301,63,-506,449,659,-182,45,-833,1010,-678,188,-983,439,105,-311,439,-250,-82,722,69,69,1,1,0,0,0,0,0,1,1,0,5,20350,10906,31336,1853928,0,0,0,3459449,5327249,0,386,355,0,0,1000,1000,6781237
MPCTASK: EXP,2,388,19401,108,-516,452,471,-20,-12,-922,1243,-581,294,-908,439,24,-217,439,-250,-146,843,69,69,1,1,0,0,0,0,0,1,1,0,5,23377,8369,32153,1422654,0,0,0,3973954,5466105,0,388,357,0,0,1000,1000,7064284
MPCTASK: EXP,2,390,19501,135,-512,449,272,146,-55,-1032,1382,-452,358,-807,439,-57,-113,439,-261,-114,1094,69,69,1,1,0,0,0,0,0,1,1,0,5,20297,10956,31328,1862569,0,0,0,3450401,5325749,0,390,359,0,0,1000,1000,7064284
MPCTASK: EXP,2,392,19607,148,-487,442,39,350,-77,-1140,1424,-278,375,-683,439,-144,10,439,-272,-148,1208,69,69,1,1,0,0,0,0,0,1,1,0,5,26264,11254,37591,1913181,0,0,0,4464701,6390497,0,392,361,0,0,1000,1000,7064284
MPCTASK: EXP,2,394,19703,135,-438,436,-209,572,-68,-1165,1368,-98,343,-539,439,-232,147,439,-276,-206,1071,69,69,1,1,0,0,0,0,0,1,1,0,5,23602,10347,34021,1758853,0,0,0,4012242,5783716,0,394,363,0,0,1000,1000,7064284
MPCTASK: EXP,2,396,19799,99,-377,433,-438,766,-41,-1114,1130,40,265,-378,439,-305,277,439,-275,-226,809,69,69,1,1,0,0,0,0,0,1,1,0,5,19769,10000,29849,1699952,0,0,0,3360701,5074536,0,396,365,0,0,1000,1000,7064284
MPCTASK: EXP,2,398,19903,43,-300,432,-621,933,-8,-910,840,164,148,-204,439,-363,394,439,-269,-202,674,69,69,1,1,0,0,0,0,0,1,1,0,5,21226,11643,32942,1979190,0,0,0,3608321,5600244,0,398,367,0,0,1000,1000,7064284
MPCTASK: EXP,2,400,20001,-9,-217,432,-716,1030,10,-557,479,269,5,-21,439,-375,483,439,-267,-140,573,69,69,1,1,0,0,0,0,0,1,1,0,5,23518,8220,31812,1397200,0,0,0,3998097,5408069,0,400,369,0,0,1000,1000,7064284
MPCTASK: EXP,2,402,20108,-76,-136,437,-756,1051,37,-227,96,345,-150,165,439,-370,548,439,-262,-108,469,69,69,1,1,0,0,0,0,0,1,1,0,5,25190,13342,38607,2268015,0,0,0,4282301,6563205,0,402,371,0,0,1000,1000,7064284
MPCTASK: EXP,2,404,20205,-124,-59,442,-697,1019,36,-42,-253,413,-304,351,439,-321,596,439,-257,-34,556,69,69,1,1,0,0,0,0,0,1,1,0,5,24942,11127,36149,1891523,0,0,0,4240037,6145492,0,404,373,0,0,1000,1000,7064284
MPCTASK: EXP,2,406,20304,-170,13,449,-598,971,20,-11,-532,465,-441,532,439,-260,640,439,-250,-49,613,69,69,1,1,0,0,0,0,0,1,1,0,5,21585,11670,33814,1983768,0,0,0,3669441,5748436,0,406,375,0,0,1000,1000,7064284
MPCTASK: EXP,2,408,20403,-197,80,453,-443,930,-3,-96,-750,491,-546,703,439,-178,679,439,-247,-36,712,69,69,1,1,0,0,0,0,0,1,1,0,5,23836,9880,33793,1679426,0,0,0,4052049,5744850,0,408,377,0,0,1000,1000,7064284
MPCTASK: EXP,2,410,20501,-212,153,452,-270,928,-33,-240,-899,492,-610,861,439,-92,726,439,-253,-1,867,69,69,1,1,0,0,0,0,0,1,1,0,5,19649,11842,31689,2012929,0,0,0,3340362,5387132,0,410,379,0,0,1000,1000,7064284
MPCTASK: EXP,2,412,20600,-211,221,447,-80,936,-61,-275,-955,496,-627,1001,439,-7,757,439,-265,25,1083,69,69,1,1,0,0,0,0,0,1,1,0,5,22202,8565,30848,1456028,0,0,0,3774301,5244247,0,412,381,0,0,1000,1000,7064284
MPCTASK: EXP,2,414,20701,-189,296,438,121,956,-65,-190,-953,504,-595,1119,439,77,781,439,-274,-62,932,69,69,1,1,0,0,0,0,0,1,1,0,5,20449,11009,31529,1871393,0,0,0,3476205,5360054,0,414,383,0,0,1000,1000,7064284
MPCTASK: EXP,2,416,20801,-152,375,428,310,955,-63,2,-823,530,-517,1214,439,145,790,439,-284,-200,705,69,69,1,1,0,0,0,0,0,1,1,0,5,22591,9190,31853,1562207,0,0,0,3840321,5415140,0,416,385,0,0,1000,1000,7064284
MPCTASK: EXP,2,418,20902,-98,451,422,464,914,-24,209,-521,590,-401,1282,439,193,781,439,-282,-157,583,69,69,1,1,0,0,0,0,0,1,1,0,5,19432,13055,32560,2219137,0,0,0,3303382,5535293,0,418,387,0,0,1000,1000,7064284
MPCTASK: EXP,2,420,21003,-55,507,426,521,800,31,435,-196,642,-257,1323,439,194,732,439,-273,-54,617,69,69,1,1,0,0,0,0,0,1,1,0,5,24349,9271,33931,1576126,0,0,0,4139153,5768469,0,420,389,0,0,1000,1000,7064284
MPCTASK: EXP,2,422,21102,-19,564,430,510,674,27,641,91,597,-101,1334,439,161,678,439,-269,-38,706,69,69,1,1,0,0,0,0,0,1,1,0,5,20578,11634,32285,1977752,0,0,0,3498190,5488405,0,422,391,0,0,1000,1000,7064284
MPCTASK: EXP,2,424,21200,17,610,433,468,520,3,856,310,532,52,1316,439,115,606,439,-266,-95,747,69,69,1,1,0,0,0,0,0,1,1,0,5,21097,9157,30332,1556627,0,0,0,3586397,5156509,0,424,393,0,0,1000,1000,7064284
MPCTASK: EXP,2,426,21301,41,651,439,371,344,21,1109,513,439,188,1269,439,47,516,439,-260,-244,748,69,69,1,1,0,0,0,0,0,1,1,0,5,19078,12911,32063,2194758,0,0,0,3243157,5450872,0,426,395,0,0,1000,1000,7064284
MPCTASK: EXP,2,428,21401,45,679,441,243,136,-11,1241,647,353,293,1195,439,-46,427,439,-260,-276,840,69,69,1,1,0,0,0,0,0,1,1,0,5,20955,10245,31276,1741606,0,0,0,3562217,5316910,0,428,397,0,0,1000,1000,7064284
MPCTASK: EXP,2,430,21499,46,680,437,88,-86,-38,1195,967,393,357,1095,439,-143,318,439,-270,-76,1042,69,69,1,1,0,0,0,0,0,1,1,0,5,19650,9065,28789,1540936,0,0,0,3340421,4894260,0,430,399,0,0,1000,1000,7064284
MPCTASK: EXP,2,432,21601,23,655,434,-112,-321,-27,1114,1079,569,373,971,439,-247,194,439,-271,-177,858,69,69,1,1,0,0,0,0,0,1,1,0,5,21061,9268,30401,1575435,0,0,0,3580321,5168377,0,432,401,0,0,1000,1000,7064284
MPCTASK: EXP,2,434,21704,-24,613,428,-320,-518,-49,833,1032,827,341,827,439,-348,84,439,-281,-215,743,69,69,1,1,0,0,0,0,0,1,1,0,5,21043,12718,33834,2161901,0,0,0,3577301,5751817,0,434,403,0,0,1000,1000,7064284
MPCTASK: EXP,2,436,21805,-81,572,422,-487,-637,-45,644,798,1049,263,666,439,-420,-9,439,-286,-83,754,69,69,1,1,0,0,0,0,0,1,1,0,5,25490,8170,33740,1388669,0,0,0,4333193,5735869,0,436,405,0,0,1000,1000,7064284
MPCTASK: EXP,2,438,21908,-151,506,422,-604,-771,-4,751,484,1132,146,492,439,-466,-133,439,-278,-179,669,69,69,1,1,0,0,0,0,0,1,1,0,5,21851,14723,36649,2502947,0,0,0,3714701,6230445,0,438,407,0,0,1000,1000,7064284
MPCTASK: EXP,2,440,22003,-215,433,425,-633,-902,25,883,105,1082,4,309,439,-467,-252,439,-274,-197,682,69,69,1,1,0,0,0,0,0,1,1,0,5,22046,9987,32107,1697849,0,0,0,3747781,5458249,0,440,409,0,0,1000,1000,7064284
MPCTASK: EXP,2,442,22102,-278,356,431,-596,-1012,33,870,-248,934,-150,120,439,-444,-349,439,-268,-180,654,69,69,1,1,0,0,0,0,0,1,1,0,5,21019,10032,31123,1705348,0,0,0,3573021,5290988,0,442,411,0,0,1000,1000,7064284
MPCTASK: EXP,2,444,22204,-309,277,437,-474,-1083,40,679,-474,690,-302,-68,439,-382,-417,439,-262,-126,595,69,69,1,1,0,0,0,0,0,1,1,0,5,22502,9172,31884,1559092,0,0,0,3825286,5420405,0,444,413,0,0,1000,1000,7064284
MPCTASK: EXP,2,446,22301,-331,179,441,-338,-1139,29,382,-622,442,-435,-252,439,-311,-479,439,-258,-124,589,69,69,1,1,0,0,0,0,0,1,1,0,5,18650,10956,29678,1862378,0,0,0,3170397,5045392,0,446,415,0,0,1000,1000,7064284
MPCTASK: EXP,2,448,22404,-344,86,443,-196,-1133,13,127,-701,200,-537,-428,439,-241,-512,439,-256,-77,662,69,69,1,1,0,0,0,0,0,1,1,0,5,22638,9995,32705,1698927,0,0,0,3848441,5559984,0,448,417,0,0,1000,1000,7064284
MPCTASK: EXP,2,450,22504,-347,-14,445,-55,-1117,15,2,-756,-24,-597,-590,439,-175,-544,439,-254,-27,732,69,69,1,1,0,0,0,0,0,1,1,0,5,21757,10943,32773,1860305,0,0,0,3698638,5571560,0,450,419,0,0,1000,1000,7064284
MPCTASK: EXP,2,452,22606,-345,-111,448,77,-1087,13,-127,-786,-219,-611,-733,439,-125,-554,439,-251,-64,700,69,69,1,1,0,0,0,0,0,1,1,0,5,23769,10049,34015,1708266,0,0,0,4040595,5782626,0,452,421,0,0,1000,1000,7064284
MPCTASK: EXP,2,454,22704,-322,-223,451,225,-1065,1,-365,-730,-377,-579,-853,439,-76,-561,439,-248,-151,605,69,69,1,1,0,0,0,0,0,1,1,0,5,20016,11111,31200,1888777,0,0,0,3402517,5304034,0,454,423,0,0,1000,1000,7064284
MPCTASK: EXP,2,456,22803,-282,-303,452,360,-940,-3,-739,-492,-512,-504,-944,439,-45,-505,439,-247,-157,593,69,69,1,1,0,0,0,0,0,1,1,0,5,21201,9475,30750,1610714,0,0,0,3604129,5227457,0,456,425,0,0,1000,1000,7064284
MPCTASK: EXP,2,458,22907,-232,-386,449,453,-791,-22,-1007,-170,-589,-397,-1002,439,-29,-451,439,-254,-213,712,69,69,1,1,0,0,0,0,0,1,1,0,5,20130,14431,34634,2453120,0,0,0,3422069,5887738,0,458,427,0,0,1000,1000,7064284
MPCTASK: EXP,2,460,23007,-182,-437,447,484,-564,-20,-1226,144,-623,-271,-1021,439,-33,-366,439,-256,-220,876,69,69,1,1,0,0,0,0,0,1,1,0,5,24021,9781,33876,1662756,0,0,0,4083533,5758900,0,460,429,0,0,1000,1000,7064284
MPCTASK: EXP,2,462,23103,-123,-466,445,479,-308,-25,-1302,440,-591,-143,-1000,439,-35,-281,439,-259,-203,980,69,69,1,1,0,0,0,0,0,1,1,0,5,20595,9672,30339,1644108,0,0,0,3501069,5157796,0,462,431,0,0,1000,1000,7064284
MPCTASK: EXP,2,464,23203,-75,-465,443,411,-38,-25,-1262,703,-520,-28,-937,439,-36,-216,439,-261,-140,1002,69,69,1,1,0,0,0,0,0,1,1,0,5,21015,9625,30713,1636247,0,0,0,3572433,5221289,0,464,433,0,0,1000,1000,7064284
MPCTASK: EXP,2,466,23303,-45,-450,442,285,195,-19,-1100,828,-434,59,-833,439,-61,-150,439,-261,-160,831,69,69,1,1,0,0,0,0,0,1,1,0,5,21217,9927,31225,1687562,0,0,0,3606857,5308239,0,466,435,0,0,1000,1000,7064284
MPCTASK: EXP,2,468,23404,-28,-407,439,147,401,-24,-813,771,-336,109,-693,439,-76,-93,439,-265,-173,661,69,69,1,1,0,0,0,0,0,1,1,0,5,21268,9428,30906,1602548,0,0,0,3615601,5254097,0,468,437,0,0,1000,1000,7064284
MPCTASK: EXP,2,470,23504,-21,-355,437,25,535,-13,-511,643,-207,118,-527,439,-82,-56,439,-265,-147,593,69,69,1,1,0,0,0,0,0,1,1,0,5,20050,11464,31587,1948820,0,0,0,3408469,5369868,0,470,439,0,0,1000,1000,7064284
MPCTASK: EXP,2,472,23609,-13,-280,435,-57,636,-6,-200,487,-51,89,-348,439,-73,-12,439,-266,-142,546,69,69,1,1,0,0,0,0,0,1,1,0,5,26198,10899,37170,1852753,0,0,0,4453473,6318876,0,472,441,0,0,1000,1000,7064284
MPCTASK: EXP,2,474,23708,-18,-223,439,-118,629,27,157,287,74,34,-175,439,-72,1,439,-260,-89,506,69,69,1,1,0,0,0,0,0,1,1,0,5,23265,12866,36211,2187219,0,0,0,3955021,6155856,0,474,443,0,0,1000,1000,7064284
MPCTASK: EXP,2,476,23806,-29,-170,441,-146,561,17,398,108,172,-30,-27,440,-84,21,440,-258,-12,635,69,69,1,1,0,0,0,0,0,1,1,0,5,23835,8540,33517,1451870,0,0,0,4052025,5697824,0,476,445,0,0,1000,1000,7064284
MPCTASK: EXP,2,478,23907,-39,-137,443,-142,450,-1,475,-20,233,-86,77,439,-98,36,439,-256,39,745,69,69,1,1,0,0,0,0,0,1,1,0,5,23258,11383,34711,1935109,0,0,0,3953733,5900869,0,478,447,0,0,1000,1000,7064284
MPCTASK: EXP,2,480,24007,-44,-115,442,-113,340,-13,370,-81,243,-118,130,439,-103,45,439,-259,12,669,69,69,1,1,0,0,0,0,0,1,1,0,5,26332,8172,34575,1389170,0,0,0,4476346,5877799,0,480,449,0,0,1000,1000,7064284
MPCTASK: EXP,2,482,24103,-43,-104,442,-79,253,-5,191,-26,216,-126,142,439,-84,21,439,-258,-14,574,69,69,1,1,0,0,0,0,0,1,1,0,5,20240,10096,30699,1716318,0,0,0,3440697,5218874,0,482,451,0,0,1000,1000,7064284
MPCTASK: TRAJ DONE: idx=482, max=482; requesting landing
MPCTASK: LANDING: start z=0.44, hold=(-0.04,-0.10)
MPCTASK: TIMING SUMMARY: max_step_cycles=7064284 deadline_cycles=8400000 overruns=0
MPCTASK: POSTHOC SUMMARY: active=483 infeasible=452
MPCTASK: LANDING COMPLETE: t=30472 ms, x=-0.037, y=-0.100, z=0.002, vz=-0.066; motors off