---
SYS: Crazyflie 2.1 Brushless is up and running!
SYS: Build 2:de14ff9f08ae (2025.09.1 +2) MODIFIED
SYS: I am 0x373930393434471500370039 and I have 1024KB of flash!
CFGBLK: v1, verification [OK]
DECK_DISCOVERY: Backend found: onewire
DECK_DISCOVERY: Backend found: deckctrl
DECK_CORE: 1 deck(s) found
DECK_CORE: Calling INIT on driver bcFlow2 for deck 0
ZR2: Z-down sensor [OK]
PMW: Motion chip id: 0x49:0xB6
IMU: BMI088: Using I2C interface.
IMU: BMI088 Gyro connection [OK].
IMU: BMI088 Accel connection [OK]
IMU: BMP390 I2C connection [OK]
ESTIMATOR: Using Kalman (2) estimator
CONTROLLER: Using PID (1) controller
MTR-DRV: Using brushless motor driver
SYS: About to run tests in system.c.
SYS: NRF51 version: 2026.04 (C21B)
EEPROM: I2C connection [OK].
STORAGE: Storage check [OK].
IMU: BMI088 gyro self-test [OK]
DECK_CORE: Deck 0 test [OK].
SYS: Self test passed!
STAB: Wait for sensor calibration...
SYS: Free heap: 15048 bytes
MPCTASK: Waiting for activation ...
STAB: Starting stabilizer loop
STAB: WARNING: stabilizer loop rate is off (1004)
SUP: Ready to fly
MPCTASK: Benchmark mode 3, maneuver 0, max_iter 5, task_pri 0
MPCTASK: Reference altitude: 0.70 m; barrier skip when z>0.75 and vz>-0.20
MPCTASK: OOT takeoff: GATED cfclient trigger>=0.15m ramp=0.15m/s settle=+/-0.05m,vz<0.10m/s,1000ms timeout=12000ms
MPCTASK: Common baseline: mpc_hz=20 model_hz=20 rho=5 base_w=0 base_qz=1 Qz=100 R=4 bridge=x10 guards=z[ref,ref+0.20] xy=free cap=0.05
MPCTASK: MPC->PID: xyz=x10, z_guard=[ref,ref+0.20], yaw=raw_rz, output_hold=200ms, safety_hold=500ms
MPCTASK: Reference origin: xy=estimator_zero z=0.70 m
MPCTASK: LIMO adaptive: cache=16x4 evals=1 timing=bar/rl/cache_cycles
MPCTASK: EXP every=2: m,s,tms,p3[mm],v3[mmps],att3[cdeg],ref3[mm],cmd3[mm],h/raw/grad/mar/thr[milli],act/ac/bind,wi/qi/cache/noa,pa/pf/du[milli],it,mpc/eval/total[us],bar/tanh/rl/cache/solve/step[cycles],overruns,post_active/post_infeasible_totals,wreq/w/qzreq/qz[milli],max_step_cycles
CONTROLLER: Using OutOfTree (6) controller
MPCTASK: OOT activated at z=0.01
MPCTASK: TAKEOFF START: trigger_z=0.15 start_z=0.01 target=0.70 hold=(0.04,0.04) ramp=0.15m/s
MPCTASK: OOT loop 1 done
MMPCTASK: OOT loop 2 done
PCTASK: MPC task loop 1
MPCTASK: x0: pos=MPCTASK: OOT loop 3 done
(0.05,0.04,0.01) vel=(0.0,0.02,0.0)
MPCTASK: ref: (0.04,0.04,0.01)
MPCTASK: SAFE TV mode=3: h=0.0 raw=0.0 grad=0.0 margin=0.0 thr=0.0 active0=0 active_count=0 eval=14029 us
MPCTASK: MPC solve start
MPCTASK: MPC solve done, iter=5
MPCTASK: MPC time=23875 us
MPCTASK: MPC stack free=869 words
MPCTASK: setpoint: x=0.04 y=0.04 z=0.08 preview_z=0.08
MPCTASK: MPC task loop 2
MPCTASK: MPC task loop 3
MPCTASK: Cache level changed: 0 -> 1
MPCTASK: TAKEOFF SETTLING: z=0.73 vz=0.09; hold for 1000ms
MPCTASK: Cache level changed: 1 -> 0
MPCTASK: Cache level changed: 0 -> 1
MPCTASK: TAKEOFF SETTLING: z=0.74 vz=-0.07; hold for 1000ms
MPCTASK: Cache level changed: 1 -> 0
MPCTASK: TAKEOFF SETTLING: z=0.74 vz=-0.08; hold for 1000ms
MPCTASK: Cache level changed: 0 -> 1
MPCTASK: TAKEOFF COMPLETE: t=8444ms z=0.74 vz=-0.02; trajectory queued origin=(0.03,0.02)
MPCTASK: TRAJ START: z=0.74 origin=(0.03,0.02) EXP clock reset
MPCTASK: EXP,3,2,84,33,42,744,54,144,-28,51,85,-85,0,0,700,39,93,700,39,134,468,69,300,1,3,3,15,3,1,1,0,0,0,5,21627,11245,33897,1911535,0,1788,147659,3676495,5762698,0,0,0,986,1000,1399,1400,5762698
MPCTASK: EXP,3,4,180,68,16,739,87,73,-30,127,67,-78,0,0,700,83,29,700,33,203,745,69,300,1,3,3,15,3,1,1,0,0,0,5,19315,9017,29194,1532838,0,42546,24534,3283331,4963067,0,0,0,987,1000,1399,1400,5762698
MPCTASK: EXP,3,6,286,69,25,739,58,52,-1,88,141,-80,0,0,700,67,33,700,38,207,865,69,300,1,3,3,15,3,1,1,0,0,0,5,21945,11684,34613,1986109,0,44632,24381,3730571,5884339,0,0,0,988,1000,1399,1400,5884339
MPCTASK: EXP,3,8,382,64,33,741,25,40,4,91,100,-74,0,0,700,56,33,700,41,196,774,69,300,1,3,3,15,3,1,1,0,0,0,5,19665,9737,30064,1655253,0,1788,22981,3342867,5111309,0,0,0,988,1000,1399,1400,5884339
MPCTASK: EXP,3,10,485,100,107,738,59,124,-13,107,62,-58,0,0,700,102,127,700,36,92,617,69,300,1,3,3,15,3,1,1,0,0,0,5,21882,11338,33928,1927421,0,1905,94687,3719735,5767798,0,0,0,989,1000,1399,1400,5884339
MPCTASK: EXP,3,12,586,96,138,736,24,114,-20,248,161,-49,0,0,700,78,137,700,32,176,572,69,300,1,3,3,15,3,1,1,0,0,0,5,22772,9263,33087,1574672,0,1789,101898,3871159,5624873,0,0,0,990,1000,1399,1400,5884339
MPCTASK: EXP,3,14,692,80,128,738,-20,42,-4,262,103,-40,0,0,700,54,102,700,37,155,517,69,300,1,3,3,15,3,1,1,0,0,0,5,22590,15711,39774,2670795,0,1896,145289,3840207,6761740,0,0,0,990,1000,1399,1400,6761740
MPCTASK: EXP,3,16,785,60,125,734,-56,-2,-23,175,28,-21,0,0,700,24,89,700,29,161,509,69,300,1,3,3,15,3,1,1,0,0,0,5,22093,9359,32236,1590912,0,2665,88076,3755855,5480440,0,0,0,991,1000,1399,1400,6761740
MPCTASK: EXP,3,18,889,15,116,735,-104,-45,-7,168,-98,0,0,0,700,-24,65,700,34,163,527,69,300,1,3,3,15,3,1,1,0,0,0,5,23806,10836,36316,1841976,0,1788,67840,4046856,6173882,0,0,0,991,1000,1399,1400,6761740
MPCTASK: EXP,3,20,987,5,99,734,-89,-81,-13,82,-94,0,0,0,700,-17,50,700,31,185,654,69,300,1,3,3,15,3,1,1,0,0,0,5,23626,9399,33738,1597754,0,1788,77364,4016332,5735783,0,0,0,991,1000,1399,1400,6761740
MPCTASK: EXP,3,22,1091,-9,73,732,-76,-114,-12,15,-131,8,0,0,700,-25,17,700,30,172,567,69,300,1,3,3,15,3,1,1,0,0,0,5,23922,12138,36959,2063448,0,1788,126857,4066785,6283198,0,0,0,990,1000,1399,1400,6761740
MPCTASK: EXP,3,24,1189,-16,50,730,-56,-127,-16,-65,-97,11,0,0,700,-23,2,700,26,202,825,69,300,1,3,3,15,3,1,1,0,0,0,5,24707,9946,34939,1690813,0,1788,22986,4200255,5939670,0,0,0,990,1000,1399,1400,6761740
MPCTASK: EXP,3,26,1292,21,1,729,21,-162,-8,-132,-90,-1,0,0,700,30,-40,700,28,28,902,69,300,1,3,3,15,3,1,1,0,0,0,5,25982,11482,38067,1951778,0,1789,77108,4416807,6471581,0,0,0,990,1000,1399,1400,6761740
MPCTASK: EXP,3,28,1384,22,-12,730,22,-132,-7,-164,-15,-2,0,0,700,29,-41,700,28,200,790,69,300,1,3,3,15,3,1,1,0,0,0,5,19998,8913,29581,1515068,0,1788,46551,3399524,5028721,0,0,0,989,1000,1399,1400,6761740
MPCTASK: EXP,3,30,1486,23,-20,730,20,-96,-9,-192,16,-5,0,0,700,27,-32,700,28,212,888,69,300,1,3,3,15,3,1,1,0,0,0,5,20555,10479,31967,1781442,0,2258,129911,3494223,5434494,0,0,0,989,1000,1399,1400,6761740
MPCTASK: EXP,3,32,1590,20,-27,728,11,-64,-20,-168,16,-10,0,0,700,17,-30,700,24,212,885,69,300,1,3,3,15,3,1,1,0,0,0,5,25522,9249,35771,1572264,0,2050,122937,4338687,6081239,0,0,0,990,1000,1399,1400,6761740
MPCTASK: EXP,3,34,1686,17,-25,724,3,-25,-22,-145,18,-14,0,0,700,16,-12,700,19,206,841,69,300,1,3,3,15,3,1,1,0,0,0,5,18154,13165,32412,2238097,0,1952,115001,3086255,5510159,0,0,0,990,1000,1399,1400,6761740
MPCTASK: EXP,3,36,1789,18,-21,722,0,4,-12,-105,18,-22,0,0,700,20,-4,700,20,198,806,69,300,1,3,3,15,3,1,1,0,0,0,5,24643,8200,33879,1393812,0,1788,65247,4189279,5759577,0,0,0,990,1000,1399,1400,6761740
MPCTASK: EXP,3,38,1890,22,0,724,2,51,1,-88,13,-29,0,0,700,11,37,700,24,176,635,69,300,1,3,3,15,3,1,1,0,0,0,5,21168,12041,34398,2046897,0,1789,175283,3598390,5847617,0,0,0,990,1000,1399,1400,6761740
MPCTASK: EXP,3,40,1986,22,11,721,-2,64,-5,16,51,-30,0,0,700,14,31,700,20,197,868,69,300,1,3,3,15,3,1,1,0,0,0,5,22753,7858,30894,1335923,0,1788,22981,3867987,5252113,0,0,0,990,1000,1399,1400,6761740
MPCTASK: EXP,3,42,2089,16,20,722,-18,65,2,30,34,-29,0,0,700,5,41,700,22,185,735,69,300,1,3,3,15,3,1,1,0,0,0,5,22821,10775,33898,1831605,0,1796,23821,3879483,5762697,0,0,0,990,1000,1399,1400,6761740
MPCTASK: EXP,3,44,2188,7,26,721,-32,56,-11,65,14,-29,0,0,700,-9,36,700,19,188,727,69,300,1,3,3,15,3,1,1,0,0,0,5,22880,9318,32918,1584018,0,1788,86034,3889507,5596027,0,0,0,990,1000,1399,1400,6761740
MPCTASK: EXP,3,46,2290,43,36,722,24,50,0,95,-11,-22,0,0,700,48,41,700,22,119,481,69,300,1,3,3,15,3,1,1,0,0,0,5,21784,10612,34708,1803966,0,1906,102162,3703043,5900339,0,0,0,990,1000,1399,1400,6761740
MPCTASK: EXP,3,48,2389,50,57,725,15,56,11,93,131,-23,0,0,700,37,60,700,25,171,600,69,300,1,3,3,15,3,1,1,0,0,0,5,25212,7520,33934,1278255,0,2089,88872,4286019,5768882,0,0,0,991,1000,1399,1400,6761740
MPCTASK: EXP,3,50,2489,37,57,723,-20,27,-14,144,79,-22,0,0,700,17,45,700,20,166,543,69,300,1,3,3,15,3,1,1,0,0,0,5,22029,11044,34383,1877250,0,42535,24534,3744847,5845130,0,0,0,991,1000,1399,1400,6761740
MPCTASK: EXP,3,52,2589,21,51,724,-46,-3,-11,107,10,-14,0,0,700,-1,30,700,21,182,651,69,300,1,3,3,15,3,1,1,0,0,0,5,23238,9387,33177,1595765,0,1788,68444,3950355,5640209,0,0,0,991,1000,1399,1400,6761740
MPCTASK: EXP,3,54,2688,3,38,721,-62,-35,-21,67,-33,-3,0,0,700,-21,10,700,16,185,675,69,300,1,3,3,15,3,1,1,0,0,0,5,22677,8448,32133,1436124,0,1789,22990,3854960,5462707,0,0,0,991,1000,1399,1400,6761740
MPCTASK: EXP,3,56,2790,-12,31,717,-68,-49,-22,37,-57,11,0,0,700,-32,5,700,13,189,726,69,300,1,3,3,15,3,1,1,0,0,0,5,26121,7979,35015,1356487,0,1788,65225,4440471,5952711,0,0,0,991,1000,1399,1400,6761740
MPCTASK: EXP,3,58,2890,-7,-5,715,-38,-97,-12,13,-114,14,0,0,700,-10,-43,700,12,195,790,69,300,1,3,3,15,3,1,1,0,0,0,5,22440,12257,35458,2083617,0,1789,55066,3814567,6027930,0,0,0,991,1000,1399,1400,6761740
MPCTASK: EXP,3,60,2992,-9,-31,715,-20,-116,0,-75,-53,20,0,0,700,-10,-59,700,15,177,662,69,300,1,3,3,15,3,1,1,0,0,0,5,26302,8989,36036,1528096,0,1788,65316,4471135,6126215,0,0,0,991,1000,1399,1400,6761740
MPCTASK: EXP,3,62,3086,-14,-31,718,-14,-85,7,-146,-67,28,0,0,700,-13,-45,700,18,196,829,69,300,1,3,3,15,3,1,1,0,0,0,5,19869,9874,30493,1678430,0,1791,23134,3377599,5183960,0,0,0,991,1000,1399,1400,6761740
MPCTASK: EXP,3,64,3192,-18,-54,720,-6,-77,1,-150,-66,36,0,0,700,-14,-64,700,20,188,722,69,300,1,3,3,15,3,1,1,0,0,0,5,25513,9208,35826,1565315,0,1788,55113,4337219,6090597,0,0,0,991,1000,1399,1400,6761740
MPCTASK: EXP,3,66,3291,-25,-59,721,-7,-50,-3,-164,-45,37,0,0,700,-24,-53,700,20,196,779,69,300,1,3,3,15,3,1,1,0,0,0,5,22863,9722,34925,1652742,0,1796,25021,3886623,5937419,0,0,0,991,1000,1399,1400,6761740
MPCTASK: EXP,3,68,3391,-36,-65,719,-10,-24,-21,-155,-67,34,0,0,700,-33,-53,700,15,202,807,69,300,1,3,3,15,3,1,1,0,0,0,5,23847,8355,33001,1420249,0,1788,110209,4053865,5610262,0,0,0,992,1000,1399,1400,6761740
MPCTASK: EXP,3,70,3490,-40,-56,716,-5,12,-24,-106,-61,32,0,0,700,-34,-30,700,11,193,737,69,300,1,3,3,15,3,1,1,0,0,0,5,19380,11274,31516,1916501,0,1891,53251,3294524,5357836,0,0,0,992,1000,1399,1400,6761740
MPCTASK: EXP,3,72,3591,-35,-6,715,10,86,-11,62,-27,27,0,0,700,-24,19,700,12,111,511,69,300,1,3,3,15,3,1,1,0,0,0,5,20467,11504,32427,1955517,0,1940,52037,3479303,5512827,0,0,0,992,1000,1399,1400,6761740
MPCTASK: EXP,3,74,3691,-10,50,714,45,135,0,180,23,30,0,0,700,2,69,700,14,17,914,69,300,1,3,3,15,3,1,1,0,0,0,5,20063,11909,32877,2024429,0,42561,25147,3410719,5589133,0,0,0,992,1000,1399,1400,6761740
MPCTASK: EXP,3,76,3793,-21,67,715,17,95,0,245,12,36,0,0,700,-13,69,700,15,190,720,69,300,1,3,3,15,3,1,1,0,0,0,5,23083,9061,34387,1540298,0,1788,270303,3923979,5845958,0,0,0,992,1000,1399,1400,6761740
MPCTASK: EXP,3,78,3893,-28,62,717,5,37,-6,208,-17,43,0,0,700,-21,45,700,16,189,706,69,300,1,3,3,15,3,1,1,0,0,0,5,20777,12267,34619,2085235,0,1789,156978,3531903,5885282,0,0,0,992,1000,1399,1400,6761740
MPCTASK: EXP,3,80,3994,17,110,716,62,57,-15,318,126,35,0,0,700,22,84,700,13,79,671,69,300,1,3,3,15,3,1,1,0,0,0,5,23077,10588,35371,1799954,0,1788,22981,3922911,6013267,0,0,0,993,1000,1399,1400,6761740
MPCTASK: EXP,3,82,4093,21,121,714,37,16,-19,261,112,53,0,0,700,21,88,700,10,197,723,69,300,1,3,3,15,3,1,1,0,0,0,5,21097,10945,33122,1860616,0,1788,110351,3586359,5630937,0,0,0,993,1000,1399,1400,6761740
MPCTASK: EXP,3,84,4194,5,94,711,-3,-66,-28,246,52,77,0,0,700,0,40,700,5,60,766,69,300,1,3,3,15,3,1,1,0,0,0,5,25048,7535,34164,1280896,0,2001,178780,4258163,5808034,0,0,0,993,1000,1399,1400,6761740
MPCTASK: EXP,3,86,4290,-14,55,708,-31,-136,-17,92,-8,96,0,0,700,-22,-7,700,5,116,498,69,300,1,3,3,15,3,1,1,0,0,0,5,18480,11264,30498,1914791,0,1788,46656,3141408,5184893,0,0,0,993,1000,1399,1400,6761740
MPCTASK: EXP,3,88,4392,-26,25,706,-37,-163,-8,-36,-62,103,0,0,700,-33,-38,700,4,146,478,69,300,1,3,3,15,3,1,1,0,0,0,5,24092,7298,32473,1240548,0,1788,158738,4095549,5520418,0,0,0,993,1000,1399,1400,6761740
MPCTASK: EXP,3,90,4492,-38,-8,707,-35,-173,6,-136,-84,99,0,0,700,-36,-62,700,7,170,620,69,300,1,3,3,15,3,1,1,0,0,0,5,20608,11338,32732,1927322,0,1788,107095,3503303,5564586,0,0,0,993,1000,1399,1400,6761740
MPCTASK: EXP,3,92,4594,-46,-37,708,-28,-162,-2,-190,-96,100,0,0,700,-45,-77,700,7,190,755,69,300,1,3,3,15,3,1,1,0,0,0,5,23331,10034,33995,1705743,0,1937,81817,3966175,5779254,0,0,0,993,1000,1399,1400,6761740
MPCTASK: EXP,3,94,4691,-58,-61,710,-25,-138,2,-221,-112,102,0,0,700,-61,-85,700,10,185,707,69,300,1,3,3,15,3,1,1,0,0,0,5,19610,11338,31979,1927302,0,1789,148569,3333655,5436545,0,0,0,993,1000,1399,1400,6761740
MPCTASK: EXP,3,96,4794,-64,-77,711,-13,-104,-3,-227,-99,109,0,0,700,-40,-79,700,10,188,710,69,300,1,3,3,15,3,1,1,0,0,0,5,24446,9579,35139,1628230,0,2147,162079,4155851,5973673,0,0,0,993,1000,1399,1400,6761740
MPCTASK: EXP,3,98,4893,-72,-94,708,-5,-75,-16,-269,-121,111,0,0,700,-61,-90,700,5,196,734,69,300,1,3,3,15,3,1,1,0,0,0,5,20736,11181,32897,1900747,0,1788,123886,3525035,5592641,0,0,0,993,1000,1399,1400,6761740
MPCTASK: EXP,3,100,4992,-80,-105,707,3,-37,-8,-228,-112,108,0,0,700,-54,-81,700,5,190,724,69,300,1,3,3,15,3,1,1,0,0,0,5,22476,9081,31982,1543626,0,1788,46922,3820799,5436990,0,0,0,994,1000,1399,1400,6761740
MPCTASK: EXP,3,102,5095,-81,-105,707,19,4,0,-214,-114,104,0,0,700,-51,-64,700,7,190,747,69,300,1,3,3,15,3,1,1,0,0,0,5,21838,12282,34847,2087884,0,3235,60667,3712379,5924051,0,0,0,994,1000,1399,1400,6761740
MPCTASK: EXP,3,104,5193,-78,-105,705,37,35,-17,-176,-108,97,0,0,700,-49,-61,700,2,202,851,69,300,1,3,3,15,3,1,1,0,0,0,5,22799,9573,32949,1627368,0,1789,70731,3875763,5601410,0,0,0,994,1000,1399,1400,6761740
MPCTASK: EXP,3,106,5296,-78,-97,706,47,68,-5,-138,-73,82,0,0,700,-39,-39,700,5,183,712,69,300,1,3,3,15,3,1,1,0,0,0,5,21709,11857,34236,2015691,0,1788,87698,3690431,5820259,0,0,0,994,1000,1399,1400,6761740
MPCTASK: EXP,3,108,5394,-80,-74,707,49,109,2,-72,-74,59,0,0,700,-49,-9,700,7,146,484,69,300,1,3,3,15,3,1,1,0,0,0,5,22740,9887,32912,1680785,0,1788,22981,3865767,5595186,0,0,0,994,1000,1399,1400,6761740
MPCTASK: EXP,3,110,5492,-76,-59,708,56,121,0,-34,-31,46,0,0,700,-42,-5,700,8,178,711,69,300,1,3,3,15,3,1,1,0,0,0,5,19954,10356,30948,1760586,0,1788,82539,3391995,5261174,0,0,0,994,1000,1399,1400,6761740
MPCTASK: EXP,3,112,5597,-69,-45,707,63,125,-7,26,-19,38,0,0,700,-36,1,700,6,189,823,69,300,1,3,3,15,3,1,1,0,0,0,5,23334,12236,36312,2080026,0,1788,49229,3966815,6173182,0,0,0,994,1000,1399,1400,6761740
MPCTASK: EXP,3,114,5695,-64,-19,708,62,140,-3,59,2,21,0,0,700,-33,28,700,7,187,782,69,300,1,3,3,15,3,1,1,0,0,0,5,20460,11790,32922,2004275,0,1788,46585,3478095,5596903,0,0,0,993,1000,1399,1400,6761740
MPCTASK: EXP,3,116,5795,-64,-29,709,51,92,-3,90,8,16,0,0,700,-40,-6,700,8,182,717,69,300,1,3,3,15,3,1,1,0,0,0,5,24290,8545,33938,1452563,0,1796,137803,4129215,5769635,0,0,0,993,1000,1399,1400,6761740
MPCTASK: EXP,3,118,5895,-64,-43,710,43,45,5,86,14,9,0,0,700,-44,-29,700,10,194,877,69,300,1,3,3,15,3,1,1,0,0,0,5,22838,10068,34156,1711375,0,1788,64091,3882467,5806601,0,0,0,993,1000,1399,1400,6761740
MPCTASK: EXP,3,120,5996,-65,-45,709,36,28,-4,0,-3,6,0,0,700,-42,-29,700,9,190,865,69,300,1,3,3,15,3,1,1,0,0,0,5,23234,10484,34516,1782286,0,1789,70879,3949645,5867778,0,0,0,993,1000,1399,1400,6761740
MPCTASK: EXP,3,122,6091,-61,-42,706,36,26,-13,3,-9,9,0,0,700,-39,-28,700,3,192,892,69,300,1,3,3,15,3,1,1,0,0,0,5,17579,10768,29024,1830417,0,1796,65294,2988228,4934187,0,0,0,993,1000,1399,1400,6761740
MPCTASK: EXP,3,124,6199,-59,-42,705,35,22,-3,-5,-9,8,0,0,700,-36,-29,700,4,179,729,69,300,1,3,3,15,3,1,1,0,0,0,5,24139,11185,36655,1901441,0,1788,114049,4103536,6231466,0,0,0,993,1000,1399,1400,6761740
MPCTASK: EXP,3,126,6296,-56,-45,705,35,16,1,-14,-13,11,0,0,700,-35,-32,700,5,184,798,69,300,1,3,3,15,3,1,1,0,0,0,5,22898,10465,33938,1778982,0,1796,71378,3892595,5769494,0,0,0,993,1000,1399,1400,6761740
MPCTASK: EXP,3,128,6395,-57,-46,709,32,15,8,-22,-29,13,0,0,700,-35,-34,700,9,189,867,69,300,1,3,3,15,3,1,1,0,0,0,5,20996,11548,33158,1963162,0,1788,78084,3569291,5637046,0,0,0,993,1000,1399,1400,6761740
MPCTASK: EXP,3,130,6495,-51,-50,712,40,14,4,-29,-26,12,0,0,700,-30,-35,700,12,186,792,69,300,1,3,3,15,3,1,1,0,0,0,5,20001,11124,31854,1891012,0,1788,36722,3400055,5415209,0,0,0,993,1000,1399,1400,6761740
MPCTASK: EXP,3,132,6597,-48,-47,709,41,21,-14,-29,4,14,0,0,700,-27,-33,700,6,190,806,69,300,1,3,3,15,3,1,1,0,0,0,5,22661,11964,35026,2033760,0,1788,22981,3852341,5954531,0,0,0,993,1000,1399,1400,6761740
MPCTASK: EXP,3,134,6699,-40,-42,707,46,30,-8,-39,-3,18,0,0,700,-12,-20,700,5,172,634,69,300,1,3,3,15,3,1,1,0,0,0,5,25716,10132,37052,1722330,0,1788,179172,4371695,6298859,0,0,0,993,1000,1399,1400,6761740
MPCTASK: EXP,3,136,6799,-37,-39,706,42,34,-2,1,12,15,0,0,700,-20,-22,700,6,186,813,69,300,1,3,3,15,3,1,1,0,0,0,5,24496,12081,37119,2053724,0,1788,65288,4164391,6310305,0,0,0,993,1000,1399,1400,6761740
MPCTASK: EXP,3,138,6897,-34,-41,707,40,29,4,-41,8,9,0,0,700,-17,-21,700,7,188,838,69,300,1,3,3,15,3,1,1,0,0,0,5,21677,11784,34197,2003194,0,32804,68003,3684943,5813625,0,0,0,993,1000,1399,1400,6761740
MPCTASK: EXP,3,140,6998,-19,-43,706,53,28,-5,-19,7,3,0,0,700,2,-24,700,5,187,822,69,300,1,3,3,15,3,1,1,0,0,0,5,21223,11557,35098,1964510,0,1788,89677,3607859,5966648,0,0,0,993,1000,1399,1400,6761740
MPCTASK: EXP,3,142,7096,-9,-32,705,54,42,-5,-28,64,4,0,0,700,5,-9,700,4,180,711,69,300,1,3,3,15,3,1,1,0,0,0,5,22247,11020,33948,1873299,0,1788,64973,3781907,5771198,0,0,0,993,1000,1399,1400,6761740
MPCTASK: EXP,3,144,7200,-3,-15,706,47,59,2,12,46,8,0,0,700,11,5,700,6,186,803,69,300,1,3,3,15,3,1,1,0,0,0,5,24998,11678,37581,1985276,0,1796,24323,4249679,6388781,0,0,0,993,1000,1399,1400,6761740
MPCTASK: EXP,3,146,7295,-5,-15,706,30,46,2,40,56,8,0,0,700,-3,-3,700,6,180,724,69,300,1,3,3,15,3,1,1,0,0,0,5,19961,11094,31604,1886010,0,1796,67047,3393255,5372788,0,0,0,993,1000,1399,1400,6761740
MPCTASK: EXP,3,148,7395,-7,-16,704,18,34,-15,41,27,11,0,0,700,0,-8,700,1,190,823,69,300,1,3,3,15,3,1,1,0,0,0,5,19934,10550,31624,1793389,0,1788,59183,3388839,5376314,0,0,0,993,1000,1399,1400,6761740
MPCTASK: EXP,3,150,7499,-2,-18,705,16,24,-2,21,35,8,0,0,700,1,-8,700,5,187,820,69,300,1,3,3,15,3,1,1,0,0,0,5,22238,12517,35581,2127814,0,1789,114887,3780500,6048874,0,0,0,993,1000,1399,1400,6761740
MPCTASK: EXP,3,152,7593,0,-19,702,12,16,-16,8,24,7,0,0,700,3,-12,700,0,185,768,69,300,1,3,3,15,3,1,1,0,0,0,5,19614,9412,29860,1599970,0,1788,115056,3334327,5076294,0,0,0,993,1000,1399,1400,6761740
MPCTASK: EXP,3,154,7699,-3,-18,702,4,14,-1,7,15,8,0,0,700,-5,-9,700,2,187,852,69,300,1,3,3,15,3,1,1,0,0,0,5,23237,10800,34666,1835879,0,1788,64980,3950195,5893239,0,0,0,993,1000,1399,1400,6761740
MPCTASK: EXP,3,156,7798,-9,-5,703,-6,28,1,-3,-8,10,0,0,700,-9,5,700,3,178,746,69,300,1,3,3,15,3,1,1,0,0,0,5,21656,10522,33428,1788572,0,1789,113157,3681559,5682858,0,0,0,993,1000,1399,1400,6761740
MPCTASK: EXP,3,158,7900,-11,-19,703,-7,8,0,-10,-5,6,0,0,700,-11,-12,700,3,172,666,69,300,1,3,3,15,3,1,1,0,0,0,5,24976,10372,35882,1763172,0,2134,65376,4245859,6100007,0,0,0,993,1000,1399,1400,6761740
MPCTASK: EXP,3,160,7998,-10,-9,704,-2,23,3,-26,-28,7,0,0,700,-7,2,700,4,187,848,69,300,1,3,3,15,3,1,1,0,0,0,5,22647,10337,34371,1756236,0,1789,86263,3849855,5843173,0,0,0,993,1000,1399,1400,6761740
MPCTASK: EXP,3,162,8095,-17,-18,702,-5,13,-5,-15,-31,7,0,0,700,-15,-11,700,1,183,770,69,300,1,3,3,15,3,1,1,0,0,0,5,20400,9785,30470,1663411,0,1788,22981,3467872,5179919,0,0,0,993,1000,1399,1400,6761740
MPCTASK: EXP,3,164,8200,-24,-17,703,-6,18,-1,-31,-44,9,0,0,700,-21,-7,700,2,187,826,69,300,1,3,3,15,3,1,1,0,0,0,5,24121,10839,35243,1842632,0,1788,22981,4100500,5991357,0,0,0,993,1000,1399,1400,6761740
MPCTASK: EXP,3,166,8295,-26,-20,702,0,16,-1,-28,-61,5,0,0,700,-19,-12,700,2,188,835,69,300,1,3,3,15,3,1,1,0,0,0,5,20117,10568,31153,1796553,0,1791,23152,3419803,5295981,0,0,0,993,1000,1399,1400,6761740
MPCTASK: EXP,3,168,8400,-31,-13,703,4,29,0,-34,-49,3,0,0,700,-19,5,700,3,189,853,69,300,1,3,3,15,3,1,1,0,0,0,5,22108,13106,36067,2227908,0,1906,117450,3758139,6131566,0,0,0,993,1000,1399,1400,6761740
MPCTASK: EXP,3,170,8494,-30,-19,701,13,23,-12,-19,-37,7,0,0,700,-19,-13,700,0,185,775,69,300,1,3,3,15,3,1,1,0,0,0,5,18728,9920,29040,1686335,0,1788,22981,3183691,4936790,0,0,0,993,1000,1399,1400,6761740
MPCTASK: EXP,3,172,8596,-31,-14,702,18,31,0,-27,-43,8,0,0,700,-10,5,700,2,183,778,69,300,1,3,3,15,3,1,1,0,0,0,5,21127,10008,31967,1701150,0,1789,22987,3591547,5434441,0,0,0,993,1000,1399,1400,6761740
MPCTASK: EXP,3,174,8693,-26,-18,705,26,25,9,-23,-23,12,0,0,700,-13,-13,700,5,181,772,69,300,1,3,3,15,3,1,1,0,0,0,5,18269,10169,29215,1728660,0,42511,24507,3105679,4966770,0,0,0,993,1000,1399,1400,6761740
MPCTASK: EXP,3,176,8799,-24,-18,703,29,27,-9,-18,-26,15,0,0,700,-9,-4,700,1,183,756,69,300,1,3,3,15,3,1,1,0,0,0,5,23010,10274,33953,1746549,0,2100,87074,3911523,5772138,0,0,0,993,1000,1399,1400,6761740
MPCTASK: EXP,3,178,8898,-21,-10,702,32,34,-13,-10,-10,12,0,0,700,-5,2,700,0,190,874,69,300,1,3,3,15,3,1,1,0,0,0,5,23622,9390,33658,1596233,0,1789,84836,4015615,5721934,0,0,0,993,1000,1399,1400,6761740
MPCTASK: EXP,3,180,9000,-14,-2,703,37,39,-3,22,9,11,0,0,700,1,9,700,2,180,740,69,300,1,3,3,15,3,1,1,0,0,0,5,24275,10643,35916,1809345,0,2203,24135,4126583,6105727,0,0,0,993,1000,1399,1400,6761740
MPCTASK: EXP,3,182,9099,-11,-10,702,34,21,-8,21,9,11,0,0,700,-1,-7,700,0,183,763,69,300,1,3,3,15,3,1,1,0,0,0,5,22666,11373,35120,1933329,0,2692,91390,3853195,5970606,0,0,0,993,1000,1399,1400,6761740
MPCTASK: EXP,3,184,9198,-13,-7,702,26,19,-3,21,9,12,0,0,700,-5,0,700,1,188,861,69,300,1,3,3,15,3,1,1,0,0,0,5,23272,9430,33523,1603032,0,1790,49828,3956152,5698902,0,0,0,993,1000,1399,1400,6761740
MPCTASK: EXP,3,186,9299,-18,-15,703,15,5,-1,1,6,16,0,0,700,-12,-12,700,2,184,810,69,300,1,3,3,15,3,1,1,0,0,0,5,22724,10270,33904,1745821,0,2667,23296,3862984,5763643,0,0,0,993,1000,1399,1400,6761740
MPCTASK: EXP,3,188,9400,-20,-10,702,12,11,-3,-6,-7,19,0,0,700,-12,-3,700,2,188,884,69,300,1,3,3,15,3,1,1,0,0,0,5,21808,13862,35954,2356447,0,1788,22981,3707167,6112233,0,0,0,993,1000,1399,1400,6761740
MPCTASK: EXP,3,190,9498,-21,-26,699,12,-6,-17,-34,-38,22,0,0,700,-14,-26,700,-3,168,598,69,300,1,3,3,15,3,1,1,0,0,0,5,21895,10326,34107,1755411,0,1972,130703,3722111,5798277,0,0,0,993,1000,1399,1400,6761740
MPCTASK: EXP,3,192,9596,-22,-27,700,14,0,3,-45,-31,25,0,0,700,-13,-19,700,0,179,752,69,300,1,3,3,15,3,1,1,0,0,0,5,20597,9404,30787,1598540,0,1789,84791,3501536,5233913,0,0,0,993,1000,1399,1400,6761740
MPCTASK: EXP,3,194,9698,-18,-27,701,22,8,9,-48,-14,24,0,0,700,-5,-16,700,1,185,843,69,300,1,3,3,15,3,1,1,0,0,0,5,23137,10011,33521,1701808,0,1788,22981,3933187,5698638,0,0,0,993,1000,1399,1400,6761740
MPCTASK: EXP,3,196,9800,-24,-33,702,13,8,8,-55,-12,21,0,0,700,-16,-23,700,2,187,855,69,300,1,3,3,15,3,1,1,0,0,0,5,23594,11556,35922,1964480,0,2002,80509,4010883,6106782,0,0,0,993,1000,1399,1400,6761740
MPCTASK: EXP,3,198,9898,-19,-31,699,20,17,-6,-43,-15,23,0,0,700,-4,-12,700,-1,184,786,69,300,1,3,3,15,3,1,1,0,0,0,5,20512,11921,33902,2026500,0,1788,158176,3486975,5763467,0,0,0,993,1000,1399,1400,6761740
MPCTASK: EXP,3,200,9993,-24,-21,702,11,35,14,-37,5,25,0,0,700,-20,0,700,2,186,876,69,300,1,3,3,15,3,1,1,0,0,0,5,18983,9766,29536,1660064,0,1788,65236,3226955,5021239,0,0,0,993,1000,1399,1400,6761740
MPCTASK: EXP,3,202,10093,-26,-24,703,9,31,2,-27,-26,27,0,0,700,-16,-8,700,3,179,747,69,300,1,3,3,15,3,1,1,0,0,0,5,19616,8310,28682,1412579,0,1789,103055,3334631,4876089,0,0,0,993,1000,1399,1400,6761740
MPCTASK: EXP,3,204,10195,-30,-22,701,5,33,-13,-13,-30,23,0,0,700,-22,-7,700,0,190,851,69,300,1,3,3,15,3,1,1,0,0,0,5,21819,8478,30933,1441128,0,2060,82081,3709055,5258634,0,0,0,993,1000,1399,1400,6761740
MPCTASK: EXP,3,206,10301,-34,-15,702,5,39,-1,-1,-44,14,0,0,700,-25,1,700,2,186,810,69,300,1,3,3,15,3,1,1,0,0,0,5,23812,11834,37016,2011770,0,2702,23290,4048015,6292964,0,0,0,993,1000,1399,1400,6761740
MPCTASK: EXP,3,208,10395,-34,-10,703,9,40,0,13,-35,8,0,0,700,-25,3,700,3,189,867,69,300,1,3,3,15,3,1,1,0,0,0,5,20657,8444,30084,1435455,0,1796,23980,3511551,5114359,0,0,0,993,1000,1399,1400,6761740
MPCTASK: EXP,3,210,10503,-36,-6,704,11,37,0,16,-28,4,0,0,700,-21,1,700,3,186,815,69,300,1,3,3,15,3,1,1,0,0,0,5,25234,11802,38707,2006154,0,1788,22981,4289750,6580397,0,0,0,993,1000,1399,1400,6761740
MPCTASK: EXP,3,212,10603,-41,4,701,8,45,-15,14,-34,0,0,0,700,-33,24,700,-2,182,739,69,300,1,3,3,15,3,1,1,0,0,0,5,28133,9004,38102,1530729,0,1788,139049,4782523,6477796,0,0,0,993,1000,1399,1400,6761740
MPCTASK: EXP,3,214,10702,-52,2,699,1,30,-6,61,-65,-5,0,0,700,-43,-1,700,-1,178,708,69,300,1,3,3,15,3,1,1,0,0,0,5,25541,11821,37762,2009362,0,1796,23974,4341891,6419655,0,0,0,993,1000,1399,1400,6761740
MPCTASK: EXP,3,216,10804,-53,3,701,10,21,6,24,-52,-6,0,0,700,-33,17,700,1,175,700,69,300,1,3,3,15,3,1,1,0,0,0,5,26291,10798,38342,1835594,0,2694,23295,4469391,6518480,0,0,0,993,1000,1399,1400,6761740
MPCTASK: EXP,3,218,10906,-53,-3,699,17,2,-7,36,-66,-1,0,0,700,-34,-6,700,-1,170,633,69,300,1,3,3,15,3,1,1,0,0,0,5,27494,12775,40673,2171663,0,1788,22981,4673787,6914439,0,0,0,993,1000,1399,1400,6914439
MPCTASK: EXP,3,220,11003,-58,-23,701,16,-25,4,-6,-25,-1,0,0,700,-46,-30,700,1,155,535,69,300,1,3,3,15,3,1,1,0,0,0,5,23884,12861,37619,2186185,0,1788,65292,4060083,6395315,0,0,0,994,1000,1399,1400,6914439
MPCTASK: EXP,3,222,11106,-50,-13,703,32,-7,7,13,-36,-2,0,0,700,-27,-13,700,3,179,750,69,300,1,3,3,15,3,1,1,0,0,0,5,25589,14031,40711,2385153,0,2136,156826,4350079,6920907,0,0,0,993,1000,1399,1400,6920907
MPCTASK: EXP,3,224,11206,-40,18,703,43,32,0,49,-1,-4,0,0,700,-21,17,700,3,90,597,69,300,1,3,1,15,3,1,1,0,0,0,5,25289,11948,39438,2030942,0,1788,22981,4298951,6704647,0,0,0,993,1000,1399,1400,6920907
MPCTASK: EXP,3,226,11306,-38,19,705,41,14,0,68,-12,-2,0,0,700,-17,15,700,4,174,661,69,300,1,3,3,15,3,1,1,0,0,0,5,25412,12907,39514,2194060,0,1919,119591,4319915,6717391,0,0,0,993,1000,1399,1400,6920907
MPCTASK: EXP,3,228,11404,-34,3,702,41,-19,-10,38,1,-1,0,0,700,-14,-8,700,0,190,853,69,300,1,3,3,15,3,1,1,0,0,0,5,25175,10920,37840,1856343,0,1797,206078,4279579,6432819,0,0,0,993,1000,1399,1400,6920907
MPCTASK: EXP,3,230,11503,-40,-8,702,27,-35,-5,-25,-5,-1,0,0,700,-24,-17,700,1,188,847,69,300,1,3,3,15,3,1,1,0,0,0,5,22982,12297,36609,2090388,0,1932,129207,3906787,6223707,0,0,0,993,1000,1399,1400,6920907
MPCTASK: EXP,3,232,11606,-42,-22,700,23,-44,-9,-47,-22,-2,0,0,700,-28,-32,700,0,166,594,69,300,1,3,3,15,3,1,1,0,0,0,5,25610,12849,38999,2184324,0,1796,64390,4353727,6629896,0,0,0,993,1000,1399,1400,6920907
MPCTASK: EXP,3,234,11703,-44,-28,701,21,-36,1,-73,-31,-5,0,0,700,-29,-31,700,1,189,838,69,300,1,3,3,15,3,1,1,0,0,0,5,24325,9982,35268,1696918,0,1796,50423,4135207,5996036,0,0,0,994,1000,1399,1400,6920907
MPCTASK: EXP,3,236,11805,-46,-40,702,20,-33,2,-109,-35,-9,0,0,700,-33,-37,700,2,192,854,69,300,1,3,3,15,3,1,1,0,0,0,5,20906,13961,36084,2373248,0,1796,74312,3553979,6134334,0,0,0,994,1000,1399,1400,6920907
MPCTASK: EXP,3,238,11904,-47,-41,702,21,-13,-11,-95,-26,-11,0,0,700,-32,-25,700,0,189,787,69,300,1,3,3,15,3,1,1,0,0,0,5,24313,10239,35391,1740474,0,1789,117587,4133199,6016611,0,0,0,994,1000,1399,1400,6920907
MPCTASK: EXP,3,240,12004,-46,-39,700,25,4,-16,-86,-36,-12,0,0,700,-33,-24,700,-2,193,838,69,300,1,3,3,15,3,1,1,0,0,0,5,23484,10365,34496,1762013,0,1790,23148,3992259,5864358,0,0,0,994,1000,1399,1400,6920907
MPCTASK: TRAJ DONE: idx=240, max=240; requesting landing
MPCTASK: LANDING: start z=0.69, hold=(-0.04,-0.03)
MPCTASK: TIMING SUMMARY: max_step_cycles=6920907 deadline_cycles=8400000 overruns=0
MPCTASK: LANDING COMPLETE: t=25534 ms, x=-0.059, y=-0.054, z=-0.002, vz=-0.099; motors off
