SYS: Crazyflie 2.1 Brushless is up and running!
SYS: Build 2:de14ff9f08ae (2025.09.1 +2) MODIFIED
SYS: I am 0x373930393434471500370039 and I have 1024KB of flash!
CFGBLK: v1, verification [OK]
DECK_DISCOVERY: Backend found: onewire
DECK_DISCOVERY: Backend found: deckctrl
DECK_CORE: 1 deck(s) found
DECK_CORE: Calling INIT on driver bcFlow2 for deck 0
ZR2: Z-down sensor [OK]
PMW: Motion chip id: 0x49:0xB6
IMU: BMI088: Using I2C interface.
IMU: BMI088 Gyro connection [OK].
IMU: BMI088 Accel connection [OK]
IMU: BMP390 I2C connection [OK]
ESTIMATOR: Using Kalman (2) estimator
CONTROLLER: Using PID (1) controller
MTR-DRV: Using brushless motor driver
SYS: About to run tests in system.c.
SYS: NRF51 version: 2026.04 (C21B)
EEPROM: I2C connection [OK].
STORAGE: Storage check [OK].
IMU: BMI088 gyro self-test [OK]
DECK_CORE: Deck 0 test [OK].
SYS: Self test passed!
STAB: Wait for sensor calibration...
SYS: Free heap: 15048 bytes
MPCTASK: Waiting for activation ...
STAB: Starting stabilizer loop
STAB: WARNING: stabilizer loop rate is off (1004)
SUP: Ready to fly
MPCTASK: Benchmark mode 3, maneuver 0, max_iter 5, task_pri 0
MPCTASK: Common baseline: mpc_hz=20 model_hz=20 rho=5 base_w=0 base_qz=1 Qz=100 R=4 bridge=x10 guards=z[ref,ref+0.20] xy=free cap=0.05
MPCTASK: LIMO adaptive: cache=16x4 evals=1 timing=bar/rl/cache_cycles
MPCTASK: EXP every=2: m,s,tms,p3[mm],v3[mmps],att3[cdeg],ref3[mm],cmd3[mm],h/raw/grad/mar/thr[milli],act/ac/bind,wi/qi/cache/noa,pa/pf/du[milli],it,mpc/eval/total[us],bar/tanh/rl/cache/solve/step[cycles],overruns,post_active/post_infeasible_totals,wreq/w/qzreq/qz[milli]
CONTROLLER: Using OutOfTree (6) controller
MPCTASK: OOT activated at z=0.53
MPCTASK: OOT loop 1 done
MPCTASK: OOT loop 2 done
MPCTASK: OOT loop 3 done
MPCTASK: MPC task loop 1
MPCTASK: Benchmark reset: mode=3 maneuver=0
MPCTASK: x0: pos=(0.0,0.06,0.53) vel=(-0.04,0.02,-0.01)
MPCTASK: ref: (0.0,0.0,1.0)
MPCTASK: SAFE TV mode=3: h=0.0 raw=0.0 grad=0.0 margin=0.0 thr=0.0 active0=0 active_count=0 eval=11895 us
MPCTASK: MPC solve start
MPCTASK: MPC solve done, iter=5
MPCTASK: MPC time=24868 us
MPCTASK: MPC stack free=885 words
MPCTASK: setpoint: x=0.0 y=0.07 z=1.0 preview_z=0.83
MPCTASK: MPC task loop 2
MPCTASK: MPC task loop 3
MPCTASK: EXP,3,2,89,1,71,534,-33,37,-25,-59,-186,-14,0,0,1000,4,77,1000,0,0,0,0,0,0,0,0,15,1,1,1,0,0,0,5,24158,11393,36945,1936826,0,1827,143563,4106681,6280750,0,0,0,998,1000,1080,1133
MPCTASK: EXP,3,4,189,3,82,523,-3,49,-185,48,-118,-2,0,0,1000,11,82,1000,0,0,0,0,0,0,0,0,15,1,1,1,0,0,0,5,24905,10487,36193,1782732,0,69779,22879,4233860,6152953,0,0,0,998,1000,1195,1133
MPCTASK: EXP,3,6,290,3,91,501,13,42,-193,98,-83,4,0,0,1000,12,84,1000,0,0,0,0,0,0,0,0,15,2,1,1,0,0,0,5,26314,10596,38182,1801216,0,1813,165198,4473252,6491058,0,0,0,998,1000,1268,1266
MPCTASK: EXP,3,8,388,13,94,516,41,14,496,109,-17,-2,0,0,1000,25,77,1000,0,0,0,0,0,0,0,0,15,2,1,1,0,0,0,5,22711,12059,35325,2049896,0,1813,23167,3860684,6005313,0,0,0,998,1000,1316,1266
MPCTASK: EXP,3,10,488,16,93,583,32,-10,773,72,76,4,0,0,1000,18,71,1000,0,0,0,0,0,0,0,0,15,3,1,1,0,0,0,5,24316,10631,36237,1807280,0,1815,101162,4133612,6160499,0,0,0,998,1000,1346,1400
MPCTASK: Cache level changed: 0 -> 1
MPCTASK: EXP,3,12,586,48,67,658,71,-62,725,62,75,-20,0,0,1000,56,33,1000,-41,199,658,69,300,1,3,3,15,3,1,1,0,0,0,5,21182,11450,33544,1946419,0,11911,24573,3600773,5702698,0,0,0,998,1000,1365,1400
MPCTASK: EXP,3,14,690,79,55,725,92,-76,601,36,122,-29,0,0,1000,87,18,1000,25,226,963,69,300,1,2,2,15,3,1,1,0,0,0,5,24966,11914,37156,2025164,0,1813,22867,4244009,6316975,0,0,0,998,1000,1378,1400
MPCTASK: Cache level changed: 1 -> 0
MPCTASK: EXP,3,16,782,89,50,780,63,-73,484,-27,290,-15,0,0,1000,75,20,1000,80,243,841,69,300,0,0,0,15,3,1,1,0,0,0,4,22094,7872,30258,1338137,0,1813,22867,3756006,5143981,0,0,0,994,1000,1385,1400
MPCTASK: EXP,3,18,886,82,43,825,7,-69,388,-28,220,3,0,0,1000,55,15,1000,125,239,1029,69,300,0,0,0,15,3,1,1,0,0,0,4,19187,12448,32694,2116117,0,49482,87173,3261692,5558031,0,0,0,984,1000,1390,1400
MPCTASK: EXP,3,20,984,81,41,861,-23,-56,310,-37,168,6,0,0,1000,48,20,1000,161,241,953,69,300,0,0,0,14,3,1,1,0,0,0,4,20966,10282,31831,1747821,0,1813,73570,3564198,5411389,0,0,0,960,933,1394,1400
MPCTASK: EXP,3,22,1084,42,40,889,-96,-44,250,-45,48,-7,0,0,1000,6,23,1000,189,70,699,69,300,0,0,0,14,3,1,1,0,0,0,4,19269,11681,31834,1985719,0,1814,123236,3275788,5411800,0,0,0,913,933,1396,1400
MPCTASK: EXP,3,24,1177,19,40,912,-112,-32,208,-39,-60,-30,0,0,1000,-13,27,1000,212,210,647,69,300,0,0,0,13,3,1,1,0,0,0,3,12709,10927,24304,1857627,0,1813,23421,2160444,4131794,0,0,0,840,866,1397,1400
MPCTASK: EXP,3,26,1283,-2,40,929,-112,-22,165,-39,-130,-62,0,0,1000,-26,28,1000,229,226,759,69,300,0,0,0,11,3,1,1,0,0,0,4,19044,10701,30381,1819134,0,1785,64867,3237400,5164713,0,0,0,747,733,1398,1400
MPCTASK: EXP,3,28,1379,-17,39,944,-92,-14,142,-27,-170,-89,0,0,1000,-29,30,1000,244,252,965,69,300,0,0,0,10,3,1,1,0,0,0,3,13779,11286,25712,1918559,0,1764,84637,2342308,4371254,0,0,0,647,666,1399,1400
MPCTASK: EXP,3,30,1478,-24,43,957,-62,-6,127,6,-178,-112,0,0,1000,-25,31,1000,257,264,1071,69,300,0,0,0,8,3,1,1,0,0,0,3,14182,10086,25209,1714467,0,1733,134484,2410787,4285613,0,0,0,542,533,1399,1400
MPCTASK: EXP,3,32,1577,-32,50,969,-38,1,114,27,-159,-127,0,0,1000,-25,36,1000,269,255,953,69,300,0,0,0,7,3,1,1,0,0,0,3,13064,10012,23623,1702096,0,1757,67167,2220742,4016058,0,0,0,446,466,1399,1400
MPCTASK: EXP,3,34,1681,-30,55,981,-5,-1,102,75,-150,-134,0,0,1000,-16,35,1000,281,229,738,69,300,0,0,0,5,3,1,1,0,0,0,3,15584,10946,27601,1860750,0,1787,102018,2649160,4692155,0,0,0,357,333,1399,1400
MPCTASK: EXP,3,36,1776,-19,63,992,28,-6,88,105,-82,-144,0,0,1000,-3,39,1000,292,213,629,69,300,0,0,0,4,3,1,1,0,0,0,3,12450,9291,22725,1579478,0,1796,23224,2116477,3863390,0,0,0,280,266,1399,1400
MPCTASK: EXP,3,38,1884,7,67,1002,63,-18,78,118,-3,-147,0,0,1000,21,38,1000,302,213,632,69,300,0,0,0,3,3,1,1,0,0,0,4,20488,9563,31002,1625619,0,101197,24831,3482902,5270353,0,0,0,220,200,1399,1400
MPCTASK: EXP,3,40,1984,28,65,1009,70,-36,61,95,110,-131,0,0,1000,31,32,1000,309,232,733,69,300,0,0,0,3,3,1,1,0,0,0,4,18630,11548,31057,1963147,0,1810,22863,3167093,5279864,0,0,0,188,200,1399,1400
MPCTASK: EXP,3,42,2085,52,56,1015,66,-55,49,60,172,-101,0,0,1000,45,24,1000,315,246,821,69,300,0,0,0,3,3,1,1,0,0,0,4,19948,11081,31605,1883558,0,23496,50656,3391070,5372895,0,0,0,174,200,1399,1400
MPCTASK: EXP,3,44,2186,50,45,1020,27,-67,40,24,199,-62,0,0,1000,33,14,1000,320,250,840,69,300,0,0,0,3,3,1,1,0,0,0,4,20763,10940,32483,1859808,0,1810,22863,3529616,5522217,0,0,0,167,200,1399,1400
MPCTASK: EXP,3,46,2281,59,34,1020,4,-72,19,-1,174,-45,0,0,1000,34,6,1000,320,290,1140,69,300,0,0,0,2,3,1,1,0,0,0,4,15952,11598,28283,1971489,0,1818,23036,2711829,4808316,0,0,0,162,133,1399,1400
MPCTASK: EXP,3,48,2391,50,24,1022,-33,-72,26,-29,164,-32,0,0,1000,17,0,1000,322,281,1070,69,300,0,0,0,2,3,1,1,0,0,0,5,26710,10099,37761,1716765,0,1810,78539,4540679,6419394,0,0,0,160,133,1399,1400
MPCTASK: EXP,3,50,2488,36,19,1025,-64,-64,23,-48,59,-16,0,0,1000,6,0,1000,325,271,1026,69,300,0,0,0,2,3,1,1,0,0,0,5,21593,10757,33429,1828485,0,1810,87261,3670697,5682966,0,0,0,156,133,1399,1400
MPCTASK: EXP,3,52,2585,18,13,1028,-83,-56,26,-53,-10,-2,0,0,1000,-7,-2,1000,328,243,785,69,300,0,0,0,2,3,1,1,0,0,0,3,19883,9590,30265,1630194,0,1810,91976,3380145,5145096,0,0,0,151,133,1399,1400
MPCTASK: EXP,3,54,2686,-16,3,1031,-104,-52,21,-42,-65,8,0,0,1000,-35,-9,1000,331,249,827,69,300,0,0,0,2,3,1,1,0,0,0,5,23219,8077,32210,1373005,0,2008,23721,3947293,5475846,0,0,0,147,133,1399,1400
MPCTASK: EXP,3,56,2785,-37,3,1033,-97,-38,13,-48,-135,23,0,0,1000,-45,-5,1000,333,285,1090,69,300,0,0,0,2,3,1,1,0,0,0,4,18957,11586,31098,1969572,0,1810,22868,3222580,5286725,0,0,0,148,133,1399,1400
MPCTASK: EXP,3,58,2883,-52,5,1034,-76,-26,4,-37,-183,37,0,0,1000,-48,-1,1000,334,290,1096,69,300,0,0,0,2,3,1,1,0,0,0,4,17181,10260,28170,1744138,0,2113,97046,2920793,4788885,0,0,0,152,133,1399,1400
MPCTASK: EXP,3,60,2986,-55,9,1038,-41,-13,17,-29,-193,54,0,0,1000,-40,4,1000,338,286,1075,69,300,0,0,0,2,3,1,1,0,0,0,4,18946,11220,31509,1907444,0,2215,24020,3220708,5356596,0,0,0,157,133,1399,1400
MPCTASK: EXP,3,62,3090,-33,20,1037,13,2,0,-8,-166,72,0,0,1000,-10,15,1000,337,281,1022,69,300,0,0,0,2,3,1,1,0,0,0,5,25436,9950,35671,1691326,0,1810,22868,4324146,6064185,0,0,0,156,133,1399,1400
MPCTASK: EXP,3,64,3190,-15,28,1039,49,8,0,16,-73,104,0,0,1000,6,22,1000,339,270,964,69,300,0,0,0,2,3,1,1,0,0,0,5,23301,11150,36160,1895420,0,1816,140337,3961040,6147207,0,0,0,153,133,1399,1400
MPCTASK: EXP,3,66,3292,8,43,1040,71,16,3,61,23,125,0,0,1000,23,31,1000,340,253,837,69,300,0,0,0,2,3,1,1,0,0,0,5,25280,11641,37680,1978848,0,2008,103366,4297401,6405714,0,0,0,152,133,1399,1400
MPCTASK: EXP,3,68,3395,47,49,1041,90,9,14,74,120,137,0,0,1000,51,34,1000,341,264,916,69,300,0,0,0,2,3,1,1,0,0,0,5,27338,12462,40558,2118567,0,2115,101864,4647397,6894844,0,0,0,155,133,1399,1400
MPCTASK: EXP,3,70,3485,67,54,1044,74,0,16,90,209,135,0,0,1000,57,34,1000,344,302,1200,69,300,0,0,0,2,3,1,1,0,0,0,4,17480,12438,30985,2114426,0,1816,112944,2971506,5267597,0,0,0,163,133,1399,1400
MPCTASK: EXP,3,72,3580,78,59,1044,48,-10,-2,102,213,122,0,0,1000,58,34,1000,344,295,1098,69,300,0,0,0,3,3,1,1,0,0,0,3,14065,10625,25481,1806121,0,2152,107903,2390971,4331870,0,0,0,171,200,1399,1400
MPCTASK: EXP,3,74,3688,81,52,1043,6,-34,-10,88,220,96,0,0,1000,48,24,1000,341,274,932,69,300,0,0,0,3,3,1,1,0,0,0,4,19315,12467,33292,2119350,0,1816,102906,3283473,5659740,0,0,0,175,200,1399,1400
MPCTASK: EXP,3,76,3784,80,44,1040,-29,-50,-17,53,189,65,0,0,1000,39,16,1000,336,282,988,69,300,0,0,0,3,3,1,1,0,0,0,4,18834,10485,29884,1782261,0,1811,70534,3201646,5080418,0,0,0,176,200,1399,1400
MPCTASK: EXP,3,78,3884,64,29,1039,-69,-63,-3,-11,120,30,0,0,1000,23,6,1000,338,196,556,69,300,0,0,0,3,3,1,1,0,0,0,4,18154,11153,30045,1896015,0,2123,75320,3086090,5107791,0,0,0,172,200,1399,1400
MPCTASK: EXP,3,80,3993,52,25,1041,-87,-57,6,-48,65,0,0,0,1000,11,6,1000,341,266,940,69,300,0,0,0,3,3,1,1,0,0,0,5,24715,13106,38900,2227975,0,1810,114575,4201513,6613150,0,0,0,169,200,1399,1400
MPCTASK: EXP,3,82,4090,27,13,1042,-107,-53,0,-75,-23,-37,0,0,1000,-6,0,1000,342,258,867,69,300,0,0,0,2,3,1,1,0,0,0,4,23830,10022,35022,1703638,0,37373,24942,4051059,5953726,0,0,0,161,133,1399,1400
MPCTASK: EXP,3,84,4184,0,6,1041,-115,-41,-6,-93,-85,-66,0,0,1000,-25,0,1000,340,250,801,69,300,0,0,0,2,3,1,1,0,0,0,4,18219,9931,29380,1688212,0,32666,88631,3097076,4994585,0,0,0,152,133,1399,1400
MPCTASK: EXP,3,86,4282,-18,4,1039,-100,-23,-9,-99,-160,-79,0,0,1000,-30,2,1000,337,289,1073,69,300,0,0,0,2,3,1,1,0,0,0,3,16259,10820,27986,1839277,0,1810,126683,2763861,4757814,0,0,0,149,133,1399,1400
MPCTASK: EXP,3,88,4385,-34,7,1037,-76,-4,-4,-74,-182,-79,0,0,1000,-33,9,1000,336,275,966,69,300,0,0,0,2,3,1,1,0,0,0,4,18483,10395,29867,1767053,0,35531,108173,3142025,5077549,0,0,0,150,133,1399,1400
MPCTASK: EXP,3,90,4497,-24,11,1041,-27,8,25,-49,-189,-74,0,0,1000,-14,13,1000,341,288,1092,69,300,0,0,0,2,3,1,1,0,0,0,5,24532,13599,41086,2311889,0,1816,368223,4170349,6984660,0,0,0,153,133,1399,1400
MPCTASK: EXP,3,92,4593,3,31,1044,26,31,17,-9,-90,-66,0,0,1000,12,31,1000,344,162,501,69,300,0,0,0,2,3,1,1,0,0,0,5,25582,10638,37977,1808276,0,77443,89637,4348730,6456328,0,0,0,154,133,1399,1400
MPCTASK: EXP,3,94,4694,25,36,1046,47,30,13,39,55,-42,0,0,1000,27,33,1000,346,269,970,69,300,0,0,0,2,3,1,1,0,0,0,5,24494,13111,38672,2228804,0,2115,97656,4164003,6574294,0,0,0,156,133,1399,1400
MPCTASK: EXP,3,96,4793,39,45,1049,44,25,-7,99,92,-50,0,0,1000,34,34,1000,348,253,818,69,300,0,0,0,2,3,1,1,0,0,0,5,24358,11059,36680,1880001,0,35083,114211,4140767,6235534,0,0,0,160,133,1399,1400
MPCTASK: EXP,3,98,4890,60,53,1048,28,20,-8,27,290,-99,0,0,1000,33,43,1000,347,213,647,69,300,0,0,0,3,3,1,1,0,0,0,5,22267,10329,33785,1755913,0,1810,174761,3785294,5743494,0,0,0,167,200,1399,1400
MPCTASK: EXP,3,100,4987,55,58,1048,-25,13,33,111,229,-285,0,0,1000,18,39,1000,348,158,543,69,300,0,0,0,2,3,1,1,0,0,0,4,19481,10569,30724,1796683,0,1811,89067,3311664,5223161,0,0,0,166,133,1399,1400
MPCTASK: EXP,3,102,5089,21,59,1051,-91,-4,40,105,162,-441,0,0,1000,-18,35,1000,351,200,586,69,300,0,0,0,2,3,1,1,0,0,0,5,20829,10750,32739,1827553,0,39784,24019,3540827,5565678,0,0,0,156,133,1399,1400
MPCTASK: EXP,3,104,5194,-6,51,1052,-127,-27,28,110,15,-503,0,0,1000,-39,22,1000,352,174,513,69,300,0,0,0,2,3,1,1,0,0,0,5,24619,10320,35957,1754325,0,1810,147390,4185073,6112836,0,0,0,146,133,1399,1400
MPCTASK: EXP,3,106,5297,-35,49,1057,-135,-49,30,119,-128,-532,0,0,1000,-52,16,1000,357,124,543,69,300,0,0,0,2,3,1,1,0,0,0,5,27000,11396,39123,1937269,0,75854,22868,4589955,6650848,0,0,0,143,133,1399,1400
MPCTASK: EXP,3,108,5402,-58,40,1059,-112,-72,0,78,-260,-517,0,0,1000,-56,6,1000,359,245,771,69,300,0,0,0,2,3,1,1,0,0,0,5,28795,12902,44398,2193268,0,1960,432708,4895045,7547859,0,0,0,145,133,1399,1400
MPCTASK: EXP,3,110,5496,-82,21,1058,-81,-95,-19,29,-304,-503,0,0,1000,-62,-11,1000,354,241,738,69,300,0,0,0,2,3,1,1,0,0,0,5,27204,10012,38543,1701824,0,33496,147744,4624596,6552414,0,0,0,148,133,1399,1400
MPCTASK: EXP,3,112,5595,-97,5,1058,-36,-102,-12,-127,-276,-484,0,0,1000,-67,-16,1000,355,221,670,69,300,0,0,0,2,3,1,1,0,0,0,5,24640,12179,37656,2070274,0,1811,87097,4188661,6401689,0,0,0,154,133,1399,1400
MPCTASK: EXP,3,114,5688,-103,-6,1056,5,-81,-25,-137,-255,-443,0,0,1000,-58,-18,1000,351,281,938,69,300,0,0,0,2,3,1,1,0,0,0,4,18974,10986,30336,1867687,0,1810,22868,3225495,5157193,0,0,0,160,133,1399,1400
MPCTASK: EXP,3,116,5784,-111,-27,1053,36,-71,-28,-181,-202,-370,0,0,1000,-59,-27,1000,347,274,905,69,300,0,0,0,2,3,1,1,0,0,0,3,15120,10149,26613,1725157,0,1810,157595,2570245,4524272,0,0,0,166,133,1399,1400
MPCTASK: EXP,3,118,5888,-104,-35,1053,72,-44,-22,-165,-155,-317,0,0,1000,-47,-29,1000,349,282,986,69,300,0,0,0,3,3,1,1,0,0,0,4,19646,10447,31120,1776003,0,1810,148755,3339755,5290558,0,0,0,172,200,1399,1400
MPCTASK: EXP,3,120,5990,-108,-31,1051,83,-16,-46,-128,-106,-300,0,0,1000,-52,-18,1000,342,245,722,69,300,0,0,0,3,3,1,1,0,0,0,4,19142,10858,31501,1845826,0,1810,65413,3253262,5355286,0,0,0,174,200,1399,1400
MPCTASK: EXP,3,122,6090,-139,-35,1048,58,6,-48,-202,-88,-283,0,0,1000,-79,-11,1000,338,236,683,69,300,0,0,0,3,3,1,1,0,0,0,5,20329,10845,31629,1843465,0,1810,42445,3455714,5377030,0,0,0,179,200,1399,1400
MPCTASK: EXP,3,124,6193,-168,-40,1044,52,30,-4,-115,-299,-335,0,0,1000,-91,-17,1000,343,167,573,69,300,0,0,0,3,3,1,1,0,0,0,5,23603,10641,34530,1808909,0,1816,22863,4012474,5870098,0,0,0,189,200,1399,1400
MPCTASK: EXP,3,126,6288,-194,-33,1043,75,45,-1,-75,-345,-265,0,0,1000,-102,-8,1000,343,195,619,69,300,0,0,0,3,3,1,1,0,0,0,4,19781,9799,30134,1665681,0,1810,23504,3362681,5122902,0,0,0,203,200,1399,1400
MPCTASK: EXP,3,128,6393,-206,-21,1044,105,61,-13,-21,-291,-77,0,0,1000,-105,-2,1000,342,65,575,69,300,0,0,0,3,3,1,1,0,0,0,4,23958,10406,35354,1768909,0,54603,88754,4072742,6010365,0,0,0,208,200,1399,1400
MPCTASK: EXP,3,130,6485,-216,-8,1042,134,59,-17,82,-285,45,0,0,1000,-108,4,1000,339,142,566,69,300,0,0,0,3,3,1,1,0,0,0,4,15949,10213,26953,1736090,0,1941,107824,2711321,4582105,0,0,0,211,200,1399,1400
MPCTASK: EXP,3,132,6592,-217,-16,1041,158,32,-28,58,-200,243,0,0,1000,-105,-8,1000,335,188,563,69,300,0,0,0,3,3,1,1,0,0,0,4,19785,11945,33815,2030591,0,1810,184961,3363272,5748610,0,0,0,206,200,1399,1400
MPCTASK: EXP,3,134,6688,-215,-7,1035,171,24,-48,102,-134,431,0,0,1000,-102,-5,1000,326,180,532,69,300,0,0,0,3,3,1,1,0,0,0,4,19628,9812,30247,1667933,0,1810,109472,3336753,5142150,0,0,0,195,200,1399,1400
MPCTASK: EXP,3,136,6787,-206,-1,1031,185,9,-23,134,-112,609,0,0,1000,-94,-6,1000,327,214,607,69,300,0,0,0,3,3,1,1,0,0,0,4,17437,9690,28235,1647198,0,1810,97721,2964293,4800065,0,0,0,182,200,1399,1400
MPCTASK: EXP,3,138,6893,-193,-8,1030,198,-13,-15,67,-105,764,0,0,1000,-80,-13,1000,327,222,641,69,300,0,0,0,3,3,1,1,0,0,0,5,22305,10753,33991,1827901,0,1810,52569,3791875,5778517,0,0,0,172,200,1399,1400
MPCTASK: EXP,3,140,6992,-173,-4,1032,214,-15,-18,92,-16,899,0,0,1000,-69,-13,1000,328,156,510,69,300,0,0,0,2,3,1,1,0,0,0,5,22790,10074,34074,1712520,0,1810,139048,3874178,5792581,0,0,0,161,133,1399,1400
MPCTASK: EXP,3,142,7090,-167,-12,1027,198,-29,-21,-49,-13,1081,0,0,1000,-67,-9,1000,323,60,681,69,300,0,0,0,2,3,1,1,0,0,0,4,20057,11020,31866,1873209,0,1984,106766,3409475,5417295,0,0,0,147,133,1399,1400
MPCTASK: EXP,3,144,7190,-155,-17,1028,191,-13,-1,-112,0,1186,0,0,1000,-62,-10,1000,328,247,792,69,300,0,0,0,2,3,1,1,0,0,0,4,17876,11586,31272,1969499,0,1816,122143,3038913,5316236,0,0,0,137,133,1399,1400
MPCTASK: EXP,3,146,7290,-152,-15,1027,167,12,-15,-108,16,1261,0,0,1000,-67,-4,1000,324,185,526,69,300,0,0,0,2,3,1,1,0,0,0,4,17629,12007,31598,2041176,0,1810,73088,2996876,5371706,0,0,0,129,133,1399,1400
MPCTASK: EXP,3,148,7397,-176,-6,1022,125,36,-24,-63,-117,1266,0,0,1000,-88,4,1000,317,39,642,69,300,0,0,0,2,3,1,1,0,0,0,5,26328,11185,38737,1901403,0,1810,134692,4475779,6585327,0,0,0,127,133,1399,1400
MPCTASK: EXP,3,150,7499,-184,36,1020,125,77,-4,86,-187,1165,0,0,1000,-87,43,1000,319,206,603,69,300,0,0,0,2,3,1,1,0,0,0,5,27518,11209,39971,1905356,0,1810,184807,4678015,6795013,0,0,0,132,133,1399,1400
MPCTASK: EXP,3,152,7599,-193,46,1021,135,64,13,192,-189,1026,0,0,1000,-91,41,1000,321,175,542,69,300,0,0,0,2,3,1,1,0,0,0,5,26786,11099,39236,1886856,0,1811,203289,4553537,6670208,0,0,0,144,133,1399,1400
MPCTASK: EXP,3,154,7695,-199,51,1024,154,42,16,178,-231,840,0,0,1000,-90,38,1000,324,138,544,69,300,0,0,0,2,3,1,1,0,0,0,4,20597,14803,35690,2516551,0,1810,22868,3501432,6067441,0,0,0,160,133,1399,1400
MPCTASK: EXP,3,156,7789,-188,56,1029,185,21,17,166,-210,606,0,0,1000,-75,37,1000,329,153,536,69,300,0,0,0,3,3,1,1,0,0,0,4,18713,10087,29678,1714705,0,1810,55160,3181175,5045248,0,0,0,174,200,1399,1400
MPCTASK: EXP,3,158,7891,-154,79,1026,230,23,-23,158,-91,395,0,0,1000,-48,54,1000,321,133,547,69,300,0,0,0,3,3,1,1,0,0,0,4,18825,10625,31322,1806065,0,1810,80985,3200160,5324853,0,0,0,176,200,1399,1400
MPCTASK: EXP,3,160,7989,-130,86,1023,230,1,-16,131,132,229,0,0,1000,-43,55,1000,320,192,545,69,300,0,0,0,3,3,1,1,0,0,0,4,18237,10563,29345,1795665,0,1810,67057,3100146,4988597,0,0,0,176,200,1399,1400
MPCTASK: EXP,3,162,8095,-128,86,1024,178,-27,5,183,228,55,0,0,1000,-60,42,1000,324,62,596,69,300,0,0,0,3,3,1,1,0,0,0,4,18993,15338,35469,2607301,0,1811,109687,3228781,6029860,0,0,0,176,200,1399,1400
MPCTASK: EXP,3,164,8194,-129,87,1025,128,-66,11,226,157,-132,0,0,1000,-72,35,1000,325,105,570,69,300,0,0,0,3,3,1,1,0,0,0,5,23751,10333,35159,1756416,0,1811,157284,4037474,5977194,0,0,0,172,200,1399,1400
MPCTASK: EXP,3,166,8293,-150,71,1021,71,-106,-32,126,-30,-230,0,0,1000,-88,19,1000,314,71,639,69,300,0,0,0,3,3,1,1,0,0,0,4,19566,11142,32875,1894115,0,1821,24011,3326074,5588769,0,0,0,166,200,1399,1400
MPCTASK: EXP,3,168,8393,-158,58,1020,60,-111,5,-40,-33,-351,0,0,1000,-97,13,1000,320,108,583,69,300,0,0,0,2,3,1,1,0,0,0,4,21441,10097,33157,1716352,0,1996,169798,3644944,5636622,0,0,0,164,133,1399,1400
MPCTASK: EXP,3,170,8490,-177,53,1024,45,-110,37,122,-148,-517,0,0,1000,-108,1,1000,324,204,591,69,300,0,0,0,2,3,1,1,0,0,0,5,21837,8250,30933,1402334,0,1810,117611,3712331,5258640,0,0,0,164,133,1399,1400
MPCTASK: EXP,3,172,8593,-189,42,1026,53,-117,-6,-79,-146,-488,0,0,1000,-117,2,1000,325,241,748,69,300,0,0,0,3,3,1,1,0,0,0,4,19849,13466,34322,2289250,0,1810,22863,3374257,5834698,0,0,0,166,200,1399,1400
MPCTASK: EXP,3,174,8697,-211,28,1028,58,-116,4,-29,-292,-422,0,0,1000,-122,-7,1000,328,195,603,69,300,0,0,0,3,3,1,1,0,0,0,5,24010,11539,37075,1961563,0,1811,177649,4081592,6302817,0,0,0,178,200,1399,1400
MPCTASK: EXP,3,176,8797,-220,12,1027,86,-109,-22,-149,-276,-259,0,0,1000,-124,-13,1000,322,136,564,69,300,0,0,0,3,3,1,1,0,0,0,4,21351,12621,36247,2145606,0,1973,159827,3629683,6162062,0,0,0,190,200,1399,1400
MPCTASK: EXP,3,178,8888,-242,2,1025,94,-92,-33,-96,-345,15,0,0,1000,-130,-18,1000,318,40,537,69,300,0,0,0,3,3,1,1,0,0,0,4,17943,9415,28242,1600603,0,1810,84139,3050064,4801229,0,0,0,195,200,1399,1400
MPCTASK: EXP,3,180,8996,-240,-9,1022,134,-71,-39,-196,-279,399,0,0,1000,-123,-14,1000,314,144,562,69,300,0,0,0,3,3,1,1,0,0,0,5,26408,8635,36138,1467817,0,1810,22863,4489176,6143417,0,0,0,188,200,1399,1400
MPCTASK: EXP,3,182,9092,-239,-6,1012,161,-30,-69,-99,-247,507,0,0,1000,-118,-5,1000,298,248,696,69,300,0,0,0,3,3,1,1,0,0,0,4,18883,10134,30490,1722581,0,46226,145375,3210127,5183437,0,0,0,176,200,1399,1400
MPCTASK: EXP,3,184,9201,-232,1,1011,192,3,-25,-58,-288,528,0,0,1000,-102,6,1000,306,274,907,69,300,0,0,0,3,3,1,1,0,0,0,5,24295,11977,38935,2036120,0,1810,212316,4130010,6619010,0,0,0,174,200,1399,1400
MPCTASK: EXP,3,186,9299,-213,25,1010,234,38,-31,53,-245,510,0,0,1000,-78,26,1000,304,277,926,69,300,0,0,0,3,3,1,1,0,0,0,5,26888,8519,36654,1448234,0,1810,157276,4570987,6231240,0,0,0,174,200,1399,1400
MPCTASK: EXP,3,188,9393,-197,36,1008,263,34,-15,191,-192,518,0,0,1000,-62,25,1000,305,261,866,69,300,0,0,0,3,3,1,1,0,0,0,3,16927,11657,29965,1981516,0,1849,24017,2877570,5094058,0,0,0,173,200,1399,1400
MPCTASK: EXP,3,190,9499,-176,39,1006,279,8,-10,167,-63,583,0,0,1000,-48,19,1000,304,265,907,69,300,0,0,0,3,3,1,1,0,0,0,4,21485,12019,34633,2043133,0,1810,88048,3652364,5887740,0,0,0,168,200,1399,1400
MPCTASK: EXP,3,192,9602,-151,44,1006,285,-8,-6,121,13,618,0,0,1000,-36,24,1000,305,185,525,69,300,0,0,0,2,3,1,1,0,0,0,5,24063,12120,37472,2060355,0,1810,74014,4090629,6370319,0,0,0,162,133,1399,1400
MPCTASK: EXP,3,194,9701,-120,38,1002,280,-30,-36,76,95,616,0,0,1000,-18,16,1000,295,237,703,69,300,0,0,0,2,3,1,1,0,0,0,5,26751,9833,37151,1671601,0,1998,24262,4547709,6315704,0,0,0,156,133,1399,1400
MPCTASK: EXP,3,196,9802,-94,36,1001,259,-42,-34,83,149,565,0,0,1000,-7,10,1000,294,260,840,69,300,0,0,0,2,3,1,1,0,0,0,5,23799,12695,37954,2158092,0,1787,119296,4045698,6452268,0,0,0,153,133,1399,1400
MPCTASK: EXP,3,198,9897,-71,25,998,232,-63,-20,43,178,524,0,0,1000,-1,0,1000,294,193,553,69,300,0,0,0,2,3,1,1,0,0,0,4,20614,10921,32583,1856497,0,1787,82745,3504281,5539253,0,0,0,154,133,1399,1400
MPCTASK: EXP,3,200,9994,-54,21,999,188,-61,5,-42,308,556,0,0,1000,-7,1,1000,299,242,769,69,300,0,0,0,2,3,1,1,0,0,0,4,18640,10844,29957,1843366,0,1787,22868,3168660,5092774,0,0,0,149,133,1399,1400
MPCTASK: EXP,3,202,10087,-40,10,997,131,-54,2,-210,260,642,0,0,1000,-8,4,1000,297,200,604,69,300,0,0,0,2,3,1,1,0,0,0,3,13928,8863,23076,1506534,0,1787,22868,2367611,3922909,0,0,0,140,133,1399,1400
MPCTASK: EXP,3,204,10192,-36,13,1001,79,-23,46,-98,222,656,0,0,1000,-16,8,1000,301,167,532,69,300,0,0,0,2,3,1,1,0,0,0,3,15278,11953,28239,2031902,0,1810,67283,2597064,4800690,0,0,0,131,133,1399,1400
MPCTASK: EXP,3,206,10300,-41,10,1002,37,-10,13,-93,125,628,0,0,1000,-29,9,1000,302,247,816,69,300,0,0,0,2,3,1,1,0,0,0,5,24491,11291,36413,1919438,0,1810,22868,4163130,6190181,0,0,0,124,133,1399,1400
MPCTASK: EXP,3,208,10397,-37,7,1006,19,-2,19,-168,57,749,0,0,1000,-25,16,1000,306,169,517,69,300,0,0,0,2,3,1,1,0,0,0,4,22648,8682,32324,1475804,0,1810,112452,3850162,5495276,0,0,0,119,133,1399,1400
MPCTASK: EXP,3,210,10499,-49,6,1008,-8,24,5,-115,30,812,0,0,1000,-41,17,1000,308,249,820,69,300,0,0,0,2,3,1,1,0,0,0,5,22696,11994,35237,2038909,0,1810,22868,3858344,5990336,0,0,0,114,133,1399,1400
MPCTASK: EXP,3,212,10598,-53,17,1007,-13,43,-17,-13,-5,788,0,0,1000,-43,24,1000,304,225,649,69,300,0,0,0,2,3,1,1,0,0,0,4,22073,11452,34389,1946805,0,1810,119943,3752439,5846165,0,0,0,112,133,1399,1400
MPCTASK: EXP,3,214,10697,-50,34,1009,-6,50,10,92,8,671,0,0,1000,-37,30,1000,309,127,533,69,300,0,0,0,2,3,1,1,0,0,0,4,21477,10073,32399,1712293,0,1810,118592,3651031,5507837,0,0,0,116,133,1399,1400
MPCTASK: EXP,3,216,10798,-53,47,1011,-4,36,8,129,-7,683,0,0,1000,-40,39,1000,311,105,576,69,300,0,0,0,2,3,1,1,0,0,0,5,22422,10005,33255,1700802,0,1810,77409,3811741,5653468,0,0,0,124,133,1399,1400
MPCTASK: EXP,3,218,10900,-62,44,1009,-7,16,9,82,-87,752,0,0,1000,-39,33,1000,309,169,495,69,300,0,0,0,2,3,1,1,0,0,0,5,23603,10211,35793,1735782,0,2007,123381,4012468,6084936,0,0,0,123,133,1399,1400
MPCTASK: EXP,3,220,10995,-86,36,1011,-12,2,1,12,-189,774,0,0,1000,-55,27,1000,311,253,836,69,300,0,0,0,2,3,1,1,0,0,0,4,18633,11575,31023,1967674,0,2144,110734,3167497,5273904,0,0,0,126,133,1399,1400
MPCTASK: EXP,3,222,11098,-86,45,1010,17,7,-5,47,-186,831,0,0,1000,-47,35,1000,309,212,623,69,300,0,0,0,2,3,1,1,0,0,0,4,21045,11603,33631,1972549,0,1810,140385,3577552,5717416,0,0,0,126,133,1399,1400
MPCTASK: EXP,3,224,11196,-88,45,1011,43,2,1,76,-154,854,0,0,1000,-44,31,1000,311,195,562,69,300,0,0,0,2,3,1,1,0,0,0,4,19737,10080,31301,1713629,0,1810,211759,3355255,5321269,0,0,0,125,133,1399,1400
MPCTASK: EXP,3,226,11305,-92,47,1013,59,-5,-7,122,-152,783,0,0,1000,-42,27,1000,311,255,838,69,300,0,0,0,2,3,1,1,0,0,0,5,26176,13792,40742,2344478,0,1816,23289,4449851,6926320,0,0,0,129,133,1399,1400
MPCTASK: EXP,3,228,11397,-85,45,1011,83,-17,-14,54,-102,771,0,0,1000,-34,24,1000,308,245,774,69,300,0,0,0,2,3,1,1,0,0,0,4,20395,11220,32297,1907315,0,1811,89864,3467007,5490592,0,0,0,130,133,1399,1400
MPCTASK: EXP,3,230,11499,-79,48,1010,91,-19,-31,35,-41,700,0,0,1000,-30,27,1000,304,202,538,69,300,0,0,0,2,3,1,1,0,0,0,4,19972,12366,34484,2102068,0,1810,23184,3395182,5862398,0,0,0,130,133,1399,1400
MPCTASK: EXP,3,232,11597,-86,52,1007,80,-25,-22,118,-61,586,0,0,1000,-38,22,1000,302,164,508,69,300,0,0,0,2,3,1,1,0,0,0,4,20472,11032,32960,1875492,0,62779,22868,3480225,5603313,0,0,0,135,133,1399,1400
MPCTASK: EXP,3,234,11699,-90,55,1009,79,-44,9,115,-100,403,0,0,1000,-40,21,1000,309,125,539,69,300,0,0,0,2,3,1,1,0,0,0,4,20168,13272,34630,2256220,0,1810,159443,3428423,5887101,0,0,0,143,133,1399,1400
MPCTASK: EXP,3,236,11797,-93,58,1007,81,-65,0,223,-104,254,0,0,1000,-38,12,1000,307,200,593,69,300,0,0,0,2,3,1,1,0,0,0,4,19025,12305,32303,2091799,0,1810,99779,3234198,5491557,0,0,0,149,133,1399,1400
MPCTASK: EXP,3,238,11909,-104,41,1007,82,-103,2,103,-144,231,0,0,1000,-46,-2,1000,307,210,607,69,300,0,0,0,2,3,1,1,0,0,0,5,29679,14403,44651,2448446,0,2814,68782,5045500,7590609,0,0,0,154,133,1399,1400
MPCTASK: EXP,3,240,11999,-104,27,1006,95,-109,-12,-77,-153,333,0,0,1000,-43,-3,1000,304,175,521,69,300,0,0,0,2,3,1,1,0,0,0,4,21590,12109,34965,2058395,0,2151,55345,3670163,5943994,0,0,0,152,133,1399,1400
MPCTASK: TRAJ DONE: idx=240, max=240; requesting landing
MPCTASK: LANDING: start z=1.0, hold=(-0.09,0.01)
MPCTASK: LANDING COMPLETE: t=19092 ms, x=-0.1