SYS: Crazyflie 2.1 Brushless is up and running!
SYS: Build 2:de14ff9f08ae (2025.09.1 +2) MODIFIED
SYS: I am 0x373930393434471500370039 and I have 1024KB of flash!
CFGBLK: v1, verification [OK]
DECK_DISCOVERY: Backend found: onewire
DECK_DISCOVERY: Backend found: deckctrl
DECK_CORE: 1 deck(s) found
DECK_CORE: Calling INIT on driver bcFlow2 for deck 0
ZR2: Z-down sensor [OK]
PMW: Motion chip id: 0x49:0xB6
IMU: BMI088: Using I2C interface.
IMU: BMI088 Gyro connection [OK].
IMU: BMI088 Accel connection [OK]
IMU: BMP390 I2C connection [OK]
ESTIMATOR: Using Kalman (2) estimator
CONTROLLER: Using PID (1) controller
MTR-DRV: Using brushless motor driver
SYS: About to run tests in system.c.
SYS: NRF51 version: 2026.04 (C21B)
EEPROM: I2C connection [OK].
STORAGE: Storage check [OK].
IMU: BMI088 gyro self-test [OK]
DECK_CORE: Deck 0 test [OK].
SYS: Self test passed!
STAB: Wait for sensor calibration...
SYS: Free heap: 15048 bytes
MPCTASK: Waiting for activation ...
STAB: Starting stabilizer loop
STAB: WARNING: stabilizer loop rate is off (1004)
SUP: Ready to fly
MPCTASK: Benchmark mode 2, maneuver 0, max_iter 5, task_pri 0
MPCTASK: Common baseline: mpc_hz=20 model_hz=20 rho=5 base_w=0 base_qz=1 Qz=100 R=4 bridge=x10 guards=z[ref,ref+0.20] xy=free cap=0.05
MPCTASK: Fixed baseline: w=0 qz=1 adaptive_cache=off
MPCTASK: LIMO posthoc: infeasible=nominal_fallback
MPCTASK: EXP every=2: m,s,tms,p3[mm],v3[mmps],att3[cdeg],ref3[mm],cmd3[mm],h/raw/grad/mar/thr[milli],act/ac/bind,wi/qi/cache/noa,pa/pf/du[milli],it,mpc/eval/total[us],bar/tanh/rl/cache/solve/step[cycles],overruns,post_active/post_infeasible_totals,wreq/w/qzreq/qz[milli]
CONTROLLER: Using OutOfTree (6) controller
MPCTASK: OOT activated at z=0.55
MPCTASK: OOT loop 1 done
MPCTASK: MPC task loMPCTASK: OOT loop 2 done
op 1
MPCTASK: Benchmark rMPCTASK: OOT loop 3 done
eset: mode=2 maneuver=0
MPCTASK: x0: pos=(0.02,0.01,0.55) vel=(-0.0,0.05,-0.0)
MPCTASK: ref: (0.0,0.0,1.0)
MPCTASK: MPC solve start
MPCTASK: MPC solve done, iter=5
MPCTASK: MPC time=26117 us
MPCTASK: MPC stack free=1093 words
MPCTASK: setpoint: x=0.0 y=0.01 z=1.0 preview_z=0.84
MPCTASK: MPC task loop 2
MPCTASK: MPC task loop 3
MPCTASK: EXP,2,2,90,23,14,555,-16,47,-39,133,101,20,0,0,1000,6,14,1000,-151,120,558,69,69,1,1,0,0,0,0,0,1,1,0,5,25932,11970,38400,2034826,0,0,0,4408344,6528052,0,2,2,0,0,1000,1000
MPCTASK: EXP,2,4,189,9,17,544,-43,25,-182,133,7,24,0,0,1000,-4,11,1000,-192,107,667,69,69,1,1,0,0,0,0,0,1,1,0,5,23431,13877,37644,2358960,0,0,0,3983141,6399596,0,4,4,0,0,1000,1000
MPCTASK: EXP,2,6,290,0,14,524,-49,-2,-128,101,-42,11,0,0,1000,-11,4,1000,-201,101,609,69,69,1,1,0,0,0,0,0,1,1,0,5,27178,10707,37979,1820233,0,0,0,4620324,6456636,0,6,6,0,0,1000,1000
MPCTASK: EXP,2,8,388,-7,10,547,-38,-26,579,26,-67,-3,0,0,1000,-10,0,1000,-152,129,616,69,69,1,1,0,0,0,0,0,1,1,0,5,23294,13161,36546,2237342,0,0,0,3959878,6212750,0,8,8,0,0,1000,1000
MPCTASK: EXP,2,10,481,-21,-2,616,-39,-42,774,-44,-80,-8,0,0,1000,-20,-9,1000,-83,164,647,69,69,1,1,0,0,0,0,0,1,1,0,4,18397,11586,30075,1969543,0,0,0,3127564,5112803,0,10,10,0,0,1000,1000
MPCTASK: EXP,2,12,589,-34,-8,690,-41,-38,696,-41,-95,-15,0,0,1000,-30,-15,1000,-9,192,566,69,69,1,1,0,0,0,0,0,1,1,0,5,24858,11857,37117,2015604,0,0,0,4225808,6309956,0,12,11,0,0,1000,1000
MPCTASK: EXP,2,14,684,-30,-11,755,-12,-31,563,-69,-142,-22,0,0,1000,-18,-12,1000,55,233,441,69,69,0,0,0,0,0,0,0,0,0,0,4,20756,10870,31716,1847926,0,0,0,3528496,5391700,0,13,12,0,0,1000,1000
MPCTASK: EXP,2,16,790,1,-9,807,58,-13,433,-60,-110,-27,0,0,1000,22,-6,1000,107,228,381,69,69,0,0,0,0,0,0,0,0,0,0,5,24601,12579,37268,2138375,0,0,0,4182116,6335612,0,13,12,0,0,1000,1000
MPCTASK: EXP,2,18,882,13,-11,846,70,-8,328,-28,92,-29,0,0,1000,22,-8,1000,146,232,339,69,69,0,0,0,0,0,0,0,0,0,0,3,16893,12865,29846,2186912,0,0,0,2871787,5073819,0,13,12,0,0,1000,1000
MPCTASK: EXP,2,20,980,27,-14,878,66,-7,269,-27,114,-36,0,0,1000,29,-10,1000,178,235,290,69,69,0,0,0,0,0,0,0,0,0,0,3,13953,13876,28531,2358982,0,0,0,2371970,4850346,0,13,12,0,0,1000,1000
MPCTASK: EXP,2,22,1079,33,-15,903,46,-1,219,-40,136,-45,0,0,1000,28,-8,1000,203,249,283,69,69,0,0,0,0,0,0,0,0,0,0,3,17263,9946,27366,1690782,0,0,0,2934623,4652176,0,13,12,0,0,1000,1000
MPCTASK: EXP,2,24,1182,40,-13,924,27,6,185,-29,147,-52,0,0,1000,27,-6,1000,224,252,251,69,69,0,0,0,0,0,0,0,0,0,0,4,18745,11241,30075,1910898,0,0,0,3186552,5112767,0,13,12,0,0,1000,1000
MPCTASK: EXP,2,26,1282,38,-12,941,-1,12,153,-14,133,-54,0,0,1000,19,-4,1000,241,253,230,69,69,0,0,0,0,0,0,0,0,0,0,4,18768,10883,29949,1850060,0,0,0,3190432,5091268,0,13,12,0,0,1000,1000
MPCTASK: EXP,2,28,1383,34,-11,954,-21,14,120,-12,79,-56,0,0,1000,14,-3,1000,254,257,236,69,69,0,0,0,0,0,0,0,0,0,0,4,18989,10938,30018,1859347,0,0,0,3227987,5103005,0,13,12,0,0,1000,1000
MPCTASK: EXP,2,30,1489,17,-7,966,-52,19,107,-10,47,-52,0,0,1000,-3,0,1000,266,247,204,69,69,0,0,0,0,0,0,0,0,0,0,5,22521,13690,36303,2327128,0,0,0,3828612,6171596,0,13,12,0,0,1000,1000
MPCTASK: EXP,2,32,1590,38,-21,975,-19,-1,88,4,-19,-57,0,0,1000,23,-16,1000,275,236,183,69,69,0,0,0,0,0,0,0,0,0,0,5,24084,13496,37668,2294228,0,0,0,4094268,6403629,0,13,12,0,0,1000,1000
MPCTASK: EXP,2,34,1693,28,-7,987,-30,14,91,11,-14,-61,0,0,1000,13,-2,1000,287,247,190,69,69,0,0,0,0,0,0,0,0,0,0,5,27972,12076,40431,2052849,0,0,0,4755267,6873370,0,13,12,0,0,1000,1000
MPCTASK: EXP,2,36,1788,55,28,994,8,51,66,105,62,-61,0,0,1000,36,25,1000,294,129,75,69,69,0,0,0,0,0,0,0,0,0,0,5,22808,12720,35617,2162334,0,0,0,3877336,6054912,0,13,12,0,0,1000,1000
MPCTASK: EXP,2,38,1880,59,36,1001,-1,33,57,136,94,-66,0,0,1000,36,27,1000,301,274,220,69,69,0,0,0,0,0,0,0,0,0,0,4,16460,10866,27863,1847197,0,0,0,2798138,4736686,0,13,12,0,0,1000,1000
MPCTASK: EXP,2,40,1989,52,34,1008,-25,5,53,128,99,-72,0,0,1000,25,18,1000,308,274,218,69,69,0,0,0,0,0,0,0,0,0,0,5,23956,12142,36619,2063997,0,0,0,4072470,6225220,0,13,12,0,0,1000,1000
MPCTASK: EXP,2,42,2090,36,19,1011,-54,-30,26,82,47,-79,0,0,1000,9,2,1000,311,234,172,69,69,0,0,0,0,0,0,0,0,0,0,5,26376,10866,37715,1847028,0,0,0,4483914,6411595,0,13,12,0,0,1000,1000
MPCTASK: EXP,2,44,2183,33,10,1013,-53,-44,23,2,0,-83,0,0,1000,9,-3,1000,313,246,190,69,69,0,0,0,0,0,0,0,0,0,0,4,18653,11070,29890,1881834,0,0,0,3170967,5081404,0,13,12,0,0,1000,1000
MPCTASK: EXP,2,46,2282,22,-3,1018,-58,-50,43,-52,-36,-87,0,0,1000,3,-12,1000,318,264,202,69,69,0,0,0,0,0,0,0,0,0,0,3,16789,12278,29389,2087292,0,0,0,2853963,4996347,0,13,12,0,0,1000,1000
MPCTASK: EXP,2,48,2383,9,-17,1024,-59,-49,40,-84,-45,-90,0,0,1000,-4,-20,1000,324,248,174,69,69,0,0,0,0,0,0,0,0,0,0,4,18628,11551,30265,1963623,0,0,0,3166638,5145226,0,13,12,0,0,1000,1000
MPCTASK: EXP,2,50,2481,1,-33,1027,-50,-45,22,-116,-96,-89,0,0,1000,-6,-29,1000,327,285,232,69,69,0,0,0,0,0,0,0,0,0,0,4,17770,10970,28827,1864709,0,0,0,3020849,4900634,0,13,12,0,0,1000,1000
MPCTASK: EXP,2,52,2584,-1,-39,1028,-33,-27,14,-135,-81,-82,0,0,1000,-5,-27,1000,328,293,245,69,69,0,0,0,0,0,0,0,0,0,0,4,19628,11599,31380,1971717,0,0,0,3336748,5334650,0,13,12,0,0,1000,1000
MPCTASK: EXP,2,54,2681,-3,-36,1029,-19,0,8,-122,-61,-76,0,0,1000,-4,-20,1000,329,251,187,69,69,0,0,0,0,0,0,0,0,0,0,3,14485,13248,27822,2252107,0,0,0,2462407,4729760,0,13,12,0,0,1000,1000
MPCTASK: EXP,2,56,2789,17,-31,1030,11,23,10,-83,-35,-70,0,0,1000,16,-12,1000,330,247,183,69,69,0,0,0,0,0,0,0,0,0,0,5,22597,12753,35943,2167983,0,0,0,3841349,6110400,0,13,12,0,0,1000,1000
MPCTASK: EXP,2,58,2886,28,-26,1034,21,35,24,-45,39,-66,0,0,1000,23,-7,1000,334,261,194,69,69,0,0,0,0,0,0,0,0,0,0,4,20561,12061,33017,2050269,0,0,0,3495180,5612812,0,13,12,0,0,1000,1000
MPCTASK: EXP,2,60,2988,50,-17,1036,32,44,9,6,76,-67,0,0,1000,39,-2,1000,336,250,184,69,69,0,0,0,0,0,0,0,0,0,0,5,22650,11429,34166,1942812,0,0,0,3850335,5808281,0,13,12,0,0,1000,1000
MPCTASK: EXP,2,62,3081,53,-10,1037,14,44,5,27,121,-69,0,0,1000,35,2,1000,337,273,208,69,69,0,0,0,0,0,0,0,0,0,0,4,16959,10193,27242,1732643,0,0,0,2883070,4631147,0,13,12,0,0,1000,1000
MPCTASK: EXP,2,64,3185,54,1,1039,-4,44,4,57,119,-74,0,0,1000,31,8,1000,339,284,224,69,69,0,0,0,0,0,0,0,0,0,0,4,18059,13481,31629,2291663,0,0,0,3069833,5377001,0,13,12,0,0,1000,1000
MPCTASK: EXP,2,66,3280,55,10,1038,-20,38,-3,91,113,-80,0,0,1000,28,11,1000,338,285,228,69,69,0,0,0,0,0,0,0,0,0,0,3,15981,10777,26928,1831995,0,0,0,2716613,4577770,0,13,12,0,0,1000,1000
MPCTASK: EXP,2,68,3387,55,17,1037,-35,25,-9,107,105,-78,0,0,1000,24,12,1000,335,287,234,69,69,0,0,0,0,0,0,0,0,0,0,4,20097,12656,32963,2151470,0,0,0,3416455,5603914,0,13,12,0,0,1000,1000
MPCTASK: EXP,2,70,3488,42,17,1035,-61,4,1,97,69,-67,0,0,1000,10,8,1000,335,273,214,69,69,0,0,0,0,0,0,0,0,0,0,4,21092,12312,33599,2092872,0,0,0,3585513,5711940,0,13,12,0,0,1000,1000
MPCTASK: EXP,2,72,3585,42,3,1037,-61,-23,19,54,13,-60,0,0,1000,12,-5,1000,337,247,177,69,69,0,0,0,0,0,0,0,0,0,0,4,18881,11766,30737,2000185,0,0,0,3209616,5225434,0,13,12,0,0,1000,1000
MPCTASK: EXP,2,74,3690,23,-14,1040,-75,-41,23,-1,-15,-59,0,0,1000,-1,-20,1000,340,241,167,69,69,0,0,0,0,0,0,0,0,0,0,4,21538,13822,35608,2349617,0,0,0,3661422,6053447,0,13,12,0,0,1000,1000
MPCTASK: EXP,2,76,3789,11,-29,1041,-73,-44,-2,-74,-50,-55,0,0,1000,-7,-28,1000,340,249,187,69,69,0,0,0,0,0,0,0,0,0,0,4,20022,13624,33732,2315957,0,0,0,3403577,5734506,0,13,12,0,0,1000,1000
MPCTASK: EXP,2,78,3883,13,-48,1041,-52,-42,-2,-132,-71,-43,0,0,1000,0,-37,1000,341,260,195,69,69,0,0,0,0,0,0,0,0,0,0,3,14072,13569,27727,2306742,0,0,0,2392033,4713734,0,13,12,0,0,1000,1000
MPCTASK: EXP,2,80,3989,12,-64,1041,-39,-28,-2,-163,-46,-20,0,0,1000,2,-43,1000,341,274,207,69,69,0,0,0,0,0,0,0,0,0,0,4,21180,12919,34188,2196224,0,0,0,3600431,5812092,0,13,12,0,0,1000,1000
MPCTASK: EXP,2,82,4084,9,-80,1041,-33,-15,2,-184,-34,0,0,0,1000,0,-51,1000,341,280,211,69,69,0,0,0,0,0,0,0,0,0,0,4,17757,10859,28705,1845963,0,0,0,3018503,4879966,0,13,12,0,0,1000,1000
MPCTASK: EXP,2,84,4185,4,-75,1042,-29,24,-2,-177,-13,18,0,0,1000,-3,-38,1000,341,275,207,69,69,0,0,0,0,0,0,0,0,0,0,4,14971,14068,29689,2391499,0,0,0,2544953,5047247,0,13,12,0,0,1000,1000
MPCTASK: EXP,2,86,4289,0,-54,1043,-29,65,-1,-126,-8,24,0,0,1000,-7,-15,1000,342,267,201,69,69,0,0,0,0,0,0,0,0,0,0,5,21006,12736,33830,2165009,0,0,0,3570995,5751133,0,13,12,0,0,1000,1000
MPCTASK: EXP,2,88,4385,2,-28,1043,-21,95,0,-14,-20,20,0,0,1000,-3,4,1000,343,235,174,69,69,0,0,0,0,0,0,0,0,0,0,4,19421,10422,29931,1771768,0,0,0,3301469,5088358,0,13,12,0,0,1000,1000
MPCTASK: EXP,2,90,4488,-2,-14,1043,-21,98,-6,42,-12,14,0,0,1000,-6,12,1000,341,261,203,69,69,0,0,0,0,0,0,0,0,0,0,4,19948,13034,33068,2215729,0,0,0,3390961,5621670,0,13,12,0,0,1000,1000
MPCTASK: EXP,2,92,4593,-15,-12,1040,-29,78,-19,88,-25,11,0,0,1000,-17,6,1000,336,290,242,69,69,0,0,0,0,0,0,0,0,0,0,5,25650,11918,37655,2025990,0,0,0,4360377,6401492,0,13,12,0,0,1000,1000
MPCTASK: EXP,2,94,4688,-28,1,1040,-30,68,-10,117,-75,12,0,0,1000,-23,10,1000,338,267,207,69,69,0,0,0,0,0,0,0,0,0,0,4,20845,11673,32606,1984256,0,0,0,3543596,5542981,0,13,12,0,0,1000,1000
MPCTASK: EXP,2,96,4790,-55,3,1039,-37,43,-23,105,-113,73,0,0,1000,-43,8,1000,335,227,179,69,69,0,0,0,0,0,0,0,0,0,0,5,26680,8500,35268,1445005,0,0,0,4535529,5995653,0,13,12,0,0,1000,1000
MPCTASK: EXP,2,98,4887,-64,-11,1034,-29,15,-55,48,-107,182,0,0,1000,-48,-5,1000,323,174,175,69,69,0,0,0,0,0,0,0,0,0,0,4,20973,11076,32138,1882770,0,0,0,3565270,5463552,0,13,12,0,0,1000,1000
MPCTASK: EXP,2,100,4993,-77,-27,1029,-23,-5,-40,44,-59,346,0,0,1000,-57,-24,1000,321,192,174,69,69,0,0,0,0,0,0,0,0,0,0,5,24331,13200,37618,2243989,0,0,0,4136076,6395213,0,13,12,0,0,1000,1000
MPCTASK: EXP,2,102,5088,-99,-34,1026,-20,-18,15,14,-172,566,0,0,1000,-65,-29,1000,326,76,97,69,69,0,0,0,0,0,0,0,0,0,0,4,19724,12937,32748,2199120,0,0,0,3352966,5567216,0,13,12,0,0,1000,1000
MPCTASK: EXP,2,104,5194,-119,-70,1033,-1,-42,83,-75,-246,897,0,0,1000,-70,-54,1000,333,24,22,69,69,0,0,0,0,0,0,0,0,0,0,5,27107,11591,38786,1970485,0,0,0,4608144,6593756,0,13,12,0,0,1000,1000
MPCTASK: EXP,2,106,5291,-137,-87,1040,15,-25,97,-225,-302,1162,0,0,1000,-76,-53,1000,340,126,46,69,69,0,0,0,0,0,0,0,0,0,0,5,24153,11748,35989,1997197,0,0,0,4106004,6118158,0,13,12,0,0,1000,1000
MPCTASK: EXP,2,108,5389,-155,-99,1053,42,25,67,-338,-339,1344,0,0,1000,-83,-42,1000,353,266,150,69,69,0,0,0,0,0,0,0,0,0,0,5,20361,12574,33022,2137275,0,0,0,3461289,5613922,0,13,12,0,0,1000,1000
MPCTASK: EXP,2,110,5494,-169,-86,1055,62,89,0,-223,-301,1338,0,0,1000,-88,-22,1000,355,284,200,69,69,0,0,0,0,0,0,0,0,0,0,5,28061,10889,39041,1850972,0,0,0,4770207,6637150,0,13,12,0,0,1000,1000
MPCTASK: EXP,2,112,5595,-184,-67,1051,76,143,-56,-168,-223,1214,0,0,1000,-102,-2,1000,340,46,164,69,69,0,0,0,0,0,0,0,0,0,0,5,27422,12241,40154,2080921,0,0,0,4661654,6826191,0,13,12,0,0,1000,1000
MPCTASK: EXP,2,114,5692,-204,-46,1043,79,170,-62,-49,-277,1050,0,0,1000,-110,14,1000,331,189,173,69,69,0,0,0,0,0,0,0,0,0,0,5,25605,11071,36763,1881960,0,0,0,4352752,6249683,0,13,12,0,0,1000,1000
MPCTASK: EXP,2,116,5789,-215,-12,1042,102,189,-30,129,-246,880,0,0,1000,-110,30,1000,336,25,144,69,69,0,0,0,0,0,0,0,0,0,0,4,18707,14374,33168,2443469,0,0,0,3180081,5638626,0,13,12,0,0,1000,1000
MPCTASK: EXP,2,118,5891,-219,31,1039,136,184,-44,306,-256,706,0,0,1000,-107,51,1000,330,97,149,69,69,0,0,0,0,0,0,0,0,0,0,4,23674,12300,36060,2090903,0,0,0,4024492,6130358,0,13,12,0,0,1000,1000
MPCTASK: EXP,2,120,5987,-234,52,1035,151,131,-38,430,-210,472,0,0,1000,-115,45,1000,327,111,142,69,69,0,0,0,0,0,0,0,0,0,0,4,19840,12211,32137,2075804,0,0,0,3372654,5463430,0,13,12,0,0,1000,1000
MPCTASK: EXP,2,122,6086,-230,72,1033,179,60,3,471,-208,224,0,0,1000,-105,40,1000,333,171,130,69,69,0,0,0,0,0,0,0,0,0,0,4,16726,11481,29073,1951682,0,0,0,2843459,4942406,0,13,12,0,0,1000,1000
MPCTASK: EXP,2,124,6191,-226,74,1035,201,-14,41,352,-168,89,0,0,1000,-100,28,1000,335,249,157,69,69,0,0,0,0,0,0,0,0,0,0,5,22960,11010,34060,1871635,0,0,0,3903169,5790150,0,13,12,0,0,1000,1000
MPCTASK: EXP,2,126,6288,-223,66,1039,213,-76,37,289,-148,10,0,0,1000,-96,10,1000,339,248,158,69,69,0,0,0,0,0,0,0,0,0,0,5,20995,10889,31970,1851074,0,0,0,3568952,5434994,0,13,12,0,0,1000,1000
MPCTASK: EXP,2,128,6393,-219,50,1042,217,-124,-11,182,-180,-85,0,0,1000,-92,-5,1000,339,145,133,69,69,0,0,0,0,0,0,0,0,0,0,4,25320,10872,36497,1848084,0,0,0,4304305,6204526,0,13,12,0,0,1000,1000
MPCTASK: EXP,2,130,6495,-217,30,1038,215,-149,-38,49,-88,-137,0,0,1000,-94,-20,1000,330,246,202,69,69,0,0,0,0,0,0,0,0,0,0,5,24738,13084,37911,2224260,0,0,0,4205494,6444892,0,13,12,0,0,1000,1000
MPCTASK: EXP,2,132,6590,-210,22,1037,217,-145,-11,-17,-78,-168,0,0,1000,-91,-22,1000,335,233,180,69,69,0,0,0,0,0,0,0,0,0,0,4,15939,15553,33179,2643937,0,0,0,2709446,5640508,0,13,12,0,0,1000,1000
MPCTASK: EXP,2,134,6690,-204,8,1038,211,-143,-13,-40,-97,-125,0,0,1000,-87,-27,1000,335,165,141,69,69,0,0,0,0,0,0,0,0,0,0,4,22753,10764,33605,1829890,0,0,0,3867935,5712953,0,13,12,0,0,1000,1000
MPCTASK: EXP,2,136,6786,-204,-6,1032,198,-124,-46,-202,-67,0,0,0,1000,-91,-24,1000,323,219,185,69,69,0,0,0,0,0,0,0,0,0,0,4,18043,11684,30062,1986086,0,0,0,3067309,5110653,0,13,12,0,0,1000,1000
MPCTASK: EXP,2,138,6883,-198,-24,1028,193,-89,-28,-290,-71,127,0,0,1000,-88,-23,1000,323,246,190,69,69,0,0,0,0,0,0,0,0,0,0,4,17129,9580,26798,1628566,0,0,0,2911890,4555702,0,13,12,0,0,1000,1000
MPCTASK: EXP,2,140,6993,-178,-18,1025,206,-25,-30,-256,-94,246,0,0,1000,-68,-4,1000,319,243,192,69,69,0,0,0,0,0,0,0,0,0,0,5,25296,11452,36837,1946612,0,0,0,4300330,6262513,0,13,12,0,0,1000,1000
MPCTASK: EXP,2,142,7089,-177,1,1025,193,36,-27,-169,-63,334,0,0,1000,-73,19,1000,320,237,191,69,69,0,0,0,0,0,0,0,0,0,0,5,22944,10249,33280,1742149,0,0,0,3900442,5657721,0,13,12,0,0,1000,1000
MPCTASK: EXP,2,144,7192,-178,18,1020,176,65,-26,33,-40,344,0,0,1000,-77,28,1000,314,195,170,69,69,0,0,0,0,0,0,0,0,0,0,5,22955,11635,34919,1977810,0,0,0,3902317,5936210,0,13,12,0,0,1000,1000
MPCTASK: EXP,2,146,7289,-185,41,1020,160,73,-4,104,-94,328,0,0,1000,-88,42,1000,319,213,166,69,69,0,0,0,0,0,0,0,0,0,0,4,16367,14196,30650,2413182,0,0,0,2782223,5210532,0,13,12,0,0,1000,1000
MPCTASK: EXP,2,148,7394,-172,61,1018,166,72,-14,155,9,234,0,0,1000,-83,52,1000,315,123,133,69,69,0,0,0,0,0,0,0,0,0,0,5,23903,11772,36131,2001181,0,0,0,4063388,6142410,0,13,12,0,0,1000,1000
MPCTASK: EXP,2,150,7488,-160,86,1021,160,51,7,279,15,6,0,0,1000,-80,59,1000,321,12,108,69,69,0,0,0,0,0,0,0,0,0,0,4,19984,9786,29861,1663579,0,0,0,3397165,5076452,0,13,12,0,0,1000,1000
MPCTASK: EXP,2,152,7595,-157,101,1025,143,21,15,319,-59,-226,0,0,1000,-74,57,1000,325,75,101,69,69,0,0,0,0,0,0,0,0,0,0,5,25144,10861,36512,1846441,0,0,0,4274414,6207062,0,13,12,0,0,1000,1000
MPCTASK: EXP,2,154,7689,-163,100,1028,126,-35,11,275,-92,-387,0,0,1000,-80,48,1000,328,236,167,69,69,0,0,0,0,0,0,0,0,0,0,4,20192,10073,30352,1712383,0,0,0,3432510,5160024,0,13,12,0,0,1000,1000
MPCTASK: EXP,2,156,7788,-165,97,1027,120,-76,-30,250,-114,-462,0,0,1000,-81,37,1000,321,177,159,69,69,0,0,0,0,0,0,0,0,0,0,4,18464,11169,30193,1898656,0,0,0,3138754,5132952,0,13,12,0,0,1000,1000
MPCTASK: EXP,2,158,7895,-180,64,1021,111,-135,-63,60,-176,-407,0,0,1000,-92,10,1000,308,85,165,69,69,0,0,0,0,0,0,0,0,0,0,5,24440,12062,36590,2050365,0,0,0,4154724,6220353,0,13,12,0,0,1000,1000
MPCTASK: EXP,2,160,7991,-174,49,1013,134,-138,-39,-11,-211,-341,0,0,1000,-80,-1,1000,305,207,181,69,69,0,0,0,0,0,0,0,0,0,0,4,20284,11554,31937,1964095,0,0,0,3448080,5429294,0,13,12,0,0,1000,1000
MPCTASK: EXP,2,162,8089,-173,40,1015,143,-132,23,-50,-98,-311,0,0,1000,-82,-3,1000,315,268,211,69,69,0,0,0,0,0,0,0,0,0,0,4,17925,11601,29616,1972198,0,0,0,3047112,5034700,0,13,12,0,0,1000,1000
MPCTASK: EXP,2,164,8189,-162,23,1018,155,-131,38,-31,-102,-344,0,0,1000,-70,-15,1000,318,266,202,69,69,0,0,0,0,0,0,0,0,0,0,4,19124,10891,30101,1851343,0,0,0,3250933,5117246,0,13,12,0,0,1000,1000
MPCTASK: EXP,2,166,8285,-156,7,1022,160,-127,32,-104,-108,-328,0,0,1000,-63,-20,1000,322,224,153,69,69,0,0,0,0,0,0,0,0,0,0,4,15859,10486,26434,1782480,0,0,0,2695848,4493985,0,13,12,0,0,1000,1000
MPCTASK: EXP,2,168,8392,-147,-6,1025,170,-105,10,-178,-96,-315,0,0,1000,-56,-19,1000,325,195,142,69,69,0,0,0,0,0,0,0,0,0,0,4,19849,12632,32775,2147244,0,0,0,3374269,5571721,0,13,12,0,0,1000,1000
MPCTASK: EXP,2,170,8492,-120,-21,1026,193,-75,0,-229,-23,-325,0,0,1000,-35,-22,1000,326,231,171,69,69,0,0,0,0,0,0,0,0,0,0,5,22057,10481,32626,1781805,0,0,0,3749714,5546478,0,13,12,0,0,1000,1000
MPCTASK: EXP,2,172,8598,-89,-22,1023,206,-36,-42,-249,66,-395,0,0,1000,-14,-9,1000,315,239,194,69,69,0,0,0,0,0,0,0,0,0,0,5,26212,12195,38494,2073027,0,0,0,4455985,6544133,0,13,12,0,0,1000,1000
MPCTASK: EXP,2,174,8693,-71,-37,1021,189,-7,-2,-251,95,-475,0,0,1000,-7,-13,1000,320,247,186,69,69,0,0,0,0,0,0,0,0,0,0,4,20900,12628,33616,2146691,0,0,0,3553053,5714798,0,13,12,0,0,1000,1000
MPCTASK: EXP,2,176,8796,-64,-24,1019,161,42,-3,-99,97,-531,0,0,1000,-10,0,1000,318,254,202,69,69,0,0,0,0,0,0,0,0,0,0,5,23039,12901,36027,2193050,0,0,0,3916428,6124736,0,13,12,0,0,1000,1000
MPCTASK: EXP,2,178,8892,-43,-22,1020,149,57,-20,-114,193,-529,0,0,1000,-4,6,1000,315,271,219,69,69,0,0,0,0,0,0,0,0,0,0,4,23124,9677,32889,1645010,0,0,0,3931130,5591273,0,13,12,0,0,1000,1000
MPCTASK: EXP,2,180,8990,-44,-1,1017,105,91,-26,-22,194,-602,0,0,1000,-19,22,1000,312,84,138,69,69,0,0,0,0,0,0,0,0,0,0,5,20326,9983,30397,1696993,0,0,0,3455264,5167696,0,13,12,0,0,1000,1000
MPCTASK: EXP,2,182,9096,-33,13,1016,77,82,0,241,95,-697,0,0,1000,-13,18,1000,316,233,178,69,69,0,0,0,0,0,0,0,0,0,0,5,24902,11337,36327,1927255,0,0,0,4233340,6175570,0,13,12,0,0,1000,1000
MPCTASK: EXP,2,184,9192,-35,16,1017,43,45,38,158,84,-638,0,0,1000,-19,14,1000,317,196,128,69,69,0,0,0,0,0,0,0,0,0,0,5,21351,10332,31772,1756416,0,0,0,3629550,5401402,0,13,12,0,0,1000,1000
MPCTASK: EXP,2,186,9303,-35,11,1021,26,13,16,110,40,-528,0,0,1000,-24,4,1000,321,170,124,69,69,0,0,0,0,0,0,0,0,0,0,5,28693,14015,42795,2382600,0,0,0,4877614,7275341,0,13,12,0,0,1000,1000
MPCTASK: EXP,2,188,9390,-27,1,1020,16,-11,-22,31,111,-468,0,0,1000,-20,-2,1000,315,207,173,69,69,0,0,0,0,0,0,0,0,0,0,4,19226,10965,30282,1864044,0,0,0,3268439,5147890,0,13,12,0,0,1000,1000
MPCTASK: EXP,2,190,9493,-56,-2,1020,-25,-20,-7,49,-66,-411,0,0,1000,-43,-10,1000,319,243,194,69,69,0,0,0,0,0,0,0,0,0,0,5,21377,11029,32857,1874787,0,0,0,3633980,5585680,0,13,12,0,0,1000,1000
MPCTASK: EXP,2,192,9592,-62,-24,1016,-17,-43,-29,-68,-82,-286,0,0,1000,-46,-24,1000,310,168,159,69,69,0,0,0,0,0,0,0,0,0,0,4,20206,10695,30998,1818075,0,0,0,3434992,5269637,0,13,12,0,0,1000,1000
MPCTASK: EXP,2,194,9698,-78,-32,1014,-7,-34,4,-113,-194,-125,0,0,1000,-48,-24,1000,314,134,122,69,69,0,0,0,0,0,0,0,0,0,0,5,25040,12704,37831,2159606,0,0,0,4256622,6431368,0,13,12,0,0,1000,1000
MPCTASK: EXP,2,196,9796,-80,-49,1015,21,-26,1,-187,-187,75,0,0,1000,-43,-32,1000,315,122,119,69,69,0,0,0,0,0,0,0,0,0,0,5,24508,11017,35611,1872833,0,0,0,4166182,6053974,0,13,12,0,0,1000,1000
MPCTASK: EXP,2,198,9892,-75,-50,1016,49,-2,-12,-149,-146,249,0,0,1000,-32,-27,1000,314,206,167,69,69,0,0,0,0,0,0,0,0,0,0,4,20424,11547,32314,1962927,0,0,0,3471930,5493412,0,13,12,0,0,1000,1000
MPCTASK: EXP,2,200,9988,-56,-55,1015,78,17,-40,-133,-47,388,0,0,1000,-18,-27,1000,307,236,201,69,69,0,0,0,0,0,0,0,0,0,0,3,14149,13001,27238,2210109,0,0,0,2405262,4630466,0,13,12,0,0,1000,1000
MPCTASK: EXP,2,202,10087,-53,-46,1011,78,39,-32,-34,-54,456,0,0,1000,-15,-20,1000,305,217,189,69,69,0,0,0,0,0,0,0,0,0,0,4,15453,10464,26299,1778837,0,0,0,2626899,4470882,0,13,12,0,0,1000,1000
MPCTASK: EXP,2,204,10193,-42,-33,1006,75,61,-47,-46,113,519,0,0,1000,-17,-5,1000,296,277,244,69,69,0,0,0,0,0,0,0,0,0,0,4,20751,12288,33128,2088919,0,0,0,3527716,5631764,0,13,12,0,0,1000,1000
MPCTASK: EXP,2,206,10294,-42,-25,1002,52,69,-16,0,74,491,0,0,1000,-23,-4,1000,299,57,126,69,69,0,0,0,0,0,0,0,0,0,0,5,22666,10815,33572,1838574,0,0,0,3853285,5707248,0,13,12,0,0,1000,1000
MPCTASK: EXP,2,208,10400,-57,-7,1006,14,72,36,12,53,463,0,0,1000,-40,11,1000,306,221,158,69,69,0,0,0,0,0,0,0,0,0,0,5,25430,13976,39494,2375738,0,0,0,4323028,6714044,0,13,12,0,0,1000,1000
MPCTASK: EXP,2,210,10492,-73,0,1010,-8,62,55,132,-101,444,0,0,1000,-45,7,1000,310,74,55,69,69,0,0,0,0,0,0,0,0,0,0,4,19185,11672,31202,1984211,0,0,0,3261281,5304404,0,13,12,0,0,1000,1000
MPCTASK: EXP,2,212,10597,-87,9,1012,0,51,3,50,-134,371,0,0,1000,-55,18,1000,312,246,193,69,69,0,0,0,0,0,0,0,0,0,0,5,24510,12371,36967,2102931,0,0,0,4166547,6284442,0,13,12,0,0,1000,1000
MPCTASK: EXP,2,214,10692,-99,16,1010,0,50,-53,34,-118,362,0,0,1000,-62,24,1000,299,231,206,69,69,0,0,0,0,0,0,0,0,0,0,4,19257,11559,30904,1964909,0,0,0,3273701,5253753,0,13,12,0,0,1000,1000
MPCTASK: EXP,2,216,10790,-114,17,1008,10,41,0,70,-217,255,0,0,1000,-66,18,1000,308,231,181,69,69,0,0,0,0,0,0,0,0,0,0,3,17205,11074,28366,1882587,0,0,0,2924704,4822270,0,13,12,0,0,1000,1000
MPCTASK: EXP,2,218,10888,-129,25,1012,33,36,27,65,-308,148,0,0,1000,-64,24,1000,312,248,177,69,69,0,0,0,0,0,0,0,0,0,0,3,17111,9946,27149,1690769,0,0,0,2908884,4615325,0,13,12,0,0,1000,1000
MPCTASK: EXP,2,220,10997,-135,24,1011,74,23,-17,37,-326,143,0,0,1000,-58,20,1000,307,257,201,69,69,0,0,0,0,0,0,0,0,0,0,5,22916,12977,35983,2206073,0,0,0,3895502,6117129,0,13,12,0,0,1000,1000
MPCTASK: EXP,2,222,11093,-137,34,1011,108,21,-5,127,-296,64,0,0,1000,-52,23,1000,310,294,237,69,69,0,0,0,0,0,0,0,0,0,0,4,19908,11468,31466,1949403,0,0,0,3384288,5349211,0,13,12,0,0,1000,1000
MPCTASK: EXP,2,224,11194,-125,33,1011,152,-1,-15,140,-203,121,0,0,1000,-37,13,1000,308,203,169,69,69,0,0,0,0,0,0,0,0,0,0,4,19874,11344,31639,1928529,0,0,0,3378424,5378736,0,13,12,0,0,1000,1000
MPCTASK: EXP,2,226,11296,-112,29,1008,177,-29,-29,143,-92,181,0,0,1000,-28,3,1000,302,270,230,69,69,0,0,0,0,0,0,0,0,0,0,5,21262,12453,33803,2116920,0,0,0,3614391,5746452,0,13,12,0,0,1000,1000
MPCTASK: EXP,2,228,11400,-100,24,1006,183,-51,-1,77,34,203,0,0,1000,-29,0,1000,306,118,121,69,69,0,0,0,0,0,0,0,0,0,0,5,24169,13618,37878,2315003,0,0,0,4108550,6439276,0,13,12,0,0,1000,1000
MPCTASK: EXP,2,230,11498,-97,17,1005,159,-55,-7,-94,78,342,0,0,1000,-34,2,1000,304,196,163,69,69,0,0,0,0,0,0,0,0,0,0,5,23365,12133,35690,2062533,0,0,0,3971965,6067382,0,13,12,0,0,1000,1000
MPCTASK: EXP,2,232,11590,-85,16,1006,140,-38,-14,-83,50,448,0,0,1000,-26,6,1000,303,220,184,69,69,0,0,0,0,0,0,0,0,0,0,4,18240,8941,27269,1520032,0,0,0,3100814,4635818,0,13,12,0,0,1000,1000
MPCTASK: EXP,2,234,11703,-86,20,1007,121,-19,-9,16,-14,517,0,0,1000,-28,7,1000,306,241,202,69,69,0,0,0,0,0,0,0,0,0,0,5,29338,10069,39793,1711737,0,0,0,4987255,6764898,0,13,12,0,0,1000,1000
MPCTASK: EXP,2,236,11796,-75,14,1004,120,-22,-20,-72,12,659,0,0,1000,-23,9,1000,300,187,166,69,69,0,0,0,0,0,0,0,0,0,0,4,20843,12365,33463,2102006,0,0,0,3543268,5688837,0,13,12,0,0,1000,1000
MPCTASK: EXP,2,238,11896,-66,14,1004,112,-5,-15,-96,-21,747,0,0,1000,-16,16,1000,300,255,216,69,69,0,0,0,0,0,0,0,0,0,0,4,19502,11398,31534,1937621,0,0,0,3315197,5360734,0,13,12,0,0,1000,1000
MPCTASK: EXP,2,240,12001,-62,29,1003,99,29,-1,65,64,635,0,0,1000,-23,20,1000,303,30,111,69,69,0,0,0,0,0,0,0,0,0,0,5,25760,10454,36303,1777236,0,0,0,4379240,6171701,0,13,12,0,0,1000,1000
MPCTASK: TRAJ DONE: idx=240, max=240; requesting landing
MPCTASK: LANDING: start z=1.0, hold=(-0.06,0.03)
MPCTASK: POSTHOC SUMMARY: active=13 infeasible=12
MPCTASK: LANDING COMPLETE: t=19062 ms, x=-0.048, y=0.028, z=-0.003, vz=-0.069; motors off