---
SYS: Crazyflie 2.1 Brushless is up and running!
SYS: Build 2:de14ff9f08ae (2025.09.1 +2) MODIFIED
SYS: I am 0x373930393434471500370039 and I have 1024KB of flash!
CFGBLK: v1, verification [OK]
DECK_DISCOVERY: Backend found: onewire
DECK_DISCOVERY: Backend found: deckctrl
DECK_CORE: 1 deck(s) found
DECK_CORE: Calling INIT on driver bcFlow2 for deck 0
ZR2: Z-down sensor [OK]
PMW: Motion chip id: 0x49:0xB6
IMU: BMI088: Using I2C interface.
IMU: BMI088 Gyro connection [OK].
IMU: BMI088 Accel connection [OK]
IMU: BMP390 I2C connection [OK]
ESTIMATOR: Using Kalman (2) estimator
CONTROLLER: Using PID (1) controller
MTR-DRV: Using brushless motor driver
SYS: About to run tests in system.c.
SYS: NRF51 version: 2026.04 (C21B)
EEPROM: I2C connection [OK].
STORAGE: Storage check [OK].
IMU: BMI088 gyro self-test [OK]
DECK_CORE: Deck 0 test [OK].
SYS: Self test passed!
STAB: Wait for sensor calibration...
SYS: Free heap: 15048 bytes
MPCTASK: Waiting for activation ...
STAB: Starting stabilizer loop
STAB: WARNING: stabilizer loop rate is off (1004)
SUP: Ready to fly
MPCTASK: Benchmark mode 3, maneuver 0, max_iter 5, task_pri 0
MPCTASK: Reference altitude: 0.70 m; barrier skip when z>0.75 and vz>-0.20
MPCTASK: Common baseline: mpc_hz=20 model_hz=20 rho=5 base_w=0 base_qz=1 Qz=100 R=4 bridge=x10 z_guard=off(raw_preview) xy=free cap=0.05
MPCTASK: MPC->PID: xyz=x10 raw, yaw=Rodrigues_to_deg, output_hold=first_solve_only, safety_hold=first_solve_only
MPCTASK: Reference origin: xy=OOT_activation z=0.70 m
MPCTASK: LIMO adaptive: cache=16x4 evals=1 timing=bar/rl/cache_cycles
MPCTASK: EXP every=2: m,s,tms,p3[mm],v3[mmps],att3[cdeg],ref3[mm],cmd3[mm],h/raw/grad/mar/thr[milli],act/ac/bind,wi/qi/cache/noa,pa/pf/du[milli],it,mpc/eval/total[us],bar/tanh/rl/cache/solve/step[cycles],overruns,post_active/post_infeasible_totals,wreq/w/qzreq/qz[milli],max_step_cycles
CONTROLLER: Using OutOfTree (6) controller
MPCTASK: Trajectory origin: x=0.01 y=-0.05
MPCTASK: OOT activated at z=0.54
MPCTASK: OOT loop 1 done
MPCTASK: MPC task loop 1
MPCTASK: OOT loop 2 done
MPCTASK: OOT loop 3 done
MPCTASK: Benchmark reset: mode=3 maneuver=0
MPCTASK: x0: pos=(0.01,-0.05,0.54) vel=(-0.04,0.02,-0.01)
MPCTASK: ref: (0.01,-0.05,0.70)
MPCTASK: SAFE TV mode=3: h=0.0 raw=0.0 grad=0.0 margin=0.0 thr=0.0 active0=0 active_count=0 eval=12016 us
MPCTASK: MPC solve start
MPCTASK: MPC solve done, iter=5
MPCTASK: MPC time=29707 us
MPCTASK: MPC stack free=865 words
MPCTASK: setpoint: x=-0.0 y=-0.04 z=0.63 preview_z=0.63
MPCTASK: MPC task loop 2
MPCTASK: x0: pos=(0.0,-0.05,0.54) vel=(-0.05,0.01,-0.03)
MPCTASK: ref: (0.01,-0.05,0.70)
MPCTASK: SAFE TV mode=3: h=-0.161 raw=0.100 grad=0.556 margin=0.069 thr=0.300 active0=1 active_count=3 eval=16026 us
MPCTASK: Cache level changed: 0 -> 1
MPCTASK: MPC solve start
MPCTASK: MPC solve done, iter=5
MPCTASK: MPC time=26687 us
MPCTASK: EXP,3,2,102,5,-53,546,-52,17,-36,36,-26,22,11,-52,700,-9,-49,640,-161,100,556,69,300,1,3,3,15,1,1,1,0,0,0,5,26687,16026,47872,2724271,0,1822,44857,4536669,8138345,0,0,0,992,1000,1080,1133,8159535
MPCTASK: setpoint: x=-0.0 y=-0.04 z=0.64 preview_z=0.64
MPCTASK: MPC task loop 3
MPCTASK: x0: pos=(-0.0,-0.05,0.54) vel=(-0.05,0.01,-0.11)
MPCTASK: ref: (0.01,-0.05,0.70)
MPCTASK: SAFE TV mode=3: h=-0.179 raw=0.122 grad=0.610 margin=0.069 thr=0.300 active0=1 active_count=3 eval=12299 us
MPCTASK: MPC solve start
MPCTASK: MPC solve done, iter=5
MPCTASK: MPC time=25739 us
MPCTASK: setpoint: x=-0.0 y=-0.05 z=0.63 preview_z=0.63
MPCTASK: EXP,3,4,194,-2,-52,535,-45,6,-164,52,-71,30,11,-52,700,-10,-55,635,-197,110,751,69,300,1,3,3,15,1,1,1,0,0,0,5,25762,11574,38065,1967458,0,1803,95147,4379438,6471067,0,0,0,993,1000,1195,1133,8159535
MPCTASK: EXP,3,6,295,-8,-55,519,-35,-5,-175,22,-75,34,11,-52,700,-10,-59,635,-215,98,862,69,300,1,3,3,15,2,1,1,0,0,0,5,24407,12847,37786,2183977,0,1803,47179,4149094,6423780,0,0,0,993,1000,1268,1266,8159535
MPCTASK: EXP,3,8,398,-10,-63,504,-21,-17,-129,-17,-67,38,11,-52,700,-9,-70,632,-221,89,701,69,300,1,3,3,15,2,1,1,0,0,0,5,27866,10977,40832,1866051,0,1945,224621,4737110,6941570,0,0,0,993,1000,1316,1266,8159535
MPCTASK: EXP,3,10,492,-10,-70,494,-6,-20,-69,-45,-63,30,11,-52,700,-2,-72,632,-219,90,658,69,300,1,3,3,15,3,1,1,0,0,0,5,23927,10292,34798,1749578,0,51366,23305,4067462,5915722,0,0,0,993,1000,1346,1400,8159535
MPCTASK: EXP,3,12,593,-5,-71,487,13,-10,-25,-49,-45,17,11,-52,700,3,-65,631,-217,81,687,69,300,1,3,3,15,3,1,1,0,0,0,5,23153,11436,35647,1944054,0,2214,24688,3882160,6059955,0,0,0,993,1000,1365,1400,8159535
MPCTASK: EXP,3,14,693,1,-69,487,28,0,17,-44,-22,5,11,-52,700,15,-61,631,-212,76,727,69,300,1,3,3,15,3,1,1,0,0,0,5,23564,10864,35255,1846778,0,13972,24671,4005670,5993521,0,0,0,993,1000,1378,1400,8159535
MPCTASK: EXP,3,16,796,10,-67,492,41,10,58,-26,-8,3,11,-52,700,27,-57,634,-207,73,733,69,300,1,3,3,15,3,1,1,0,0,0,5,23848,13536,37905,2301056,0,1803,62871,4053958,6443910,0,0,0,993,1000,1385,1400,8159535
MPCTASK: EXP,3,18,896,20,-62,497,47,19,64,-11,45,18,11,-52,700,32,-52,636,-202,76,745,69,300,1,3,3,15,3,1,1,0,0,0,5,24746,11572,38115,1967235,0,1810,279318,4206786,6479758,0,0,0,994,1000,1390,1400,8159535
MPCTASK: EXP,3,20,994,29,-57,504,45,24,76,10,71,41,11,-52,700,41,-46,638,-195,76,679,69,300,1,3,3,15,3,1,1,0,0,0,5,24476,10654,35838,1811054,0,2207,24291,4160834,6092498,0,0,0,994,1000,1394,1400,8159535
MPCTASK: EXP,3,22,1096,32,-50,516,29,27,98,35,61,71,11,-52,700,32,-43,641,-183,85,778,69,300,1,3,3,15,3,1,1,0,0,0,5,23973,12808,37472,2177261,0,1803,23557,4075367,6370338,0,0,0,994,1000,1396,1400,8159535
MPCTASK: EXP,3,24,1199,33,-46,526,17,24,107,40,76,81,11,-52,700,26,-39,644,-173,91,779,69,300,1,3,3,15,3,1,1,0,0,0,5,28355,11336,41066,1927018,0,1938,115296,4820230,6981318,0,0,0,994,1000,1397,1400,8159535
MPCTASK: EXP,3,26,1291,35,-44,537,8,16,104,42,63,75,11,-52,700,27,-41,645,-162,97,807,69,300,1,3,3,15,3,1,1,0,0,0,5,20900,10925,32795,1857161,0,28845,24482,3552922,5575181,0,0,0,994,1000,1398,1400,8159535
MPCTASK: EXP,3,28,1395,36,-43,547,-1,7,105,41,45,67,11,-52,700,22,-43,648,-152,101,778,69,300,1,3,3,15,3,1,1,0,0,0,5,23917,11889,36648,2020977,0,1803,65354,4065834,6230380,0,0,0,994,1000,1399,1400,8159535
MPCTASK: EXP,3,30,1494,37,-49,561,-4,-8,113,26,46,49,11,-52,700,28,-56,654,-138,105,719,69,300,1,3,3,15,3,1,1,0,0,0,5,23158,11987,35807,2022628,0,1803,87021,3936794,6087289,0,0,0,994,1000,1399,1400,8159535
MPCTASK: EXP,3,32,1595,53,-51,573,11,-12,103,4,47,17,11,-52,700,47,-56,656,-126,115,800,69,300,1,3,3,15,3,1,1,0,0,0,5,26303,9408,36835,1599082,0,47715,25215,4471426,6261949,0,0,0,994,1000,1399,1400,8159535
MPCTASK: EXP,3,34,1696,51,-55,580,-5,-16,88,-19,101,-7,11,-52,700,25,-63,658,-119,108,603,69,300,1,3,3,15,3,1,1,0,0,0,5,26901,10122,37794,1720748,0,1911,60657,4573117,6424932,0,0,0,995,1000,1399,1400,8159535
MPCTASK: EXP,3,36,1797,41,-59,589,-31,-12,83,-43,44,-32,11,-52,700,15,-59,659,-110,119,688,69,300,1,3,3,15,3,1,1,0,0,0,5,26539,11913,39069,2025089,0,1803,23694,4511526,6641755,0,0,0,994,1000,1399,1400,8159535
MPCTASK: EXP,3,38,1896,25,-62,598,-58,-8,89,-49,13,-51,11,-52,700,-5,-60,662,-101,116,605,69,300,1,3,3,15,3,1,1,0,0,0,5,24633,11945,37285,2030604,0,1816,94131,4187662,6338447,0,0,0,994,1000,1399,1400,8159535
MPCTASK: EXP,3,40,1991,18,-62,607,-58,0,94,-52,-34,-68,11,-52,700,0,-53,664,-92,133,803,69,300,1,3,3,15,3,1,1,0,0,0,5,24054,7875,32741,1338624,0,1809,112426,4089014,5566111,0,0,0,994,1000,1399,1400,8159535
MPCTASK: EXP,3,42,2092,12,-62,618,-52,8,101,-49,-51,-80,11,-52,700,-1,-52,667,-81,138,805,69,300,1,3,3,15,3,1,1,0,0,0,5,22789,10090,34378,1715245,0,2155,169780,3873978,5844316,0,0,0,994,1000,1399,1400,8159535
MPCTASK: EXP,3,44,2194,3,-61,628,-48,15,97,-43,-51,-87,11,-52,700,-8,-49,669,-71,143,815,69,300,1,3,3,15,3,1,1,0,0,0,5,22941,12169,35975,2068593,0,1936,119544,3899866,6115739,0,0,0,994,1000,1399,1400,8159535
MPCTASK: EXP,3,46,2296,1,-54,635,-35,29,76,-29,-58,-90,11,-52,700,-2,-37,670,-64,147,778,69,300,1,3,3,15,3,1,1,0,0,0,5,24536,12197,37467,2073310,0,1809,98823,4171002,6369581,0,0,0,994,1000,1399,1400,8159535
MPCTASK: EXP,3,48,2400,1,-44,643,-21,42,74,-6,-58,-94,11,-52,700,4,-24,671,-56,150,770,69,300,1,3,3,15,3,1,1,0,0,0,5,27400,13536,41911,2301011,0,1809,112912,4657834,7124998,0,0,0,994,1000,1399,1400,8159535
MPCTASK: EXP,3,50,2493,0,-31,651,-11,53,76,20,-44,-95,11,-52,700,1,-15,673,-48,156,847,69,300,1,3,3,15,3,1,1,0,0,0,5,22731,11369,34859,1932768,0,2681,101998,3864162,5926060,0,0,0,994,1000,1399,1400,8159535
MPCTASK: EXP,3,52,2597,9,-24,659,9,51,63,37,-43,-80,11,-52,700,32,-9,674,-40,148,657,69,300,1,3,3,15,3,1,1,0,0,0,5,25993,11134,38404,1892714,0,1809,135915,4418790,6528747,0,0,0,994,1000,1399,1400,8159535
MPCTASK: EXP,3,54,2696,21,-25,665,27,36,49,50,-15,-59,11,-52,700,31,-21,676,-34,166,853,69,300,1,3,3,15,3,1,1,0,0,0,5,24840,11015,36868,1872508,0,25456,121944,4222830,6267625,0,0,0,994,1000,1399,1400,8159535
MPCTASK: EXP,3,56,2799,32,-25,671,38,24,50,55,18,-42,11,-52,700,45,-23,677,-28,166,808,69,300,1,3,3,15,3,1,1,0,0,0,5,27750,10875,40422,1848632,0,1985,150777,4717374,6871874,0,0,0,994,1000,1399,1400,8159535
MPCTASK: EXP,3,58,2895,44,-29,678,44,7,49,50,50,-33,11,-52,700,50,-34,680,-21,173,896,69,300,1,3,3,15,3,1,1,0,0,0,5,25544,10012,36250,1701872,0,1810,92867,4342390,6162584,0,0,0,994,1000,1399,1400,8159535
MPCTASK: EXP,3,60,2995,54,-34,680,41,-7,35,37,63,-29,11,-52,700,56,-40,680,-19,175,852,69,300,1,3,3,15,3,1,1,0,0,0,5,24897,10952,36891,1861780,0,1809,145434,4232385,6271526,0,0,0,994,1000,1399,1400,8159535
MPCTASK: EXP,3,62,3094,59,-46,682,30,-27,32,21,89,-24,11,-52,700,61,-58,680,-17,167,721,69,300,1,3,3,15,3,1,1,0,0,0,5,23458,10611,34971,1803700,0,1810,116390,3987674,5945206,0,0,0,994,1000,1399,1400,8159535
MPCTASK: EXP,3,64,3200,61,-55,687,14,-36,41,-2,93,-22,11,-52,700,46,-69,681,-12,176,821,69,300,1,3,3,15,3,1,1,0,0,0,5,27528,12622,41838,2145600,0,1921,57366,4679702,7112624,0,0,0,994,1000,1399,1400,8159535
MPCTASK: EXP,3,66,3299,58,-68,691,-2,-45,36,-25,77,-23,11,-52,700,49,-80,681,-8,177,813,69,300,1,3,3,15,3,1,1,0,0,0,5,28388,10469,40342,1779635,0,1809,46363,4825950,6858226,0,0,0,994,1000,1399,1400,8159535
MPCTASK: EXP,3,68,3395,54,-78,694,-19,-46,32,-51,57,-23,11,-52,700,33,-91,682,-5,178,825,69,300,1,3,3,15,3,1,1,0,0,0,5,22986,12272,36088,2086224,0,1810,114057,3907582,6135170,0,0,0,994,1000,1399,1400,8159535
MPCTASK: EXP,3,70,3497,50,-79,696,-31,-33,32,-38,59,-31,11,-52,700,28,-83,684,-3,183,882,69,300,1,3,3,15,3,1,1,0,0,0,5,23591,11956,36226,2032494,0,1809,53159,4010475,6158435,0,0,0,994,1000,1399,1400,8159535
MPCTASK: EXP,3,72,3594,43,-82,701,-43,-27,40,-30,38,-38,11,-52,700,18,-85,685,1,179,835,69,300,1,3,3,15,3,1,1,0,0,0,5,21526,11014,33093,1872182,0,1809,68792,3659314,5625974,0,0,0,994,1000,1399,1400,8159535
MPCTASK: EXP,3,74,3697,29,-84,706,-59,-21,42,-21,0,-35,11,-52,700,4,-84,686,6,170,712,69,300,1,3,3,15,3,1,1,0,0,0,5,25669,10553,37101,1794045,0,1816,23141,4363686,6307245,0,0,0,993,1000,1399,1400,8159535
MPCTASK: EXP,3,76,3795,23,-88,711,-56,-20,45,-23,-38,-22,11,-52,700,6,-88,688,11,187,926,69,300,1,3,3,15,3,1,1,0,0,0,5,23758,10674,35016,1814507,0,25424,49854,4038698,5952798,0,0,0,993,1000,1399,1400,8159535
MPCTASK: EXP,3,78,3896,17,-92,716,-51,-18,42,-37,-37,-6,11,-52,700,0,-91,689,16,181,787,69,300,1,3,3,15,3,1,1,0,0,0,5,23248,10827,34897,1840558,0,1940,114086,3951929,5932664,0,0,0,992,1000,1399,1400,8159535
MPCTASK: EXP,3,80,3998,7,-95,718,-50,-12,28,-39,-54,20,11,-52,700,-3,-92,688,18,189,856,69,300,1,3,3,15,3,1,1,0,0,0,5,25917,11123,37895,1890838,0,1809,119790,4405818,6442262,0,0,0,992,1000,1399,1400,8159535
MPCTASK: EXP,3,82,4095,9,-97,719,-33,-8,14,-42,-55,57,11,-52,700,6,-93,688,19,190,825,69,300,1,3,3,15,3,1,1,0,0,0,5,22490,11953,34734,2031956,0,1809,23141,3823250,5904975,0,0,0,991,1000,1399,1400,8159535
MPCTASK: EXP,3,84,4195,8,-97,720,-21,0,7,-39,-51,95,11,-52,700,6,-91,687,20,190,815,69,300,1,3,3,15,3,1,1,0,0,0,5,23971,9208,33990,1565309,0,1810,112253,4075002,5778374,0,0,0,991,1000,1399,1400,8159535
MPCTASK: EXP,3,86,4296,12,-98,720,-6,6,0,-48,-39,143,11,-52,700,17,-84,688,20,181,692,69,300,1,3,3,15,3,1,1,0,0,0,5,22705,11071,34984,1882086,0,43839,24664,3859874,5947274,0,0,0,990,1000,1399,1400,8159535
MPCTASK: EXP,3,88,4401,14,-97,720,0,15,-3,-49,-29,189,11,-52,700,15,-81,688,19,191,795,69,300,1,3,3,15,3,1,1,0,0,0,5,26374,12587,40640,2139841,0,98311,66035,4483398,6908935,0,0,0,990,1000,1399,1400,8159535
MPCTASK: EXP,3,90,4495,15,-102,719,4,16,-7,-51,-24,226,11,-52,700,20,-83,687,17,194,830,69,300,1,3,3,15,3,1,1,0,0,0,5,23566,10068,34452,1711484,0,1809,113803,4006107,5856936,0,0,0,990,1000,1399,1400,8159535
MPCTASK: EXP,3,92,4602,13,-100,720,6,25,4,-34,-21,237,11,-52,700,8,-79,687,20,181,706,69,300,1,3,3,15,3,1,1,0,0,0,5,25688,13276,40526,2256808,0,101978,24292,4366923,6889483,0,0,0,990,1000,1399,1400,8159535
MPCTASK: EXP,3,94,4700,15,-97,718,13,31,-5,-32,-30,231,11,-52,700,31,-73,687,17,179,676,69,300,1,3,3,15,3,1,1,0,0,0,5,26125,11878,38628,2019141,0,1809,81334,4441066,6566914,0,0,0,990,1000,1399,1400,8159535
MPCTASK: EXP,3,96,4797,14,-89,719,11,41,10,-23,-5,215,11,-52,700,13,-59,687,19,183,754,69,300,1,3,3,15,3,1,1,0,0,0,5,25987,8349,35500,1419321,0,1804,133991,4417682,6035088,0,0,0,990,1000,1399,1400,8159535
MPCTASK: EXP,3,98,4897,14,-78,721,11,49,13,11,0,214,11,-52,700,17,-58,689,21,192,894,69,300,1,3,3,15,3,1,1,0,0,0,5,24189,10185,35609,1731497,0,1803,184355,4112030,6053574,0,0,0,990,1000,1399,1400,8159535
MPCTASK: EXP,3,100,4999,12,-72,720,7,46,-1,40,1,215,11,-52,700,13,-58,688,20,194,840,69,300,1,3,3,15,3,1,1,0,0,0,5,26753,10243,37798,1741224,0,64461,46940,4547918,6425739,0,0,0,990,1000,1399,1400,8159535
MPCTASK: EXP,3,102,5102,3,-75,720,-1,32,2,40,-15,215,11,-52,700,4,-66,688,20,196,898,69,300,1,3,3,15,3,1,1,0,0,0,5,26565,12483,40089,2121942,0,1992,109134,4516008,6815327,0,0,0,990,1000,1399,1400,8159535
MPCTASK: EXP,3,104,5201,3,-76,722,2,22,1,27,-19,221,11,-52,700,10,-66,688,22,193,843,69,300,1,3,3,15,3,1,1,0,0,0,5,26780,12007,39906,2041213,0,1816,98249,4552566,6784120,0,0,0,990,1000,1399,1400,8159535
MPCTASK: EXP,3,106,5294,2,-85,721,1,5,0,24,16,226,11,-52,700,5,-86,688,21,193,843,69,300,1,3,3,15,3,1,1,0,0,0,5,22036,10188,32929,1731878,0,2155,91900,3746030,5597992,0,0,0,990,1000,1399,1400,8159535
MPCTASK: EXP,3,108,5397,7,-102,723,5,-15,8,-21,8,231,11,-52,700,9,-98,690,23,185,758,69,300,1,3,3,15,3,1,1,0,0,0,5,25184,9066,35515,1541112,0,2211,24405,4281197,6037660,0,0,0,990,1000,1399,1400,8159535
MPCTASK: EXP,3,110,5503,1,-125,723,-3,-33,-1,-47,21,254,11,-52,700,-1,-124,689,22,181,681,69,300,1,3,3,15,3,1,1,0,0,0,5,26564,12138,40438,2063459,0,1803,198768,4515730,6874619,0,0,0,990,1000,1399,1400,8159535
MPCTASK: EXP,3,112,5600,0,-132,723,-7,-24,-1,-99,0,298,11,-52,700,0,-119,689,23,191,760,69,300,1,3,3,15,3,1,1,0,0,0,5,25694,11944,37932,2030297,0,1809,23251,4367822,6448463,0,0,0,990,1000,1399,1400,8159535
MPCTASK: EXP,3,114,5699,-5,-139,722,-15,-14,-4,-90,15,362,11,-52,700,-14,-128,688,21,175,621,69,300,1,3,3,15,3,1,1,0,0,0,5,25116,11343,37104,1928381,0,1980,82824,4269670,6307668,0,0,0,990,1000,1399,1400,8159535
MPCTASK: EXP,3,116,5798,-21,-152,722,-31,-8,4,-136,-36,426,11,-52,700,-27,-136,688,22,184,691,69,300,1,3,3,15,3,1,1,0,0,0,5,23518,10906,35275,1853913,0,1816,94369,3998006,5996820,0,0,0,990,1000,1399,1400,8159535
MPCTASK: EXP,3,118,5901,-26,-149,723,-29,18,2,-118,-33,480,11,-52,700,-32,-118,689,23,184,699,69,300,1,3,3,15,3,1,1,0,0,0,5,25370,10087,36907,1714728,0,2512,158088,4312796,6274186,0,0,0,990,1000,1399,1400,8159535
MPCTASK: EXP,3,120,6002,-44,-148,722,-38,37,0,-118,-98,514,11,-52,700,-45,-110,688,22,197,815,69,300,1,3,3,15,3,1,1,0,0,0,5,27677,9929,38802,1687771,0,2015,92348,4705114,6596560,0,0,0,990,1000,1399,1400,8159535
MPCTASK: EXP,3,122,6102,-53,-134,725,-30,68,12,-99,-90,538,11,-52,700,-50,-86,689,25,194,817,69,300,1,3,3,15,3,1,1,0,0,0,5,26613,10833,38795,1841532,0,1816,47652,4524114,6595152,0,0,0,989,1000,1399,1400,8159535
MPCTASK: EXP,3,124,6199,-69,-125,727,-28,86,5,-88,-133,537,11,-52,700,-58,-80,690,27,190,745,69,300,1,3,3,15,3,1,1,0,0,0,5,23405,10067,34592,1711279,0,2213,100455,3978826,5880800,0,0,0,989,1000,1399,1400,8159535
MPCTASK: EXP,3,126,6302,-79,-117,727,-14,102,-14,-89,-144,506,11,-52,700,-57,-66,689,24,202,806,69,300,1,3,3,15,3,1,1,0,0,0,5,26945,9508,37494,1616242,0,1810,151882,4580570,6374075,0,0,0,989,1000,1399,1400,8159535
MPCTASK: EXP,3,128,6403,-82,-103,723,6,122,-34,-70,-151,454,11,-52,700,-51,-43,687,16,193,682,69,300,1,3,3,15,3,1,1,0,0,0,5,23384,13848,38720,2354103,0,1809,155809,3975262,6582426,0,0,0,990,1000,1399,1400,8159535
MPCTASK: EXP,3,130,6503,-75,-74,720,33,152,-31,-54,-108,368,11,-52,700,-42,-5,686,14,176,583,69,300,1,3,3,15,3,1,1,0,0,0,5,24219,12441,38950,2114894,0,1809,158959,4117038,6621580,0,0,0,991,1000,1399,1400,8159535
MPCTASK: EXP,3,132,6602,-75,-57,714,45,158,-36,22,-96,261,11,-52,700,-39,-3,687,7,163,512,69,300,1,3,3,15,3,1,1,0,0,0,5,25417,10937,36906,1859218,0,1809,68425,4320762,6274175,0,0,0,992,1000,1399,1400,8159535
MPCTASK: EXP,3,134,6709,-72,-43,712,59,153,-33,10,-71,237,11,-52,700,-35,8,686,5,146,465,69,300,1,3,3,15,3,1,1,0,0,0,5,28303,12664,41774,2152832,0,1939,110996,4811531,7101524,0,0,0,992,1000,1399,1400,8159535
MPCTASK: EXP,3,136,6802,-66,-20,706,61,162,-75,66,22,241,11,-52,700,-35,20,684,-8,54,935,69,300,1,3,3,15,3,1,1,0,0,0,5,24673,9885,35205,1680417,0,1809,23141,4194195,5984951,0,0,0,993,1000,1399,1400,8159535
MPCTASK: EXP,3,138,6909,-76,-3,700,39,135,-27,254,59,110,11,-52,700,-57,14,683,-4,31,880,69,300,1,3,3,15,3,1,1,0,0,0,5,27335,14259,42607,2424033,0,1809,103729,4646862,7243261,0,0,0,993,1000,1399,1400,8159535
MPCTASK: EXP,3,140,7003,-86,6,700,16,76,9,398,-9,-131,11,-52,700,-70,-7,685,0,78,658,69,300,1,3,3,15,3,1,1,0,0,0,5,23115,12680,36547,2155359,0,1809,100939,3929380,6213087,0,0,0,994,1000,1399,1400,8159535
MPCTASK: EXP,3,142,7108,-94,6,701,4,1,10,383,4,-336,11,-52,700,-82,-34,685,1,72,673,69,300,1,3,3,15,3,1,1,0,0,0,5,26294,14381,41840,2444711,0,1809,68216,4469966,7112968,0,0,0,993,1000,1399,1400,8159535
MPCTASK: EXP,3,144,7203,-117,-4,702,-18,-73,20,344,-107,-434,11,-52,700,-98,-65,686,2,176,659,69,300,1,3,3,15,3,1,1,0,0,0,5,24251,12036,37125,2046090,0,1809,71587,4122462,6311207,0,0,0,993,1000,1399,1400,8159535
MPCTASK: EXP,3,146,7306,-137,-29,702,-22,-146,-2,173,-162,-422,11,-52,700,-114,-93,685,2,57,753,69,300,1,3,3,15,3,1,1,0,0,0,5,24950,13690,39971,2327166,0,1809,44128,4241430,6795080,0,0,0,993,1000,1399,1400,8159535
MPCTASK: EXP,3,148,7406,-154,-61,701,-9,-184,-14,-78,-266,-439,11,-52,700,-112,-115,684,-1,157,543,69,300,1,3,3,15,3,1,1,0,0,0,5,26065,12541,39368,2131820,0,2681,23455,4431026,6692600,0,0,0,993,1000,1399,1400,8159535
MPCTASK: EXP,3,150,7505,-169,-88,699,21,-188,-3,-111,-302,-418,11,-52,700,-111,-139,684,0,131,520,69,300,1,3,3,15,3,1,1,0,0,0,5,25871,11576,38510,1967756,0,1809,133578,4397990,6546846,0,0,0,994,1000,1399,1400,8159535
MPCTASK: EXP,3,152,7606,-178,-115,695,50,-166,-69,-467,-239,-209,11,-52,700,-111,-120,681,-18,78,810,69,300,1,3,2,15,3,1,1,0,0,0,5,26452,12806,39846,2176970,0,1817,74268,4496746,6773895,0,0,0,994,1000,1399,1400,8159535
MPCTASK: EXP,3,154,7704,-178,-137,691,85,-101,-60,-451,-242,-5,11,-52,700,-102,-120,681,-20,150,558,69,300,1,3,3,15,3,1,1,0,0,0,5,26444,10386,37769,1765577,0,1810,133850,4495254,6420766,0,0,0,994,1000,1399,1400,8159535
MPCTASK: EXP,3,156,7803,-176,-150,685,114,-30,-17,-449,-207,126,11,-52,700,-93,-108,680,-18,138,558,69,300,1,3,3,15,3,1,1,0,0,0,5,23194,12124,35868,2061061,0,1962,67986,3942839,6097674,0,0,0,995,1000,1399,1400,8159535
MPCTASK: EXP,3,158,7903,-171,-150,686,133,42,7,-381,-191,180,11,-52,700,-84,-89,680,-13,170,630,69,300,1,3,3,15,2,1,0,0,0,0,5,24230,11881,36609,2019712,0,1821,23694,4118914,6223628,0,0,0,995,1000,1255,1266,8159535
MPCTASK: EXP,3,160,8000,-162,-142,687,153,105,33,-274,-162,206,11,-52,700,-70,-68,679,-12,146,555,69,300,1,3,3,15,1,1,0,0,0,0,5,21302,12017,33860,2042879,0,2259,24297,3621182,5756299,0,0,0,995,1000,1163,1133,8159535
MPCTASK: EXP,3,162,8109,-153,-130,690,158,159,14,-387,-88,255,11,-52,700,-69,-31,680,-9,121,546,69,300,1,3,3,15,1,1,0,0,0,0,5,27481,13572,42691,2307160,0,2248,24289,4671690,7257445,0,0,0,995,1000,1104,1133,8159535
MPCTASK: EXP,3,164,8208,-145,-110,690,145,220,-24,-179,10,352,11,-52,700,-78,-21,678,-14,-13,891,69,300,1,3,3,15,1,1,0,0,0,0,5,27779,12769,41107,2170621,0,1979,68248,4722494,6988308,0,0,0,995,1000,1067,1133,8159535
MPCTASK: EXP,3,166,8310,-142,-84,688,118,228,-18,111,42,431,11,-52,700,-84,-12,676,-15,106,530,69,300,1,3,3,15,0,1,0,0,0,0,5,30102,11828,43036,2010579,0,66448,23460,5117279,7316274,0,0,0,994,1000,1042,1000,8159535
MPCTASK: EXP,3,168,8402,-148,-64,686,87,197,-9,284,44,457,11,-52,700,-98,-25,676,-15,9,926,69,300,1,3,3,15,0,1,0,0,0,0,5,23752,10348,36126,1758998,0,1826,318610,4037886,6141631,0,0,0,994,1000,1027,1000,8159535
MPCTASK: EXP,3,170,8505,-155,-47,686,66,132,27,433,-35,398,11,-52,700,-108,-43,678,-13,92,607,69,300,1,3,1,15,0,1,0,0,0,0,5,25741,12062,38417,2050435,0,1957,77308,4375796,6530974,0,0,0,994,1000,1017,1000,8159535
MPCTASK: EXP,3,172,8606,-164,-38,693,50,51,42,428,-47,298,11,-52,700,-119,-58,680,-6,40,753,69,300,1,3,3,15,0,1,0,0,0,0,5,25207,12026,37768,2044399,0,1827,65476,4285123,6420648,0,0,0,995,1000,1011,1000,8159535
MPCTASK: EXP,3,174,8711,-169,-38,694,47,-24,-8,409,-125,59,11,-52,700,-118,-82,678,-7,-4,918,69,300,1,3,3,15,0,1,0,0,0,0,5,25726,15243,42412,2591139,0,1826,63894,4373394,7210131,0,0,0,995,1000,1007,1000,8159535
MPCTASK: EXP,3,176,8802,-173,-52,690,65,-98,-12,238,-247,-157,11,-52,700,-106,-105,677,-12,80,653,69,300,1,3,3,15,0,1,0,0,0,0,5,20901,11938,34118,2029357,0,1826,23141,3553174,5800168,0,0,0,994,1000,1004,1000,8159535
MPCTASK: EXP,3,178,8905,-172,-67,689,96,-136,-7,78,-253,-264,11,-52,700,-91,-122,677,-11,112,531,69,300,1,3,3,15,0,1,0,0,0,0,5,25005,10454,36269,1777195,0,1826,111630,4250714,6165825,0,0,0,994,1000,1002,1000,8159535
MPCTASK: EXP,3,180,9007,-168,-89,688,123,-156,-24,14,-199,-393,11,-52,700,-87,-140,676,-16,125,503,69,300,1,3,2,15,0,1,0,0,0,0,5,24788,12471,38130,2120008,0,1827,120441,4213882,6482135,0,0,0,994,1000,1001,1000,8159535
MPCTASK: EXP,3,182,9106,-161,-110,684,148,-162,-50,-132,-147,-387,11,-52,700,-78,-144,674,-25,99,611,69,300,1,3,2,15,0,1,0,0,0,0,5,25417,10966,37806,1864244,0,1827,38265,4320779,6427131,0,0,0,994,1000,1001,1000,8159535
MPCTASK: EXP,3,184,9205,-149,-132,678,159,-143,-82,-300,13,-279,11,-52,700,-77,-142,672,-37,111,644,69,300,1,3,3,15,0,1,0,0,0,0,5,24857,11242,36446,1911070,0,1827,33434,4225688,6195893,0,0,0,994,1000,1000,1000,8159535
MPCTASK: EXP,3,186,9309,-140,-150,672,142,-98,-50,-308,66,-121,11,-52,700,-76,-143,671,-37,84,698,69,300,1,3,3,15,0,1,0,0,0,0,5,26660,11741,39943,1996025,0,1833,24293,4532091,6790477,0,0,0,994,1000,1000,1000,8159535
MPCTASK: EXP,3,188,9407,-138,-163,668,111,-50,-72,-413,88,97,11,-52,700,-87,-128,669,-45,14,1043,69,300,1,3,3,15,0,1,0,0,0,0,5,25001,12902,38574,2193303,0,1980,23141,4250069,6557669,0,0,0,994,1000,1000,1000,8159535
MPCTASK: EXP,3,190,9510,-133,-169,660,87,22,-40,-407,-15,271,11,-52,700,-75,-113,668,-47,-41,1003,69,300,1,3,3,15,0,1,0,0,0,0,5,26378,14500,42141,2465068,0,2158,119834,4484278,7164068,0,0,0,994,1000,1000,1000,8159535
MPCTASK: EXP,3,192,9604,-136,-165,654,75,86,-28,-311,-77,273,11,-52,700,-84,-94,667,-51,93,621,69,300,1,3,3,15,0,1,0,0,0,0,5,24104,9807,35230,1667122,0,1867,37832,4097630,5989220,0,0,0,994,1000,1000,1000,8159535
MPCTASK: EXP,3,194,9707,-141,-160,650,59,123,-13,-239,-31,331,11,-52,700,-97,-79,666,-52,40,836,69,300,1,3,3,15,0,1,0,0,0,0,5,25793,11004,38484,1870523,0,2501,138319,4384822,6542416,0,0,0,994,1000,1000,1000,8159535
MPCTASK: EXP,3,196,9804,-150,-152,651,40,151,-23,-115,-91,365,11,-52,700,-108,-76,666,-53,99,548,69,300,1,3,3,15,0,1,0,0,0,0,5,23081,11868,36232,2017475,0,1826,111466,3923622,6159580,0,0,0,994,1000,1000,1000,8159535
MPCTASK: EXP,3,198,9903,-153,-137,647,35,170,-18,-84,-119,425,11,-52,700,-105,-58,665,-55,78,644,69,300,1,3,2,15,0,1,0,0,0,0,5,23912,10354,34794,1760072,0,1990,62296,4064998,5915011,0,0,0,994,1000,1000,1000,8159535
MPCTASK: EXP,3,200,10003,-163,-129,644,30,170,-14,20,-92,430,11,-52,700,-121,-62,664,-58,130,501,69,300,1,3,3,15,0,1,0,0,0,0,5,22806,11065,34763,1881036,0,1867,23454,3876950,5909946,0,0,0,994,1000,1000,1000,8159535
MPCTASK: EXP,3,202,10105,-175,-123,645,24,144,33,224,-155,367,11,-52,700,-127,-84,666,-54,62,665,69,300,1,3,3,15,0,1,0,0,0,0,5,25534,10936,36852,1859003,0,1986,38670,4340714,6264944,0,0,0,995,1000,1000,1000,8159535
MPCTASK: EXP,3,204,10203,-183,-112,648,28,112,12,187,-172,301,11,-52,700,-131,-83,666,-51,112,503,69,300,1,3,3,15,0,1,0,0,0,0,5,22837,10235,33906,1739828,0,1826,101610,3882162,5764040,0,0,0,995,1000,1000,1000,8159535
MPCTASK: EXP,3,206,10303,-188,-102,651,44,79,51,194,-195,144,11,-52,700,-127,-85,669,-48,74,592,69,300,1,3,3,15,0,1,0,0,0,0,5,22932,10081,33933,1713626,0,1834,37343,3898310,5768660,0,0,0,995,1000,1000,1000,8159535
MPCTASK: EXP,3,208,10406,-199,-102,659,60,47,52,46,-343,102,11,-52,700,-120,-82,671,-40,94,556,69,300,1,3,3,15,0,1,0,0,0,0,5,25083,10801,36411,1836033,0,1988,23741,4264131,6189959,0,0,0,996,1000,1000,1000,8159535
MPCTASK: EXP,3,210,10504,-198,-101,664,103,39,34,32,-346,33,11,-52,700,-101,-86,672,-35,56,700,69,300,1,3,1,15,0,1,0,0,0,0,5,23655,10157,35013,1726630,0,1826,178654,4021278,5952396,0,0,0,996,1000,1000,1000,8159535
MPCTASK: EXP,3,212,10608,-187,-103,666,157,21,23,17,-248,-64,11,-52,700,-84,-90,672,-33,131,523,69,300,1,3,3,15,0,1,0,0,0,0,5,24758,11263,36755,1914669,0,1828,23312,4208830,6248456,0,0,0,996,1000,1000,1000,8159535
MPCTASK: EXP,3,214,10710,-166,-105,671,202,5,36,2,-228,-103,11,-52,700,-56,-91,674,-28,59,685,69,300,1,3,3,15,0,1,0,0,0,0,5,26761,11246,39032,1911804,0,1833,49847,4549326,6635575,0,0,0,996,1000,1000,1000,8159535
MPCTASK: EXP,3,216,10810,-147,-108,671,228,6,5,-111,-107,-90,11,-52,700,-46,-82,673,-28,-16,972,69,300,1,3,3,15,0,1,0,0,0,0,5,28256,10528,39882,1789704,0,1990,81405,4803422,6780115,0,0,0,995,1000,1000,1000,8159535
MPCTASK: EXP,3,218,10906,-131,-112,671,221,15,-9,-105,86,-21,11,-52,700,-45,-86,672,-30,71,691,69,300,1,3,3,15,0,1,0,0,0,0,5,25025,10355,36261,1760143,0,2004,93319,4254318,6164542,0,0,0,995,1000,1000,1000,8159535
MPCTASK: EXP,3,220,11004,-117,-114,673,190,31,2,-155,153,121,11,-52,700,-48,-80,672,-26,158,604,69,300,1,3,3,15,0,1,0,0,0,0,5,21989,10332,33378,1756347,0,1826,153422,3738106,5674375,0,0,0,995,1000,1000,1000,8159535
MPCTASK: EXP,3,222,11110,-104,-110,671,158,58,-10,-105,132,190,11,-52,700,-47,-78,672,-30,23,952,69,300,1,3,3,15,0,1,0,0,0,0,5,26875,11144,39104,1894415,0,2088,32862,4568754,6647794,0,0,0,995,1000,1000,1000,8159535
MPCTASK: EXP,3,224,11210,-99,-101,673,118,65,14,3,133,189,11,-52,700,-55,-73,673,-26,103,509,69,300,1,3,3,15,0,1,0,0,0,0,5,26302,12948,40040,2200997,0,1826,23141,4471226,6806899,0,0,0,995,1000,1000,1000,8159535
MPCTASK: EXP,3,226,11304,-96,-91,673,83,58,-1,61,140,223,11,-52,700,-62,-68,673,-26,81,620,69,300,1,3,3,15,0,1,0,0,0,0,5,21361,11653,33836,1980625,0,1937,74556,3631442,5752208,0,0,0,995,1000,1000,1000,8159535
MPCTASK: EXP,3,228,11409,-101,-89,673,45,42,20,71,47,203,11,-52,700,-76,-76,673,-26,119,463,69,300,1,3,3,15,0,1,0,0,0,0,5,26086,10306,38138,1752043,0,1827,132772,4434598,6483476,0,0,0,995,1000,1000,1000,8159535
MPCTASK: EXP,3,230,11507,-110,-93,674,26,24,-8,40,-35,238,11,-52,700,-80,-82,672,-27,109,490,69,300,1,3,3,15,0,1,0,0,0,0,5,23165,11843,36167,2013260,0,1826,54841,3938042,6148476,0,0,0,995,1000,1000,1000,8159535
MPCTASK: EXP,3,232,11606,-115,-88,675,22,21,2,57,-57,177,11,-52,700,-87,-80,673,-24,120,463,69,300,1,3,3,15,0,1,0,0,0,0,5,24792,10506,35956,1785997,0,1826,85641,4214558,6112605,0,0,0,995,1000,1000,1000,8159535
MPCTASK: EXP,3,234,11708,-125,-93,677,19,5,29,-21,-78,63,11,-52,700,-93,-83,675,-22,163,696,69,300,1,3,3,15,0,1,0,0,0,0,5,25372,11782,38387,2002980,0,2230,24712,4313175,6525908,0,0,0,995,1000,1000,1000,8159535
MPCTASK: EXP,3,236,11805,-133,-96,679,23,6,20,-60,-99,25,11,-52,700,-97,-82,675,-20,134,487,69,300,1,3,3,15,0,1,0,0,0,0,5,23526,9969,34025,1694580,0,1826,47200,3999382,5784435,0,0,0,995,1000,1000,1000,8159535
MPCTASK: EXP,3,238,11908,-139,-96,684,31,9,27,-33,-162,-49,11,-52,700,-95,-83,677,-15,174,749,69,300,1,3,3,15,0,1,0,0,0,0,5,21024,13698,37469,2328679,0,1826,71371,3574124,6369852,0,0,0,995,1000,1000,1000,8159535
MPCTASK: EXP,3,240,12010,-148,-93,684,45,18,7,-71,-228,-134,11,-52,700,-92,-70,676,-15,39,814,69,300,1,3,3,15,0,1,0,0,0,0,5,26596,11843,39850,2013194,0,2264,24295,4521222,6774645,0,0,0,995,1000,1000,1000,8159535
MPCTASK: TRAJ DONE: idx=240, max=240; requesting landing
MPCTASK: LANDING: start z=0.68, hold=(-0.14,-0.09)
MPCTASK: TIMING SUMMARY: max_step_cycles=8159535 deadline_cycles=8400000 overruns=0
MPCTASK: LANDING COMPLETE: t=17021 ms, x=-0.118, y=-0.100, z=0.001, vz=-0.099; motors off
SUP: Disarming