YS: Crazyflie 2.1 Brushless is up and running!
SYS: Build 2:de14ff9f08ae (2025.09.1 +2) MODIFIED
SYS: I am 0x373930393434471500370039 and I have 1024KB of flash!
CFGBLK: v1, verification [OK]
DECK_DISCOVERY: Backend found: onewire
DECK_DISCOVERY: Backend found: deckctrl
DECK_CORE: 1 deck(s) found
DECK_CORE: Calling INIT on driver bcFlow2 for deck 0
ZR2: Z-down sensor [OK]
PMW: Motion chip id: 0x49:0xB6
IMU: BMI088: Using I2C interface.
IMU: BMI088 Gyro connection [OK].
IMU: BMI088 Accel connection [OK]
IMU: BMP390 I2C connection [OK]
ESTIMATOR: Using Kalman (2) estimator
CONTROLLER: Using PID (1) controller
MTR-DRV: Using brushless motor driver
SYS: About to run tests in system.c.
SYS: NRF51 version: 2026.04 (C21B)
EEPROM: I2C connection [OK].
STORAGE: Storage check [OK].
IMU: BMI088 gyro self-test [OK]
DECK_CORE: Deck 0 test [OK].
SYS: Self test passed!
STAB: Wait for sensor calibration...
SYS: Free heap: 15048 bytes
MPCTASK: Waiting for activation ...
STAB: Starting stabilizer loop
STAB: WARNING: stabilizer loop rate is off (1004)
SUP: Ready to fly
MPCTASK: Benchmark mode 3, maneuver 0, max_iter 5, task_pri 0
MPCTASK: Reference altitude: 0.85 m; barrier skip when z>0.75 and vz>-0.20
MPCTASK: Common baseline: mpc_hz=20 model_hz=20 rho=5 base_w=0 base_qz=1 Qz=100 R=4 bridge=x10 guards=z[ref,ref+0.20] xy=free cap=0.05
MPCTASK: LIMO adaptive: cache=16x4 evals=1 timing=bar/rl/cache_cycles
MPCTASK: EXP every=2: m,s,tms,p3[mm],v3[mmps],att3[cdeg],ref3[mm],cmd3[mm],h/raw/grad/mar/thr[milli],act/ac/bind,wi/qi/cache/noa,pa/pf/du[milli],it,mpc/eval/total[us],bar/tanh/rl/cache/solve/step[cycles],overruns,post_active/post_infeasible_totals,wreq/w/qzreq/qz[milli],max_step_cycles
CONTROLLER: Using OutOfTree (6) controller
MPCTASK: OOT activated at z=0.54
MPCTASK: OOT loop 1 done
MPCTASK: OOT loop 2 done
MPCTASK: MPC task loop 1
MPCTASK: OOT loop 3 done
MPCTASK: Benchmark reset: mode=3 maneuver=0
MPCTASK: x0: pos=(-0.06,0.0,0.54) vel=(0.01,-0.02,-0.02)
MPCTASK: ref: (0.0,0.0,0.85)
MPCTASK: SAFE TV mode=3: h=0.0 raw=0.0 grad=0.0 margin=0.0 thr=0.0 active0=0 active_count=0 eval=13459 us
MPCTASK: MPC solve start
MPCTASK: MPC solve done, iter=5
MPCTASK: MPC time=29646 us
MPCTASK: MPC stack free=865 words
MPCTASK: setpoint: x=-0.05 y=-0.01 z=0.85 preview_z=0.74
MPCTASK: MPC task loop 2
MPCTASK: x0: pos=(-0.06,-0.0,0.53) vel=(0.01,-0.04,-0.04)
MPCTASK: ref: (0.0,0.0,0.85)
MPCTASK: SAFE TV mode=3: h=0.0 raw=0.0 grad=0.0 margin=0.0 thr=0.0 active0=0 active_count=0 eval=10989 us
MPCTASK: MPC solve start
MPCTASK: MPC solve done, iter=5
MPCTASK: MPC time=25469 us
MPCTASK: EXP,3,2,98,-69,-7,539,11,-42,-42,129,31,-28,0,0,850,-60,-29,850,0,0,0,0,0,0,0,0,15,1,1,1,0,0,0,5,25469,10989,45211,1868025,0,1787,68745,4329646,7685803,0,0,0,996,1000,1080,1133,8050973
MPCTASK: setpoint: x=-0.06 y=-0.02 z=0.85 preview_z=0.74
MPCTASK: MPC task loop 3
MPCTASK: x0: pos=(-0.06,-0.01,0.53) vel=(0.01,-0.05,-0.09)
MPCTASK: ref: (0.0,0.0,0.85)
MPCTASK: SAFE TV mode=3: h=0.0 raw=0.0 grad=0.0 margin=0.0 thr=0.0 active0=0 active_count=0 eval=10884 us
MPCTASK: MPC solve start
MPCTASK: MPC solve done, iter=5
MPCTASK: MPC time=25299 us
MPCTASK: setpoint: x=-0.05 y=-0.03 z=0.85 preview_z=0.74
MPCTASK: EXP,3,4,190,-66,-19,527,8,-62,-182,1,29,-44,0,0,850,-56,-35,850,0,0,0,0,0,0,0,0,15,1,1,1,0,0,0,5,24751,12033,37804,2045576,0,1763,152698,4207579,6426741,0,0,0,996,1000,1195,1133,8050973
MPCTASK: EXP,3,6,289,-63,-30,507,6,-60,-132,-80,30,-60,0,0,850,-56,-39,850,0,0,0,0,0,0,0,0,15,2,1,1,0,0,0,5,25696,10888,37017,1850851,0,1898,52501,4368263,6292866,0,0,0,996,1000,1268,1266,8050973
MPCTASK: EXP,3,8,386,-62,-35,519,2,-35,348,-132,6,-59,0,0,850,-52,-30,850,0,0,0,0,0,0,0,0,15,2,1,1,0,0,0,4,20876,10517,32064,1787783,0,1768,68981,3548872,5451035,0,0,0,996,1000,1316,1266,8050973
MPCTASK: EXP,3,10,492,-63,-27,573,3,9,532,-127,-31,-59,0,0,850,-50,-10,850,0,0,0,0,0,0,0,0,15,3,1,1,0,0,0,5,28204,8387,37572,1425635,0,1951,131372,4794592,6387460,0,0,0,997,1000,1346,1400,8050973
MPCTASK: Cache level changed: 0 -> 1
MPCTASK: EXP,3,12,590,-35,-27,622,47,21,465,-47,49,-51,0,0,850,-20,-12,850,-77,150,681,69,300,1,3,3,15,3,1,1,0,0,0,5,24407,10583,35923,1799061,0,1768,23119,4149175,6106947,0,0,0,997,1000,1365,1400,8050973
MPCTASK: EXP,3,14,687,-25,-22,662,46,31,364,-9,54,-29,0,0,850,-11,-9,850,-37,162,893,69,300,1,3,3,15,3,1,1,0,0,0,5,22272,9486,32848,1612462,0,58471,55333,3786175,5584133,0,0,0,996,1000,1378,1400,8050973
MPCTASK: EXP,3,16,791,-22,-19,696,33,31,287,15,63,-15,0,0,850,-14,-7,850,-3,170,831,69,300,1,3,3,15,3,1,1,0,0,0,5,22462,12797,36582,2175312,0,1768,68413,3818335,6219005,0,0,0,996,1000,1385,1400,8050973
MPCTASK: EXP,3,18,894,-33,-2,724,3,50,243,26,34,-3,0,0,850,-34,19,850,24,158,582,69,300,1,3,3,15,3,1,1,0,0,0,5,26670,10220,39010,1737252,0,1776,52859,4533827,6631910,0,0,0,995,1000,1390,1400,8050973
MPCTASK: EXP,3,20,986,-34,0,745,0,37,189,39,0,14,0,0,850,-29,9,850,45,186,879,69,300,1,2,2,15,3,1,1,0,0,0,5,21061,10213,31963,1736151,0,1768,90969,3580239,5433771,0,0,0,993,1000,1394,1400,8050973
MPCTASK: Cache level changed: 1 -> 0
MPCTASK: EXP,3,22,1080,-32,-1,760,4,25,155,41,-19,25,0,0,850,-25,4,850,60,191,869,69,300,0,0,0,15,3,1,1,0,0,0,3,14787,10122,25714,1720706,0,1769,110510,2513647,4371383,0,0,0,989,1000,1396,1400,8050973
MPCTASK: EXP,3,24,1182,-28,-5,777,11,10,144,16,-25,39,0,0,850,-18,-1,850,77,194,837,69,300,0,0,0,15,3,1,1,0,0,0,3,14457,10863,27729,1782210,0,1937,356540,2457706,4713993,0,0,0,985,1000,1397,1400,8050973
MPCTASK: EXP,3,26,1281,-34,-13,792,2,-3,131,-6,8,50,0,0,850,-27,-11,850,92,187,694,69,300,0,0,0,15,3,1,1,0,0,0,3,15674,9545,26246,1622611,0,1768,114011,2664560,4461831,0,0,0,978,1000,1398,1400,8050973
MPCTASK: EXP,3,28,1384,-32,-15,804,6,-3,103,-16,1,55,0,0,850,-27,-12,850,104,192,708,69,300,0,0,0,15,3,1,1,0,0,0,4,18946,10547,30130,1792898,0,1776,23119,3220703,5122109,0,0,0,969,1000,1399,1400,8050973
MPCTASK: EXP,3,30,1483,-12,-21,814,36,-8,80,-23,-42,51,0,0,850,2,-18,850,114,162,469,69,300,0,0,0,14,3,1,1,0,0,0,3,16944,10470,28969,1779842,0,1776,67349,2880279,4924859,0,0,0,958,933,1399,1400,8050973
MPCTASK: EXP,3,32,1579,-3,-26,822,41,-6,62,-49,31,54,0,0,850,8,-21,850,122,222,969,69,300,0,0,0,14,3,1,1,0,0,0,3,14244,9343,24280,1588352,0,69066,24120,2421370,4127717,0,0,0,947,933,1399,1400,8050973
MPCTASK: EXP,3,34,1678,-4,-32,827,28,-4,48,-68,35,45,0,0,850,3,-23,850,127,218,868,69,300,0,0,0,14,3,1,1,0,0,0,3,14325,9100,23930,1546837,0,1768,51342,2435143,4068057,0,0,0,938,933,1399,1400,8050973
MPCTASK: EXP,3,36,1779,-7,-34,833,15,3,57,-63,16,28,0,0,850,-2,-23,850,133,220,882,69,300,0,0,0,14,3,1,1,0,0,0,3,14506,9927,24961,1687615,0,1768,23116,2465851,4243498,0,0,0,928,933,1399,1400,8050973
MPCTASK: EXP,3,38,1891,-14,-36,836,3,9,44,-62,-9,9,0,0,850,-10,-23,850,136,231,1002,69,300,0,0,0,14,2,1,0,0,0,0,5,21661,13354,35862,2270101,0,1788,118367,3682344,6096633,0,0,0,920,933,1319,1266,8050973
MPCTASK: EXP,3,40,1984,-23,-37,845,-3,16,64,-53,-34,-2,0,0,850,-17,-22,850,145,221,878,69,300,0,0,0,14,2,1,0,0,0,0,3,14027,14890,29377,2531334,0,1787,23116,2384494,4994158,0,0,0,908,933,1204,1266,8050973
MPCTASK: EXP,3,42,2082,-34,-36,850,-8,24,40,-40,-52,-9,0,0,850,-26,-19,850,150,228,915,69,300,0,0,0,13,1,1,0,0,0,0,3,13909,13296,27933,2260133,0,1788,97546,2364455,4748681,0,0,0,893,866,1131,1133,8050973
MPCTASK: EXP,3,44,2182,-50,-31,850,-17,32,17,-15,-92,-12,0,0,850,-40,-14,850,150,231,891,69,300,0,0,0,13,1,1,0,0,0,0,3,14256,12153,27705,2065878,0,1917,98075,2423514,4709961,0,0,0,885,866,1083,1133,8050973
MPCTASK: EXP,3,46,2290,-59,-25,857,-8,37,42,-4,-106,-9,0,0,850,-44,-9,850,157,235,950,69,300,0,0,0,13,0,1,0,0,0,0,5,22702,10149,34800,1725258,0,1793,258476,3859256,5916006,0,0,0,876,866,1053,1000,8050973
MPCTASK: EXP,3,48,2374,-58,-24,860,9,33,36,11,-89,-7,0,0,850,-39,-11,850,160,239,991,69,300,0,0,0,13,0,1,0,0,0,0,2,8469,10032,19120,1705503,0,1801,66879,1439598,3250517,0,0,0,867,866,1034,1000,8050973
MPCTASK: EXP,3,50,2487,-54,-31,863,24,20,29,9,-61,-5,0,0,850,-33,-21,850,163,234,922,69,300,0,0,0,13,0,1,0,0,0,0,4,20184,10082,32557,1713867,0,1801,363593,3431231,5534768,0,0,0,858,866,1021,1000,8050973
MPCTASK: EXP,3,52,2582,-55,-33,865,29,14,17,-8,-33,0,0,0,850,-35,-23,850,165,238,967,69,300,0,0,0,13,0,1,0,0,0,0,3,16256,10696,27687,1818283,0,1793,65109,2763511,4706967,0,0,0,849,866,1014,1000,8050973
MPCTASK: EXP,3,54,2684,-49,-32,867,38,14,18,-18,-27,3,0,0,850,-27,-21,850,167,242,1021,69,300,0,0,0,13,0,1,0,0,0,0,3,14907,13316,28876,2263552,0,1793,84950,2534203,4909031,0,0,0,843,866,1009,1000,8050973
MPCTASK: EXP,3,56,2780,-42,-43,871,43,4,28,-33,9,8,0,0,850,-23,-31,850,171,223,811,69,300,0,0,0,13,0,1,0,0,0,0,3,15386,9348,25402,1589112,0,2090,86711,2615665,4318462,0,0,0,833,866,1005,1000,8050973
MPCTASK: EXP,3,58,2884,-37,-56,874,39,-2,16,-47,24,9,0,0,850,-21,-43,850,174,238,936,69,300,0,0,0,12,1,1,1,0,0,0,3,15256,14273,30234,2426299,0,1986,92190,2593353,5139781,0,0,0,825,800,1147,1133,8050973
MPCTASK: EXP,3,60,2991,-46,-66,875,22,-2,3,-73,18,3,0,0,850,-32,-50,850,175,240,915,69,300,0,0,0,12,2,1,1,0,0,0,5,22627,12921,36760,2196615,0,28234,152451,3846384,6249127,0,0,0,821,800,1238,1266,8050973
MPCTASK: EXP,3,62,3083,-60,-77,878,7,0,13,-89,-35,-2,0,0,850,-45,-56,850,178,231,831,69,300,0,0,0,12,2,1,1,0,0,0,3,14895,12785,28366,2173366,0,1776,23310,2532009,4822288,0,0,0,819,800,1296,1266,8050973
MPCTASK: EXP,3,64,3191,-71,-79,877,2,14,-3,-103,-80,0,0,0,850,-52,-54,850,176,243,909,69,300,0,0,0,12,3,1,1,0,0,0,5,23097,12864,36248,2186858,0,1768,23126,3926451,6162190,0,0,0,820,800,1333,1400,8050973
MPCTASK: EXP,3,66,3279,-76,-75,876,11,33,-4,-91,-92,1,0,0,850,-53,-46,850,175,236,852,69,300,0,0,0,12,3,1,1,0,0,0,2,12678,11358,25315,1930701,0,1768,161851,2155300,4303746,0,0,0,824,800,1357,1400,8050973
MPCTASK: EXP,3,68,3382,-73,-63,877,28,54,11,-52,-81,6,0,0,850,-46,-33,850,177,226,788,69,300,0,0,0,12,3,1,1,0,0,0,3,15722,11241,28248,1910982,0,1768,142207,2672603,4802287,0,0,0,822,800,1372,1400,8050973
MPCTASK: EXP,3,70,3488,-67,-58,878,44,58,3,-11,-71,19,0,0,850,-35,-29,850,178,239,897,69,300,0,0,0,12,3,1,1,0,0,0,4,20027,12053,33154,2048873,0,1896,75303,3404532,5636300,0,0,0,817,800,1382,1400,8050973
MPCTASK: EXP,3,72,3582,-56,-36,878,59,73,0,36,2,28,0,0,850,-27,-10,850,178,230,822,69,300,0,0,0,12,3,1,1,0,0,0,3,16055,11222,28087,1907622,0,1776,111650,2729199,4774737,0,0,0,808,800,1388,1400,8050973
MPCTASK: EXP,3,74,3678,-48,-25,880,60,66,7,71,9,38,0,0,850,-22,-5,850,180,233,845,69,300,0,0,0,12,3,1,1,0,0,0,2,10145,12067,24140,2051322,0,1985,66833,1724590,4103866,0,0,0,798,800,1392,1400,8050973
MPCTASK: EXP,3,76,3781,-30,-23,884,66,48,15,86,47,51,0,0,850,-9,-10,850,184,223,756,69,300,0,0,0,12,3,1,1,0,0,0,3,14414,11423,26708,1941784,0,1768,120400,2450420,4540426,0,0,0,785,800,1395,1400,8050973
MPCTASK: EXP,3,78,3884,-33,-30,887,48,25,9,59,67,57,0,0,850,-17,-21,850,187,246,967,69,300,0,0,0,12,3,1,1,0,0,0,4,18934,9216,29341,1566690,0,1769,124039,3218747,4988008,0,0,0,773,800,1397,1400,8050973
MPCTASK: EXP,3,80,3981,-31,-44,884,37,2,-18,14,35,54,0,0,850,-17,-36,850,181,230,774,69,300,0,0,0,12,3,1,1,0,0,0,3,13392,12298,26755,2090600,0,1768,155156,2276568,4548545,0,0,0,774,800,1398,1400,8050973
MPCTASK: EXP,3,82,4085,-28,-70,881,30,-19,-16,-52,19,45,0,0,850,-14,-60,850,178,239,862,69,300,0,0,0,12,3,1,1,0,0,0,4,18108,11461,30686,1948434,0,2173,47713,3078257,5216554,0,0,0,788,800,1398,1400,8050973
MPCTASK: EXP,3,84,4183,-34,-80,880,19,-13,0,-128,19,35,0,0,850,-23,-60,850,180,246,920,69,300,0,0,0,12,3,1,1,0,0,0,3,14494,13756,29251,2338541,0,1768,133746,2463887,4972792,0,0,0,794,800,1399,1400,8050973
MPCTASK: EXP,3,86,4283,-32,-87,881,17,4,3,-141,-7,33,0,0,850,-22,-60,850,181,239,862,69,300,0,0,0,12,3,1,1,0,0,0,3,15264,12523,28792,2128830,0,1769,145025,2594728,4894787,0,0,0,798,800,1399,1400,8050973
MPCTASK: EXP,3,88,4380,-31,-90,883,17,24,7,-141,-6,40,0,0,850,-20,-57,850,183,254,1006,69,300,0,0,0,12,3,1,1,0,0,0,3,14417,10952,25656,1861683,0,1768,23126,2450821,4361570,0,0,0,800,800,1399,1400,8050973
MPCTASK: EXP,3,90,4479,-33,-77,882,14,55,-5,-100,2,46,0,0,850,-22,-40,850,181,237,840,69,300,0,0,0,12,3,1,1,0,0,0,3,15996,8826,25118,1500414,0,1768,24084,2719309,4270175,0,0,0,798,800,1399,1400,8050973
MPCTASK: EXP,3,92,4587,-31,-60,882,16,78,-10,-54,-21,50,0,0,850,-21,-21,850,180,224,739,69,300,0,0,0,12,3,1,1,0,0,0,4,19331,12200,32242,2073868,0,1776,24279,3286195,5481082,0,0,0,795,800,1399,1400,8050973
MPCTASK: EXP,3,94,4690,-41,-40,883,9,94,2,12,-32,51,0,0,850,-29,-5,850,183,229,811,69,300,0,0,0,12,3,1,1,0,0,0,4,22497,12502,35892,2125347,0,1768,99040,3824523,6101829,0,0,0,788,800,1399,1400,8050973
MPCTASK: EXP,3,96,4790,-33,-38,882,19,83,0,41,-34,53,0,0,850,-18,-8,850,181,243,943,69,300,0,0,0,12,3,1,1,0,0,0,4,25816,9896,35998,1682261,0,1768,23126,4388614,6119733,0,0,0,785,800,1399,1400,8050973
MPCTASK: EXP,3,98,4884,-28,-31,883,26,72,1,61,5,62,0,0,850,-14,-6,850,183,231,812,69,300,0,0,0,12,3,1,1,0,0,0,4,17466,11287,29826,1918759,0,1768,155528,2969104,5070586,0,0,0,781,800,1399,1400,8050973
MPCTASK: EXP,3,100,4985,-35,-24,880,17,62,-12,62,2,71,0,0,850,-23,-4,850,178,246,938,69,300,0,0,0,12,3,1,1,0,0,0,3,16161,12423,29274,2111823,0,1943,89459,2747322,4976651,0,0,0,780,800,1399,1400,8050973
MPCTASK: EXP,3,102,5081,-30,-28,879,22,43,-10,31,-11,86,0,0,850,-18,-10,850,177,222,737,69,300,0,0,0,12,3,1,1,0,0,0,2,12664,12030,25160,2045028,0,1768,42691,2152828,4277258,0,0,0,785,800,1399,1400,8050973
MPCTASK: EXP,3,104,5186,-29,-34,878,23,31,-17,3,-36,97,0,0,850,-13,-17,850,174,209,628,69,300,0,0,0,12,3,1,1,0,0,0,3,16630,13796,30880,2345260,0,1768,51145,2827166,5249570,0,0,0,790,800,1399,1400,8050973
MPCTASK: EXP,3,106,5282,-24,-41,879,32,25,-2,-17,-52,80,0,0,850,-6,-24,850,179,238,884,69,300,0,0,0,12,3,1,1,0,0,0,3,14557,11201,26788,1904061,0,1768,111702,2474648,4554103,0,0,0,789,800,1399,1400,8050973
MPCTASK: EXP,3,108,5388,-13,-40,879,43,30,-19,-84,52,9,0,0,850,-5,-15,850,175,148,473,69,300,0,0,0,12,3,1,1,0,0,0,4,17839,11123,30483,1890861,0,1768,97799,3032522,5182199,0,0,0,790,800,1399,1400,8050973
MPCTASK: EXP,3,110,5491,-10,-28,877,28,57,4,-66,99,-152,0,0,850,-6,-1,850,177,125,512,69,300,0,0,0,12,3,1,1,0,0,0,4,19707,12514,33404,2127291,0,2089,123420,3350198,5678772,0,0,0,787,800,1399,1400,8050973
MPCTASK: EXP,3,112,5589,-18,-9,878,3,73,46,36,82,-327,0,0,850,-23,12,850,178,186,541,69,300,0,0,0,12,3,1,1,0,0,0,4,19805,10774,31445,1831551,0,1769,48312,3366662,5345690,0,0,0,768,800,1399,1400,8050973
MPCTASK: EXP,3,114,5689,-28,6,881,-22,76,22,53,95,-404,0,0,850,-38,24,850,181,227,804,69,300,0,0,0,11,3,1,1,0,0,0,4,20159,10700,31623,1818952,0,1738,103778,3426981,5375978,0,0,0,747,733,1399,1400,8050973
MPCTASK: EXP,3,116,5791,-49,25,884,-53,80,0,90,22,-421,0,0,850,-59,36,850,184,135,488,69,300,0,0,0,11,3,1,1,0,0,0,4,21105,12289,34025,2089082,0,1738,80765,3587654,5784434,0,0,0,736,733,1399,1400,8050973
MPCTASK: EXP,3,118,5890,-85,29,882,-83,49,-17,214,-106,-452,0,0,850,-88,21,850,178,225,711,69,300,0,0,0,11,3,1,1,0,0,0,4,20898,10718,33072,1821958,0,1782,148236,3552605,5622247,0,0,0,748,733,1399,1400,8050973
MPCTASK: EXP,3,120,5988,-109,31,880,-78,11,-4,154,-175,-468,0,0,850,-103,17,850,180,249,926,69,300,0,0,0,11,3,1,1,0,0,0,4,19944,8694,30563,1477962,0,150246,24300,3390432,5195785,0,0,0,764,733,1399,1400,8050973
MPCTASK: EXP,3,122,6092,-140,27,881,-72,-24,4,170,-234,-458,0,0,850,-123,6,850,181,94,597,69,300,0,0,0,12,3,1,1,0,0,0,4,20837,11279,33262,1917276,0,1776,59396,3542230,5654638,0,0,0,776,800,1399,1400,8050973
MPCTASK: EXP,3,124,6190,-162,6,882,-53,-61,7,27,-263,-428,0,0,850,-131,-16,850,182,213,672,69,300,0,0,0,12,3,1,1,0,0,0,4,17444,12371,30957,2102870,0,1768,132611,2965374,5262871,0,0,0,789,800,1399,1400,8050973
MPCTASK: EXP,3,126,6284,-180,-2,880,-24,-70,-14,-18,-259,-303,0,0,850,-139,-21,850,177,163,515,69,300,0,0,0,12,3,1,1,0,0,0,3,12744,11525,25815,1959093,0,1952,132867,2166470,4388758,0,0,0,808,800,1399,1400,8050973
MPCTASK: EXP,3,128,6385,-197,-23,882,-1,-81,-9,-72,-248,-161,0,0,850,-145,-38,850,180,163,513,69,300,0,0,0,12,3,1,1,0,0,0,3,15307,10129,26850,1721880,0,1776,83058,2602221,4564656,0,0,0,819,800,1399,1400,8050973
MPCTASK: EXP,3,130,6489,-211,-45,879,22,-82,-19,-84,-256,-50,0,0,850,-150,-60,850,176,234,754,69,300,0,0,0,13,3,1,1,0,0,0,4,19121,10602,30687,1802161,0,1768,108884,3250649,5216797,0,0,0,834,866,1399,1400,8050973
MPCTASK: EXP,3,132,6587,-224,-59,879,42,-76,-32,-93,-265,47,0,0,850,-154,-68,850,172,240,765,69,300,0,0,0,13,3,1,1,0,0,0,3,14939,12417,28335,2110767,0,2640,23714,2539635,4817151,0,0,0,848,866,1399,1400,8050973
MPCTASK: EXP,3,134,6683,-231,-76,875,67,-67,-37,-130,-243,118,0,0,850,-154,-76,850,168,267,960,69,300,0,0,0,13,3,1,1,0,0,0,3,14454,9091,24407,1545489,0,1768,119697,2457170,4149301,0,0,0,862,866,1399,1400,8050973
MPCTASK: EXP,3,136,6791,-241,-90,872,80,-47,-12,-167,-207,70,0,0,850,-160,-81,850,169,166,501,69,300,0,0,0,13,3,1,1,0,0,0,4,21743,9765,32707,1660072,0,1768,65377,3696176,5560244,0,0,0,873,866,1399,1400,8050973
MPCTASK: EXP,3,138,6891,-250,-88,875,96,-15,13,-172,-278,-36,0,0,850,-155,-64,850,175,168,527,69,300,0,0,0,13,3,1,1,0,0,0,4,19418,11638,32130,1978354,0,39003,93806,3301133,5462154,0,0,0,875,866,1399,1400,8050973
MPCTASK: EXP,3,140,6989,-247,-92,877,126,13,-22,-223,-202,-29,0,0,850,-152,-57,850,173,234,758,69,300,0,0,0,13,3,1,1,0,0,0,4,19768,9625,30776,1636075,0,100231,111243,3360443,5231985,0,0,0,877,866,1399,1400,8050973
MPCTASK: EXP,3,142,7091,-254,-85,873,131,51,-55,-145,-172,-109,0,0,850,-161,-44,850,162,189,511,69,300,0,0,0,13,3,1,1,0,0,0,4,22062,9560,32576,1625133,0,1768,24084,3750592,5537999,0,0,0,885,866,1399,1400,8050973
MPCTASK: EXP,3,144,7185,-258,-75,867,139,70,-48,17,-239,-195,0,0,850,-154,-42,850,157,267,939,69,300,0,0,0,13,3,1,1,0,0,0,3,15364,11101,27009,1887000,0,1768,65422,2611754,4591598,0,0,0,896,866,1399,1400,8050973
MPCTASK: EXP,3,146,7290,-254,-71,862,159,66,-19,-20,-196,-187,0,0,850,-147,-36,850,158,205,611,69,300,0,0,0,14,3,1,1,0,0,0,4,20058,10556,31313,1794553,0,1933,68488,3384911,5323372,0,0,0,902,933,1399,1400,8050973
MPCTASK: EXP,3,148,7384,-251,-70,862,170,68,10,-73,-137,-154,0,0,850,-147,-34,850,162,212,692,69,300,0,0,0,14,3,1,1,0,0,0,3,13386,11336,25229,1926994,0,2802,58738,2275657,4289094,0,0,0,902,933,1399,1400,8050973
MPCTASK: EXP,3,150,7491,-253,-64,865,168,75,2,-126,-134,-116,0,0,850,-152,-13,850,165,88,628,69,300,0,0,0,14,3,1,1,0,0,0,4,19385,13035,33252,2215807,0,1768,64243,3295367,5652974,0,0,0,901,933,1399,1400,8050973
MPCTASK: EXP,3,152,7592,-246,-57,867,170,93,18,14,-124,-119,0,0,850,-142,-25,850,167,59,711,69,300,0,0,0,13,3,1,1,0,0,0,4,20988,11430,33597,1942969,0,1769,44153,3567952,5711547,0,0,0,898,866,1399,1400,8050973
MPCTASK: EXP,3,154,7685,-246,-47,870,168,85,34,24,-114,-186,0,0,850,-143,-12,850,170,198,612,69,300,0,0,0,13,3,1,1,0,0,0,3,13770,12002,26589,2040286,0,1768,24313,2340888,4520125,0,0,0,892,866,1399,1400,8050973
MPCTASK: EXP,3,156,7785,-250,-34,873,159,81,8,114,-111,-215,0,0,850,-153,-12,850,173,221,740,69,300,0,0,0,13,3,1,1,0,0,0,4,18020,7192,27045,1222561,0,2207,114164,3063221,4597778,0,0,0,885,866,1399,1400,8050973
MPCTASK: EXP,3,158,7887,-243,-32,873,164,60,-30,42,-117,-143,0,0,850,-141,-11,850,166,199,559,69,300,0,0,0,13,3,1,1,0,0,0,4,18030,10091,28862,1715324,0,1768,65371,3064985,4906700,0,0,0,885,866,1399,1400,8050973
MPCTASK: EXP,3,160,7985,-233,-30,870,172,51,-31,14,-89,-41,0,0,850,-134,-11,850,164,220,683,69,300,0,0,0,13,3,1,1,0,0,0,3,14790,11141,27103,1893865,0,20569,152853,2514066,4607702,0,0,0,887,866,1399,1400,8050973
MPCTASK: EXP,3,162,8087,-217,-27,869,186,39,-27,56,-112,41,0,0,850,-116,-13,850,164,194,543,69,300,0,0,0,13,3,1,1,0,0,0,3,15161,11230,27354,1908952,0,1770,137924,2577380,4650145,0,0,0,886,866,1399,1400,8050973
MPCTASK: EXP,3,164,8183,-201,-33,865,196,24,-20,14,-66,55,0,0,850,-101,-20,850,161,238,864,69,300,0,0,0,13,3,1,1,0,0,0,3,13154,10156,23962,1726477,0,1768,84678,2236145,4073623,0,0,0,885,866,1399,1400,8050973
MPCTASK: EXP,3,166,8289,-190,-41,862,197,16,6,-86,-68,44,0,0,850,-89,-21,850,162,209,666,69,300,0,0,0,13,3,1,1,0,0,0,4,18930,10342,29811,1758128,0,1768,64640,3217913,5067977,0,0,0,886,866,1399,1400,8050973
MPCTASK: EXP,3,168,8392,-171,-42,864,209,28,20,-91,-76,-2,0,0,850,-70,-18,850,164,234,890,69,300,0,0,0,13,3,1,1,0,0,0,4,19468,11651,32636,1980650,0,1985,34276,3309339,5548230,0,0,0,884,866,1399,1400,8050973
MPCTASK: EXP,3,170,8493,-148,-43,866,221,37,25,-92,-19,-30,0,0,850,-53,-20,850,166,148,456,69,300,0,0,0,13,3,1,1,0,0,0,4,20366,11620,33609,1975302,0,3034,52172,3462109,5713684,0,0,0,877,866,1399,1400,8050973
MPCTASK: EXP,3,172,8587,-125,-39,871,218,42,14,-31,68,-22,0,0,850,-40,-14,850,171,206,645,69,300,0,0,0,13,3,1,1,0,0,0,4,18132,9052,28243,1538770,0,1929,74304,3082326,4801330,0,0,0,864,866,1399,1400,8050973
MPCTASK: EXP,3,174,8688,-107,-42,874,200,36,3,19,97,-5,0,0,850,-30,-25,850,174,199,588,69,300,0,0,0,13,3,1,1,0,0,0,4,16934,10460,28856,1778171,0,2115,88066,2878668,4905451,0,0,0,851,866,1399,1400,8050973
MPCTASK: EXP,3,176,8785,-80,-40,870,192,33,-26,3,127,100,0,0,850,-15,-23,850,164,217,668,69,300,0,0,0,13,3,1,1,0,0,0,3,13761,10669,25206,1813785,0,1932,55831,2339277,4285110,0,0,0,846,866,1399,1400,8050973
MPCTASK: EXP,3,178,8888,-57,-39,868,177,28,-23,6,145,195,0,0,850,-1,-24,850,163,231,768,69,300,0,0,0,13,3,1,1,0,0,0,3,18677,9514,28736,1617281,0,1778,66290,3174922,4885287,0,0,0,839,866,1399,1400,8050973
MPCTASK: EXP,3,180,8984,-38,-42,865,152,19,-24,32,175,245,0,0,850,3,-32,850,160,247,879,69,300,0,0,0,13,3,1,1,0,0,0,3,14513,9404,24968,1598598,0,2036,136962,2467000,4244748,0,0,0,837,866,1399,1400,8050973
MPCTASK: EXP,3,182,9091,-22,-46,862,126,9,-5,-63,153,300,0,0,850,12,-29,850,161,201,603,69,300,0,0,0,13,3,1,1,0,0,0,3,18148,13249,32197,2252240,0,1768,108961,3084972,5473513,0,0,0,836,866,1399,1400,8050973
MPCTASK: EXP,3,184,9189,-18,-50,864,98,12,41,-58,76,298,0,0,850,9,-31,850,164,178,509,69,300,0,0,0,12,3,1,1,0,0,0,3,15409,12050,27992,2048493,0,2071,40514,2619586,4758774,0,0,0,831,800,1399,1400,8050973
MPCTASK: EXP,3,186,9284,-4,-60,869,86,14,38,-146,94,272,0,0,850,16,-33,850,169,228,832,69,300,0,0,0,12,3,1,1,0,0,0,3,14358,8161,23398,1387202,0,1768,124093,2440693,3977767,0,0,0,824,800,1399,1400,8050973
MPCTASK: EXP,3,188,9390,4,-52,874,71,45,19,-126,97,235,0,0,850,17,-20,850,174,212,687,69,300,0,0,0,12,3,1,1,0,0,0,4,20119,8195,29688,1392912,0,1887,166298,3420066,5047162,0,0,0,814,800,1399,1400,8050973
MPCTASK: EXP,3,190,9485,8,-43,871,48,64,-32,-50,122,177,0,0,850,13,-13,850,165,200,566,69,300,0,0,0,12,3,1,1,0,0,0,3,14066,10575,25327,1797631,0,1769,70038,2391125,4305588,0,0,0,813,800,1399,1400,8050973
MPCTASK: EXP,3,192,9585,15,-33,871,31,70,-8,-1,99,119,0,0,850,17,-5,850,169,187,526,69,300,0,0,0,12,3,1,1,0,0,0,3,13441,10974,24913,1865490,0,1768,59188,2284856,4235294,0,0,0,814,800,1399,1400,8050973
MPCTASK: EXP,3,194,9688,21,-23,869,26,73,-7,-29,33,60,0,0,850,23,8,850,167,206,624,69,300,0,0,0,12,3,1,1,0,0,0,4,16166,10156,27495,1726399,0,1810,111516,2748165,4674105,0,0,0,811,800,1399,1400,8050973
MPCTASK: EXP,3,196,9792,20,-21,870,16,74,-2,14,59,15,0,0,850,17,1,850,170,170,467,69,300,0,0,0,12,3,1,1,0,0,0,4,20335,11053,32237,1878916,0,1768,77357,3456888,5480339,0,0,0,810,800,1399,1400,8050973
MPCTASK: EXP,3,198,9886,21,-11,870,6,70,-20,49,45,-3,0,0,850,16,9,850,166,245,932,69,300,0,0,0,12,3,1,1,0,0,0,3,13469,11431,26234,1943172,0,2070,90709,2289729,4459879,0,0,0,810,800,1399,1400,8050973
MPCTASK: EXP,3,200,9987,29,-9,866,8,55,-36,23,24,-19,0,0,850,24,8,850,159,235,817,69,300,0,0,0,12,3,1,1,0,0,0,3,14210,10952,25836,1861722,0,1768,89005,2415601,4404106,0,0,0,821,800,1399,1400,8050973
MPCTASK: EXP,3,202,10088,32,-4,863,5,56,-11,-25,3,-40,0,0,850,29,15,850,160,215,698,69,300,0,0,0,12,3,1,1,0,0,0,3,15689,11223,27750,1907888,0,2133,92170,2667070,4717431,0,0,0,831,800,1399,1400,8050973
MPCTASK: EXP,3,204,10194,39,3,865,14,62,22,3,-1,-93,0,0,850,38,21,850,165,210,702,69,300,0,0,0,12,3,1,1,0,0,0,4,20590,12038,33778,2046303,0,1768,65394,3500126,5742239,0,0,0,829,800,1399,1400,8050973
MPCTASK: EXP,3,206,10289,49,17,869,27,68,20,30,6,-134,0,0,850,47,31,850,169,138,455,69,300,0,0,0,12,3,1,1,0,0,0,3,16727,10805,28069,1836794,0,1768,64251,2843512,4771823,0,0,0,824,800,1399,1400,8050973
MPCTASK: EXP,3,208,10387,55,31,868,27,59,-12,128,27,-187,0,0,850,52,34,850,165,239,857,69,300,0,0,0,12,3,1,1,0,0,0,3,14757,10040,25375,1706874,0,1768,72489,2508531,4313806,0,0,0,825,800,1399,1400,8050973
MPCTASK: EXP,3,210,10491,67,40,866,30,38,-32,210,48,-199,0,0,850,61,29,850,159,239,788,69,300,0,0,0,13,3,1,1,0,0,0,4,18755,10183,29373,1731124,0,2649,47040,3188254,4993453,0,0,0,835,866,1399,1400,8050973
MPCTASK: EXP,3,212,10588,80,34,863,27,3,-31,93,117,-198,0,0,850,68,24,850,157,229,750,69,300,0,0,0,13,3,1,1,0,0,0,3,16431,9895,26622,1682188,0,1768,23126,2793280,4525825,0,0,0,846,866,1399,1400,8050973
MPCTASK: EXP,3,214,10690,87,29,862,15,-11,-21,52,77,-229,0,0,850,73,15,850,158,225,750,69,300,0,0,0,13,3,1,1,0,0,0,3,15725,11113,27639,1889131,0,1769,109161,2673095,4699511,0,0,0,853,866,1399,1400,8050973
MPCTASK: EXP,3,216,10790,93,23,860,9,-24,-22,20,73,-255,0,0,850,76,12,850,155,209,637,69,300,0,0,0,13,3,1,1,0,0,0,3,13941,11913,26846,2025054,0,1881,24438,2370005,4563951,0,0,0,857,866,1399,1400,8050973
MPCTASK: EXP,3,218,10890,104,12,860,4,-27,-16,-102,124,-251,0,0,850,78,11,850,156,215,678,69,300,0,0,0,13,3,1,1,0,0,0,3,15115,10649,27075,1810193,0,2206,24471,2569502,4602854,0,0,0,862,866,1399,1400,8050973
MPCTASK: EXP,3,220,10996,108,8,858,-11,-11,-23,-58,153,-252,0,0,850,72,6,850,153,138,502,69,300,0,0,0,13,3,1,1,0,0,0,4,18984,12168,33205,2068584,0,1895,172166,3227172,5644916,0,0,0,868,866,1399,1400,8050973
MPCTASK: EXP,3,222,11097,117,12,857,-24,6,-7,-27,157,-278,0,0,850,79,13,850,155,211,665,69,300,0,0,0,13,3,1,1,0,0,0,4,17546,13215,31758,2246430,0,1774,91738,2982671,5398831,0,0,0,872,866,1399,1400,8050973
MPCTASK: EXP,3,224,11199,118,15,857,-44,13,-5,-5,154,-303,0,0,850,73,16,850,156,217,704,69,300,0,0,0,13,3,1,1,0,0,0,4,20238,13294,34922,2259848,0,2682,23439,3440395,5936721,0,0,0,872,866,1399,1400,8050973
MPCTASK: EXP,3,226,11291,111,33,854,-68,27,-19,91,117,-308,0,0,850,62,27,850,150,205,614,69,300,0,0,0,13,3,1,1,0,0,0,3,12978,12962,26857,2203391,0,1768,63825,2206063,4565782,0,0,0,876,866,1399,1400,8050973
MPCTASK: EXP,3,228,11402,106,40,852,-83,11,-27,151,74,-273,0,0,850,57,25,850,146,232,780,69,300,0,0,0,13,2,1,0,0,0,0,5,24929,11710,37509,1990680,0,1905,67913,4237939,6376568,0,0,0,883,866,1319,1266,8050973
MPCTASK: EXP,3,230,11497,99,25,852,-92,-29,-13,105,41,-238,0,0,850,50,4,850,149,208,645,69,300,0,0,0,13,2,1,0,0,0,0,4,17495,10299,32129,1750615,0,2196,24922,2973954,5462093,0,0,0,885,866,1204,1266,8050973
MPCTASK: EXP,3,232,11594,97,2,850,-88,-57,12,-53,-9,-235,0,0,850,56,-10,850,150,165,459,69,300,0,0,0,13,1,1,0,0,0,0,4,18532,9822,29554,1669719,0,1787,117948,3150329,5024303,0,0,0,884,866,1131,1133,8050973
MPCTASK: EXP,3,234,11695,91,0,859,-79,-44,48,-35,-6,-267,0,0,850,50,-11,850,159,205,688,69,300,0,0,0,13,1,1,0,0,0,0,3,15068,14300,30936,2431045,0,1829,111319,2561483,5259209,0,0,0,876,866,1083,1133,8050973
MPCTASK: EXP,3,236,11798,94,-8,858,-71,-46,-16,-3,54,-280,0,0,850,50,-21,850,155,228,799,69,300,0,0,0,13,0,1,0,0,0,0,5,23460,9270,34391,1575796,0,1793,24305,3988028,5846419,0,0,0,868,866,1053,1000,8050973
MPCTASK: EXP,3,238,11890,92,-23,858,-76,-54,-32,-34,84,-279,0,0,850,46,-36,850,151,235,809,69,300,0,0,0,13,0,1,0,0,0,0,3,14839,10278,25872,1747144,0,1911,66750,2522545,4398425,0,0,0,871,866,1034,1000,8050973
MPCTASK: EXP,3,240,11997,81,-31,852,-91,-52,-44,-34,57,-250,0,0,850,34,-40,850,143,229,756,69,300,0,0,0,13,0,1,0,0,0,0,4,22931,8970,32519,1524837,0,1793,60600,3898203,5528321,0,0,0,879,866,1021,1000,8050973
MPCTASK: TRAJ DONE: idx=240, max=240; requesting landing
MPCTASK: LANDING: start z=0.85, hold=(0.07,-0.03)
MPCTASK: TIMING SUMMARY: max_step_cycles=8050973 deadline_cycles=8400000 overruns=0
MPCTASK: LANDING COMPLETE: t=18133 ms, x=0.077, y=-0.047, z=-0.011, vz=-0.099; motors off