SYS: Crazyflie 2.1 Brushless is up and running!
SYS: Build 2:de14ff9f08ae (2025.09.1 +2) MODIFIED
SYS: I am 0x373930393434471500370039 and I have 1024KB of flash!
CFGBLK: v1, verification [OK]
DECK_DISCOVERY: Backend found: onewire
DECK_DISCOVERY: Backend found: deckctrl
DECK_CORE: 1 deck(s) found
DECK_CORE: Calling INIT on driver bcFlow2 for deck 0
ZR2: Z-down sensor [OK]
PMW: Motion chip id: 0x49:0xB6
IMU: BMI088: Using I2C interface.
IMU: BMI088 Gyro connection [OK].
IMU: BMI088 Accel connection [OK]
IMU: BMP390 I2C connection [OK]
ESTIMATOR: Using Kalman (2) estimator
CONTROLLER: Using PID (1) controller
MTR-DRV: Using brushless motor driver
SYS: About to run tests in system.c.
SYS: NRF51 version: 2026.04 (C21B)
EEPROM: I2C connection [OK].
STORAGE: Storage check [OK].
IMU: BMI088 gyro self-test [OK]
DECK_CORE: Deck 0 test [OK].
SYS: Self test passed!
STAB: Wait for sensor calibration...
SYS: Free heap: 15048 bytes
MPCTASK: Waiting for activation ...
STAB: Starting stabilizer loop
STAB: WARNING: stabilizer loop rate is off (1004)
SUP: Ready to fly
MPCTASK: Benchmark mode 3, maneuver 0, max_iter 5, task_pri 0
MPCTASK: Common baseline: mpc_hz=20 model_hz=20 rho=5 base_w=0 base_qz=1 Qz=100 R=4 bridge=x10 guards=z[ref,ref+0.20] xy=free cap=0.05
MPCTASK: LIMO adaptive: cache=16x4 evals=1 timing=bar/rl/cache_cycles
MPCTASK: EXP every=2: m,s,tms,p3[mm],v3[mmps],att3[cdeg],ref3[mm],cmd3[mm],h/raw/grad/mar/thr[milli],act/ac/bind,wi/qi/cache/noa,pa/pf/du[milli],it,mpc/eval/total[us],bar/tanh/rl/cache/solve/step[cycles],overruns,post_active/post_infeasible_totals,wreq/w/qzreq/qz[milli]
CONTROLLER: Using OutOfTree (6) controller
MPCTASK: OOT activated at z=0.54
MPCTASK: OOT loop 1 done
MPCTASK: OOT loop 2 done
MPCTASK: OOT loop 3 done
MPCTASK: MPC task loop 1
MPCTASK: Benchmark reset: mode=3 maneuver=0
MPCTASK: x0: pos=(-0.02,-0.10,0.54) vel=(-0.01,0.05,0.0)
MPCTASK: ref: (0.0,0.0,1.0)
MPCTASK: SAFE TV mode=3: h=0.0 raw=0.0 grad=0.0 margin=0.0 thr=0.0 active0=0 active_count=0 eval=12879 us
MPCTASK: MPC solve start
MPCTASK: MPC solve done, iter=5
MPCTASK: MPC time=25366 us
MPCTASK: MPC stack free=879 words
MPCTASK: setpoint: x=-0.01 y=-0.06 z=1.0 preview_z=0.84
MPCTASK: MPC task loop 2
MPCTASK: MPC task loop 3
MPCTASK: EXP,3,2,91,-31,-96,547,-3,71,-2,-26,-159,-64,0,0,1000,-16,-59,1000,0,0,0,0,0,0,0,0,15,1,1,1,0,0,0,5,26238,11294,38568,1919790,0,1827,154651,4460374,6556727,0,0,0,998,1000,1080,1133
MPCTASK: EXP,3,4,192,-27,-88,542,20,66,-124,104,-69,-72,0,0,1000,-12,-64,1000,0,0,0,0,0,0,0,0,15,1,1,1,0,0,0,5,26473,11021,38007,1873332,0,1813,65957,4500354,6461362,0,0,0,998,1000,1195,1133
MPCTASK: EXP,3,6,294,-20,-81,528,32,46,-80,132,-13,-72,0,0,1000,-7,-63,1000,0,0,0,0,0,0,0,0,15,2,1,1,0,0,0,5,24827,12309,39802,2092477,0,1813,182536,4220560,6766426,0,0,0,998,1000,1268,1266
MPCTASK: EXP,3,8,391,-14,-81,554,33,12,646,44,33,-62,0,0,1000,-3,-67,1000,0,0,0,0,0,0,0,0,15,2,1,1,0,0,0,5,25994,10698,37671,1818664,0,1813,70982,4418936,6404129,0,0,0,998,1000,1316,1266
MPCTASK: EXP,3,10,489,4,-75,629,55,21,830,-25,43,-62,0,0,1000,18,-55,1000,0,0,0,0,0,0,0,0,15,3,1,1,0,0,0,5,24757,10048,36231,1708175,0,1814,219914,4208624,6159330,0,0,0,998,1000,1346,1400
MPCTASK: Cache level changed: 0 -> 1
MPCTASK: EXP,3,12,592,40,-81,708,99,7,716,-4,52,-57,0,0,1000,61,-67,1000,8,222,1094,69,300,1,3,3,15,3,1,1,0,0,0,5,26327,11325,38240,1925275,0,1974,22867,4475413,6500742,0,0,0,998,1000,1365,1400
MPCTASK: Cache level changed: 1 -> 0
MPCTASK: EXP,3,14,695,43,-83,776,69,7,559,-64,229,-36,0,0,1000,43,-64,1000,76,249,888,69,300,0,0,0,15,3,1,1,0,0,0,5,26830,11756,40286,1998490,0,1813,23379,4561004,6848754,0,0,0,995,1000,1378,1400
MPCTASK: EXP,3,16,782,48,-81,826,43,16,413,-49,160,-20,0,0,1000,42,-61,1000,126,237,1042,69,300,0,0,0,15,3,1,1,0,0,0,4,17086,10489,28123,1782967,0,1816,23029,2904472,4780963,0,0,0,984,1000,1385,1400
MPCTASK: EXP,3,18,885,48,-87,865,14,11,319,-37,146,-14,0,0,1000,35,-68,1000,165,233,810,69,300,0,0,0,14,3,1,1,0,0,0,4,19516,10132,30588,1722505,0,1813,56256,3317711,5200096,0,0,0,957,933,1390,1400
MPCTASK: EXP,3,20,986,51,-79,893,-1,28,256,-43,130,3,0,0,1000,32,-57,1000,193,214,665,69,300,0,0,0,14,3,1,1,0,0,0,4,19614,11137,31086,1893148,0,1813,30601,3334274,5284691,0,0,0,909,933,1394,1400
MPCTASK: EXP,3,22,1079,26,-90,916,-55,14,208,-74,40,5,0,0,1000,4,-64,1000,216,179,488,69,300,0,0,0,13,3,1,1,0,0,0,3,14866,9116,24809,1549636,0,1813,114338,2527199,4217548,0,0,0,837,866,1396,1400
MPCTASK: EXP,3,24,1180,11,-86,934,-69,29,166,-72,-17,23,0,0,1000,-10,-56,1000,234,236,860,69,300,0,0,0,11,3,1,1,0,0,0,3,14747,10316,26352,1753663,0,1786,193025,2506967,4479920,0,0,0,744,733,1397,1400
MPCTASK: EXP,3,26,1290,-3,-79,949,-74,45,144,-65,-60,28,0,0,1000,-21,-45,1000,249,253,1053,69,300,0,0,0,10,3,1,1,0,0,0,4,20002,11194,34696,1902884,0,1925,176586,3400298,5898352,0,0,0,637,666,1398,1400
MPCTASK: EXP,3,28,1385,-12,-74,963,-63,53,122,-31,-95,36,0,0,1000,-21,-40,1000,263,259,1056,69,300,0,0,0,8,3,1,1,0,0,0,3,17243,12149,30098,2065322,0,1763,31931,2931213,5116743,0,0,0,526,533,1399,1400
MPCTASK: EXP,3,30,1485,-27,-66,973,-58,62,101,-27,-116,34,0,0,1000,-29,-31,1000,273,260,1014,69,300,0,0,0,6,3,1,1,0,0,0,4,20509,9063,30738,1540596,0,1757,76913,3486405,5225626,0,0,0,429,400,1399,1400
MPCTASK: EXP,3,32,1584,-34,-61,986,-39,64,96,-10,-135,36,0,0,1000,-28,-27,1000,286,271,1104,69,300,0,0,0,5,3,1,1,0,0,0,3,18031,11894,30216,2021974,0,1787,22868,3065178,5136795,0,0,0,338,333,1399,1400
MPCTASK: EXP,3,34,1688,-36,-49,992,-15,72,61,6,-127,43,0,0,1000,-24,-17,1000,292,265,1011,69,300,0,0,0,4,3,1,1,0,0,0,4,21059,11410,33241,1939687,0,1788,81715,3579909,5651082,0,0,0,267,266,1399,1400
MPCTASK: EXP,3,36,1790,-37,-33,1001,3,79,72,42,-113,47,0,0,1000,-20,-6,1000,301,253,900,69,300,0,0,0,3,3,1,1,0,0,0,4,22426,11100,34898,1886932,0,1810,42734,3812321,5932702,0,0,0,213,200,1399,1400
MPCTASK: EXP,3,38,1885,-30,-22,1009,27,74,54,79,-82,49,0,0,1000,-10,-1,1000,309,263,986,69,300,0,0,0,3,3,1,1,0,0,0,4,19949,10306,31017,1751904,0,1819,79683,3391200,5272974,0,0,0,180,200,1399,1400
MPCTASK: EXP,3,40,1984,-15,-13,1015,51,63,44,90,-21,53,0,0,1000,3,1,1000,315,261,945,69,300,0,0,0,2,3,1,1,0,0,0,4,17765,11332,29772,1926290,0,67960,23034,3019993,5061336,0,0,0,161,133,1399,1400
MPCTASK: EXP,3,42,2083,0,-5,1019,62,50,35,86,39,50,0,0,1000,14,4,1000,319,274,1057,69,300,0,0,0,2,3,1,1,0,0,0,4,18039,8919,27888,1516183,0,1983,42498,3066449,4741035,0,0,0,149,133,1399,1400
MPCTASK: EXP,3,44,2184,21,0,1022,69,36,19,79,79,48,0,0,1000,29,4,1000,322,270,1007,69,300,0,0,0,2,3,1,1,0,0,0,4,15769,12460,29321,2117208,0,2152,102021,2680536,4984781,0,0,0,144,133,1399,1400
MPCTASK: EXP,3,46,2282,26,-1,1022,51,18,5,66,121,53,0,0,1000,25,0,1000,322,280,1058,69,300,0,0,0,2,3,1,1,0,0,0,3,16503,10598,28089,1801574,0,93003,24017,2805381,4775126,0,0,0,143,133,1399,1400
MPCTASK: EXP,3,48,2391,22,-6,1026,21,1,27,36,129,57,0,0,1000,14,-6,1000,326,280,1076,69,300,0,0,0,2,3,1,1,0,0,0,5,24038,12336,36942,2097091,0,1816,70560,4086395,6280101,0,0,0,144,133,1399,1400
MPCTASK: EXP,3,50,2491,17,-13,1025,-3,-8,3,-1,100,58,0,0,1000,5,-11,1000,325,286,1113,69,300,0,0,0,2,3,1,1,0,0,0,5,22869,11779,35977,2002348,0,1810,47060,3887654,6116140,0,0,0,144,133,1399,1400
MPCTASK: EXP,3,52,2584,11,-22,1028,-23,-14,24,-27,64,56,0,0,1000,-1,-18,1000,328,275,1060,69,300,0,0,0,2,3,1,1,0,0,0,4,18723,9404,29569,1598620,0,33231,117615,3182842,5026795,0,0,0,145,133,1399,1400
MPCTASK: EXP,3,54,2692,-2,-20,1033,-43,-5,27,-49,14,51,0,0,1000,-14,-13,1000,333,265,964,69,300,0,0,0,2,3,1,1,0,0,0,5,26872,9996,37465,1699224,0,1810,38141,4568132,6369078,0,0,0,147,133,1399,1400
MPCTASK: EXP,3,56,2794,-27,-27,1036,-61,-2,13,-52,-60,41,0,0,1000,-32,-17,1000,336,278,1066,69,300,0,0,0,2,3,1,1,0,0,0,5,27629,11140,39873,1893613,0,1811,109753,4696689,6778524,0,0,0,150,133,1399,1400
MPCTASK: EXP,3,58,2886,-39,-24,1034,-53,9,-6,-58,-135,30,0,0,1000,-35,-12,1000,333,284,1047,69,300,0,0,0,2,3,1,1,0,0,0,4,19976,10560,31335,1795048,0,1810,109130,3395881,5326964,0,0,0,153,133,1399,1400
MPCTASK: EXP,3,60,2987,-56,-18,1035,-41,22,0,-34,-156,24,0,0,1000,-43,-5,1000,335,284,1051,69,300,0,0,0,2,3,1,1,0,0,0,4,22206,10089,32758,1715047,0,1810,38501,3774944,5568881,0,0,0,157,133,1399,1400
MPCTASK: EXP,3,62,3090,-58,-7,1037,-12,34,7,-7,-165,21,0,0,1000,-36,4,1000,337,284,1052,69,300,0,0,0,2,3,1,1,0,0,0,4,20954,13040,36181,2216771,0,1810,22874,3562055,6150760,0,0,0,162,133,1399,1400
MPCTASK: EXP,3,64,3192,-45,1,1037,25,37,2,35,-125,22,0,0,1000,-19,8,1000,337,273,974,69,300,0,0,0,2,3,1,1,0,0,0,5,26644,10396,37893,1767176,0,1816,23180,4529339,6441874,0,0,0,162,133,1399,1400
MPCTASK: EXP,3,66,3291,-27,5,1039,55,31,3,45,-49,27,0,0,1000,-3,9,1000,339,250,815,69,300,0,0,0,2,3,1,1,0,0,0,5,23682,10846,35664,1843738,0,23447,23288,4025880,6062861,0,0,0,158,133,1399,1400
MPCTASK: EXP,3,68,3388,-9,12,1037,69,25,-9,55,22,33,0,0,1000,9,12,1000,335,282,1070,69,300,0,0,0,2,3,1,1,0,0,0,4,22149,9960,32732,1693105,0,1957,79036,3765245,5564583,0,0,0,153,133,1399,1400
MPCTASK: EXP,3,70,3481,4,13,1036,69,14,-8,63,73,37,0,0,1000,16,10,1000,334,263,902,69,300,0,0,0,2,3,1,1,0,0,0,3,15251,9326,25255,1585448,0,2724,88246,2592586,4371461,0,0,0,149,133,1399,1400
MPCTASK: EXP,3,72,3592,21,8,1039,63,-1,8,65,106,40,0,0,1000,25,1,1000,339,268,943,69,300,0,0,0,2,3,1,1,0,0,0,5,24564,10818,36736,1839013,0,1810,168188,4175834,6245190,0,0,0,150,133,1399,1400
MPCTASK: EXP,3,74,3683,31,4,1043,46,-12,6,15,139,41,0,0,1000,26,0,1000,343,285,1067,69,300,0,0,0,2,3,1,1,0,0,0,3,13239,13327,27214,2265589,0,1810,84634,2250470,4626436,0,0,0,153,133,1399,1400
MPCTASK: EXP,3,76,3783,36,3,1043,22,-14,-7,7,145,43,0,0,1000,24,-1,1000,342,291,1097,69,300,0,0,0,2,3,1,1,0,0,0,3,15096,10554,27255,1794152,0,1816,113713,2566142,4633499,0,0,0,156,133,1399,1400
MPCTASK: EXP,3,78,3893,15,-11,1040,-22,-26,-20,-14,125,50,0,0,1000,-1,-13,1000,336,244,747,69,300,0,0,0,2,3,1,1,0,0,0,5,24989,11095,37464,1886060,0,1811,80377,4248063,6368948,0,0,0,152,133,1399,1400
MPCTASK: EXP,3,80,3991,4,-23,1038,-42,-28,-10,-64,34,43,0,0,1000,-9,-20,1000,336,273,981,69,300,0,0,0,2,3,1,1,0,0,0,5,23435,11261,35513,1914386,0,1811,112962,3983901,6037270,0,0,0,151,133,1399,1400
MPCTASK: EXP,3,82,4087,-27,-25,1035,-67,-14,-19,-90,-64,35,0,0,1000,-32,-16,1000,331,228,662,69,300,0,0,0,2,3,1,1,0,0,0,4,20940,9565,31528,1625983,0,1964,146980,3559748,5359821,0,0,0,151,133,1399,1400
MPCTASK: EXP,3,84,4187,-46,-27,1033,-63,-1,-7,-69,-117,20,0,0,1000,-43,-16,1000,332,273,966,69,300,0,0,0,2,3,1,1,0,0,0,4,19463,11819,31570,2009193,0,1810,22868,3308700,5366942,0,0,0,154,133,1399,1400
MPCTASK: EXP,3,86,4279,-47,-20,1036,-35,16,11,-61,-152,10,0,0,1000,-36,-7,1000,336,275,992,69,300,0,0,0,2,3,1,1,0,0,0,3,13022,10417,24392,1770926,0,2154,135450,2213701,4146669,0,0,0,158,133,1399,1400
MPCTASK: EXP,3,88,4387,-52,-7,1033,-15,32,-8,-20,-138,4,0,0,1000,-35,4,1000,332,280,1016,69,300,0,0,0,2,3,1,1,0,0,0,4,20059,11207,32097,1905115,0,1810,69952,3410056,5456630,0,0,0,159,133,1399,1400
MPCTASK: EXP,3,90,4482,-48,0,1034,12,36,-1,22,-133,4,0,0,1000,-24,7,1000,334,255,842,69,300,0,0,0,2,3,1,1,0,0,0,3,14398,10166,26078,1728143,0,1810,230703,2447520,4433362,0,0,0,159,133,1399,1400
MPCTASK: EXP,3,92,4592,-32,9,1037,43,36,1,43,-87,6,0,0,1000,-7,13,1000,337,267,936,69,300,0,0,0,2,3,1,1,0,0,0,5,25755,9831,36438,1671160,0,1810,70906,4378288,6194430,0,0,0,158,133,1399,1400
MPCTASK: EXP,3,94,4686,-19,12,1035,60,26,-15,68,-19,7,0,0,1000,2,12,1000,332,280,1032,69,300,0,0,0,2,3,1,1,0,0,0,4,18937,10814,30575,1838148,0,1985,46941,3219250,5197814,0,0,0,154,133,1399,1400
MPCTASK: EXP,3,96,4793,-4,12,1039,67,14,10,43,27,13,0,0,1000,12,10,1000,339,265,946,69,300,0,0,0,2,3,1,1,0,0,0,5,23678,10922,36562,1856722,0,1810,247595,4025328,6215602,0,0,0,152,133,1399,1400
MPCTASK: EXP,3,98,4891,14,0,1039,66,-4,0,23,117,15,0,0,1000,21,-1,1000,339,272,964,69,300,0,0,0,2,3,1,1,0,0,0,4,21510,11679,34867,1985366,0,2216,24019,3656622,5927549,0,0,0,150,133,1399,1400
MPCTASK: EXP,3,100,4983,21,-6,1037,47,-10,-21,-21,133,7,0,0,1000,20,-6,1000,333,287,1050,69,300,0,0,0,2,3,1,1,0,0,0,3,14038,11195,27003,1903047,0,1933,273801,2386328,4590570,0,0,0,150,133,1399,1400
MPCTASK: EXP,3,102,5083,21,-12,1031,22,-8,-33,-53,121,-12,0,0,1000,14,-7,1000,324,287,1038,69,300,0,0,0,2,3,1,1,0,0,0,3,16577,8870,26948,1507976,0,1810,105918,2817936,4581301,0,0,0,148,133,1399,1400
MPCTASK: EXP,3,104,5192,5,-17,1032,-10,-4,-5,-59,94,-29,0,0,1000,-4,-9,1000,331,267,928,69,300,0,0,0,2,3,1,1,0,0,0,5,24536,10944,36026,1860360,0,1811,64864,4171064,6124593,0,0,0,147,133,1399,1400
MPCTASK: EXP,3,106,5296,-34,-10,1029,-55,15,-14,-60,-21,-48,0,0,1000,-38,0,1000,326,259,871,69,300,0,0,0,2,3,1,1,0,0,0,5,25411,12749,38954,2167152,0,1811,108486,4319776,6622152,0,0,0,147,133,1399,1400
MPCTASK: EXP,3,108,5386,-41,-9,1025,-44,24,-13,-33,-138,-76,0,0,1000,-33,0,1000,323,254,824,69,300,0,0,0,2,3,1,1,0,0,0,4,16849,11243,29947,1911268,0,2112,220696,2864297,5091075,0,0,0,148,133,1399,1400
MPCTASK: EXP,3,110,5492,-59,6,1023,-28,39,-16,-16,-197,-87,0,0,1000,-38,17,1000,320,274,940,69,300,0,0,0,2,3,1,1,0,0,0,5,23988,10126,35551,1721385,0,1816,216909,4077844,6043860,0,0,0,150,133,1399,1400
MPCTASK: EXP,3,112,5585,-76,7,1028,-11,40,14,-30,-213,-77,0,0,1000,-46,19,1000,328,282,1036,69,300,0,0,0,2,3,1,1,0,0,0,4,17756,10137,28861,1723344,0,1813,46648,3018405,4906424,0,0,0,157,133,1399,1400
MPCTASK: EXP,3,114,5691,-60,20,1027,35,58,-17,-100,-129,-150,0,0,1000,-27,38,1000,324,228,673,69,300,0,0,0,2,3,1,1,0,0,0,5,25303,8291,34641,1409374,0,1816,24018,4301378,5889078,0,0,0,158,133,1399,1400
MPCTASK: EXP,3,116,5792,-52,41,1028,58,83,11,-34,-72,-342,0,0,1000,-19,55,1000,328,135,520,69,300,0,0,0,2,3,1,1,0,0,0,5,24514,10897,35696,1852476,0,1810,22868,4167374,6068452,0,0,0,152,133,1399,1400
MPCTASK: EXP,3,118,5892,-48,65,1033,66,98,51,56,-79,-644,0,0,1000,-11,69,1000,333,39,667,69,300,0,0,0,2,3,1,1,0,0,0,5,21251,12293,35480,2089727,0,193771,72281,3612455,6031730,0,0,0,144,133,1399,1400
MPCTASK: EXP,3,120,5990,-50,91,1037,70,92,51,247,-97,-889,0,0,1000,-12,75,1000,337,143,542,69,300,0,0,0,2,3,1,1,0,0,0,4,21780,10214,33098,1736057,0,2898,24106,3702451,5626790,0,0,0,136,133,1399,1400
MPCTASK: EXP,3,122,6090,-54,104,1043,66,40,35,328,-70,-1007,0,0,1000,-20,66,1000,343,273,941,69,300,0,0,0,2,3,1,1,0,0,0,4,19874,12875,33035,2188667,0,1810,22868,3378579,5616000,0,0,0,132,133,1399,1400
MPCTASK: EXP,3,124,6186,-43,104,1047,71,-23,15,399,-68,-1001,0,0,1000,-12,46,1000,347,263,855,69,300,0,0,0,2,3,1,1,0,0,0,3,16076,10904,29035,1853538,0,1811,197671,2732769,4935996,0,0,0,131,133,1399,1400
MPCTASK: EXP,3,126,6300,-40,79,1047,65,-99,-7,306,-42,-936,0,0,1000,-11,14,1000,346,201,622,69,300,0,0,0,2,3,1,1,0,0,0,5,27568,14189,42394,2411998,0,1810,24424,4686498,7207060,0,0,0,131,133,1399,1400
MPCTASK: EXP,3,128,6395,-46,53,1047,49,-150,-20,99,26,-815,0,0,1000,-22,-6,1000,343,211,591,69,300,0,0,0,2,3,1,1,0,0,0,5,23584,11774,36511,2001621,0,1810,116705,4009114,6207039,0,0,0,131,133,1399,1400
MPCTASK: EXP,3,130,6497,-46,17,1042,40,-178,-32,-58,37,-687,0,0,1000,-26,-29,1000,336,176,506,69,300,0,0,0,2,3,1,1,0,0,0,5,25957,11717,38293,1991818,0,1811,78064,4412653,6509866,0,0,0,129,133,1399,1400
MPCTASK: EXP,3,132,6596,-45,-10,1037,31,-166,-24,-213,94,-547,0,0,1000,-31,-38,1000,332,273,912,69,300,0,0,0,2,3,1,1,0,0,0,5,24629,9770,35837,1660896,0,1848,24019,4186769,6092298,0,0,0,130,133,1399,1400
MPCTASK: EXP,3,134,6693,-48,-27,1036,14,-135,-1,-178,49,-525,0,0,1000,-36,-45,1000,336,258,854,69,300,0,0,0,2,3,1,1,0,0,0,4,18794,11855,31656,2015265,0,1817,67600,3194923,5381482,0,0,0,136,133,1399,1400
MPCTASK: EXP,3,136,6789,-53,-53,1038,-1,-116,7,-201,84,-571,0,0,1000,-43,-57,1000,338,225,683,69,300,0,0,0,2,3,1,1,0,0,0,3,14617,11948,27408,2031104,0,1810,22868,2484784,4659273,0,0,0,141,133,1399,1400
MPCTASK: EXP,3,138,6891,-71,-62,1035,-29,-80,-28,-200,48,-572,0,0,1000,-61,-53,1000,330,164,543,69,300,0,0,0,2,3,1,1,0,0,0,4,18641,10501,29876,1784898,0,1816,22868,3168909,5079093,0,0,0,144,133,1399,1400
MPCTASK: EXP,3,140,6994,-80,-67,1032,-32,-45,-31,-160,-41,-510,0,0,1000,-63,-51,1000,325,192,553,69,300,0,0,0,2,3,1,1,0,0,0,4,21047,10544,32851,1792404,0,1811,63589,3577990,5584803,0,0,0,147,133,1399,1400
MPCTASK: EXP,3,142,7094,-106,-76,1031,-42,-23,-29,-193,-113,-360,0,0,1000,-81,-49,1000,325,91,599,69,300,0,0,0,2,3,1,1,0,0,0,4,19589,12289,32601,2088978,0,2720,23175,3330125,5542208,0,0,0,157,133,1399,1400
MPCTASK: EXP,3,144,7201,-132,-84,1027,-38,11,-17,-261,-200,-131,0,0,1000,-94,-42,1000,324,162,553,69,300,0,0,0,2,3,1,1,0,0,0,5,26905,11514,39798,1957288,0,1811,208549,4573904,6765720,0,0,0,163,133,1399,1400
MPCTASK: EXP,3,146,7296,-152,-80,1030,-15,55,3,-223,-332,17,0,0,1000,-94,-31,1000,330,150,569,69,300,0,0,0,3,3,1,1,0,0,0,4,22058,12125,35071,2061107,0,1810,124947,3749766,5962088,0,0,0,171,200,1399,1400
MPCTASK: EXP,3,148,7402,-168,-65,1029,23,96,-21,-149,-306,176,0,0,1000,-99,-11,1000,325,192,593,69,300,0,0,0,3,3,1,1,0,0,0,5,29264,10271,40651,1745935,0,1810,117715,4974717,6910698,0,0,0,175,200,1399,1400
MPCTASK: EXP,3,150,7501,-173,-45,1025,60,132,-49,-58,-291,288,0,0,1000,-93,4,1000,315,174,566,69,300,0,0,0,3,3,1,1,0,0,0,5,25784,11876,38997,2018733,0,30380,24014,4383074,6629646,0,0,0,171,200,1399,1400
MPCTASK: EXP,3,152,7603,-181,-22,1023,93,142,-10,88,-300,283,0,0,1000,-89,16,1000,321,234,715,69,300,0,0,0,3,3,1,1,0,0,0,5,27987,11928,40755,2027638,0,1810,22863,4757654,6928415,0,0,0,173,200,1399,1400
MPCTASK: EXP,3,154,7695,-194,-10,1022,116,118,-17,207,-285,272,0,0,1000,-93,12,1000,319,264,856,69,300,0,0,0,3,3,1,1,0,0,0,4,18557,13834,33079,2351538,0,1967,74973,3154650,5623505,0,0,0,179,200,1399,1400
MPCTASK: EXP,3,156,7794,-180,7,1019,165,97,-43,156,-212,314,0,0,1000,-78,24,1000,310,143,553,69,300,0,0,0,3,3,1,1,0,0,0,4,19087,11932,31894,2028355,0,2018,122338,3244804,5422094,0,0,0,178,200,1399,1400
MPCTASK: EXP,3,158,7895,-179,13,1015,177,69,-14,172,-166,280,0,0,1000,-75,19,1000,312,217,632,69,300,0,0,0,3,3,1,1,0,0,0,4,20457,11206,32869,1904984,0,1810,100645,3477617,5587842,0,0,0,179,200,1399,1400
MPCTASK: EXP,3,160,7995,-168,23,1020,186,46,59,149,-84,179,0,0,1000,-68,18,1000,320,213,629,69,300,0,0,0,3,3,1,1,0,0,0,4,20530,11563,32377,1965539,0,1810,22863,3489961,5504082,0,0,0,185,200,1399,1400
MPCTASK: EXP,3,162,8094,-163,29,1025,180,20,22,191,-73,122,0,0,1000,-66,13,1000,325,216,647,69,300,0,0,0,3,3,1,1,0,0,0,4,19512,11371,31405,1933038,0,41672,22863,3317017,5338904,0,0,0,190,200,1399,1400
MPCTASK: EXP,3,164,8191,-172,29,1023,163,-11,-30,129,-100,98,0,0,1000,-75,13,1000,317,158,520,69,300,0,0,0,3,3,1,1,0,0,0,3,16113,11954,29155,2032240,0,1810,116256,2739205,4956500,0,0,0,192,200,1399,1400
MPCTASK: EXP,3,166,8295,-175,27,1019,155,-22,-45,-5,-57,103,0,0,1000,-83,14,1000,310,282,1007,69,300,0,0,0,3,3,1,1,0,0,0,4,20240,10840,31903,1842592,0,1810,113856,3440726,5423626,0,0,0,192,200,1399,1400
MPCTASK: EXP,3,168,8399,-172,16,1016,152,-31,-26,-14,-98,147,0,0,1000,-79,5,1000,311,271,940,69,300,0,0,0,3,3,1,1,0,0,0,4,22641,11467,35155,1949273,0,1810,151213,3848902,5976586,0,0,0,193,200,1399,1400
MPCTASK: EXP,3,170,8492,-175,5,1012,145,-34,-26,-83,-89,207,0,0,1000,-85,1,1000,307,266,912,69,300,0,0,0,3,3,1,1,0,0,0,4,17823,9444,29153,1605408,0,2718,23174,3029752,4956111,0,0,0,191,200,1399,1400
MPCTASK: EXP,3,172,8595,-165,8,1013,156,-10,2,-58,-123,164,0,0,1000,-73,5,1000,313,211,607,69,300,0,0,0,3,3,1,1,0,0,0,4,21288,10052,32158,1708762,0,2022,23713,3618852,5467020,0,0,0,190,200,1399,1400
MPCTASK: EXP,3,174,8698,-171,14,1015,148,-2,14,61,-124,31,0,0,1000,-78,6,1000,315,239,761,69,300,0,0,0,3,3,1,1,0,0,0,4,21919,11771,34164,2000914,0,1810,54739,3726043,5808094,0,0,0,191,200,1399,1400
MPCTASK: EXP,3,176,8794,-159,8,1017,164,-17,1,30,-98,-64,0,0,1000,-67,0,1000,317,251,831,69,300,0,0,0,3,3,1,1,0,0,0,5,20682,9599,30842,1631767,0,1810,69785,3515810,5243130,0,0,0,188,200,1399,1400
MPCTASK: EXP,3,178,8893,-149,8,1016,169,-20,-16,6,-36,-149,0,0,1000,-63,0,1000,312,231,686,69,300,0,0,0,3,3,1,1,0,0,0,4,17760,10229,29785,1738888,0,1971,185075,3019137,5063434,0,0,0,180,200,1399,1400
MPCTASK: EXP,3,180,8996,-131,0,1015,176,-29,-20,10,-13,-233,0,0,1000,-49,-8,1000,311,244,765,69,300,0,0,0,3,3,1,1,0,0,0,4,20365,10838,32376,1842368,0,55391,62362,3461938,5503929,0,0,0,171,200,1399,1400
MPCTASK: EXP,3,182,9100,-117,-4,1015,169,-31,-1,5,20,-343,0,0,1000,-43,-13,1000,315,210,579,69,300,0,0,0,2,3,1,1,0,0,0,4,23423,10068,34935,1711529,0,1974,90362,3981923,5939137,0,0,0,162,133,1399,1400
MPCTASK: EXP,3,184,9196,-121,-6,1014,137,-33,-10,61,53,-440,0,0,1000,-55,-17,1000,312,258,877,69,300,0,0,0,2,3,1,1,0,0,0,4,19894,11009,31769,1871372,0,1810,22868,3381878,5400764,0,0,0,155,133,1399,1400
MPCTASK: EXP,3,186,9291,-113,-12,1010,123,-45,-34,39,30,-451,0,0,1000,-51,-22,1000,303,248,774,69,300,0,0,0,2,3,1,1,0,0,0,3,14914,11426,27159,1942258,0,2719,112942,2535272,4617248,0,0,0,147,133,1399,1400
MPCTASK: EXP,3,188,9397,-111,-29,1008,109,-62,-31,-67,-1,-410,0,0,1000,-51,-30,1000,302,109,595,69,300,0,0,0,2,3,1,1,0,0,0,4,20404,11718,32804,1991946,0,1816,24020,3468509,5576754,0,0,0,146,133,1399,1400
MPCTASK: EXP,3,190,9496,-116,-52,1006,90,-48,-23,-256,4,-360,0,0,1000,-59,-37,1000,301,199,589,69,300,0,0,0,2,3,1,1,0,0,0,4,18571,11559,31102,1964929,0,1810,107551,3156978,5287502,0,0,0,152,133,1399,1400
MPCTASK: EXP,3,192,9597,-130,-51,1004,72,-6,-8,-204,-66,-427,0,0,1000,-71,-28,1000,302,244,771,69,300,0,0,0,2,3,1,1,0,0,0,4,19791,11457,32716,1947663,0,1941,80167,3364490,5561813,0,0,0,157,133,1399,1400
MPCTASK: EXP,3,194,9696,-140,-51,1002,73,18,-23,-119,-168,-376,0,0,1000,-73,-23,1000,298,190,548,69,300,0,0,0,2,3,1,1,0,0,0,5,20607,10412,31826,1769908,0,1787,22868,3503194,5410452,0,0,0,160,133,1399,1400
MPCTASK: EXP,3,196,9790,-137,-51,1001,95,39,-24,-174,-172,-268,0,0,1000,-65,-17,1000,296,219,636,69,300,0,0,0,3,3,1,1,0,0,0,3,13740,10716,25756,1821750,0,1787,120727,2335826,4378520,0,0,0,169,200,1399,1400
MPCTASK: EXP,3,198,9895,-129,-40,1000,123,69,20,-55,-149,-221,0,0,1000,-52,-8,1000,300,255,882,69,300,0,0,0,3,3,1,1,0,0,0,3,15772,12281,30294,2087762,0,1810,24014,2681009,5149968,0,0,0,170,200,1399,1400
MPCTASK: EXP,3,200,9997,-122,-28,1002,138,82,17,-65,-70,-183,0,0,1000,-48,6,1000,302,246,822,69,300,0,0,0,3,3,1,1,0,0,0,4,19504,11608,32554,1973251,0,2693,23175,3315666,5534328,0,0,0,170,200,1399,1400
MPCTASK: EXP,3,202,10100,-94,-19,1006,163,90,26,5,-11,-148,0,0,1000,-23,9,1000,306,230,708,69,300,0,0,0,2,3,1,1,0,0,0,4,22693,12124,35863,2060910,0,1811,93196,3857710,6096702,0,0,0,166,133,1399,1400
MPCTASK: EXP,3,204,10201,-85,-6,1010,155,93,30,-2,133,-91,0,0,1000,-30,20,1000,310,217,645,69,300,0,0,0,2,3,1,1,0,0,0,5,25364,10294,37121,1749770,0,1811,190400,4311921,6310636,0,0,0,163,133,1399,1400
MPCTASK: EXP,3,206,10301,-82,6,1014,119,89,36,114,93,-38,0,0,1000,-37,21,1000,314,156,495,69,300,0,0,0,2,3,1,1,0,0,0,5,23730,11348,36434,1929072,0,1812,23022,4034014,6193802,0,0,0,160,133,1399,1400
MPCTASK: EXP,3,208,10401,-89,15,1016,77,71,4,106,98,152,0,0,1000,-50,24,1000,316,171,504,69,300,0,0,0,2,3,1,1,0,0,0,5,27745,7919,36543,1346212,0,1810,123668,4716615,6212390,0,0,0,156,133,1399,1400
MPCTASK: EXP,3,210,10498,-98,15,1014,44,40,-26,150,63,326,0,0,1000,-62,15,1000,309,78,625,69,300,0,0,0,2,3,1,1,0,0,0,4,20749,12081,33838,2028513,0,1810,143490,3527377,5752558,0,0,0,148,133,1399,1400
MPCTASK: EXP,3,212,10597,-123,12,1013,9,13,-8,125,-57,481,0,0,1000,-81,6,1000,311,102,589,69,300,0,0,0,2,3,1,1,0,0,0,4,20513,10153,31834,1725976,0,1811,151450,3487170,5411932,0,0,0,143,133,1399,1400
MPCTASK: EXP,3,214,10706,-137,12,1008,15,2,-51,22,-151,644,0,0,1000,-88,8,1000,298,167,524,69,300,0,0,0,2,3,1,1,0,0,0,5,25186,13439,39710,2284483,0,1787,159237,4281398,6750816,0,0,0,140,133,1399,1400
MPCTASK: EXP,3,216,10803,-146,21,1007,31,11,-42,77,-239,743,0,0,1000,-81,9,1000,299,21,507,69,300,0,0,0,2,3,1,1,0,0,0,4,23679,11013,36826,1872112,0,1787,41184,4025217,6260630,0,0,0,137,133,1399,1400
MPCTASK: EXP,3,218,10899,-165,27,1005,51,-5,-8,139,-284,682,0,0,1000,-87,11,1000,303,200,605,69,300,0,0,0,2,3,1,1,0,0,0,4,18949,11540,33156,1961648,0,103073,323803,3221348,5636668,0,0,0,142,133,1399,1400
MPCTASK: EXP,3,220,11000,-171,30,1004,82,-18,-5,153,-269,570,0,0,1000,-84,11,1000,303,133,555,69,300,0,0,0,2,3,1,1,0,0,0,5,21148,11176,34040,1899791,0,1996,165296,3595097,5786878,0,0,0,152,133,1399,1400
MPCTASK: EXP,3,222,11105,-164,23,1007,135,-36,2,48,-289,479,0,0,1000,-65,6,1000,307,247,793,69,300,0,0,0,2,3,1,1,0,0,0,5,25301,10584,38223,1799184,0,1810,90040,4301055,6498004,0,0,0,162,133,1399,1400
MPCTASK: EXP,3,224,11198,-151,17,1006,175,-44,-21,85,-179,433,0,0,1000,-55,-4,1000,302,182,540,69,300,0,0,0,2,3,1,1,0,0,0,4,21144,10252,32291,1742734,0,47204,23857,3594333,5489425,0,0,0,166,133,1399,1400
MPCTASK: EXP,3,226,11300,-139,18,1003,191,-46,-40,73,-128,334,0,0,1000,-43,-3,1000,295,258,824,69,300,0,0,0,3,3,1,1,0,0,0,4,19386,12840,33096,2182847,0,1787,23410,3295458,5626448,0,0,0,171,200,1399,1400
MPCTASK: EXP,3,228,11400,-122,15,1000,206,-46,-7,-24,-48,255,0,0,1000,-32,0,1000,299,230,693,69,300,0,0,0,3,3,1,1,0,0,0,4,20246,11898,32590,2022656,0,1787,22863,3441862,5540421,0,0,0,172,200,1399,1400
MPCTASK: EXP,3,230,11500,-105,14,1000,205,-36,10,-20,-1,176,0,0,1000,-22,-1,1000,300,170,468,69,300,0,0,0,3,3,1,1,0,0,0,4,17875,13543,32731,2302281,0,1811,123577,3038461,5564334,0,0,0,168,200,1399,1400
MPCTASK: EXP,3,232,11597,-93,10,1002,191,-36,4,-22,62,158,0,0,1000,-21,-1,1000,302,254,869,69,300,0,0,0,2,3,1,1,0,0,0,4,18542,10327,30095,1755375,0,1811,140576,3152102,5116283,0,0,0,164,133,1399,1400
MPCTASK: EXP,3,234,11704,-85,14,1003,169,-26,-17,25,127,107,0,0,1000,-25,4,1000,299,217,621,69,300,0,0,0,2,3,1,1,0,0,0,5,24064,11083,36496,1883977,0,1787,203175,4090691,6204490,0,0,0,159,133,1399,1400
MPCTASK: EXP,3,236,11798,-66,13,1000,152,-23,-21,-7,105,4,0,0,1000,-14,4,1000,296,232,692,69,300,0,0,0,2,3,1,1,0,0,0,4,19456,9818,30863,1669005,0,1793,86930,3307428,5246704,0,0,0,155,133,1399,1400
MPCTASK: EXP,3,238,11899,-59,10,1002,119,-19,28,-57,84,-188,0,0,1000,-14,6,1000,302,123,533,69,300,0,0,0,2,3,1,1,0,0,0,4,18645,11530,31515,1960045,0,105899,97681,3169511,5357646,0,0,0,147,133,1399,1400
MPCTASK: EXP,3,240,11999,-65,5,1006,89,-15,41,-21,33,-317,0,0,1000,-25,0,1000,306,204,564,69,300,0,0,0,2,3,1,1,0,0,0,3,16264,14225,32134,2418245,0,1970,171009,2764696,5462887,0,0,0,139,133,1399,1400
MPCTASK: TRAJ DONE: idx=240, max=240; requesting landing
MPCTASK: LANDING: start z=1.0, hold=(-0.07,0.01)
MPCTASK: LANDING COMPLETE: t=19078 ms, x=-0.099, y=0.013, z=-0.005, vz=-0.087; motors off
SUP: Disarming