YS: Crazyflie 2.1 Brushless is up and running!
SYS: Build 2:de14ff9f08ae (2025.09.1 +2) MODIFIED
SYS: I am 0x373930393434471500370039 and I have 1024KB of flash!
CFGBLK: v1, verification [OK]
DECK_DISCOVERY: Backend found: onewire
DECK_DISCOVERY: Backend found: deckctrl
DECK_CORE: 1 deck(s) found
DECK_CORE: Calling INIT on driver bcFlow2 for deck 0
ZR2: Z-down sensor [OK]
PMW: Motion chip id: 0x49:0xB6
IMU: BMI088: Using I2C interface.
IMU: BMI088 Gyro connection [OK].
IMU: BMI088 Accel connection [OK]
IMU: BMP390 I2C connection [OK]
ESTIMATOR: Using Kalman (2) estimator
CONTROLLER: Using PID (1) controller
MTR-DRV: Using brushless motor driver
SYS: About to run tests in system.c.
SYS: NRF51 version: 2026.04 (C21B)
EEPROM: I2C connection [OK].
STORAGE: Storage check [OK].
IMU: BMI088 gyro self-test [OK]
DECK_CORE: Deck 0 test [OK].
SYS: Self test passed!
STAB: Wait for sensor calibration...
SYS: Free heap: 15048 bytes
MPCTASK: Waiting for activation ...
STAB: Starting stabilizer loop
STAB: WARNING: stabilizer loop rate is off (1004)
SUP: Ready to fly
MPCTASK: Benchmark mode 2, maneuver 0, max_iter 5, task_pri 0
MPCTASK: Common baseline: mpc_hz=20 model_hz=20 rho=5 base_w=0 base_qz=1 Qz=100 R=4 bridge=x10 guards=z[ref,ref+0.20] xy=free cap=0.05
MPCTASK: Fixed baseline: w=0 qz=1 adaptive_cache=off
MPCTASK: LIMO posthoc: infeasible=nominal_fallback
MPCTASK: EXP every=2: m,s,tms,p3[mm],v3[mmps],att3[cdeg],ref3[mm],cmd3[mm],h/raw/grad/mar/thr[milli],act/ac/bind,wi/qi/cache/noa,pa/pf/du[milli],it,mpc/eval/total[us],bar/tanh/rl/cache/solve/step[cycles],overruns,post_active/post_infeasible_totals,wreq/w/qzreq/qz[milli]
CONTROLLER: Using OutOfTree (6) controller
MPCTASK: OOT activated at z=0.54
MPCTASK: OOT loop 1 done
MPCTASK: OOT loop 2 done
MPCTASK: OOT loop 3 done
MPCTASK: MPC task loop 1
MPCTASK: Benchmark reset: mode=2 maneuver=0
MPCTASK: x0: pos=(0.07,-0.06,0.54) vel=(-0.05,-0.06,-0.03)
MPCTASK: ref: (0.0,0.0,1.0)
MPCTASK: MPC solve start
MPCTASK: MPC solve done, iter=5
MPCTASK: MPC time=25294 us
MPCTASK: MPC stack free=1093 words
MPCTASK: setpoint: x=0.03 y=-0.05 z=1.0 preview_z=0.84
MPCTASK: MPC task loop 2
MPCTASK: MPC task loop 3
MPCTASK: EXP,2,2,93,65,-72,543,-74,-51,-42,-160,78,-141,0,0,1000,25,-56,1000,-165,59,482,69,69,1,1,0,0,0,0,0,1,1,0,5,26142,13289,39817,2259110,0,0,0,4444024,6768877,0,2,2,0,0,1000,1000
MPCTASK: EXP,2,4,189,54,-69,534,-80,-18,-158,-125,-75,-193,0,0,1000,23,-48,1000,-197,91,596,69,69,1,1,0,0,0,0,0,1,1,0,5,22862,12143,35253,2064205,0,0,0,3886340,5993086,0,4,4,0,0,1000,1000
MPCTASK: EXP,2,6,290,50,-68,517,-55,2,-100,-87,-122,-227,0,0,1000,28,-43,1000,-202,91,592,69,69,1,1,0,0,0,0,0,1,1,0,5,23066,13677,36835,2325140,0,0,0,3921164,6261997,0,6,6,0,0,1000,1000
MPCTASK: EXP,2,8,389,48,-68,540,-26,29,588,-111,-40,-207,0,0,1000,32,-34,1000,-159,129,624,69,69,1,1,0,0,0,0,0,1,1,0,5,23922,12005,36018,2040865,0,0,0,4066561,6123248,0,8,8,0,0,1000,1000
MPCTASK: EXP,2,10,495,56,-49,611,0,79,796,-112,0,-177,0,0,1000,40,-8,1000,-88,130,744,69,69,1,1,0,0,0,0,0,1,1,0,5,28926,12333,41708,2096546,0,0,0,4917417,7090464,0,10,10,0,0,1000,1000
MPCTASK: EXP,2,12,583,60,-36,695,4,96,734,26,61,-147,0,0,1000,40,-3,1000,-4,219,506,69,69,1,1,0,0,0,0,0,1,1,0,4,19010,10221,29324,1737483,0,0,0,3231516,4985073,0,12,12,0,0,1000,1000
MPCTASK: EXP,2,14,680,63,-25,761,-1,90,554,92,82,-103,0,0,1000,39,-1,1000,61,234,423,69,69,0,0,0,0,0,0,0,0,0,0,4,15473,11432,27466,1943221,0,0,0,2630347,4669342,0,13,13,0,0,1000,1000
MPCTASK: EXP,2,16,784,67,-13,810,-7,80,413,131,103,-64,0,0,1000,40,3,1000,110,231,384,69,69,0,0,0,0,0,0,0,0,0,0,4,20178,10830,31096,1841156,0,0,0,3430204,5286489,0,13,13,0,0,1000,1000
MPCTASK: EXP,2,18,885,69,-5,848,-17,60,324,144,110,-39,0,0,1000,38,3,1000,148,237,337,69,69,0,0,0,0,0,0,0,0,0,0,4,18659,12573,31584,2137424,0,0,0,3171854,5369392,0,13,13,0,0,1000,1000
MPCTASK: EXP,2,20,980,73,0,881,-25,37,277,136,110,-21,0,0,1000,39,1,1000,181,244,305,69,69,0,0,0,0,0,0,0,0,0,0,3,13441,12851,26381,2184646,0,0,0,2284621,4484792,0,13,13,0,0,1000,1000
MPCTASK: EXP,2,22,1086,74,2,909,-37,17,228,105,106,-6,0,0,1000,37,0,1000,209,244,265,69,69,0,0,0,0,0,0,0,0,0,0,4,21290,11164,32857,1897701,0,0,0,3619247,5585873,0,13,13,0,0,1000,1000
MPCTASK: EXP,2,24,1183,81,-6,928,-38,-11,184,70,130,0,0,0,1000,40,-10,1000,228,227,213,69,69,0,0,0,0,0,0,0,0,0,0,4,18871,11125,30084,1891081,0,0,0,3208026,5114229,0,13,13,0,0,1000,1000
MPCTASK: EXP,2,26,1286,78,-13,947,-58,-26,163,31,123,12,0,0,1000,34,-18,1000,247,251,223,69,69,0,0,0,0,0,0,0,0,0,0,4,20963,11101,32152,1887046,0,0,0,3563674,5465961,0,13,13,0,0,1000,1000
MPCTASK: EXP,2,28,1387,67,-25,961,-83,-39,126,-25,88,33,0,0,1000,21,-26,1000,261,239,191,69,69,0,0,0,0,0,0,0,0,0,0,4,20358,11742,32192,1995939,0,0,0,3460759,5472765,0,13,13,0,0,1000,1000
MPCTASK: EXP,2,30,1484,53,-36,968,-99,-41,95,-73,23,56,0,0,1000,11,-32,1000,268,248,202,69,69,0,0,0,0,0,0,0,0,0,0,4,16060,13156,29567,2236495,0,0,0,2730073,5026468,0,13,13,0,0,1000,1000
MPCTASK: EXP,2,32,1579,41,-44,979,-101,-32,95,-102,-28,77,0,0,1000,6,-34,1000,279,243,183,69,69,0,0,0,0,0,0,0,0,0,0,3,14097,11021,25206,1873484,0,0,0,2396403,4285031,0,13,13,0,0,1000,1000
MPCTASK: EXP,2,34,1679,22,-50,987,-104,-17,78,-122,-81,100,0,0,1000,-5,-33,1000,287,247,183,69,69,0,0,0,0,0,0,0,0,0,0,3,14317,10118,24662,1719953,0,0,0,2433909,4192528,0,13,13,0,0,1000,1000
MPCTASK: EXP,2,36,1779,6,-51,997,-96,2,80,-117,-109,110,0,0,1000,-13,-30,1000,297,269,212,69,69,0,0,0,0,0,0,0,0,0,0,3,14151,9919,24156,1686070,0,0,0,2405645,4106690,0,13,13,0,0,1000,1000
MPCTASK: EXP,2,38,1885,-1,-45,1002,-77,26,44,-90,-124,115,0,0,1000,-14,-21,1000,302,266,209,69,69,0,0,0,0,0,0,0,0,0,0,4,20686,9885,31091,1680366,0,0,0,3516446,5285595,0,13,13,0,0,1000,1000
MPCTASK: EXP,2,40,1985,-10,-41,1007,-58,40,42,-58,-113,119,0,0,1000,-15,-15,1000,307,272,218,69,69,0,0,0,0,0,0,0,0,0,0,3,17924,13125,31327,2231268,0,0,0,3047128,5325607,0,13,13,0,0,1000,1000
MPCTASK: EXP,2,42,2086,-17,-25,1013,-42,61,52,-11,-92,110,0,0,1000,-18,-1,1000,313,260,193,69,69,0,0,0,0,0,0,0,0,0,0,4,21641,10537,32552,1791217,0,0,0,3678870,5533862,0,13,13,0,0,1000,1000
MPCTASK: EXP,2,44,2184,-17,-15,1019,-23,62,48,54,-89,110,0,0,1000,-13,1,1000,319,272,209,69,69,0,0,0,0,0,0,0,0,0,0,4,18240,11139,29851,1893579,0,0,0,3100808,5074822,0,13,13,0,0,1000,1000
MPCTASK: EXP,2,46,2284,-18,-8,1025,-9,52,48,85,-72,126,0,0,1000,-11,2,1000,325,274,210,69,69,0,0,0,0,0,0,0,0,0,0,4,17932,11566,29584,1966078,0,0,0,3048343,5029386,0,13,13,0,0,1000,1000
MPCTASK: EXP,2,48,2387,3,0,1028,25,41,28,86,-44,156,0,0,1000,11,5,1000,328,261,193,69,69,0,0,0,0,0,0,0,0,0,0,5,21374,11346,32808,1928879,0,0,0,3633497,5577499,0,13,13,0,0,1000,1000
MPCTASK: EXP,2,50,2483,12,-6,1032,34,18,23,81,21,193,0,0,1000,16,-4,1000,332,264,196,69,69,0,0,0,0,0,0,0,0,0,0,4,18711,10326,29124,1755326,0,0,0,3180833,4951126,0,13,13,0,0,1000,1000
MPCTASK: EXP,2,52,2588,29,-10,1035,42,2,16,39,75,239,0,0,1000,27,-9,1000,335,264,198,69,69,0,0,0,0,0,0,0,0,0,0,4,19601,13095,33040,2226141,0,0,0,3331990,5616906,0,13,13,0,0,1000,1000
MPCTASK: EXP,2,54,2684,32,-28,1039,26,-18,13,-27,88,263,0,0,1000,25,-23,1000,339,267,200,69,69,0,0,0,0,0,0,0,0,0,0,4,19765,9768,29883,1660599,0,0,0,3360065,5080086,0,13,13,0,0,1000,1000
MPCTASK: EXP,2,56,2779,32,-38,1039,8,-19,-5,-80,81,264,0,0,1000,21,-27,1000,338,252,191,69,69,0,0,0,0,0,0,0,0,0,0,2,13655,10971,24714,1864975,0,0,0,2321230,4201329,0,13,13,0,0,1000,1000
MPCTASK: EXP,2,58,2891,9,-54,1037,-25,-19,-15,-111,42,257,0,0,1000,0,-37,1000,333,245,190,69,69,0,0,0,0,0,0,0,0,0,0,5,24413,12081,36580,2053689,0,0,0,4150111,6218760,0,13,13,0,0,1000,1000
MPCTASK: EXP,2,60,2990,0,-65,1034,-35,-6,-12,-140,-20,245,0,0,1000,-8,-40,1000,331,294,245,69,69,0,0,0,0,0,0,0,0,0,0,5,23043,11712,35074,1990877,0,0,0,3917206,5962678,0,13,13,0,0,1000,1000
MPCTASK: EXP,2,62,3089,-24,-66,1032,-48,16,-5,-139,-76,236,0,0,1000,-24,-35,1000,331,243,183,69,69,0,0,0,0,0,0,0,0,0,0,5,24985,9605,34680,1632893,0,0,0,4247258,5895706,0,13,13,0,0,1000,1000
MPCTASK: EXP,2,64,3189,-31,-49,1033,-34,53,8,-108,-133,238,0,0,1000,-24,-15,1000,333,257,191,69,69,0,0,0,0,0,0,0,0,0,0,5,23944,10256,34500,1743405,0,0,0,4070394,5865060,0,13,13,0,0,1000,1000
MPCTASK: EXP,2,66,3293,-29,-19,1035,-7,87,13,-26,-134,241,0,0,1000,-16,9,1000,335,224,157,69,69,0,0,0,0,0,0,0,0,0,0,5,24384,13514,37985,2297269,0,0,0,4145231,6457473,0,13,13,0,0,1000,1000
MPCTASK: EXP,2,68,3387,-29,-9,1035,11,87,6,57,-95,239,0,0,1000,-12,13,1000,335,288,237,69,69,0,0,0,0,0,0,0,0,0,0,4,19073,11936,31096,2029055,0,0,0,3242382,5286398,0,13,13,0,0,1000,1000
MPCTASK: EXP,2,70,3499,-20,10,1039,32,88,2,84,-58,236,0,0,1000,-3,25,1000,339,259,196,69,69,0,0,0,0,0,0,0,0,0,0,5,28614,14331,43171,2436145,0,0,0,4864313,7339077,0,13,13,0,0,1000,1000
MPCTASK: EXP,2,72,3585,-11,19,1038,43,72,-9,114,-14,237,0,0,1000,3,26,1000,337,260,200,69,69,0,0,0,0,0,0,0,0,0,0,4,18774,11134,30219,1892711,0,0,0,3191483,5137330,0,13,13,0,0,1000,1000
MPCTASK: EXP,2,74,3686,-7,23,1036,43,51,-19,98,26,228,0,0,1000,4,25,1000,332,273,220,69,69,0,0,0,0,0,0,0,0,0,0,4,18377,11570,30035,1966823,0,0,0,3124094,5106060,0,13,13,0,0,1000,1000
MPCTASK: EXP,2,76,3783,-6,14,1032,35,26,-21,38,37,191,0,0,1000,1,16,1000,327,255,208,69,69,0,0,0,0,0,0,0,0,0,0,3,15022,12155,27266,2066339,0,0,0,2553544,4635283,0,13,13,0,0,1000,1000
MPCTASK: EXP,2,78,3892,-17,-1,1032,14,5,-1,-4,40,122,0,0,1000,-10,1,1000,332,245,188,69,69,0,0,0,0,0,0,0,0,0,0,5,26501,10586,37175,1799519,0,0,0,4505220,6319864,0,13,13,0,0,1000,1000
MPCTASK: EXP,2,80,3988,-37,-11,1032,-8,-1,11,-27,-13,44,0,0,1000,-27,-6,1000,332,230,167,69,69,0,0,0,0,0,0,0,0,0,0,5,22675,10140,33182,1723803,0,0,0,3854664,5641036,0,13,13,0,0,1000,1000
MPCTASK: EXP,2,82,4092,-64,-12,1035,-24,2,22,-23,-87,-39,0,0,1000,-47,-6,1000,335,233,161,69,69,0,0,0,0,0,0,0,0,0,0,5,22846,13301,36237,2261126,0,0,0,3883734,6160326,0,13,13,0,0,1000,1000
MPCTASK: EXP,2,84,4189,-83,-23,1035,-20,-2,6,-27,-151,-117,0,0,1000,-56,-15,1000,335,246,179,69,69,0,0,0,0,0,0,0,0,0,0,4,20019,13467,33572,2289354,0,0,0,3403073,5707402,0,13,13,0,0,1000,1000
MPCTASK: EXP,2,86,4289,-87,-28,1037,6,0,22,-51,-178,-175,0,0,1000,-51,-18,1000,337,277,202,69,69,0,0,0,0,0,0,0,0,0,0,4,23222,10392,33702,1766585,0,0,0,3947603,5729311,0,13,13,0,0,1000,1000
MPCTASK: EXP,2,88,4381,-79,-23,1042,40,8,27,-28,-154,-207,0,0,1000,-39,-13,1000,342,214,137,69,69,0,0,0,0,0,0,0,0,0,0,3,13452,12689,26228,2156914,0,0,0,2286860,4458742,0,13,13,0,0,1000,1000
MPCTASK: EXP,2,90,4487,-65,-25,1042,69,9,11,-15,-90,-221,0,0,1000,-25,-16,1000,342,185,129,69,69,0,0,0,0,0,0,0,0,0,0,4,19991,11514,31597,1957321,0,0,0,3398317,5371588,0,13,13,0,0,1000,1000
MPCTASK: EXP,2,92,4588,-53,-11,1045,80,19,30,12,-15,-180,0,0,1000,-18,-3,1000,345,219,139,69,69,0,0,0,0,0,0,0,0,0,0,5,23935,7742,32362,1315984,0,0,0,4068858,5501559,0,13,13,0,0,1000,1000
MPCTASK: EXP,2,94,4684,-44,-13,1049,76,11,8,67,70,-167,0,0,1000,-18,-11,1000,349,224,155,69,69,0,0,0,0,0,0,0,0,0,0,3,15903,13080,29190,2223561,0,0,0,2703583,4962361,0,13,13,0,0,1000,1000
MPCTASK: EXP,2,96,4791,-36,-10,1047,52,5,-30,38,194,-135,0,0,1000,-24,-8,1000,341,279,215,69,69,0,0,0,0,0,0,0,0,0,0,5,24885,11235,36214,1909921,0,0,0,4230373,6156492,0,13,13,0,0,1000,1000
MPCTASK: EXP,2,98,4896,-67,-20,1045,-7,-4,0,-4,99,-99,0,0,1000,-55,-16,1000,345,200,145,69,69,0,0,0,0,0,0,0,0,0,0,5,27774,12605,40466,2142757,0,0,0,4721536,6879254,0,13,13,0,0,1000,1000
MPCTASK: EXP,2,100,4990,-113,-34,1044,-54,-12,10,-51,-54,-1,0,0,1000,-91,-25,1000,344,175,124,69,69,0,0,0,0,0,0,0,0,0,0,5,22503,12037,35037,2046303,0,0,0,3825323,5956343,0,13,13,0,0,1000,1000
MPCTASK: EXP,2,102,5087,-163,-33,1045,-74,3,21,-112,-254,152,0,0,1000,-119,-16,1000,345,116,96,69,69,0,0,0,0,0,0,0,0,0,0,4,20177,12008,32273,2041355,0,0,0,3429938,5486415,0,13,13,0,0,1000,1000
MPCTASK: EXP,2,104,5187,-207,-35,1047,-55,18,20,-41,-411,272,0,0,1000,-138,-19,1000,347,193,125,69,69,0,0,0,0,0,0,0,0,0,0,4,19730,11065,31020,1880903,0,0,0,3353965,5273584,0,13,13,0,0,1000,1000
MPCTASK: EXP,2,106,5290,-244,-32,1049,-15,27,7,-30,-476,417,0,0,1000,-151,-15,1000,349,226,147,69,69,0,0,0,0,0,0,0,0,0,0,5,23733,10855,34675,1845174,0,0,0,4034546,5894853,0,13,13,0,0,1000,1000
MPCTASK: EXP,2,108,5382,-265,-14,1050,46,50,18,28,-522,438,0,0,1000,-147,1,1000,350,302,196,69,69,0,0,0,0,0,0,0,0,0,0,3,14944,12040,27071,2046764,0,0,0,2540446,4602182,0,13,13,0,0,1000,1000
MPCTASK: EXP,2,110,5485,-291,-1,1053,94,57,3,39,-459,435,0,0,1000,-157,12,1000,353,275,179,69,69,0,0,0,0,0,0,0,0,0,0,4,17986,11186,29623,1901542,0,0,0,3057526,5035952,0,13,13,0,0,1000,1000
MPCTASK: EXP,2,112,5594,-308,9,1055,142,57,-14,114,-419,356,0,0,1000,-161,14,1000,352,176,139,69,69,0,0,0,0,0,0,0,0,0,0,5,27149,11087,38379,1884614,0,0,0,4615198,6524553,0,13,13,0,0,1000,1000
MPCTASK: EXP,2,114,5688,-318,29,1050,192,49,-43,213,-501,191,0,0,1000,-150,20,1000,341,161,145,69,69,0,0,0,0,0,0,0,0,0,0,4,19975,12470,32532,2119738,0,0,0,3395679,5530542,0,13,13,0,0,1000,1000
MPCTASK: EXP,2,116,5786,-316,38,1048,252,22,-29,204,-461,-14,0,0,1000,-133,21,1000,342,175,146,69,69,0,0,0,0,0,0,0,0,0,0,4,17719,13078,30885,2223123,0,0,0,3012158,5250408,0,13,13,0,0,1000,1000
MPCTASK: EXP,2,118,5889,-300,43,1046,307,-7,-33,157,-309,-229,0,0,1000,-119,19,1000,339,128,145,69,69,0,0,0,0,0,0,0,0,0,0,5,23192,10327,33606,1755492,0,0,0,3942415,5713148,0,13,13,0,0,1000,1000
MPCTASK: EXP,2,120,5992,-268,42,1044,354,-37,-13,156,-235,-443,0,0,1000,-89,12,1000,341,126,130,69,69,0,0,0,0,0,0,0,0,0,0,5,23772,12497,36578,2124330,0,0,0,4041147,6218216,0,13,13,0,0,1000,1000
MPCTASK: EXP,2,122,6093,-248,25,1042,363,-70,-26,90,-77,-534,0,0,1000,-80,-5,1000,337,240,190,69,69,0,0,0,0,0,0,0,0,0,0,5,23251,12862,36203,2186499,0,0,0,3952497,6154665,0,13,13,0,0,1000,1000
MPCTASK: EXP,2,124,6192,-244,9,1040,332,-86,-21,-49,39,-521,0,0,1000,-91,-12,1000,336,246,195,69,69,0,0,0,0,0,0,0,0,0,0,4,21357,13792,35241,2344441,0,0,0,3630657,5990942,0,13,13,0,0,1000,1000
MPCTASK: EXP,2,126,6293,-242,-9,1038,293,-87,-44,-115,69,-317,0,0,1000,-100,-21,1000,329,129,157,69,69,0,0,0,0,0,0,0,0,0,0,5,23780,12661,36673,2152331,0,0,0,4042386,6234503,0,13,13,0,0,1000,1000
MPCTASK: EXP,2,128,6389,-229,-28,1033,273,-68,-9,-176,-6,-128,0,0,1000,-92,-29,1000,332,216,165,69,69,0,0,0,0,0,0,0,0,0,0,4,18811,12663,31562,2152504,0,0,0,3197707,5365524,0,13,13,0,0,1000,1000
MPCTASK: EXP,2,130,6493,-236,-39,1033,241,-49,-25,-193,-40,13,0,0,1000,-104,-27,1000,327,182,158,69,69,0,0,0,0,0,0,0,0,0,0,4,22181,12767,35667,2170362,0,0,0,3770688,6063442,0,13,13,0,0,1000,1000
MPCTASK: EXP,2,132,6587,-242,-37,1030,217,-11,-16,-123,-157,53,0,0,1000,-107,-23,1000,326,233,182,69,69,0,0,0,0,0,0,0,0,0,0,4,19862,9938,29888,1689411,0,0,0,3376496,5081036,0,13,13,0,0,1000,1000
MPCTASK: EXP,2,134,6691,-236,-30,1031,226,13,-16,-107,-155,28,0,0,1000,-102,-9,1000,327,190,156,69,69,0,0,0,0,0,0,0,0,0,0,5,22175,11873,34255,2018302,0,0,0,3769654,5823504,0,13,13,0,0,1000,1000
MPCTASK: EXP,2,136,6789,-232,-28,1030,225,34,-8,-87,-103,-45,0,0,1000,-103,-6,1000,329,255,199,69,69,0,0,0,0,0,0,0,0,0,0,4,19378,11310,30776,1922577,0,0,0,3294150,5231857,0,13,13,0,0,1000,1000
MPCTASK: EXP,2,138,6887,-230,-23,1028,220,46,-20,-31,-128,-119,0,0,1000,-101,-4,1000,324,233,186,69,69,0,0,0,0,0,0,0,0,0,0,3,15140,13122,28354,2230617,0,0,0,2573719,4820157,0,13,13,0,0,1000,1000
MPCTASK: EXP,2,140,6993,-225,-21,1023,218,46,-25,-41,-102,-201,0,0,1000,-100,-1,1000,318,233,191,69,69,0,0,0,0,0,0,0,0,0,0,4,20058,14527,35061,2469508,0,0,0,3409779,5960348,0,13,13,0,0,1000,1000
MPCTASK: EXP,2,142,7093,-222,-20,1025,211,34,2,95,-113,-235,0,0,1000,-99,-11,1000,325,254,195,69,69,0,0,0,0,0,0,0,0,0,0,4,21520,13061,34974,2220329,0,0,0,3658298,5945776,0,13,13,0,0,1000,1000
MPCTASK: EXP,2,144,7193,-212,-25,1025,208,16,-28,21,-14,-107,0,0,1000,-98,-16,1000,320,217,183,69,69,0,0,0,0,0,0,0,0,0,0,5,22964,10091,33143,1715373,0,0,0,3903776,5634289,0,13,13,0,0,1000,1000
MPCTASK: EXP,2,146,7292,-196,-22,1019,206,16,-63,-82,-61,-19,0,0,1000,-84,-6,1000,306,271,236,69,69,0,0,0,0,0,0,0,0,0,0,4,23094,9891,33073,1681339,0,0,0,3925979,5622453,0,13,13,0,0,1000,1000
MPCTASK: EXP,2,148,7397,-195,-15,1013,192,32,-40,-23,-120,-37,0,0,1000,-85,0,1000,305,233,201,69,69,0,0,0,0,0,0,0,0,0,0,4,24721,11882,37526,2019822,0,0,0,4202548,6379466,0,13,13,0,0,1000,1000
MPCTASK: EXP,2,150,7493,-194,-15,1010,187,36,10,-9,-176,-139,0,0,1000,-79,-1,1000,310,218,165,69,69,0,0,0,0,0,0,0,0,0,0,5,21580,11899,33773,2022784,0,0,0,3668464,5741500,0,13,13,0,0,1000,1000
MPCTASK: EXP,2,152,7593,-180,0,1015,199,46,64,107,-105,-317,0,0,1000,-71,2,1000,315,61,41,69,69,0,0,0,0,0,0,0,0,0,0,5,24699,8949,33735,1521232,0,0,0,4198655,5735012,0,13,13,0,0,1000,1000
MPCTASK: EXP,2,154,7687,-169,7,1024,204,26,47,42,-34,-478,0,0,1000,-72,11,1000,324,28,59,69,69,0,0,0,0,0,0,0,0,0,0,4,17766,10210,28063,1735576,0,0,0,3020247,4770794,0,13,13,0,0,1000,1000
MPCTASK: EXP,2,156,7790,-147,5,1025,209,6,-5,143,-41,-490,0,0,1000,-54,0,1000,324,16,119,69,69,0,0,0,0,0,0,0,0,0,0,4,16854,13657,30610,2321571,0,0,0,2865178,5203666,0,13,13,0,0,1000,1000
MPCTASK: EXP,2,158,7893,-134,-1,1024,193,-19,-10,17,7,-317,0,0,1000,-46,-3,1000,322,68,119,69,69,0,0,0,0,0,0,0,0,0,0,4,18906,13462,32779,2288561,0,0,0,3213968,5572565,0,13,13,0,0,1000,1000
MPCTASK: EXP,2,160,7994,-124,-4,1026,176,-22,-3,106,26,-233,0,0,1000,-44,-17,1000,325,231,177,69,69,0,0,0,0,0,0,0,0,0,0,4,19285,12367,33491,2102281,0,0,0,3278358,5693568,0,13,13,0,0,1000,1000
MPCTASK: EXP,2,162,8095,-116,-2,1021,163,-30,-29,37,8,-175,0,0,1000,-41,-9,1000,315,186,167,69,69,0,0,0,0,0,0,0,0,0,0,4,21182,13013,34283,2212195,0,0,0,3600854,5828181,0,13,13,0,0,1000,1000
MPCTASK: EXP,2,164,8196,-111,-7,1020,150,-26,-3,-17,-17,-228,0,0,1000,-38,-13,1000,320,163,136,69,69,0,0,0,0,0,0,0,0,0,0,5,24371,10837,35534,1842288,0,0,0,4142973,6040898,0,13,13,0,0,1000,1000
MPCTASK: EXP,2,166,8291,-103,-5,1020,146,-17,11,-64,8,-270,0,0,1000,-35,-4,1000,320,256,200,69,69,0,0,0,0,0,0,0,0,0,0,4,18421,12355,30864,2100271,0,0,0,3131526,5246921,0,13,13,0,0,1000,1000
MPCTASK: EXP,2,168,8392,-94,-9,1023,140,-15,13,-9,0,-255,0,0,1000,-29,-7,1000,323,127,104,69,69,0,0,0,0,0,0,0,0,0,0,4,22721,8931,31744,1518256,0,0,0,3862499,5396577,0,13,13,0,0,1000,1000
MPCTASK: EXP,2,170,8494,-97,-16,1023,122,-11,-13,-39,34,-111,0,0,1000,-43,-13,1000,321,115,128,69,69,0,0,0,0,0,0,0,0,0,0,5,22187,11284,33560,1918320,0,0,0,3771631,5705253,0,13,13,0,0,1000,1000
MPCTASK: EXP,2,172,8596,-90,-13,1022,108,-3,-17,-58,22,-68,0,0,1000,-38,-5,1000,318,222,181,69,69,0,0,0,0,0,0,0,0,0,0,4,22818,12762,35666,2169356,0,0,0,3878961,6063278,0,13,13,0,0,1000,1000
MPCTASK: EXP,2,174,8699,-91,-16,1020,97,2,-25,-26,-52,-44,0,0,1000,-37,-5,1000,315,70,135,69,69,0,0,0,0,0,0,0,0,0,0,5,24705,13051,38410,2218458,0,0,0,4199799,6529910,0,13,13,0,0,1000,1000
MPCTASK: EXP,2,176,8795,-78,-17,1014,101,15,-67,-96,-1,49,0,0,1000,-29,0,1000,300,189,189,69,69,0,0,0,0,0,0,0,0,0,0,5,24559,9518,34165,1618002,0,0,0,4174881,5808178,0,13,13,0,0,1000,1000
MPCTASK: EXP,2,178,8897,-68,-19,1010,97,30,-24,-98,5,173,0,0,1000,-22,2,1000,305,116,141,69,69,0,0,0,0,0,0,0,0,0,0,4,19086,17084,36736,2904229,0,0,0,3244559,6245188,0,13,13,0,0,1000,1000
MPCTASK: EXP,2,180,8994,-59,0,1010,102,73,20,-83,-82,266,0,0,1000,-12,24,1000,310,220,163,69,69,0,0,0,0,0,0,0,0,0,0,5,23080,10803,33970,1836418,0,0,0,3923566,5774954,0,13,13,0,0,1000,1000
MPCTASK: EXP,2,182,9099,-42,11,1012,112,87,4,32,54,216,0,0,1000,-4,24,1000,312,42,104,69,69,0,0,0,0,0,0,0,0,0,0,5,25168,12484,37741,2122205,0,0,0,4278441,6416036,0,13,13,0,0,1000,1000
MPCTASK: EXP,2,184,9195,-33,35,1011,104,87,-13,60,126,210,0,0,1000,-7,47,1000,308,86,126,69,69,0,0,0,0,0,0,0,0,0,0,5,23145,11653,34885,1980888,0,0,0,3934601,5930617,0,13,13,0,0,1000,1000
MPCTASK: EXP,2,186,9304,-18,44,1012,87,69,31,159,80,185,0,0,1000,5,44,1000,312,153,108,69,69,0,0,0,0,0,0,0,0,0,0,5,29642,13952,43681,2371781,0,0,0,5039140,7425878,0,13,13,0,0,1000,1000
MPCTASK: EXP,2,188,9397,-14,44,1014,62,45,24,120,136,206,0,0,1000,0,36,1000,314,189,134,69,69,0,0,0,0,0,0,0,0,0,0,5,24456,12031,36994,2045194,0,0,0,4157397,6288995,0,13,13,0,0,1000,1000
MPCTASK: EXP,2,190,9488,-17,55,1017,37,30,18,220,74,183,0,0,1000,-7,32,1000,317,230,165,69,69,0,0,0,0,0,0,0,0,0,0,3,16156,11625,27871,1976225,0,0,0,2746460,4738082,0,13,13,0,0,1000,1000
MPCTASK: EXP,2,192,9593,-21,58,1014,14,-7,-44,117,93,313,0,0,1000,-13,33,1000,305,123,157,69,69,0,0,0,0,0,0,0,0,0,0,4,19314,13190,32593,2242251,0,0,0,3283362,5540740,0,13,13,0,0,1000,1000
MPCTASK: EXP,2,194,9692,-28,58,1012,0,-28,-8,117,-3,438,0,0,1000,-19,29,1000,311,200,163,69,69,0,0,0,0,0,0,0,0,0,0,4,18402,12629,31292,2146854,0,0,0,3127288,5319645,0,13,13,0,0,1000,1000
MPCTASK: EXP,2,196,9794,-41,56,1015,-3,-41,9,16,-111,606,0,0,1000,-25,32,1000,315,45,101,69,69,0,0,0,0,0,0,0,0,0,0,5,23209,9234,33891,1569786,0,0,0,3945412,5761531,0,13,13,0,0,1000,1000
MPCTASK: EXP,2,198,9894,-50,42,1017,2,-44,17,-65,-143,748,0,0,1000,-26,22,1000,317,235,173,69,69,0,0,0,0,0,0,0,0,0,0,4,21148,10310,33036,1752752,0,0,0,3595204,5616286,0,13,13,0,0,1000,1000
MPCTASK: EXP,2,200,9995,-45,42,1017,25,-28,-4,-88,-112,832,0,0,1000,-18,30,1000,316,250,199,69,69,0,0,0,0,0,0,0,0,0,0,5,24679,9642,34408,1639072,0,0,0,4195327,5849373,0,13,13,0,0,1000,1000
MPCTASK: EXP,2,202,10098,-38,54,1018,43,0,-21,18,-75,854,0,0,1000,-12,40,1000,314,241,199,69,69,0,0,0,0,0,0,0,0,0,0,5,23647,13382,37373,2274789,0,0,0,4019888,6353645,0,13,13,0,0,1000,1000
MPCTASK: EXP,2,204,10193,-28,75,1011,53,26,-62,82,32,744,0,0,1000,-7,55,1000,298,194,190,69,69,0,0,0,0,0,0,0,0,0,0,4,19353,13130,32901,2231862,0,0,0,3290065,5593310,0,13,13,0,0,1000,1000
MPCTASK: EXP,2,206,10297,-41,87,1010,27,16,-17,210,57,570,0,0,1000,-25,54,1000,306,217,178,69,69,0,0,0,0,0,0,0,0,0,0,5,25660,10331,36082,1756115,0,0,0,4362039,6134024,0,13,13,0,0,1000,1000
MPCTASK: EXP,2,208,10395,-37,95,1008,29,-10,-15,174,8,469,0,0,1000,-20,57,1000,305,222,182,69,69,0,0,0,0,0,0,0,0,0,0,5,24304,10434,34824,1773627,0,0,0,4131526,5920275,0,13,13,0,0,1000,1000
MPCTASK: EXP,2,210,10486,-38,90,1004,26,-36,-50,150,-112,452,0,0,1000,-12,47,1000,294,279,244,69,69,0,0,0,0,0,0,0,0,0,0,3,13745,12086,25919,2054516,0,0,0,2336642,4406400,0,13,13,0,0,1000,1000
MPCTASK: EXP,2,212,10595,-43,96,1002,32,-57,4,226,-79,435,0,0,1000,-13,43,1000,302,103,116,69,69,0,0,0,0,0,0,0,0,0,0,5,22718,11634,34733,1977703,0,0,0,3861878,5904646,0,13,13,0,0,1000,1000
MPCTASK: EXP,2,214,10694,-39,83,1008,54,-96,39,182,-66,326,0,0,1000,-8,24,1000,308,231,162,69,69,0,0,0,0,0,0,0,0,0,0,4,19757,13134,32980,2232700,0,0,0,3358592,5606725,0,13,13,0,0,1000,1000
MPCTASK: EXP,2,216,10793,-39,77,1011,60,-107,21,70,-116,218,0,0,1000,-3,23,1000,311,163,120,69,69,0,0,0,0,0,0,0,0,0,0,5,22324,10604,33018,1802574,0,0,0,3794999,5613074,0,13,13,0,0,1000,1000
MPCTASK: EXP,2,218,10889,-30,79,1012,78,-102,-17,96,32,2,0,0,1000,-5,25,1000,308,64,128,69,69,0,0,0,0,0,0,0,0,0,0,4,18797,10061,28946,1710325,0,0,0,3195469,4920916,0,13,13,0,0,1000,1000
MPCTASK: EXP,2,220,10995,-27,73,1011,65,-109,-9,103,2,-188,0,0,1000,-3,18,1000,309,261,217,69,69,0,0,0,0,0,0,0,0,0,0,4,21450,11821,33367,2009371,0,0,0,3646448,5672339,0,13,13,0,0,1000,1000
MPCTASK: EXP,2,222,11096,-31,66,1008,42,-120,-28,165,34,-260,0,0,1000,-11,5,1000,303,167,159,69,69,0,0,0,0,0,0,0,0,0,0,5,22584,11315,33987,1923469,0,0,0,3839177,5777786,0,13,13,0,0,1000,1000
MPCTASK: EXP,2,224,11197,-38,58,1005,28,-135,-19,55,-76,-278,0,0,1000,-16,2,1000,301,272,238,69,69,0,0,0,0,0,0,0,0,0,0,5,21559,13041,35036,2216908,0,0,0,3665043,5956092,0,13,13,0,0,1000,1000
MPCTASK: EXP,2,226,11295,-47,49,1003,30,-147,-27,58,-160,-185,0,0,1000,-17,-5,1000,297,141,151,69,69,0,0,0,0,0,0,0,0,0,0,4,20336,12350,32775,2099469,0,0,0,3457077,5571860,0,13,13,0,0,1000,1000
MPCTASK: EXP,2,228,11395,-51,29,1002,39,-148,-11,-172,-56,95,0,0,1000,-20,-8,1000,300,128,135,69,69,0,0,0,0,0,0,0,0,0,0,4,18711,12124,31061,2061009,0,0,0,3180742,5280330,0,13,13,0,0,1000,1000
MPCTASK: EXP,2,230,11487,-54,24,1001,46,-110,-3,-164,-77,176,0,0,1000,-22,-2,1000,300,234,190,69,69,0,0,0,0,0,0,0,0,0,0,3,12171,11683,23941,1985944,0,0,0,2068984,4070069,0,13,13,0,0,1000,1000
MPCTASK: EXP,2,232,11597,-46,19,1004,60,-76,39,-255,-83,295,0,0,1000,-13,11,1000,304,123,93,69,69,0,0,0,0,0,0,0,0,0,0,4,21333,12116,33881,2059586,0,0,0,3626503,5759811,0,13,13,0,0,1000,1000
MPCTASK: EXP,2,234,11698,-44,16,1006,59,-31,10,-180,-27,478,0,0,1000,-12,17,1000,306,130,117,69,69,0,0,0,0,0,0,0,0,0,0,5,24110,10609,34806,1803486,0,0,0,4098611,5917066,0,13,13,0,0,1000,1000
MPCTASK: EXP,2,236,11796,-49,18,1008,50,6,8,-119,-16,463,0,0,1000,-22,23,1000,308,243,191,69,69,0,0,0,0,0,0,0,0,0,0,5,22281,10320,32871,1754264,0,0,0,3787667,5588185,0,13,13,0,0,1000,1000
MPCTASK: EXP,2,238,11892,-53,28,1006,43,33,-22,17,-40,429,0,0,1000,-24,27,1000,301,257,224,69,69,0,0,0,0,0,0,0,0,0,0,4,17073,11756,28917,1998385,0,0,0,2902429,4915945,0,13,13,0,0,1000,1000
MPCTASK: EXP,2,240,12003,-61,33,1005,40,35,-14,84,-74,476,0,0,1000,-31,26,1000,302,89,127,69,69,0,0,0,0,0,0,0,0,0,0,5,28958,10498,39544,1784596,0,0,0,4922781,6722513,0,13,13,0,0,1000,1000
MPCTASK: TRAJ DONE: idx=240, max=240; requesting landing
MPCTASK: LANDING: start z=1.0, hold=(-0.04,0.04)
MPCTASK: POSTHOC SUMMARY: active=13 infeasible=13
MPCTASK: LANDING COMPLETE: t=19065 ms, x=-0.055, y=0.054, z=0.004, vz=-0.071; motors off
SUP: Disarming
