SYS: Crazyflie 2.1 Brushless is up and running!
SYS: Build 2:de14ff9f08ae (2025.09.1 +2) MODIFIED
SYS: I am 0x373930393434471500370039 and I have 1024KB of flash!
CFGBLK: v1, verification [OK]
DECK_DISCOVERY: Backend found: onewire
DECK_DISCOVERY: Backend found: deckctrl
DECK_CORE: 1 deck(s) found
DECK_CORE: Calling INIT on driver bcFlow2 for deck 0
ZR2: Z-down sensor [OK]
PMW: Motion chip id: 0x49:0xB6
IMU: BMI088: Using I2C interface.
IMU: BMI088 Gyro connection [OK].
IMU: BMI088 Accel connection [OK]
IMU: BMP390 I2C connection [OK]
ESTIMATOR: Using Kalman (2) estimator
CONTROLLER: Using PID (1) controller
MTR-DRV: Using brushless motor driver
SYS: About to run tests in system.c.
SYS: NRF51 version: 2026.04 (C21B)
EEPROM: I2C connection [OK].
STORAGE: Storage check [OK].
IMU: BMI088 gyro self-test [OK]
DECK_CORE: Deck 0 test [OK].
SYS: Self test passed!
STAB: Wait for sensor calibration...
SYS: Free heap: 15048 bytes
MPCTASK: Waiting for activation ...
STAB: Starting stabilizer loop
STAB: WARNING: stabilizer loop rate is off (1004)
SUP: Ready to fly
MPCTASK: Benchmark mode 2, maneuver 0, max_iter 5, task_pri 0
MPCTASK: Common baseline: mpc_hz=20 model_hz=20 rho=5 base_w=0 base_qz=1 Qz=100 R=4 bridge=x10 guards=z[ref,ref+0.20] xy=free cap=0.05
MPCTASK: Fixed baseline: w=0 qz=1 adaptive_cache=off
MPCTASK: LIMO posthoc: infeasible=nominal_fallback
MPCTASK: EXP every=2: m,s,tms,p3[mm],v3[mmps],att3[cdeg],ref3[mm],cmd3[mm],h/raw/grad/mar/thr[milli],act/ac/bind,wi/qi/cache/noa,pa/pf/du[milli],it,mpc/eval/total[us],bar/tanh/rl/cache/solve/step[cycles],overruns,post_active/post_infeasible_totals,wreq/w/qzreq/qz[milli]
CONTROLLER: Using OutOfTree (6) controller
MPCTASK: OOT activated at z=0.54
MPCTASK: OOT loop 1 done
MMPCTASK: OOT loop 2 done
PCTASK: MPC taskMPCTASK: OOT loop 3 done
 loop 1
MPCTASK: Benchmark reset: mode=2 maneuver=0
MPCTASK: x0: pos=(0.03,-0.14,0.54) vel=(-0.07,0.01,-0.0)
MPCTASK: ref: (0.0,0.0,1.0)
MPCTASK: MPC solve start
MPCTASK: MPC solve done, iter=5
MPCTASK: MPC time=28513 us
MPCTASK: MPC stack free=1091 words
MPCTASK: setpoint: x=0.0 y=-0.09 z=1.0 preview_z=0.84
MPCTASK: MPC task loop 2
MPCTASK: MPC task loop 3
MPCTASK: EXP,2,2,97,28,-141,543,-76,18,-18,-100,-111,-48,0,0,1000,9,-93,1000,-160,78,501,69,69,1,1,0,0,0,0,0,1,1,0,5,30664,12237,43828,2080097,0,0,0,5212824,7450714,0,2,2,0,0,1000,1000
MPCTASK: EXP,2,4,191,19,-129,533,-56,40,-168,15,-161,-76,0,0,1000,9,-86,1000,-199,90,629,69,69,1,1,0,0,0,0,0,1,1,0,5,23582,13797,37471,2345347,0,0,0,4008877,6370067,0,4,4,0,0,1000,1000
MPCTASK: EXP,2,6,290,18,-122,515,-21,37,-65,38,-141,-100,0,0,1000,15,-80,1000,-198,67,547,69,69,1,1,0,0,0,0,0,1,1,0,5,23957,12526,36795,2129411,0,0,0,4072488,6255298,0,6,6,0,0,1000,1000
MPCTASK: EXP,2,8,390,20,-123,547,12,31,671,-60,-74,-109,0,0,1000,22,-76,1000,-152,124,670,69,69,1,1,0,0,0,0,0,1,1,0,5,22079,12297,35079,2090313,0,0,0,3753446,5963463,0,8,8,0,0,1000,1000
MPCTASK: EXP,2,10,492,34,-124,624,44,43,821,-147,-3,-132,0,0,1000,35,-68,1000,-75,185,626,69,69,1,1,0,0,0,0,0,1,1,0,5,21460,15708,37259,2670143,0,0,0,3648154,6334009,0,10,10,0,0,1000,1000
MPCTASK: EXP,2,12,585,47,-112,699,52,74,691,-96,106,-159,0,0,1000,40,-57,1000,0,227,472,69,69,1,1,0,0,0,0,0,1,1,0,4,19112,11487,30690,1952738,0,0,0,3248964,5217246,0,12,12,0,0,1000,1000
MPCTASK: EXP,2,14,686,53,-103,765,34,86,549,-59,177,-185,0,0,1000,36,-48,1000,65,237,435,69,69,0,0,0,0,0,0,0,0,0,0,4,20747,10852,31686,1844804,0,0,0,3526965,5386733,0,13,13,0,0,1000,1000
MPCTASK: EXP,2,16,791,53,-88,816,3,103,423,-17,190,-203,0,0,1000,28,-36,1000,116,241,381,69,69,0,0,0,0,0,0,0,0,0,0,5,25223,10684,36391,1816278,0,0,0,4287849,6186559,0,13,13,0,0,1000,1000
MPCTASK: EXP,2,18,885,50,-75,854,-26,108,316,18,156,-209,0,0,1000,20,-26,1000,154,239,330,69,69,0,0,0,0,0,0,0,0,0,0,4,19695,11064,30847,1880732,0,0,0,3348092,5243950,0,13,13,0,0,1000,1000
MPCTASK: EXP,2,20,982,47,-65,883,-47,103,253,34,98,-218,0,0,1000,16,-22,1000,183,236,284,69,69,0,0,0,0,0,0,0,0,0,0,4,16691,11138,27915,1893308,0,0,0,2837400,4745678,0,13,13,0,0,1000,1000
MPCTASK: EXP,2,22,1085,35,-54,908,-71,100,217,25,45,-228,0,0,1000,4,-14,1000,208,231,247,69,69,0,0,0,0,0,0,0,0,0,0,4,19076,11723,30888,1992782,0,0,0,3242925,5250977,0,13,13,0,0,1000,1000
MPCTASK: EXP,2,24,1181,22,-44,928,-80,95,179,18,-30,-229,0,0,1000,-3,-8,1000,228,240,235,69,69,0,0,0,0,0,0,0,0,0,0,3,14882,11443,26413,1945286,0,0,0,2529866,4490288,0,13,13,0,0,1000,1000
MPCTASK: EXP,2,26,1282,12,-39,944,-75,85,144,16,-74,-215,0,0,1000,-6,-7,1000,244,251,232,69,69,0,0,0,0,0,0,0,0,0,0,3,12926,14953,27966,2542009,0,0,0,2197288,4754269,0,13,13,0,0,1000,1000
MPCTASK: EXP,2,28,1385,0,-28,959,-68,85,130,13,-106,-194,0,0,1000,-11,1,1000,259,253,215,69,69,0,0,0,0,0,0,0,0,0,0,4,19571,10732,30751,1824271,0,0,0,3327023,5227636,0,13,13,0,0,1000,1000
MPCTASK: EXP,2,30,1481,-5,-22,971,-47,76,108,41,-127,-185,0,0,1000,-8,1,1000,271,266,230,69,69,0,0,0,0,0,0,0,0,0,0,3,14480,11515,26807,1957325,0,0,0,2461552,4557397,0,13,13,0,0,1000,1000
MPCTASK: EXP,2,32,1582,-5,-16,984,-23,68,98,39,-113,-174,0,0,1000,-3,3,1000,284,264,212,69,69,0,0,0,0,0,0,0,0,0,0,4,16709,10601,27472,1802218,0,0,0,2840481,4670421,0,13,13,0,0,1000,1000
MPCTASK: EXP,2,34,1690,4,-13,990,5,56,65,40,-62,-169,0,0,1000,7,2,1000,290,253,198,69,69,0,0,0,0,0,0,0,0,0,0,4,21604,13167,34859,2238290,0,0,0,3672601,5926042,0,13,13,0,0,1000,1000
MPCTASK: EXP,2,36,1783,11,-15,997,17,40,55,39,11,-168,0,0,1000,11,-2,1000,297,253,198,69,69,0,0,0,0,0,0,0,0,0,0,3,15151,12657,27896,2151646,0,0,0,2575717,4742330,0,13,13,0,0,1000,1000
MPCTASK: EXP,2,38,1888,25,-21,1004,29,21,60,36,32,-176,0,0,1000,23,-12,1000,304,251,188,69,69,0,0,0,0,0,0,0,0,0,0,5,20467,11355,31966,1930301,0,0,0,3479293,5434346,0,13,13,0,0,1000,1000
MPCTASK: EXP,2,40,1995,39,-27,1011,31,7,60,36,76,-183,0,0,1000,31,-20,1000,311,268,208,69,69,0,0,0,0,0,0,0,0,0,0,5,26648,11319,38055,1924151,0,0,0,4530092,6469393,0,13,13,0,0,1000,1000
MPCTASK: EXP,2,42,2087,48,-28,1015,21,1,41,0,151,-186,0,0,1000,31,-19,1000,315,279,219,69,69,0,0,0,0,0,0,0,0,0,0,4,19083,11664,30836,1982898,0,0,0,3243969,5242186,0,13,13,0,0,1000,1000
MPCTASK: EXP,2,44,2187,48,-40,1016,-2,-9,14,-16,115,-185,0,0,1000,27,-29,1000,316,265,209,69,69,0,0,0,0,0,0,0,0,0,0,4,19776,11035,30898,1875859,0,0,0,3361802,5252622,0,13,13,0,0,1000,1000
MPCTASK: EXP,2,46,2282,38,-51,1018,-29,-13,20,-63,78,-182,0,0,1000,16,-36,1000,318,255,195,69,69,0,0,0,0,0,0,0,0,0,0,3,15145,11149,26381,1895245,0,0,0,2574524,4484886,0,13,13,0,0,1000,1000
MPCTASK: EXP,2,48,2386,26,-51,1024,-47,-1,31,-72,15,-169,0,0,1000,6,-33,1000,324,250,181,69,69,0,0,0,0,0,0,0,0,0,0,4,18206,11327,29622,1925595,0,0,0,3094915,5035811,0,13,13,0,0,1000,1000
MPCTASK: EXP,2,50,2493,0,-49,1023,-67,11,-1,-73,-53,-145,0,0,1000,-14,-28,1000,323,274,226,69,69,0,0,0,0,0,0,0,0,0,0,5,23968,11861,36250,2016426,0,0,0,4074477,6162660,0,13,13,0,0,1000,1000
MPCTASK: EXP,2,52,2585,-6,-42,1024,-52,26,12,-48,-108,-119,0,0,1000,-11,-21,1000,324,282,230,69,69,0,0,0,0,0,0,0,0,0,0,4,18030,10697,28815,1818471,0,0,0,3065083,4898674,0,13,13,0,0,1000,1000
MPCTASK: EXP,2,54,2683,-14,-40,1025,-39,32,18,-7,-106,-102,0,0,1000,-13,-20,1000,325,273,214,69,69,0,0,0,0,0,0,0,0,0,0,3,14338,11565,26129,1965930,0,0,0,2437454,4442101,0,13,13,0,0,1000,1000
MPCTASK: EXP,2,56,2786,-34,-26,1029,-36,42,33,10,-122,-95,0,0,1000,-26,-9,1000,329,257,182,69,69,0,0,0,0,0,0,0,0,0,0,4,19787,9321,29756,1584610,0,0,0,3363778,5058558,0,13,13,0,0,1000,1000
MPCTASK: EXP,2,58,2887,-39,-19,1034,-16,40,33,32,-116,-79,0,0,1000,-26,-5,1000,334,273,201,69,69,0,0,0,0,0,0,0,0,0,0,4,19251,11730,31069,1994032,0,0,0,3272589,5281755,0,13,13,0,0,1000,1000
MPCTASK: EXP,2,60,2988,-33,-15,1037,8,33,25,49,-98,-59,0,0,1000,-16,-5,1000,337,268,197,69,69,0,0,0,0,0,0,0,0,0,0,4,19502,12305,32208,2091717,0,0,0,3315348,5475365,0,13,13,0,0,1000,1000
MPCTASK: EXP,2,62,3082,-24,-24,1040,28,13,17,36,-55,-40,0,0,1000,-8,-15,1000,340,218,148,69,69,0,0,0,0,0,0,0,0,0,0,3,15415,10883,26586,1849918,0,0,0,2620432,4519758,0,13,13,0,0,1000,1000
MPCTASK: EXP,2,64,3190,-20,-26,1040,33,6,0,16,-17,-18,0,0,1000,-5,-18,1000,340,266,209,69,69,0,0,0,0,0,0,0,0,0,0,4,17948,14861,33037,2526279,0,0,0,3051154,5616392,0,13,13,0,0,1000,1000
MPCTASK: EXP,2,66,3285,-16,-33,1042,35,-2,9,-7,-10,-4,0,0,1000,-1,-24,1000,342,271,212,69,69,0,0,0,0,0,0,0,0,0,0,4,18074,10982,29143,1866789,0,0,0,3072522,4954438,0,13,13,0,0,1000,1000
MPCTASK: EXP,2,68,3386,-14,-44,1045,34,-8,15,-37,-5,-7,0,0,1000,-1,-31,1000,345,276,215,69,69,0,0,0,0,0,0,0,0,0,0,4,19303,10636,30027,1808164,0,0,0,3281559,5104694,0,13,13,0,0,1000,1000
MPCTASK: EXP,2,70,3488,-13,-50,1044,32,-4,-4,-68,2,-17,0,0,1000,-1,-32,1000,343,282,227,69,69,0,0,0,0,0,0,0,0,0,0,4,20062,11607,31757,1972998,0,0,0,3410561,5398690,0,13,13,0,0,1000,1000
MPCTASK: EXP,2,72,3589,-10,-54,1042,32,5,-6,-75,-11,-17,0,0,1000,2,-32,1000,341,276,219,69,69,0,0,0,0,0,0,0,0,0,0,4,19395,13308,32795,2262342,0,0,0,3297175,5575186,0,13,13,0,0,1000,1000
MPCTASK: EXP,2,74,3689,-14,-51,1040,26,21,-7,-92,8,-12,0,0,1000,-3,-26,1000,338,278,221,69,69,0,0,0,0,0,0,0,0,0,0,4,18426,13990,32502,2296054,0,0,0,3132375,5525530,0,13,13,0,0,1000,1000
MPCTASK: EXP,2,76,3793,-15,-40,1044,23,43,16,-64,8,-20,0,0,1000,-5,-14,1000,344,275,210,69,69,0,0,0,0,0,0,0,0,0,0,5,24187,12395,36669,2107119,0,0,0,4111727,6233809,0,13,13,0,0,1000,1000
MPCTASK: EXP,2,78,3893,-16,-21,1043,19,61,-3,6,17,-29,0,0,1000,-7,0,1000,343,272,217,69,69,0,0,0,0,0,0,0,0,0,0,5,23740,11827,36079,2010531,0,0,0,4035649,6133565,0,13,13,0,0,1000,1000
MPCTASK: EXP,2,80,3992,-21,-2,1045,11,66,4,69,0,-40,0,0,1000,-12,11,1000,345,283,226,69,69,0,0,0,0,0,0,0,0,0,0,5,24778,10809,35677,1837316,0,0,0,4212275,6065050,0,13,13,0,0,1000,1000
MPCTASK: EXP,2,82,4096,-38,-4,1045,-6,43,-3,117,-10,-49,0,0,1000,-29,1,1000,344,282,220,69,69,0,0,0,0,0,0,0,0,0,0,5,28996,10816,39903,1838590,0,0,0,4929201,6783480,0,13,13,0,0,1000,1000
MPCTASK: EXP,2,84,4190,-44,-6,1045,-5,21,-7,97,-87,-54,0,0,1000,-26,-5,1000,343,255,192,69,69,0,0,0,0,0,0,0,0,0,0,5,20297,13448,33973,2286130,0,0,0,3450337,5775481,0,13,13,0,0,1000,1000
MPCTASK: EXP,2,86,4292,-53,-21,1041,0,-7,-21,36,-62,-50,0,0,1000,-33,-19,1000,337,259,206,69,69,0,0,0,0,0,0,0,0,0,0,5,24220,10021,34329,1703468,0,0,0,4117349,5835954,0,13,13,0,0,1000,1000
MPCTASK: EXP,2,88,4390,-56,-39,1044,8,-23,3,-48,-65,-35,0,0,1000,-35,-30,1000,344,262,197,69,69,0,0,0,0,0,0,0,0,0,0,3,19002,13643,32732,2319226,0,0,0,3230201,5564386,0,13,13,0,0,1000,1000
MPCTASK: EXP,2,90,4482,-59,-52,1042,15,-22,-7,-99,-65,-12,0,0,1000,-35,-37,1000,341,280,222,69,69,0,0,0,0,0,0,0,0,0,0,3,14821,10447,25356,1775903,0,0,0,2519508,4310541,0,13,13,0,0,1000,1000
MPCTASK: EXP,2,92,4592,-55,-72,1040,29,-20,-23,-122,-82,14,0,0,1000,-27,-50,1000,335,284,229,69,69,0,0,0,0,0,0,0,0,0,0,5,23509,11151,35146,1895503,0,0,0,3996509,5974900,0,13,13,0,0,1000,1000
MPCTASK: EXP,2,94,4683,-55,-77,1039,36,0,-11,-166,-46,43,0,0,1000,-28,-45,1000,336,289,229,69,69,0,0,0,0,0,0,0,0,0,0,3,13943,11373,25403,1933311,0,0,0,2370177,4318620,0,13,13,0,0,1000,1000
MPCTASK: EXP,2,96,4791,-47,-74,1039,47,32,-1,-190,-26,53,0,0,1000,-20,-34,1000,339,270,201,69,69,0,0,0,0,0,0,0,0,0,0,4,19950,13767,33804,2340268,0,0,0,3391376,5746764,0,13,13,0,0,1000,1000
MPCTASK: EXP,2,98,4890,-35,-60,1038,53,68,-24,-148,30,-26,0,0,1000,-15,-15,1000,334,220,175,69,69,0,0,0,0,0,0,0,0,0,0,5,23374,8742,32409,1486090,0,0,0,3973400,5509538,0,13,13,0,0,1000,1000
MPCTASK: EXP,2,100,4995,-41,-27,1033,33,115,-35,-103,40,-172,0,0,1000,-23,16,1000,326,159,157,69,69,0,0,0,0,0,0,0,0,0,0,5,24860,11401,36355,1938223,0,0,0,4226214,6180546,0,13,13,0,0,1000,1000
MPCTASK: EXP,2,102,5096,-91,7,1031,-17,146,-14,13,-34,-381,0,0,1000,-67,42,1000,328,83,125,69,69,0,0,0,0,0,0,0,0,0,0,5,25231,11602,36929,1972181,0,0,0,4289207,6278007,0,13,13,0,0,1000,1000
MPCTASK: EXP,2,104,5192,-110,36,1032,-17,146,8,134,-156,-601,0,0,1000,-77,55,1000,332,131,113,69,69,0,0,0,0,0,0,0,0,0,0,5,23038,9841,33358,1672856,0,0,0,3916370,5671022,0,13,13,0,0,1000,1000
MPCTASK: EXP,2,106,5294,-122,65,1035,-2,126,31,222,-197,-774,0,0,1000,-78,67,1000,335,212,135,69,69,0,0,0,0,0,0,0,0,0,0,5,24570,9985,34642,1697443,0,0,0,4176865,5889270,0,13,13,0,0,1000,1000
MPCTASK: EXP,2,108,5387,-133,81,1039,17,86,35,247,-257,-898,0,0,1000,-77,66,1000,339,248,159,69,69,0,0,0,0,0,0,0,0,0,0,4,17177,11315,28578,1923386,0,0,0,2919977,4858489,0,13,13,0,0,1000,1000
MPCTASK: EXP,2,110,5491,-129,92,1042,56,41,3,273,-278,-954,0,0,1000,-65,60,1000,342,234,162,69,69,0,0,0,0,0,0,0,0,0,0,4,20718,10685,31490,1816321,0,0,0,3522043,5353330,0,13,13,0,0,1000,1000
MPCTASK: EXP,2,112,5597,-117,76,1045,92,-18,24,148,-217,-920,0,0,1000,-46,38,1000,345,214,137,69,69,0,0,0,0,0,0,0,0,0,0,5,25811,12078,37976,2053184,0,0,0,4387904,6456058,0,13,13,0,0,1000,1000
MPCTASK: EXP,2,114,5690,-113,69,1043,120,-60,-15,158,-172,-871,0,0,1000,-42,28,1000,340,36,128,69,69,0,0,0,0,0,0,0,0,0,0,4,17693,12641,30709,2148908,0,0,0,3007728,5220657,0,13,13,0,0,1000,1000
MPCTASK: EXP,2,116,5792,-103,53,1037,139,-89,-20,82,-141,-785,0,0,1000,-30,11,1000,333,221,175,69,69,0,0,0,0,0,0,0,0,0,0,5,21381,11145,32621,1894461,0,0,0,3634660,5545634,0,13,13,0,0,1000,1000
MPCTASK: EXP,2,118,5899,-83,22,1036,160,-118,3,-37,-30,-670,0,0,1000,-16,-12,1000,336,218,160,69,69,0,0,0,0,0,0,0,0,0,0,5,26740,12350,39177,2099290,0,0,0,4545778,6660196,0,13,13,0,0,1000,1000
MPCTASK: EXP,2,120,5996,-66,-8,1042,163,-127,27,-112,29,-519,0,0,1000,-6,-32,1000,342,192,122,69,69,0,0,0,0,0,0,0,0,0,0,5,26013,10467,36566,1779292,0,0,0,4422064,6216314,0,13,13,0,0,1000,1000
MPCTASK: EXP,2,122,6094,-57,-23,1046,148,-108,1,-172,88,-347,0,0,1000,-7,-33,1000,346,182,134,69,69,0,0,0,0,0,0,0,0,0,0,4,21681,11459,33798,1947931,0,0,0,3685567,5745747,0,13,13,0,0,1000,1000
MPCTASK: EXP,2,124,6196,-52,-53,1044,124,-93,-34,-327,130,-164,0,0,1000,-14,-40,1000,337,137,146,69,69,0,0,0,0,0,0,0,0,0,0,5,23212,11494,34798,1953883,0,0,0,3946030,5915853,0,13,13,0,0,1000,1000
MPCTASK: EXP,2,126,6293,-49,-62,1041,94,-43,-28,-237,80,-34,0,0,1000,-15,-41,1000,335,157,149,69,69,0,0,0,0,0,0,0,0,0,0,4,19227,13237,32551,2250274,0,0,0,3268423,5533826,0,13,13,0,0,1000,1000
MPCTASK: EXP,2,128,6395,-60,-66,1038,58,-2,-9,-263,29,197,0,0,1000,-28,-30,1000,336,64,122,69,69,0,0,0,0,0,0,0,0,0,0,5,25425,9272,34789,1576175,0,0,0,4322261,5914148,0,13,13,0,0,1000,1000
MPCTASK: EXP,2,130,6499,-93,-74,1036,14,37,3,-302,-68,484,0,0,1000,-57,-26,1000,336,113,114,69,69,0,0,0,0,0,0,0,0,0,0,5,23988,14360,38982,2441074,0,0,0,4077902,6627009,0,13,13,0,0,1000,1000
MPCTASK: EXP,2,132,6596,-116,-59,1037,5,88,-5,-169,-202,609,0,0,1000,-71,-9,1000,336,295,234,69,69,0,0,0,0,0,0,0,0,0,0,5,23964,9795,33855,1665028,0,0,0,4073856,5755418,0,13,13,0,0,1000,1000
MPCTASK: EXP,2,134,6691,-135,-44,1040,15,116,-15,-19,-271,572,0,0,1000,-75,-1,1000,336,156,139,69,69,0,0,0,0,0,0,0,0,0,0,3,16425,12315,28831,2093398,0,0,0,2792234,4901305,0,13,13,0,0,1000,1000
MPCTASK: EXP,2,136,6794,-143,-16,1035,51,138,-33,67,-292,513,0,0,1000,-71,16,1000,328,42,144,69,69,0,0,0,0,0,0,0,0,0,0,4,21047,10881,32163,1849732,0,0,0,3577965,5467698,0,13,13,0,0,1000,1000
MPCTASK: EXP,2,138,6896,-152,4,1032,88,126,-22,179,-286,443,0,0,1000,-71,27,1000,327,204,163,69,69,0,0,0,0,0,0,0,0,0,0,5,23416,10294,34153,1749930,0,0,0,3980554,5806204,0,13,13,0,0,1000,1000
MPCTASK: EXP,2,140,6995,-150,21,1028,122,105,-29,214,-226,407,0,0,1000,-63,31,1000,322,237,188,69,69,0,0,0,0,0,0,0,0,0,0,4,18372,13503,31963,2295462,0,0,0,3123098,5433695,0,13,13,0,0,1000,1000
MPCTASK: EXP,2,142,7091,-141,38,1028,154,77,0,286,-145,328,0,0,1000,-54,30,1000,328,159,131,69,69,0,0,0,0,0,0,0,0,0,0,4,17566,11105,28759,1887795,0,0,0,2986191,4889070,0,13,13,0,0,1000,1000
MPCTASK: EXP,2,144,7196,-140,52,1027,153,41,-32,338,-39,252,0,0,1000,-61,30,1000,321,107,142,69,69,0,0,0,0,0,0,0,0,0,0,5,22820,10781,33689,1832723,0,0,0,3879264,5727112,0,13,13,0,0,1000,1000
MPCTASK: EXP,2,146,7300,-125,45,1026,152,1,-12,22,12,177,0,0,1000,-50,30,1000,323,136,132,69,69,0,0,0,0,0,0,0,0,0,0,5,24941,13046,38282,2217852,0,0,0,4239893,6508050,0,13,13,0,0,1000,1000
MPCTASK: EXP,2,148,7399,-115,45,1027,149,-7,26,51,0,2,0,0,1000,-44,24,1000,327,100,84,69,69,0,0,0,0,0,0,0,0,0,0,5,21512,14881,36714,2529722,0,0,0,3656987,6241540,0,13,13,0,0,1000,1000
MPCTASK: EXP,2,150,7495,-121,54,1027,125,-14,7,80,3,-107,0,0,1000,-56,29,1000,327,209,153,69,69,0,0,0,0,0,0,0,0,0,0,4,21393,11569,33056,1966639,0,0,0,3636689,5619584,0,13,13,0,0,1000,1000
MPCTASK: EXP,2,152,7603,-120,51,1026,106,-43,-28,208,41,-215,0,0,1000,-64,16,1000,320,86,139,69,69,0,0,0,0,0,0,0,0,0,0,5,27263,13493,40848,2293795,0,0,0,4634735,6944142,0,13,13,0,0,1000,1000
MPCTASK: EXP,2,154,7700,-147,45,1026,47,-66,-8,124,-2,-277,0,0,1000,-93,7,1000,324,259,204,69,69,0,0,0,0,0,0,0,0,0,0,5,24060,12506,36904,2126098,0,0,0,4090182,6273728,0,13,13,0,0,1000,1000
MPCTASK: EXP,2,156,7799,-158,31,1022,39,-89,-29,56,-152,-246,0,0,1000,-93,-4,1000,316,223,185,69,69,0,0,0,0,0,0,0,0,0,0,5,23694,11218,35001,1907069,0,0,0,4028039,5950190,0,13,13,0,0,1000,1000
MPCTASK: EXP,2,158,7892,-168,24,1017,50,-96,-65,18,-175,-191,0,0,1000,-98,-7,1000,304,227,201,69,69,0,0,0,0,0,0,0,0,0,0,3,16229,12498,28814,2124640,0,0,0,2758757,4898524,0,13,13,0,0,1000,1000
MPCTASK: EXP,2,160,7996,-166,5,1009,76,-107,-70,-25,-218,-140,0,0,1000,-86,-22,1000,295,268,226,69,69,0,0,0,0,0,0,0,0,0,0,5,21809,11245,33141,1911513,0,0,0,3707407,5634050,0,13,13,0,0,1000,1000
MPCTASK: EXP,2,162,8094,-174,-7,1008,90,-95,-3,-166,-161,-97,0,0,1000,-92,-20,1000,307,288,247,69,69,0,0,0,0,0,0,0,0,0,0,4,19080,11850,31277,2014438,0,0,0,3243524,5317114,0,13,13,0,0,1000,1000
MPCTASK: EXP,2,164,8194,-167,-6,1011,113,-61,4,-81,-166,-144,0,0,1000,-82,-16,1000,311,236,183,69,69,0,0,0,0,0,0,0,0,0,0,4,18705,11836,30630,2011923,0,0,0,3179766,5207096,0,13,13,0,0,1000,1000
MPCTASK: EXP,2,166,8294,-156,-22,1011,134,-57,3,-190,-114,-120,0,0,1000,-72,-18,1000,311,216,166,69,69,0,0,0,0,0,0,0,0,0,0,4,19136,11544,30770,1962417,0,0,0,3253058,5230970,0,13,13,0,0,1000,1000
MPCTASK: EXP,2,168,8397,-141,-33,1011,152,-32,20,-175,-89,-152,0,0,1000,-58,-21,1000,311,213,154,69,69,0,0,0,0,0,0,0,0,0,0,4,20370,13825,34282,2350075,0,0,0,3462826,5828147,0,13,13,0,0,1000,1000
MPCTASK: EXP,2,170,8492,-135,-40,1013,146,-3,19,-171,-1,-152,0,0,1000,-59,-20,1000,313,272,214,69,69,0,0,0,0,0,0,0,0,0,0,3,16241,11651,28119,1980498,0,0,0,2760987,4780198,0,13,13,0,0,1000,1000
MPCTASK: EXP,2,172,8599,-121,-48,1014,147,16,3,-155,12,-124,0,0,1000,-51,-22,1000,314,218,167,69,69,0,0,0,0,0,0,0,0,0,0,4,21116,13584,34786,2308814,0,0,0,3589592,5913837,0,13,13,0,0,1000,1000
MPCTASK: EXP,2,174,8697,-112,-40,1017,134,45,-3,-58,55,-152,0,0,1000,-49,-16,1000,317,147,130,69,69,0,0,0,0,0,0,0,0,0,0,4,20790,11941,33066,2029800,0,0,0,3534297,5621192,0,13,13,0,0,1000,1000
MPCTASK: EXP,2,176,8803,-117,-29,1015,100,50,-40,8,87,-201,0,0,1000,-64,-5,1000,307,172,169,69,69,0,0,0,0,0,0,0,0,0,0,5,25869,13178,39137,2240222,0,0,0,4397592,6653476,0,13,13,0,0,1000,1000
MPCTASK: EXP,2,178,8892,-112,-44,1011,82,26,-26,24,17,-313,0,0,1000,-58,-23,1000,305,100,138,69,69,0,0,0,0,0,0,0,0,0,0,3,16805,10584,27682,1799167,0,0,0,2856740,4705998,0,13,13,0,0,1000,1000
MPCTASK: EXP,2,180,8995,-116,-36,1010,69,25,-11,82,-44,-398,0,0,1000,-62,-23,1000,307,224,184,69,69,0,0,0,0,0,0,0,0,0,0,4,20717,9734,30539,1654654,0,0,0,3521818,5191601,0,13,13,0,0,1000,1000
MPCTASK: EXP,2,182,9099,-112,-44,1008,73,1,-19,47,-52,-396,0,0,1000,-59,-34,1000,304,271,237,69,69,0,0,0,0,0,0,0,0,0,0,4,18996,15643,34727,2659275,0,0,0,3229254,5903656,0,13,13,0,0,1000,1000
MPCTASK: EXP,2,184,9202,-119,-46,1004,65,-7,-23,0,-101,-353,0,0,1000,-62,-33,1000,299,184,166,69,69,0,0,0,0,0,0,0,0,0,0,5,27854,9449,37695,1606367,0,0,0,4735017,6408312,0,13,13,0,0,1000,1000
MPCTASK: EXP,2,186,9297,-120,-57,1005,77,-21,-9,37,-127,-309,0,0,1000,-59,-48,1000,303,199,166,69,69,0,0,0,0,0,0,0,0,0,0,4,20050,11716,31854,1991625,0,0,0,3408514,5415265,0,13,13,0,0,1000,1000
MPCTASK: EXP,2,188,9401,-107,-76,1002,101,-38,-8,-88,-97,-291,0,0,1000,-43,-59,1000,301,206,172,69,69,0,0,0,0,0,0,0,0,0,0,5,21429,14753,36270,2507921,0,0,0,3642933,6165980,0,13,13,0,0,1000,1000
MPCTASK: EXP,2,190,9493,-94,-96,1002,122,-43,-7,-149,-71,-255,0,0,1000,-32,-68,1000,301,49,119,69,69,0,0,0,0,0,0,0,0,0,0,3,18144,10403,28635,1768490,0,0,0,3084407,4868025,0,13,13,0,0,1000,1000
MPCTASK: EXP,2,192,9595,-86,-119,1004,128,-23,21,-312,-54,-222,0,0,1000,-26,-73,1000,304,253,189,69,69,0,0,0,0,0,0,0,0,0,0,4,19333,11505,31223,1955763,0,0,0,3286513,5308015,0,13,13,0,0,1000,1000
MPCTASK: EXP,2,194,9698,-57,-126,1007,150,18,26,-235,42,-297,0,0,1000,-5,-73,1000,307,209,150,69,69,0,0,0,0,0,0,0,0,0,0,4,19642,13460,33192,2288245,0,0,0,3280524,5642713,0,13,13,0,0,1000,1000
MPCTASK: EXP,2,196,9805,-44,-135,1011,139,49,30,-291,110,-307,0,0,1000,-1,-66,1000,311,292,230,69,69,0,0,0,0,0,0,0,0,0,0,5,28255,11267,40234,1915294,0,0,0,4803250,6840002,0,13,13,0,0,1000,1000
MPCTASK: EXP,2,198,9897,-48,-127,1012,104,99,23,-205,118,-329,0,0,1000,-14,-52,1000,312,264,200,69,69,0,0,0,0,0,0,0,0,0,0,5,22701,9846,32641,1673649,0,0,0,3859200,5549025,0,13,13,0,0,1000,1000
MPCTASK: EXP,2,200,9998,-40,-123,1014,89,128,7,-193,79,-273,0,0,1000,-10,-42,1000,314,275,217,69,69,0,0,0,0,0,0,0,0,0,0,5,20771,12874,33990,2188470,0,0,0,3530966,5778384,0,13,13,0,0,1000,1000
MPCTASK: EXP,2,202,10090,-37,-116,1016,71,146,-6,-71,59,-260,0,0,1000,-11,-40,1000,315,287,255,69,69,0,0,0,0,0,0,0,0,0,0,3,14117,11327,25814,1925646,0,0,0,2399889,4388494,0,13,13,0,0,1000,1000
MPCTASK: EXP,2,204,10205,-31,-118,1017,60,147,9,-117,48,-284,0,0,1000,-5,-40,1000,317,53,100,69,69,0,0,0,0,0,0,0,0,0,0,5,26651,13385,40124,2275510,0,0,0,4530641,6821118,0,13,13,0,0,1000,1000
MPCTASK: EXP,2,206,10305,-46,-105,1018,38,154,6,8,-5,-373,0,0,1000,-23,-35,1000,318,267,224,69,69,0,0,0,0,0,0,0,0,0,0,5,27499,12540,40425,2131692,0,0,0,4674752,6872206,0,13,13,0,0,1000,1000
MPCTASK: EXP,2,208,10393,-58,-95,1018,27,154,2,-45,-49,-338,0,0,1000,-29,-25,1000,318,201,155,69,69,0,0,0,0,0,0,0,0,0,0,3,15875,12348,28580,2099083,0,0,0,2698737,4858654,0,13,13,0,0,1000,1000
MPCTASK: EXP,2,210,10500,-64,-85,1015,36,153,-18,10,-103,-342,0,0,1000,-32,-23,1000,311,181,158,69,69,0,0,0,0,0,0,0,0,0,0,5,23666,10909,34663,1854411,0,0,0,4023254,5892793,0,13,13,0,0,1000,1000
MPCTASK: EXP,2,212,10593,-62,-81,1014,47,140,-11,-24,-93,-279,0,0,1000,-26,-20,1000,312,273,230,69,69,0,0,0,0,0,0,0,0,0,0,4,15902,12074,28064,2052514,0,0,0,2703254,4771029,0,13,13,0,0,1000,1000
MPCTASK: EXP,2,214,10696,-72,-56,1019,46,157,45,27,-120,-391,0,0,1000,-30,-2,1000,319,135,83,69,69,0,0,0,0,0,0,0,0,0,0,5,19954,11236,31278,1910157,0,0,0,3392118,5317421,0,13,13,0,0,1000,1000
MPCTASK: EXP,2,216,10795,-78,-45,1022,53,142,16,44,-121,-335,0,0,1000,-35,1,1000,322,257,195,69,69,0,0,0,0,0,0,0,0,0,0,4,17803,11953,30115,2031878,0,0,0,3026390,5119684,0,13,13,0,0,1000,1000
MPCTASK: EXP,2,218,10897,-84,-40,1020,58,114,-51,140,-126,-273,0,0,1000,-37,-2,1000,310,31,159,69,69,0,0,0,0,0,0,0,0,0,0,4,20686,10932,31704,1858325,0,0,0,3516506,5389790,0,13,13,0,0,1000,1000
MPCTASK: EXP,2,220,11001,-84,-37,1017,77,98,-28,9,-132,-221,0,0,1000,-34,-1,1000,311,227,190,69,69,0,0,0,0,0,0,0,0,0,0,5,24400,11238,35724,1910279,0,0,0,4147909,6073162,0,13,13,0,0,1000,1000
MPCTASK: EXP,2,222,11097,-65,-42,1016,107,72,-17,83,-90,-238,0,0,1000,-15,-16,1000,313,194,164,69,69,0,0,0,0,0,0,0,0,0,0,4,18794,12750,31641,2167486,0,0,0,3195059,5379067,0,13,13,0,0,1000,1000
MPCTASK: EXP,2,224,11195,-55,-41,1014,111,48,-32,179,-23,-277,0,0,1000,-9,-28,1000,308,289,245,69,69,0,0,0,0,0,0,0,0,0,0,4,17565,11247,28908,1911908,0,0,0,2986088,4914520,0,13,13,0,0,1000,1000
MPCTASK: EXP,2,226,11302,-43,-47,1006,110,7,-67,111,71,-268,0,0,1000,-8,-39,1000,293,233,212,69,69,0,0,0,0,0,0,0,0,0,0,5,22275,12551,34915,2133584,0,0,0,3786566,5935666,0,13,13,0,0,1000,1000
MPCTASK: EXP,2,228,11403,-40,-54,1001,87,-8,-34,14,86,-266,0,0,1000,-11,-45,1000,294,171,168,69,69,0,0,0,0,0,0,0,0,0,0,5,22128,14909,37130,2534491,0,0,0,3761639,6312205,0,13,13,0,0,1000,1000
MPCTASK: EXP,2,230,11504,-35,-57,1001,70,-5,0,-80,81,-302,0,0,1000,-12,-41,1000,301,143,130,69,69,0,0,0,0,0,0,0,0,0,0,5,25316,11844,37833,2013563,0,0,0,4303642,6431772,0,13,13,0,0,1000,1000
MPCTASK: EXP,2,232,11603,-26,-73,998,63,-13,-9,-94,38,-339,0,0,1000,-3,-49,1000,296,242,204,69,69,0,0,0,0,0,0,0,0,0,0,5,25821,10937,37032,1859277,0,0,0,4389625,6295486,0,13,13,0,0,1000,1000
MPCTASK: EXP,2,234,11697,-25,-81,997,51,0,-9,-147,12,-349,0,0,1000,-2,-48,1000,295,132,135,69,69,0,0,0,0,0,0,0,0,0,0,4,19804,10438,30331,1774270,0,0,0,3366677,5156244,0,13,13,0,0,1000,1000
MPCTASK: EXP,2,236,11801,-24,-84,1000,50,32,40,-208,-10,-381,0,0,1000,-2,-43,1000,300,56,73,69,69,0,0,0,0,0,0,0,0,0,0,4,18994,15709,34790,2670520,0,0,0,3228783,5914429,0,13,13,0,0,1000,1000
MPCTASK: EXP,2,238,11899,-3,-86,1004,74,40,27,-82,4,-458,0,0,1000,15,-46,1000,304,206,150,69,69,0,0,0,0,0,0,0,0,0,0,4,19927,13116,33132,2229660,0,0,0,3387572,5632506,0,13,13,0,0,1000,1000
MPCTASK: EXP,2,240,12000,5,-78,1003,70,58,-8,-70,69,-432,0,0,1000,18,-37,1000,301,246,206,69,69,0,0,0,0,0,0,0,0,0,0,4,20389,13350,34038,2269444,0,0,0,3466082,5786546,0,13,13,0,0,1000,1000
MPCTASK: TRAJ DONE: idx=240, max=240; requesting landing
MPCTASK: LANDING: start z=1.0, hold=(0.01,-0.07)
MPCTASK: POSTHOC SUMMARY: active=13 infeasible=13
MPCTASK: LANDING COMPLETE: t=19111 ms, x=0.007, y=-0.058, z=-0.005, vz=-0.082; motors off
SUP: Disarming