---
SYS: Crazyflie 2.1 Brushless is up and running!
SYS: Build 2:de14ff9f08ae (2025.09.1 +2) MODIFIED
SYS: I am 0x373930393434471500370039 and I have 1024KB of flash!
CFGBLK: v1, verification [OK]
DECK_DISCOVERY: Backend found: onewire
DECK_DISCOVERY: Backend found: deckctrl
DECK_CORE: 1 deck(s) found
DECK_CORE: Calling INIT on driver bcFlow2 for deck 0
ZR2: Z-down sensor [OK]
PMW: Motion chip id: 0x49:0xB6
IMU: BMI088: Using I2C interface.
IMU: BMI088 Gyro connection [OK].
IMU: BMI088 Accel connection [OK]
IMU: BMP390 I2C connection [OK]
ESTIMATOR: Using Kalman (2) estimator
CONTROLLER: Using PID (1) controller
MTR-DRV: Using brushless motor driver
SYS: About to run tests in system.c.
SYS: NRF51 version: 2026.04 (C21B)
EEPROM: I2C connection [OK].
STORAGE: Storage check [OK].
IMU: BMI088 gyro self-test [OK]
DECK_CORE: Deck 0 test [OK].
SYS: Self test passed!
STAB: Wait for sensor calibration...
SYS: Free heap: 15048 bytes
MPCTASK: Waiting for activation ...
STAB: Starting stabilizer loop
STAB: WARNING: stabilizer loop rate is off (1004)
SUP: Ready to fly
MPCTASK: Benchmark mode 3, maneuver 0, max_iter 5, task_pri 0
MPCTASK: Reference altitude: 0.70 m; barrier skip when z>0.75 and vz>-0.20
MPCTASK: Common baseline: mpc_hz=20 model_hz=20 rho=5 base_w=0 base_qz=1 Qz=100 R=4 bridge=x10 guards=z[ref,ref+0.20] xy=free cap=0.05
MPCTASK: LIMO adaptive: cache=16x4 evals=1 timing=bar/rl/cache_cycles
MPCTASK: EXP every=2: m,s,tms,p3[mm],v3[mmps],att3[cdeg],ref3[mm],cmd3[mm],h/raw/grad/mar/thr[milli],act/ac/bind,wi/qi/cache/noa,pa/pf/du[milli],it,mpc/eval/total[us],bar/tanh/rl/cache/solve/step[cycles],overruns,post_active/post_infeasible_totals,wreq/w/qzreq/qz[milli],max_step_cycles
CONTROLLER: Using OutOfTree (6) controller
MPCTASK: OOT activated at z=0.54
MPCTASK: OOT loop 1 done
MPCTASK: OOT loop 2 done
MPCTASK: OOT loop 3 done
MPCTASK: MPC task loop 1
MPCTASK: Benchmark reset: mode=3 maneuver=0
MPCTASK: x0: pos=(0.04,0.21,0.54) vel=(-0.04,-0.02,0.01)
MPCTASK: ref: (0.0,0.0,0.70)
MPCTASK: SAFE TV mode=3: h=0.0 raw=0.0 grad=0.0 margin=0.0 thr=0.0 active0=0 active_count=0 eval=11539 us
MPCTASK: MPC solve start
MPCTASK: MPC solve done, iter=5
MPCTASK: MPC time=26567 us
MPCTASK: MPC stack free=865 words
MPCTASK: setpoint: x=0.01 y=0.18 z=0.70 preview_z=0.63
MPCTASK: MPC task loop 2
MPCTASK: MPC task loop 3
MPCTASK: EXP,3,2,90,37,210,545,-55,-17,-16,-163,41,-29,0,0,700,12,189,700,0,0,0,0,0,0,0,0,15,1,1,1,0,0,0,5,25362,11707,37920,1990072,0,1787,82677,4311512,6446402,0,0,0,995,1000,1080,1133,7543369
MPCTASK: EXP,3,4,185,29,212,536,-57,3,-178,-71,-55,0,0,0,700,11,189,700,0,0,0,0,0,0,0,0,15,1,1,1,0,0,0,4,19952,10563,31167,1795601,0,1769,90406,3391736,5298479,0,0,0,996,1000,1195,1133,7543369
MPCTASK: EXP,3,6,279,21,212,514,-49,11,-224,-20,-110,35,0,0,700,11,187,700,0,0,0,0,0,0,0,0,15,2,1,1,0,0,0,3,13922,10611,25813,1803894,0,1764,135547,2366661,4388365,0,0,0,996,1000,1268,1266,7543369
MPCTASK: EXP,3,8,384,15,218,503,-30,15,47,56,-98,75,0,0,700,10,188,700,0,0,0,0,0,0,0,0,15,2,1,1,0,0,0,4,18839,11159,30658,1896998,0,20764,39800,3202547,5211875,0,0,0,996,1000,1316,1266,7543369
MPCTASK: EXP,3,10,491,20,221,517,0,3,185,122,-60,130,0,0,700,22,181,700,0,0,0,0,0,0,0,0,15,3,1,1,0,0,0,5,25057,11423,38075,1941834,0,1953,117397,4259598,6472873,0,0,0,996,1000,1346,1400,7543369
MPCTASK: Cache level changed: 0 -> 1
MPCTASK: EXP,3,12,587,21,219,536,6,-22,199,154,-2,167,0,0,700,21,169,700,-163,92,715,69,300,1,3,3,15,3,1,1,0,0,0,5,23608,9664,33944,1642750,0,1768,88734,4013173,5770541,0,0,0,996,1000,1365,1400,7543369
MPCTASK: EXP,3,14,688,32,214,557,19,-49,175,141,56,194,0,0,700,31,155,700,-142,103,701,69,300,1,3,3,15,3,1,1,0,0,0,5,24926,9099,34896,1546664,0,1768,123196,4237267,5932449,0,0,0,996,1000,1378,1400,7543369
MPCTASK: EXP,3,16,794,33,202,571,7,-82,122,127,77,224,0,0,700,24,134,700,-128,117,805,69,300,1,3,3,15,3,1,1,0,0,0,5,26102,13213,40388,2246159,0,1950,127362,4437352,6866051,0,0,0,996,1000,1385,1400,7594890
MPCTASK: EXP,3,18,889,33,190,582,-4,-105,113,87,75,239,0,0,700,21,120,700,-117,123,848,69,300,1,3,3,15,3,1,1,0,0,0,5,23877,10618,35648,1804865,0,1768,147407,4059067,6060283,0,0,0,996,1000,1390,1400,7594890
MPCTASK: EXP,3,20,994,30,179,595,-19,-119,120,76,66,254,0,0,700,12,104,700,-104,126,792,69,300,1,3,3,15,3,1,1,0,0,0,5,27183,11887,39775,2020765,0,1931,94495,4621055,6761845,0,0,0,996,1000,1394,1400,7594890
MPCTASK: EXP,3,22,1086,21,163,609,-37,-138,119,71,34,250,0,0,700,-5,83,700,-90,128,708,69,300,1,3,3,15,3,1,1,0,0,0,5,21463,10778,32880,1832151,0,1768,58361,3648593,5589719,0,0,0,996,1000,1396,1400,7594890
MPCTASK: EXP,3,24,1190,14,147,620,-45,-149,100,29,-16,222,0,0,700,-11,73,700,-79,131,684,69,300,1,3,3,15,3,1,1,0,0,0,5,24873,11140,36852,1893710,0,2173,76305,4228367,6265034,0,0,0,996,1000,1397,1400,7594890
MPCTASK: EXP,3,26,1292,6,131,629,-45,-154,79,0,-33,169,0,0,700,-7,59,700,-70,138,701,69,300,1,3,3,15,3,1,1,0,0,0,5,25952,11242,38755,1910711,0,1768,91992,4411743,6588411,0,0,0,996,1000,1398,1400,7594890
MPCTASK: EXP,3,28,1393,2,114,639,-38,-152,88,-53,-51,97,0,0,700,-7,53,700,-60,144,728,69,300,1,3,3,15,3,1,1,0,0,0,5,26379,11774,39005,2001634,0,2100,94644,4484415,6631011,0,0,0,995,1000,1399,1400,7594890
MPCTASK: EXP,3,30,1493,0,98,648,-29,-149,86,0,-40,51,0,0,700,-6,34,700,-51,152,816,69,300,1,3,3,15,3,1,1,0,0,0,5,25910,11294,38876,1919905,0,1934,160110,4404527,6609073,0,0,0,995,1000,1399,1400,7594890
MPCTASK: EXP,3,32,1595,0,81,657,-15,-149,76,-38,-61,32,0,0,700,1,19,700,-42,153,743,69,300,1,3,3,15,3,1,1,0,0,0,5,27913,11494,40619,1953993,0,1768,162064,4745087,6905269,0,0,0,995,1000,1399,1400,7594890
MPCTASK: EXP,3,34,1694,4,69,664,3,-137,78,-58,-71,43,0,0,700,11,16,700,-35,162,830,69,300,1,3,3,15,3,1,1,0,0,0,5,27849,11825,39975,2010281,0,1768,24111,4734167,6795753,0,0,0,995,1000,1399,1400,7594890
MPCTASK: EXP,3,36,1793,12,58,676,25,-123,81,-60,-63,74,0,0,700,32,7,700,-23,152,650,69,300,1,3,3,15,3,1,1,0,0,0,5,25133,11869,37820,2017700,0,1768,84161,4272555,6429427,0,0,0,994,1000,1399,1400,7594890
MPCTASK: EXP,3,38,1894,25,52,682,44,-101,39,-121,16,128,0,0,700,36,22,700,-17,171,766,69,300,1,3,3,15,3,1,1,0,0,0,5,25803,11616,39848,1974737,0,1768,387102,4386411,6774252,0,0,0,994,1000,1399,1400,7594890
MPCTASK: EXP,3,40,1991,34,48,687,46,-76,18,-104,43,151,0,0,700,41,22,700,-12,176,762,69,300,1,3,3,15,3,1,1,0,0,0,5,25383,10015,36572,1702478,0,1985,174623,4314928,6217316,0,0,0,994,1000,1399,1400,7594890
MPCTASK: EXP,3,42,2089,41,43,686,39,-49,-2,-178,90,152,0,0,700,44,32,700,-14,177,705,69,300,1,3,3,15,3,1,1,0,0,0,5,22702,10798,34314,1835455,0,1776,67459,3859284,5833518,0,0,0,994,1000,1399,1400,7594890
MPCTASK: EXP,3,44,2200,46,40,691,21,-15,49,-156,173,192,0,0,700,36,48,700,-8,107,494,69,300,1,3,3,15,3,1,1,0,0,0,5,29581,13320,44400,2264318,0,1892,96922,5028711,7548246,0,0,0,994,1000,1399,1400,7594890
MPCTASK: EXP,3,46,2296,46,45,697,-10,14,44,-146,149,233,0,0,700,23,56,700,-2,153,573,69,300,1,3,3,15,3,1,1,0,0,0,5,25294,13467,40197,2289436,0,2640,38250,4299816,6833653,0,0,0,994,1000,1399,1400,7594890
MPCTASK: EXP,3,48,2396,38,59,695,-38,49,-4,-140,92,248,0,0,700,13,79,700,-5,179,710,69,300,1,3,3,15,3,1,1,0,0,0,5,28018,12388,40984,2105863,0,2114,72653,4763079,6967394,0,0,0,994,1000,1399,1400,7594890
MPCTASK: EXP,3,50,2494,29,79,693,-65,84,-32,-9,130,319,0,0,700,-8,97,700,-13,154,512,69,300,1,3,3,15,3,1,1,0,0,0,5,24230,12876,38083,2188825,0,1768,65755,4119023,6474201,0,0,0,994,1000,1399,1400,7594890
MPCTASK: EXP,3,52,2595,12,93,689,-97,78,-34,224,139,355,0,0,700,-32,85,700,-17,125,516,69,300,1,3,3,15,3,1,1,0,0,0,5,23912,13222,37832,2247732,0,1769,23283,4064987,6431568,0,0,0,994,1000,1399,1400,7594890
MPCTASK: EXP,3,54,2695,-15,108,686,-130,52,-47,179,-3,400,0,0,700,-56,96,700,-22,181,635,69,300,1,3,3,15,3,1,1,0,0,0,5,25124,13167,38953,2238224,0,1768,87656,4271043,6622225,0,0,0,994,1000,1399,1400,7594890
MPCTASK: EXP,3,56,2796,-41,114,683,-135,15,-17,370,-84,389,0,0,700,-73,70,700,-19,136,538,69,300,1,3,3,15,3,1,1,0,0,0,5,27630,10384,39344,1765080,0,1768,123411,4697087,6688557,0,0,0,994,1000,1399,1400,7594890
MPCTASK: EXP,3,58,2896,-72,115,684,-137,-47,18,291,-168,337,0,0,700,-93,57,700,-15,126,516,69,300,1,3,3,15,3,1,1,0,0,0,5,25296,13823,39544,2349770,0,1776,46926,4300219,6722982,0,0,0,994,1000,1399,1400,7594890
MPCTASK: EXP,3,60,2993,-95,108,682,-119,-88,-5,144,-239,294,0,0,700,-98,56,700,-18,5,953,69,300,1,3,3,15,3,1,1,0,0,0,5,21598,13583,36790,2309093,0,108479,102274,3671584,6254389,0,0,0,995,1000,1399,1400,7594890
MPCTASK: EXP,3,62,3095,-126,97,681,-95,-103,-31,110,-322,235,0,0,700,-115,42,700,-24,131,532,69,300,1,3,3,15,3,1,1,0,0,0,5,26208,11903,38878,2022907,0,1769,37800,4455279,6609295,0,0,0,995,1000,1399,1400,7594890
MPCTASK: EXP,3,64,3196,-141,87,682,-50,-113,31,118,-289,151,0,0,700,-112,27,700,-17,112,522,69,300,1,3,3,15,3,1,1,0,0,0,5,25537,13977,40050,2376058,0,1768,64239,4341327,6808700,0,0,0,995,1000,1399,1400,7594890
MPCTASK: EXP,3,66,3297,-165,74,686,-20,-125,28,16,-388,143,0,0,700,-114,24,700,-13,57,704,69,300,1,3,3,15,3,1,1,0,0,0,5,25888,13151,40119,2235719,0,2166,24273,4400896,6820369,0,0,0,995,1000,1399,1400,7594890
MPCTASK: EXP,3,68,3398,-179,59,690,30,-118,57,-91,-441,52,0,0,700,-109,18,700,-9,130,554,69,300,1,3,3,15,3,1,1,0,0,0,5,27279,14018,41673,2382960,0,1776,38336,4637435,7084490,0,0,0,996,1000,1399,1400,7594890
MPCTASK: EXP,3,70,3491,-175,43,698,100,-108,83,-114,-388,-47,0,0,700,-85,11,700,-1,179,738,69,300,1,3,3,15,3,1,1,0,0,0,5,21964,12021,34880,2043596,0,1768,126678,3733811,5929685,0,0,0,995,1000,1399,1400,7594890
MPCTASK: EXP,3,72,3595,-162,31,702,166,-95,47,-90,-367,-108,0,0,700,-46,2,700,2,153,577,69,300,1,3,3,15,3,1,1,0,0,0,5,25538,11346,38832,1928899,0,24932,220099,4341311,6601412,0,0,0,995,1000,1399,1400,7594890
MPCTASK: EXP,3,74,3695,-140,23,706,223,-81,50,-98,-256,-120,0,0,700,-15,-4,700,6,142,527,69,300,1,3,3,15,3,1,1,0,0,0,5,25844,10586,37859,1799517,0,194986,24236,4393356,6436185,0,0,0,995,1000,1399,1400,7594890
MPCTASK: EXP,3,76,3796,-120,15,714,249,-61,59,-128,-86,-91,0,0,700,1,6,700,14,128,462,69,300,1,3,3,15,3,1,1,0,0,0,5,26047,12347,38924,2098846,0,1768,65155,4427759,6617153,0,0,0,994,1000,1399,1400,7594890
MPCTASK: EXP,3,78,3896,-91,9,719,260,-43,51,-118,46,-51,0,0,700,21,0,700,19,145,496,69,300,1,3,3,15,3,1,1,0,0,0,5,26790,12095,39814,2055987,0,1771,23285,4554079,6768344,0,0,0,993,1000,1399,1400,7594890
MPCTASK: EXP,3,80,3995,-60,3,722,250,-27,38,-61,109,-68,0,0,700,21,2,700,22,173,654,69,300,1,3,3,15,3,1,1,0,0,0,5,24779,13235,38765,2249885,0,1776,100540,4212471,6590074,0,0,0,992,1000,1399,1400,7594890
MPCTASK: EXP,3,82,4094,-31,0,729,232,-19,55,-83,197,-122,0,0,700,34,0,700,29,174,657,69,300,1,3,3,15,3,1,1,0,0,0,5,23158,11597,35180,1971373,0,2748,45014,3936787,5980754,0,0,0,990,1000,1399,1400,7594890
MPCTASK: EXP,3,84,4200,-9,-3,732,199,-10,20,-34,202,-196,0,0,700,39,-4,700,32,178,639,69,300,1,3,3,15,3,1,1,0,0,0,5,29088,10592,41348,1800492,0,1769,194193,4944891,7029628,0,0,0,988,1000,1399,1400,7594890
MPCTASK: EXP,3,86,4295,11,-4,733,171,-9,-4,60,191,-217,0,0,700,53,-9,700,32,83,638,69,300,1,3,3,15,3,1,1,0,0,0,5,23612,12194,36265,2072815,0,1768,23424,4013992,6165063,0,0,0,987,1000,1399,1400,7594890
MPCTASK: EXP,3,88,4396,19,-14,730,140,-32,-49,121,141,-266,0,0,700,50,-33,700,20,149,475,69,300,1,3,3,15,3,1,1,0,0,0,5,24544,11236,37241,1910044,0,1776,70089,4172367,6354656,0,0,0,988,1000,1399,1400,7594890
MPCTASK: EXP,3,90,4493,30,-27,728,103,-71,-17,138,137,-286,0,0,700,45,-54,700,25,42,854,69,300,1,3,3,15,3,1,1,0,0,0,5,22626,11540,34895,1961568,0,2682,23432,3846379,5932284,0,0,0,989,1000,1399,1400,7594890
MPCTASK: EXP,3,92,4592,35,-48,726,56,-106,-20,128,262,-419,0,0,700,30,-90,700,22,84,652,69,300,1,3,1,15,3,1,1,0,0,0,5,22436,10714,33828,1821447,0,2642,88291,3813992,5750804,0,0,0,989,1000,1399,1400,7594890
MPCTASK: EXP,3,94,4698,27,-77,726,5,-139,-27,-71,236,-361,0,0,700,8,-101,700,20,-14,880,69,300,1,3,3,15,3,1,1,0,0,0,5,26495,12427,39474,2112527,0,1927,68425,4504079,6710559,0,0,0,990,1000,1399,1400,7594890
MPCTASK: EXP,3,96,4796,18,-105,722,-23,-120,-20,-492,86,-81,0,0,700,-1,-89,700,18,-12,897,69,300,1,3,1,15,3,1,1,0,0,0,5,25725,11190,37565,1902181,0,1768,85514,4373179,6386145,0,0,0,990,1000,1399,1400,7594890
MPCTASK: EXP,3,98,4897,13,-128,722,-46,-33,18,-640,54,160,0,0,700,-6,-67,700,22,102,686,69,300,1,3,2,15,3,1,1,0,0,0,5,24325,12903,38554,2193340,0,1880,124061,4135136,6554386,0,0,0,990,1000,1399,1400,7594890
MPCTASK: EXP,3,100,5002,-8,-128,725,-73,73,28,-564,-17,232,0,0,700,-30,-39,700,25,84,681,69,300,1,3,3,15,3,1,1,0,0,0,5,31676,11831,44203,2011195,0,1776,23119,5384695,7514501,0,0,0,990,1000,1399,1400,7594890
MPCTASK: EXP,3,102,5095,-19,-111,724,-75,167,2,-419,-47,272,0,0,700,-39,0,700,24,127,552,69,300,1,3,3,15,3,1,1,0,0,0,5,24089,11560,36422,1965249,0,1768,53367,4095031,6191910,0,0,0,990,1000,1399,1400,7594890
MPCTASK: EXP,3,104,5196,-21,-91,724,-62,223,-6,-244,-65,250,0,0,700,-39,22,700,23,155,521,69,300,1,3,3,15,3,1,1,0,0,0,5,24138,12823,37791,2179762,0,1768,65332,4103331,6424484,0,0,0,990,1000,1399,1400,7594890
MPCTASK: EXP,3,106,5300,-26,-55,720,-48,267,-26,-18,-107,126,0,0,700,-26,35,700,15,-2,903,69,300,1,3,3,15,3,1,1,0,0,0,5,27709,12507,41180,2126026,0,1768,23119,4710335,7000571,0,0,0,990,1000,1399,1400,7594890
MPCTASK: EXP,3,108,5394,-30,-25,718,-26,258,0,167,-74,-61,0,0,700,-31,48,700,18,11,933,69,300,1,3,3,15,3,1,1,0,0,0,5,24065,10604,35548,1802639,0,1769,124222,4091072,6043205,0,0,0,990,1000,1399,1400,7594890
MPCTASK: EXP,3,110,5497,-26,3,720,0,211,44,429,-162,-286,0,0,700,-10,37,700,20,110,562,69,300,1,3,3,15,3,1,1,0,0,0,5,25169,12408,38182,2109275,0,1768,77816,4278567,6490953,0,0,0,989,1000,1399,1400,7594890
MPCTASK: EXP,3,112,5594,-18,15,729,28,134,60,503,-163,-415,0,0,700,6,14,700,29,161,592,69,300,1,3,3,15,3,1,1,0,0,0,5,22964,10889,35091,1851134,0,1776,90176,3903815,5965597,0,0,0,988,1000,1399,1400,7594890
MPCTASK: EXP,3,114,5695,-8,19,734,59,38,27,395,-114,-408,0,0,700,23,0,700,34,22,786,69,300,1,3,3,15,3,1,1,0,0,0,5,22057,11248,33967,1912016,0,1769,87394,3749615,5774405,0,0,0,986,1000,1399,1400,7594890
MPCTASK: EXP,3,116,5801,2,2,732,83,-39,-48,260,-123,-321,0,0,700,42,-35,700,22,202,655,69,300,1,3,3,15,3,1,1,0,0,0,5,27755,12842,41066,2183149,0,1768,54133,4718345,6981201,0,0,0,986,1000,1399,1400,7594890
MPCTASK: EXP,3,118,5901,22,-12,727,106,-85,-63,106,-2,-327,0,0,700,56,-51,700,14,171,498,69,300,1,3,3,15,3,1,1,0,0,0,5,27647,12444,40724,2115302,0,1768,23119,4699859,6923195,0,0,0,988,1000,1399,1400,7594890
MPCTASK: EXP,3,120,5998,40,-31,721,110,-107,-41,-46,109,-297,0,0,700,63,-60,700,12,181,597,69,300,1,3,3,15,3,1,1,0,0,0,5,25665,10372,37206,1763202,0,1776,65103,4362844,6324955,0,0,0,989,1000,1399,1400,7594890
MPCTASK: EXP,3,122,6106,56,-50,720,100,-105,2,-138,128,-239,0,0,700,71,-66,700,20,62,737,69,300,1,3,3,15,3,1,1,0,0,0,5,31394,11516,44465,1957638,0,1768,70319,5336971,7559096,0,0,0,990,1000,1399,1400,7594890
MPCTASK: EXP,3,124,6206,69,-68,722,76,-80,-8,-264,194,-73,0,0,700,73,-64,700,21,76,669,69,300,1,3,3,15,3,1,1,0,0,0,5,31822,11394,44896,1936856,0,1933,129884,5409771,7632457,0,0,0,991,1000,1399,1400,7632457
MPCTASK: EXP,3,126,6301,76,-78,719,48,-34,-51,-261,168,12,0,0,700,65,-61,700,9,51,836,69,300,1,3,3,15,3,1,1,0,0,0,5,25182,11780,38492,2002430,0,1776,66621,4280883,6543701,0,0,0,992,1000,1399,1400,7632457
MPCTASK: EXP,3,128,6399,84,-76,712,24,-9,-108,-78,189,40,0,0,700,66,-62,700,-9,169,481,69,300,1,3,3,15,3,1,1,0,0,0,5,25299,10068,35768,1711417,0,1768,42676,4300779,6080628,0,0,0,993,1000,1399,1400,7632457
MPCTASK: EXP,3,130,6501,82,-83,700,-24,-13,-88,-28,285,124,0,0,700,40,-75,700,-16,89,758,69,300,1,3,3,15,3,1,1,0,0,0,5,27476,10087,38661,1714726,0,1768,65709,4670899,6572427,0,0,0,993,1000,1399,1400,7632457
MPCTASK: EXP,3,132,6599,63,-93,693,-88,-39,-35,142,213,203,0,0,700,7,-107,700,-13,143,499,69,300,1,3,3,15,3,1,1,0,0,0,5,25093,10834,36221,1841719,0,1810,23973,4265771,6157761,0,0,0,994,1000,1399,1400,7632457
MPCTASK: EXP,3,134,6702,44,-110,689,-133,-70,-24,58,152,250,0,0,700,-20,-124,700,-14,186,733,69,300,1,3,3,15,3,1,1,0,0,0,5,26669,12127,39737,2061375,0,1768,89465,4533579,6755303,0,0,0,994,1000,1399,1400,7632457
MPCTASK: EXP,3,136,6800,13,-131,687,-179,-95,-16,-63,18,214,0,0,700,-45,-138,700,-15,0,1085,69,300,1,3,3,15,3,1,1,0,0,0,5,25357,10820,36552,1839413,0,1810,36923,4310587,6214138,0,0,0,994,1000,1399,1400,7632457
MPCTASK: EXP,3,138,6905,-21,-154,686,-181,-86,3,-269,-207,147,0,0,700,-59,-136,700,-13,-3,946,69,300,1,3,3,15,3,1,1,0,0,0,5,28475,11396,41005,1937281,0,1879,167981,4840648,6970959,0,0,0,994,1000,1399,1400,7632457
MPCTASK: EXP,3,140,6999,-55,-171,692,-160,-34,58,-351,-391,96,0,0,700,-70,-129,700,-7,161,628,69,300,1,3,3,15,3,1,1,0,0,0,5,24529,10623,35791,1805919,0,1769,82609,4169959,6084425,0,0,0,995,1000,1399,1400,7632457
MPCTASK: EXP,3,142,7099,-74,-177,699,-108,23,85,-490,-367,38,0,0,700,-69,-102,700,0,190,773,69,300,1,3,3,15,3,1,1,0,0,0,5,23591,10514,35393,1787233,0,74620,24664,4010375,6016866,0,0,0,995,1000,1399,1400,7632457
MPCTASK: EXP,3,144,7202,-85,-171,708,-54,110,84,-476,-300,39,0,0,700,-67,-69,700,8,91,595,69,300,1,3,3,15,3,1,1,0,0,0,5,26304,9829,37952,1670841,0,1768,57333,4471660,6451966,0,0,0,995,1000,1399,1400,7632457
MPCTASK: EXP,3,146,7302,-92,-155,712,-8,181,46,-289,-294,29,0,0,700,-58,-46,700,12,80,602,69,300,1,3,3,15,3,1,1,0,0,0,5,23458,14882,38622,2529864,0,1768,23119,3987724,6565796,0,0,0,995,1000,1399,1400,7632457
MPCTASK: EXP,3,148,7400,-94,-137,716,37,212,38,-138,-269,70,0,0,700,-42,-31,700,16,173,651,69,300,1,3,3,15,3,1,1,0,0,0,5,25989,9857,36595,1675610,0,1768,102075,4418043,6221134,0,0,0,994,1000,1399,1400,7632457
MPCTASK: EXP,3,150,7499,-84,-118,720,81,219,43,44,-147,104,0,0,700,-33,-31,700,20,192,853,69,300,1,3,3,15,3,1,1,0,0,0,5,23405,12408,36480,2109356,0,1885,87441,3978715,6201664,0,0,0,993,1000,1399,1400,7632457
MPCTASK: EXP,3,152,7597,-69,-92,722,113,216,24,117,-66,85,0,0,700,-13,-16,700,22,156,531,69,300,1,3,3,15,3,1,1,0,0,0,5,21644,10303,32973,1751500,0,1769,149377,3679520,5605479,0,0,0,993,1000,1399,1400,7632457
MPCTASK: EXP,3,154,7700,-59,-77,726,113,183,41,192,8,-14,0,0,700,-17,-19,700,26,100,528,69,300,1,3,3,15,3,1,1,0,0,0,5,22351,12838,36865,2182333,0,1810,206264,3799591,6267124,0,0,0,992,1000,1399,1400,7632457
MPCTASK: EXP,3,156,7799,-45,-61,731,115,144,55,309,39,-219,0,0,700,-5,-29,700,31,19,791,69,300,1,3,3,15,3,1,1,0,0,0,5,25599,9033,35806,1535520,0,1950,66575,4351679,6087070,0,0,0,990,1000,1399,1400,7632457
MPCTASK: EXP,3,158,7900,-30,-57,740,99,80,50,335,130,-417,0,0,700,-6,-49,700,40,101,551,69,300,1,3,3,15,3,1,1,0,0,0,5,24350,11014,36413,1872330,0,1776,23119,4139459,6190319,0,0,0,988,1000,1399,1400,7632457
MPCTASK: EXP,3,160,8001,-13,-60,740,86,14,0,305,135,-573,0,0,700,5,-74,700,40,165,551,69,300,1,3,3,15,3,1,1,0,0,0,5,22915,11110,36462,1888644,0,1768,113326,3895399,6198446,0,0,0,985,1000,1399,1400,7632457
MPCTASK: EXP,3,162,8100,-3,-72,739,66,-43,0,194,59,-644,0,0,700,11,-90,700,39,77,661,69,300,1,3,3,15,3,1,1,0,0,0,5,24297,11115,35839,1889072,0,2683,47026,4130351,6092630,0,0,0,984,1000,1399,1400,7632457
MPCTASK: EXP,3,164,8202,7,-92,739,57,-82,-30,36,27,-640,0,0,700,22,-111,700,33,190,670,69,300,1,3,3,15,3,1,1,0,0,0,5,26478,10347,37548,1758871,0,1768,23119,4501248,6383339,0,0,0,985,1000,1399,1400,7632457
MPCTASK: EXP,3,166,8303,10,-108,735,51,-93,-51,-86,39,-635,0,0,700,24,-119,700,24,138,475,69,300,1,3,3,15,3,1,1,0,0,0,5,25107,10967,37635,1864261,0,1768,215844,4268119,6398188,0,0,0,987,1000,1399,1400,7632457
MPCTASK: EXP,3,168,8405,19,-132,729,51,-85,-71,-284,76,-472,0,0,700,29,-119,700,15,160,504,69,300,1,3,3,15,3,1,1,0,0,0,5,23994,15427,40035,2622430,0,1769,79414,4078899,6806034,0,0,0,989,1000,1399,1400,7632457
MPCTASK: EXP,3,170,8499,21,-145,723,35,-48,-79,-281,52,-349,0,0,700,26,-119,700,7,188,533,69,300,1,3,3,15,3,1,1,0,0,0,5,24187,9173,34537,1559329,0,16093,126629,4111819,5871488,0,0,0,991,1000,1399,1400,7632457
MPCTASK: EXP,3,172,8603,19,-162,715,19,-16,-67,-318,44,-213,0,0,700,22,-119,700,1,121,595,69,300,1,3,3,15,3,1,1,0,0,0,5,26887,10489,38444,1783083,0,1769,155918,4570663,6535455,0,0,0,993,1000,1399,1400,7632457
MPCTASK: EXP,3,174,8703,19,-165,709,2,35,-61,-298,148,-19,0,0,700,3,-103,700,-2,87,710,69,300,1,3,3,15,3,1,1,0,0,0,5,26325,10797,37675,1835370,0,1768,46759,4475159,6405012,0,0,0,994,1000,1399,1400,7632457
MPCTASK: EXP,3,176,8801,10,-158,705,-32,86,-43,-297,101,101,0,0,700,-6,-80,700,-3,86,680,69,300,1,3,1,15,3,1,1,0,0,0,5,25080,10270,35999,1745781,0,1768,84944,4263600,6119855,0,0,0,994,1000,1399,1400,7632457
MPCTASK: EXP,3,178,8902,0,-155,702,-55,127,-28,-228,86,96,0,0,700,-25,-75,700,-3,46,829,69,300,1,3,3,15,3,1,1,0,0,0,5,25032,11488,37398,1952951,0,1901,123867,4255407,6357705,0,0,0,994,1000,1399,1400,7632457
MPCTASK: EXP,3,180,9005,-13,-146,699,-75,147,-23,-118,25,11,0,0,700,-35,-70,700,-5,28,945,69,300,1,3,3,15,3,1,1,0,0,0,5,25385,14508,40796,2466354,0,1768,23119,4315391,6935441,0,0,0,994,1000,1399,1400,7632457
MPCTASK: EXP,3,182,9099,-31,-137,697,-86,141,19,49,-114,-84,0,0,700,-46,-74,700,-2,163,614,69,300,1,3,3,15,3,1,1,0,0,0,5,23025,10505,34242,1785802,0,1769,84711,3914054,5821141,0,0,0,994,1000,1399,1400,7632457
MPCTASK: EXP,3,184,9200,-41,-134,702,-72,117,42,49,-154,-146,0,0,700,-47,-80,700,2,117,476,69,300,1,3,3,15,3,1,1,0,0,0,5,24402,10550,35483,1793530,0,1770,65597,4148207,6032274,0,0,0,994,1000,1399,1400,7632457
MPCTASK: EXP,3,186,9303,-46,-124,709,-40,103,63,70,-173,-217,0,0,700,-38,-78,700,9,144,521,69,300,1,3,3,15,3,1,1,0,0,0,5,27606,10041,38241,1706881,0,2636,23431,4692935,6501348,0,0,0,994,1000,1399,1400,7632457
MPCTASK: EXP,3,188,9399,-51,-120,716,-17,82,65,88,-182,-291,0,0,700,-36,-85,700,16,130,478,69,300,1,3,3,15,3,1,1,0,0,0,5,22728,10677,34812,1815102,0,1872,166431,3863687,5918254,0,0,0,993,1000,1399,1400,7632457
MPCTASK: EXP,3,190,9502,-43,-118,722,14,60,50,68,-24,-348,0,0,700,-32,-86,700,22,131,446,69,300,1,3,3,15,3,1,1,0,0,0,5,26183,10287,37363,1748802,0,1768,126459,4451035,6351739,0,0,0,992,1000,1399,1400,7632457
MPCTASK: EXP,3,192,9603,-41,-114,727,26,41,24,88,-109,-462,0,0,700,-19,-92,700,27,149,492,69,300,1,3,3,15,3,1,1,0,0,0,5,23262,13826,38285,2350311,0,1768,51856,3954527,6508459,0,0,0,991,1000,1399,1400,7632457
MPCTASK: EXP,3,194,9701,-36,-120,731,40,20,47,-62,-53,-446,0,0,700,-13,-92,700,31,183,757,69,300,1,3,3,15,3,1,1,0,0,0,5,25728,9339,36444,1587534,0,2147,126417,4373767,6195575,0,0,0,990,1000,1399,1400,7632457
MPCTASK: EXP,3,196,9803,-24,-130,733,63,17,0,-122,-57,-384,0,0,700,4,-95,700,33,105,536,69,300,1,3,3,15,3,1,1,0,0,0,5,27458,10122,38579,1720678,0,1768,67025,4667716,6558421,0,0,0,990,1000,1399,1400,7632457
MPCTASK: EXP,3,198,9903,-11,-129,734,78,44,-21,-231,37,-291,0,0,700,6,-77,700,30,-3,912,69,300,1,3,3,15,3,1,1,0,0,0,5,24081,12994,37432,2208858,0,1776,35717,4093723,6363590,0,0,0,990,1000,1399,1400,7632457
MPCTASK: EXP,3,200,10003,3,-124,728,71,71,-47,-139,209,-244,0,0,700,0,-67,700,18,-10,898,69,300,1,3,3,15,3,1,1,0,0,0,5,23969,12904,37750,2193578,0,1768,123996,4074659,6417693,0,0,0,991,1000,1399,1400,7632457
MPCTASK: EXP,3,202,10103,9,-114,726,33,90,-15,1,71,-262,0,0,700,14,-72,700,23,82,670,69,300,1,3,3,15,3,1,1,0,0,0,5,23723,12398,37824,2107468,0,2112,263427,4032939,6430306,0,0,0,991,1000,1399,1400,7632457
MPCTASK: EXP,3,204,10201,11,-112,721,13,92,-44,-82,75,-258,0,0,700,7,-57,700,12,167,514,69,300,1,3,3,15,3,1,1,0,0,0,5,22359,11479,35802,1951219,0,2648,162633,3800919,6086337,0,0,0,992,1000,1399,1400,7632457
MPCTASK: EXP,3,206,10303,12,-104,718,3,92,-7,0,60,-232,0,0,700,6,-59,700,17,134,453,69,300,1,3,3,15,3,1,1,0,0,0,5,22711,11023,36624,1873798,0,1768,90389,3860923,6226452,0,0,0,992,1000,1399,1400,7632457
MPCTASK: EXP,3,208,10401,16,-104,719,-5,83,10,66,68,-243,0,0,700,6,-70,700,19,97,551,69,300,1,3,3,15,3,1,1,0,0,0,5,25356,9707,35627,1650169,0,1768,61501,4310399,6056643,0,0,0,992,1000,1399,1400,7632457
MPCTASK: EXP,3,210,10499,14,-97,721,-18,63,23,63,98,-235,0,0,700,-1,-67,700,21,168,603,69,300,1,3,3,15,3,1,1,0,0,0,5,19405,13765,33702,2339909,0,1768,64237,3298679,5729511,0,0,0,992,1000,1399,1400,7632457
MPCTASK: EXP,3,212,10601,8,-98,722,-35,41,5,78,-33,-238,0,0,700,-2,-76,700,22,111,497,69,300,1,3,3,15,3,1,1,0,0,0,5,23894,11368,36244,1932423,0,63310,56811,4061839,6161565,0,0,0,991,1000,1399,1400,7632457
MPCTASK: EXP,3,214,10705,7,-97,724,-32,30,9,85,15,-289,0,0,700,-5,-80,700,24,146,475,69,300,1,3,3,15,3,1,1,0,0,0,5,25597,11399,37931,1937709,0,1769,123009,4351483,6448478,0,0,0,991,1000,1399,1400,7632457
MPCTASK: EXP,3,216,10800,4,-104,725,-35,4,7,61,40,-345,0,0,700,-11,-93,700,25,132,449,69,300,1,3,3,15,3,1,1,0,0,0,5,23823,9838,33946,1672396,0,1929,23119,4049811,5770918,0,0,0,991,1000,1399,1400,7632457
MPCTASK: EXP,3,218,10902,4,-102,726,-29,-6,-2,119,-11,-423,0,0,700,-3,-98,700,25,103,546,69,300,1,3,3,15,3,1,1,0,0,0,5,22536,12359,35950,2101052,0,1768,23119,3831059,6111594,0,0,0,990,1000,1399,1400,7632457
MPCTASK: EXP,3,220,11003,7,-121,725,-19,-35,-20,-101,-41,-419,0,0,700,5,-107,700,21,167,539,69,300,1,3,3,15,3,1,1,0,0,0,5,24211,11025,35767,1874201,0,1768,23119,4115840,6080386,0,0,0,991,1000,1399,1400,7632457
MPCTASK: EXP,3,222,11102,8,-131,724,-7,-21,-16,-167,-32,-371,0,0,700,9,-106,700,21,112,532,69,300,1,3,3,15,3,1,1,0,0,0,5,21545,11608,33845,1973406,0,1768,92995,3662535,5753819,0,0,0,991,1000,1399,1400,7632457
MPCTASK: EXP,3,224,11203,18,-139,723,10,6,-20,-309,93,-363,0,0,700,12,-91,700,19,132,523,69,300,1,3,3,15,3,1,1,0,0,0,5,22141,10956,34209,1862423,0,1771,23291,3763871,5815490,0,0,0,992,1000,1399,1400,7632457
MPCTASK: EXP,3,226,11307,17,-138,722,3,48,-10,-213,15,-343,0,0,700,15,-83,700,20,178,615,69,300,1,3,3,15,3,1,1,0,0,0,5,23656,13687,38236,2326679,0,1769,76164,4021351,6500208,0,0,0,992,1000,1399,1400,7632457
MPCTASK: EXP,3,228,11409,14,-131,724,-1,86,5,-190,95,-301,0,0,700,7,-73,700,24,33,839,69,300,1,3,1,15,3,1,1,0,0,0,5,26568,12490,39962,2123142,0,1768,65339,4516419,6793878,0,0,0,992,1000,1399,1400,7632457
MPCTASK: EXP,3,230,11502,16,-122,723,-2,104,-4,-106,-33,-315,0,0,700,16,-59,700,22,152,489,69,300,1,3,3,15,3,1,1,0,0,0,5,23325,9565,33747,1625990,0,1768,96283,3965162,5737190,0,0,0,992,1000,1399,1400,7632457
MPCTASK: EXP,3,232,11606,11,-113,720,3,120,-46,-109,-63,-288,0,0,700,15,-52,700,10,109,568,69,300,1,3,1,15,3,1,1,0,0,0,5,24534,12330,38174,2096107,0,1777,111252,4170763,6489748,0,0,0,992,1000,1399,1400,7632457
MPCTASK: EXP,3,234,11701,9,-106,712,11,128,-56,-144,-60,-172,0,0,700,16,-35,700,1,67,798,69,300,1,3,3,15,3,1,1,0,0,0,5,20001,10911,31953,1854787,0,1769,150884,3399964,5432463,0,0,0,993,1000,1399,1400,7632457
MPCTASK: EXP,3,236,11805,15,-97,707,19,155,-22,-156,56,5,0,0,700,13,-22,700,3,104,557,69,300,1,3,1,15,3,1,1,0,0,0,5,24543,10580,35794,1798544,0,1769,88537,4172191,6085038,0,0,0,993,1000,1399,1400,7632457
MPCTASK: EXP,3,238,11905,13,-79,711,7,170,23,-18,85,1,0,0,700,3,-5,700,11,99,529,69,300,1,3,1,15,3,1,1,0,0,0,5,24588,11476,36872,1950764,0,1768,47030,4179800,6268251,0,0,0,993,1000,1399,1400,7632457
MPCTASK: EXP,3,240,12001,16,-61,712,-5,177,22,-7,80,-20,0,0,700,6,8,700,12,141,472,69,300,1,3,3,15,3,1,1,0,0,0,5,22749,9915,32949,1685437,0,1768,23119,3867235,5601424,0,0,0,993,1000,1399,1400,7632457
MPCTASK: TRAJ DONE: idx=240, max=240; requesting landing
MPCTASK: LANDING: start z=0.71, hold=(0.01,-0.05)
MPCTASK: TIMING SUMMARY: max_step_cycles=7632457 deadline_cycles=8400000 overruns=0
MPCTASK: LANDING COMPLETE: t=17258 ms, x=0.092, y=-0.036, z=-0.005, vz=-0.085; motors off