SYS: Crazyflie 2.1 Brushless is up and running!
SYS: Build 2:de14ff9f08ae (2025.09.1 +2) MODIFIED
SYS: I am 0x373930393434471500370039 and I have 1024KB of flash!
CFGBLK: v1, verification [OK]
DECK_DISCOVERY: Backend found: onewire
DECK_DISCOVERY: Backend found: deckctrl
DECK_CORE: 1 deck(s) found
DECK_CORE: Calling INIT on driver bcFlow2 for deck 0
ZR2: Z-down sensor [OK]
PMW: Motion chip id: 0x49:0xB6
IMU: BMI088: Using I2C interface.
IMU: BMI088 Gyro connection [OK].
IMU: BMI088 Accel connection [OK]
IMU: BMP390 I2C connection [OK]
ESTIMATOR: Using Kalman (2) estimator
CONTROLLER: Using PID (1) controller
MTR-DRV: Using brushless motor driver
SYS: About to run tests in system.c.
SYS: NRF51 version: 2026.04 (C21B)
EEPROM: I2C connection [OK].
STORAGE: Storage check [OK].
IMU: BMI088 gyro self-test [OK]
DECK_CORE: Deck 0 test [OK].
SYS: Self test passed!
STAB: Wait for sensor calibration...
SYS: Free heap: 15048 bytes
MPCTASK: Benchmark mode 0, maneuver 4, max_iter 5, task_pri 0
MPCTASK: Reference altitude: 0.70 m; barrier skip when z>0.75 and vz>-0.20
MPCTASK: OOT takeoff: cfclient trigger>=0.15m ramp=0.15m/s figure8_start=2000ms_after_OOT_takeoff no_z_vz_settle target=0.70m timeout=12000ms
MPCTASK: Common baseline: mpc_hz=20 model_hz=20 rho=5 base_w=0 base_qz=1 Qz=100 R=4 bridge=x10 guards=z[ref,ref+0.20] xy=free cap=0.05
MPCTASK: MPC->PID: xyz=x10, z_guard=[ref,ref+0.20], yaw=raw_rz, output_hold=200ms, safety_hold=500ms
MPCTASK: Motor fault schedule: model=multiplicative_step pre_onset=100% onset=2000ms_after_TRAJ_START global=100% fault=M1(index=0) retained=60% equiv_fullscale_pwm=39321 ramp=none placement=post_mixer_post_battery model_bounds=unchanged
MPCTASK: Reference origin: xyz=measured_at_forced_timed_start nominal_takeoff_target=0.70 m
MPCTASK: Fixed baseline: w=0 qz=1 adaptive_cache=off
MPCTASK: EXP every=2: m,s,tms,p3[mm],v3[mmps],att3[cdeg],ref3[mm],cmd3[mm],h/raw/grad/mar/thr[milli],act/ac/bind,wi/qi/cache/noa,pa/pf/du[milli],it,mpc/eval/total[us],bar/tanh/rl/cache/solve/step[cycles],overruns,post_active/post_infeasible_totals,wreq/w/qzreq/qz[milli],max_step_cycles,M1_req/app/peak[pwm],M1_derated/samples,fault_on/onset_ms
MPCTASK: Figure8: source=traj_fig8_12.h source_hz=100 samples=1205 passes=2 cycles=6 lobes=12 duration=24.07 s origin=forced_timed_start start_delay=2000ms z_baseline=measured_at_start feedforward=U_ref_data
MPCTASK: Waiting for activation ...
STAB: Starting stabilizer loop
STAB: WARNING: stabilizer loop rate is off (1004)
SUP: Ready to fly
CONTROLLER: Using OutOfTree (6) controller
MPCTASK: Trajectory origin: x=0.07 y=-0.14 z=0.01
MPCTASK: OOT activated at z=0.01
MPCTASK: TAKEOFF START: trigger_z=0.15 start_z=0.01 target=0.70 hold=(0.06,-0.12) ramp=0.15m/s
MPCTASK: OOT loop 1 done
MPCTASK: OOT loop 2 done
MPCTASK: MPC task loop 1
MPCTASK: x0: pos=(0.06,-0.12,0.01) vel=(0.04,-0.01,-0.0)
MPCTASK: ref: (MPCTASK: OOT loop 3 done
0.06,-0.12,0.01)
MPCTASK: MPC solve start
MPCTASK: MPC solve done, iter=5
MPCTASK: MPC time=23339 us
MPCTASK: MPC stack free=1151 words
MPCTASK: setpoint: x=0.06 y=-0.12 z=0.07 preview_z=0.07
MPCTASK: MPC task loop 2
MPCTASK: MPC task loop 3
MPCTASK: TAKEOFF COMPLETE: forced_start t=2000ms z=0.21 vz=0.17; trajectory queued origin=(0.04,-0.15,0.21) no_z_vz_gate
MPCTASK: TRAJ START: z=0.22 origin=(0.04,-0.15,0.21) EXP clock reset; Z metric begins at t+3s
MPCTASK: EXP,0,2,73,52,-156,232,51,12,203,-132,87,749,49,-156,218,2,176,223,0,0,0,0,0,0,0,0,0,0,0,0,0,0,0,5,22255,0,22313,0,0,0,0,3783217,3793247,0,0,0,0,0,1000,1000,3793247,37403,37403,50752,0,73,0,0
MPCTASK: EXP,0,4,172,46,-163,247,8,50,65,-982,38,738,38,-137,218,34,250,223,0,0,0,0,0,0,0,0,0,0,0,0,0,0,0,5,22028,0,22087,0,0,0,0,3744757,3754794,0,0,0,0,0,1000,1000,3951832,37171,37171,50752,0,173,0,0
MPCTASK: EXP,0,6,273,39,-156,252,-25,215,-58,-1278,-99,712,3,-70,219,73,307,220,0,0,0,0,0,0,0,0,0,0,0,0,0,0,0,5,23331,0,23389,0,0,0,0,3966102,3976131,0,0,0,0,0,1000,1000,4187711,46825,46825,50752,0,274,0,0
MPCTASK: EXP,0,8,372,30,-138,249,-33,395,-86,-1454,-458,644,-49,48,219,137,374,219,0,0,0,0,0,0,0,0,0,0,0,0,0,0,0,5,21769,0,21826,0,0,0,0,3700677,3710541,0,0,0,0,0,1000,1000,4187711,50292,50292,55914,0,373,0,0
MPCTASK: EXP,0,10,471,20,-97,243,8,636,-58,-1211,-595,709,-104,207,219,190,437,219,0,0,0,0,0,0,0,0,0,0,0,0,0,0,0,5,20193,0,20251,0,0,0,0,3432681,3442673,0,0,0,0,0,1000,1000,4187711,45930,45930,59022,0,472,0,0
MPCTASK: EXP,0,12,572,18,-53,235,90,789,-36,-972,-765,739,-142,386,218,244,470,218,0,0,0,0,0,0,0,0,0,0,0,0,0,0,0,5,21893,0,21950,0,0,0,0,3721717,3731689,0,0,0,0,0,1000,1000,4187711,44676,44676,59022,0,574,0,0
MPCTASK: EXP,0,14,672,31,21,234,208,936,44,-669,-780,772,-149,565,218,297,510,218,0,0,0,0,0,0,0,0,0,0,0,0,0,0,0,5,21752,0,21811,0,0,0,0,3697697,3707872,0,0,0,0,0,1000,1000,4187711,42434,42434,59022,0,674,0,0
MPCTASK: EXP,0,16,771,45,96,242,298,972,69,-208,-717,689,-118,726,218,324,507,221,0,0,0,0,0,0,0,0,0,0,0,0,0,0,0,5,20965,0,21030,0,0,0,0,3563929,3575201,0,0,0,0,0,1000,1000,4187711,44741,44741,59022,0,773,0,0
MPCTASK: EXP,0,18,873,82,195,249,419,978,94,346,-570,666,-49,854,218,355,506,224,0,0,0,0,0,0,0,0,0,0,0,0,0,0,0,5,22557,0,22615,0,0,0,0,3834518,3844547,0,0,0,0,0,1000,1000,4187711,41028,41028,64638,0,876,0,0
MPCTASK: EXP,0,20,975,110,273,264,472,837,145,806,-316,779,50,943,218,343,448,230,0,0,0,0,0,0,0,0,0,0,0,0,0,0,0,5,24517,0,24574,0,0,0,0,4167701,4177568,0,0,0,0,0,1000,1000,4683379,41718,41718,64638,0,978,0,0
MPCTASK: EXP,0,22,1073,149,341,281,510,659,116,1061,-71,779,169,989,218,322,384,234,0,0,0,0,0,0,0,0,0,0,0,0,0,0,0,5,22955,0,23013,0,0,0,0,3902361,3912395,0,0,0,0,0,1000,1000,4683379,37799,37799,64638,0,1076,0,0
MPCTASK: EXP,0,24,1173,180,393,289,482,458,0,1120,335,774,291,991,218,261,316,232,0,0,0,0,0,0,0,0,0,0,0,0,0,0,0,5,22056,0,22113,0,0,0,0,3749393,3782817,0,0,0,0,0,1000,1000,4683379,38563,38563,64638,0,1176,0,0
MPCTASK: EXP,0,26,1276,222,412,283,420,240,-111,1002,702,599,401,952,218,203,228,226,0,0,0,0,0,0,0,0,0,0,0,0,0,0,0,5,25900,0,25966,0,0,0,0,4402909,4414321,0,0,0,0,0,1000,1000,4683379,44793,44793,64638,0,1280,0,0
MPCTASK: EXP,0,28,1373,245,419,270,271,32,-135,990,1019,399,484,876,218,114,125,222,0,0,0,0,0,0,0,0,0,0,0,0,0,0,0,5,23082,0,23141,0,0,0,0,3923861,3933900,0,0,0,0,0,1000,1000,4683379,31654,31654,64638,0,1377,0,0
MPCTASK: EXP,0,30,1473,258,390,259,77,-201,-104,973,1085,137,528,768,218,32,-3,220,0,0,0,0,0,0,0,0,0,0,0,0,0,0,0,5,22935,0,23343,0,0,0,0,3898781,3968428,0,0,0,0,0,1000,1000,4683379,34330,34330,64638,0,1477,0,0
MPCTASK: EXP,0,32,1574,257,362,248,-106,-371,-86,953,1053,3,527,633,218,-43,-117,218,0,0,0,0,0,0,0,0,0,0,0,0,0,0,0,5,22908,0,22966,0,0,0,0,3894278,3904329,0,0,0,0,0,1000,1000,4683379,36065,36065,64638,0,1578,0,0
MPCTASK: EXP,0,34,1672,230,317,242,-298,-550,-74,991,999,-72,480,477,218,-123,-238,218,0,0,0,0,0,0,0,0,0,0,0,0,0,0,0,5,21268,0,21326,0,0,0,0,3615453,3625508,0,0,0,0,0,1000,1000,4683379,37438,37438,64638,0,1676,0,0
MPCTASK: EXP,0,36,1771,203,255,237,-448,-706,-64,968,855,-151,389,305,218,-168,-360,218,0,0,0,0,0,0,0,0,0,0,0,0,0,0,0,5,21039,0,21097,0,0,0,0,3576541,3586592,0,0,0,0,0,1000,1000,4683379,40520,40520,64638,0,1776,0,0
MPCTASK: EXP,0,38,1876,199,179,235,-511,-828,-25,882,559,-222,264,123,218,-149,-469,218,0,0,0,0,0,0,0,0,0,0,0,0,0,0,0,5,25282,0,25673,0,0,0,0,4297809,4364587,0,0,0,0,0,1000,1000,4683379,42780,42780,64638,0,1881,0,0
MPCTASK: EXP,0,40,1972,146,93,237,-600,-960,9,703,411,-55,117,-65,218,-168,-576,218,0,0,0,0,0,0,0,0,0,0,0,0,0,0,0,5,21110,0,21168,0,0,0,0,3588637,3598696,0,0,0,0,0,1000,1000,4683379,40424,40424,64638,0,1977,0,0
MPCTASK: MOTOR FAULT ON: t=2000ms after_TRAJ_START model=multiplicative_step fault=M1(index=0) retained=60% equiv_fullscale_pwm=39321 ramp=none
MPCTASK: EXP,0,42,2073,104,0,240,-607,-1022,33,470,58,201,-37,-254,218,-125,-674,218,0,0,0,0,0,0,0,0,0,0,0,0,0,0,0,5,22267,0,22326,0,0,0,0,3785425,3795505,0,0,0,0,0,1000,1000,4683379,63425,38055,65535,72,72,1,2000
MPCTASK: EXP,0,44,2172,51,-64,240,-542,-1026,-130,948,-645,881,-184,-441,218,-53,-748,218,0,0,0,0,0,0,0,0,0,0,0,0,0,0,0,5,20925,0,21716,0,0,0,0,3557125,3691826,0,0,0,0,0,1000,1000,4683379,64559,38735,65535,172,172,1,2000
MPCTASK: EXP,0,46,2274,10,-177,223,-399,-1139,-303,976,-1059,1185,-309,-619,218,29,-854,218,0,0,0,0,0,0,0,0,0,0,0,0,0,0,0,5,23959,0,24025,0,0,0,0,4072873,4084243,0,0,0,0,0,1000,1000,4683379,65535,39321,65535,274,274,1,2000
MPCTASK: EXP,0,48,2372,0,-275,183,-176,-1163,-486,725,-1188,1197,-399,-785,218,131,-906,218,0,0,0,0,0,0,0,0,0,0,0,0,0,0,0,5,21268,0,21326,0,0,0,0,3615501,3625569,0,0,0,0,0,1000,1000,4683379,65535,39321,65535,372,372,1,2000
MPCTASK: EXP,0,50,2471,9,-399,131,81,-1234,-529,474,-1174,1199,-446,-936,218,244,-983,218,0,0,0,0,0,0,0,0,0,0,0,0,0,0,0,5,20240,0,20298,0,0,0,0,3440609,3450681,0,0,0,0,0,1000,1000,4683379,65535,39321,65535,471,471,1,2000
MPCTASK: EXP,0,52,2570,48,-520,75,355,-1242,-545,120,-1208,1305,-443,-1067,218,367,-1028,218,0,0,0,0,0,0,0,0,0,0,0,0,0,0,0,5,20111,0,20170,0,0,0,0,3418801,3428870,0,0,0,0,0,1000,1000,4683379,65535,39321,65535,571,571,1,2000
MPCTASK: EXP,0,54,2673,20,-606,46,420,-982,-281,-239,-1050,475,-392,-1176,218,369,-976,218,0,0,0,0,0,0,0,0,0,0,0,0,0,0,0,5,22999,0,23065,0,0,0,0,3909653,3920992,0,0,0,0,0,1000,1000,4683379,59625,35775,65535,674,674,1,2000
MPCTASK: EXP,0,56,2774,-111,-640,31,252,-457,227,-457,348,-365,-298,-1260,218,163,-819,218,0,0,0,0,0,0,0,0,0,0,0,0,0,0,0,5,21976,0,22172,0,0,0,0,3735825,3769338,0,0,0,0,0,1000,1000,4683379,65535,39321,65535,775,775,1,2000
MPCTASK: EXP,0,58,2873,-129,-648,46,315,-192,307,-290,-1034,-639,-170,-1317,218,196,-718,218,0,0,0,0,0,0,0,0,0,0,0,0,0,0,0,5,21959,0,22018,0,0,0,0,3732993,3743064,0,0,0,0,0,1000,1000,4683379,57717,34630,65535,875,875,1,2000
MPCTASK: EXP,0,60,2974,-156,-665,76,374,-54,417,-224,-1005,-810,-20,-1346,218,165,-654,218,0,0,0,0,0,0,0,0,0,0,0,0,0,0,0,5,23003,0,23061,0,0,0,0,3910305,3920376,0,0,0,0,0,1000,1000,4683379,54537,32722,65535,976,976,1,2000
MPCTASK: EXP,0,62,3075,-114,-674,116,522,-49,392,-281,-755,-594,136,-1345,218,172,-598,218,0,0,0,0,0,0,0,0,0,0,0,0,0,0,0,5,23897,0,23961,0,0,0,0,4062401,4073592,0,0,0,0,0,1000,1000,4683379,54146,32488,65535,1077,1077,1,2000
MPCTASK: EXP,0,64,3173,25,-701,132,709,-386,214,-225,-286,125,285,-1315,218,238,-651,218,0,0,0,0,0,0,0,0,0,0,0,0,0,0,0,5,21062,0,21124,0,0,0,0,3580493,3591100,0,0,0,0,0,1000,1000,4683379,57019,34211,65535,1175,1175,1,2000
MPCTASK: EXP,0,66,3276,132,-759,152,786,-527,230,-803,392,328,410,-1257,218,244,-643,218,0,0,0,0,0,0,0,0,0,0,0,0,0,0,0,5,24192,0,24251,0,0,0,0,4112641,4122720,0,0,0,0,0,1000,1000,4771052,52981,31789,65535,1278,1278,1,2000
MPCTASK: EXP,0,68,3373,218,-820,204,717,-434,344,-1514,1034,353,500,-1171,218,202,-571,220,0,0,0,0,0,0,0,0,0,0,0,0,0,0,0,5,22087,0,22144,0,0,0,0,3754585,3764664,0,0,0,0,0,1000,1000,4771052,47315,28389,65535,1376,1376,1,2000
MPCTASK: EXP,0,70,3472,272,-879,242,526,-270,240,-1851,1581,232,546,-1061,218,121,-504,227,0,0,0,0,0,0,0,0,0,0,0,0,0,0,0,5,21608,0,21674,0,0,0,0,3673269,3684658,0,0,0,0,0,1000,1000,4771052,50217,30130,65535,1476,1476,1,2000
MPCTASK: EXP,0,72,3575,293,-917,257,262,-41,50,-1955,1853,40,544,-928,218,29,-417,225,0,0,0,0,0,0,0,0,0,0,0,0,0,0,0,5,23540,0,23597,0,0,0,0,4001697,4011610,0,0,0,0,0,1000,1000,4771052,48326,28996,65535,1579,1579,1,2000
MPCTASK: EXP,0,74,3673,288,-930,254,-32,242,-74,-1962,1825,-156,492,-777,218,-57,-309,220,0,0,0,0,0,0,0,0,0,0,0,0,0,0,0,5,21674,0,21733,0,0,0,0,3684621,3694696,0,0,0,0,0,1000,1000,4771052,59494,35696,65535,1677,1677,1,2000
MPCTASK: EXP,0,76,3779,246,-920,242,-326,563,-107,-1893,1575,-330,398,-610,218,-142,-187,218,0,0,0,0,0,0,0,0,0,0,0,0,0,0,0,5,28079,0,28137,0,0,0,0,4773381,4783290,0,0,0,0,0,1000,1000,4783290,60398,36239,65535,1783,1783,1,2000
MPCTASK: EXP,0,78,3876,187,-863,230,-569,890,-67,-1486,1144,-375,269,-432,218,-201,-59,218,0,0,0,0,0,0,0,0,0,0,0,0,0,0,0,5,24855,0,24913,0,0,0,0,4225353,4235261,0,0,0,0,0,1000,1000,4783290,62170,37302,65535,1880,1880,1,2000
MPCTASK: EXP,0,80,3976,137,-769,225,-693,1104,-2,-903,663,-313,119,-247,218,-209,50,218,0,0,0,0,0,0,0,0,0,0,0,0,0,0,0,5,22895,0,22952,0,0,0,0,3892006,3902076,0,0,0,0,0,1000,1000,4783290,62373,37424,65535,1980,1980,1,2000
MPCTASK: EXP,0,82,4076,84,-647,228,-737,1219,64,-369,189,-245,-37,-60,218,-188,152,218,0,0,0,0,0,0,0,0,0,0,0,0,0,0,0,5,23993,0,24052,0,0,0,0,4078733,4088800,0,0,0,0,0,1000,1000,4783290,56732,34039,65535,2081,2081,1,2000
MPCTASK: EXP,0,84,4180,28,-551,238,-686,1191,105,-17,-195,-226,-186,123,218,-143,203,221,0,0,0,0,0,0,0,0,0,0,0,0,0,0,0,5,28035,0,28091,0,0,0,0,4765781,4775694,0,0,0,0,0,1000,1000,4783290,57661,34597,65535,2185,2185,1,2000
MPCTASK: EXP,0,86,4276,-27,-448,254,-601,1142,113,106,-513,-178,-311,301,218,-92,258,226,0,0,0,0,0,0,0,0,0,0,0,0,0,0,0,5,24199,0,24264,0,0,0,0,4113593,4125045,0,0,0,0,0,1000,1000,4783290,58132,34879,65535,2281,2281,1,2000
MPCTASK: EXP,0,88,4375,-64,-363,267,-448,1063,83,51,-804,-149,-402,467,218,-13,295,229,0,0,0,0,0,0,0,0,0,0,0,0,0,0,0,5,22289,0,22680,0,0,0,0,3789078,3855609,0,0,0,0,0,1000,1000,4783290,57281,34369,65535,2381,2381,1,2000
MPCTASK: EXP,0,90,4476,-84,-264,272,-256,1049,34,-91,-1000,-136,-447,618,218,70,354,228,0,0,0,0,0,0,0,0,0,0,0,0,0,0,0,5,24017,0,24074,0,0,0,0,4082737,4092808,0,0,0,0,0,1000,1000,4783290,59581,35749,65535,2482,2482,1,2000
MPCTASK: EXP,0,92,4575,-86,-173,275,-49,1034,6,-180,-1033,-107,-445,750,218,151,397,228,0,0,0,0,0,0,0,0,0,0,0,0,0,0,0,5,23203,0,23260,0,0,0,0,3944381,3954294,0,0,0,0,0,1000,1000,4783290,58563,35138,65535,2581,2581,1,2000
MPCTASK: EXP,0,94,4676,-66,-89,275,157,1016,-7,-180,-988,-80,-393,860,218,228,423,228,0,0,0,0,0,0,0,0,0,0,0,0,0,0,0,5,23102,0,23299,0,0,0,0,3927265,3960783,0,0,0,0,0,1000,1000,4783290,57844,34706,65535,2682,2682,1,2000
MPCTASK: EXP,0,96,4777,-23,12,273,367,1043,-12,-121,-818,-100,-299,944,218,298,458,227,0,0,0,0,0,0,0,0,0,0,0,0,0,0,0,5,24054,0,24111,0,0,0,0,4089050,4098962,0,0,0,0,0,1000,1000,4783290,54107,32464,65535,2783,2783,1,2000
MPCTASK: EXP,0,98,4873,43,123,264,552,1068,-28,151,-575,-146,-170,1001,218,360,486,224,0,0,0,0,0,0,0,0,0,0,0,0,0,0,0,5,21047,0,21105,0,0,0,0,3577889,3587961,0,0,0,0,0,1000,1000,4783290,54704,32822,65535,2880,2880,1,2000
MPCTASK: EXP,0,100,4973,91,212,266,590,963,38,568,-166,-175,-20,1030,218,348,450,227,0,0,0,0,0,0,0,0,0,0,0,0,0,0,0,5,20246,0,20312,0,0,0,0,3441673,3453118,0,0,0,0,0,1000,1000,4783290,54395,32637,65535,2980,2980,1,2000
MPCTASK: EXP,0,102,5077,163,303,273,624,846,71,851,93,-306,136,1030,218,345,417,230,0,0,0,0,0,0,0,0,0,0,0,0,0,0,0,5,24595,0,24653,0,0,0,0,4181026,4191104,0,0,0,0,0,1000,1000,4783290,52445,31467,65535,3085,3085,1,2000
MPCTASK: EXP,0,104,5176,215,373,283,550,663,61,1143,489,-377,285,1000,218,290,354,232,0,0,0,0,0,0,0,0,0,0,0,0,0,0,0,5,23046,0,23106,0,0,0,0,3917734,3928211,0,0,0,0,0,1000,1000,4783290,52664,31598,65535,3183,3183,1,2000
MPCTASK: EXP,0,106,5275,289,432,291,487,481,29,1356,738,-432,411,942,218,260,281,233,0,0,0,0,0,0,0,0,0,0,0,0,0,0,0,5,23029,0,23087,0,0,0,0,3914853,3924928,0,0,0,0,0,1000,1000,4783290,53304,31982,65535,3283,3283,1,2000
MPCTASK: EXP,0,108,5375,324,470,292,309,246,-33,1615,1118,-388,501,856,218,170,181,231,0,0,0,0,0,0,0,0,0,0,0,0,0,0,0,5,22933,0,22991,0,0,0,0,3898645,3908557,0,0,0,0,0,1000,1000,4783290,58353,35012,65535,3383,3383,1,2000
MPCTASK: EXP,0,110,5473,342,450,285,94,-90,-96,1696,1255,-270,547,746,218,80,26,227,0,0,0,0,0,0,0,0,0,0,0,0,0,0,0,5,20188,0,20247,0,0,0,0,3431917,3441992,0,0,0,0,0,1000,1000,4783290,59267,35560,65535,3481,3481,1,2000
MPCTASK: EXP,0,112,5579,318,431,271,-174,-378,-131,1575,1304,-81,544,613,218,-32,-103,222,0,0,0,0,0,0,0,0,0,0,0,0,0,0,0,5,26963,0,27021,0,0,0,0,4583517,4593592,0,0,0,0,0,1000,1000,4783290,65420,39252,65535,3588,3588,1,2000
MPCTASK: EXP,0,114,5671,263,365,253,-443,-696,-141,1426,1159,91,493,462,218,-142,-268,218,0,0,0,0,0,0,0,0,0,0,0,0,0,0,0,5,19077,0,19136,0,0,0,0,3243089,3253161,0,0,0,0,0,1000,1000,4783290,63101,37861,65535,3680,3680,1,2000
MPCTASK: EXP,0,116,5777,192,287,246,-652,-938,-61,1033,847,190,398,295,218,-224,-397,218,0,0,0,0,0,0,0,0,0,0,0,0,0,0,0,5,24841,0,25276,0,0,0,0,4222969,4297074,0,0,0,0,0,1000,1000,4783290,62499,37499,65535,3786,3786,1,2000
MPCTASK: EXP,0,118,5876,113,212,244,-776,-1044,18,501,433,252,269,117,218,-272,-476,220,0,0,0,0,0,0,0,0,0,0,0,0,0,0,0,5,22885,0,23018,0,0,0,0,3890449,3913224,0,0,0,0,0,1000,1000,4783290,56658,33995,65535,3885,3885,1,2000
MPCTASK: EXP,0,120,5979,41,120,248,-815,-1067,52,141,186,279,119,-67,218,-283,-554,222,0,0,0,0,0,0,0,0,0,0,0,0,0,0,0,5,24040,0,25556,0,0,0,0,4086685,4344608,0,0,0,0,0,1000,1000,4783290,60768,36461,65535,3989,3989,1,2000
MPCTASK: EXP,0,122,6077,-28,60,258,-781,-982,77,35,-267,374,-37,-254,218,-255,-586,226,0,0,0,0,0,0,0,0,0,0,0,0,0,0,0,5,23941,0,24000,0,0,0,0,4069953,4080029,0,0,0,0,0,1000,1000,4783290,61840,37104,65535,4087,4087,1,2000
MPCTASK: EXP,0,124,6176,-82,-2,270,-666,-916,68,217,-580,414,-186,-439,218,-196,-633,229,0,0,0,0,0,0,0,0,0,0,0,0,0,0,0,5,22903,0,23161,0,0,0,0,3893389,3937442,0,0,0,0,0,1000,1000,4783290,59374,35624,65535,4186,4186,1,2000
MPCTASK: EXP,0,126,6277,-137,-79,275,-535,-914,12,359,-833,396,-311,-616,218,-135,-695,228,0,0,0,0,0,0,0,0,0,0,0,0,0,0,0,5,22996,0,23054,0,0,0,0,3909226,3919303,0,0,0,0,0,1000,1000,4783290,58847,35308,65535,4287,4287,1,2000
MPCTASK: EXP,0,128,6375,-170,-149,275,-352,-912,-31,423,-1008,338,-402,-783,218,-53,-739,227,0,0,0,0,0,0,0,0,0,0,0,0,0,0,0,5,22025,0,22083,0,0,0,0,3744253,3754166,0,0,0,0,0,1000,1000,4783290,61022,36613,65535,4386,4386,1,2000
MPCTASK: EXP,0,130,6476,-184,-230,271,-138,-939,-51,396,-1150,267,-447,-934,218,38,-785,225,0,0,0,0,0,0,0,0,0,0,0,0,0,0,0,5,23255,0,23312,0,0,0,0,3953117,3963192,0,0,0,0,0,1000,1000,4783290,57644,34586,65535,4487,4487,1,2000
MPCTASK: EXP,0,132,6576,-181,-308,270,77,-948,-23,306,-1132,172,-445,-1066,218,122,-813,226,0,0,0,0,0,0,0,0,0,0,0,0,0,0,0,5,22599,0,22656,0,0,0,0,3841714,3851630,0,0,0,0,0,1000,1000,4783290,58412,35047,65535,4587,4587,1,2000
MPCTASK: EXP,0,134,6677,-157,-399,266,287,-967,-28,81,-1032,96,-393,-1175,218,199,-839,224,0,0,0,0,0,0,0,0,0,0,0,0,0,0,0,5,23252,0,23310,0,0,0,0,3952727,3962796,0,0,0,0,0,1000,1000,4783290,55284,33170,65535,4688,4688,1,2000
MPCTASK: EXP,0,136,6776,-120,-469,263,454,-887,-12,-200,-829,-2,-299,-1259,218,251,-814,224,0,0,0,0,0,0,0,0,0,0,0,0,0,0,0,5,23012,0,23074,0,0,0,0,3912021,3922623,0,0,0,0,0,1000,1000,4783290,55889,33533,65535,4788,4788,1,2000
MPCTASK: EXP,0,138,6876,-67,-535,264,584,-783,4,-420,-561,-47,-170,-1317,218,287,-779,225,0,0,0,0,0,0,0,0,0,0,0,0,0,0,0,5,23255,0,23315,0,0,0,0,3953245,3963735,0,0,0,0,0,1000,1000,4783290,53912,32347,65535,4888,4888,1,2000
MPCTASK: EXP,0,140,6975,-9,-582,265,655,-625,12,-607,-256,-68,-20,-1345,218,296,-714,225,0,0,0,0,0,0,0,0,0,0,0,0,0,0,0,5,21838,0,22605,0,0,0,0,3712361,3842928,0,0,0,0,0,1000,1000,4783290,53753,32252,65535,4988,4988,1,2000
MPCTASK: EXP,0,142,7077,53,-631,269,664,-492,16,-734,111,-46,136,-1345,218,279,-655,227,0,0,0,0,0,0,0,0,0,0,0,0,0,0,0,5,23691,0,23749,0,0,0,0,4027265,4037337,0,0,0,0,0,1000,1000,4783290,51785,31071,65535,5090,5090,1,2000
MPCTASK: EXP,0,144,7176,103,-667,274,590,-336,13,-865,418,-39,285,-1315,218,227,-581,228,0,0,0,0,0,0,0,0,0,0,0,0,0,0,0,5,23031,0,23089,0,0,0,0,3915141,3925216,0,0,0,0,0,1000,1000,4783290,54391,32635,65535,5189,5189,1,2000
MPCTASK: EXP,0,146,7279,144,-702,274,473,-201,-23,-980,680,-19,411,-1257,218,159,-510,227,0,0,0,0,0,0,0,0,0,0,0,0,0,0,0,5,25452,0,26035,0,0,0,0,4326793,4426009,0,0,0,0,0,1000,1000,4783290,55427,33256,65535,5292,5292,1,2000
MPCTASK: EXP,0,148,7376,166,-721,273,303,-35,-38,-1098,840,-20,501,-1172,218,74,-422,226,0,0,0,0,0,0,0,0,0,0,0,0,0,0,0,5,21371,0,21430,0,0,0,0,3632886,3643102,0,0,0,0,0,1000,1000,4783290,55043,33026,65535,5389,5389,1,2000
MPCTASK: EXP,0,150,7477,176,-720,266,124,155,-67,-1219,963,-19,547,-1061,218,-10,-314,223,0,0,0,0,0,0,0,0,0,0,0,0,0,0,0,5,22103,0,22161,0,0,0,0,3757299,3767602,0,0,0,0,0,1000,1000,4783290,57974,34784,65535,5491,5491,1,2000
MPCTASK: EXP,0,152,7572,163,-701,260,-74,364,-67,-1243,977,-51,544,-929,218,-98,-198,221,0,0,0,0,0,0,0,0,0,0,0,0,0,0,0,5,17409,0,17467,0,0,0,0,2959577,2969488,0,0,0,0,0,1000,1000,4783290,57798,34679,65535,5586,5586,1,2000
MPCTASK: EXP,0,154,7681,128,-658,252,-273,584,-65,-1246,911,-97,493,-777,218,-181,-67,219,0,0,0,0,0,0,0,0,0,0,0,0,0,0,0,5,25439,0,25496,0,0,0,0,4324513,4334429,0,0,0,0,0,1000,1000,4783290,57847,34708,65535,5695,5695,1,2000
MPCTASK: EXP,0,156,7778,84,-600,245,-433,780,-55,-1120,758,-144,398,-610,218,-241,53,218,0,0,0,0,0,0,0,0,0,0,0,0,0,0,0,5,21661,0,22386,0,0,0,0,3682321,3805703,0,0,0,0,0,1000,1000,4783290,59592,35755,65535,5792,5792,1,2000
MPCTASK: EXP,0,158,7877,18,-533,244,-566,925,-11,-871,486,-205,269,-432,218,-288,153,219,0,0,0,0,0,0,0,0,0,0,0,0,0,0,0,5,21458,0,21879,0,0,0,0,3647697,3719469,0,0,0,0,0,1000,1000,4783290,58576,35146,65535,5891,5891,1,2000
MPCTASK: EXP,0,160,7975,-43,-448,246,-620,1026,17,-601,160,-227,119,-247,218,-292,247,220,0,0,0,0,0,0,0,0,0,0,0,0,0,0,0,5,20287,0,20345,0,0,0,0,3448761,3458676,0,0,0,0,0,1000,1000,4783290,58708,35225,65535,5990,5990,1,2000
MPCTASK: EXP,0,162,8077,-106,-356,247,-616,1072,27,-331,-175,-221,-37,-60,218,-273,326,221,0,0,0,0,0,0,0,0,0,0,0,0,0,0,0,5,21505,0,21564,0,0,0,0,3655793,3665995,0,0,0,0,0,1000,1000,4783290,58418,35051,65535,6092,6092,1,2000
MPCTASK: EXP,0,164,8177,-157,-273,248,-539,1045,13,-175,-487,-187,-186,123,218,-221,377,221,0,0,0,0,0,0,0,0,0,0,0,0,0,0,0,5,20845,0,21281,0,0,0,0,3543638,3617874,0,0,0,0,0,1000,1000,4783290,58641,35185,65535,6192,6192,1,2000
MPCTASK: EXP,0,166,8277,-201,-192,252,-421,1001,13,-122,-769,-135,-311,301,218,-154,421,222,0,0,0,0,0,0,0,0,0,0,0,0,0,0,0,5,21719,0,21777,0,0,0,0,3692173,3702085,0,0,0,0,0,1000,1000,4783290,59333,35600,65535,6292,6292,1,2000
MPCTASK: EXP,0,168,8376,-221,-101,257,-238,997,1,-207,-954,-101,-401,467,218,-64,483,223,0,0,0,0,0,0,0,0,0,0,0,0,0,0,0,5,20714,0,21163,0,0,0,0,3521302,3597693,0,0,0,0,0,1000,1000,4783290,56258,33755,65535,6392,6392,1,2000
MPCTASK: EXP,0,170,8480,-225,-9,256,-44,1011,-23,-264,-1005,-78,-447,618,218,24,541,222,0,0,0,0,0,0,0,0,0,0,0,0,0,0,0,5,24332,0,24396,0,0,0,0,4136253,4147319,0,0,0,0,0,1000,1000,4783290,56871,34123,65535,6496,6496,1,2000
MPCTASK: EXP,0,172,8577,-215,78,254,140,1010,-38,-205,-1016,-66,-445,750,218,107,573,221,0,0,0,0,0,0,0,0,0,0,0,0,0,0,0,5,21490,0,21674,0,0,0,0,3653285,3684718,0,0,0,0,0,1000,1000,4783290,56330,33798,65535,6593,6593,1,2000
MPCTASK: EXP,0,174,8679,-194,157,249,304,977,-68,-198,-932,-61,-393,860,218,169,592,218,0,0,0,0,0,0,0,0,0,0,0,0,0,0,0,5,24386,0,24444,0,0,0,0,4145537,4155670,0,0,0,0,0,1000,1000,4783290,56282,33769,65535,6696,6696,1,2000
MPCTASK: EXP,0,176,8780,-155,251,237,453,988,-95,128,-805,46,-299,944,218,227,591,218,0,0,0,0,0,0,0,0,0,0,0,0,0,0,0,5,23747,0,24454,0,0,0,0,4036913,4157286,0,0,0,0,0,1000,1000,4783290,65535,39321,65535,6796,6796,1,2000
MPCTASK: EXP,0,178,8881,-105,348,223,583,928,-198,618,-754,392,-170,1001,218,272,588,218,0,0,0,0,0,0,0,0,0,0,0,0,0,0,0,5,25005,0,25067,0,0,0,0,4250917,4261863,0,0,0,0,0,1000,1000,4783290,65535,39321,65535,6898,6898,1,2000
MPCTASK: EXP,0,180,8979,-59,427,205,636,775,-233,1060,-363,621,-20,1030,218,268,535,218,0,0,0,0,0,0,0,0,0,0,0,0,0,0,0,5,22285,0,22342,0,0,0,0,3788334,3798242,0,0,0,0,0,1000,1000,4783290,65535,39321,65535,6996,6996,1,2000
MPCTASK: EXP,0,182,9080,5,489,184,692,570,-231,1188,13,632,136,1030,218,258,464,218,0,0,0,0,0,0,0,0,0,0,0,0,0,0,0,5,24021,0,24080,0,0,0,0,4083598,4093672,0,0,0,0,0,1000,1000,4783290,65535,39321,65535,7098,7098,1,2000
MPCTASK: EXP,0,184,9176,34,536,172,574,334,-112,1210,445,578,285,1000,218,175,380,218,0,0,0,0,0,0,0,0,0,0,0,0,0,0,0,5,20077,0,20135,0,0,0,0,3412913,3422980,0,0,0,0,0,1000,1000,4783290,65535,39321,65535,7194,7194,1,2000
MPCTASK: EXP,0,186,9278,83,558,170,492,88,2,1271,615,507,410,942,218,127,274,218,0,0,0,0,0,0,0,0,0,0,0,0,0,0,0,5,21618,0,21684,0,0,0,0,3674901,3686271,0,0,0,0,0,1000,1000,4783290,65535,39321,65535,7296,7296,1,2000
MPCTASK: EXP,0,188,9378,126,553,175,377,-172,83,1249,779,479,500,857,218,72,152,218,0,0,0,0,0,0,0,0,0,0,0,0,0,0,0,5,20844,0,20903,0,0,0,0,3543400,3553593,0,0,0,0,0,1000,1000,4783290,57017,34210,65535,7396,7396,1,2000
MPCTASK: EXP,0,190,9477,147,540,185,211,-355,93,1125,1097,395,545,747,218,-15,50,218,0,0,0,0,0,0,0,0,0,0,0,0,0,0,0,5,21097,0,21155,0,0,0,0,3586389,3596477,0,0,0,0,0,1000,1000,4783290,60337,36202,65535,7496,7496,1,2000
MPCTASK: EXP,0,192,9577,152,499,188,3,-556,77,1109,1228,325,542,615,218,-97,-79,218,0,0,0,0,0,0,0,0,0,0,0,0,0,0,0,5,21034,0,21091,0,0,0,0,3575601,3585539,0,0,0,0,0,1000,1000,4783290,62813,37688,65535,7596,7596,1,2000
MPCTASK: EXP,0,194,9678,132,446,196,-215,-733,91,1075,1154,338,491,464,218,-174,-208,218,0,0,0,0,0,0,0,0,0,0,0,0,0,0,0,5,22570,0,22636,0,0,0,0,3836773,3848179,0,0,0,0,0,1000,1000,4783290,61990,37194,65535,7698,7698,1,2000
MPCTASK: EXP,0,196,9777,100,381,208,-381,-877,98,976,957,348,396,297,218,-222,-324,218,0,0,0,0,0,0,0,0,0,0,0,0,0,0,0,5,19933,0,19991,0,0,0,0,3388526,3398632,0,0,0,0,0,1000,1000,4783290,58996,35398,65535,7796,7796,1,2000
MPCTASK: EXP,0,198,9880,59,297,220,-495,-1001,99,722,729,424,268,119,218,-247,-431,218,0,0,0,0,0,0,0,0,0,0,0,0,0,0,0,5,23255,0,23313,0,0,0,0,3953277,3963397,0,0,0,0,0,1000,1000,4783290,65535,39321,65535,7900,7900,1,2000
MPCTASK: EXP,0,200,9980,10,200,230,-560,-1097,19,838,452,591,118,-66,218,-245,-560,218,0,0,0,0,0,0,0,0,0,0,0,0,0,0,0,5,23789,0,23848,0,0,0,0,4044102,4054224,0,0,0,0,0,1000,1000,4783290,65535,39321,65535,8000,8000,1,2000
MPCTASK: EXP,0,202,10079,-26,117,230,-537,-1131,-77,383,53,746,-36,-255,218,-206,-602,218,0,0,0,0,0,0,0,0,0,0,0,0,0,0,0,5,22809,0,23084,0,0,0,0,3877417,3924516,0,0,0,0,0,1000,1000,4783290,65535,39321,65535,8099,8099,1,2000
MPCTASK: EXP,0,204,10181,-76,0,217,-502,-1150,-97,129,-229,875,-182,-443,218,-166,-683,218,0,0,0,0,0,0,0,0,0,0,0,0,0,0,0,5,23865,0,23925,0,0,0,0,4057113,4067440,0,0,0,0,0,1000,1000,4783290,65535,39321,65535,8201,8201,1,2000
MPCTASK: EXP,0,206,10281,-116,-115,210,-410,-1150,-90,35,-579,778,-304,-625,218,-111,-750,218,0,0,0,0,0,0,0,0,0,0,0,0,0,0,0,5,24237,0,24296,0,0,0,0,4120162,4130304,0,0,0,0,0,1000,1000,4783290,65535,39321,65535,8301,8301,1,2000
MPCTASK: EXP,0,208,10379,-140,-217,205,-247,-1103,-19,-13,-848,635,-391,-795,218,-36,-785,218,0,0,0,0,0,0,0,0,0,0,0,0,0,0,0,5,23185,0,23244,0,0,0,0,3941413,3951564,0,0,0,0,0,1000,1000,4783290,65535,39321,65535,8400,8400,1,2000
MPCTASK: EXP,0,210,10480,-145,-302,207,-60,-1042,65,-58,-967,483,-433,-951,218,37,-792,218,0,0,0,0,0,0,0,0,0,0,0,0,0,0,0,5,23917,0,24217,0,0,0,0,4065789,4116898,0,0,0,0,0,1000,1000,4783290,62554,37532,65535,8501,8501,1,2000
MPCTASK: EXP,0,212,10580,-136,-403,219,140,-971,134,-233,-868,304,-428,-1085,218,94,-786,218,0,0,0,0,0,0,0,0,0,0,0,0,0,0,0,5,21958,0,22016,0,0,0,0,3732642,3742787,0,0,0,0,0,1000,1000,4783290,56884,34130,65535,8601,8601,1,2000
MPCTASK: EXP,0,214,10683,-107,-490,234,299,-884,145,-521,-652,172,-378,-1194,218,134,-752,221,0,0,0,0,0,0,0,0,0,0,0,0,0,0,0,5,25645,0,25706,0,0,0,0,4359609,4370141,0,0,0,0,0,1000,1000,4783290,54449,32669,65535,8705,8705,1,2000
MPCTASK: EXP,0,216,10778,-71,-555,249,390,-718,131,-819,-359,61,-288,-1272,218,143,-680,225,0,0,0,0,0,0,0,0,0,0,0,0,0,0,0,5,20737,0,20795,0,0,0,0,3525114,3535264,0,0,0,0,0,1000,1000,4783290,50888,30533,65535,8800,8800,1,2000
MPCTASK: EXP,0,218,10881,-30,-601,261,437,-544,106,-1022,-81,10,-172,-1315,218,139,-600,228,0,0,0,0,0,0,0,0,0,0,0,0,0,0,0,5,22602,0,22668,0,0,0,0,3842125,3853642,0,0,0,0,0,1000,1000,4783290,52676,31606,65535,8903,8903,1,2000
MPCTASK: EXP,0,220,10980,10,-652,271,408,-348,62,-1150,241,-38,-44,-1319,218,113,-535,229,0,0,0,0,0,0,0,0,0,0,0,0,0,0,0,5,21678,0,21740,0,0,0,0,3685253,3695859,0,0,0,0,0,1000,1000,4783290,53297,31978,65535,9003,9003,1,2000
MPCTASK: EXP,0,222,11081,44,-673,277,344,-135,27,-1214,454,-64,80,-1281,218,87,-466,230,0,0,0,0,0,0,0,0,0,0,0,0,0,0,0,5,22284,0,22342,0,0,0,0,3788081,3798232,0,0,0,0,0,1000,1000,4783290,54774,32864,65535,9103,9103,1,2000
MPCTASK: EXP,0,224,11179,63,-679,278,239,62,-2,-1163,569,-98,186,-1201,218,66,-423,229,0,0,0,0,0,0,0,0,0,0,0,0,0,0,0,5,21028,0,21087,0,0,0,0,3574777,3584928,0,0,0,0,0,1000,1000,4783290,55710,33426,65535,9202,9202,1,2000
MPCTASK: EXP,0,226,11281,71,-666,276,134,237,-21,-1009,555,-141,259,-1082,218,58,-400,228,0,0,0,0,0,0,0,0,0,0,0,0,0,0,0,5,22873,0,22930,0,0,0,0,3888225,3898217,0,0,0,0,0,1000,1000,4783290,56990,34194,65535,9304,9304,1,2000
MPCTASK: EXP,0,228,11381,70,-633,272,23,403,-26,-677,427,-184,293,-930,218,43,-368,226,0,0,0,0,0,0,0,0,0,0,0,0,0,0,0,5,21688,0,21837,0,0,0,0,3686937,3712248,0,0,0,0,0,1000,1000,4783290,57841,34705,65535,9404,9404,1,2000
MPCTASK: EXP,0,230,11483,61,-595,270,-51,481,-10,-334,253,-199,286,-757,218,31,-346,226,0,0,0,0,0,0,0,0,0,0,0,0,0,0,0,5,24726,0,24785,0,0,0,0,4203385,4213541,0,0,0,0,0,1000,1000,4783290,57351,34411,65535,9507,9507,1,2000
MPCTASK: EXP,0,232,11581,48,-561,269,-88,479,-3,-47,56,-206,245,-578,219,24,-327,226,0,0,0,0,0,0,0,0,0,0,0,0,0,0,0,5,22966,0,23027,0,0,0,0,3904185,3914683,0,0,0,0,0,1000,1000,4783290,58009,34805,65535,9605,9605,1,2000
MPCTASK: EXP,0,234,11681,39,-530,271,-88,447,5,84,-74,-202,184,-412,219,10,-281,227,0,0,0,0,0,0,0,0,0,0,0,0,0,0,0,5,22615,0,22920,0,0,0,0,3844373,3896334,0,0,0,0,0,1000,1000,4783290,58618,35171,65535,9705,9705,1,2000
MPCTASK: EXP,0,236,11782,34,-498,272,-63,402,4,73,-127,-197,120,-280,219,-13,-199,228,0,0,0,0,0,0,0,0,0,0,0,0,0,0,0,5,23238,0,23299,0,0,0,0,3950405,3960960,0,0,0,0,0,1000,1000,4783290,56645,33987,65535,9806,9806,1,2000
MPCTASK: EXP,0,238,11880,31,-473,275,-39,368,-5,-120,-62,-196,73,-195,218,-49,-88,228,0,0,0,0,0,0,0,0,0,0,0,0,0,0,0,5,21363,0,21423,0,0,0,0,3631486,3642017,0,0,0,0,0,1000,1000,5281385,57123,34274,65535,9904,9904,1,2000
MPCTASK: EXP,0,240,11981,32,-446,274,-27,385,-24,-461,86,-176,52,-161,218,-70,34,227,0,0,0,0,0,0,0,0,0,0,0,0,0,0,0,5,22715,0,23041,0,0,0,0,3861393,3917185,0,0,0,0,0,1000,1000,5281385,56929,34157,65535,10006,10006,1,2000
MPCTASK: EXP,0,242,12083,32,-415,271,-43,465,-38,-845,252,-148,49,-157,218,-67,151,226,0,0,0,0,0,0,0,0,0,0,0,0,0,0,0,5,24089,0,24297,0,0,0,0,4094997,4130543,0,0,0,0,0,1000,1000,5281385,57125,34275,65535,10108,10108,1,2000
MPCTASK: EXP,0,244,12181,29,-372,269,-82,608,-43,-1129,326,-137,45,-150,218,-37,249,225,0,0,0,0,0,0,0,0,0,0,0,0,0,0,0,5,22230,0,22289,0,0,0,0,3779142,3789300,0,0,0,0,0,1000,1000,5281385,57013,34208,65535,10206,10206,1,2000
MPCTASK: EXP,0,246,12282,20,-306,264,-126,799,-62,-1154,252,-166,20,-104,218,0,350,223,0,0,0,0,0,0,0,0,0,0,0,0,0,0,0,5,24238,0,24296,0,0,0,0,4120333,4130486,0,0,0,0,0,1000,1000,5281385,58350,35010,65535,10308,10308,1,2000
MPCTASK: EXP,0,248,12379,10,-220,256,-136,972,-66,-885,13,-207,-27,-5,219,54,434,220,0,0,0,0,0,0,0,0,0,0,0,0,0,0,0,5,21258,0,21325,0,0,0,0,3613921,3625372,0,0,0,0,0,1000,1000,5281385,61433,36860,65535,10405,10405,1,2000
MPCTASK: EXP,0,250,12481,0,-123,246,-105,1081,-52,-499,-298,-217,-83,140,219,116,497,219,0,0,0,0,0,0,0,0,0,0,0,0,0,0,0,5,22527,0,22592,0,0,0,0,3829626,3840754,0,0,0,0,0,1000,1000,5281385,62478,37487,65535,10507,10507,1,2000
MPCTASK: EXP,0,252,12579,0,-27,243,-10,1105,-11,-214,-550,-201,-130,313,218,187,538,219,0,0,0,0,0,0,0,0,0,0,0,0,0,0,0,5,21096,0,21155,0,0,0,0,3586277,3596436,0,0,0,0,0,1000,1000,5281385,56215,33729,65535,10606,10606,1,2000
MPCTASK: EXP,0,254,12682,3,64,246,94,1082,8,-75,-674,-172,-151,495,218,241,558,220,0,0,0,0,0,0,0,0,0,0,0,0,0,0,0,5,24005,0,24064,0,0,0,0,4080825,4090980,0,0,0,0,0,1000,1000,5281385,55734,33440,65535,10709,10709,1,2000
MPCTASK: EXP,0,256,12780,13,138,248,193,987,-6,141,-663,-133,-136,665,218,275,538,220,0,0,0,0,0,0,0,0,0,0,0,0,0,0,0,5,22001,0,22068,0,0,0,0,3740109,3751559,0,0,0,0,0,1000,1000,5281385,56824,34094,65535,10807,10807,1,2000
MPCTASK: EXP,0,258,12882,35,229,245,301,930,-14,282,-645,-133,-81,807,218,303,538,219,0,0,0,0,0,0,0,0,0,0,0,0,0,0,0,5,23604,0,23663,0,0,0,0,4012549,4022707,0,0,0,0,0,1000,1000,5281385,54865,32919,65535,10910,10910,1,2000
MPCTASK: EXP,0,260,12982,68,307,244,392,833,-36,522,-487,-137,7,913,218,311,507,218,0,0,0,0,0,0,0,0,0,0,0,0,0,0,0,5,23154,0,23213,0,0,0,0,3936118,3946273,0,0,0,0,0,1000,1000,5281385,56523,33914,65535,11009,11009,1,2000
MPCTASK: EXP,0,262,13084,110,393,241,452,735,-42,893,-276,-155,120,976,218,307,472,218,0,0,0,0,0,0,0,0,0,0,0,0,0,0,0,5,26196,0,26255,0,0,0,0,4453261,4463408,0,0,0,0,0,1000,1000,5281385,58679,35207,65535,11112,11112,1,2000
MPCTASK: EXP,0,264,13177,165,455,240,497,545,-19,1150,-68,-162,243,995,218,294,400,218,0,0,0,0,0,0,0,0,0,0,0,0,0,0,0,5,19185,0,19242,0,0,0,0,3261277,3271265,0,0,0,0,0,1000,1000,5281385,57802,34681,65535,11205,11205,1,2000
MPCTASK: EXP,0,266,13283,211,495,240,461,322,-21,1313,386,-167,360,972,218,241,310,218,0,0,0,0,0,0,0,0,0,0,0,0,0,0,0,5,24224,0,24284,0,0,0,0,4117909,4128244,0,0,0,0,0,1000,1000,5281385,59767,35860,65535,11311,11311,1,2000
MPCTASK: EXP,0,268,13379,249,513,238,358,79,-38,1399,670,-67,455,910,218,176,200,218,0,0,0,0,0,0,0,0,0,0,0,0,0,0,0,5,20580,0,20639,0,0,0,0,3498613,3508769,0,0,0,0,0,1000,1000,5281385,61145,36687,65535,11408,11408,1,2000
MPCTASK: EXP,0,270,13480,275,516,234,215,-159,-50,1536,893,18,516,814,218,101,81,218,0,0,0,0,0,0,0,0,0,0,0,0,0,0,0,5,21982,0,22041,0,0,0,0,3736901,3747052,0,0,0,0,0,1000,1000,5281385,57636,34582,65535,11509,11509,1,2000
MPCTASK: EXP,0,272,13578,262,499,227,-8,-405,-61,1418,1093,82,533,690,218,-7,-37,218,0,0,0,0,0,0,0,0,0,0,0,0,0,0,0,5,19711,0,20054,0,0,0,0,3350805,3409419,0,0,0,0,0,1000,1000,5281385,61044,36626,65535,11607,11607,1,2000
MPCTASK: EXP,0,274,13681,265,431,217,-172,-684,-87,1331,1135,119,504,542,218,-68,-197,218,0,0,0,0,0,0,0,0,0,0,0,0,0,0,0,5,22261,0,22320,0,0,0,0,3784229,3794377,0,0,0,0,0,1000,1000,5281385,65535,39321,65535,11710,11710,1,2000
MPCTASK: EXP,0,276,13779,227,363,214,-373,-889,-65,1108,1026,306,430,375,218,-139,-324,218,0,0,0,0,0,0,0,0,0,0,0,0,0,0,0,5,20987,0,21046,0,0,0,0,3567721,3577872,0,0,0,0,0,1000,1000,5281385,65535,39321,65535,11809,11809,1,2000
MPCTASK: EXP,0,278,13881,191,254,205,-502,-1086,-85,781,781,430,318,197,218,-170,-466,218,0,0,0,0,0,0,0,0,0,0,0,0,0,0,0,5,23063,0,23122,0,0,0,0,3920681,3930835,0,0,0,0,0,1000,1000,5281385,65535,39321,65535,11911,11911,1,2000
MPCTASK: EXP,0,280,13980,138,183,200,-584,-1084,-25,301,454,553,178,10,218,-182,-514,218,0,0,0,0,0,0,0,0,0,0,0,0,0,0,0,5,20911,0,21108,0,0,0,0,3554789,3588393,0,0,0,0,0,1000,1000,5281385,63061,37837,65535,12010,12010,1,2000
MPCTASK: EXP,0,282,14083,86,99,206,-610,-1055,47,139,182,648,24,-179,218,-171,-578,218,0,0,0,0,0,0,0,0,0,0,0,0,0,0,0,5,24740,0,24799,0,0,0,0,4205774,4215921,0,0,0,0,0,1000,1000,5281385,62907,37744,65535,12114,12114,1,2000
MPCTASK: EXP,0,284,14178,28,9,208,-604,-1032,43,153,-105,727,-127,-367,218,-146,-649,218,0,0,0,0,0,0,0,0,0,0,0,0,0,0,0,5,20063,0,20122,0,0,0,0,3410633,3420784,0,0,0,0,0,1000,1000,5281385,65535,39321,65535,12209,12209,1,2000
MPCTASK: EXP,0,286,14279,-18,-79,213,-522,-1017,41,255,-420,714,-263,-549,218,-89,-716,218,0,0,0,0,0,0,0,0,0,0,0,0,0,0,0,5,20681,0,20740,0,0,0,0,3515649,3525799,0,0,0,0,0,1000,1000,5281385,65535,39321,65535,12310,12310,1,2000
MPCTASK: EXP,0,288,14380,-61,-180,218,-410,-1049,32,374,-695,689,-368,-720,218,-24,-799,218,0,0,0,0,0,0,0,0,0,0,0,0,0,0,0,5,21103,0,21166,0,0,0,0,3587550,3598301,0,0,0,0,0,1000,1000,5281385,63929,38357,65535,12411,12411,1,2000
MPCTASK: EXP,0,290,14483,-91,-289,226,-252,-1095,32,294,-935,607,-433,-878,218,50,-869,218,0,0,0,0,0,0,0,0,0,0,0,0,0,0,0,5,24149,0,24208,0,0,0,0,4105206,4115352,0,0,0,0,0,1000,1000,5281385,61439,36863,65535,12514,12514,1,2000
MPCTASK: EXP,0,292,14582,-100,-382,229,-63,-1063,15,113,-997,451,-450,-1017,218,127,-895,218,0,0,0,0,0,0,0,0,0,0,0,0,0,0,0,5,24020,0,24078,0,0,0,0,4083233,4093380,0,0,0,0,0,1000,1000,5281385,59881,35929,65535,12614,12614,1,2000
MPCTASK: EXP,0,294,14685,-93,-486,228,120,-1053,-2,-96,-984,306,-418,-1136,218,196,-926,218,0,0,0,0,0,0,0,0,0,0,0,0,0,0,0,5,26608,0,27018,0,0,0,0,4523325,4593115,0,0,0,0,0,1000,1000,5281385,58437,35062,65535,12717,12717,1,2000
MPCTASK: EXP,0,296,14780,-70,-584,229,292,-987,9,-383,-904,162,-341,-1230,218,254,-927,218,0,0,0,0,0,0,0,0,0,0,0,0,0,0,0,5,20930,0,20989,0,0,0,0,3558054,3568200,0,0,0,0,0,1000,1000,5281385,57051,34231,65535,12812,12812,1,2000
MPCTASK: EXP,0,298,14882,-27,-670,229,449,-869,1,-661,-697,78,-225,-1298,218,299,-901,218,0,0,0,0,0,0,0,0,0,0,0,0,0,0,0,5,23574,0,23633,0,0,0,0,4007573,4017721,0,0,0,0,0,1000,1000,5281385,55819,33491,65535,12915,12915,1,2000
MPCTASK: EXP,0,300,14978,16,-728,232,538,-671,13,-857,-410,22,-81,-1338,218,309,-835,218,0,0,0,0,0,0,0,0,0,0,0,0,0,0,0,5,19447,0,19748,0,0,0,0,3305798,3357381,0,0,0,0,0,1000,1000,5281385,56065,33639,65535,13011,13011,1,2000
MPCTASK: EXP,0,302,15081,72,-776,234,585,-484,-2,-960,-100,19,74,-1349,218,302,-765,218,0,0,0,0,0,0,0,0,0,0,0,0,0,0,0,5,23142,0,23275,0,0,0,0,3933989,3956689,0,0,0,0,0,1000,1000,5281385,55374,33224,65535,13114,13114,1,2000
MPCTASK: EXP,0,304,15180,118,-812,234,547,-298,-7,-1037,232,-21,227,-1330,218,258,-687,218,0,0,0,0,0,0,0,0,0,0,0,0,0,0,0,5,21576,0,21635,0,0,0,0,3667885,3678034,0,0,0,0,0,1000,1000,5281385,55193,33116,65535,13214,13214,1,2000
MPCTASK: EXP,0,306,15285,164,-834,234,472,-113,-12,-1105,516,-56,364,-1283,218,204,-597,218,0,0,0,0,0,0,0,0,0,0,0,0,0,0,0,5,26512,0,26571,0,0,0,0,4507069,4517216,0,0,0,0,0,1000,1000,5281385,55528,33317,65535,13319,13319,1,2000
MPCTASK: EXP,0,308,15379,186,-846,232,322,55,-30,-1150,768,-90,469,-1209,218,117,-506,218,0,0,0,0,0,0,0,0,0,0,0,0,0,0,0,5,21013,0,21072,0,0,0,0,3572177,3582324,0,0,0,0,0,1000,1000,5281385,56434,33860,65535,13413,13413,1,2000
MPCTASK: EXP,0,310,15483,196,-841,230,151,239,-34,-1198,930,-121,534,-1108,218,27,-400,218,0,0,0,0,0,0,0,0,0,0,0,0,0,0,0,5,24247,0,24671,0,0,0,0,4121885,4194180,0,0,0,0,0,1000,1000,5281385,57812,34687,65535,13517,13517,1,2000
MPCTASK: EXP,0,312,15580,188,-813,226,-38,440,-41,-1210,979,-145,551,-984,218,-61,-280,218,0,0,0,0,0,0,0,0,0,0,0,0,0,0,0,5,20802,0,20861,0,0,0,0,3536300,3546448,0,0,0,0,0,1000,1000,5281385,60082,36049,65535,13614,13614,1,2000
MPCTASK: EXP,0,314,15684,161,-767,221,-226,634,-42,-1124,907,-151,519,-840,218,-143,-157,218,0,0,0,0,0,0,0,0,0,0,0,0,0,0,0,5,25187,0,25245,0,0,0,0,4281706,4291852,0,0,0,0,0,1000,1000,5281385,60103,36062,65535,13718,13718,1,2000
MPCTASK: EXP,0,316,15782,123,-709,219,-378,794,-27,-998,777,-158,440,-678,218,-204,-42,218,0,0,0,0,0,0,0,0,0,0,0,0,0,0,0,5,23583,0,23642,0,0,0,0,4009039,4019188,0,0,0,0,0,1000,1000,5281385,59955,35973,65535,13817,13817,1,2000
MPCTASK: EXP,0,318,15880,64,-638,219,-519,916,-10,-764,573,-201,324,-504,218,-256,57,218,0,0,0,0,0,0,0,0,0,0,0,0,0,0,0,5,21398,0,21456,0,0,0,0,3637550,3647538,0,0,0,0,0,1000,1000,5281385,61289,36773,65535,13915,13915,1,2000
MPCTASK: EXP,0,320,15981,15,-568,216,-578,978,-2,-533,324,-225,181,-322,218,-264,136,218,0,0,0,0,0,0,0,0,0,0,0,0,0,0,0,5,21637,0,21833,0,0,0,0,3678193,3711810,0,0,0,0,0,1000,1000,5281385,59738,35843,65535,14016,14016,1,2000
MPCTASK: EXP,0,322,16081,-42,-476,218,-600,1029,29,-361,37,-246,24,-135,218,-255,225,218,0,0,0,0,0,0,0,0,0,0,0,0,0,0,0,5,22885,0,22943,0,0,0,0,3890469,3900458,0,0,0,0,0,1000,1000,5281385,58311,34987,65535,14117,14117,1,2000
MPCTASK: EXP,0,324,16180,-94,-394,225,-559,1019,49,-245,-247,-258,-128,50,218,-217,285,218,0,0,0,0,0,0,0,0,0,0,0,0,0,0,0,5,22154,0,22212,0,0,0,0,3766113,3776102,0,0,0,0,0,1000,1000,5281385,59195,35517,65535,14216,14216,1,2000
MPCTASK: EXP,0,326,16281,-147,-309,232,-493,996,38,-195,-528,-258,-265,231,218,-169,341,218,0,0,0,0,0,0,0,0,0,0,0,0,0,0,0,5,22592,0,22651,0,0,0,0,3840605,3850762,0,0,0,0,0,1000,1000,5281385,57714,34628,65535,14318,14318,1,2000
MPCTASK: EXP,0,328,16381,-185,-223,237,-345,963,4,-253,-814,-261,-370,402,218,-92,392,218,0,0,0,0,0,0,0,0,0,0,0,0,0,0,0,5,19995,0,20290,0,0,0,0,3398905,3449450,0,0,0,0,0,1000,1000,5281385,58357,35014,65535,14417,14417,1,2000
MPCTASK: EXP,0,330,16486,-200,-122,234,-155,1016,-34,-332,-1015,-280,-435,560,218,1,469,218,0,0,0,0,0,0,0,0,0,0,0,0,0,0,0,5,25237,0,25296,0,0,0,0,4290286,4300436,0,0,0,0,0,1000,1000,5281385,59287,35572,65535,14522,14522,1,2000
MPCTASK: EXP,0,332,16588,-195,-24,231,58,1043,-38,-253,-1120,-279,-452,700,218,98,521,218,0,0,0,0,0,0,0,0,0,0,0,0,0,0,0,5,27799,0,28140,0,0,0,0,4725777,4783824,0,0,0,0,0,1000,1000,5281385,59612,35767,65535,14625,14625,1,2000
MPCTASK: EXP,0,334,16684,-186,42,226,223,985,-41,-123,-1111,-194,-420,819,218,165,519,218,0,0,0,0,0,0,0,0,0,0,0,0,0,0,0,5,24196,0,24263,0,0,0,0,4113309,4124847,0,0,0,0,0,1000,1000,5281385,61369,36821,65535,14721,14721,1,2000
MPCTASK: EXP,0,336,16783,-153,133,222,420,951,-44,-89,-966,-147,-341,914,218,228,539,218,0,0,0,0,0,0,0,0,0,0,0,0,0,0,0,5,21841,0,21899,0,0,0,0,3712801,3722952,0,0,0,0,0,1000,1000,5281385,55172,33103,65535,14821,14821,1,2000
MPCTASK: EXP,0,338,16883,-94,231,215,590,959,-49,107,-728,-221,-225,982,218,290,554,218,0,0,0,0,0,0,0,0,0,0,0,0,0,0,0,5,22070,0,22131,0,0,0,0,3751785,3762314,0,0,0,0,0,1000,1000,5281385,58891,35335,65535,14921,14921,1,2000
MPCTASK: EXP,0,340,16985,-30,296,212,693,828,-40,507,-481,-96,-81,1022,218,323,498,218,0,0,0,0,0,0,0,0,0,0,0,0,0,0,0,5,24352,0,24410,0,0,0,0,4139733,4149880,0,0,0,0,0,1000,1000,5281385,53421,32053,65535,15023,15023,1,2000
MPCTASK: EXP,0,342,17087,30,370,207,728,749,-51,638,-94,-78,74,1033,218,313,466,218,0,0,0,0,0,0,0,0,0,0,0,0,0,0,0,5,24815,0,25105,0,0,0,0,4218457,4268065,0,0,0,0,0,1000,1000,5281385,65535,39321,65535,15125,15125,1,2000
MPCTASK: EXP,0,344,17183,78,438,202,665,593,-82,1102,221,151,228,1015,218,263,401,218,0,0,0,0,0,0,0,0,0,0,0,0,0,0,0,5,20073,0,20716,0,0,0,0,3412410,3521766,0,0,0,0,0,1000,1000,5281385,65535,39321,65535,15221,15221,1,2000
MPCTASK: EXP,0,346,17284,131,495,190,567,374,-187,1440,714,417,364,968,218,198,316,218,0,0,0,0,0,0,0,0,0,0,0,0,0,0,0,5,21401,0,21460,0,0,0,0,3638203,3648348,0,0,0,0,0,1000,1000,5281385,65535,39321,65535,15322,15322,1,2000
MPCTASK: EXP,0,348,17383,175,515,172,443,99,-211,1521,862,472,469,893,218,137,196,218,0,0,0,0,0,0,0,0,0,0,0,0,0,0,0,5,20845,0,21283,0,0,0,0,3543641,3618117,0,0,0,0,0,1000,1000,5281385,65535,39321,65535,15422,15422,1,2000
MPCTASK: EXP,0,350,17486,219,518,161,332,-133,-168,1425,1098,461,534,793,218,82,93,218,0,0,0,0,0,0,0,0,0,0,0,0,0,0,0,5,23587,0,23889,0,0,0,0,4009717,4061287,0,0,0,0,0,1000,1000,5281385,65535,39321,65535,15525,15525,1,2000
MPCTASK: EXP,0,352,17586,221,491,140,79,-421,-210,1361,1279,598,551,669,218,-20,-45,218,0,0,0,0,0,0,0,0,0,0,0,0,0,0,0,5,23322,0,23381,0,0,0,0,3964553,3974889,0,0,0,0,0,1000,1000,5281385,65535,39321,65535,15626,15626,1,2000
MPCTASK: EXP,0,354,17685,214,450,113,-113,-630,-295,1262,1287,699,519,524,218,-94,-171,218,0,0,0,0,0,0,0,0,0,0,0,0,0,0,0,5,22758,0,22816,0,0,0,0,3868677,3878829,0,0,0,0,0,1000,1000,5281385,65535,39321,65535,15725,15725,1,2000
MPCTASK: EXP,0,356,17786,172,371,73,-350,-883,-408,1164,1191,752,440,363,218,-182,-327,218,0,0,0,0,0,0,0,0,0,0,0,0,0,0,0,5,23330,0,23389,0,0,0,0,3966030,3976180,0,0,0,0,0,1000,1000,5281385,65535,39321,65535,15826,15826,1,2000
MPCTASK: EXP,0,358,17886,116,272,53,-508,-1079,-300,862,863,797,324,189,218,-229,-457,218,0,0,0,0,0,0,0,0,0,0,0,0,0,0,0,5,23432,0,23566,0,0,0,0,3983320,4006192,0,0,0,0,0,1000,1000,5281385,65535,39321,65535,15926,15926,1,2000
MPCTASK: EXP,0,360,17983,71,240,71,-471,-878,168,340,434,837,181,6,218,-202,-426,218,0,0,0,0,0,0,0,0,0,0,0,0,0,0,0,5,20595,0,20653,0,0,0,0,3501089,3511077,0,0,0,0,0,1000,1000,5281385,48741,29245,65535,16024,16024,1,2000
MPCTASK: EXP,0,362,18086,108,294,41,55,-515,227,235,-440,829,24,-179,218,38,-316,218,0,0,0,0,0,0,0,0,0,0,0,0,0,0,0,5,23940,0,23999,0,0,0,0,4069813,4079960,0,0,0,0,0,1000,1000,5281385,65535,39321,65535,16127,16127,1,2000
MPCTASK: EXP,0,364,18186,150,299,34,225,-443,181,940,448,670,-129,-365,218,120,-338,218,0,0,0,0,0,0,0,0,0,0,0,0,0,0,0,5,23918,0,23983,0,0,0,0,4065881,4077324,0,0,0,0,0,1000,1000,5281385,65535,39321,65535,16227,16227,1,2000
MPCTASK: EXP,0,366,18288,173,292,58,22,-431,220,1286,889,594,-265,-546,218,113,-362,218,0,0,0,0,0,0,0,0,0,0,0,0,0,0,0,5,24840,0,24899,0,0,0,0,4222738,4232884,0,0,0,0,0,1000,1000,5281385,65535,39321,65535,16329,16329,1,2000
MPCTASK: EXP,0,368,18385,165,253,77,-127,-584,169,1416,585,699,-370,-718,218,140,-427,218,0,0,0,0,0,0,0,0,0,0,0,0,0,0,0,5,22249,0,22308,0,0,0,0,3782354,3792501,0,0,0,0,0,1000,1000,5281385,65535,39321,65535,16426,16426,1,2000
MPCTASK: EXP,0,370,18489,150,254,106,-212,-476,265,1253,294,656,-435,-875,218,167,-375,218,0,0,0,0,0,0,0,0,0,0,0,0,0,0,0,5,27025,0,27083,0,0,0,0,4594141,4604289,0,0,0,0,0,1000,1000,5281385,65535,39321,65535,16531,16531,1,2000
MPCTASK: EXP,0,372,18582,151,234,115,-96,-549,239,1455,-25,486,-452,-1015,218,245,-399,218,0,0,0,0,0,0,0,0,0,0,0,0,0,0,0,5,20272,0,20338,0,0,0,0,3446129,3457575,0,0,0,0,0,1000,1000,5281385,65535,39321,65535,16624,16624,1,2000
MPCTASK: EXP,0,374,18686,155,220,108,0,-564,186,1375,-270,313,-420,-1134,218,306,-377,218,0,0,0,0,0,0,0,0,0,0,0,0,0,0,0,5,22908,0,22967,0,0,0,0,3894301,3904451,0,0,0,0,0,1000,1000,5281385,65535,39321,65535,16728,16728,1,2000
MPCTASK: EXP,0,376,18787,151,243,123,143,-586,-868,-2664,-241,1726,-341,-1229,218,434,-197,218,0,0,0,0,0,0,0,0,0,0,0,0,0,0,0,5,24991,0,25050,0,0,0,0,4248429,4258577,0,0,0,0,0,1000,1000,5281385,65535,39321,65535,16830,16830,1,2000
MPCTASK: EXP,0,378,18887,152,181,101,74,-356,110,-830,258,9198,-225,-1297,218,289,-281,218,0,0,0,0,0,0,0,0,0,0,0,0,0,0,0,5,24991,0,25049,0,0,0,0,4248269,4258421,0,0,0,0,0,1000,1000,5281385,65535,39321,65535,16930,16930,1,2000
MPCTASK: EXP,0,380,18983,210,250,44,330,185,-716,3994,-1888,14656,-81,-1337,218,1225,224,218,0,0,0,0,0,0,0,0,0,0,0,0,0,0,0,5,20684,0,20753,0,0,0,0,3516213,3528118,0,0,0,0,0,1000,1000,5281385,7000,4200,65535,17026,17026,1,2000
MPCTASK: EXP,0,382,19086,217,160,10,142,3,-282,1342,-146,14974,74,-1349,218,608,-88,218,0,0,0,0,0,0,0,0,0,0,0,0,0,0,0,5,22929,0,22990,0,0,0,0,3897894,3908313,0,0,0,0,0,1000,1000,5281385,65535,39321,65535,17129,17129,1,2000
MPCTASK: EXP,0,384,19180,244,173,-9,351,196,-304,1406,-210,12660,228,-1331,218,516,52,218,0,0,0,0,0,0,0,0,0,0,0,0,0,0,0,5,17332,0,17394,0,0,0,0,2946329,2957144,0,0,0,0,0,1000,1000,5281385,65535,39321,65535,17223,17223,1,2000
MPCTASK: EXP,0,386,19286,288,214,-2,492,337,-67,548,-272,10683,364,-1284,218,410,196,218,0,0,0,0,0,0,0,0,0,0,0,0,0,0,0,5,24006,0,24064,0,0,0,0,4080893,4091041,0,0,0,0,0,1000,1000,5281385,65535,39321,65535,17330,17330,1,2000
SUP: Locked, reboot required
MPCTASK: EXP,0,388,19385,343,256,6,587,406,-27,462,-246,9405,469,-1209,218,411,291,218,0,0,0,0,0,0,0,0,0,0,0,0,0,0,0,5,21998,0,22182,0,0,0,0,3739513,3770986,0,0,0,0,0,1000,1000,5281385,65535,39321,65535,17373,17373,1,2000
MPCTASK: EXP,0,390,19489,409,306,15,715,544,23,532,-252,9238,534,-1108,218,453,420,218,0,0,0,0,0,0,0,0,0,0,0,0,0,0,0,5,24305,0,24830,0,0,0,0,4131837,4221213,0,0,0,0,0,1000,1000,5281385,65535,39321,65535,17373,17373,1,2000
MPCTASK: EXP,0,392,19583,486,364,23,814,617,32,520,-256,9158,551,-984,218,504,530,218,0,0,0,0,0,0,0,0,0,0,0,0,0,0,0,5,18300,0,18359,0,0,0,0,3110945,3121092,0,0,0,0,0,1000,1000,5281385,65535,39321,65535,17373,17373,1,2000
MPCTASK: EXP,0,394,19688,573,430,23,918,687,10,514,-261,9075,519,-840,218,577,640,218,0,0,0,0,0,0,0,0,0,0,0,0,0,0,0,5,23970,0,24027,0,0,0,0,4074654,4084830,0,0,0,0,0,1000,1000,5281385,65535,39321,65535,17373,17373,1,2000
MPCTASK: EXP,0,396,19785,673,505,22,1025,756,-2,507,-264,8995,440,-678,218,676,751,218,0,0,0,0,0,0,0,0,0,0,0,0,0,0,0,5,19854,0,20138,0,0,0,0,3375073,3423557,0,0,0,0,0,1000,1000,5281385,65535,39321,65535,17373,17373,1,2000
MPCTASK: EXP,0,398,19886,780,584,20,1131,821,-16,502,-266,8914,324,-504,218,796,858,218,0,0,0,0,0,0,0,0,0,0,0,0,0,0,0,5,20669,0,20728,0,0,0,0,3513734,3523884,0,0,0,0,0,1000,1000,5281385,65535,39321,65535,17373,17373,1,2000
MPCTASK: EXP,0,400,19986,899,669,20,1236,881,-14,496,-267,8834,181,-322,218,938,962,218,0,0,0,0,0,0,0,0,0,0,0,0,0,0,0,5,20743,0,20802,0,0,0,0,3526313,3536460,0,0,0,0,0,1000,1000,5281385,65535,39321,65535,17373,17373,1,2000
MPCTASK: EXP,0,402,20089,1027,760,19,1342,941,-19,490,-267,8754,24,-135,218,1100,1062,218,0,0,0,0,0,0,0,0,0,0,0,0,0,0,0,5,23126,0,23190,0,0,0,0,3931314,3942450,0,0,0,0,0,1000,1000,5281385,65535,39321,65535,17373,17373,1,2000
MPCTASK: EXP,0,404,20186,1166,856,20,1449,996,-14,483,-267,8675,-129,50,218,1276,1158,218,0,0,0,0,0,0,0,0,0,0,0,0,0,0,0,5,20513,0,20709,0,0,0,0,3487089,3520668,0,0,0,0,0,1000,1000,5281385,65535,39321,65535,17373,17373,1,2000
MPCTASK: EXP,0,406,20288,1316,958,20,1556,1049,-14,477,-269,8597,-265,231,218,1464,1249,218,0,0,0,0,0,0,0,0,0,0,0,0,0,0,0,5,21022,0,21081,0,0,0,0,3573642,3583784,0,0,0,0,0,1000,1000,5281385,65535,39321,65535,17373,17373,1,2000
MPCTASK: EXP,0,408,20387,1476,1064,21,1664,1099,-4,469,-268,8520,-370,402,218,1657,1334,218,0,0,0,0,0,0,0,0,0,0,0,0,0,0,0,5,20377,0,20436,0,0,0,0,3463998,3474144,0,0,0,0,0,1000,1000,5281385,65535,39321,65535,17373,17373,1,2000
MPCTASK: EXP,0,410,20486,1648,1177,20,1773,1149,-13,464,-269,8443,-435,560,218,1853,1416,218,0,0,0,0,0,0,0,0,0,0,0,0,0,0,0,5,20054,0,20252,0,0,0,0,3409149,3442830,0,0,0,0,0,1000,1000,5281385,65535,39321,65535,17373,17373,1,2000
MPCTASK: EXP,0,412,20586,1830,1294,20,1881,1196,-13,457,-269,8367,-452,700,218,2045,1492,218,0,0,0,0,0,0,0,0,0,0,0,0,0,0,0,5,19651,0,19710,0,0,0,0,3340666,3350813,0,0,0,0,0,1000,1000,5281385,65535,39321,65535,17373,17373,1,2000
MPCTASK: EXP,0,414,20689,2023,1414,21,1989,1239,-7,449,-269,8291,-419,819,218,2230,1563,218,0,0,0,0,0,0,0,0,0,0,0,0,0,0,0,5,22446,0,23086,0,0,0,0,3815785,3924597,0,0,0,0,0,1000,1000,5281385,65535,39321,65535,17373,17373,1,2000
MPCTASK: EXP,0,416,20789,2227,1540,21,2099,1281,-9,443,-269,8215,-341,913,218,2409,1631,218,0,0,0,0,0,0,0,0,0,0,0,0,0,0,0,5,22670,0,22728,0,0,0,0,3853777,3863929,0,0,0,0,0,1000,1000,5281385,65535,39321,65535,17373,17373,1,2000
MPCTASK: EXP,0,418,20887,2443,1671,19,2210,1321,-19,438,-269,8140,-225,982,218,2582,1698,218,0,0,0,0,0,0,0,0,0,0,0,0,0,0,0,5,21147,0,21204,0,0,0,0,3594793,3604781,0,0,0,0,0,1000,1000,5281385,65535,39321,65535,17373,17373,1,2000
MPCTASK: EXP,0,420,20988,2669,1803,20,2319,1355,-9,430,-267,8066,-81,1022,218,2746,1759,218,0,0,0,0,0,0,0,0,0,0,0,0,0,0,0,5,20389,0,20448,0,0,0,0,3466145,3476293,0,0,0,0,0,1000,1000,5281385,65535,39321,65535,17373,17373,1,2000
MPCTASK: EXP,0,422,21091,2906,1941,19,2429,1390,-14,425,-268,7992,74,1033,218,2908,1820,218,0,0,0,0,0,0,0,0,0,0,0,0,0,0,0,5,24022,0,24080,0,0,0,0,4083577,4093725,0,0,0,0,0,1000,1000,5281385,65535,39321,65535,17373,17373,1,2000
MPCTASK: EXP,0,424,21187,3154,2081,18,2540,1423,-17,419,-268,7919,228,1015,218,3070,1880,218,0,0,0,0,0,0,0,0,0,0,0,0,0,0,0,5,20125,0,20184,0,0,0,0,3421145,3431295,0,0,0,0,0,1000,1000,5281385,65535,39321,65535,17373,17373,1,2000
MPCTASK: EXP,0,426,21289,3410,2220,21,2645,1449,-2,410,-265,7847,364,969,218,3233,1937,218,0,0,0,0,0,0,0,0,0,0,0,0,0,0,0,5,22245,0,22311,0,0,0,0,3781521,3792960,0,0,0,0,0,1000,1000,5281385,65535,39321,65535,17373,17373,1,2000
MPCTASK: EXP,0,428,21387,3682,2368,20,2756,1478,-7,406,-266,7775,469,894,218,3413,2001,218,0,0,0,0,0,0,0,0,0,0,0,0,0,0,0,5,19727,0,19786,0,0,0,0,3353625,3363773,0,0,0,0,0,1000,1000,5281385,65535,39321,65535,17373,17373,1,2000
MPCTASK: EXP,0,430,21488,3963,2518,19,2866,1506,-12,401,-266,7703,533,794,218,3606,2066,218,0,0,0,0,0,0,0,0,0,0,0,0,0,0,0,5,20999,0,21058,0,0,0,0,3569901,3580048,0,0,0,0,0,1000,1000,5281385,65535,39321,65535,17373,17373,1,2000
MPCTASK: EXP,0,432,21588,4253,2666,20,2974,1528,-6,394,-264,7632,549,671,218,3816,2132,218,0,0,0,0,0,0,0,0,0,0,0,0,0,0,0,5,20971,0,21029,0,0,0,0,3564921,3575069,0,0,0,0,0,1000,1000,5281385,65535,39321,65535,17373,17373,1,2000
MPCTASK: EXP,0,434,21690,4555,2819,20,3083,1549,-7,388,-264,7562,517,527,218,4049,2204,218,0,0,0,0,0,0,0,0,0,0,0,0,0,0,0,5,22527,0,22829,0,0,0,0,3829449,3880882,0,0,0,0,0,1000,1000,5281385,65535,39321,65535,17373,17373,1,2000
MPCTASK: EXP,0,436,21791,4867,2974,20,3192,1569,-9,383,-265,7492,438,366,218,4306,2283,218,0,0,0,0,0,0,0,0,0,0,0,0,0,0,0,5,22764,0,23091,0,0,0,0,3869670,3925649,0,0,0,0,0,1000,1000,5281385,65535,39321,65535,17373,17373,1,2000
MPCTASK: EXP,0,438,21895,5191,3131,19,3302,1586,-11,378,-264,7423,322,191,218,4586,2369,218,0,0,0,0,0,0,0,0,0,0,0,0,0,0,0,5,27916,0,27975,0,0,0,0,4745541,4755797,0,0,0,0,0,1000,1000,5281385,65535,39321,65535,17373,17373,1,2000
MPCTASK: EXP,0,440,21991,5524,3287,20,3410,1600,-6,372,-263,7354,179,8,218,4885,2461,218,0,0,0,0,0,0,0,0,0,0,0,0,0,0,0,5,23526,0,23585,0,0,0,0,3999389,4009537,0,0,0,0,0,1000,1000,5281385,65535,39321,65535,17373,17373,1,2000
MPCTASK: EXP,0,442,22092,5870,3446,21,3518,1612,-1,366,-261,7286,25,-180,218,5204,2563,218,0,0,0,0,0,0,0,0,0,0,0,0,0,0,0,5,23829,0,23894,0,0,0,0,4050973,4062089,0,0,0,0,0,1000,1000,5281385,65535,39321,65535,17373,17373,1,2000
MPCTASK: EXP,0,444,22190,6231,3609,20,3627,1625,-4,361,-261,7218,-126,-368,218,5540,2680,218,0,0,0,0,0,0,0,0,0,0,0,0,0,0,0,5,21903,0,21961,0,0,0,0,3723438,3733589,0,0,0,0,0,1000,1000,5281385,65535,39321,65535,17373,17373,1,2000
MPCTASK: EXP,0,446,22293,6603,3777,18,3740,1639,-18,359,-263,7151,-259,-553,218,5884,2812,218,0,0,0,0,0,0,0,0,0,0,0,0,0,0,0,5,24179,0,24659,0,0,0,0,4110441,4192081,0,0,0,0,0,1000,1000,5281385,65535,39321,65535,17373,17373,1,2000
MPCTASK: EXP,0,448,22391,6976,3935,18,3843,1645,-10,351,-261,7084,-361,-729,218,6221,2948,218,0,0,0,0,0,0,0,0,0,0,0,0,0,0,0,5,23159,0,23217,0,0,0,0,3936893,3946882,0,0,0,0,0,1000,1000,5281385,65535,39321,65535,17373,17373,1,2000
MPCTASK: EXP,0,450,22493,7362,4092,21,3945,1646,4,343,-256,7018,-422,-891,218,6556,3094,218,0,0,0,0,0,0,0,0,0,0,0,0,0,0,0,5,25125,0,25190,0,0,0,0,4271209,4282343,0,0,0,0,0,1000,1000,5281385,65535,39321,65535,17373,17373,1,2000
MPCTASK: EXP,0,452,22591,7761,4254,22,4051,1650,5,337,-255,6953,-436,-1034,218,6886,3258,218,0,0,0,0,0,0,0,0,0,0,0,0,0,0,0,5,21910,0,21967,0,0,0,0,3724561,3734550,0,0,0,0,0,1000,1000,5281385,65535,39321,65535,17373,17373,1,2000
MPCTASK: EXP,0,454,22692,8171,4421,22,4158,1654,0,334,-255,6888,-403,-1154,218,7211,3433,218,0,0,0,0,0,0,0,0,0,0,0,0,0,0,0,5,23186,0,23244,0,0,0,0,3941625,3951614,0,0,0,0,0,1000,1000,5281385,65535,39321,65535,17373,17373,1,2000
MPCTASK: EXP,0,456,22788,8597,4592,19,4268,1661,-13,332,-257,6824,-328,-1245,218,7533,3618,218,0,0,0,0,0,0,0,0,0,0,0,0,0,0,0,5,20310,0,20369,0,0,0,0,3452621,3462768,0,0,0,0,0,1000,1000,5281385,65535,39321,65535,17373,17373,1,2000
MPCTASK: EXP,0,458,22892,9032,4758,18,4375,1661,-14,327,-257,6760,-221,-1302,218,7850,3796,218,0,0,0,0,0,0,0,0,0,0,0,0,0,0,0,5,22402,0,22741,0,0,0,0,3808217,3866226,0,0,0,0,0,1000,1000,5281385,65535,39321,65535,17373,17373,1,2000
MPCTASK: EXP,0,460,22995,9463,4911,21,4472,1652,0,319,-251,6696,-96,-1322,218,8159,3953,218,0,0,0,0,0,0,0,0,0,0,0,0,0,0,0,5,25176,0,25234,0,0,0,0,4279857,4290005,0,0,0,0,0,1000,1000,5281385,65535,39321,65535,17373,17373,1,2000
MPCTASK: EXP,0,462,23091,9916,5078,20,4578,1651,-4,315,-252,6633,32,-1301,218,8493,4107,218,0,0,0,0,0,0,0,0,0,0,0,0,0,0,0,5,21921,0,21979,0,0,0,0,3726525,3736514,0,0,0,0,0,1000,1000,5281385,65535,39321,65535,17373,17373,1,2000
MPCTASK: EXP,0,464,23192,10376,5239,21,4681,1645,-2,311,-250,6571,147,-1238,218,8853,4219,218,0,0,0,0,0,0,0,0,0,0,0,0,0,0,0,5,22864,0,22930,0,0,0,0,3886789,3898167,0,0,0,0,0,1000,1000,5281385,65535,39321,65535,17373,17373,1,2000
MPCTASK: EXP,0,466,23293,10850,5404,19,4786,1640,-7,307,-250,6509,234,-1134,218,9221,4342,218,0,0,0,0,0,0,0,0,0,0,0,0,0,0,0,5,23514,0,23775,0,0,0,0,3997190,4041703,0,0,0,0,0,1000,1000,5281385,65535,39321,65535,17373,17373,1,2000
MPCTASK: EXP,0,468,23394,11334,5569,19,4890,1633,-13,304,-250,6448,285,-994,218,9606,4452,218,0,0,0,0,0,0,0,0,0,0,0,0,0,0,0,5,24191,0,24249,0,0,0,0,4112341,4122420,0,0,0,0,0,1000,1000,5281385,65535,39321,65535,17373,17373,1,2000
MPCTASK: EXP,0,470,23488,11828,5732,17,4994,1624,-16,299,-250,6387,294,-828,218,10007,4550,218,0,0,0,0,0,0,0,0,0,0,0,0,0,0,0,5,19093,0,19150,0,0,0,0,3245777,3255624,0,0,0,0,0,1000,1000,5281385,65535,39