---
SYS: Crazyflie 2.1 Brushless is up and running!
SYS: Build 2:de14ff9f08ae (2025.09.1 +2) MODIFIED
SYS: I am 0x373930393434471500370039 and I have 1024KB of flash!
CFGBLK: v1, verification [OK]
DECK_DISCOVERY: Backend found: onewire
DECK_DISCOVERY: Backend found: deckctrl
DECK_CORE: 1 deck(s) found
DECK_CORE: Calling INIT on driver bcFlow2 for deck 0
ZR2: Z-down sensor [OK]
PMW: Motion chip id: 0x49:0xB6
IMU: BMI088: Using I2C interface.
IMU: BMI088 Gyro connection [OK].
IMU: BMI088 Accel connection [OK]
IMU: BMP390 I2C connection [OK]
ESTIMATOR: Using Kalman (2) estimator
CONTROLLER: Using PID (1) controller
MTR-DRV: Using brushless motor driver
SYS: About to run tests in system.c.
SYS: NRF51 version: 2026.04 (C21B)
EEPROM: I2C connection [OK].
STORAGE: Storage check [OK].
IMU: BMI088 gyro self-test [OK]
DECK_CORE: Deck 0 test [OK].
SYS: Self test passed!
STAB: Wait for sensor calibration...
SYS: Free heap: 15048 bytes
MPCTASK: Benchmark mode 3, maneuver 4, max_iter 5, task_pri 0
MPCTASK: Reference altitude: 0.70 m; barrier skip when z>0.75 and vz>-0.20
MPCTASK: OOT takeoff: cfclient trigger>=0.15m ramp=0.15m/s figure8_start=2000ms_after_OOT_takeoff no_z_vz_settle target=0.70m timeout=12000ms
MPCTASK: Common baseline: mpc_hz=20 model_hz=20 rho=5 base_w=0 base_qz=1 Qz=100 R=4 bridge=x10 guards=z[ref,ref+0.20] xy=free cap=0.05
MPCTASK: MPC->PID: xyz=x10, z_guard=[ref,ref+0.20], yaw=raw_rz, output_hold=200ms, safety_hold=500ms
MPCTASK: Motor fault schedule: model=multiplicative_step pre_onset=100% onset=2000ms_after_TRAJ_START global=100% fault=M1(index=0) retained=60% equiv_fullscale_pwm=39321 ramp=none placement=post_mixer_post_battery model_bounds=unchanged
MPCTASK: Reference origin: xyz=measured_at_forced_timed_start nominal_takeoff_target=0.70 m
MPCTASK: LIMO adaptive: cache=16x4 evals=1 activeH=1 timing=bar/rl/cache_cycles
MPCTASK: EXP every=2: m,s,tms,p3[mm],v3[mmps],att3[cdeg],ref3[mm],cmd3[mm],h/raw/grad/mar/thr[milli],act/ac/bind,wi/qi/cache/noa,pa/pf/du[milli],it,mpc/eval/total[us],bar/tanh/rl/cache/solve/step[cycles],overruns,post_active/post_infeasible_totals,wreq/w/qzreq/qz[milli],max_step_cycles,M1_req/app/peak[pwm],M1_derated/samples,fault_on/onset_ms
MPCTASK: Figure8: source=traj_fig8_12.h source_hz=100 samples=1205 passes=2 cycles=6 lobes=12 duration=24.07 s origin=forced_timed_start start_delay=2000ms z_baseline=measured_at_start feedforward=U_ref_data
MPCTASK: Waiting for activation ...
STAB: Starting stabilizer loop
STAB: WARNING: stabilizer loop rate is off (1004)
CONTROLLER: Using OutOfTree (6) controller
MPCTASK: Trajectory origin: x=0.03 y=0.02 z=0.01
MPCTASK: OOT activated at z=0.01
SUP: Ready to fly
MPCTASK: TAKEOFF START: trigger_z=0.15 start_z=0.01 target=0.70 hold=(0.05,0.04) ramp=0.15m/s
MPCTASK: OOT loop 1 done
MPCTASK: OOT loop 2 done
MPCTASK: MPC task loop 1
MPCTASK: x0: pos=(0.05,0.04,0.01) vel=(0.0,-0.03,-0.0)
MPCTASK: ref: (0.05,0.04,0.01)
MPCTASK: OOT loop 3 done
MPCTASK: SAFE TV mode=3: h=0.0 raw=0.0 grad=0.0 margin=0.0 thr=0.0 active0=0 active_count=0 eval=13399 us
MPCTASK: MPC solve start
MPCTASK: MPC solve done, iter=5
MPCTASK: MPC time=20879 us
MPCTASK: MPC stack free=910 words
MPCTASK: setpoint: x=0.05 y=0.04 z=0.07 preview_z=0.07
MPCTASK: MPC task loop 2
MPCTASK: MPC task loop 3
MPCTASK: Cache level changed: 0 -> 1
MPCTASK: TAKEOFF COMPLETE: forced_start t=2000ms z=0.20 vz=0.25; trajectory queued origin=(0.06,0.02,0.20) no_z_vz_gate
MPCTASK: TRAJ START: z=0.21 origin=(0.06,0.02,0.20) EXP clock reset; Z metric begins at t+3s
MPCTASK: EXP,3,2,86,63,24,219,-68,73,214,-130,160,265,66,21,209,5,286,213,-480,-176,1389,70,300,1,1,1,15,3,1,1,0,0,0,5,24041,11221,35968,1907431,0,1742,100797,4086924,6114615,0,0,0,986,1000,1399,1400,6114615,35120,35120,52136,0,86,0,0
MPCTASK: EXP,3,4,185,47,37,231,-109,112,64,-434,122,252,55,41,209,30,321,211,-468,-132,1313,69,300,1,1,1,15,3,1,1,0,0,0,5,24280,9102,34900,1547163,0,49054,24259,4127604,5933073,0,0,0,986,1000,1399,1400,6114615,41040,41040,55138,0,185,0,0
MPCTASK: EXP,3,6,287,33,54,235,-129,193,-86,-675,-45,322,20,107,209,66,351,209,-482,-303,2257,69,300,1,1,1,15,3,1,1,0,0,0,5,24511,10627,35841,1806586,0,1743,100318,4166820,6093401,0,0,0,986,1000,1399,1400,6114615,50446,50446,55138,0,287,0,0
MPCTASK: EXP,3,8,382,24,88,228,-104,331,-77,-592,-320,403,-31,227,210,127,384,210,-486,-305,2231,69,300,1,1,1,15,3,1,1,0,0,0,5,21979,9195,31977,1563142,0,1743,118014,3736220,5436171,0,0,0,987,1000,1399,1400,6114615,40782,40782,60772,0,383,0,0
MPCTASK: EXP,3,10,487,16,112,220,-26,419,-57,-626,-594,365,-86,386,209,178,408,209,-490,-257,2301,70,300,1,1,1,15,3,1,1,0,0,0,5,23875,12201,36557,2074084,0,41804,23275,4058632,6214721,0,0,0,989,1000,1399,1400,6431384,50162,50162,60772,0,488,0,0
MPCTASK: EXP,3,12,586,21,148,217,90,485,-20,-353,-790,469,-124,565,209,245,415,209,-486,-355,2251,70,300,1,1,1,15,3,1,1,0,0,0,5,24038,10858,35584,1845851,0,1742,96846,4086493,6049427,0,0,0,992,1000,1399,1400,6431384,49664,49664,60772,0,587,0,0
MPCTASK: EXP,3,14,686,37,192,216,231,524,-17,-131,-789,563,-132,744,209,288,429,209,-487,-215,2157,70,300,1,1,1,15,3,1,1,0,0,0,5,22469,10978,33930,1866236,0,1742,48480,3819612,5768261,0,0,0,994,1000,1399,1400,6431384,48669,48669,60772,0,687,0,0
MPCTASK: EXP,3,16,787,79,259,213,393,596,0,-92,-673,534,-101,904,209,345,482,209,-486,-318,2243,70,300,1,1,1,15,3,1,1,0,0,0,5,20657,14061,35833,2390302,0,34985,37423,3511680,6091616,0,0,0,995,1000,1399,1400,6431384,43577,43577,60772,0,789,0,0
MPCTASK: EXP,3,18,889,117,304,216,474,557,53,216,-280,717,-32,1033,209,337,460,209,-483,-252,2068,70,300,1,1,1,15,3,1,1,0,0,0,5,25865,11521,37842,1958440,0,1746,23263,4396932,6433158,0,0,0,996,1000,1399,1400,6433158,40214,40214,60772,0,891,0,0
MPCTASK: EXP,3,20,987,153,355,222,472,501,43,369,36,533,67,1122,209,308,444,209,-477,-261,2077,70,300,1,1,1,15,3,1,1,0,0,0,5,23503,11985,36035,2037279,0,1742,74462,3995496,6126102,0,0,0,997,1000,1399,1400,6433158,38459,38459,60772,0,989,0,0
MPCTASK: EXP,3,22,1087,204,386,229,461,374,47,619,343,269,186,1168,209,287,386,210,-470,-297,2206,69,300,1,1,1,15,3,1,1,0,0,0,5,24059,10625,35502,1806054,0,1742,120902,4089908,6035348,0,0,0,997,1000,1399,1400,6433158,29268,29268,60772,0,1090,0,0
MPCTASK: EXP,3,24,1186,235,425,233,365,279,15,673,556,12,309,1170,209,231,362,210,-466,-238,2126,69,300,1,1,1,15,3,1,1,0,0,0,5,23929,9920,34929,1686392,0,1863,164636,4067824,5937941,0,0,0,997,1000,1399,1400,6433158,36172,36172,60772,0,1189,0,0
MPCTASK: EXP,3,26,1290,269,436,234,262,130,3,839,707,-236,419,1131,209,183,285,211,-465,-226,2224,69,300,1,1,1,15,3,1,1,0,0,0,5,24269,13251,38857,2252618,0,1742,208805,4125616,6605743,0,0,0,997,1000,1399,1400,6605743,35158,35158,60772,0,1293,0,0
MPCTASK: EXP,3,28,1383,307,426,236,151,-31,-5,856,793,-496,501,1055,209,152,200,211,-464,-178,1913,69,300,1,1,1,15,3,1,1,0,0,0,5,21237,9504,31587,1615518,0,1743,106605,3610129,5369831,0,0,0,997,1000,1399,1400,6605743,35874,35874,60772,0,1387,0,0
MPCTASK: EXP,3,30,1485,306,416,235,-20,-174,0,846,839,-492,546,947,209,82,126,211,-464,-220,2260,69,300,1,1,1,15,3,1,1,0,0,0,5,23887,9122,33494,1550578,0,1742,64161,4060576,5694117,0,0,0,997,1000,1399,1400,6605743,34733,34733,60772,0,1489,0,0
MPCTASK: EXP,3,32,1587,311,379,233,-157,-313,-22,748,873,-551,545,812,209,39,38,209,-470,-235,2380,69,300,1,1,1,15,3,1,1,0,0,0,5,24129,10914,35907,1855258,0,1742,23108,4101969,6104214,0,0,0,997,1000,1399,1400,6605743,42628,42628,60772,0,1591,0,0
MPCTASK: EXP,3,34,1684,280,348,230,-312,-421,-35,668,671,-362,497,656,209,-6,-35,209,-476,-231,2254,69,300,1,1,1,15,3,1,1,0,0,0,5,20860,11512,32924,1956955,0,1743,73680,3546172,5597256,0,0,0,996,1000,1399,1400,6605743,44145,44145,60772,0,1688,0,0
MPCTASK: EXP,3,36,1786,244,314,228,-410,-508,-18,631,490,-116,407,484,209,-29,-103,209,-475,-295,2227,69,300,1,1,1,15,3,1,1,0,0,0,5,23668,9633,34163,1637609,0,1742,128143,4023452,5807908,0,0,0,995,1000,1399,1400,6605743,45082,45082,60772,0,1790,0,0
MPCTASK: EXP,3,38,1883,197,269,228,-472,-600,-15,667,252,124,282,301,209,-37,-184,209,-474,-324,2213,69,300,1,1,1,15,3,1,1,0,0,0,5,22797,8919,31975,1516306,0,1742,24324,3875544,5435715,0,0,0,993,1000,1399,1400,6605743,45891,45891,60772,0,1888,0,0
MPCTASK: EXP,3,40,1987,151,213,231,-488,-707,12,840,183,212,135,113,209,-48,-287,210,-468,-235,2324,69,300,1,1,1,15,3,1,1,0,0,0,5,24036,11249,35630,1912237,0,1742,23410,4086085,6057176,0,0,0,991,1000,1399,1400,6605743,36780,36780,60772,0,1992,0,0
MPCTASK: MOTOR FAULT ON: t=2001ms after_TRAJ_START model=multiplicative_step fault=M1(index=0) retained=60% equiv_fullscale_pwm=39321 ramp=none
MPCTASK: EXP,3,42,2089,110,135,233,-478,-820,-27,552,-161,137,-19,-76,209,-6,-372,209,-471,-188,1750,69,300,1,1,1,15,3,1,1,0,0,0,5,24300,12248,37593,2082073,0,1743,157181,4130901,6390967,0,0,0,992,1000,1399,1400,6605743,65535,39321,65535,88,88,1,2001
MPCTASK: EXP,3,44,2188,86,69,225,-360,-857,-190,972,-819,301,-167,-262,209,94,-467,209,-512,-444,2593,69,300,1,1,1,15,3,1,1,0,0,0,5,25505,9497,35643,1614427,0,2648,23420,4335864,6059354,0,0,0,993,1000,1399,1400,6605743,65535,39321,65535,188,188,1,2001
MPCTASK: EXP,3,46,2291,68,-31,198,-186,-1015,-323,1001,-1042,578,-292,-440,209,185,-595,209,-566,-675,3152,71,300,1,1,1,15,3,1,1,0,0,0,5,25530,11636,38515,1977977,0,125519,87587,4339985,6547751,0,0,0,994,1000,1399,1400,6605743,65535,39321,65535,291,291,1,2001
MPCTASK: EXP,3,48,2386,75,-139,169,39,-1115,-363,632,-1195,778,-382,-606,209,296,-675,209,-602,-1031,3369,73,300,1,1,1,15,3,1,1,0,0,0,5,23716,9896,34168,1682281,0,1888,75828,4031616,5808783,0,0,0,994,1000,1399,1400,6605743,65535,39321,65535,386,386,1,2001
MPCTASK: EXP,3,50,2487,104,-272,127,280,-1218,-446,281,-1148,1084,-428,-757,209,405,-773,209,-661,-1249,3376,75,300,1,1,1,15,3,1,1,0,0,0,5,22385,11158,34566,1896714,0,2648,23422,3805457,5876225,0,0,0,995,1000,1399,1400,6605743,65535,39321,65535,487,487,1,2001
MPCTASK: EXP,3,52,2590,138,-393,88,460,-1188,-410,-134,-995,946,-426,-888,209,471,-816,209,-693,-1051,3351,76,300,1,1,1,15,3,1,1,0,0,0,5,23180,12016,35832,2042681,0,1742,65541,3940472,6091588,0,0,0,996,1000,1399,1400,6605743,17607,10564,65535,590,590,1,2001
MPCTASK: EXP,3,54,2689,28,-450,76,342,-791,-90,-561,-939,-270,-375,-997,209,336,-695,209,-641,-554,2529,75,300,1,1,1,15,3,1,1,0,0,0,5,25577,8592,35495,1460701,0,98905,110084,4348028,6034281,0,0,0,996,1000,1399,1400,6605743,65535,39321,65535,690,690,1,2001
MPCTASK: EXP,3,56,2782,42,-519,35,512,-682,-78,-487,-961,-216,-281,-1081,209,369,-693,209,-679,-659,2590,77,300,1,1,1,15,3,1,1,0,0,0,5,19907,8515,29022,1447557,0,2646,82604,3384080,4933860,0,0,0,997,1000,1399,1400,6605743,65535,39321,65535,783,783,1,2001
MPCTASK: EXP,3,58,2888,-340,-559,74,241,83,343,-919,-216,-2751,-152,-1138,209,-102,-406,209,-625,-37,2487,75,300,1,1,1,15,3,1,1,0,0,0,5,24549,9595,34876,1631055,0,30770,76269,4173188,5929057,0,0,0,997,1000,1399,1400,6605743,12393,7436,65535,889,889,1,2001
MPCTASK: EXP,3,60,2991,-363,-572,92,315,126,296,-538,-545,-2224,-2,-1167,209,-137,-416,209,-607,-77,1765,74,300,1,1,1,15,3,1,1,0,0,0,5,24257,12017,36900,2042825,0,1853,87484,4123632,6273048,0,0,0,997,1000,1399,1400,6605743,65535,39321,65535,992,992,1,2001
MPCTASK: EXP,3,62,3086,-396,-590,114,306,157,309,-700,-345,-1794,154,-1166,209,-219,-372,209,-585,-118,1604,74,300,1,1,1,15,3,1,1,0,0,0,5,22744,9953,32943,1691893,0,1742,23108,3866362,5600369,0,0,0,997,1000,1399,1400,6605743,35334,21200,65535,1088,1088,1,2001
MPCTASK: EXP,3,64,3190,-358,-580,136,396,120,309,-678,-314,-988,302,-1136,209,-195,-363,209,-563,-277,1846,73,300,1,1,1,15,3,1,1,0,0,0,5,23074,13466,37097,2289142,0,1742,76340,3922476,6306684,0,0,0,998,1000,1399,1400,6605743,65535,39321,65535,1192,1192,1,2001
MPCTASK: EXP,3,66,3290,-286,-608,156,526,-191,233,-643,114,-304,428,-1078,209,-163,-451,209,-543,-38,1634,72,300,1,1,1,15,3,1,1,0,0,0,5,25662,9821,36592,1669541,0,1742,77798,4362520,6221101,0,0,0,998,1000,1399,1400,6605743,54247,32548,65535,1292,1292,1,2001
MPCTASK: EXP,3,68,3391,-237,-671,187,538,-323,269,-1139,572,-83,518,-992,209,-170,-486,209,-512,-220,2422,71,300,1,1,1,15,3,1,1,0,0,0,5,24817,9661,36421,1642233,0,1743,65594,4218729,6209328,0,0,0,998,1000,1399,1400,6605743,54681,32809,65535,1393,1393,1,2001
MPCTASK: EXP,3,70,3486,-206,-735,233,445,-263,283,-1597,934,-8,564,-882,209,-211,-464,211,-466,-467,2415,69,300,1,1,1,15,3,1,1,0,0,0,5,20277,8541,30878,1451903,0,1929,180990,3447073,5249392,0,0,0,998,1000,1399,1400,6605743,47068,28241,65535,1489,1489,1,2001
MPCTASK: EXP,3,72,3589,-191,-791,266,305,-117,182,-1895,1049,-9,561,-750,209,-250,-426,216,-433,-459,2545,69,300,1,1,1,15,3,1,1,0,0,0,5,24498,7962,33186,1353443,0,1742,104951,4164605,5641714,0,0,0,998,1000,1399,1400,6605743,50513,30308,65535,1592,1592,1,2001
MPCTASK: EXP,3,74,3689,-184,-820,280,155,97,31,-1990,1045,2,510,-598,209,-279,-357,215,-419,-502,2739,69,300,1,1,1,15,3,1,1,0,0,0,5,22426,10083,33235,1713948,0,1923,62345,3812285,5650154,0,0,0,998,1000,1399,1400,6605743,56451,33871,65535,1692,1692,1,2001
MPCTASK: EXP,3,76,3789,-188,-825,276,12,350,-73,-1908,852,-7,415,-431,209,-290,-275,212,-438,-691,2920,69,300,1,1,1,15,3,1,1,0,0,0,5,23436,9917,34113,1685785,0,1742,24286,3983992,5799305,0,0,0,998,1000,1399,1400,6605743,61094,36656,65535,1793,1793,1,2001
MPCTASK: EXP,3,78,3889,-190,-802,262,-81,603,-108,-1715,576,25,287,-253,209,-270,-181,209,-458,-724,2800,69,300,1,1,1,15,3,1,1,0,0,0,5,22548,10720,34154,1822300,0,2080,130281,3833108,5806325,0,0,0,998,1000,1399,1400,6605743,64085,38451,65535,1893,1893,1,2001
MPCTASK: EXP,3,80,3990,-191,-740,251,-135,852,-81,-1350,277,101,136,-68,209,-234,-77,209,-464,-525,2451,69,300,1,1,1,15,3,1,1,0,0,0,5,21322,12471,34377,2119974,0,1885,80494,3624516,5844159,0,0,0,998,1000,1399,1400,6605743,65535,39321,65535,1994,1994,1,2001
MPCTASK: EXP,3,82,4090,-201,-671,238,-141,997,-48,-855,12,143,-20,118,209,-186,-10,209,-471,-361,2257,69,300,1,1,1,15,3,1,1,0,0,0,5,24206,9825,34825,1670202,0,1743,78305,4115092,5920442,0,0,0,998,1000,1399,1400,6605743,65535,39321,65535,2095,2095,1,2001
MPCTASK: EXP,3,84,4190,-197,-574,231,-93,1090,-11,-449,-211,223,-168,302,209,-118,67,209,-470,-249,2203,69,300,1,1,1,15,3,1,1,0,0,0,5,23194,11302,34929,1921339,0,1745,23883,3942952,5937927,0,0,0,998,1000,1399,1400,6605743,65350,39210,65535,2195,2195,1,2001
MPCTASK: EXP,3,86,4295,-191,-483,235,-16,1101,44,-224,-340,291,-294,480,209,-51,124,209,-464,-154,1342,69,300,1,1,1,15,3,1,1,0,0,0,5,28761,10508,40363,1786366,0,1742,113360,4889216,6861739,0,0,0,998,1000,1399,1400,6861739,64466,38680,65535,2300,2300,1,2001
MPCTASK: EXP,3,88,4393,-171,-377,242,87,1116,45,-51,-446,347,-384,646,209,28,194,209,-457,-159,1426,69,300,1,1,1,15,3,1,1,0,0,0,5,24021,12375,37027,2103549,0,25322,65090,4083465,6294721,0,0,0,998,1000,1399,1400,6861739,64231,38539,65535,2398,2398,1,2001
MPCTASK: EXP,3,90,4492,-153,-281,247,177,1070,46,133,-449,361,-430,797,209,83,232,209,-452,-129,1227,69,300,1,1,1,15,3,1,1,0,0,0,5,25350,9884,36074,1680250,0,1742,68989,4309372,6132774,0,0,0,999,1000,1399,1400,6861739,56833,34100,65535,2497,2497,1,2001
MPCTASK: EXP,3,92,4590,-125,-184,253,268,1028,54,127,-403,232,-427,929,209,128,284,210,-446,-191,1728,69,300,1,1,1,15,3,1,1,0,0,0,5,23833,8901,34892,1513101,0,28951,147227,4051556,5931746,0,0,0,999,1000,1399,1400,6861739,54326,32596,65535,2595,2595,1,2001
MPCTASK: EXP,3,94,4690,-95,-95,260,328,974,73,168,-294,-38,-376,1039,209,155,316,213,-439,-176,1649,69,300,1,1,1,15,3,1,1,0,0,0,5,23409,10497,35126,1784332,0,2127,146052,3979520,5971519,0,0,0,999,1000,1399,1400,6861739,53490,32094,65535,2696,2696,1,2001
MPCTASK: EXP,3,96,4793,-52,-7,270,393,922,84,266,-266,-299,-281,1123,209,188,342,216,-429,-138,1311,69,300,1,1,1,15,3,1,1,0,0,0,5,24759,10621,36882,1805478,0,99275,66567,4208992,6270042,0,0,0,999,1000,1399,1400,6880898,46709,28025,65535,2799,2799,1,2001
MPCTASK: EXP,3,98,4891,-5,70,279,441,845,80,336,-127,-462,-153,1180,209,203,352,218,-420,-128,1261,69,300,1,1,1,15,3,1,1,0,0,0,5,23176,9965,33801,1693947,0,1742,93971,3939748,5746439,0,0,0,999,1000,1399,1400,6880898,52022,31213,65535,2897,2897,1,2001
MPCTASK: EXP,3,100,4987,43,139,285,455,749,57,518,36,-509,-2,1209,209,202,337,219,-414,-177,1693,69,300,1,1,1,15,3,1,1,0,0,0,5,20654,9090,30097,1545280,0,1742,40395,3511157,5116517,0,0,0,999,1000,1399,1400,6880898,45099,27059,65535,2993,2993,1,2001
MPCTASK: EXP,3,102,5090,114,199,290,489,645,27,714,225,-518,154,1209,209,222,312,219,-409,-221,2122,69,300,1,1,1,15,3,1,1,0,0,0,5,22799,10152,34138,1725796,0,1743,183087,3875624,5803543,0,0,0,999,1000,1399,1400,6880898,53955,32373,65535,3097,3097,1,2001
MPCTASK: EXP,3,104,5188,168,252,289,437,520,-16,804,542,-415,303,1179,209,194,283,218,-413,-246,2234,69,300,1,1,1,15,3,1,1,0,0,0,5,19903,11283,32219,1918017,0,1742,95669,3383396,5477276,0,0,0,999,1000,1399,1400,6880898,55890,33534,65535,3195,3195,1,2001
MPCTASK: EXP,3,106,5288,214,292,291,332,374,-26,898,803,-282,428,1120,209,150,239,218,-414,-225,2286,69,300,1,1,1,15,3,1,1,0,0,0,5,22384,9121,31827,1550427,0,1742,35997,3805146,5410580,0,0,0,998,1000,1399,1400,6880898,56362,33817,65535,3296,3296,1,2001
MPCTASK: EXP,3,108,5390,237,321,288,170,220,-60,974,1007,-147,518,1035,209,87,179,216,-423,-220,2386,69,300,1,1,1,15,3,1,1,0,0,0,5,22218,10952,33950,1861844,0,1742,55245,3777000,5771621,0,0,0,998,1000,1399,1400,6880898,57571,34543,65535,3398,3398,1,2001
MPCTASK: EXP,3,110,5488,228,335,280,-33,43,-92,959,994,-1,564,925,209,3,114,213,-437,-214,2450,69,300,1,1,1,15,3,1,1,0,0,0,5,21720,9394,32267,1596988,0,1742,151917,3692428,5485549,0,0,0,998,1000,1399,1400,6880898,60562,36337,65535,3496,3496,1,2001
MPCTASK: EXP,3,112,5590,233,344,270,-164,-90,-88,961,924,74,561,792,209,-27,58,211,-446,-205,2456,69,300,1,1,1,15,3,1,1,0,0,0,5,24051,7354,33490,1250160,0,1744,96103,4088568,5693333,0,0,0,997,1000,1399,1400,6880898,62629,37577,65535,3598,3598,1,2001
MPCTASK: EXP,3,114,5692,229,347,262,-272,-209,-75,940,794,141,510,641,209,-44,6,210,-452,-209,2437,69,300,1,1,1,15,3,1,1,0,0,0,5,24435,10112,35171,1718924,0,1742,46593,4153984,5979127,0,0,0,997,1000,1399,1400,6880898,60045,36027,65535,3700,3700,1,2001
MPCTASK: EXP,3,116,5793,198,331,256,-389,-348,-68,878,689,216,415,474,209,-76,-57,209,-456,-298,2332,69,300,1,1,1,15,3,1,1,0,0,0,5,24557,11350,36862,1929272,0,1742,143196,4174488,6266588,0,0,0,996,1000,1399,1400,6880898,62452,37471,65535,3802,3802,1,2001
MPCTASK: EXP,3,118,5896,151,300,250,-488,-480,-57,783,458,295,287,296,209,-100,-127,209,-461,-314,2267,69,300,1,1,1,15,3,1,1,0,0,0,5,26645,11777,39449,2002011,0,1742,56994,4529654,6706375,0,0,0,994,1000,1399,1400,6880898,62859,37715,65535,3905,3905,1,2001
MPCTASK: EXP,3,120,5991,107,260,247,-522,-581,-31,688,192,369,136,111,209,-93,-192,209,-459,-282,2244,69,300,1,1,1,15,3,1,1,0,0,0,5,23107,10194,34153,1732925,0,2926,123888,3928020,5806027,0,0,0,993,1000,1399,1400,6880898,65454,39272,65535,4000,4000,1,2001
MPCTASK: EXP,3,122,6089,63,211,246,-505,-660,-14,640,-120,422,-20,-75,209,-67,-255,209,-456,-216,2096,69,300,1,1,1,15,3,1,1,0,0,0,5,21623,9611,31755,1633877,0,1742,35263,3675860,5398453,0,0,0,993,1000,1399,1400,6880898,62743,37646,65535,4098,4098,1,2001
MPCTASK: EXP,3,124,6195,23,152,249,-443,-721,3,501,-350,408,-168,-260,209,-29,-308,209,-450,-228,2090,69,300,1,1,1,15,3,1,1,0,0,0,5,26999,10224,37870,1737954,0,1748,91224,4589724,6438027,0,0,0,995,1000,1399,1400,6880898,59506,35704,65535,4205,4205,1,2001
MPCTASK: EXP,3,126,6290,-14,89,250,-355,-756,0,306,-576,346,-294,-437,209,10,-347,209,-449,-231,2136,69,300,1,1,1,15,3,1,1,0,0,0,5,25301,6534,32466,1110779,0,1742,88661,4301141,5519404,0,0,0,996,1000,1399,1400,6880898,61056,36634,65535,4300,4300,1,2001
MPCTASK: EXP,3,128,6393,-34,30,251,-219,-732,2,137,-729,285,-384,-604,209,70,-365,209,-448,-191,1965,69,300,1,1,1,15,3,1,1,0,0,0,5,22558,12094,35472,2055871,0,1743,121387,3834696,6030285,0,0,0,997,1000,1399,1400,6880898,62327,37396,65535,4403,4403,1,2001
MPCTASK: EXP,3,130,6495,-42,-28,254,-75,-695,4,53,-760,297,-430,-755,209,119,-380,210,-445,-166,1835,69,300,1,1,1,15,3,1,1,0,0,0,5,27292,9431,37330,1603151,0,1742,85042,4639588,6346316,0,0,0,997,1000,1399,1400,6880898,61038,36623,65535,4505,4505,1,2001
MPCTASK: EXP,3,132,6588,-41,-84,253,55,-644,-11,-55,-746,319,-427,-887,209,161,-383,209,-448,-161,1843,69,300,1,1,1,15,3,1,1,0,0,0,5,21615,8550,30992,1453428,0,1743,120610,3674480,5268721,0,0,0,998,1000,1399,1400,6880898,61589,36953,65535,4599,4599,1,2001
MPCTASK: EXP,3,134,6693,-23,-135,251,192,-579,-43,-181,-715,345,-376,-996,209,208,-372,209,-457,-194,2141,69,300,1,1,1,15,3,1,1,0,0,0,5,24325,10536,35443,1790907,0,1776,80456,4135192,6025337,0,0,0,998,1000,1399,1400,6880898,60815,36489,65535,4704,4704,1,2001
MPCTASK: EXP,3,136,6792,-2,-178,246,288,-486,-36,-255,-500,309,-281,-1081,209,215,-350,209,-460,-167,1735,69,300,1,1,1,15,3,1,1,0,0,0,5,22329,10633,33760,1807568,0,58440,60218,3795904,5739352,0,0,0,998,1000,1399,1400,6880898,59811,35887,65535,4803,4803,1,2001
MPCTASK: EXP,3,138,6886,27,-215,243,352,-399,-5,-352,-272,252,-153,-1138,209,213,-318,209,-457,-205,1972,69,300,1,1,1,15,3,1,1,0,0,0,5,20069,8329,29006,1415790,0,1743,84904,3411560,4931112,0,0,0,998,1000,1399,1400,6880898,55329,33197,65535,4898,4898,1,2001
MPCTASK: EXP,3,140,6991,56,-244,247,358,-299,21,-459,-17,123,-2,-1167,209,185,-275,209,-452,-217,1964,69,300,1,1,1,15,3,1,1,0,0,0,5,22390,10888,33822,1850932,0,1869,73805,3806248,5749721,0,0,0,998,1000,1399,1400,6880898,53973,32384,65535,5003,5003,1,2001
MPCTASK: EXP,3,142,7093,81,-265,248,314,-194,25,-478,221,-17,154,-1166,209,139,-233,209,-451,-180,1662,69,300,1,1,1,15,3,1,1,0,0,0,5,25063,10566,36157,1796078,0,1743,71213,4260660,6146860,0,0,0,998,1000,1399,1400,7479251,53867,32320,65535,5105,5105,1,2001
MPCTASK: EXP,3,144,7191,101,-278,253,239,-98,49,-458,386,-131,303,-1136,209,87,-187,211,-446,-151,1395,69,300,1,1,1,15,3,1,1,0,0,0,5,22460,10082,33183,1713840,0,1743,90121,3818160,5641213,0,0,0,998,1000,1399,1400,7479251,56082,33649,65535,5203,5203,1,2001
MPCTASK: EXP,3,146,7296,119,-281,258,156,-5,18,-504,499,238,428,-1078,209,43,-135,214,-441,-222,2024,69,300,1,1,1,15,3,1,1,0,0,0,5,29487,8185,38077,1391393,0,1742,49718,5012712,6473183,0,0,0,998,1000,1399,1400,7479251,59741,35845,65535,5308,5308,1,2001
MPCTASK: EXP,3,148,7393,119,-277,255,51,79,-77,-542,479,310,518,-993,209,-11,-73,211,-460,-141,1766,69,300,1,1,1,15,3,1,1,0,0,0,5,25658,9450,36139,1606312,0,2109,136524,4361840,6143807,0,0,0,998,1000,1399,1400,7479251,62032,37219,65535,5406,5406,1,2001
MPCTASK: EXP,3,150,7490,111,-265,244,-57,174,-92,-590,490,216,564,-882,209,-64,-5,209,-473,-186,2162,69,300,1,1,1,15,3,1,1,0,0,0,5,23015,9014,32702,1532319,0,1743,23113,3912448,5559335,0,0,0,998,1000,1399,1400,7479251,60212,36127,65535,5503,5503,1,2001
MPCTASK: EXP,3,152,7592,88,-246,236,-176,284,-67,-706,495,49,561,-750,209,-122,78,209,-477,-245,2319,69,300,1,1,1,15,3,1,1,0,0,0,5,23161,10288,33941,1748878,0,1742,64767,3937288,5769917,0,0,0,997,1000,1399,1400,7479251,60056,36034,65535,5605,5605,1,2001
MPCTASK: EXP,3,154,7689,63,-216,231,-267,407,-32,-755,462,-104,510,-598,209,-158,161,209,-475,-202,2131,69,300,1,1,1,15,3,1,1,0,0,0,5,20543,9867,30652,1677189,0,1742,23108,3492200,5210963,0,0,0,997,1000,1399,1400,7479251,57153,34292,65535,5703,5703,1,2001
MPCTASK: EXP,3,156,7800,31,-172,228,-349,537,4,-753,426,-175,415,-431,209,-189,254,209,-471,-182,1836,69,300,1,1,1,15,3,1,1,0,0,0,5,26597,13521,41865,2298496,0,1742,125413,4521504,7117295,0,0,0,995,1000,1399,1400,7479251,58014,34808,65535,5814,5814,1,2001
MPCTASK: EXP,3,158,7893,1,-114,231,-389,655,29,-613,280,-152,287,-253,209,-184,336,209,-468,-240,2077,69,300,1,1,1,15,3,1,1,0,0,0,5,23170,11017,34672,1872827,0,1742,23108,3938852,5894319,0,0,0,994,1000,1399,1400,7479251,58344,35006,65535,5907,5907,1,2001
MPCTASK: EXP,3,160,7992,-31,-46,235,-399,740,24,-433,58,-84,136,-68,209,-163,411,209,-464,-242,2121,69,300,1,1,1,15,3,1,1,0,0,0,5,21677,10412,33171,1769964,0,63581,61197,3684996,5639285,0,0,0,992,1000,1399,1400,7479251,60189,36113,65535,6006,6006,1,2001
MPCTASK: EXP,3,162,8090,-63,25,238,-371,780,13,-233,-194,5,-20,118,209,-127,469,209,-461,-183,1778,69,300,1,1,1,15,3,1,1,0,0,0,5,22329,8313,31266,1413199,0,1742,46071,3795973,5315397,0,0,0,990,1000,1399,1400,7479251,61678,37007,65535,6104,6104,1,2001
MPCTASK: EXP,3,164,8197,-94,95,237,-310,781,-9,-79,-419,77,-168,302,209,-83,513,209,-464,-185,1759,69,300,1,1,1,15,3,1,1,0,0,0,5,25806,12532,38850,2130276,0,46177,23380,4386880,6604564,0,0,0,990,1000,1399,1400,7479251,65191,39115,65535,6212,6212,1,2001
MPCTASK: EXP,3,166,8294,-113,162,238,-203,756,-11,45,-612,135,-294,480,209,-21,544,209,-464,-182,1799,69,300,1,1,1,15,3,1,1,0,0,0,5,24649,9276,35157,1576885,0,1748,108571,4190232,5976704,0,0,0,992,1000,1399,1400,7479251,64016,38410,65535,6309,6309,1,2001
MPCTASK: EXP,3,168,8391,-118,233,237,-59,731,-9,122,-752,162,-384,646,209,52,578,209,-463,-179,1915,69,300,1,1,1,15,3,1,1,0,0,0,5,21043,10578,32618,1798178,0,2039,107598,3577116,5545151,0,0,0,994,1000,1399,1400,7479251,62937,37762,65535,6407,6407,1,2001
MPCTASK: EXP,3,170,8494,-114,290,239,82,660,-11,214,-781,179,-430,797,209,112,581,209,-462,-173,1927,69,300,1,1,1,15,3,1,1,0,0,0,5,24928,9557,35307,1624596,0,1742,121544,4237521,6002279,0,0,0,995,1000,1399,1400,7479251,62028,37217,65535,6509,6509,1,2001
MPCTASK: EXP,3,172,8590,-98,344,235,216,596,-32,229,-722,183,-427,929,209,164,585,209,-470,-185,2001,69,300,1,1,1,15,3,1,1,0,0,0,5,22043,9083,31959,1543967,0,1742,54865,3747236,5433059,0,0,0,996,1000,1399,1400,7479251,62459,37475,65535,6606,6606,1,2001
MPCTASK: EXP,3,174,8696,-69,393,231,341,528,-35,264,-654,197,-376,1038,209,212,580,209,-476,-202,2047,69,300,1,1,1,15,3,1,1,0,0,0,5,24169,12174,37111,2069526,0,2139,24262,4108728,6309021,0,0,0,997,1000,1399,1400,7479251,60110,36066,65535,6712,6712,1,2001
MPCTASK: EXP,3,176,8788,-16,448,225,474,506,-34,227,-387,225,-281,1123,209,256,598,209,-480,-231,2199,69,300,1,1,1,15,3,1,1,0,0,0,5,19269,9278,29239,1577231,0,2138,68000,3275516,4970614,0,0,0,997,1000,1399,1400,7479251,63363,38018,65535,6804,6804,1,2001
MPCTASK: EXP,3,178,8891,31,490,226,518,436,-2,351,-129,277,-152,1180,209,262,576,209,-473,-205,1894,69,300,1,1,1,15,3,1,1,0,0,0,5,23950,8489,32965,1443022,0,3499,68559,4071476,5604123,0,0,0,997,1000,1399,1400,7479251,60882,36529,65535,6908,6908,1,2001
MPCTASK: EXP,3,180,8990,75,527,228,503,357,11,443,124,264,-2,1209,209,242,547,209,-471,-190,1698,69,300,1,1,1,15,3,1,1,0,0,0,5,22157,9316,32157,1583547,0,2026,97010,3766616,5466674,0,0,0,997,1000,1399,1400,7479251,60220,36132,65535,7007,7007,1,2001
MPCTASK: EXP,3,182,9095,123,557,229,463,271,0,492,406,209,154,1209,209,206,515,209,-470,-284,2184,69,300,1,1,1,15,3,1,1,0,0,0,5,24953,10063,35843,1710562,0,1742,122142,4241948,6093366,0,0,0,997,1000,1399,1400,7479251,58763,35258,65535,7112,7112,1,2001
MPCTASK: EXP,3,184,9193,181,582,230,419,194,-15,571,614,153,302,1179,209,196,474,209,-472,-256,2250,69,300,1,1,1,15,3,1,1,0,0,0,5,21515,10437,32962,1774129,0,2081,127791,3657577,5603713,0,0,0,997,1000,1399,1400,7479251,61476,36886,65535,7210,7210,1,2001
MPCTASK: EXP,3,186,9295,212,608,229,283,107,-10,725,864,171,428,1121,209,133,429,209,-472,-240,2349,69,300,1,1,1,15,3,1,1,0,0,0,5,27272,7991,35842,1358394,0,1742,34171,4636108,6093124,0,0,0,997,1000,1399,1400,7479251,61601,36961,65535,7313,7313,1,2001
MPCTASK: EXP,3,188,9393,222,620,231,114,-18,-25,850,942,182,517,1036,209,63,365,209,-473,-204,2310,69,300,1,1,1,15,3,1,1,0,0,0,5,22856,10460,34073,1778153,0,1742,71523,3885459,5792504,0,0,0,996,1000,1399,1400,7479251,61546,36928,65535,7411,7411,1,2001
MPCTASK: EXP,3,190,9494,206,617,226,-82,-171,-57,959,903,185,563,926,209,-19,281,209,-485,-304,2417,69,300,1,1,1,15,3,1,1,0,0,0,5,24530,9154,34177,1556115,0,1742,65414,4169914,5810159,0,0,0,996,1000,1399,1400,7479251,63342,38005,65535,7512,7512,1,2001
MPCTASK: EXP,3,192,9592,187,595,218,-225,-335,-59,954,728,168,560,794,209,-66,189,209,-493,-315,2426,70,300,1,1,1,15,3,1,1,0,0,0,5,22864,9387,32964,1595601,0,1922,102385,3886712,5603991,0,0,0,995,1000,1399,1400,7479251,63142,37885,65535,7611,7611,1,2001
MPCTASK: EXP,3,194,9692,150,555,214,-358,-508,-29,921,619,189,508,643,209,-119,84,209,-491,-323,2376,70,300,1,1,1,15,3,1,1,0,0,0,5,23123,9399,33033,1597663,0,1742,68724,3930916,5615808,0,0,0,994,1000,1399,1400,7479251,65517,39310,65535,7711,7711,1,2001
MPCTASK: EXP,3,196,9792,106,498,212,-450,-666,-10,806,395,252,413,476,209,-148,-19,209,-489,-278,2343,70,300,1,1,1,15,3,1,1,0,0,0,5,21415,11063,33312,1880638,0,1742,64794,3640556,5663195,0,0,0,993,1000,1399,1400,7479251,65535,39321,65535,7811,7811,1,2001
MPCTASK: EXP,3,198,9896,56,422,212,-492,-806,7,731,99,307,285,298,209,-150,-132,209,-487,-311,2275,70,300,1,1,1,15,3,1,1,0,0,0,5,25129,9618,35796,1635108,0,1742,65338,4271936,6085721,0,0,0,993,1000,1399,1400,7479251,64189,38513,65535,7915,7915,1,2001
MPCTASK: EXP,3,200,9992,13,337,220,-470,-914,40,597,-118,296,136,112,209,-131,-232,209,-479,-230,1941,70,300,1,1,1,15,3,1,1,0,0,0,5,21836,10948,33027,1861100,0,1742,23108,3712048,5614639,0,0,0,992,1000,1399,1400,7479251,62300,37380,65535,8012,8012,1,2001
MPCTASK: EXP,3,202,10095,-16,258,227,-395,-953,40,432,-284,244,-19,-76,209,-88,-293,209,-472,-211,1809,69,300,1,1,1,15,3,1,1,0,0,0,5,24878,9611,36168,1633800,0,1743,122208,4229184,6148535,0,0,0,993,1000,1399,1400,7479251,61224,36734,65535,8115,8115,1,2001
MPCTASK: EXP,3,204,10190,-41,178,230,-318,-980,29,266,-408,188,-165,-264,209,-46,-347,209,-469,-189,1662,69,300,1,1,1,15,3,1,1,0,0,0,5,20404,9483,30574,1612047,0,47722,51193,3468505,5197592,0,0,0,994,1000,1399,1400,7479251,58362,35017,65535,8210,8210,1,2001
MPCTASK: EXP,3,206,10294,-57,88,236,-195,-949,31,60,-530,143,-287,-446,209,9,-379,209,-463,-189,1680,69,300,1,1,1,15,3,1,1,0,0,0,5,22909,9374,32936,1593404,0,1742,92034,3894509,5599085,0,0,0,995,1000,1399,1400,7479251,59753,35852,65535,8314,8314,1,2001
MPCTASK: EXP,3,208,10392,-64,8,238,-80,-903,8,-95,-587,129,-373,-616,209,56,-399,209,-461,-165,1595,69,300,1,1,1,15,3,1,1,0,0,0,5,22021,8157,31257,1386646,0,1742,139426,3743520,5313779,0,0,0,996,1000,1399,1400,7479251,60474,36284,65535,8412,8412,1,2001
MPCTASK: EXP,3,210,10494,-63,-65,238,29,-831,-7,-203,-611,123,-415,-772,209,91,-399,209,-463,-160,1628,69,300,1,1,1,15,3,1,1,0,0,0,5,24983,8535,34154,1450899,0,68115,23108,4247048,5806223,0,0,0,997,1000,1399,1400,7479251,60528,36317,65535,8515,8515,1,2001
MPCTASK: EXP,3,212,10596,-55,-136,237,123,-779,-25,-334,-579,130,-411,-906,209,112,-398,209,-467,-186,1844,69,300,1,1,1,15,3,1,1,0,0,0,5,23868,11755,36118,1998338,0,1742,65400,4057527,6140058,0,0,0,997,1000,1399,1400,7479251,59868,35921,65535,8618,8618,1,2001
MPCTASK: EXP,3,214,10697,-43,-212,231,202,-679,-42,-510,-459,118,-360,-1015,209,115,-380,209,-476,-198,1949,69,300,1,1,1,15,3,1,1,0,0,0,5,25685,8223,34871,1397799,0,45468,24261,4366329,5928135,0,0,0,998,1000,1399,1400,7479251,60749,36449,65535,8718,8718,1,2001
MPCTASK: EXP,3,216,10797,-27,-276,229,249,-575,-23,-693,-308,111,-271,-1093,209,101,-353,209,-475,-257,2289,69,300,1,1,1,15,3,1,1,0,0,0,5,21230,11551,35240,1963605,0,1742,399804,3608909,5991031,0,0,0,998,1000,1399,1400,7479251,59876,35926,65535,8818,8818,1,2001
MPCTASK: EXP,3,218,10899,-10,-322,229,259,-423,-14,-829,-120,83,-155,-1136,209,75,-305,209,-473,-270,2329,69,300,1,1,1,15,3,1,1,0,0,0,5,27472,9907,37622,1684097,0,1742,23108,4670237,6395827,0,0,0,998,1000,1399,1400,7479251,58817,35290,65535,8921,8921,1,2001
MPCTASK: EXP,3,220,10997,8,-351,229,251,-275,-12,-911,81,70,-26,-1140,209,50,-261,209,-473,-254,2374,69,300,1,1,1,15,3,1,1,0,0,0,5,21042,11430,34478,1943053,0,1743,321989,3577100,5861329,0,0,0,998,1000,1399,1400,7479251,61183,36710,65535,9019,9019,1,2001
MPCTASK: EXP,3,222,11099,29,-370,227,202,-92,-26,-936,286,56,98,-1102,209,24,-216,209,-477,-241,2411,69,300,1,1,1,15,3,1,1,0,0,0,5,24786,10501,35913,1785013,0,2617,23420,4213422,6105267,0,0,0,998,1000,1399,1400,7479251,60603,36362,65535,9121,9121,1,2001
MPCTASK: EXP,3,224,11193,37,-374,225,120,60,-29,-867,394,33,203,-1022,209,4,-193,209,-479,-220,2390,69,300,1,1,1,15,3,1,1,0,0,0,5,19151,10708,30469,1820274,0,1860,84619,3255540,5179825,0,0,0,997,1000,1399,1400,7479251,61665,36999,65535,9215,9215,1,2001
MPCTASK: EXP,3,226,11297,39,-363,222,36,195,-29,-689,385,17,277,-903,209,0,-187,209,-483,-252,2304,70,300,1,1,1,15,3,1,1,0,0,0,5,22985,10415,34471,1770473,0,36287,87190,3907321,5860252,0,0,0,997,1000,1399,1400,7479251,61457,36874,65535,9320,9320,1,2001
MPCTASK: EXP,3,228,11398,32,-344,220,-35,281,-23,-444,314,4,311,-751,209,-4,-187,209,-484,-245,2223,70,300,1,1,1,15,3,1,1,0,0,0,5,21241,12745,34611,2166522,0,1742,46725,3610803,5884095,0,0,0,996,1000,1399,1400,7479251,62983,37790,65535,9421,9421,1,2001
MPCTASK: EXP,3,230,11496,24,-323,216,-82,311,-20,-148,150,-4,304,-578,209,6,-198,209,-487,-197,2003,70,300,1,1,1,15,3,1,1,0,0,0,5,23076,8613,32303,1464131,0,1742,85995,3922880,5491677,0,0,0,995,1000,1399,1400,7479251,62627,37576,65535,9520,9520,1,2001
MPCTASK: EXP,3,232,11600,14,-297,216,-98,301,-1,91,-16,-7,263,-399,209,17,-194,209,-483,-173,1678,70,300,1,1,1,15,3,1,1,0,0,0,5,21532,14725,36888,2503206,0,1742,23108,3660472,6270989,0,0,0,993,1000,1399,1400,7479251,62576,37546,65535,9624,9624,1,2001
MPCTASK: EXP,3,234,11699,5,-279,216,-78,243,-3,230,-184,-27,201,-234,210,19,-173,210,-483,-156,1369,70,300,1,1,1,15,3,1,1,0,0,0,5,26582,8379,35673,1424311,0,1743,53032,4518884,6064437,0,0,0,991,1000,1399,1400,7479251,62214,37328,65535,9723,9723,1,2001
MPCTASK: EXP,3,236,11797,0,-267,218,-34,173,-3,218,-281,-64,138,-101,209,2,-110,209,-481,-172,1537,70,300,1,1,1,15,3,1,1,0,0,0,5,20917,11593,33002,1970817,0,1742,64218,3555768,5610401,0,0,0,990,1000,1399,1400,7479251,60004,36002,65535,9822,9822,1,2001
MPCTASK: EXP,3,238,11901,2,-259,217,18,127,0,-63,-138,-126,90,-16,209,-39,-2,209,-482,-222,2150,70,300,1,1,1,15,3,1,1,0,0,0,5,25732,8656,36351,1471540,0,1742,314351,4374432,6179784,0,0,0,990,1000,1399,1400,7479251,57501,34501,65535,9926,9926,1,2001
MPCTASK: EXP,3,240,12003,11,-258,217,42,131,14,-462,115,-184,69,17,209,-64,99,209,-482,-268,2066,70,300,1,1,1,15,3,1,1,0,0,0,5,24379,12081,37385,2053639,0,2613,23417,4144348,6355525,0,0,0,990,1000,1399,1400,7479251,56683,34010,65535,10028,10028,1,2001
MPCTASK: EXP,3,242,12101,18,-249,222,18,226,32,-910,377,-222,67,21,209,-59,195,209,-477,-378,2260,70,300,1,1,1,15,3,1,1,0,0,0,5,25178,9390,35384,1596247,0,2297,58109,4280196,6015360,0,0,0,991,1000,1399,1400,7479251,56577,33946,65535,10126,10126,1,2001
MPCTASK: EXP,3,244,12201,19,-222,227,-38,394,16,-1186,438,-285,62,28,209,-19,261,209,-472,-326,2450,69,300,1,1,1,15,3,1,1,0,0,0,5,22173,11261,33765,1914273,0,1889,37943,3769344,5740506,0,0,0,991,1000,1399,1400,7479251,56083,33650,65535,10226,10226,1,2001
MPCTASK: EXP,3,246,12303,13,-173,227,-90,603,-20,-1237,321,-342,37,74,209,20,341,209,-476,-401,2480,69,300,1,1,1,15,3,1,1,0,0,0,5,25449,10387,36142,1765679,0,1742,33236,4326285,6144281,0,0,0,990,1000,1399,1400,7479251,58944,35366,65535,10328,10328,1,2001
MPCTASK: EXP,3,248,12406,0,-105,224,-118,798,-34,-1029,41,-358,-9,173,209,63,415,209,-482,-426,2309,70,300,1,1,1,15,3,1,1,0,0,0,5,25573,13576,39572,2307777,0,1742,52941,4347436,6727412,0,0,0,990,1000,1399,1400,7479251,62536,37522,65535,10432,10432,1,2001
MPCTASK: EXP,3,250,12501,-12,-23,219,-92,931,-35,-618,-336,-305,-65,318,209,112,468,209,-488,-318,2219,70,300,1,1,1,15,3,1,1,0,0,0,5,25021,9642,35481,1638978,0,32266,90238,4253484,6031899,0,0,0,991,1000,1399,1400,7479251,65155,39093,65535,10528,10528,1,2001
MPCTASK: EXP,3,252,12603,-9,64,212,4,1000,-41,-232,-618,-200,-112,492,209,175,509,209,-495,-332,2223,70,300,1,1,1,15,3,1,1,0,0,0,5,24687,11110,36472,1888599,0,1742,23414,4196784,6200666,0,0,0,992,1000,1399,1400,7479251,63867,38320,65535,10629,10629,1,2001
MPCTASK: EXP,3,254,12693,0,160,211,143,955,-11,262,-706,-78,-133,674,209,228,516,209,-490,-293,2290,70,300,1,1,1,15,3,1,1,0,0,0,5,20022,6440,27081,1094717,0,2046,85693,3403572,4603940,0,0,0,994,1000,1399,1400,7479251,63699,38219,65535,10720,10720,1,2001
MPCTASK: EXP,3,256,12802,18,239,212,257,847,3,519,-704,-9,-118,843,209,261,505,209,-487,-243,2154,70,300,1,1,1,15,3,1,1,0,0,0,5,23526,11531,35550,1960145,0,1742,65570,3999295,6043707,0,0,0,995,1000,1399,1400,7479251,62965,37779,65535,10829,10829,1,2001
MPCTASK: EXP,3,258,12901,42,301,214,348,722,2,691,-585,22,-64,986,209,272,481,209,-485,-247,2181,70,300,1,1,1,15,3,1,1,0,0,0,5,23875,10004,34732,1700512,0,42447,25175,4058620,5904528,0,0,0,996,1000,1399,1400,7479251,63828,38297,65535,10928,10928,1,2001
MPCTASK: EXP,3,260,13001,89,362,213,450,550,-2,787,-337,18,24,1092,209,290,446,209,-486,-326,2286,70,300,1,1,1,15,3,1,1,0,0,0,5,22671,11285,34581,1918297,0,1748,24647,3854068,5878839,0,0,0,996,1000,1399,1400,7479251,60686,36412,65535,11029,11029,1,2001
MPCTASK: EXP,3,262,13097,129,398,214,461,378,-1,756,46,17,137,1155,209,261,399,209,-485,-296,2298,70,300,1,1,1,15,3,1,1,0,0,0,5,21498,7260,30312,1234080,0,1744,174793,3654729,5153036,0,0,0,997,1000,1399,1400,7479251,63490,38094,65535,11124,11124,1,2001
MPCTASK: EXP,3,264,13198,175,420,216,433,227,6,704,352,18,261,1174,209,231,348,209,-483,-262,2295,70,300,1,1,1,15,3,1,1,0,0,0,5,20772,10539,32177,1791506,0,1742,128238,3531288,5470198,0,0,0,997,1000,1399,1400,7479251,62273,37364,65535,11226,11226,1,2001
MPCTASK: EXP,3,266,13299,221,436,216,393,129,-4,678,554,-5,377,1151,209,209,306,209,-484,-258,2281,70,300,1,1,1,15,3,1,1,0,0,0,5,22172,9383,32532,1595099,0,84152,65446,3769169,5530505,0,0,0,997,1000,1399,1400,7479251,60285,36171,65535,11327,11327,1,2001
MPCTASK: EXP,3,268,13397,252,441,216,254,-6,-8,696,801,-35,472,1089,209,147,241,209,-484,-224,2166,70,300,1,1,1,15,3,1,1,0,0,0,5,19779,9596,30256,1631256,0,1743,130997,3362300,5143578,0,0,0,997,1000,1399,1400,7479251,59087,35452,65535,11425,11425,1,2001
MPCTASK: EXP,3,270,13498,258,440,219,70,-121,11,697,966,-66,533,993,209,64,179,209,-480,-218,2324,70,300,1,1,1,15,3,1,1,0,0,0,5,22598,7603,31964,1292472,0,160530,120759,3841708,5433903,0,0,0,997,1000,1399,1400,7479251,59573,35744,65535,11527,11527,1,2001
MPCTASK: EXP,3,272,13601,262,423,219,-84,-237,-5,757,946,-80,551,869,209,15,101,209,-481,-218,2343,70,300,1,1,1,15,3,1,1,0,0,0,5,22887,11514,34922,1957377,0,1742,69288,3890796,5936812,0,0,0,996,1000,1399,1400,7479251,59520,35712,65535,11630,11630,1,2001
MPCTASK: EXP,3,274,13701,240,412,219,-241,-320,-18,757,879,-18,522,720,209,-38,48,209,-484,-260,2373,70,300,1,1,1,15,3,1,1,0,0,0,5,24208,10248,35021,1742178,0,1898,37575,4115252,5953697,0,0,0,995,1000,1399,1400,7479251,60881,36529,65535,11730,11730,1,2001
MPCTASK: EXP,3,276,13802,201,371,216,-402,-466,-21,768,697,25,448,554,209,-91,-49,209,-487,-258,2334,70,300,1,1,1,15,3,1,1,0,0,0,5,21565,12170,34792,2068731,0,2644,23421,3665872,5914719,0,0,0,994,1000,1399,1400,7479251,62107,37264,65535,11831,11831,1,2001
MPCTASK: EXP,3,278,13902,159,327,216,-485,-569,-5,677,400,86,335,375,209,-102,-123,209,-484,-283,2276,70,300,1,1,1,15,3,1,1,0,0,0,5,24919,9994,35639,1698896,0,1743,103587,4236248,6058568,0,0,0,992,1000,1399,1400,7479251,62998,37799,65535,11932,11932,1,2001
MPCTASK: EXP,3,280,14000,102,273,215,-555,-672,0,616,153,146,195,189,209,-119,-203,209,-484,-321,2214,70,300,1,1,1,15,3,1,1,0,0,0,5,22192,11165,33888,1897071,0,2081,70810,3772512,5760964,0,0,0,990,1000,1399,1400,7479251,63310,37986,65535,12030,12030,1,2001
MPCTASK: EXP,3,282,14101,57,210,216,-518,-740,8,516,-169,185,42,0,209,-87,-272,209,-483,-235,2027,70,300,1,1,1,15,3,1,1,0,0,0,5,23510,9503,34202,1615524,0,1889,182052,3996621,5814529,0,0,0,990,1000,1399,1400,7479251,64428,38657,65535,12131,12131,1,2001
MPCTASK: EXP,3,284,14205,11,129,219,-439,-806,8,383,-440,203,-110,-188,209,-44,-349,209,-480,-231,2019,70,300,1,1,1,15,3,1,1,0,0,0,5,25734,10000,37158,1699909,0,1951,65405,4374617,6316969,0,0,0,991,1000,1399,1400,7479251,62332,37399,65535,12235,12235,1,2001
MPCTASK: EXP,3,286,14300,-14,62,222,-313,-809,11,231,-594,189,-245,-370,209,15,-389,209,-477,-178,1630,70,300,1,1,1,15,3,1,1,0,0,0,5,22978,9959,33183,1692928,0,1742,23108,3906200,5641044,0,0,0,993,1000,1399,1400,7479251,63591,38155,65535,12331,12331,1,2001
MPCTASK: EXP,3,288,14401,-28,-7,222,-169,-801,-1,130,-725,169,-351,-542,209,83,-427,209,-477,-193,1893,70,300,1,1,1,15,3,1,1,0,0,0,5,21804,11539,33869,1961432,0,1742,70827,3706600,5757951,0,0,0,995,1000,1399,1400,7479251,60984,36590,65535,12432,12432,1,2001
MPCTASK: EXP,3,290,14504,-31,-72,222,-27,-762,-11,33,-744,146,-415,-699,209,143,-448,209,-479,-190,1932,70,300,1,1,1,15,3,1,1,0,0,0,5,24153,10648,36084,1810030,0,2615,24042,4105893,6134403,0,0,0,996,1000,1399,1400,7479251,60891,36535,65535,12535,12535,1,2001
MPCTASK: EXP,3,292,14600,-23,-145,224,109,-746,-12,-85,-734,135,-433,-838,209,196,-475,209,-477,-208,2052,70,300,1,1,1,15,3,1,1,0,0,0,5,21724,10030,32077,1704984,0,1742,23108,3692972,5453255,0,0,0,997,1000,1399,1400,7479251,59633,35780,65535,12631,12631,1,2001
MPCTASK: EXP,3,294,14699,-10,-212,224,220,-700,-17,-201,-663,103,-401,-957,209,230,-488,209,-479,-207,1984,70,300,1,1,1,15,3,1,1,0,0,0,5,22971,8509,32182,1446318,0,1742,100171,3904888,5471040,0,0,0,997,1000,1399,1400,7479251,59434,35660,65535,12731,12731,1,2001
MPCTASK: EXP,3,296,14804,13,-274,220,316,-631,-26,-358,-533,84,-323,-1051,209,251,-483,209,-484,-214,1981,70,300,1,1,1,15,3,1,1,0,0,0,5,24581,11997,37074,2039342,0,1742,64213,4178736,6302599,0,0,0,998,1000,1399,1400,7479251,61014,36608,65535,12836,12836,1,2001
MPCTASK: EXP,3,298,14905,39,-326,219,368,-536,-17,-433,-378,79,-207,-1119,209,252,-466,209,-483,-194,1773,70,300,1,1,1,15,3,1,1,0,0,0,5,26564,10132,37079,1722466,0,1846,45676,4515904,6303528,0,0,0,998,1000,1399,1400,7479251,61224,36734,65535,12937,12937,1,2001
MPCTASK: EXP,3,300,15006,70,-375,219,395,-451,-14,-519,-194,95,-64,-1159,209,240,-446,209,-483,-213,1932,70,300,1,1,1,15,3,1,1,0,0,0,5,26579,11863,38685,2016730,0,1742,23108,4518400,6576635,0,0,0,998,1000,1399,1400,7479251,62264,37358,65535,13039,13039,1,2001
MPCTASK: EXP,3,302,15102,99,-415,218,386,-348,-14,-621,-15,110,91,-1170,209,214,-411,209,-484,-222,2042,70,300,1,1,1,15,3,1,1,0,0,0,5,24050,9143,34971,1554111,0,1742,231985,4088380,5945205,0,0,0,997,1000,1399,1400,7479251,62494,37496,65535,13135,13135,1,2001
MPCTASK: EXP,3,304,15203,128,-441,216,359,-243,-23,-700,167,130,245,-1151,209,179,-366,209,-488,-259,2311,70,300,1,1,1,15,3,1,1,0,0,0,5,23189,11699,35699,1988772,0,1758,70423,3942080,6068929,0,0,0,997,1000,1399,1400,7479251,62417,37450,65535,13236,13236,1,2001
MPCTASK: EXP,3,306,15302,153,-460,213,279,-102,-42,-780,377,133,381,-1104,209,128,-303,209,-494,-269,2354,70,300,1,1,1,15,3,1,1,0,0,0,5,22997,9603,33839,1632425,0,1742,135105,3909372,5752692,0,0,0,997,1000,1399,1400,7479251,58763,35258,65535,13335,13335,1,2001
MPCTASK: EXP,3,308,15398,170,-467,211,177,31,-42,-843,593,49,487,-1030,209,68,-234,209,-497,-299,2365,70,300,1,1,1,15,3,1,1,0,0,0,5,21238,9112,30899,1548959,0,1742,42801,3610300,5252903,0,0,0,997,1000,1399,1400,7479251,55900,33540,65535,13432,13432,1,2001
MPCTASK: EXP,3,310,15501,175,-460,209,42,172,-18,-821,752,-112,551,-929,209,5,-163,209,-493,-252,2373,70,300,1,1,1,15,3,1,1,0,0,0,5,27034,6041,33560,1026896,0,1742,23108,4595713,5705203,0,0,0,996,1000,1399,1400,7479251,56102,33661,65535,13535,13535,1,2001
MPCTASK: EXP,3,312,15604,167,-442,209,-96,301,5,-821,832,-285,568,-805,209,-56,-83,209,-490,-247,2284,70,300,1,1,1,15,3,1,1,0,0,0,5,24391,11333,37111,1926620,0,1743,84685,4146436,6308802,0,0,0,995,1000,1399,1400,7479251,56472,33883,65535,13638,13638,1,2001
MPCTASK: EXP,3,314,15702,147,-408,211,-235,441,7,-723,728,-434,536,-661,209,-102,0,209,-488,-211,1926,70,300,1,1,1,15,3,1,1,0,0,0,5,23195,9555,33559,1624355,0,1742,118978,3943072,5705147,0,0,0,994,1000,1399,1400,7479251,54949,32969,65535,13737,13737,1,2001
MPCTASK: EXP,3,316,15800,117,-359,215,-344,567,29,-626,605,-520,458,-499,209,-135,87,209,-484,-244,2059,70,300,1,1,1,15,3,1,1,0,0,0,5,20616,10085,31820,1714250,0,1742,74960,3504696,5409523,0,0,0,993,1000,1399,1400,7479251,51819,31091,65535,13835,13835,1,2001
MPCTASK: EXP,3,318,15900,85,-308,218,-407,648,25,-544,455,-595,341,-325,209,-145,161,209,-481,-212,1810,70,300,1,1,1,15,3,1,1,0,0,0,5,24201,7235,32209,1229765,0,1743,112947,4113996,5475666,0,0,0,991,1000,1399,1400,7479251,54809,32885,65535,13935,13935,1,2001
MPCTASK: EXP,3,320,16002,56,-251,220,-430,719,34,-519,322,-588,198,-143,209,-135,239,209,-479,-181,1550,70,300,1,1,1,15,3,1,1,0,0,0,5,22194,10723,33694,1822792,0,1753,24651,3772907,5727969,0,0,0,989,1000,1399,1400,7479251,56108,33665,65535,14037,14037,1,2001
MPCTASK: EXP,3,322,16103,15,-182,225,-433,772,36,-424,25,-540,42,43,209,-109,305,209,-474,-249,2130,69,300,1,1,1,15,3,1,1,0,0,0,5,23513,9657,34525,1641535,0,2616,107783,3997196,5869404,0,0,0,989,1000,1399,1400,7479251,55865,33519,65535,14139,14139,1,2001
MPCTASK: EXP,3,324,16199,-20,-111,227,-389,810,10,-360,-271,-437,-111,229,209,-68,369,209,-472,-220,2010,69,300,1,1,1,15,3,1,1,0,0,0,5,19883,10856,30990,1845342,0,1747,23952,3380016,5268432,0,0,0,990,1000,1399,1400,7479251,63096,37858,65535,14235,14235,1,2001
MPCTASK: EXP,3,326,16308,-51,-36,228,-309,835,-14,-219,-537,-309,-247,410,209,-18,423,209,-474,-239,2179,69,300,1,1,1,15,3,1,1,0,0,0,5,25316,13329,39418,2265770,0,1742,112046,4303688,6701100,0,0,0,992,1000,1399,1400,7479251,61407,36844,65535,14344,14344,1,2001
MPCTASK: EXP,3,328,16402,-71,27,227,-204,819,-34,-84,-712,-182,-353,581,209,36,450,209,-478,-249,2311,69,300,1,1,1,15,3,1,1,0,0,0,5,22435,10945,33874,1860586,0,42456,24653,3813908,5758637,0,0,0,994,1000,1399,1400,7479251,63136,37882,65535,14438,14438,1,2001
MPCTASK: EXP,3,330,16502,-84,110,223,-54,803,-53,55,-866,-45,-417,739,209,99,490,209,-487,-263,2401,70,300,1,1,1,15,3,1,1,0,0,0,5,19951,12522,33508,2128616,0,1742,93453,3391589,5696343,0,0,0,996,1000,1399,1400,7479251,63420,38052,65535,14539,14539,1,2001
MPCTASK: EXP,3,332,16602,-80,165,219,90,736,-61,187,-931,57,-434,879,209,157,488,209,-493,-262,2471,70,300,1,1,1,15,3,1,1,0,0,0,5,20396,12691,33609,2157409,0,15053,55533,3467328,5713624,0,0,0,997,1000,1399,1400,7479251,64645,38787,65535,14638,14638,1,2001
MPCTASK: EXP,3,334,16703,-58,234,213,268,668,-58,286,-852,125,-402,998,209,219,496,209,-497,-300,2388,70,300,1,1,1,15,3,1,1,0,0,0,5,22688,11252,34953,1912829,0,1742,119101,3856908,5942110,0,0,0,997,1000,1399,1400,7479251,64255,38553,65535,14740,14740,1,2001
MPCTASK: EXP,3,336,16803,-29,283,207,393,587,-53,369,-691,166,-324,1092,209,255,482,209,-502,-262,2344,70,300,1,1,1,15,3,1,1,0,0,0,5,22276,9979,32754,1696328,0,1951,23957,3786804,5568609,0,0,0,998,1000,1399,1400,7479251,64922,38953,65535,14840,14840,1,2001
MPCTASK: EXP,3,338,16902,-9,317,203,432,445,-33,479,-437,253,-207,1161,209,239,431,209,-502,-198,1774,70,300,1,1,1,15,3,1,1,0,0,0,5,22325,9361,32445,1591286,0,1742,23108,3795096,5515792,0,0,0,998,1000,1399,1400,7479251,63943,38366,65535,14940,14940,1,2001
MPCTASK: EXP,3,340,17007,32,357,201,489,366,-15,423,-250,252,-64,1201,209,243,417,209,-501,-263,2226,70,300,1,1,1,15,3,1,1,0,0,0,5,25393,11032,37211,1875346,0,1742,115461,4316660,6326281,0,0,0,998,1000,1399,1400,7479251,62307,37384,65535,15044,15044,1,2001
MPCTASK: EXP,3,342,17104,63,390,204,458,285,14,431,56,243,91,1212,209,200,390,209,-495,-253,2137,70,300,1,1,1,15,3,1,1,0,0,0,5,24158,10232,35050,1739267,0,1742,24260,4106692,5958493,0,0,0,998,1000,1399,1400,7479251,59034,35420,65535,15142,15142,1,2001
MPCTASK: EXP,3,344,17203,113,417,207,437,218,11,473,378,152,245,1194,209,174,362,209,-492,-259,2192,70,300,1,1,1,15,3,1,1,0,0,0,5,21268,10988,32887,1867916,0,1742,88879,3615480,5590859,0,0,0,998,1000,1399,1400,7479251,57279,34367,65535,15241,15241,1,2001
MPCTASK: EXP,3,346,17301,153,429,207,356,113,0,558,610,72,381,1147,209,137,303,209,-492,-203,1776,70,300,1,1,1,15,3,1,1,0,0,0,5,23319,7987,32026,1357695,0,1742,52877,3964072,5444483,0,0,0,997,1000,1399,1400,7479251,61485,36891,65535,15340,15340,1,2001
MPCTASK: EXP,3,348,17404,177,444,208,223,31,3,616,804,38,487,1072,209,73,260,209,-491,-240,2212,70,300,1,1,1,15,3,1,1,0,0,0,5,21966,12391,34935,2106462,0,1742,79600,3734128,5939172,0,0,0,997,1000,1399,1400,7479251,58656,35194,65535,15443,15443,1,2001
MPCTASK: EXP,3,350,17505,189,447,213,63,-71,6,706,970,21,551,972,209,4,199,209,-486,-232,2418,70,300,1,1,1,15,3,1,1,0,0,0,5,25678,8624,35032,1465980,0,1742,105302,4365128,5955557,0,0,0,997,1000,1399,1400,7479251,60263,36158,65535,15544,15544,1,2001
MPCTASK: EXP,3,352,17606,181,443,211,-122,-179,-29,716,895,91,568,848,209,-58,138,209,-494,-249,2414,70,300,1,1,1,15,3,1,1,0,0,0,5,23724,10005,34484,1700876,0,1742,48143,4032850,5862343,0,0,0,997,1000,1399,1400,7479251,63788,38273,65535,15646,15646,1,2001
MPCTASK: EXP,3,354,17707,150,422,207,-288,-308,-37,785,738,167,536,703,209,-115,56,209,-499,-312,2333,70,300,1,1,1,15,3,1,1,0,0,0,5,25425,9688,35519,1646878,0,1896,23999,4322176,6038315,0,0,0,996,1000,1399,1400,7479251,65535,39321,65535,15747,15747,1,2001
MPCTASK: EXP,3,356,17807,111,403,201,-398,-408,-37,816,508,256,458,542,209,-148,-10,209,-505,-316,2359,70,300,1,1,1,15,3,1,1,0,0,0,5,27553,7975,36020,1355698,0,1742,63811,4683800,6123383,0,0,0,995,1000,1399,1400,7479251,65535,39321,65535,15847,15847,1,2001
MPCTASK: EXP,3,358,17907,82,379,199,-421,-487,-32,824,278,307,341,368,209,-137,-66,209,-507,-268,2404,70,300,1,1,1,15,3,1,1,0,0,0,5,23936,11868,36059,2017462,0,1742,24099,4068944,6130079,0,0,0,994,1000,1399,1400,7479251,65535,39321,65535,15947,15947,1,2001
MPCTASK: EXP,3,360,18008,33,320,195,-453,-642,-22,794,73,304,198,185,209,-138,-167,209,-508,-364,2300,71,300,1,1,1,15,3,1,1,0,0,0,5,24185,10104,34969,1717605,0,1742,35239,4111361,5944832,0,0,0,993,1000,1399,1400,7479251,64353,38612,65535,16048,16048,1,2001
MPCTASK: EXP,3,362,18103,-8,252,199,-429,-757,18,635,-192,278,42,0,209,-112,-251,209,-500,-279,2282,70,300,1,1,1,15,3,1,1,0,0,0,5,20561,9171,30548,1558871,0,1742,120757,3495232,5193276,0,0,0,992,1000,1399,1400,7479251,61735,37041,65535,16144,16144,1,2001
MPCTASK: EXP,3,364,18210,-36,181,204,-340,-820,29,462,-389,212,-111,-186,209,-58,-315,209,-495,-230,1893,70,300,1,1,1,15,3,1,1,0,0,0,5,26378,10985,37854,1867360,0,1742,65096,4484068,6435269,0,0,0,993,1000,1399,1400,7479251,61618,36971,65535,16251,16251,1,2001
MPCTASK: EXP,3,366,18307,-54,113,204,-245,-849,2,296,-510,157,-247,-367,209,-4,-362,209,-495,-218,1854,70,300,1,1,1,15,3,1,1,0,0,0,5,23375,10688,34699,1816833,0,1742,64430,3973536,5898949,0,0,0,994,1000,1399,1400,7479251,63503,38102,65535,16348,16348,1,2001
MPCTASK: EXP,3,368,18410,-62,37,204,-104,-828,8,119,-602,113,-353,-539,209,65,-395,209,-495,-211,1814,70,300,1,1,1,15,3,1,1,0,0,0,5,26916,10067,37451,1711323,0,1742,35082,4575620,6366815,0,0,0,995,1000,1399,1400,7479251,60984,36590,65535,16452,16452,1,2001
MPCTASK: EXP,3,370,18507,-57,-36,207,29,-808,22,0,-624,103,-417,-696,209,128,-428,209,-492,-208,1780,70,300,1,1,1,15,3,1,1,0,0,0,5,23734,10957,34935,1862577,0,1742,23108,4034684,5939176,0,0,0,996,1000,1399,1400,7479251,61169,36701,65535,16549,16549,1,2001
MPCTASK: EXP,3,372,18610,-46,-108,213,141,-771,28,-131,-628,108,-434,-836,209,178,-448,209,-486,-206,1772,70,300,1,1,1,15,3,1,1,0,0,0,5,25546,11246,37789,1911689,0,1742,150421,4342828,6424176,0,0,0,997,1000,1399,1400,7479251,60128,36077,65535,16652,16652,1,2001
MPCTASK: EXP,3,374,18707,-29,-172,215,233,-726,9,-257,-581,124,-402,-955,209,211,-458,209,-484,-200,1758,70,300,1,1,1,15,3,1,1,0,0,0,5,23919,10464,34971,1778870,0,1742,23114,4066208,5945237,0,0,0,997,1000,1399,1400,7479251,62251,37351,65535,16749,16749,1,2001
MPCTASK: EXP,3,376,18813,-5,-238,214,312,-629,-15,-396,-485,142,-324,-1050,209,231,-448,209,-489,-186,1670,70,300,1,1,1,15,3,1,1,0,0,0,5,28698,10312,40097,1752992,0,2173,24261,4878540,6816554,0,0,0,998,1000,1399,1400,7479251,62432,37459,65535,16855,16855,1,2001
MPCTASK: EXP,3,378,18908,18,-292,214,354,-536,-5,-463,-371,154,-207,-1118,209,230,-433,209,-487,-187,1648,70,300,1,1,1,15,3,1,1,0,0,0,5,22440,11235,35366,1909946,0,2647,23423,3814617,6012216,0,0,0,998,1000,1399,1400,7479251,61624,36974,65535,16951,16951,1,2001
MPCTASK: EXP,3,380,19006,45,-336,213,373,-429,-10,-531,-207,146,-64,-1159,209,212,-404,209,-488,-211,1877,70,300,1,1,1,15,3,1,1,0,0,0,5,23789,9528,33879,1619682,0,1744,76219,4043996,5759465,0,0,0,998,1000,1399,1400,7479251,60698,36419,65535,17049,17049,1,2001
MPCTASK: EXP,3,382,19108,74,-370,212,375,-339,-7,-580,-11,149,91,-1170,209,188,-373,209,-488,-219,1951,70,300,1,1,1,15,3,1,1,0,0,0,5,22826,11244,36085,1911469,0,1743,198120,3880444,6134501,0,0,0,998,1000,1399,1400,7479251,60982,36589,65535,17152,17152,1,2001
MPCTASK: EXP,3,384,19209,107,-397,212,337,-209,-17,-652,216,162,245,-1152,209,151,-321,209,-491,-213,1976,70,300,1,1,1,15,3,1,1,0,0,0,5,25865,9387,36620,1595762,0,1742,213853,4396905,6225420,0,0,0,998,1000,1399,1400,7479251,61096,36658,65535,17253,17253,1,2001
MPCTASK: EXP,3,386,19307,129,-413,212,259,-98,-25,-680,391,137,381,-1105,209,100,-270,209,-493,-223,2092,70,300,1,1,1,15,3,1,1,0,0,0,5,23230,9405,34305,1598872,0,1921,263758,3949024,5831968,0,0,0,997,1000,1399,1400,7479251,59993,35996,65535,17351,17351,1,2001
MPCTASK: EXP,3,388,19407,142,-418,209,153,21,-32,-726,584,34,487,-1030,209,40,-207,209,-496,-238,2248,70,300,1,1,1,15,3,1,1,0,0,0,5,23811,10562,35116,1795194,0,42428,24631,4047929,5969900,0,0,0,997,1000,1399,1400,7479251,61282,36769,65535,17452,17452,1,2001
MPCTASK: EXP,3,390,19508,147,-416,205,47,126,-37,-708,665,-152,551,-929,209,-13,-149,209,-501,-285,2322,70,300,1,1,1,15,3,1,1,0,0,0,5,22493,11350,34373,1929367,0,1745,23273,3823700,5843553,0,0,0,997,1000,1399,1400,7479251,58644,35186,65535,17553,17553,1,2001
MPCTASK: EXP,3,392,19610,143,-402,203,-84,245,8,-724,783,-313,568,-805,209,-69,-75,209,-496,-221,1971,70,300,1,1,1,15,3,1,1,0,0,0,5,24522,9981,36289,1696806,0,46980,239880,4168717,6169165,0,0,0,996,1000,1399,1400,7479251,57144,34286,65535,17655,17655,1,2001
MPCTASK: EXP,3,394,19706,125,-376,208,-215,366,24,-685,719,-443,536,-661,209,-112,2,209,-491,-234,2001,70,300,1,1,1,15,3,1,1,0,0,0,5,23984,7996,32802,1359128,0,1742,65425,4077276,5576413,0,0,0,995,1000,1399,1400,7479251,53719,32231,65535,17751,17751,1,2001
MPCTASK: EXP,3,396,19807,94,-343,211,-327,474,25,-778,704,-504,458,-500,209,-158,88,209,-488,-215,1979,70,300,1,1,1,15,3,1,1,0,0,0,5,21480,12465,34463,2119036,0,2081,68645,3651472,5858769,0,0,0,994,1000,1399,1400,7479251,57435,34461,65535,17853,17853,1,2001
MPCTASK: EXP,3,398,19907,54,-297,217,-422,592,23,-726,449,-493,341,-325,209,-173,167,209,-482,-309,2268,70,300,1,1,1,15,3,1,1,0,0,0,5,20559,10520,33168,1788302,0,1742,148706,3494988,5638807,0,0,0,992,1000,1399,1400,7479251,61437,36862,65535,17952,17952,1,2001
MPCTASK: EXP,3,400,20008,18,-247,213,-437,669,-22,-626,145,-422,198,-143,209,-153,231,209,-490,-258,2290,70,300,1,1,1,15,3,1,1,0,0,0,5,25515,9049,34962,1538350,0,1742,23108,4337416,5943674,0,0,0,991,1000,1399,1400,7479251,60094,36056,65535,18054,18054,1,2001
MPCTASK: EXP,3,402,20109,-24,-183,213,-436,749,2,-544,-58,-324,42,43,209,-139,305,209,-486,-271,2239,70,300,1,1,1,15,3,1,1,0,0,0,5,23175,12337,36154,2097194,0,1885,90347,3939604,6146311,0,0,0,990,1000,1399,1400,7479251,62679,37607,65535,18155,18155,1,2001
MPCTASK: EXP,3,404,20211,-67,-114,212,-402,803,4,-376,-325,-220,-111,229,209,-109,366,209,-487,-246,2175,70,300,1,1,1,15,3,1,1,0,0,0,5,24618,11547,36654,1962861,0,1742,23108,4184992,6231250,0,0,0,991,1000,1399,1400,7479251,63123,37874,65535,18257,18257,1,2001
MPCTASK: EXP,3,406,20314,-95,-44,216,-301,813,6,-204,-599,-95,-247,410,209,-50,407,209,-483,-241,2098,70,300,1,1,1,15,3,1,1,0,0,0,5,24892,12819,38182,2179296,0,1742,61861,4231565,6491125,0,0,0,993,1000,1399,1400,7479251,64389,38633,65535,18360,18360,1,2001
MPCTASK: EXP,3,408,20410,-121,38,212,-191,836,-34,-22,-767,4,-353,581,209,0,460,209,-493,-282,2336,70,300,1,1,1,15,3,1,1,0,0,0,5,24154,9839,34873,1672473,0,1743,121883,4106103,5928510,0,0,0,995,1000,1399,1400,7479251,65535,39321,65535,18457,18457,1,2001
MPCTASK: EXP,3,410,20512,-134,107,210,-53,785,-41,150,-892,82,-417,739,209,59,477,209,-498,-248,2450,70,300,1,1,1,15,3,1,1,0,0,0,5,23797,11573,36403,1967319,0,1742,112222,4045500,6188708,0,0,0,996,1000,1399,1400,7479251,64864,38918,65535,18559,18559,1,2001
MPCTASK: EXP,3,412,20609,-127,171,207,117,716,-31,234,-926,115,-434,879,209,124,483,209,-499,-263,2446,70,300,1,1,1,15,3,1,1,0,0,0,5,23957,8190,33405,1392251,0,1742,159129,4072594,5678787,0,0,0,997,1000,1399,1400,7479251,64798,38879,65535,18657,18657,1,2001
MPCTASK: EXP,3,414,20711,-98,238,206,310,642,-4,299,-832,99,-402,998,209,197,490,209,-494,-265,2367,70,300,1,1,1,15,3,1,1,0,0,0,5,22925,11395,34869,1937017,0,1856,74642,3897124,5927856,0,0,0,997,1000,1399,1400,7479251,63278,37967,65535,18759,18759,1,2001
MPCTASK: EXP,3,416,20812,-55,297,205,452,580,-3,348,-613,72,-324,1092,209,243,494,209,-495,-270,2280,70,300,1,1,1,15,3,1,1,0,0,0,5,26461,9056,36026,1539434,0,1742,23108,4498328,6124436,0,0,0,998,1000,1399,1400,7479251,62672,37603,65535,18860,18860,1,2001
MPCTASK: EXP,3,418,20916,-6,345,205,535,496,3,397,-337,107,-207,1161,209,264,477,209,-494,-247,2144,70,300,1,1,1,15,3,1,1,0,0,0,5,25630,12631,39125,2147211,0,1742,127138,4356948,6651303,0,0,0,998,1000,1399,1400,7479251,62074,37244,65535,18964,18964,1,2001
MPCTASK: EXP,3,420,21012,32,382,205,541,418,10,414,-55,122,-64,1201,209,245,457,209,-494,-218,1849,70,300,1,1,1,15,3,1,1,0,0,0,5,25226,10009,36050,1701363,0,43009,25413,4288321,6128493,0,0,0,998,1000,1399,1400,7479251,61248,36749,65535,19060,19060,1,2001
MPCTASK: EXP,3,422,21110,80,425,208,495,337,11,443,276,106,91,1212,209,207,437,209,-491,-247,2108,70,300,1,1,1,15,3,1,1,0,0,0,5,22021,10833,33548,1841540,0,1742,98241,3743580,5703252,0,0,0,998,1000,1399,1400,7479251,60026,36016,65535,19159,19159,1,2001
MPCTASK: EXP,3,424,21212,123,455,210,421,255,2,505,526,86,245,1194,209,166,403,209,-489,-243,2080,70,300,1,1,1,15,3,1,1,0,0,0,5,26044,9341,35919,1587844,0,1742,36887,4427411,6106199,0,0,0,997,1000,1399,1400,7479251,60853,36512,65535,19261,19261,1,2001
MPCTASK: EXP,3,426,21310,165,489,210,336,205,-15,598,670,117,381,1148,209,135,381,209,-492,-236,2126,70,300,1,1,1,15,3,1,1,0,0,0,5,21713,11405,33762,1938791,0,1742,90991,3691175,5739742,0,0,0,997,1000,1399,1400,7479251,61112,36667,65535,19359,19359,1,2001
MPCTASK: EXP,3,428,21413,185,505,213,209,99,-20,769,814,133,486,1073,209,76,319,209,-490,-253,2356,70,300,1,1,1,15,3,1,1,0,0,0,5,25028,9135,34906,1552985,0,1742,23417,4254724,5934102,0,0,0,997,1000,1399,1400,7479251,63081,37849,65535,19462,19462,1,2001
MPCTASK: EXP,3,430,21513,197,511,210,67,-37,-41,909,880,129,550,973,209,22,245,209,-497,-250,2444,70,300,1,1,1,15,3,1,1,0,0,0,5,23330,11352,35710,1929698,0,1742,155087,3966032,6070793,0,0,0,997,1000,1399,1400,7479251,64845,38907,65535,19563,19563,1,2001
MPCTASK: EXP,3,432,21617,194,504,206,-85,-194,-40,978,861,142,567,849,209,-29,163,209,-501,-256,2505,70,300,1,1,1,15,3,1,1,0,0,0,5,28685,10406,39773,1768993,0,1742,96417,4876440,6761503,0,0,0,996,1000,1399,1400,7479251,63281,37969,65535,19667,19667,1,2001
MPCTASK: EXP,3,434,21710,172,478,199,-243,-368,-47,974,795,150,534,705,209,-85,64,209,-510,-301,2475,70,300,1,1,1,15,3,1,1,0,0,0,5,21237,11035,33119,1875915,0,2606,23421,3610148,5630346,0,0,0,996,1000,1399,1400,7479251,65535,39321,65535,19760,19760,1,2001
MPCTASK: EXP,3,436,21813,143,447,195,-352,-503,-28,904,599,205,456,544,209,-111,-14,209,-509,-288,2430,71,300,1,1,1,15,3,1,1,0,0,0,5,24683,9548,34875,1623214,0,1744,90306,4196147,5928936,0,0,0,995,1000,1399,1400,7479251,64117,38470,65535,19863,19863,1,2001
MPCTASK: EXP,3,438,21913,104,397,194,-429,-638,-6,819,365,242,340,370,209,-122,-102,209,-506,-348,2324,71,300,1,1,1,15,3,1,1,0,0,0,5,22769,11567,35063,1966222,0,2011,47658,3870664,5960827,0,0,0,994,1000,1399,1400,7479251,65535,39321,65535,19964,19964,1,2001
MPCTASK: EXP,3,440,22009,70,341,200,-431,-730,25,678,112,238,197,187,209,-101,-173,209,-499,-275,2280,70,300,1,1,1,15,3,1,1,0,0,0,5,23751,7292,31719,1239656,0,1748,56037,4037512,5392336,0,0,0,992,1000,1399,1400,7479251,63691,38215,65535,20060,20060,1,2001
MPCTASK: EXP,3,442,22113,23,250,205,-441,-866,29,522,-96,204,42,-1,209,-95,-279,209,-494,-310,2197,70,300,1,1,1,15,3,1,1,0,0,0,5,22423,11525,34902,1959166,0,1768,101315,3811744,5933536,0,0,0,992,1000,1399,1400,7479251,62954,37772,65535,20164,20164,1,2001
MPCTASK: EXP,3,444,22216,-6,169,207,-366,-907,37,281,-320,173,-108,-189,209,-49,-337,209,-492,-201,1658,70,300,1,1,1,15,3,1,1,0,0,0,5,27406,8412,36427,1429964,0,1745,23273,4659025,6192636,0,0,0,993,1000,1399,1400,7479251,62408,37445,65535,20268,20268,1,2001
MPCTASK: EXP,3,446,22316,-29,87,208,-270,-909,26,106,-477,155,-242,-374,209,-2,-379,209,-491,-206,1707,70,300,1,1,1,15,3,1,1,0,0,0,5,22192,12495,36346,2123938,0,1743,121692,3772552,6178985,0,0,0,994,1000,1399,1400,7479251,60132,36079,65535,20368,20368,1,2001
MPCTASK: EXP,3,448,22416,-42,14,214,-155,-857,39,-74,-576,139,-344,-550,209,46,-390,209,-485,-177,1502,70,300,1,1,1,15,3,1,1,0,0,0,5,28716,7864,36833,1336780,0,1917,23940,4881548,6261693,0,0,0,995,1000,1399,1400,7479251,60863,36518,65535,20468,20468,1,2001
MPCTASK: EXP,3,450,22514,-47,-62,219,-38,-807,27,-188,-643,128,-404,-712,209,86,-402,209,-480,-185,1659,70,300,1,1,1,15,3,1,1,0,0,0,5,22952,11030,34995,1874984,0,42420,24821,3901856,5949272,0,0,0,996,1000,1399,1400,7479251,60793,36476,65535,20566,20566,1,2001
MPCTASK: EXP,3,452,22617,-43,-132,222,73,-739,13,-322,-610,119,-418,-855,209,114,-396,209,-477,-181,1646,70,300,1,1,1,15,3,1,1,0,0,0,5,26546,10029,37124,1704953,0,1742,73537,4512732,6311175,0,0,0,997,1000,1399,1400,7479251,60476,36286,65535,20669,20669,1,2001
MPCTASK: EXP,3,454,22718,-31,-199,220,169,-662,-19,-462,-504,113,-385,-975,209,128,-380,209,-483,-212,1936,70,300,1,1,1,15,3,1,1,0,0,0,5,25391,13157,39086,2236644,0,1742,72887,4316316,6644636,0,0,0,997,1000,1399,1400,7479251,61862,37117,65535,20771,20771,1,2001
MPCTASK: EXP,3,456,22811,-18,-256,218,219,-557,-30,-603,-365,111,-311,-1066,209,118,-350,209,-487,-210,1990,70,300,1,1,1,15,3,1,1,0,0,0,5,23148,8550,32178,1453383,0,1742,62004,3935093,5470263,0,0,0,998,1000,1399,1400,7479251,61126,36676,65535,20864,20864,1,2001
MPCTASK: EXP,3,458,22913,6,-300,216,269,-415,-22,-743,-212,135,-204,-1123,209,112,-300,209,-487,-257,2330,70,300,1,1,1,15,3,1,1,0,0,0,5,20608,11394,32943,1936900,0,78520,46758,3503285,5600445,0,0,0,998,1000,1399,1400,7479251,62580,37548,65535,20966,20966,1,2001
MPCTASK: EXP,3,460,23011,27,-329,218,268,-262,-6,-810,11,158,-78,-1143,209,85,-250,209,-483,-244,2353,70,300,1,1,1,15,3,1,1,0,0,0,5,21719,8488,31102,1442932,0,1742,24257,3692252,5287400,0,0,0,998,1000,1399,1400,7479251,61404,36842,65535,21064,21064,1,2001
MPCTASK: EXP,3,462,23111,52,-342,215,245,-103,-22,-858,215,181,49,-1122,209,66,-200,209,-488,-269,2370,70,300,1,1,1,15,3,1,1,0,0,0,5,22367,9105,32045,1547728,0,1742,51308,3802052,5447723,0,0,0,998,1000,1399,1400,7479251,62457,37474,65535,21165,21165,1,2001
MPCTASK: EXP,3,464,23216,68,-343,215,171,47,-15,-829,412,177,164,-1059,209,45,-173,209,-487,-220,2215,70,300,1,1,1,15,3,1,1,0,0,0,5,26553,10086,37139,1714687,0,1742,65419,4513828,6313742,0,0,0,998,1000,1399,1400,7479251,61440,36864,65535,21270,21270,1,2001
MPCTASK: EXP,3,466,23316,71,-330,211,65,190,-26,-719,482,122,252,-955,209,16,-141,209,-494,-254,2330,70,300,1,1,1,15,3,1,1,0,0,0,5,23876,11631,36262,1977126,0,1846,110120,4058956,6164616,0,0,0,997,1000,1399,1400,7479251,61238,36743,65535,21370,21370,1,2001
MPCTASK: EXP,3,468,23416,66,-308,207,-33,290,-19,-482,407,74,302,-815,209,5,-132,209,-496,-241,2129,70,300,1,1,1,15,3,1,1,0,0,0,5,26592,8525,36103,1449275,0,1742,123399,4520404,6137631,0,0,0,997,1000,1399,1400,7479251,62538,37523,65535,21470,21470,1,2001
MPCTASK: EXP,3,470,23517,53,-279,204,-110,347,-15,-240,258,53,311,-649,209,8,-139,209,-498,-249,2180,70,300,1,1,1,15,3,1,1,0,0,0,5,26398,10430,37888,1772946,0,1886,89284,4487532,6441018,0,0,0,996,1000,1399,1400,7479251,63644,38186,65535,21572,21572,1,2001
MPCTASK: EXP,3,472,23616,34,-253,203,-155,339,-6,57,65,47,282,-470,209,18,-165,209,-497,-213,2156,70,300,1,1,1,15,3,1,1,0,0,0,5,27513,9109,37115,1548520,0,1742,65086,4677060,6309527,0,0,0,994,1000,1399,1400,7479251,65535,39321,65535,21671,21671,1,2001
MPCTASK: EXP,3,474,23712,19,-224,205,-144,296,5,315,-187,67,227,-297,209,37,-174,209,-494,-230,2046,70,300,1,1,1,15,3,1,1,0,0,0,5,21672,10060,32183,1710072,0,2781,57153,3684240,5471216,0,0,0,993,1000,1399,1400,7479251,65236,39142,65535,21767,21767,1,2001
MPCTASK: EXP,3,476,23816,9,-205,207,-88,208,-1,470,-361,86,162,-149,210,45,-167,210,-492,-179,1537,70,300,1,1,1,15,3,1,1,0,0,0,5,26301,9590,36893,1630231,0,1743,130211,4471188,6271796,0,0,0,991,1000,1399,1400,7479251,65400,39240,65535,21872,21872,1,2001
MPCTASK: EXP,3,478,23917,5,-193,207,-16,116,-20,436,-402,113,107,-44,209,36,-140,209,-496,-198,1750,70,300,1,1,1,15,3,1,1,0,0,0,5,23934,12571,37637,2136968,0,1742,130770,4068667,6398466,0,0,0,991,1000,1399,1400,7479251,63929,38357,65535,21973,21973,1,2001
MPCTASK: EXP,3,480,24015,12,-193,205,61,32,-10,257,-290,126,74,9,209,37,-128,209,-496,-244,2195,70,300,1,1,1,15,3,1,1,0,0,0,5,26338,9594,36439,1630858,0,1742,68506,4477444,6194714,0,0,0,991,1000,1399,1400,7479251,63872,38323,65535,22072,22072,1,2001
MPCTASK: EXP,3,482,24116,26,-198,202,114,-9,-9,-20,-106,135,67,21,209,76,-164,209,-499,-211,2119,70,300,1,1,1,15,3,1,1,0,0,0,5,23542,11613,35902,1974169,0,2044,108071,4002084,6103370,0,0,0,991,1000,1399,1400,7479251,63838,38303,65535,22173,22173,1,2001
MPCTASK: TRAJ DONE: idx=482, max=482; requesting landing
MPCTASK: LANDING: start z=0.20, hold=(0.03,-0.20)
MPCTASK: TIMING SUMMARY: max_step_cycles=7479251 deadline_cycles=8400000 overruns=0
MPCTASK: MOTOR FAULT SUMMARY: model=multiplicative_step schedule_onset=2000ms active=1 actual_onset=2001ms global=100 fault=M1 index=0 retained=60 equiv_fullscale_pwm=39321 samples=22222 affected=22222 peak_req=65535 last_req=60608 last_app=36365
MPCTASK: LANDING COMPLETE: t=28088 ms, x=0.018, y=-0.195, z=0.006, vz=-0.098; motors off