---
SYS: Crazyflie 2.1 Brushless is up and running!
SYS: Build 2:de14ff9f08ae (2025.09.1 +2) MODIFIED
SYS: I am 0x373930393434471500370039 and I have 1024KB of flash!
CFGBLK: v1, verification [OK]
DECK_DISCOVERY: Backend found: onewire
DECK_DISCOVERY: Backend found: deckctrl
DECK_CORE: 1 deck(s) found
DECK_CORE: Calling INIT on driver bcFlow2 for deck 0
ZR2: Z-down sensor [OK]
PMW: Motion chip id: 0x49:0xB6
IMU: BMI088: Using I2C interface.
IMU: BMI088 Gyro connection [OK].
IMU: BMI088 Accel connection [OK]
IMU: BMP390 I2C connection [OK]
ESTIMATOR: Using Kalman (2) estimator
CONTROLLER: Using PID (1) controller
MTR-DRV: Using brushless motor driver
SYS: About to run tests in system.c.
SYS: NRF51 version: 2026.04 (C21B)
EEPROM: I2C connection [OK].
STORAGE: Storage check [OK].
IMU: BMI088 gyro self-test [OK]
DECK_CORE: Deck 0 test [OK].
SYS: Self test passed!
STAB: Wait for sensor calibration...
SYS: Free heap: 15048 bytes
MPCTASK: Benchmark mode 3, maneuver 4, max_iter 5, task_pri 0
MPCTASK: Reference altitude: 0.70 m; barrier skip when z>0.75 and vz>-0.20
MPCTASK: OOT takeoff: cfclient trigger>=0.15m ramp=0.15m/s figure8_start=2000ms_after_OOT_takeoff no_z_vz_settle target=0.70m timeout=12000ms
MPCTASK: Common baseline: mpc_hz=20 model_hz=20 rho=5 base_w=0 base_qz=1 Qz=100 R=4 bridge=x10 guards=z[ref,ref+0.20] xy=free cap=0.05
MPCTASK: MPC->PID: xyz=x10, z_guard=[ref,ref+0.20], yaw=raw_rz, output_hold=200ms, safety_hold=500ms
MPCTASK: Motor fault schedule: model=multiplicative_step pre_onset=100% onset=2000ms_after_TRAJ_START global=100% fault=M1(index=0) retained=60% equiv_fullscale_pwm=39321 ramp=none placement=post_mixer_post_battery model_bounds=unchanged
MPCTASK: Reference origin: xyz=measured_at_forced_timed_start nominal_takeoff_target=0.70 m
MPCTASK: LIMO adaptive: cache=16x4 evals=1 activeH=1 timing=bar/rl/cache_cycles
MPCTASK: EXP every=2: m,s,tms,p3[mm],v3[mmps],att3[cdeg],ref3[mm],cmd3[mm],h/raw/grad/mar/thr[milli],act/ac/bind,wi/qi/cache/noa,pa/pf/du[milli],it,mpc/eval/total[us],bar/tanh/rl/cache/solve/step[cycles],overruns,post_active/post_infeasible_totals,wreq/w/qzreq/qz[milli],max_step_cycles,M1_req/app/peak[pwm],M1_derated/samples,fault_on/onset_ms
MPCTASK: Figure8: source=traj_fig8_12.h source_hz=100 samples=1205 passes=2 cycles=6 lobes=12 duration=24.07 s origin=forced_timed_start start_delay=2000ms z_baseline=measured_at_start feedforward=U_ref_data
MPCTASK: Waiting for activation ...
STAB: Starting stabilizer loop
STAB: WARNING: stabilizer loop rate is off (1004)
CONTROLLER: Using OutOfTree (6) controller
MPCTASK: Trajectory origin: x=0.06 y=-0.03 z=0.01
MPCTASK: OOT activated at z=0.01
SUP: Ready to fly
MPCTASK: TAKEOFF START: trigger_z=0.15 start_z=0.01 target=0.70 hold=(0.07,0.06) ramp=0.15m/s
MPCTASK: OOT loop 1 done
MPCTASK: OOT loop 2 done
MPCTASK: MMPCTASK: OOT loop 3 done
PC task loop 1
MPCTASK: x0: pos=(0.07,0.06,0.01) vel=(0.0,0.0,-0.0)
MPCTASK: ref: (0.07,0.06,0.01)
MPCTASK: SAFE TV mode=3: h=0.0 raw=0.0 grad=0.0 margin=0.0 thr=0.0 active0=0 active_count=0 eval=13035 us
MPCTASK: MPC solve start
MPCTASK: MPC solve done, iter=5
MPCTASK: MPC time=24247 us
MPCTASK: MPC stack free=867 words
MPCTASK: setpoint: x=0.07 y=0.06 z=0.07 preview_z=0.07
MPCTASK: MPC task loop 2
MPCTASK: MPC task loop 3
MPCTASK: Cache level changed: 0 -> 1
MPCTASK: TAKEOFF COMPLETE: forced_start t=2000ms z=0.23 vz=0.18; trajectory queued origin=(0.07,0.05,0.23) no_z_vz_gate
MPCTASK: TRAJ START: z=0.23 origin=(0.07,0.05,0.23) EXP clock reset; Z metric begins at t+3s
MPCTASK: EXP,3,2,87,72,54,244,80,43,188,31,186,283,70,55,234,51,293,237,-455,-133,1070,69,300,1,1,1,15,3,1,1,0,0,0,5,24669,10808,36035,1837339,0,1742,76785,4193556,6125982,0,0,0,987,1000,1399,1400,6125982,29404,29404,43572,0,87,0,0
MPCTASK: EXP,3,4,182,75,53,264,41,49,112,-535,146,202,59,74,235,101,318,240,-435,-220,1848,69,300,1,1,1,15,3,1,1,0,0,0,5,20970,9379,30997,1594298,0,1743,91996,3564837,5269599,0,0,0,987,1000,1399,1400,6125982,38782,38782,43572,0,182,0,0
MPCTASK: EXP,3,6,284,76,55,273,22,118,-65,-802,-22,188,24,141,235,157,338,237,-439,-320,2222,69,300,1,1,1,15,3,1,1,0,0,0,5,21644,10124,32587,1721089,0,1742,120533,3679384,5539896,0,0,0,989,1000,1399,1400,6125982,40928,40928,43572,0,285,0,0
MPCTASK: EXP,3,8,385,78,61,263,31,238,-131,-994,-173,102,-28,260,235,203,370,235,-462,-369,2445,69,300,1,1,1,15,3,1,1,0,0,0,5,24032,9376,33933,1593784,0,1742,70729,4085381,5768726,0,0,0,990,1000,1399,1400,6607955,42255,42255,43572,0,386,0,0
MPCTASK: EXP,3,10,486,81,88,250,65,399,-97,-868,-274,75,-82,419,235,243,412,235,-468,-366,2293,69,300,1,1,1,15,3,1,1,0,0,0,5,22735,10857,34005,1845706,0,1742,50882,3864828,5780949,0,0,0,993,1000,1399,1400,6607955,40068,40068,48966,0,487,0,0
MPCTASK: EXP,3,12,589,96,137,241,131,534,-77,-589,-318,501,-120,599,235,278,446,235,-474,-245,2275,69,300,1,1,1,15,3,1,1,0,0,0,5,25459,10273,36098,1746457,0,2033,42957,4327869,6136896,0,0,0,994,1000,1399,1400,6607955,44719,44719,60329,0,590,0,0
MPCTASK: EXP,3,14,690,104,163,232,175,558,-5,-192,-425,468,-128,777,235,300,416,235,-468,-261,2138,69,300,1,1,1,15,3,1,1,0,0,0,5,26700,10522,37468,1788589,0,1742,23108,4538924,6369682,0,0,0,995,1000,1399,1400,6607955,41853,41853,60329,0,692,0,0
MPCTASK: EXP,3,16,788,121,209,235,250,559,72,7,-458,653,-97,938,234,315,428,234,-464,-225,1891,69,300,1,1,1,15,3,1,1,0,0,0,5,24681,10632,36050,1807421,0,1742,106820,4195836,6128689,0,0,0,996,1000,1399,1400,6607955,43265,43265,60329,0,790,0,0
MPCTASK: EXP,3,18,886,132,247,244,274,510,91,160,-364,740,-28,1067,234,303,410,234,-455,-215,1849,69,300,1,1,1,15,3,1,1,0,0,0,5,21898,10166,32912,1728173,0,2139,24264,3722560,5595117,0,0,0,997,1000,1399,1400,6607955,44344,44344,60329,0,888,0,0
MPCTASK: EXP,3,20,985,157,299,260,320,480,123,459,-143,761,71,1156,234,282,389,239,-439,-129,1165,69,300,1,1,1,15,3,1,1,0,0,0,5,23688,8619,32950,1465215,0,1742,90961,4026812,5601675,0,0,0,997,1000,1399,1400,6607955,35429,35429,60329,0,988,0,0
MPCTASK: EXP,3,22,1091,178,344,272,322,401,67,585,75,788,190,1201,234,240,359,240,-427,-203,1715,69,300,1,1,1,15,3,1,1,0,0,0,5,27339,10127,38723,1721665,0,2128,154255,4647528,6582850,0,0,0,998,1000,1399,1400,6607955,34745,34745,60329,0,1094,0,0
MPCTASK: EXP,3,24,1184,198,385,278,288,298,35,684,293,800,313,1203,234,199,336,241,-421,-189,1892,69,300,1,1,1,15,3,1,1,0,0,0,5,21901,9477,31951,1611053,0,1742,23412,3723072,5431774,0,0,0,998,1000,1399,1400,6607955,40804,40804,60329,0,1187,0,0
MPCTASK: EXP,3,26,1286,203,411,280,204,158,10,746,585,907,423,1164,234,128,284,241,-419,-227,2253,69,300,1,1,1,15,3,1,1,0,0,0,5,22986,9551,33514,1623588,0,1743,85173,3907496,5697529,0,0,0,998,1000,1399,1400,6607955,41282,41282,60329,0,1290,0,0
MPCTASK: EXP,3,28,1389,197,423,283,91,9,35,769,777,1045,505,1088,234,46,209,242,-416,-254,2237,69,300,1,1,1,15,3,1,1,0,0,0,5,28063,7536,36560,1281077,0,1742,23412,4770661,6215292,0,0,0,998,1000,1399,1400,6607955,55803,55803,60329,0,1393,0,0
MPCTASK: EXP,3,30,1488,187,420,285,-38,-156,35,704,780,1116,550,980,234,-10,140,243,-414,-107,1430,69,300,1,1,1,15,3,1,1,0,0,0,5,23996,11482,36136,1951793,0,52084,42255,4079316,6143292,0,0,0,998,1000,1399,1400,6607955,45586,45586,64149,0,1492,0,0
MPCTASK: EXP,3,32,1585,170,380,288,-163,-347,10,780,854,1121,549,845,234,-71,17,243,-411,-150,1897,69,300,1,1,1,15,3,1,1,0,0,0,5,23292,8553,32535,1453840,0,1742,98965,3959584,5531048,0,0,0,997,1000,1399,1400,6607955,47997,47997,64149,0,1589,0,0
MPCTASK: EXP,3,34,1686,170,319,289,-253,-504,14,728,718,957,501,689,235,-83,-102,243,-410,-255,2217,69,300,1,1,1,15,3,1,1,0,0,0,5,22919,10147,33558,1725016,0,42461,24636,3896224,5704919,0,0,0,997,1000,1399,1400,6607955,50402,50402,64149,0,1691,0,0
MPCTASK: EXP,3,36,1786,123,274,285,-356,-642,-12,733,540,1048,411,517,235,-115,-194,241,-416,-221,2256,69,300,1,1,1,15,3,1,1,0,0,0,5,24856,8324,33485,1415052,0,2648,32624,4225344,5692409,0,0,0,996,1000,1399,1400,6607955,45578,45578,65535,0,1791,0,0
MPCTASK: EXP,3,38,1886,89,212,285,-399,-767,-17,734,299,818,286,335,235,-110,-291,241,-418,-289,2189,69,300,1,1,1,15,3,1,1,0,0,0,5,24831,8139,33883,1383478,0,1747,95572,4221248,5760247,0,0,0,995,1000,1399,1400,6607955,44777,44777,65535,0,1891,0,0
MPCTASK: EXP,3,40,1984,85,100,281,-422,-917,-41,677,208,276,139,146,235,-77,-433,239,-426,-201,2049,69,300,1,1,1,15,3,1,1,0,0,0,5,19579,10946,31529,1860772,0,2757,99850,3328245,5360170,0,0,0,992,1000,1399,1400,6607955,35370,35370,65535,0,1989,0,0
MPCTASK: MOTOR FAULT ON: t=2002ms after_TRAJ_START model=multiplicative_step fault=M1(index=0) retained=60% equiv_fullscale_pwm=39321 ramp=none
MPCTASK: EXP,3,42,2089,56,5,276,-408,-994,-88,540,-175,-19,-15,-42,234,-27,-543,237,-441,-81,1548,69,300,1,1,1,15,3,1,1,0,0,0,5,24807,10141,35430,1723802,0,2233,62441,4217100,6023317,0,0,0,990,1000,1399,1400,6607955,52994,31796,62509,87,87,1,2002
MPCTASK: EXP,3,44,2194,23,-122,257,-313,-1102,-213,238,-791,-142,-163,-228,234,50,-646,234,-484,-401,2438,69,300,1,1,1,15,3,1,1,0,0,0,5,23233,16955,40807,2882256,0,2071,85245,3949548,6937260,0,0,0,990,1000,1399,1400,6937260,55862,33517,62509,193,193,1,2002
MPCTASK: EXP,3,46,2290,13,-221,241,-148,-1086,-217,-131,-980,-162,-288,-407,234,137,-685,234,-502,-507,2562,69,300,1,1,1,15,3,1,1,0,0,0,5,25563,10439,36486,1774549,0,1743,64184,4345472,6202725,0,0,0,992,1000,1399,1400,6937260,51730,31038,64251,289,289,1,2002
MPCTASK: EXP,3,48,2386,17,-313,217,38,-1042,-223,-285,-1087,-77,-378,-573,234,228,-726,234,-526,-573,2868,70,300,1,1,1,15,3,1,1,0,0,0,5,22888,9504,33093,1615585,0,1742,100266,3890805,5625865,0,0,0,993,1000,1399,1400,6937260,60744,36446,65535,385,385,1,2002
MPCTASK: EXP,3,50,2488,39,-401,195,265,-903,-159,-475,-1049,-132,-424,-724,234,329,-727,234,-536,-446,2754,71,300,1,1,1,15,3,1,1,0,0,0,5,24435,8454,33809,1437005,0,1742,50723,4153876,5747567,0,0,0,994,1000,1399,1400,6937260,42289,25373,65535,488,488,1,2002
MPCTASK: EXP,3,52,2588,85,-470,182,480,-767,-72,-533,-892,-90,-422,-855,234,425,-717,234,-531,-368,2438,71,300,1,1,1,15,3,1,1,0,0,0,5,22352,10651,33901,1810557,0,1742,64663,3799752,5763278,0,0,0,995,1000,1399,1400,6937260,65535,39321,65535,588,588,1,2002
MPCTASK: EXP,3,54,2688,146,-535,184,636,-644,1,-650,-568,-32,-371,-964,234,486,-697,234,-515,-353,2248,71,300,1,1,1,15,3,1,1,0,0,0,5,25464,8072,34127,1372085,0,1742,67240,4328920,5801789,0,0,0,996,1000,1399,1400,6937260,54330,32598,65535,688,688,1,2002
MPCTASK: EXP,3,56,2790,212,-575,183,729,-495,12,-724,-222,-21,-277,-1048,234,524,-654,234,-516,-369,2265,71,300,1,1,1,15,3,1,1,0,0,0,5,25216,9437,35708,1604277,0,96965,65363,4286708,6070309,0,0,0,997,1000,1399,1400,6937260,65535,39321,65535,790,790,1,2002
MPCTASK: EXP,3,58,2889,283,-615,185,728,-323,35,-738,150,-39,-148,-1105,234,525,-603,234,-514,-343,2288,71,300,1,1,1,15,3,1,1,0,0,0,5,22534,10107,33425,1718168,0,1742,115066,3830588,5682600,0,0,0,997,1000,1399,1400,6937260,54331,32599,65535,889,889,1,2002
MPCTASK: EXP,3,60,2987,357,-632,184,683,-164,38,-769,509,19,1,-1133,234,510,-536,234,-515,-345,2297,71,300,1,1,1,15,3,1,1,0,0,0,5,20233,10502,31282,1785279,0,1743,74585,3439557,5317944,0,0,0,997,1000,1399,1400,6937260,55757,33454,65535,987,987,1,2002
MPCTASK: EXP,3,62,3087,403,-647,188,543,-26,50,-773,762,-18,158,-1133,234,449,-475,234,-511,-261,2104,71,300,1,1,1,15,3,1,1,0,0,0,5,23208,8069,31770,1371731,0,1742,65095,3945252,5400884,0,0,0,997,1000,1399,1400,6937260,53013,31808,65535,1088,1088,1,2002
MPCTASK: EXP,3,64,3190,457,-624,195,416,144,53,-794,943,74,306,-1103,234,406,-373,234,-504,-258,2325,71,300,1,1,1,15,3,1,1,0,0,0,5,23353,10054,34852,1709107,0,1742,226561,3970028,5924921,0,0,0,997,1000,1399,1400,6937260,52015,31209,65535,1191,1191,1,2002
MPCTASK: EXP,3,66,3290,479,-608,197,223,276,32,-751,1094,0,432,-1044,234,322,-291,234,-502,-263,2482,71,300,1,1,1,15,3,1,1,0,0,0,5,23027,10276,33926,1746746,0,1744,23274,3914449,5767399,0,0,0,997,1000,1399,1400,6937260,46483,27890,65535,1291,1291,1,2002
MPCTASK: EXP,3,68,3390,488,-572,198,21,414,13,-703,1143,-43,522,-959,234,242,-196,234,-501,-287,2503,71,300,1,1,1,15,3,1,1,0,0,0,5,21827,11429,34784,1943015,0,2330,87012,3710592,5913434,0,0,0,996,1000,1399,1400,6937260,56006,33604,65535,1392,1392,1,2002
MPCTASK: EXP,3,70,3492,485,-521,197,-167,539,10,-644,1094,-60,568,-849,234,169,-96,234,-502,-301,2468,71,300,1,1,1,15,3,1,1,0,0,0,5,25628,10144,36760,1724369,0,1742,147698,4356664,6249275,0,0,0,996,1000,1399,1400,6937260,56319,33791,65535,1494,1494,1,2002
MPCTASK: EXP,3,72,3590,455,-466,200,-355,641,32,-515,1002,-106,565,-716,234,93,-6,234,-499,-296,2402,70,300,1,1,1,15,3,1,1,0,0,0,5,22988,9952,33759,1691878,0,1743,85096,3907792,5739152,0,0,0,995,1000,1399,1400,6937260,57196,34318,65535,1592,1592,1,2002
MPCTASK: EXP,3,74,3694,400,-407,211,-516,713,69,-478,809,-164,514,-565,234,19,81,234,-488,-219,1899,70,300,1,1,1,15,3,1,1,0,0,0,5,27701,8421,37034,1431520,0,1743,112991,4709096,6295962,0,0,0,994,1000,1399,1400,6937260,54481,32689,65535,1696,1696,1,2002
MPCTASK: EXP,3,76,3791,340,-344,221,-628,777,69,-459,605,-185,419,-398,234,-30,167,234,-478,-190,1567,70,300,1,1,1,15,3,1,1,0,0,0,5,21600,10263,34720,1744671,0,2138,332369,3671924,5902725,0,0,0,993,1000,1399,1400,6937260,55186,33112,65535,1794,1794,1,2002
MPCTASK: EXP,3,78,3894,277,-278,229,-686,824,59,-421,394,-207,291,-220,234,-55,243,234,-470,-217,1836,69,300,1,1,1,15,3,1,1,0,0,0,5,26476,11022,37990,1873615,0,1742,65337,4500820,6458477,0,0,0,992,1000,1399,1400,6937260,54173,32504,65535,1897,1897,1,2002
MPCTASK: EXP,3,80,3992,222,-205,233,-700,876,37,-424,170,-177,140,-35,234,-58,329,234,-466,-165,1450,69,300,1,1,1,15,3,1,1,0,0,0,5,21371,13671,35621,2324001,0,1742,46755,3632874,6055771,0,0,0,992,1000,1399,1400,6937260,55844,33506,65535,1995,1995,1,2002
MPCTASK: EXP,3,82,4093,154,-117,237,-684,926,-8,-440,-8,-29,-16,151,234,-60,422,234,-464,-249,2190,69,300,1,1,1,15,3,1,1,0,0,0,5,27763,8184,36846,1391141,0,1742,110486,4719696,6263943,0,0,0,993,1000,1399,1400,6937260,65535,39321,65535,2097,2097,1,2002
MPCTASK: EXP,3,84,4190,99,-37,233,-628,933,-59,120,-284,218,-165,336,234,-30,427,234,-478,-137,1353,69,300,1,1,1,15,3,1,1,0,0,0,5,21579,11625,33930,1976113,0,1886,43867,3668472,5768114,0,0,0,994,1000,1399,1400,6937260,65535,39321,65535,2194,2194,1,2002
MPCTASK: EXP,3,86,4293,55,34,223,-515,854,-184,242,-669,517,-290,513,234,25,452,234,-513,-354,2420,70,300,1,1,1,15,3,1,1,0,0,0,5,23919,11042,36480,1877068,0,1917,44562,4066116,6201616,0,0,0,995,1000,1399,1400,6937260,65535,39321,65535,2297,2297,1,2002
MPCTASK: EXP,3,88,4392,21,108,199,-378,821,-248,313,-802,645,-380,680,234,72,490,234,-549,-464,2916,71,300,1,1,1,15,3,1,1,0,0,0,5,22526,11529,34438,1959814,0,2613,45390,3829412,5854571,0,0,0,995,1000,1399,1400,6937260,65535,39321,65535,2396,2396,1,2002
MPCTASK: EXP,3,90,4498,0,184,177,-188,737,-239,392,-831,730,-426,831,234,127,510,234,-570,-485,3085,72,300,1,1,1,15,3,1,1,0,0,0,5,29400,9081,39516,1543658,0,134644,24639,4997929,6717832,0,0,0,996,1000,1399,1400,6937260,65535,39321,65535,2502,2502,1,2002
MPCTASK: EXP,3,92,4590,-18,251,158,-48,668,-199,367,-858,775,-423,963,234,159,527,234,-581,-464,2963,72,300,1,1,1,15,3,1,1,0,0,0,5,21713,8364,32450,1421779,0,1742,57822,3691036,5516521,0,0,0,996,1000,1399,1400,6937260,65535,39321,65535,2595,2595,1,2002
MPCTASK: EXP,3,94,4694,-35,298,135,69,560,-192,344,-870,793,-372,1072,234,172,512,234,-603,-498,2930,73,300,1,1,1,15,3,1,1,0,0,0,5,23514,11247,35436,1911925,0,1743,64887,3997300,6024241,0,0,0,997,1000,1399,1400,6937260,65535,39321,65535,2699,2699,1,2002
MPCTASK: EXP,3,96,4793,-11,354,113,240,550,-142,355,-740,573,-277,1156,234,211,528,234,-614,-506,2465,74,300,1,1,1,15,3,1,1,0,0,0,5,21549,11661,34426,1982342,0,88691,101050,3663192,5852497,0,0,0,997,1000,1399,1400,6937260,65535,39321,65535,2798,2798,1,2002
MPCTASK: EXP,3,98,4895,-4,396,110,323,439,20,345,-516,559,-149,1214,234,200,504,234,-589,-351,2354,74,300,1,1,1,15,3,1,1,0,0,0,5,24212,11158,36746,1896813,0,1742,118881,4116037,6246980,0,0,0,998,1000,1399,1400,6937260,65535,39321,65535,2901,2901,1,2002
MPCTASK: EXP,3,100,4992,29,434,119,410,361,204,343,-233,432,1,1242,234,199,482,234,-580,-321,2161,73,300,1,1,1,15,3,1,1,0,0,0,5,25707,7891,33844,1341431,0,1742,23108,4370235,5753693,0,0,0,998,1000,1399,1400,6937260,64513,38708,65535,2998,2998,1,2002
MPCTASK: EXP,3,102,5088,63,468,149,409,295,372,337,31,287,158,1242,234,170,462,234,-550,-272,1854,72,300,1,1,1,15,3,1,1,0,0,0,5,22993,6816,30294,1158728,0,1742,23108,3908728,5149977,0,0,0,998,1000,1399,1400,6937260,58535,35121,65535,3094,3094,1,2002
MPCTASK: EXP,3,104,5192,123,484,191,450,189,414,466,338,54,306,1212,234,173,405,234,-508,-227,1487,71,300,1,1,1,15,3,1,1,0,0,0,5,20359,11204,32956,1904618,0,1742,23108,3460861,5602692,0,0,0,998,1000,1399,1400,6937260,50479,30287,65535,3198,3198,1,2002
MPCTASK: EXP,3,106,5292,167,504,231,372,143,356,437,794,-135,432,1154,234,123,385,238,-468,-253,2029,69,300,1,1,1,15,3,1,1,0,0,0,5,23155,10517,34093,1787847,0,1742,52282,3936257,5795878,0,0,0,998,1000,1399,1400,6937260,49849,29909,65535,3299,3299,1,2002
MPCTASK: EXP,3,108,5395,197,525,266,233,104,280,591,1020,-278,522,1069,234,67,353,245,-433,-227,2291,69,300,1,1,1,15,3,1,1,0,0,0,5,26476,8331,36854,1416145,0,255364,75438,4500884,6265221,0,0,0,997,1000,1399,1400,6937260,47226,28336,65535,3402,3402,1,2002
MPCTASK: EXP,3,110,5494,206,530,293,40,6,202,735,1111,-432,568,958,234,-6,296,249,-406,-174,2278,69,300,1,1,1,15,3,1,1,0,0,0,5,26644,8338,35718,1417460,0,2078,106317,4529344,6072178,0,0,0,997,1000,1399,1400,6937260,47071,28243,65535,3501,3501,1,2002
MPCTASK: EXP,3,112,5592,201,525,309,-148,-104,129,821,1042,-594,565,826,234,-64,230,251,-390,-190,2289,69,300,1,1,1,15,3,1,1,0,0,0,5,21650,10000,32452,1699977,0,1742,117155,3680505,5517010,0,0,0,997,1000,1399,1400,6937260,48035,28821,65535,3600,3600,1,2002
MPCTASK: EXP,3,114,5696,168,508,320,-350,-236,97,875,896,-652,514,674,234,-134,151,253,-379,-214,2233,69,300,1,1,1,15,3,1,1,0,0,0,5,27825,7164,36803,1217794,0,1742,224202,4730172,6256530,0,0,0,996,1000,1399,1400,6937260,50460,30276,65535,3704,3704,1,2002
MPCTASK: EXP,3,116,5793,122,479,326,-498,-369,55,891,580,-616,419,507,234,-173,69,253,-373,-241,2189,69,300,1,1,1,15,3,1,1,0,0,0,5,21787,11752,33783,1997776,0,1742,23108,3703612,5743206,0,0,0,995,1000,1399,1400,6937260,53976,32386,65535,3801,3801,1,2002
MPCTASK: EXP,3,118,5893,82,424,332,-566,-525,50,792,270,-587,291,329,234,-177,-28,254,-367,-218,2124,69,300,1,1,1,15,3,1,1,0,0,0,5,24119,8429,34138,1432883,0,2613,23610,4100144,5803572,0,0,0,994,1000,1399,1400,6937260,54512,32707,65535,3901,3901,1,2002
MPCTASK: EXP,3,120,5994,26,367,338,-595,-643,45,700,-59,-493,140,144,234,-171,-117,255,-361,-217,2036,69,300,1,1,1,15,3,1,1,0,0,0,5,21681,11485,33874,1952360,0,1742,23412,3685800,5758593,0,0,0,994,1000,1399,1400,6937260,51302,30781,65535,4002,4002,1,2002
MPCTASK: EXP,3,122,6094,-21,319,340,-541,-709,12,602,-350,-423,-16,-42,234,-136,-174,255,-359,-180,1897,69,300,1,1,1,15,3,1,1,0,0,0,5,23776,10058,34938,1709828,0,1742,50984,4041832,5939516,0,0,0,995,1000,1399,1400,6937260,53903,32342,65535,4103,4103,1,2002
MPCTASK: EXP,3,124,6196,-57,261,349,-433,-768,42,319,-600,-367,-165,-226,234,-84,-207,258,-350,-207,1859,69,300,1,1,1,15,3,1,1,0,0,0,5,24516,12016,37094,2042779,0,1742,76670,4167648,6306084,0,0,0,996,1000,1399,1400,6937260,55280,33168,65535,4205,4205,1,2002
MPCTASK: EXP,3,126,6293,-91,177,352,-323,-824,29,255,-669,-319,-290,-404,234,-39,-286,258,-347,-193,1932,69,300,1,1,1,15,3,1,1,0,0,0,5,23976,8636,33520,1468078,0,1742,104048,4075840,5698481,0,0,0,997,1000,1399,1400,6937260,51236,30742,65535,4303,4303,1,2002
MPCTASK: EXP,3,128,6395,-103,108,354,-187,-821,-2,24,-629,-277,-380,-570,234,5,-317,258,-345,-82,1406,69,300,1,1,1,15,3,1,1,0,0,0,5,22598,12014,35163,2042161,0,1742,74830,3841612,5977758,0,0,0,997,1000,1399,1400,6937260,50376,30226,65535,4404,4404,1,2002
MPCTASK: EXP,3,130,6498,-112,33,354,-82,-811,-32,0,-582,-456,-426,-721,234,40,-362,257,-351,-97,1557,69,300,1,1,1,15,3,1,1,0,0,0,5,28101,8581,38471,1458681,0,1743,55948,4777105,6540289,0,0,0,998,1000,1399,1400,6937260,46586,27952,65535,4508,4508,1,2002
MPCTASK: EXP,3,132,6593,-118,-40,352,3,-802,-17,-63,-581,-591,-423,-853,234,74,-396,257,-350,-177,1726,69,300,1,1,1,15,3,1,1,0,0,0,5,22453,10382,33526,1764979,0,1742,98776,3816828,5699460,0,0,0,998,1000,1399,1400,6937260,55985,33591,65535,4603,4603,1,2002
MPCTASK: EXP,3,134,6693,-129,-125,349,92,-796,-78,-308,-763,-478,-372,-963,234,89,-425,255,-365,-116,2109,69,300,1,1,1,15,3,1,1,0,0,0,5,23993,7462,33122,1268450,0,1742,241576,4078684,5630832,0,0,0,998,1000,1399,1400,6937260,48892,29335,65535,4703,4703,1,2002
MPCTASK: EXP,3,136,6794,-132,-196,347,188,-725,-63,-492,-760,-376,-277,-1047,234,99,-430,254,-365,-185,2225,69,300,1,1,1,15,3,1,1,0,0,0,5,21294,11481,34064,1951714,0,1899,172403,3619748,5790989,0,0,0,998,1000,1399,1400,6937260,56536,33922,65535,4804,4804,1,2002
MPCTASK: EXP,3,138,6894,-130,-266,342,277,-638,-68,-678,-696,-186,-149,-1104,234,87,-414,253,-371,-237,2158,69,300,1,1,1,15,3,1,1,0,0,0,5,25301,9082,34887,1543867,0,1742,52688,4301112,5930792,0,0,0,998,1000,1399,1400,6937260,60336,36202,65535,4905,4905,1,2002
MPCTASK: EXP,3,140,6992,-116,-314,334,338,-497,-92,-914,-478,9,1,-1133,234,67,-355,250,-383,-273,2233,69,300,1,1,1,15,3,1,1,0,0,0,5,21599,10900,32740,1852778,0,1742,23108,3671745,5565951,0,0,0,998,1000,1399,1400,6937260,57520,34512,65535,5003,5003,1,2002
MPCTASK: EXP,3,142,7094,-88,-342,322,377,-301,-113,-977,-276,169,158,-1133,234,58,-288,247,-399,-187,2447,69,300,1,1,1,15,3,1,1,0,0,0,5,24454,9071,33953,1542033,0,31019,24632,4157044,5772080,0,0,0,998,1000,1399,1400,6937260,56589,33953,65535,5105,5105,1,2002
MPCTASK: EXP,3,144,7195,-70,-352,311,363,-105,-115,-962,-50,206,306,-1103,234,14,-207,244,-411,-256,2395,69,300,1,1,1,15,3,1,1,0,0,0,5,24771,10850,35866,1844469,0,1742,23108,4210980,6097254,0,0,0,998,1000,1399,1400,6937260,59896,35938,65535,5207,5207,1,2002
MPCTASK: EXP,3,146,7290,-49,-339,297,319,90,-87,-744,159,256,432,-1045,234,-20,-129,242,-419,-233,2263,69,300,1,1,1,15,3,1,1,0,0,0,5,21344,9131,31212,1552156,0,1742,69399,3628283,5306112,0,0,0,998,1000,1399,1400,6937260,60440,36264,65535,5302,5302,1,2002
MPCTASK: EXP,3,148,7394,-32,-315,288,250,232,-46,-685,352,402,522,-959,234,-69,-41,241,-421,-239,2216,69,300,1,1,1,15,3,1,1,0,0,0,5,20860,13300,34920,2260896,0,1742,109426,3546136,5936330,0,0,0,998,1000,1399,1400,6937260,62018,37211,65535,5406,5406,1,2002
MPCTASK: EXP,3,150,7496,-23,-274,285,141,365,-23,-645,492,505,568,-849,234,-117,60,241,-418,-120,1550,69,300,1,1,1,15,3,1,1,0,0,0,5,26099,9639,36464,1638534,0,57178,49629,4436800,6199029,0,0,0,998,1000,1399,1400,6937260,57515,34509,65535,5509,5509,1,2002
MPCTASK: EXP,3,152,7592,-29,-224,282,7,485,-49,-508,675,489,565,-716,234,-177,136,239,-427,-264,2206,69,300,1,1,1,15,3,1,1,0,0,0,5,20599,10970,32143,1864887,0,1860,77903,3501817,5464287,0,0,0,998,1000,1399,1400,6937260,57882,34729,65535,5604,5604,1,2002
MPCTASK: EXP,3,154,7692,-41,-172,279,-123,554,-33,-585,622,562,514,-565,234,-207,236,239,-427,-262,2190,69,300,1,1,1,15,3,1,1,0,0,0,5,23358,8981,32582,1526557,0,1742,23108,3970921,5539079,0,0,0,998,1000,1399,1400,6937260,64188,38513,65535,5705,5705,1,2002
MPCTASK: EXP,3,156,7794,-75,-106,271,-247,645,-99,-413,486,585,419,-398,234,-253,315,235,-448,-240,2203,69,300,1,1,1,15,3,1,1,0,0,0,5,21899,11366,35101,1932259,0,1742,78780,3722748,5967200,0,0,0,997,1000,1399,1400,6937260,64510,38706,65535,5807,5807,1,2002
MPCTASK: EXP,3,158,7896,-115,-55,265,-344,650,-64,-50,263,314,291,-220,234,-272,345,235,-447,-145,1728,69,300,1,1,1,15,3,1,1,0,0,0,5,25370,9968,35970,1694602,0,1742,88544,4312832,6115000,0,0,0,996,1000,1399,1400,6937260,51187,30712,65535,5909,5909,1,2002
MPCTASK: EXP,3,160,7995,-162,-4,262,-406,637,6,-107,51,45,140,-35,234,-272,391,236,-437,-132,1354,69,300,1,1,1,15,3,1,1,0,0,0,5,22780,12011,35166,2041746,0,1742,23381,3872585,5978432,0,0,0,995,1000,1399,1400,6937260,52198,31319,65535,6008,6008,1,2002
MPCTASK: EXP,3,162,8094,-205,47,263,-382,629,38,-198,-313,-176,-16,151,234,-243,447,237,-436,-219,2048,69,300,1,1,1,15,3,1,1,0,0,0,5,24028,10381,34935,1764758,0,1742,70981,4084692,5939176,0,0,0,994,1000,1399,1400,6937260,50540,30324,65535,6108,6108,1,2002
MPCTASK: EXP,3,164,8196,-234,96,269,-295,634,50,-324,-524,-311,-165,336,234,-189,491,239,-430,-166,1579,69,300,1,1,1,15,3,1,1,0,0,0,5,23585,12224,36580,2077929,0,1776,23418,4009362,6218784,0,0,0,993,1000,1399,1400,6937260,51659,30995,65535,6210,6210,1,2002
MPCTASK: EXP,3,166,8295,-252,156,273,-173,666,25,-344,-692,-344,-290,513,234,-124,545,239,-426,-142,1589,69,300,1,1,1,15,3,1,1,0,0,0,5,24817,9599,35190,1631634,0,1743,90406,4218876,5982488,0,0,0,994,1000,1399,1400,6937260,54532,32719,65535,6309,6309,1,2002
MPCTASK: EXP,3,168,8391,-249,218,274,-6,697,-6,-279,-800,-324,-380,680,234,-40,590,238,-426,-142,1839,69,300,1,1,1,15,3,1,1,0,0,0,5,19004,12440,31959,2114704,0,1776,23419,3230608,5433025,0,0,0,995,1000,1399,1400,6937260,56202,33721,65535,6406,6406,1,2002
MPCTASK: EXP,3,170,8495,-237,274,273,150,687,-23,-169,-833,-270,-426,831,234,34,610,238,-431,-144,1974,69,300,1,1,1,15,3,1,1,0,0,0,5,25222,10396,36132,1767246,0,1742,38893,4287608,6142669,0,0,0,996,1000,1399,1400,6937260,57655,34593,65535,6510,6510,1,2002
MPCTASK: EXP,3,172,8592,-202,339,267,326,687,-38,-22,-790,-229,-423,962,234,116,632,236,-440,-232,2294,69,300,1,1,1,15,3,1,1,0,0,0,5,21205,11364,33518,1931917,0,1742,141575,3604757,5698132,0,0,0,997,1000,1399,1400,6937260,57929,34757,65535,6608,6608,1,2002
MPCTASK: EXP,3,174,8693,-152,397,264,487,647,-27,143,-659,-186,-372,1072,234,187,636,235,-441,-227,2246,69,300,1,1,1,15,3,1,1,0,0,0,5,22201,9765,32596,1659965,0,25198,65371,3774220,5541755,0,0,0,997,1000,1399,1400,6937260,56711,34027,65535,6708,6708,1,2002
MPCTASK: EXP,3,176,8789,-84,461,263,616,610,-7,322,-366,-144,-277,1156,234,242,639,236,-437,-216,2109,69,300,1,1,1,15,3,1,1,0,0,0,5,20293,6008,28234,1021333,0,1742,24055,3449729,4799956,0,0,0,998,1000,1399,1400,6937260,56366,33820,65535,6804,6804,1,2002
MPCTASK: EXP,3,178,8893,-25,511,264,651,520,7,454,-121,-78,-148,1214,234,256,618,236,-435,-180,1770,69,300,1,1,1,15,3,1,1,0,0,0,5,23692,7481,32934,1271666,0,1742,155191,4027648,5598875,0,0,0,998,1000,1399,1400,6937260,55577,33346,65535,6909,6909,1,2002
MPCTASK: EXP,3,180,8995,32,551,264,631,411,-1,565,184,-48,1,1242,234,241,581,236,-436,-177,1789,69,300,1,1,1,15,3,1,1,0,0,0,5,24793,9396,34841,1597298,0,2614,23693,4214728,5923020,0,0,0,998,1000,1399,1400,6937260,56419,33851,65535,7011,7011,1,2002
MPCTASK: EXP,3,182,9099,116,587,264,635,314,-8,639,374,-96,158,1242,234,263,547,236,-437,-225,2172,69,300,1,1,1,15,3,1,1,0,0,0,5,26230,11126,37954,1891436,0,2000,67318,4459060,6452228,0,0,0,998,1000,1399,1400,6937260,55006,33004,65535,7115,7115,1,2002
MPCTASK: EXP,3,184,9191,152,587,268,489,123,5,752,746,-96,306,1212,234,185,450,237,-431,-158,1754,69,300,1,1,1,15,3,1,1,0,0,0,5,21414,8327,30580,1415641,0,1742,124053,3640325,5198660,0,0,0,998,1000,1399,1400,6937260,54845,32907,65535,7208,7208,1,2002
MPCTASK: EXP,3,186,9293,196,586,267,357,-12,-18,701,823,-117,431,1154,234,143,381,236,-436,-195,2206,69,300,1,1,1,15,3,1,1,0,0,0,5,23654,7437,32591,1264094,0,1742,173896,4021008,5540533,0,0,0,998,1000,1399,1400,6937260,54786,32872,65535,7310,7310,1,2002
MPCTASK: EXP,3,188,9394,211,567,263,171,-160,-40,673,934,-163,521,1069,234,71,296,235,-444,-210,2378,69,300,1,1,1,15,3,1,1,0,0,0,5,22369,9918,32986,1685903,0,1742,76423,3802700,5607637,0,0,0,998,1000,1399,1400,6937260,50714,30428,65535,7411,7411,1,2002
MPCTASK: EXP,3,190,9494,238,564,259,51,-217,-32,611,931,-316,567,960,234,44,257,234,-447,-227,2369,69,300,1,1,1,15,3,1,1,0,0,0,5,22800,9923,33076,1686880,0,1742,23108,3875896,5623148,0,0,0,997,1000,1399,1400,6937260,52217,31330,65535,7511,7511,1,2002
MPCTASK: EXP,3,192,9600,232,536,258,-129,-327,-7,686,956,-525,563,828,234,-21,177,235,-443,-349,2279,69,300,1,1,1,15,3,1,1,0,0,0,5,25758,12589,39670,2139993,0,1742,206935,4378808,6744076,0,0,0,996,1000,1399,1400,6937260,47831,28699,65535,7618,7618,1,2002
MPCTASK: EXP,3,194,9689,212,501,260,-290,-426,20,684,779,-770,512,676,234,-65,95,236,-439,-255,2269,69,300,1,1,1,15,3,1,1,0,0,0,5,21304,7182,28991,1220742,0,1950,66757,3621636,4928557,0,0,0,995,1000,1399,1400,6937260,44296,26578,65535,7707,7707,1,2002
MPCTASK: EXP,3,196,9793,185,450,266,-415,-529,64,621,628,-1006,417,509,234,-96,13,239,-433,-263,2195,69,300,1,1,1,15,3,1,1,0,0,0,5,21658,9491,31703,1613458,0,2611,24020,3681719,5389593,0,0,0,994,1000,1399,1400,6937260,44079,26447,65535,7811,7811,1,2002
MPCTASK: EXP,3,198,9899,165,400,271,-453,-587,55,549,357,-1163,289,331,234,-78,-54,240,-428,-120,1244,69,300,1,1,1,15,3,1,1,0,0,0,5,27256,9642,37911,1639183,0,1742,153410,4633489,6444980,0,0,0,991,1000,1399,1400,6937260,38646,23188,65535,7917,7917,1,2002
MPCTASK: EXP,3,200,9999,122,336,274,-506,-658,30,445,108,-1163,140,145,234,-68,-133,240,-425,-216,1796,69,300,1,1,1,15,3,1,1,0,0,0,5,24729,13112,39094,2229004,0,1742,194065,4203760,6645973,0,0,0,990,1000,1399,1400,6937260,45092,27055,65535,8018,8018,1,2002
MPCTASK: EXP,3,202,10093,75,272,277,-497,-724,-7,433,-225,-1074,-15,-43,235,-54,-203,239,-423,-124,1416,69,300,1,1,1,15,3,1,1,0,0,0,5,24581,7541,33170,1281996,0,1742,157916,4178664,5638996,0,0,0,991,1000,1399,1400,6937260,45448,27269,65535,8112,8112,1,2002
MPCTASK: EXP,3,204,10194,53,212,279,-396,-748,-4,341,-429,-1015,-161,-231,235,6,-247,240,-421,-115,1323,69,300,1,1,1,15,3,1,1,0,0,0,5,22369,10775,33540,1831574,0,1896,49161,3802644,5701929,0,0,0,993,1000,1399,1400,6937260,42080,25248,65535,8214,8214,1,2002
MPCTASK: EXP,3,206,10300,25,147,280,-314,-777,8,190,-448,-1022,-283,-412,235,31,-282,240,-419,-131,1427,69,300,1,1,1,15,3,1,1,0,0,0,5,27570,9658,38881,1641754,0,2174,24261,4686766,6609788,0,0,0,995,1000,1399,1400,6937260,46634,27980,65535,8319,8319,1,2002
MPCTASK: EXP,3,208,10395,4,76,282,-217,-797,-3,226,-697,-1010,-369,-583,235,77,-334,240,-418,-151,1739,69,300,1,1,1,15,3,1,1,0,0,0,5,21678,11306,34182,1921849,0,1743,134901,3685164,5810877,0,0,0,996,1000,1399,1400,6937260,41032,24619,65535,8414,8414,1,2002
MPCTASK: EXP,3,210,10495,-10,3,280,-108,-812,-34,-14,-605,-975,-412,-738,235,89,-354,239,-426,-121,1589,69,300,1,1,1,15,3,1,1,0,0,0,5,25800,7525,34370,1279189,0,1742,159174,4385980,5843142,0,0,0,997,1000,1399,1400,6937260,57514,34508,65535,8514,8514,1,2002
MPCTASK: EXP,3,212,10593,-13,-83,276,8,-844,-112,-130,-765,-761,-407,-873,234,114,-376,236,-445,-37,2359,69,300,1,1,1,15,3,1,1,0,0,0,5,22163,9662,32552,1642340,0,55946,50962,3767580,5533848,0,0,0,998,1000,1399,1400,6937260,55560,33336,65535,8614,8614,1,2002
MPCTASK: EXP,3,214,10695,-7,-160,263,126,-778,-145,-374,-762,-429,-356,-982,234,149,-380,234,-465,-350,2287,69,300,1,1,1,15,3,1,1,0,0,0,5,24891,8376,34227,1423879,0,2171,24260,4231280,5818799,0,0,0,998,1000,1399,1400,6937260,55224,33134,65535,8715,8715,1,2002
MPCTASK: EXP,3,216,10793,0,-249,252,231,-722,-102,-879,-630,11,-267,-1060,234,148,-354,234,-467,-313,2314,69,300,1,1,1,15,3,1,1,0,0,0,5,20797,11900,33232,2022979,0,1884,71356,3535456,5649455,0,0,0,998,1000,1399,1400,6937260,58728,35237,65535,8814,8814,1,2002
MPCTASK: EXP,3,218,10898,22,-299,243,299,-509,-90,-1102,-401,345,-151,-1103,234,138,-285,234,-474,-460,2364,69,300,1,1,1,15,3,1,1,0,0,0,5,26383,11049,37925,1878306,0,1742,63836,4485056,6447457,0,0,0,998,1000,1399,1400,6937260,61359,36815,65535,8919,8919,1,2002
MPCTASK: EXP,3,220,10995,45,-329,236,311,-272,-75,-1129,-194,548,-22,-1106,234,122,-218,234,-478,-356,2516,69,300,1,1,1,15,3,1,1,0,0,0,5,21680,11410,34498,1939692,0,1742,128302,3685532,5864591,0,0,0,997,1000,1399,1400,6937260,58482,35089,65535,9017,9017,1,2002
MPCTASK: EXP,3,222,11094,58,-339,224,261,-49,-87,-1052,67,638,102,-1068,234,86,-160,234,-492,-311,2554,70,300,1,1,1,15,3,1,1,0,0,0,5,24537,9085,33934,1544251,0,1742,33131,4171240,5768868,0,0,0,997,1000,1399,1400,6937260,63353,38012,65535,9116,9116,1,2002
MPCTASK: EXP,3,224,11193,72,-322,215,194,171,-55,-916,187,646,207,-989,234,71,-105,234,-495,-331,2383,70,300,1,1,1,15,3,1,1,0,0,0,5,21782,10163,33173,1727547,0,1742,190109,3702872,5639587,0,0,0,997,1000,1399,1400,6937260,60122,36073,65535,9215,9215,1,2002
MPCTASK: EXP,3,226,11295,74,-292,208,101,331,-36,-686,305,549,281,-869,234,53,-78,234,-498,-298,2289,70,300,1,1,1,15,3,1,1,0,0,0,5,24337,10093,34924,1715820,0,1742,65424,4136780,5937127,0,0,0,996,1000,1399,1400,6937260,65067,39040,65535,9317,9317,1,2002
MPCTASK: EXP,3,228,11395,71,-251,208,12,423,19,-291,279,490,315,-718,235,44,-62,235,-491,-165,1288,70,300,1,1,1,15,3,1,1,0,0,0,5,21852,12133,34525,2062484,0,1866,72436,3714753,5869200,0,0,0,996,1000,1399,1400,6937260,61490,36894,65535,9418,9418,1,2002
MPCTASK: EXP,3,230,11499,62,-194,208,-55,484,-9,180,159,554,308,-544,235,47,-58,235,-493,-246,2155,70,300,1,1,1,15,3,1,1,0,0,0,5,30250,6513,38469,1107078,0,2010,271490,5142364,6539771,0,0,0,996,1000,1399,1400,6937260,62270,37362,65535,9522,9522,1,2002
MPCTASK: EXP,3,232,11595,51,-151,210,-84,412,19,542,44,514,267,-366,235,54,-60,235,-489,-284,2229,70,300,1,1,1,15,3,1,1,0,0,0,5,22702,10407,34348,1769057,0,1742,173424,3859179,5917175,0,0,0,995,1000,1399,1400,6937260,57328,34397,65535,9618,9618,1,2002
MPCTASK: EXP,3,234,11698,36,-126,211,-89,314,1,414,-126,660,205,-200,235,37,-39,235,-488,-210,1672,70,300,1,1,1,15,3,1,1,0,0,0,5,28587,8657,38454,1471719,0,98942,24653,4859656,6537211,0,0,0,993,1000,1399,1400,6937260,65535,39321,65535,9722,9722,1,2002
MPCTASK: EXP,3,236,11793,19,-107,209,-85,191,-36,631,-234,624,142,-68,235,4,1,235,-497,-247,2271,70,300,1,1,1,15,3,1,1,0,0,0,5,22106,9641,32522,1639042,0,71856,43028,3758028,5528931,0,0,0,991,1000,1399,1400,6937260,61160,36696,65535,9817,9817,1,2002
MPCTASK: EXP,3,238,11900,8,-105,207,-48,57,8,451,-235,464,94,16,235,-43,70,235,-492,-294,2189,70,300,1,1,1,15,3,1,1,0,0,0,5,29698,9091,39153,1545492,0,1742,42503,5048541,6656096,0,0,0,991,1000,1399,1400,6937260,58906,35344,65535,9923,9923,1,2002
MPCTASK: EXP,3,240,11998,4,-114,208,-18,-21,38,58,-120,316,73,50,235,-68,130,235,-491,-233,2142,70,300,1,1,1,15,3,1,1,0,0,0,5,26900,10642,38239,1809139,0,1742,99048,4573001,6500671,0,0,0,991,1000,1399,1400,6937260,59350,35610,65535,10022,10022,1,2002
MPCTASK: EXP,3,242,12095,3,-125,211,-7,-13,18,-623,-18,261,70,54,234,-52,203,234,-488,-237,1978,70,300,1,1,1,15,3,1,1,0,0,0,5,25199,9571,35539,1626970,0,1743,56422,4283688,6041699,0,0,0,992,1000,1399,1400,6937260,59074,35444,65535,10120,10120,1,2002
MPCTASK: EXP,3,244,12196,1,-128,219,-32,121,55,-1187,126,423,66,62,235,-10,240,235,-480,-458,2317,70,300,1,1,1,15,3,1,1,0,0,0,5,21310,11686,33576,1986491,0,1742,79775,3622528,5708335,0,0,0,992,1000,1399,1400,6937260,59042,35425,65535,10220,10220,1,2002
MPCTASK: EXP,3,246,12296,-10,-108,219,-85,310,-27,-1202,97,291,41,108,235,9,299,235,-486,-397,2476,70,300,1,1,1,15,3,1,1,0,0,0,5,25289,8130,33950,1382143,0,1745,49236,4299012,5771667,0,0,0,992,1000,1399,1400,6937260,61492,36895,65535,10321,10321,1,2002
MPCTASK: EXP,3,248,12393,-23,-65,221,-113,515,43,-969,-104,13,-5,207,235,55,357,235,-478,-389,2272,70,300,1,1,1,15,3,1,1,0,0,0,5,18269,12150,31204,2065392,0,1742,67528,3105536,5304716,0,0,0,993,1000,1399,1400,6937260,54851,32911,65535,10418,10418,1,2002
MPCTASK: EXP,3,250,12499,-31,-15,224,-69,651,78,-846,-342,-64,-61,352,235,102,406,235,-475,-353,2232,70,300,1,1,1,15,3,1,1,0,0,0,5,25446,10145,36511,1724435,0,1776,91269,4325624,6207064,0,0,0,994,1000,1399,1400,6937260,59384,35630,65535,10525,10525,1,2002
MPCTASK: EXP,3,252,12595,-31,53,230,16,751,67,-462,-454,-70,-108,526,235,143,446,235,-469,-174,1446,69,300,1,1,1,15,3,1,1,0,0,0,5,21507,10111,32524,1718791,0,1743,24263,3655996,5529055,0,0,0,995,1000,1399,1400,6937260,55691,33415,65535,10621,10621,1,2002
MPCTASK: EXP,3,254,12699,-21,122,241,120,784,103,-200,-661,-175,-129,707,235,197,468,235,-458,-234,1938,69,300,1,1,1,15,3,1,1,0,0,0,5,26248,9618,36884,1634979,0,1742,154389,4462024,6270367,0,0,0,996,1000,1399,1400,6937260,52958,31775,65535,10725,10725,1,2002
MPCTASK: EXP,3,256,12796,-4,195,253,226,771,101,105,-533,-155,-114,877,235,215,480,236,-446,-202,1714,69,300,1,1,1,15,3,1,1,0,0,0,5,22498,10150,33548,1725484,0,48404,24257,3824664,5703240,0,0,0,997,1000,1399,1400,6937260,53119,31871,65535,10822,10822,1,2002
MPCTASK: EXP,3,258,12900,21,253,260,307,712,51,250,-487,-140,-60,1020,234,232,476,237,-439,-186,1699,69,300,1,1,1,15,3,1,1,0,0,0,5,26519,10092,37690,1715721,0,1742,162945,4508303,6407485,0,0,0,997,1000,1399,1400,6937260,55634,33380,65535,10926,10926,1,2002
MPCTASK: EXP,3,260,12996,65,317,264,395,618,8,442,-285,-106,28,1125,234,247,460,237,-435,-208,1977,69,300,1,1,1,15,3,1,1,0,0,0,5,20587,11449,32920,1946229,0,1743,131714,3499834,5596583,0,0,0,998,1000,1399,1400,6937260,55834,33500,65535,11022,11022,1,2002
MPCTASK: EXP,3,262,13099,124,347,265,471,459,-16,603,-20,-60,141,1188,234,263,398,236,-437,-275,2178,69,300,1,1,1,15,3,1,1,0,0,0,5,28619,8042,36906,1367027,0,1742,23108,4865168,6274088,0,0,0,998,1000,1399,1400,6937260,55441,33265,65535,11126,11126,1,2002
MPCTASK: EXP,3,264,13200,174,386,263,451,354,-30,609,351,-64,264,1208,234,234,368,235,-442,-264,2199,69,300,1,1,1,15,3,1,1,0,0,0,5,24569,12211,37769,2075846,0,1743,148103,4176756,6420682,0,0,0,998,1000,1399,1400,6937260,56930,34158,65535,11227,11227,1,2002
MPCTASK: EXP,3,266,13296,215,392,263,389,199,-18,684,557,-108,381,1185,234,200,298,235,-440,-271,2214,69,300,1,1,1,15,3,1,1,0,0,0,5,24462,8509,33584,1446429,0,40857,46574,4158344,5709286,0,0,0,998,1000,1399,1400,6937260,50210,30126,65535,11323,11323,1,2002
MPCTASK: EXP,3,268,13399,249,402,263,243,65,-4,648,868,-243,476,1123,234,132,241,236,-437,-236,2308,69,300,1,1,1,15,3,1,1,0,0,0,5,23778,12820,36843,2179449,0,1742,23108,4042088,6263434,0,0,0,998,1000,1399,1400,6937260,47628,28577,65535,11427,11427,1,2002
MPCTASK: EXP,3,270,13495,264,411,263,73,-23,-1,682,1001,-423,537,1027,234,67,197,236,-436,-237,2364,69,300,1,1,1,15,3,1,1,0,0,0,5,24217,7559,32258,1284928,0,1746,23275,4116864,5483925,0,0,0,998,1000,1399,1400,6937260,49457,29674,65535,11522,11522,1,2002
MPCTASK: EXP,3,272,13597,266,430,262,-93,-82,-13,844,992,-577,555,902,234,9,160,235,-439,-244,2374,69,300,1,1,1,15,3,1,1,0,0,0,5,21941,11469,34245,1949731,0,1742,123503,3729936,5821742,0,0,0,997,1000,1399,1400,6937260,44647,26788,65535,11625,11624,1,2002
MPCTASK: EXP,3,274,13698,244,426,262,-266,-184,-10,872,858,-702,526,754,235,-47,105,235,-440,-235,2324,69,300,1,1,1,15,3,1,1,0,0,0,5,25129,9371,35076,1593114,0,1743,77843,4271932,5962978,0,0,0,996,1000,1399,1400,6937260,47986,28792,65535,11726,11726,1,2002
MPCTASK: EXP,3,276,13800,203,391,258,-434,-348,-6,824,591,-827,452,588,235,-99,13,235,-442,-223,2257,69,300,1,1,1,15,3,1,1,0,0,0,5,23106,12605,36242,2142633,0,1742,71748,3928004,6161317,0,0,0,995,1000,1399,1400,6937260,47333,28400,65535,11828,11828,1,2002
MPCTASK: EXP,3,278,13901,179,344,258,-496,-475,5,770,377,-936,339,409,235,-96,-78,235,-441,-171,1833,69,300,1,1,1,15,3,1,1,0,0,0,5,26988,10350,37870,1759551,0,1742,71439,4587884,6438028,0,0,0,993,1000,1399,1400,6937260,47869,28721,65535,11930,11930,1,2002
MPCTASK: EXP,3,280,14000,120,275,259,-567,-622,-20,633,14,-926,199,222,235,-106,-178,235,-444,-263,2212,69,300,1,1,1,15,3,1,1,0,0,0,5,23260,12522,36571,2128599,0,1743,115665,3954133,6217204,0,0,0,990,1000,1399,1400,6937260,46821,28093,65535,12029,12029,1,2002
MPCTASK: EXP,3,282,14101,88,235,260,-524,-660,14,438,-197,-873,45,33,234,-66,-214,236,-439,-169,1651,69,300,1,1,1,15,3,1,1,0,0,0,5,27366,9330,37442,1585958,0,1743,107329,4652161,6365249,0,0,0,990,1000,1399,1400,6937260,45066,27040,65535,12130,12130,1,2002
MPCTASK: EXP,3,284,14196,33,170,266,-477,-709,39,286,-402,-797,-106,-155,234,-45,-270,238,-433,-168,1610,69,300,1,1,1,15,3,1,1,0,0,0,5,20502,11511,32960,1956896,0,1764,23420,3485272,5603204,0,0,0,992,1000,1399,1400,6937260,46483,27890,65535,12226,12226,1,2002
MPCTASK: EXP,3,286,14299,2,106,271,-373,-741,7,403,-611,-788,-241,-337,234,5,-347,238,-428,-136,1489,69,300,1,1,1,15,3,1,1,0,0,0,5,26651,9052,36188,1538917,0,1742,23108,4530476,6152045,0,0,0,994,1000,1399,1400,6937260,44861,26917,65535,12329,12329,1,2002
MPCTASK: EXP,3,288,14394,-7,66,269,-231,-727,-33,319,-699,-754,-347,-508,234,78,-359,237,-436,-216,2242,69,300,1,1,1,15,3,1,1,0,0,0,5,19503,10325,30687,1755198,0,1743,103821,3315352,5216956,0,0,0,996,1000,1399,1400,6937260,59660,35796,65535,12424,12424,1,2002
MPCTASK: EXP,3,290,14499,-21,-7,266,-104,-786,-99,291,-854,-566,-411,-666,234,136,-424,234,-453,-247,2377,69,300,1,1,1,15,3,1,1,0,0,0,5,24298,10100,34782,1716936,0,2080,45978,4130713,5913071,0,0,0,997,1000,1399,1400,6937260,59463,35678,65535,12529,12529,1,2002
MPCTASK: EXP,3,292,14603,-29,-100,255,43,-864,-139,29,-992,-333,-429,-805,234,188,-479,234,-472,-389,2374,69,300,1,1,1,15,3,1,1,0,0,0,5,26145,12150,39088,2065413,0,1742,116157,4444532,6645156,0,0,0,997,1000,1399,1400,6937260,56456,33874,65535,12633,12633,1,2002
MPCTASK: EXP,3,294,14696,-23,-194,243,201,-853,-82,-401,-896,30,-397,-923,234,229,-499,234,-473,-320,2318,69,300,1,1,1,15,3,1,1,0,0,0,5,24368,8087,32949,1374721,0,1742,63820,4142412,5601311,0,0,0,998,1000,1399,1400,6937260,59396,35638,65535,12727,12727,1,2002
MPCTASK: EXP,3,296,14795,-2,-272,240,318,-776,-43,-677,-767,387,-319,-1017,234,259,-493,234,-468,-329,2229,69,300,1,1,1,15,3,1,1,0,0,0,5,19732,11202,31612,1904183,0,2046,95852,3354372,5374137,0,0,0,997,1000,1399,1400,6937260,60841,36505,65535,12826,12826,1,2002
MPCTASK: EXP,3,298,14901,29,-322,235,414,-569,-55,-826,-678,557,-203,-1085,234,282,-434,234,-475,-261,2370,69,300,1,1,1,15,3,1,1,0,0,0,5,26264,9519,36422,1617898,0,1742,88995,4464872,6191907,0,0,0,997,1000,1399,1400,6937260,58903,35342,65535,12932,12932,1,2002
MPCTASK: EXP,3,300,15000,73,-352,227,490,-337,-62,-814,-421,592,-60,-1125,234,291,-359,234,-484,-303,2349,69,300,1,1,1,15,3,1,1,0,0,0,5,20665,13008,34175,2211185,0,2061,43168,3512856,5809879,0,0,0,997,1000,1399,1400,6937260,59695,35817,65535,13031,13031,1,2002
MPCTASK: EXP,3,302,15099,115,-355,219,507,-129,-52,-729,-152,550,95,-1136,234,276,-275,234,-491,-311,2298,70,300,1,1,1,15,3,1,1,0,0,0,5,24206,8848,33832,1504111,0,1742,113585,4114880,5751525,0,0,0,997,1000,1399,1400,6937260,59479,35687,65535,13131,13131,1,2002
MPCTASK: EXP,3,304,15203,154,-347,208,473,38,-28,-662,126,520,249,-1118,234,243,-191,234,-497,-257,2312,70,300,1,1,1,15,3,1,1,0,0,0,5,24135,12316,36911,2093595,0,1742,58505,4102836,6274921,0,0,0,997,1000,1399,1400,6937260,58627,35176,65535,13235,13235,1,2002
MPCTASK: EXP,3,306,15305,191,-321,207,402,195,15,-565,404,494,385,-1071,234,198,-101,234,-492,-271,2246,70,300,1,1,1,15,3,1,1,0,0,0,5,24862,12366,37851,2102189,0,1742,87571,4226405,6434748,0,0,0,998,1000,1399,1400,6937260,57376,34426,65535,13337,13337,1,2002
MPCTASK: EXP,3,308,15401,222,-296,213,290,282,41,-508,661,464,491,-996,234,143,-27,234,-486,-254,2123,70,300,1,1,1,15,3,1,1,0,0,0,5,21936,12471,34978,2119965,0,1744,23271,3728996,5946312,0,0,0,998,1000,1399,1400,6937260,56651,33991,65535,13434,13434,1,2002
MPCTASK: EXP,3,310,15501,240,-257,217,146,380,21,-535,836,420,555,-896,234,86,60,234,-482,-208,2045,70,300,1,1,1,15,3,1,1,0,0,0,5,26866,7146,34965,1214772,0,1742,143379,4567172,5944131,0,0,0,998,1000,1399,1400,6937260,62994,37796,65535,13534,13534,1,2002
MPCTASK: EXP,3,312,15603,241,-212,219,-28,455,22,-217,818,380,572,-772,234,33,112,234,-480,-298,2305,70,300,1,1,1,15,3,1,1,0,0,0,5,22490,11929,35165,2027728,0,1745,46750,3823325,5978211,0,0,0,998,1000,1399,1400,6937260,57165,34299,65535,13636,13636,1,2002
MPCTASK: EXP,3,314,15703,229,-159,216,-172,503,-33,-387,847,398,540,-627,234,-22,213,234,-490,-330,2334,70,300,1,1,1,15,3,1,1,0,0,0,5,23165,10737,34574,1825176,0,1742,95810,3938052,5877824,0,0,0,997,1000,1399,1400,6937260,65535,39321,65535,13736,13736,1,2002
MPCTASK: EXP,3,316,15803,203,-112,214,-319,541,-15,-432,761,531,462,-466,234,-70,285,234,-488,-363,2245,70,300,1,1,1,15,3,1,1,0,0,0,5,22401,11772,35150,2001255,0,1743,129873,3807986,5975607,0,0,0,997,1000,1399,1400,6937260,61524,36914,65535,13837,13837,1,2002
MPCTASK: EXP,3,318,15905,160,-52,214,-461,622,-25,-524,582,771,345,-292,234,-106,365,234,-490,-260,2142,70,300,1,1,1,15,3,1,1,0,0,0,5,21340,14356,35940,2440418,0,1742,23108,3627681,6109769,0,0,0,995,1000,1399,1400,6937260,65535,39321,65535,13939,13939,1,2002
MPCTASK: EXP,3,320,16001,103,0,202,-556,642,-144,-250,255,818,202,-109,234,-128,406,234,-526,-277,2197,70,300,1,1,1,15,3,1,1,0,0,0,5,20350,11625,32492,1976127,0,1742,67432,3459372,5523630,0,0,0,991,1000,1399,1400,6937260,65535,39321,65535,14035,14035,1,2002
MPCTASK: EXP,3,322,16104,41,49,193,-585,634,-123,-86,-199,662,46,76,234,-117,436,234,-531,-263,2185,71,300,1,1,1,15,3,1,1,0,0,0,5,24752,9997,35483,1699346,0,1742,83139,4207740,6032148,0,0,0,987,1000,1399,1400,6937260,65535,39321,65535,14138,14138,1,2002
MPCTASK: EXP,3,324,16202,-12,89,185,-522,585,-30,26,-409,411,-107,262,234,-94,440,234,-521,-313,2202,71,300,1,1,1,15,3,1,1,0,0,0,5,21368,11447,33714,1945992,0,1934,102434,3632596,5731537,0,0,0,988,1000,1399,1400,6937260,62692,37615,65535,14237,14237,1,2002
MPCTASK: EXP,3,326,16309,-57,138,190,-403,558,94,-79,-704,209,-243,443,234,-43,480,234,-509,-273,2099,71,300,1,1,1,15,3,1,1,0,0,0,5,26293,13035,39878,2215946,0,1742,73954,4469740,6779479,0,0,0,991,1000,1399,1400,6937260,59891,35935,65535,14344,14344,1,2002
MPCTASK: EXP,3,328,16406,-86,187,202,-244,552,141,-130,-904,74,-349,615,234,24,510,234,-497,-240,2059,70,300,1,1,1,15,3,1,1,0,0,0,5,24094,11433,36098,1943639,0,1742,77007,4095888,6136843,0,0,0,993,1000,1399,1400,6937260,57128,34277,65535,14441,14441,1,2002
MPCTASK: EXP,3,330,16505,-97,233,205,-61,546,102,-182,-938,-3,-413,772,234,89,539,234,-494,-220,2020,70,300,1,1,1,15,3,1,1,0,0,0,5,22850,11747,34846,1996983,0,1896,23108,3884496,5923880,0,0,0,995,1000,1399,1400,6937260,59377,35626,65535,14541,14541,1,2002
MPCTASK: EXP,3,332,16606,-91,280,212,120,543,110,-119,-942,-41,-430,912,234,157,553,234,-487,-227,2110,70,300,1,1,1,15,3,1,1,0,0,0,5,24931,10480,35864,1781383,0,1743,57663,4238224,6096984,0,0,0,996,1000,1399,1400,6937260,54313,32588,65535,14642,14642,1,2002
MPCTASK: EXP,3,334,16709,-62,334,224,301,557,113,-83,-758,-98,-398,1031,234,217,579,234,-475,-265,2159,70,300,1,1,1,15,3,1,1,0,0,0,5,25984,12039,38534,2046694,0,1742,66795,4417064,6551008,0,0,0,997,1000,1399,1400,6937260,54531,32719,65535,14745,14745,1,2002
MPCTASK: EXP,3,336,16804,-23,386,236,425,546,104,36,-548,-103,-320,1126,234,257,587,234,-463,-219,1788,69,300,1,1,1,15,3,1,1,0,0,0,5,22215,10278,33214,1747159,0,1742,83833,3776552,5646373,0,0,0,997,1000,1399,1400,6937260,53888,32333,65535,14841,14841,1,2002
MPCTASK: EXP,3,338,16911,33,439,246,526,525,75,201,-261,-85,-203,1194,234,288,586,234,-453,-215,1981,69,300,1,1,1,15,3,1,1,0,0,0,5,26089,11608,38965,1973295,0,1742,197010,4435105,6624156,0,0,0,998,1000,1399,1400,6937260,52597,31558,65535,14947,14947,1,2002
MPCTASK: EXP,3,340,17002,82,477,255,537,442,56,354,19,-50,-60,1234,234,280,555,235,-444,-162,1489,69,300,1,1,1,15,3,1,1,0,0,0,5,20899,9809,30953,1667407,0,1742,23113,3552836,5262154,0,0,0,998,1000,1399,1400,6937260,53353,32012,65535,15039,15039,1,2002
MPCTASK: EXP,3,342,17107,153,515,258,565,366,27,509,264,-81,95,1246,234,294,521,235,-441,-237,2099,69,300,1,1,1,15,3,1,1,0,0,0,5,24952,9928,35824,1687730,0,2139,24258,4241685,6090081,0,0,0,998,1000,1399,1400,6937260,54368,32621,65535,15144,15144,1,2002
MPCTASK: EXP,3,344,17205,199,541,267,465,246,37,646,632,-100,249,1228,234,237,468,238,-432,-167,1643,69,300,1,1,1,15,3,1,1,0,0,0,5,21849,10420,32951,1771305,0,1742,95818,3714315,5601827,0,0,0,998,1000,1399,1400,6937260,53262,31957,65535,15242,15242,1,2002
MPCTASK: EXP,3,346,17309,233,558,268,331,125,0,761,778,-113,385,1181,234,182,406,237,-431,-166,1875,69,300,1,1,1,15,3,1,1,0,0,0,5,24163,11039,35990,1876500,0,1916,45187,4107509,6118296,0,0,0,998,1000,1399,1400,6937260,54196,32518,65535,15346,15346,1,2002
MPCTASK: EXP,3,348,17403,251,561,266,170,-14,-37,818,889,-117,491,1106,234,112,335,235,-441,-165,2182,69,300,1,1,1,15,3,1,1,0,0,0,5,21915,8990,31150,1528224,0,1742,23108,3725464,5295581,0,0,0,998,1000,1399,1400,6937260,54676,32806,65535,15441,15441,1,2002
MPCTASK: EXP,3,350,17509,272,525,261,29,-216,-49,812,909,-147,555,1005,234,67,218,234,-448,-226,2368,69,300,1,1,1,15,3,1,1,0,0,0,5,25378,10368,36484,1762490,0,1742,23108,4314185,6202247,0,0,0,997,1000,1399,1400,6937260,53412,32047,65535,15547,15547,1,2002
MPCTASK: EXP,3,352,17606,265,513,257,-136,-309,-35,742,932,-150,572,881,234,4,159,234,-450,-191,2397,69,300,1,1,1,15,3,1,1,0,0,0,5,21489,10439,32865,1774525,0,1744,74639,3653149,5587177,0,0,0,997,1000,1399,1400,6937260,55137,33082,65535,15644,15644,1,2002
MPCTASK: EXP,3,354,17710,246,460,252,-290,-471,-26,763,735,-184,540,737,234,-37,42,234,-453,-199,2105,69,300,1,1,1,15,3,1,1,0,0,0,5,25667,11603,37942,1972478,0,1742,72880,4363280,6450219,0,0,0,996,1000,1399,1400,6937260,54864,32918,65535,15749,15749,1,2002
MPCTASK: EXP,3,356,17804,194,411,250,-446,-588,-7,612,600,-177,462,575,234,-104,-38,234,-451,-205,1969,69,300,1,1,1,15,3,1,1,0,0,0,5,23130,8264,32186,1404808,0,1742,116112,3931948,5471656,0,0,0,996,1000,1399,1400,6937260,55009,33005,65535,15843,15843,1,2002
MPCTASK: EXP,3,358,17907,149,383,251,-512,-614,15,577,347,-146,345,401,234,-118,-80,234,-448,-201,1874,69,300,1,1,1,15,3,1,1,0,0,0,5,22507,10096,34137,1716381,0,1922,239884,3826260,5803253,0,0,0,994,1000,1399,1400,6937260,54780,32868,65535,15946,15946,1,2002
MPCTASK: EXP,3,360,18008,90,315,254,-564,-716,17,542,47,-158,202,219,234,-128,-170,234,-445,-225,2044,69,300,1,1,1,15,3,1,1,0,0,0,5,23003,10877,34125,1849070,0,1742,23108,3910375,5801240,0,0,0,993,1000,1399,1400,6937260,53891,32335,65535,16047,16047,1,2002
MPCTASK: EXP,3,362,18107,43,248,257,-533,-780,13,458,-225,-201,46,32,234,-102,-245,235,-442,-174,1678,69,300,1,1,1,15,3,1,1,0,0,0,5,22216,10308,33289,1752372,0,1861,111006,3776662,5659173,0,0,0,993,1000,1399,1400,6937260,51470,30882,65535,16146,16146,1,2002
MPCTASK: EXP,3,364,18212,7,187,259,-446,-801,15,284,-391,-290,-107,-153,234,-61,-282,235,-440,-221,2068,69,300,1,1,1,15,3,1,1,0,0,0,5,27823,9907,38403,1684127,0,1742,24049,4729903,6528666,0,0,0,994,1000,1399,1400,6937260,47872,28723,65535,16252,16252,1,2002
MPCTASK: EXP,3,366,18309,-22,115,263,-353,-811,34,180,-432,-477,-243,-334,234,-24,-345,237,-436,-233,2078,69,300,1,1,1,15,3,1,1,0,0,0,5,22882,11102,34804,1887273,0,1776,120530,3889864,5916809,0,0,0,995,1000,1399,1400,6937260,44849,26909,65535,16349,16349,1,2002
MPCTASK: EXP,3,368,18414,-46,41,266,-268,-833,2,167,-481,-681,-349,-505,234,14,-397,236,-433,-212,2019,69,300,1,1,1,15,3,1,1,0,0,0,5,28311,9926,38933,1687264,0,1743,98694,4812908,6618558,0,0,0,996,1000,1399,1400,6937260,50794,30476,65535,16454,16454,1,2002
MPCTASK: EXP,3,370,18511,-60,-26,268,-153,-829,0,44,-710,-752,-413,-663,234,65,-422,237,-431,-263,2216,69,300,1,1,1,15,3,1,1,0,0,0,5,21578,13142,35150,2234047,0,1852,54162,3668081,5975665,0,0,0,996,1000,1399,1400,6937260,46108,27665,65535,16551,16551,1,2002
MPCTASK: EXP,3,372,18611,-68,-111,270,-36,-828,-11,-197,-718,-802,-430,-803,234,113,-466,237,-431,-263,2229,69,300,1,1,1,15,3,1,1,0,0,0,5,26756,8166,35739,1388273,0,1742,23415,4548464,6075674,0,0,0,997,1000,1399,1400,6937260,45845,27507,65535,16652,16652,1,2002
MPCTASK: EXP,3,374,18710,-68,-197,267,92,-808,-30,-491,-747,-690,-398,-922,234,148,-481,236,-438,-297,2222,69,300,1,1,1,15,3,1,1,0,0,0,5,21574,11529,35042,1959780,0,60815,177720,3667424,5957321,0,0,0,997,1000,1399,1400,6937260,53210,31926,65535,16751,16751,1,2002
MPCTASK: EXP,3,376,18809,-54,-284,263,225,-739,-53,-744,-755,-309,-320,-1017,234,186,-495,234,-446,-271,2270,69,300,1,1,1,15,3,1,1,0,0,0,5,21327,10545,33772,1792617,0,1743,304660,3625416,5741340,0,0,0,998,1000,1399,1400,6937260,54378,32627,65535,16851,16851,1,2002
MPCTASK: EXP,3,378,18909,-30,-337,258,341,-587,-69,-684,-663,43,-203,-1085,234,208,-462,234,-455,-285,2226,69,300,1,1,1,15,3,1,1,0,0,0,5,22957,10198,33951,1733545,0,1742,116874,3902532,5771740,0,0,0,997,1000,1399,1400,6937260,58601,35161,65535,16951,16951,1,2002
MPCTASK: EXP,3,380,19011,4,-380,251,430,-420,-76,-835,-511,410,-60,-1125,234,219,-411,234,-463,-354,2258,69,300,1,1,1,15,3,1,1,0,0,0,5,24919,10073,35846,1712334,0,1742,23413,4236140,6093905,0,0,0,997,1000,1399,1400,6937260,58573,35144,65535,17053,17053,1,2002
MPCTASK: EXP,3,382,19111,38,-399,240,454,-237,-107,-832,-281,609,95,-1136,234,205,-339,234,-481,-256,2457,69,300,1,1,1,15,3,1,1,0,0,0,5,21319,12622,34831,2145772,0,1742,76284,3624133,5921287,0,0,0,997,1000,1399,1400,6937260,61114,36668,65535,17153,17153,1,2002
MPCTASK: EXP,3,384,19207,76,-401,226,452,-54,-94,-760,-61,643,249,-1118,234,183,-262,234,-492,-314,2340,69,300,1,1,1,15,3,1,1,0,0,0,5,22104,8765,31113,1490098,0,1744,23265,3757552,5289571,0,0,0,997,1000,1399,1400,6937260,58987,35392,65535,17249,17249,1,2002
MPCTASK: EXP,3,386,19313,106,-393,221,396,97,-35,-706,206,573,385,-1071,234,140,-181,234,-485,-240,2314,70,300,1,1,1,15,3,1,1,0,0,0,5,26589,10940,37772,1859766,0,1742,23108,4520068,6421332,0,0,0,997,1000,1399,1400,6937260,56597,33958,65535,17356,17356,1,2002
MPCTASK: EXP,3,388,19410,135,-365,219,311,250,-9,-678,466,453,491,-996,234,91,-86,234,-482,-268,2276,70,300,1,1,1,15,3,1,1,0,0,0,5,24714,8886,35070,1510530,0,1742,157823,4201320,5961981,0,0,0,997,1000,1399,1400,6937260,54606,32764,65535,17453,17453,1,2002
MPCTASK: EXP,3,390,19513,150,-322,216,177,392,6,-561,698,279,555,-896,234,29,8,234,-483,-278,2285,70,300,1,1,1,15,3,1,1,0,0,0,5,24343,12511,37604,2126706,0,1865,107821,4138168,6392765,0,0,0,997,1000,1399,1400,6937260,50262,30157,65535,17557,17557,1,2002
MPCTASK: EXP,3,392,19606,156,-271,217,30,491,21,-430,792,105,572,-772,234,-22,96,234,-482,-221,2063,70,300,1,1,1,15,3,1,1,0,0,0,5,21519,9062,30983,1540436,0,1742,23108,3658076,5267150,0,0,0,997,1000,1399,1400,6937260,52412,31447,65535,17650,17650,1,2002
MPCTASK: EXP,3,394,19714,152,-209,223,-110,588,42,-398,819,-2,540,-627,234,-67,196,234,-476,-185,1795,70,300,1,1,1,15,3,1,1,0,0,0,5,25146,13059,39022,2219987,0,1742,120412,4274748,6633945,0,0,0,997,1000,1399,1400,6937260,53929,32357,65535,17758,17758,1,2002
MPCTASK: EXP,3,396,19810,135,-133,223,-244,688,-13,-425,745,51,462,-466,234,-99,312,234,-478,-225,2177,70,300,1,1,1,15,3,1,1,0,0,0,5,20825,13740,35139,2335755,0,1742,77561,3540136,5973679,0,0,0,996,1000,1399,1400,6937260,57412,34447,65535,17854,17854,1,2002
MPCTASK: EXP,3,398,19914,103,-65,219,-357,728,-67,-107,537,172,345,-292,234,-117,356,234,-494,-283,2237,70,300,1,1,1,15,3,1,1,0,0,0,5,23484,12461,36808,2118296,0,1742,23415,3992207,6257464,0,0,0,995,1000,1399,1400,6937260,65535,39321,65535,17958,17958,1,2002
MPCTASK: EXP,3,400,20009,48,0,210,-471,702,-59,146,267,267,202,-109,234,-146,397,234,-501,-262,2167,70,300,1,1,1,15,3,1,1,0,0,0,5,25282,7407,33006,1259006,0,1776,35122,4297928,5611184,0,0,0,993,1000,1399,1400,6937260,62086,37252,65535,18054,18054,1,2002
MPCTASK: EXP,3,402,20112,-2,50,211,-488,619,36,198,-153,230,46,76,234,-129,412,234,-488,-231,2157,70,300,1,1,1,15,3,1,1,0,0,0,5,24416,10368,35663,1762480,0,1742,131071,4150609,6062787,0,0,0,991,1000,1399,1400,6937260,57497,34498,65535,18157,18157,1,2002
MPCTASK: EXP,3,404,20212,-51,89,215,-449,542,50,26,-466,174,-107,262,234,-97,429,234,-484,-290,2180,70,300,1,1,1,15,3,1,1,0,0,0,5,25698,9571,35880,1627120,0,1742,23108,4368512,6099714,0,0,0,991,1000,1399,1400,6937260,65535,39321,65535,18257,18257,1,2002
MPCTASK: EXP,3,406,20316,-90,124,220,-336,485,-5,-8,-828,298,-243,443,234,-40,441,234,-480,-351,2270,70,300,1,1,1,15,3,1,1,0,0,0,5,23972,13965,39437,2374024,0,1742,177254,4075280,6704434,0,0,0,993,1000,1399,1400,6937260,57959,34775,65535,18362,18362,1,2002
MPCTASK: EXP,3,408,20412,-115,162,220,-191,478,17,-145,-836,342,-349,615,234,13,465,234,-479,-260,2332,70,300,1,1,1,15,3,1,1,0,0,0,5,25738,8601,35897,1461949,0,1742,150365,4375336,6102599,0,0,0,994,1000,1399,1400,6937260,60891,36535,65535,18458,18458,1,2002
MPCTASK: EXP,3,410,20512,-124,201,221,-29,480,1,-168,-922,250,-413,772,234,73,488,234,-478,-308,2344,70,300,1,1,1,15,3,1,1,0,0,0,5,24726,9998,36111,1699605,0,1743,153404,4203364,6139026,0,0,0,996,1000,1399,1400,6937260,55168,33101,65535,18558,18558,1,2002
MPCTASK: EXP,3,412,20610,-112,247,222,154,512,34,-219,-877,-13,-430,912,234,146,521,234,-477,-296,2316,70,300,1,1,1,15,3,1,1,0,0,0,5,23790,9523,34042,1618735,0,1742,105270,4044224,5787333,0,0,0,997,1000,1399,1400,6937260,54548,32729,65535,18656,18656,1,2002
MPCTASK: EXP,3,414,20712,-86,293,225,316,524,58,-211,-762,-203,-398,1031,234,201,544,234,-474,-266,2275,70,300,1,1,1,15,3,1,1,0,0,0,5,22175,12911,35498,2194791,0,1742,50255,3769700,6034720,0,0,0,997,1000,1399,1400,6937260,53376,32026,65535,18759,18759,1,2002
MPCTASK: EXP,3,416,20809,-40,343,228,461,541,58,-86,-588,-253,-320,1126,234,258,559,234,-471,-216,1820,69,300,1,1,1,15,3,1,1,0,0,0,5,23979,8156,32573,1386466,0,1742,55681,4076276,5537514,0,0,0,998,1000,1399,1400,6937260,52480,31488,65535,18856,18856,1,2002
MPCTASK: EXP,3,418,20912,2,377,236,522,474,60,133,-260,-147,-203,1194,234,260,520,234,-463,-227,2077,69,300,1,1,1,15,3,1,1,0,0,0,5,21342,13290,35492,2259234,0,1742,127855,3628128,6033778,0,0,0,998,1000,1399,1400,6937260,53988,32393,65535,18959,18959,1,2002
MPCTASK: EXP,3,420,21012,55,418,242,559,442,59,229,-40,-58,-60,1234,234,267,512,234,-457,-224,2093,69,300,1,1,1,15,3,1,1,0,0,0,5,25658,9034,35759,1535613,0,1742,24259,4361680,6079073,0,0,0,998,1000,1399,1400,6937260,52953,31772,65535,19059,19059,1,2002
MPCTASK: EXP,3,422,21113,122,467,249,552,394,31,423,305,8,95,1246,234,259,497,234,-450,-244,2139,69,300,1,1,1,15,3,1,1,0,0,0,5,22942,12286,36123,2088426,0,1743,85673,3900025,6140947,0,0,0,998,1000,1399,1400,6937260,54063,32438,65535,19160,19160,1,2002
MPCTASK: EXP,3,424,21209,168,497,251,461,293,3,576,606,44,249,1228,234,213,451,234,-448,-169,1679,69,300,1,1,1,15,3,1,1,0,0,0,5,23749,8495,32951,1443986,0,79729,23108,4037116,5601672,0,0,0,998,1000,1399,1400,6937260,54885,32931,65535,19257,19257,1,2002
MPCTASK: EXP,3,426,21314,204,520,253,338,182,-6,669,742,53,385,1181,234,163,399,234,-447,-187,1950,69,300,1,1,1,15,3,1,1,0,0,0,5,24531,12580,38075,2138606,0,1742,65410,4170192,6472878,0,0,0,998,1000,1399,1400,6937260,54778,32867,65535,19362,19362,1,2002
MPCTASK: EXP,3,428,21412,216,543,253,188,102,-24,738,839,58,490,1107,234,94,362,234,-451,-187,2133,69,300,1,1,1,15,3,1,1,0,0,0,5,23597,10605,35915,1802689,0,1742,95771,4011452,6105517,0,0,0,998,1000,1399,1400,6937260,55981,33589,65535,19460,19460,1,2002
MPCTASK: EXP,3,430,21510,223,555,245,29,-37,-52,960,715,23,554,1006,234,48,285,234,-464,-258,2403,69,300,1,1,1,15,3,1,1,0,0,0,5,19714,11748,32128,1997064,0,1742,94525,3351264,5461816,0,0,0,997,1000,1399,1400,6937260,59502,35701,65535,19559,19559,1,2002
MPCTASK: EXP,3,432,21612,244,513,238,-50,-275,-49,948,732,-71,571,883,234,32,155,234,-471,-278,2388,69,300,1,1,1,15,3,1,1,0,0,0,5,24534,7931,33565,1348312,0,1742,86746,4170784,5706156,0,0,0,997,1000,1399,1400,6937260,55423,33254,65535,19660,19660,1,2002
MPCTASK: EXP,3,434,21713,230,482,235,-189,-419,-19,823,737,-92,538,739,234,-14,70,234,-468,-205,2155,69,300,1,1,1,15,3,1,1,0,0,0,5,22306,10893,33870,1851452,0,1743,94590,3791929,5757941,0,0,0,996,1000,1399,1400,6937260,56033,33620,65535,19762,19762,1,2002
MPCTASK: EXP,3,436,21811,213,430,234,-291,-565,-10,781,593,-107,460,578,234,-32,-31,234,-467,-222,2197,69,300,1,1,1,15,3,1,1,0,0,0,5,22436,8910,32874,1514508,0,1743,241502,3814028,5588603,0,0,0,995,1000,1399,1400,6937260,54388,32633,65535,19861,19861,1,2002
MPCTASK: EXP,3,438,21914,180,389,234,-374,-637,5,637,459,-97,344,404,234,-50,-91,234,-465,-203,1888,69,300,1,1,1,15,3,1,1,0,0,0,5,23974,8092,35250,1375511,0,1742,454502,4075564,5992601,0,0,0,994,1000,1399,1400,6937260,54675,32805,65535,19963,19963,1,2002
MPCTASK: EXP,3,440,22011,146,332,234,-421,-711,14,518,254,-117,201,220,234,-49,-157,234,-465,-160,1490,69,300,1,1,1,15,3,1,1,0,0,0,5,21888,10749,33111,1827185,0,1742,62110,3720828,5628835,0,0,0,992,1000,1399,1400,6937260,53247,31948,65535,20061,20061,1,2002
MPCTASK: EXP,3,442,22115,104,263,237,-450,-783,16,491,81,-131,46,32,234,-46,-235,234,-462,-212,1901,69,300,1,1,1,15,3,1,1,0,0,0,5,23631,12708,36832,2160402,0,1742,23108,4017076,6261486,0,0,0,993,1000,1399,1400,6937260,49816,29890,65535,20165,20165,1,2002
MPCTASK: EXP,3,444,22214,70,189,240,-423,-826,17,185,-94,-179,-104,-156,235,-21,-279,235,-459,-194,1958,69,300,1,1,1,15,3,1,1,0,0,0,5,24860,8828,35059,1500644,0,1742,214818,4225980,5960160,0,0,0,994,1000,1399,1400,6937260,54767,32860,65535,20264,20264,1,2002
MPCTASK: EXP,3,446,22312,32,111,244,-375,-842,27,163,-416,-319,-238,-341,235,6,-340,235,-455,-151,1400,69,300,1,1,1,15,3,1,1,0,0,0,5,21099,10912,33670,1855044,0,1742,97113,3586809,5723973,0,0,0,995,1000,1399,1400,6937260,43117,25870,65535,20363,20363,1,2002
MPCTASK: EXP,3,448,22413,12,46,248,-275,-808,-6,-10,-406,-541,-340,-516,235,40,-346,235,-452,-248,2162,69,300,1,1,1,15,3,1,1,0,0,0,5,22433,11192,35148,1902478,0,1742,24260,3813428,5975245,0,0,0,996,1000,1399,1400,6937260,45989,27593,65535,20464,20464,1,2002
MPCTASK: EXP,3,450,22519,-4,-15,250,-180,-761,6,-26,-534,-793,-400,-678,235,67,-357,235,-449,-202,1900,69,300,1,1,1,15,3,1,1,0,0,0,5,26415,13630,40288,2317084,0,1742,23108,4490369,6848957,0,0,0,997,1000,1399,1400,6937260,35575,21345,65535,20570,20570,1,2002
MPCTASK: EXP,3,452,22611,-18,-99,250,-74,-741,32,-413,-532,-904,-414,-822,234,87,-352,234,-449,-260,2034,69,300,1,1,1,15,3,1,1,0,0,0,5,21654,9240,31624,1570567,0,2173,64939,3681112,5376168,0,0,0,997,1000,1399,1400,6937260,46133,27680,65535,20663,20663,1,2002
MPCTASK: EXP,3,454,22718,-27,-177,254,6,-681,-14,-708,-439,-676,-381,-942,234,76,-348,234,-448,-227,2210,69,300,1,1,1,15,3,1,1,0,0,0,5,27297,10366,38768,1762105,0,2611,167642,4640368,6590681,0,0,0,997,1000,1399,1400,6937260,65038,39023,65535,20770,20770,1,2002
MPCTASK: EXP,3,456,22813,-30,-238,251,81,-581,-62,-598,-666,-440,-307,-1033,234,86,-338,234,-460,-313,2212,69,300,1,1,1,15,3,1,1,0,0,0,5,24717,7139,34164,1213609,0,1903,74106,4201764,5808004,0,0,0,998,1000,1399,1400,6937260,50758,30455,65535,20865,20865,1,2002
MPCTASK: EXP,3,458,22912,-23,-288,242,166,-453,-65,-794,-476,-288,-200,-1090,234,78,-296,234,-471,-200,2342,69,300,1,1,1,15,3,1,1,0,0,0,5,21489,10992,32970,1868512,0,1743,23112,3653040,5604976,0,0,0,998,1000,1399,1400,6937260,52180,31308,65535,20964,20964,1,2002
MPCTASK: EXP,3,460,23014,-7,-318,239,230,-287,3,-812,-250,-194,-74,-1110,234,68,-243,234,-460,-247,2308,69,300,1,1,1,15,3,1,1,0,0,0,5,23237,10304,34150,1751437,0,1742,84887,3950160,5805632,0,0,0,998,1000,1399,1400,6937260,53810,32286,65535,21066,21066,1,2002
MPCTASK: EXP,3,462,23115,16,-333,238,261,-122,-12,-929,5,38,53,-1089,234,53,-186,234,-464,-363,2272,69,300,1,1,1,15,3,1,1,0,0,0,5,21567,12597,35496,2141463,0,1742,207704,3666264,6034363,0,0,0,998,1000,1399,1400,6937260,51112,30667,65535,21168,21168,1,2002
MPCTASK: EXP,3,464,23210,35,-334,235,213,53,-46,-1140,291,262,168,-1025,234,42,-132,234,-473,-299,2500,69,300,1,1,1,15,3,1,1,0,0,0,5,23661,7066,30973,1201223,0,1742,23108,4022276,5265514,0,0,0,998,1000,1399,1400,6937260,60720,36432,65535,21263,21263,1,2002
MPCTASK: EXP,3,466,23314,44,-311,231,143,243,-48,-934,317,328,256,-921,234,30,-84,234,-477,-306,2374,69,300,1,1,1,15,3,1,1,0,0,0,5,21452,12998,35278,2209685,0,1742,23413,3646744,5997486,0,0,0,997,1000,1399,1400,6937260,55937,33562,65535,21368,21368,1,2002
MPCTASK: EXP,3,468,23413,45,-270,224,44,405,-53,-516,365,322,306,-782,234,16,-64,234,-486,-180,1700,70,300,1,1,1,15,3,1,1,0,0,0,5,22621,9504,32805,1615688,0,2040,95811,3845504,5576820,0,0,0,997,1000,1399,1400,6937260,64727,38836,65535,21467,21467,1,2002
MPCTASK: EXP,3,470,23515,38,-215,215,-26,476,-53,-140,186,412,315,-615,235,26,-39,235,-495,-151,1452,70,300,1,1,1,15,3,1,1,0,0,0,5,23362,10660,34943,1812059,0,1742,49310,3971532,5940449,0,0,0,996,1000,1399,1400,6937260,61580,36948,65535,21569,21569,1,2002
MPCTASK: EXP,3,472,23620,27,-163,206,-68,484,-44,360,68,431,286,-437,235,44,-73,235,-502,-106,1333,70,300,1,1,1,15,3,1,1,0,0,0,5,27069,11359,39426,1930851,0,1742,151760,4601681,6702463,0,0,0,995,1000,1399,1400,6937260,65371,39223,65535,21674,21674,1,2002
MPCTASK: EXP,3,474,23714,13,-120,208,-79,390,0,826,-51,441,231,-263,235,43,-88,235,-491,-246,2336,70,300,1,1,1,15,3,1,1,0,0,0,5,22128,11143,34282,1894225,0,1743,154147,3761729,5828009,0,0,0,994,1000,1399,1400,6937260,59415,35649,65535,21769,21769,1,2002
MPCTASK: EXP,3,476,23814,0,-95,214,-53,206,46,743,-306,295,166,-116,235,41,-87,235,-485,-291,2276,70,300,1,1,1,15,3,1,1,0,0,0,5,22525,9841,32898,1672930,0,1743,71466,3829188,5592766,0,0,0,993,1000,1399,1400,6937260,52568,31541,65535,21868,21868,1,2002
MPCTASK: EXP,3,478,23916,-10,-89,218,-22,76,34,539,-324,179,110,-11,235,18,-70,235,-481,-195,1646,70,300,1,1,1,15,3,1,1,0,0,0,5,23022,10689,33958,1817207,0,1742,23108,3913732,5772929,0,0,0,992,1000,1399,1400,6937260,53176,31906,65535,21970,21970,1,2002
MPCTASK: EXP,3,480,24013,-15,-90,220,24,-6,40,84,-253,170,78,42,235,-4,-30,235,-479,-234,1951,70,300,1,1,1,15,3,1,1,0,0,0,5,23950,6160,31511,1047129,0,1742,220710,4071370,5357082,0,0,0,992,1000,1399,1400,6937260,59456,35674,65535,22068,22068,1,2002
MPCTASK: EXP,3,482,24115,-15,-92,224,44,-6,26,1,-220,159,71,54,234,25,-75,234,-475,-178,1600,70,300,1,1,1,15,3,1,1,0,0,0,5,21896,11364,33839,1931769,0,1742,78408,3722260,5752716,0,0,0,992,1000,1399,1400,6937260,48590,29154,65535,22170,22170,1,2002
MPCTASK: TRAJ DONE: idx=482, max=482; requesting landing
MPCTASK: LANDING: start z=0.22, hold=(-0.01,-0.09)
MPCTASK: TIMING SUMMARY: max_step_cycles=6937260 deadline_cycles=8400000 overruns=0
MPCTASK: MOTOR FAULT SUMMARY: model=multiplicative_step schedule_onset=2000ms active=1 actual_onset=2002ms global=100 fault=M1 index=0 retained=60 equiv_fullscale_pwm=39321 samples=22219 affected=22219 peak_req=65535 last_req=58878 last_app=35327
MPCTASK: LANDING COMPLETE: t=28040 ms, x=-0.022, y=-0.048, z=0.008, vz=-0.037; motors off
SUP: Disarming