--
SYS: Crazyflie 2.1 Brushless is up and running!
SYS: Build 2:de14ff9f08ae (2025.09.1 +2) MODIFIED
SYS: I am 0x373930393434471500370039 and I have 1024KB of flash!
CFGBLK: v1, verification [OK]
DECK_DISCOVERY: Backend found: onewire
DECK_DISCOVERY: Backend found: deckctrl
DECK_CORE: 1 deck(s) found
DECK_CORE: Calling INIT on driver bcFlow2 for deck 0
ZR2: Z-down sensor [OK]
PMW: Motion chip id: 0x49:0xB6
IMU: BMI088: Using I2C interface.
IMU: BMI088 Gyro connection [OK].
IMU: BMI088 Accel connection [OK]
IMU: BMP390 I2C connection [OK]
ESTIMATOR: Using Kalman (2) estimator
CONTROLLER: Using PID (1) controller
MTR-DRV: Using brushless motor driver
SYS: About to run tests in system.c.
SYS: NRF51 version: 2026.04 (C21B)
EEPROM: I2C connection [OK].
STORAGE: Storage check [OK].
IMU: BMI088 gyro self-test [OK]
DECK_CORE: Deck 0 test [OK].
SYS: Self test passed!
STAB: Wait for sensor calibration...
SYS: Free heap: 15048 bytes
MPCTASK: Benchmark mode 0, maneuver 4, max_iter 5, task_pri 0
MPCTASK: Reference altitude: 0.70 m; barrier skip when z>0.75 and vz>-0.20
MPCTASK: OOT takeoff: cfclient trigger>=0.15m ramp=0.15m/s figure8_start=2000ms_after_OOT_takeoff no_z_vz_settle target=0.70m timeout=12000ms
MPCTASK: Common baseline: mpc_hz=20 model_hz=20 rho=5 base_w=0 base_qz=1 Qz=100 R=4 bridge=x10 guards=z[ref,ref+0.20] xy=free cap=0.05
MPCTASK: MPC->PID: xyz=x10, z_guard=[ref,ref+0.20], yaw=raw_rz, output_hold=200ms, safety_hold=500ms
MPCTASK: Motor fault schedule: model=multiplicative_step pre_onset=100% onset=2000ms_after_TRAJ_START global=100% fault=M1(index=0) retained=60% equiv_fullscale_pwm=39321 ramp=none placement=post_mixer_post_battery model_bounds=unchanged
MPCTASK: Reference origin: xyz=measured_at_forced_timed_start nominal_takeoff_target=0.70 m
MPCTASK: Fixed baseline: w=0 qz=1 adaptive_cache=off
MPCTASK: EXP every=2: m,s,tms,p3[mm],v3[mmps],att3[cdeg],ref3[mm],cmd3[mm],h/raw/grad/mar/thr[milli],act/ac/bind,wi/qi/cache/noa,pa/pf/du[milli],it,mpc/eval/total[us],bar/tanh/rl/cache/solve/step[cycles],overruns,post_active/post_infeasible_totals,wreq/w/qzreq/qz[milli],max_step_cycles,M1_req/app/peak[pwm],M1_derated/samples,fault_on/onset_ms
MPCTASK: Figure8: source=traj_fig8_12.h source_hz=100 samples=1205 passes=2 cycles=6 lobes=12 duration=24.07 s origin=forced_timed_start start_delay=2000ms z_baseline=measured_at_start feedforward=U_ref_data
MPCTASK: Waiting for activation ...
STAB: Starting stabilizer loop
STAB: WARNING: stabilizer loop rate is off (1004)
SUP: Ready to fly
CONTROLLER: Using OutOfTree (6) controller
MPCTASK: Trajectory origin: x=0.03 y=-0.29 z=0.01
MPCTASK: OOT activated at z=0.01
MPCTASK: TAKEOFF START: trigger_z=0.15 start_z=0.01 target=0.70 hold=(0.02,-0.24) ramp=0.15m/s
MPCTASK: OOT loop 1 done
MPCTASK: OOT loop 2 done
MPCTASK: MPC tasMPCTASK: OOT loop 3 done
k loop 1
MPCTASK: x0: pos=(0.02,-0.25,0.01) vel=(0.0,-0.0,-0.0)
MPCTASK: ref: (0.02,-0.24,0.01)
MPCTASK: MPC solve start
MPCTASK: MPC solve done, iter=5
MPCTASK: MPC time=23591 us
MPCTASK: MPC stack free=1153 words
MPCTASK: setpoint: x=0.02 y=-0.24 z=0.08 preview_z=0.08
MPCTASK: MPC task loop 2
MPCTASK: MPC task loop 3
MPCTASK: TAKEOFF COMPLETE: forced_start t=2000ms z=0.22 vz=0.14; trajectory queued origin=(-0.01,-0.28,0.22) no_z_vz_gate
MPCTASK: TRAJ START: z=0.22 origin=(-0.01,-0.28,0.22) EXP clock reset; Z metric begins at t+3s
MPCTASK: EXP,0,2,72,-31,-282,230,-100,58,169,-50,-476,61,-20,-284,221,-82,62,223,0,0,0,0,0,0,0,0,0,0,0,0,0,0,0,5,21681,0,21739,0,0,0,0,3685601,3695624,0,0,0,0,0,1000,1000,3821816,31258,31258,46342,0,72,0,0
MPCTASK: EXP,0,4,172,-32,-280,244,-49,90,31,-791,-66,273,-31,-265,221,-51,130,222,0,0,0,0,0,0,0,0,0,0,0,0,0,0,0,5,20959,0,21581,0,0,0,0,3562993,3668740,0,0,0,0,0,1000,1000,4931435,38632,38632,49597,0,172,0,0
MPCTASK: EXP,0,6,272,-8,-281,251,-30,184,-38,-1264,-195,765,-65,-198,221,26,180,222,0,0,0,0,0,0,0,0,0,0,0,0,0,0,0,5,21708,0,21767,0,0,0,0,3690309,3700336,0,0,0,0,0,1000,1000,4931435,36643,36643,65535,0,272,0,0
MPCTASK: EXP,0,8,373,-31,-255,246,-35,416,-76,-1431,-254,343,-118,-79,221,64,258,221,0,0,0,0,0,0,0,0,0,0,0,0,0,0,0,5,22825,0,22883,0,0,0,0,3880113,3890139,0,0,0,0,0,1000,1000,4931435,41535,41535,65535,0,373,0,0
MPCTASK: EXP,0,10,471,-51,-200,238,17,668,-45,-1219,-467,14,-173,79,221,116,334,221,0,0,0,0,0,0,0,0,0,0,0,0,0,0,0,5,20398,0,20455,0,0,0,0,3467574,3477441,0,0,0,0,0,1000,1000,4931435,41781,41781,65535,0,471,0,0
MPCTASK: EXP,0,12,572,-47,-130,231,114,846,-30,-885,-683,61,-211,259,221,184,383,221,0,0,0,0,0,0,0,0,0,0,0,0,0,0,0,5,21556,0,21614,0,0,0,0,3664454,3674491,0,0,0,0,0,1000,1000,4931435,38612,38612,65535,0,573,0,0
MPCTASK: EXP,0,14,673,-43,-55,229,227,935,10,-492,-674,-4,-219,438,221,223,407,221,0,0,0,0,0,0,0,0,0,0,0,0,0,0,0,5,22610,0,22667,0,0,0,0,3843592,3853457,0,0,0,0,0,1000,1000,4931435,41781,41781,65535,0,674,0,0
MPCTASK: EXP,0,16,773,-28,18,234,305,931,60,-63,-736,109,-188,598,221,257,395,221,0,0,0,0,0,0,0,0,0,0,0,0,0,0,0,5,22624,0,22682,0,0,0,0,3845913,3855947,0,0,0,0,0,1000,1000,4931435,36594,36594,65535,0,775,0,0
MPCTASK: EXP,0,18,871,8,110,243,423,914,82,269,-628,73,-119,727,221,287,395,224,0,0,0,0,0,0,0,0,0,0,0,0,0,0,0,5,20104,0,20162,0,0,0,0,3417629,3427667,0,0,0,0,0,1000,1000,4931435,32218,32218,65535,0,872,0,0
MPCTASK: EXP,0,20,971,42,181,251,469,794,77,669,-407,12,-18,816,221,277,343,226,0,0,0,0,0,0,0,0,0,0,0,0,0,0,0,5,21039,0,21096,0,0,0,0,3576569,3586437,0,0,0,0,0,1000,1000,4931435,31818,31818,65535,0,973,0,0
MPCTASK: EXP,0,22,1072,86,247,264,508,612,155,1104,-83,58,100,861,221,253,265,232,0,0,0,0,0,0,0,0,0,0,0,0,0,0,0,5,21635,0,22041,0,0,0,0,3677925,3747003,0,0,0,0,0,1000,1000,4931435,40283,40283,65535,0,1074,0,0
MPCTASK: EXP,0,24,1173,135,280,278,528,386,154,1325,31,88,222,863,221,240,166,236,0,0,0,0,0,0,0,0,0,0,0,0,0,0,0,5,22659,0,22724,0,0,0,0,3851973,3863116,0,0,0,0,0,1000,1000,4931435,36074,36074,65535,0,1175,0,0
MPCTASK: EXP,0,26,1269,198,281,289,510,96,43,1230,570,177,332,824,221,193,45,235,0,0,0,0,0,0,0,0,0,0,0,0,0,0,0,5,18253,0,18311,0,0,0,0,3102998,3113040,0,0,0,0,0,1000,1000,4931435,15567,15567,65535,0,1271,0,0
MPCTASK: EXP,0,28,1370,245,273,288,389,-100,-52,927,1056,279,415,748,221,123,-44,232,0,0,0,0,0,0,0,0,0,0,0,0,0,0,0,5,20106,0,20168,0,0,0,0,3417981,3428559,0,0,0,0,0,1000,1000,4931435,39358,39358,65535,0,1373,0,0
MPCTASK: EXP,0,30,1470,276,255,283,191,-255,-72,784,1417,396,459,640,221,32,-142,230,0,0,0,0,0,0,0,0,0,0,0,0,0,0,0,5,19891,0,20348,0,0,0,0,3381421,3459262,0,0,0,0,0,1000,1000,4931435,40984,40984,65535,0,1473,0,0
MPCTASK: EXP,0,32,1574,266,237,276,-69,-388,-70,661,1501,636,458,505,221,-71,-234,228,0,0,0,0,0,0,0,0,0,0,0,0,0,0,0,5,23547,0,23605,0,0,0,0,4002910,4012964,0,0,0,0,0,1000,1000,4931435,39696,39696,65535,0,1578,0,0
MPCTASK: EXP,0,34,1673,257,182,270,-303,-548,-71,728,1447,616,411,349,221,-146,-360,226,0,0,0,0,0,0,0,0,0,0,0,0,0,0,0,5,22109,0,22167,0,0,0,0,3758426,3768483,0,0,0,0,0,1000,1000,4931435,42920,42920,65535,0,1676,0,0
MPCTASK: EXP,0,36,1774,180,171,263,-536,-668,-75,906,1200,1073,320,178,221,-238,-454,224,0,0,0,0,0,0,0,0,0,0,0,0,0,0,0,5,24022,0,24080,0,0,0,0,4083541,4093599,0,0,0,0,0,1000,1000,4931435,50085,50085,65535,0,1778,0,0
MPCTASK: EXP,0,38,1874,151,83,258,-645,-869,-45,1076,803,795,195,-4,221,-245,-601,224,0,0,0,0,0,0,0,0,0,0,0,0,0,0,0,5,24195,0,24261,0,0,0,0,4112961,4124411,0,0,0,0,0,1000,1000,4931435,41964,41964,65535,0,1878,0,0
MPCTASK: EXP,0,40,1972,104,24,260,-697,-1009,36,1030,627,842,48,-192,221,-246,-701,227,0,0,0,0,0,0,0,0,0,0,0,0,0,0,0,5,21005,0,21068,0,0,0,0,3570709,3581770,0,0,0,0,0,1000,1000,4931435,37651,37651,65535,0,1976,0,0
MPCTASK: MOTOR FAULT ON: t=2001ms after_TRAJ_START model=multiplicative_step fault=M1(index=0) retained=60% equiv_fullscale_pwm=39321 ramp=none
MPCTASK: EXP,0,42,2072,24,-105,262,-754,-1194,-8,851,41,724,-106,-382,221,-234,-855,226,0,0,0,0,0,0,0,0,0,0,0,0,0,0,0,5,20973,0,21031,0,0,0,0,3565254,3575332,0,0,0,0,0,1000,1000,4931435,60397,36238,63787,71,71,1,2001
MPCTASK: EXP,0,44,2173,-8,-191,258,-611,-1219,-194,922,-931,529,-253,-568,221,-118,-924,221,0,0,0,0,0,0,0,0,0,0,0,0,0,0,0,5,22060,0,22117,0,0,0,0,3749985,3760058,0,0,0,0,0,1000,1000,4931435,51085,30651,63787,172,172,1,2001
MPCTASK: EXP,0,46,2272,-62,-297,235,-474,-1298,-314,456,-1043,317,-378,-747,221,-71,-987,221,0,0,0,0,0,0,0,0,0,0,0,0,0,0,0,5,21094,0,21151,0,0,0,0,3585925,3595833,0,0,0,0,0,1000,1000,4931435,59448,35669,65535,271,271,1,2001
MPCTASK: EXP,0,48,2378,-87,-445,198,-221,-1347,-328,54,-1406,350,-469,-913,221,50,-1067,221,0,0,0,0,0,0,0,0,0,0,0,0,0,0,0,5,25891,0,25950,0,0,0,0,4401386,4411567,0,0,0,0,0,1000,1000,4931435,65535,39321,65535,377,377,1,2001
MPCTASK: EXP,0,50,2478,-87,-574,166,49,-1301,-302,-163,-1363,551,-515,-1064,221,155,-1127,221,0,0,0,0,0,0,0,0,0,0,0,0,0,0,0,5,26963,0,27022,0,0,0,0,4583729,4593805,0,0,0,0,0,1000,1000,4931435,63226,37936,65535,478,478,1,2001
MPCTASK: EXP,0,52,2574,-67,-694,149,296,-1230,-242,-184,-1274,609,-512,-1195,221,251,-1170,221,0,0,0,0,0,0,0,0,0,0,0,0,0,0,0,5,23145,0,23203,0,0,0,0,3934661,3944570,0,0,0,0,0,1000,1000,4931435,65535,39321,65535,574,574,1,2001
MPCTASK: EXP,0,54,2673,-15,-796,124,526,-1154,-221,-362,-1077,778,-462,-1304,221,351,-1178,221,0,0,0,0,0,0,0,0,0,0,0,0,0,0,0,5,21438,0,21495,0,0,0,0,3644319,3654241,0,0,0,0,0,1000,1000,4931435,65535,39321,65535,674,674,1,2001
MPCTASK: EXP,0,56,2775,36,-901,108,681,-964,-130,-786,-674,812,-367,-1388,221,395,-1146,221,0,0,0,0,0,0,0,0,0,0,0,0,0,0,0,5,21928,0,21987,0,0,0,0,3727770,3737841,0,0,0,0,0,1000,1000,4931435,65535,39321,65535,775,775,1,2001
MPCTASK: EXP,0,58,2874,111,-982,92,769,-773,-86,-996,-369,822,-239,-1445,221,434,-1098,221,0,0,0,0,0,0,0,0,0,0,0,0,0,0,0,5,21234,0,21293,0,0,0,0,3609825,3619897,0,0,0,0,0,1000,1000,4931435,65535,39321,65535,874,874,1,2001
MPCTASK: EXP,0,60,2978,182,-1041,88,783,-526,30,-1170,-35,722,-89,-1473,221,434,-1018,221,0,0,0,0,0,0,0,0,0,0,0,0,0,0,0,5,25423,0,25480,0,0,0,0,4321801,4331714,0,0,0,0,0,1000,1000,4931435,65535,39321,65535,979,979,1,2001
MPCTASK: EXP,0,62,3072,268,-1066,104,752,-264,182,-1255,424,711,67,-1472,221,414,-916,221,0,0,0,0,0,0,0,0,0,0,0,0,0,0,0,5,19755,0,19813,0,0,0,0,3358237,3368305,0,0,0,0,0,1000,1000,4931435,60800,36480,65535,1073,1073,1,2001
MPCTASK: EXP,0,64,3180,274,-1084,121,516,-3,235,-1307,832,371,216,-1443,221,286,-805,221,0,0,0,0,0,0,0,0,0,0,0,0,0,0,0,5,25540,0,25672,0,0,0,0,4341685,4364291,0,0,0,0,0,1000,1000,4931435,55353,33212,65535,1181,1181,1,2001
MPCTASK: EXP,0,66,3274,290,-1075,140,280,254,203,-1320,1054,176,341,-1384,221,173,-676,221,0,0,0,0,0,0,0,0,0,0,0,0,0,0,0,5,20078,0,20137,0,0,0,0,3413213,3423284,0,0,0,0,0,1000,1000,4931435,57403,34442,65535,1276,1276,1,2001
MPCTASK: EXP,0,68,3379,289,-1041,159,60,484,174,-1258,1147,74,431,-1299,221,62,-543,221,0,0,0,0,0,0,0,0,0,0,0,0,0,0,0,5,25191,0,25252,0,0,0,0,4282393,4292908,0,0,0,0,0,1000,1000,4931435,61458,36875,65535,1381,1381,1,2001
MPCTASK: EXP,0,70,3477,280,-985,176,-140,691,160,-1188,1192,60,477,-1189,221,-37,-403,221,0,0,0,0,0,0,0,0,0,0,0,0,0,0,0,5,22910,0,23163,0,0,0,0,3894626,3937705,0,0,0,0,0,1000,1000,4931435,57815,34689,65535,1479,1479,1,2001
MPCTASK: EXP,0,72,3578,239,-902,194,-369,894,131,-1006,1124,-5,474,-1056,221,-148,-255,221,0,0,0,0,0,0,0,0,0,0,0,0,0,0,0,5,23016,0,23075,0,0,0,0,3912705,3922777,0,0,0,0,0,1000,1000,4931435,60072,36043,65535,1580,1580,1,2001
MPCTASK: EXP,0,74,3673,185,-805,202,-572,1054,101,-734,985,-12,423,-904,221,-244,-118,221,0,0,0,0,0,0,0,0,0,0,0,0,0,0,0,5,18883,0,18941,0,0,0,0,3210097,3220006,0,0,0,0,0,1000,1000,4931435,59923,35954,65535,1676,1676,1,2001
MPCTASK: EXP,0,76,3778,125,-700,212,-696,1136,98,-355,696,12,329,-738,221,-296,-9,221,0,0,0,0,0,0,0,0,0,0,0,0,0,0,0,5,23788,0,24018,0,0,0,0,4043837,4083070,0,0,0,0,0,1000,1000,4931435,64944,38966,65535,1781,1781,1,2001
MPCTASK: EXP,0,78,3877,59,-602,220,-768,1147,81,-77,531,102,200,-560,221,-332,76,221,0,0,0,0,0,0,0,0,0,0,0,0,0,0,0,5,22305,0,22362,0,0,0,0,3791677,3801752,0,0,0,0,0,1000,1000,4931435,62824,37694,65535,1880,1880,1,2001
MPCTASK: EXP,0,80,3974,-14,-509,229,-779,1085,72,159,267,210,50,-375,221,-338,139,221,0,0,0,0,0,0,0,0,0,0,0,0,0,0,0,5,19647,0,19704,0,0,0,0,3339785,3349856,0,0,0,0,0,1000,1000,4931435,58321,34993,65535,1978,1978,1,2001
MPCTASK: EXP,0,82,4078,-90,-420,237,-774,1030,44,-25,-14,293,-107,-188,221,-329,213,221,0,0,0,0,0,0,0,0,0,0,0,0,0,0,0,5,24228,0,24286,0,0,0,0,4118641,4128713,0,0,0,0,0,1000,1000,4931435,65535,39321,65535,2082,2082,1,2001
MPCTASK: EXP,0,84,4181,-161,-332,238,-713,981,-32,158,-429,168,-255,-3,221,-291,269,221,0,0,0,0,0,0,0,0,0,0,0,0,0,0,0,5,26038,0,26613,0,0,0,0,4426519,4524291,0,0,0,0,0,1000,1000,4931435,63829,38297,65535,2185,2185,1,2001
MPCTASK: EXP,0,86,4274,-222,-262,240,-585,899,35,-100,-850,39,-381,173,221,-227,311,222,0,0,0,0,0,0,0,0,0,0,0,0,0,0,0,5,19832,0,19891,0,0,0,0,3371365,3382422,0,0,0,0,0,1000,1000,4931435,59737,35842,65535,2278,2278,1,2001
MPCTASK: EXP,0,88,4379,-260,-199,243,-386,862,65,-349,-1031,-45,-471,340,221,-146,354,223,0,0,0,0,0,0,0,0,0,0,0,0,0,0,0,5,24459,0,24520,0,0,0,0,4158033,4168381,0,0,0,0,0,1000,1000,4931435,58562,35137,65535,2383,2383,1,2001
MPCTASK: EXP,0,90,4478,-275,-131,253,-164,879,83,-470,-1133,-102,-517,491,221,-53,395,227,0,0,0,0,0,0,0,0,0,0,0,0,0,0,0,5,24225,0,24283,0,0,0,0,4118121,4128197,0,0,0,0,0,1000,1000,4931435,61004,36602,65535,2483,2483,1,2001
MPCTASK: EXP,0,92,4578,-273,-46,257,52,942,46,-465,-1087,-109,-514,623,221,28,447,226,0,0,0,0,0,0,0,0,0,0,0,0,0,0,0,5,23366,0,23524,0,0,0,0,3972126,3999132,0,0,0,0,0,1000,1000,4931435,62401,37441,65535,2583,2583,1,2001
MPCTASK: EXP,0,94,4679,-245,38,258,269,973,17,-239,-1066,-63,-463,732,221,114,471,226,0,0,0,0,0,0,0,0,0,0,0,0,0,0,0,5,24241,0,24301,0,0,0,0,4120885,4131149,0,0,0,0,0,1000,1000,4931435,65257,39154,65535,2684,2684,1,2001
MPCTASK: EXP,0,96,4780,-203,117,259,452,947,18,26,-880,-27,-368,817,221,175,467,226,0,0,0,0,0,0,0,0,0,0,0,0,0,0,0,5,25920,0,25978,0,0,0,0,4406457,4416370,0,0,0,0,0,1000,1000,4931435,58682,35209,65535,2786,2786,1,2001
MPCTASK: EXP,0,98,4878,-150,196,262,582,887,47,339,-551,-5,-239,874,221,208,446,228,0,0,0,0,0,0,0,0,0,0,0,0,0,0,0,5,23906,0,23964,0,0,0,0,4063981,4073894,0,0,0,0,0,1000,1000,4931435,59408,35645,65535,2884,2884,1,2001
MPCTASK: EXP,0,100,4977,-97,266,269,635,766,69,644,-247,29,-89,903,221,209,399,231,0,0,0,0,0,0,0,0,0,0,0,0,0,0,0,5,21782,0,22201,0,0,0,0,3702793,3774255,0,0,0,0,0,1000,1000,4931435,59296,35578,65535,2983,2983,1,2001
MPCTASK: EXP,0,102,5080,-17,335,279,687,630,66,896,81,10,67,902,221,214,349,233,0,0,0,0,0,0,0,0,0,0,0,0,0,0,0,5,24430,0,24488,0,0,0,0,4152981,4163056,0,0,0,0,0,1000,1000,4931435,58487,35092,65535,3086,3086,1,2001
MPCTASK: EXP,0,104,5175,27,372,290,596,423,55,1041,456,23,216,872,221,154,262,236,0,0,0,0,0,0,0,0,0,0,0,0,0,0,0,5,19652,0,19710,0,0,0,0,3340769,3350844,0,0,0,0,0,1000,1000,4931435,56038,33623,65535,3182,3182,1,2001
MPCTASK: EXP,0,106,5279,92,405,293,527,244,9,1155,676,-120,341,814,221,116,179,235,0,0,0,0,0,0,0,0,0,0,0,0,0,0,0,5,23977,0,24277,0,0,0,0,4076105,4127204,0,0,0,0,0,1000,1000,4931435,51515,30909,65535,3286,3286,1,2001
MPCTASK: EXP,0,108,5380,128,418,296,360,37,13,1277,945,-450,431,729,221,33,75,236,0,0,0,0,0,0,0,0,0,0,0,0,0,0,0,5,24966,0,25032,0,0,0,0,4244125,4255434,0,0,0,0,0,1000,1000,4931435,42687,25612,65535,3387,3387,1,2001
MPCTASK: EXP,0,110,5476,146,408,300,150,-196,32,1550,935,-742,477,618,221,-48,-60,238,0,0,0,0,0,0,0,0,0,0,0,0,0,0,0,5,20130,0,20189,0,0,0,0,3422129,3432213,0,0,0,0,0,1000,1000,4931435,48767,29260,65535,3483,3483,1,2001
MPCTASK: EXP,0,112,5579,146,367,302,-59,-474,17,1667,935,-948,475,486,221,-132,-214,238,0,0,0,0,0,0,0,0,0,0,0,0,0,0,0,5,24000,0,24059,0,0,0,0,4079865,4090124,0,0,0,0,0,1000,1000,4931435,45593,27356,65535,3587,3587,1,2001
MPCTASK: EXP,0,114,5678,133,298,302,-256,-746,-3,1505,872,-1087,423,334,221,-204,-360,237,0,0,0,0,0,0,0,0,0,0,0,0,0,0,0,5,22956,0,23014,0,0,0,0,3902445,3912520,0,0,0,0,0,1000,1000,4931435,48935,29361,65535,3686,3686,1,2001
MPCTASK: EXP,0,116,5779,104,239,301,-419,-881,-9,922,728,-1224,329,167,221,-251,-433,237,0,0,0,0,0,0,0,0,0,0,0,0,0,0,0,5,23778,0,23835,0,0,0,0,4042121,4052033,0,0,0,0,0,1000,1000,4931435,33890,20334,65535,3787,3787,1,2001
MPCTASK: EXP,0,118,5878,62,150,298,-543,-954,14,361,510,-1515,200,-10,221,-277,-518,238,0,0,0,0,0,0,0,0,0,0,0,0,0,0,0,5,22593,0,22651,0,0,0,0,3840685,3850761,0,0,0,0,0,1000,1000,4931435,33653,20192,65535,3887,3887,1,2001
MPCTASK: EXP,0,120,5981,31,45,301,-581,-967,45,-39,404,-1648,50,-195,221,-262,-599,239,0,0,0,0,0,0,0,0,0,0,0,0,0,0,0,5,24945,0,25003,0,0,0,0,4240630,4250542,0,0,0,0,0,1000,1000,4931435,41633,24980,65535,3989,3989,1,2001
MPCTASK: EXP,0,122,6081,-22,-40,307,-606,-923,13,-119,39,-1548,-107,-382,221,-239,-666,239,0,0,0,0,0,0,0,0,0,0,0,0,0,0,0,5,25628,0,25688,0,0,0,0,4356697,4367116,0,0,0,0,0,1000,1000,4931435,45719,27431,65535,4090,4090,1,2001
MPCTASK: EXP,0,124,6178,-67,-112,309,-553,-874,-37,-13,-246,-1396,-255,-566,221,-196,-725,238,0,0,0,0,0,0,0,0,0,0,0,0,0,0,0,5,22507,0,22703,0,0,0,0,3826041,3859615,0,0,0,0,0,1000,1000,4931435,43314,25988,65535,4187,4187,1,2001
MPCTASK: EXP,0,126,6278,-110,-205,306,-484,-903,-48,137,-481,-1244,-381,-744,221,-142,-818,237,0,0,0,0,0,0,0,0,0,0,0,0,0,0,0,5,22955,0,23014,0,0,0,0,3902273,3912348,0,0,0,0,0,1000,1000,4931435,54889,32933,65535,4288,4288,1,2001
MPCTASK: EXP,0,128,6378,-151,-288,304,-377,-970,-27,451,-844,-1111,-471,-910,221,-77,-894,237,0,0,0,0,0,0,0,0,0,0,0,0,0,0,0,5,22824,0,22889,0,0,0,0,3880017,3891060,0,0,0,0,0,1000,1000,4931435,51104,30662,65535,4388,4388,1,2001
MPCTASK: EXP,0,130,6480,-174,-393,303,-220,-1076,-54,465,-1079,-867,-517,-1061,221,2,-982,236,0,0,0,0,0,0,0,0,0,0,0,0,0,0,0,5,24858,0,25185,0,0,0,0,4225789,4281473,0,0,0,0,0,1000,1000,4931435,49207,29524,65535,4490,4490,1,2001
MPCTASK: EXP,0,132,6578,-185,-493,297,-38,-1120,-67,-78,-1043,-617,-514,-1193,221,65,-1000,234,0,0,0,0,0,0,0,0,0,0,0,0,0,0,0,5,21781,0,21838,0,0,0,0,3702686,3712598,0,0,0,0,0,1000,1000,4931435,51584,30950,65535,4588,4588,1,2001
MPCTASK: EXP,0,134,6680,-184,-599,293,134,-1077,-66,-367,-997,-287,-463,-1303,221,123,-1020,233,0,0,0,0,0,0,0,0,0,0,0,0,0,0,0,5,25038,0,25099,0,0,0,0,4256353,4266820,0,0,0,0,0,1000,1000,4931435,60401,36241,65535,4691,4691,1,2001
MPCTASK: EXP,0,136,6779,-178,-673,286,281,-929,-106,-643,-1089,-83,-368,-1387,221,162,-982,229,0,0,0,0,0,0,0,0,0,0,0,0,0,0,0,5,24234,0,24292,0,0,0,0,4119693,4129769,0,0,0,0,0,1000,1000,4931435,56162,33697,65535,4790,4790,1,2001
MPCTASK: EXP,0,138,6880,-153,-738,271,437,-765,-137,-689,-1008,88,-239,-1444,221,199,-940,224,0,0,0,0,0,0,0,0,0,0,0,0,0,0,0,5,24830,0,24895,0,0,0,0,4220889,4232264,0,0,0,0,0,1000,1000,4931435,58055,34833,65535,4891,4891,1,2001
MPCTASK: EXP,0,140,6979,-108,-777,258,591,-564,-120,-750,-793,227,-89,-1473,221,221,-865,221,0,0,0,0,0,0,0,0,0,0,0,0,0,0,0,5,22847,0,22907,0,0,0,0,3883858,3894309,0,0,0,0,0,1000,1000,4931435,58974,35384,65535,4990,4990,1,2001
MPCTASK: EXP,0,142,7075,-55,-799,246,683,-360,-87,-770,-412,325,67,-1473,221,217,-776,221,0,0,0,0,0,0,0,0,0,0,0,0,0,0,0,5,20110,0,20169,0,0,0,0,3418689,3428763,0,0,0,0,0,1000,1000,4931435,60237,36142,65535,5087,5087,1,2001
MPCTASK: EXP,0,144,7180,-12,-804,236,669,-162,-61,-791,1,370,216,-1443,221,169,-674,221,0,0,0,0,0,0,0,0,0,0,0,0,0,0,0,5,25037,0,25096,0,0,0,0,4256289,4266363,0,0,0,0,0,1000,1000,4931435,59318,35591,65535,5192,5192,1,2001
MPCTASK: EXP,0,146,7278,38,-796,231,607,21,-27,-796,354,432,341,-1384,221,118,-568,221,0,0,0,0,0,0,0,0,0,0,0,0,0,0,0,5,22302,0,22807,0,0,0,0,3791206,3877210,0,0,0,0,0,1000,1000,4931435,59770,35862,65535,5290,5290,1,2001
MPCTASK: EXP,0,148,7378,80,-773,230,475,195,-14,-860,722,510,431,-1299,221,43,-449,221,0,0,0,0,0,0,0,0,0,0,0,0,0,0,0,5,22580,0,22637,0,0,0,0,3838413,3848489,0,0,0,0,0,1000,1000,4931435,60273,36164,65535,5391,5391,1,2001
MPCTASK: EXP,0,150,7480,110,-738,229,295,356,-18,-906,1002,535,477,-1189,221,-37,-331,221,0,0,0,0,0,0,0,0,0,0,0,0,0,0,0,5,24959,0,25017,0,0,0,0,4242873,4252944,0,0,0,0,0,1000,1000,4931435,57957,34774,65535,5493,5493,1,2001
MPCTASK: EXP,0,152,7576,120,-693,230,74,509,-28,-981,1150,497,475,-1056,221,-122,-206,221,0,0,0,0,0,0,0,0,0,0,0,0,0,0,0,5,20680,0,21063,0,0,0,0,3515593,3581065,0,0,0,0,0,1000,1000,4931435,58511,35107,65535,5589,5589,1,2001
MPCTASK: EXP,0,154,7675,107,-629,225,-159,679,-59,-988,1149,416,423,-905,221,-204,-75,221,0,0,0,0,0,0,0,0,0,0,0,0,0,0,0,5,19989,0,20341,0,0,0,0,3398085,3458027,0,0,0,0,0,1000,1000,4931435,59685,35811,65535,5688,5688,1,2001
MPCTASK: EXP,0,156,7780,74,-552,219,-378,836,-36,-764,974,363,329,-738,221,-268,43,221,0,0,0,0,0,0,0,0,0,0,0,0,0,0,0,5,24230,0,24289,0,0,0,0,4119129,4129205,0,0,0,0,0,1000,1000,4931435,62197,37318,65535,5793,5793,1,2001
MPCTASK: EXP,0,158,7879,11,-476,217,-572,928,6,-689,730,399,200,-560,221,-332,151,221,0,0,0,0,0,0,0,0,0,0,0,0,0,0,0,5,23227,0,23286,0,0,0,0,3948443,3958730,0,0,0,0,0,1000,1000,4931435,57349,34409,65535,5892,5892,1,2001
MPCTASK: EXP,0,160,7978,-54,-385,214,-685,1009,-34,-329,413,420,50,-375,221,-350,227,221,0,0,0,0,0,0,0,0,0,0,0,0,0,0,0,5,22576,0,22634,0,0,0,0,3837814,3847887,0,0,0,0,0,1000,1000,4931435,65535,39321,65535,5992,5992,1,2001
MPCTASK: EXP,0,162,8078,-129,-288,207,-733,1036,-75,-90,-112,367,-107,-188,221,-342,317,221,0,0,0,0,0,0,0,0,0,0,0,0,0,0,0,5,23352,0,23409,0,0,0,0,3969725,3979634,0,0,0,0,0,1000,1000,4931435,65535,39321,65535,6093,6093,1,2001
MPCTASK: EXP,0,164,8179,-185,-199,210,-594,964,13,92,-592,327,-255,-3,221,-270,364,221,0,0,0,0,0,0,0,0,0,0,0,0,0,0,0,5,21618,0,21677,0,0,0,0,3675041,3685104,0,0,0,0,0,1000,1000,4931435,64099,38459,65535,6194,6194,1,2001
MPCTASK: EXP,0,166,8278,-233,-120,212,-451,911,45,32,-853,331,-381,173,221,-199,409,221,0,0,0,0,0,0,0,0,0,0,0,0,0,0,0,5,21083,0,21454,0,0,0,0,3584101,3647186,0,0,0,0,0,1000,1000,4931435,63616,38170,65535,6293,6293,1,2001
MPCTASK: EXP,0,168,8381,-258,-55,219,-258,844,53,-75,-984,361,-471,340,221,-112,437,221,0,0,0,0,0,0,0,0,0,0,0,0,0,0,0,5,23539,0,23605,0,0,0,0,4001565,4012999,0,0,0,0,0,1000,1000,4931435,64069,38441,65535,6396,6396,1,2001
MPCTASK: EXP,0,170,8481,-266,29,220,-54,867,25,-68,-1083,383,-517,491,221,-20,485,221,0,0,0,0,0,0,0,0,0,0,0,0,0,0,0,5,23388,0,23445,0,0,0,0,3975913,3985826,0,0,0,0,0,1000,1000,4931435,64987,38992,65535,6496,6496,1,2001
MPCTASK: EXP,0,172,8580,-262,93,222,133,810,15,39,-1115,430,-514,622,221,58,486,221,0,0,0,0,0,0,0,0,0,0,0,0,0,0,0,5,21724,0,22455,0,0,0,0,3693021,3817386,0,0,0,0,0,1000,1000,4931435,63340,38004,65535,6595,6595,1,2001
MPCTASK: EXP,0,174,8678,-241,165,222,313,779,18,139,-1026,419,-462,732,221,127,491,221,0,0,0,0,0,0,0,0,0,0,0,0,0,0,0,5,21215,0,21272,0,0,0,0,3606341,3616413,0,0,0,0,0,1000,1000,4931435,65535,39321,65535,6694,6694,1,2001
MPCTASK: EXP,0,176,8779,-197,232,225,494,726,28,313,-857,400,-368,816,221,190,479,221,0,0,0,0,0,0,0,0,0,0,0,0,0,0,0,5,21558,0,21615,0,0,0,0,3664709,3674617,0,0,0,0,0,1000,1000,4931435,61162,36697,65535,6795,6795,1,2001
MPCTASK: EXP,0,178,8880,-134,290,229,648,623,47,509,-553,391,-239,874,221,237,437,221,0,0,0,0,0,0,0,0,0,0,0,0,0,0,0,5,21837,0,21895,0,0,0,0,3712169,3722237,0,0,0,0,0,1000,1000,4931435,62595,37557,65535,6896,6896,1,2001
MPCTASK: EXP,0,180,8978,-79,342,236,681,513,69,562,-159,351,-89,902,221,229,395,221,0,0,0,0,0,0,0,0,0,0,0,0,0,0,0,5,21039,0,21103,0,0,0,0,3576461,3587530,0,0,0,0,0,1000,1000,4931435,58937,35362,65535,6995,6995,1,2001
MPCTASK: EXP,0,182,9078,1,368,244,726,345,71,743,172,274,67,902,221,233,308,224,0,0,0,0,0,0,0,0,0,0,0,0,0,0,0,5,21018,0,21300,0,0,0,0,3572905,3621117,0,0,0,0,0,1000,1000,4931435,58467,35080,65535,7095,7095,1,2001
MPCTASK: EXP,0,184,9180,63,403,252,654,232,59,805,497,171,216,872,221,191,247,225,0,0,0,0,0,0,0,0,0,0,0,0,0,0,0,5,21970,0,22037,0,0,0,0,3734657,3746497,0,0,0,0,0,1000,1000,4931435,57201,34321,65535,7197,7197,1,2001
MPCTASK: EXP,0,186,9281,109,423,258,538,107,36,939,779,105,341,815,221,127,168,226,0,0,0,0,0,0,0,0,0,0,0,0,0,0,0,5,22471,0,22667,0,0,0,0,3820009,3853490,0,0,0,0,0,1000,1000,4931435,52981,31789,65535,7298,7298,1,2001
MPCTASK: EXP,0,188,9381,165,427,264,381,-71,11,1086,1073,-73,431,730,221,61,63,227,0,0,0,0,0,0,0,0,0,0,0,0,0,0,0,5,22619,0,22678,0,0,0,0,3845198,3855285,0,0,0,0,0,1000,1000,4931435,51937,31162,65535,7399,7399,1,2001
MPCTASK: EXP,0,190,9475,186,417,261,169,-245,-37,1202,1210,-334,476,620,221,-28,-46,225,0,0,0,0,0,0,0,0,0,0,0,0,0,0,0,5,16992,0,17051,0,0,0,0,2888677,2898764,0,0,0,0,0,1000,1000,4931435,51756,31054,65535,7493,7493,1,2001
MPCTASK: EXP,0,192,9579,186,383,253,-72,-454,-61,1371,1176,-776,473,488,221,-114,-178,221,0,0,0,0,0,0,0,0,0,0,0,0,0,0,0,5,21008,0,21066,0,0,0,0,3571305,3581225,0,0,0,0,0,1000,1000,4931435,37966,22780,65535,7597,7597,1,2001
MPCTASK: EXP,0,194,9679,163,339,252,-322,-646,12,1302,974,-1209,421,336,221,-195,-298,223,0,0,0,0,0,0,0,0,0,0,0,0,0,0,0,5,20331,0,20389,0,0,0,0,3456141,3466245,0,0,0,0,0,1000,1000,4931435,34743,20846,65535,7697,7697,1,2001
MPCTASK: EXP,0,196,9780,107,266,257,-541,-826,67,978,660,-1435,327,170,221,-268,-412,227,0,0,0,0,0,0,0,0,0,0,0,0,0,0,0,5,22035,0,22093,0,0,0,0,3745873,3755989,0,0,0,0,0,1000,1000,4931435,36833,22100,65535,7799,7799,1,2001
MPCTASK: EXP,0,198,9878,56,192,264,-639,-898,83,485,384,-1431,198,-8,221,-289,-489,230,0,0,0,0,0,0,0,0,0,0,0,0,0,0,0,5,20098,0,20157,0,0,0,0,3416573,3426695,0,0,0,0,0,1000,1000,4931435,43888,26333,65535,7897,7897,1,2001
MPCTASK: EXP,0,200,9979,20,117,273,-635,-915,89,161,108,-1327,49,-194,221,-260,-557,232,0,0,0,0,0,0,0,0,0,0,0,0,0,0,0,5,21105,0,21281,0,0,0,0,3587761,3617765,0,0,0,0,0,1000,1000,4931435,45427,27256,65535,7998,7998,1,2001
MPCTASK: EXP,0,202,10080,-15,38,281,-569,-903,46,152,-196,-1211,-105,-383,221,-212,-627,233,0,0,0,0,0,0,0,0,0,0,0,0,0,0,0,5,21018,0,21077,0,0,0,0,3572885,3583021,0,0,0,0,0,1000,1000,4931435,39507,23704,65535,8099,8099,1,2001
MPCTASK: EXP,0,204,10181,-65,-48,286,-517,-921,32,154,-366,-1150,-251,-571,221,-180,-699,234,0,0,0,0,0,0,0,0,0,0,0,0,0,0,0,5,22176,0,22234,0,0,0,0,3769797,3779942,0,0,0,0,0,1000,1000,4931435,38659,23195,65535,8200,8200,1,2001
MPCTASK: EXP,0,206,10282,-100,-126,290,-422,-922,44,90,-521,-1227,-373,-752,221,-127,-741,236,0,0,0,0,0,0,0,0,0,0,0,0,0,0,0,5,23392,0,24070,0,0,0,0,3976594,4092052,0,0,0,0,0,1000,1000,4931435,38229,22937,65535,8302,8302,1,2001
MPCTASK: EXP,0,208,10381,-129,-218,297,-301,-958,68,192,-785,-1295,-460,-923,221,-68,-808,238,0,0,0,0,0,0,0,0,0,0,0,0,0,0,0,5,22960,0,23027,0,0,0,0,3903157,3914702,0,0,0,0,0,1000,1000,4931435,39260,23556,65535,8401,8401,1,2001
MPCTASK: EXP,0,210,10481,-150,-305,301,-187,-1010,-19,343,-772,-1334,-502,-1078,221,-34,-850,236,0,0,0,0,0,0,0,0,0,0,0,0,0,0,0,5,21967,0,22026,0,0,0,0,3734302,3744453,0,0,0,0,0,1000,1000,4931435,48006,28804,65535,8501,8501,1,2001
MPCTASK: EXP,0,212,10581,-162,-406,297,-69,-1078,-70,213,-884,-1201,-497,-1213,221,3,-884,234,0,0,0,0,0,0,0,0,0,0,0,0,0,0,0,5,22592,0,22651,0,0,0,0,3840514,3850668,0,0,0,0,0,1000,1000,4931435,52387,31432,65535,8602,8602,1,2001
MPCTASK: EXP,0,214,10680,-158,-512,289,82,-1096,-112,-369,-809,-889,-447,-1322,221,32,-865,230,0,0,0,0,0,0,0,0,0,0,0,0,0,0,0,5,22235,0,22293,0,0,0,0,3779765,3789916,0,0,0,0,0,1000,1000,4931435,59725,35835,65535,8701,8701,1,2001
MPCTASK: EXP,0,216,10782,-143,-620,281,218,-1001,-89,-875,-729,-482,-358,-1400,221,56,-834,228,0,0,0,0,0,0,0,0,0,0,0,0,0,0,0,5,23493,0,23552,0,0,0,0,3993745,4003904,0,0,0,0,0,1000,1000,4931435,58007,34804,65535,8803,8803,1,2001
MPCTASK: EXP,0,218,10878,-119,-700,268,333,-808,-130,-1167,-555,-194,-242,-1443,221,59,-767,224,0,0,0,0,0,0,0,0,0,0,0,0,0,0,0,5,20225,0,20353,0,0,0,0,3438205,3460029,0,0,0,0,0,1000,1000,4931435,52951,31771,65535,8900,8900,1,2001
MPCTASK: EXP,0,220,10980,-86,-759,254,405,-561,-136,-1402,-297,54,-113,-1446,221,55,-687,221,0,0,0,0,0,0,0,0,0,0,0,0,0,0,0,5,22093,0,22150,0,0,0,0,3755565,3765720,0,0,0,0,0,1000,1000,4931435,56592,33955,65535,9002,9002,1,2001
MPCTASK: EXP,0,222,11081,-59,-786,243,402,-265,-122,-1463,-53,231,11,-1408,221,38,-602,221,0,0,0,0,0,0,0,0,0,0,0,0,0,0,0,5,22886,0,23293,0,0,0,0,3890437,3960016,0,0,0,0,0,1000,1000,4931435,61318,36791,65535,9103,9103,1,2001
MPCTASK: EXP,0,224,11180,-29,-785,228,361,31,-118,-1379,171,347,117,-1328,221,32,-531,221,0,0,0,0,0,0,0,0,0,0,0,0,0,0,0,5,21382,0,21440,0,0,0,0,3634777,3644929,0,0,0,0,0,1000,1000,4931435,60319,36191,65535,9202,9202,1,2001
MPCTASK: EXP,0,226,11281,-12,-758,214,274,289,-97,-1099,297,392,190,-1209,221,26,-485,221,0,0,0,0,0,0,0,0,0,0,0,0,0,0,0,5,22522,0,22586,0,0,0,0,3828638,3839673,0,0,0,0,0,1000,1000,4931435,60909,36545,65535,9303,9303,1,2001
MPCTASK: EXP,0,228,11380,-1,-705,202,181,495,-64,-734,328,406,224,-1057,221,16,-428,221,0,0,0,0,0,0,0,0,0,0,0,0,0,0,0,5,21595,0,21652,0,0,0,0,3670922,3680910,0,0,0,0,0,1000,1000,4931435,59107,35464,65535,9403,9403,1,2001
MPCTASK: EXP,0,230,11483,-4,-664,200,77,561,11,-363,351,337,217,-884,221,-8,-408,221,0,0,0,0,0,0,0,0,0,0,0,0,0,0,0,5,24639,0,25031,0,0,0,0,4188521,4255334,0,0,0,0,0,1000,1000,4931435,57260,34356,65535,9506,9506,1,2001
MPCTASK: EXP,0,232,11581,-8,-602,203,1,606,78,37,237,311,176,-705,221,-21,-364,221,0,0,0,0,0,0,0,0,0,0,0,0,0,0,0,5,21709,0,21925,0,0,0,0,3690378,3727382,0,0,0,0,0,1000,1000,4931435,58511,35107,65535,9604,9604,1,2001
MPCTASK: EXP,0,234,11675,-15,-549,212,-45,559,74,321,233,587,115,-540,221,-53,-317,221,0,0,0,0,0,0,0,0,0,0,0,0,0,0,0,5,17113,0,17172,0,0,0,0,2909245,2919396,0,0,0,0,0,1000,1000,4931435,63785,38271,65535,9699,9699,1,2001
MPCTASK: EXP,0,236,11779,-25,-498,213,-80,493,-7,359,152,870,51,-408,221,-93,-232,221,0,0,0,0,0,0,0,0,0,0,0,0,0,0,0,5,20994,0,21052,0,0,0,0,3568765,3578922,0,0,0,0,0,1000,1000,4931435,65535,39321,65535,9803,9803,1,2001
MPCTASK: EXP,0,238,11880,-39,-458,210,-106,411,-70,269,49,1040,4,-323,221,-136,-121,221,0,0,0,0,0,0,0,0,0,0,0,0,0,0,0,5,21996,0,22066,0,0,0,0,3739261,3751314,0,0,0,0,0,1000,1000,4931435,63780,38268,65535,9904,9904,1,2001
MPCTASK: EXP,0,240,11982,-57,-423,201,-139,373,-130,137,135,1160,-17,-289,221,-183,-28,221,0,0,0,0,0,0,0,0,0,0,0,0,0,0,0,5,21459,0,21695,0,0,0,0,3647902,3688233,0,0,0,0,0,1000,1000,4931435,63726,38236,65535,10006,10006,1,2001
MPCTASK: EXP,0,242,12087,-80,-394,189,-194,366,-172,-443,14,1216,-19,-285,221,-192,76,221,0,0,0,0,0,0,0,0,0,0,0,0,0,0,0,5,26501,0,26560,0,0,0,0,4505226,4515376,0,0,0,0,0,1000,1000,4931435,65535,39321,65535,10112,10112,1,2001
MPCTASK: EXP,0,244,12184,-113,-364,164,-243,407,-315,-746,-182,1099,-24,-277,221,-174,147,221,0,0,0,0,0,0,0,0,0,0,0,0,0,0,0,5,24153,0,24211,0,0,0,0,4105841,4115993,0,0,0,0,0,1000,1000,4931435,65535,39321,65535,10209,10209,1,2001
MPCTASK: EXP,0,246,12282,-143,-326,133,-244,524,-335,-980,-354,900,-49,-231,221,-138,220,221,0,0,0,0,0,0,0,0,0,0,0,0,0,0,0,5,21631,0,21692,0,0,0,0,3677236,3687765,0,0,0,0,0,1000,1000,4931435,65535,39321,65535,10307,10307,1,2001
MPCTASK: EXP,0,248,12383,-173,-259,97,-223,758,-259,-1091,-545,667,-96,-132,221,-90,332,221,0,0,0,0,0,0,0,0,0,0,0,0,0,0,0,5,21927,0,21986,0,0,0,0,3727389,3737725,0,0,0,0,0,1000,1000,4931435,65535,39321,65535,10408,10408,1,2001
MPCTASK: EXP,0,250,12484,-186,-149,64,-90,1072,-229,-908,-837,522,-152,12,221,-4,468,221,0,0,0,0,0,0,0,0,0,0,0,0,0,0,0,5,23606,0,24052,0,0,0,0,4013065,4088922,0,0,0,0,0,1000,1000,4931435,65535,39321,65535,10510,10510,1,2001
MPCTASK: EXP,0,252,12582,-187,-10,74,62,1239,22,-326,-995,641,-199,186,221,76,554,221,0,0,0,0,0,0,0,0,0,0,0,0,0,0,0,5,21557,0,21614,0,0,0,0,3664529,3674517,0,0,0,0,0,1000,1000,4931435,65535,39321,65535,10608,10608,1,2001
MPCTASK: EXP,0,254,12682,-176,13,98,187,700,194,426,-851,1128,-220,367,221,131,364,221,0,0,0,0,0,0,0,0,0,0,0,0,0,0,0,5,21131,0,21189,0,0,0,0,3592165,3602146,0,0,0,0,0,1000,1000,4931435,65535,39321,65535,10708,10708,1,2001
MPCTASK: EXP,0,256,12784,-160,2,77,305,343,-3,192,-779,1375,-205,537,221,170,246,221,0,0,0,0,0,0,0,0,0,0,0,0,0,0,0,5,22223,0,22282,0,0,0,0,3777829,3787972,0,0,0,0,0,1000,1000,4931435,65535,39321,65535,10810,10810,1,2001
MPCTASK: EXP,0,258,12878,-149,2,28,357,204,-235,-79,-886,1442,-151,680,221,149,148,221,0,0,0,0,0,0,0,0,0,0,0,0,0,0,0,5,17073,0,17132,0,0,0,0,2902265,2912415,0,0,0,0,0,1000,1000,4931435,65535,39321,65535,10905,10905,1,2001
MPCTASK: EXP,0,260,12988,-154,-4,10,211,-26,-120,569,-501,1517,-61,785,221,95,31,221,0,0,0,0,0,0,0,0,0,0,0,0,0,0,0,5,26512,0,26570,0,0,0,0,4507065,4517058,0,0,0,0,0,1000,1000,4931435,65535,39321,65535,11015,11015,1,2001
MPCTASK: EXP,0,262,13087,-124,-16,1,383,-125,-33,323,-883,1276,51,849,221,148,-34,221,0,0,0,0,0,0,0,0,0,0,0,0,0,0,0,5,24985,0,25182,0,0,0,0,4247493,4281097,0,0,0,0,0,1000,1000,4931435,65535,39321,65535,11114,11114,1,2001
MPCTASK: EXP,0,264,13184,-20,-19,7,792,19,-10,-243,-698,823,174,868,221,253,-26,221,0,0,0,0,0,0,0,0,0,0,0,0,0,0,0,5,21994,0,22052,0,0,0,0,3738906,3749052,0,0,0,0,0,1000,1000,4931435,65535,39321,65535,11211,11211,1,2001
MPCTASK: EXP,0,266,13282,47,-24,56,681,29,336,-112,308,773,291,845,221,166,-93,221,0,0,0,0,0,0,0,0,0,0,0,0,0,0,0,5,20304,0,20362,0,0,0,0,3451529,3461676,0,0,0,0,0,1000,1000,4931435,65535,39321,65535,11309,11309,1,2001
MPCTASK: EXP,0,268,13384,50,-25,110,277,-19,509,93,640,721,386,783,221,-1,-173,221,0,0,0,0,0,0,0,0,0,0,0,0,0,0,0,5,22905,0,22963,0,0,0,0,3893677,3903820,0,0,0,0,0,1000,1000,4931435,64379,38627,65535,11412,11412,1,2001
MPCTASK: EXP,0,270,13482,49,-19,123,83,-30,405,384,621,568,446,687,221,-94,-243,221,0,0,0,0,0,0,0,0,0,0,0,0,0,0,0,5,20296,0,20355,0,0,0,0,3450329,3460477,0,0,0,0,0,1000,1000,4931435,65535,39321,65535,11510,11510,1,2001
MPCTASK: EXP,0,272,13583,60,55,149,77,232,375,380,604,646,464,562,221,-120,-168,221,0,0,0,0,0,0,0,0,0,0,0,0,0,0,0,5,21286,0,21344,0,0,0,0,3618513,3628672,0,0,0,0,0,1000,1000,4931435,65535,39321,65535,11611,11611,1,2001
MPCTASK: EXP,0,274,13685,81,188,174,71,523,357,1014,881,652,435,414,221,-143,-78,221,0,0,0,0,0,0,0,0,0,0,0,0,0,0,0,5,24013,0,24072,0,0,0,0,4082209,4092357,0,0,0,0,0,1000,1000,4931435,55084,33050,65535,11714,11714,1,2001
MPCTASK: EXP,0,276,13782,67,271,242,-114,405,494,1591,1118,420,361,248,221,-214,-118,238,0,0,0,0,0,0,0,0,0,0,0,0,0,0,0,5,20861,0,21074,0,0,0,0,3546409,3582607,0,0,0,0,0,1000,1000,4931435,57231,34339,65535,11811,11811,1,2001
MPCTASK: EXP,0,278,13882,52,301,297,-260,127,437,1853,1098,174,249,69,221,-250,-213,251,0,0,0,0,0,0,0,0,0,0,0,0,0,0,0,5,19979,0,20037,0,0,0,0,3396334,3406485,0,0,0,0,0,1000,1000,4931435,54661,32797,65535,11911,11911,1,2001
MPCTASK: EXP,0,280,13983,30,327,334,-364,-75,296,1883,923,80,109,-117,221,-254,-275,257,0,0,0,0,0,0,0,0,0,0,0,0,0,0,0,5,21115,0,21174,0,0,0,0,3589587,3599736,0,0,0,0,0,1000,1000,4931435,56154,33692,65535,12012,12012,1,2001
MPCTASK: EXP,0,282,14082,7,332,360,-426,-289,176,1850,644,39,-44,-306,221,-229,-345,259,0,0,0,0,0,0,0,0,0,0,0,0,0,0,0,5,21096,0,21154,0,0,0,0,3586193,3596348,0,0,0,0,0,1000,1000,4931435,57588,34553,65535,12112,12112,1,2001
MPCTASK: EXP,0,284,14182,-10,312,374,-432,-516,92,1792,297,21,-196,-494,221,-172,-423,260,0,0,0,0,0,0,0,0,0,0,0,0,0,0,0,5,21293,0,21360,0,0,0,0,3619801,3631212,0,0,0,0,0,1000,1000,4931435,58842,35305,65535,12212,12212,1,2001
MPCTASK: EXP,0,286,14283,-22,282,378,-380,-700,38,1459,-41,14,-332,-676,221,-97,-473,260,0,0,0,0,0,0,0,0,0,0,0,0,0,0,0,5,20940,0,20999,0,0,0,0,3559837,3569989,0,0,0,0,0,1000,1000,4931435,59465,35679,65535,12313,12313,1,2001
MPCTASK: EXP,0,288,14380,-26,230,379,-283,-847,19,1049,-317,-26,-437,-848,221,-9,-518,259,0,0,0,0,0,0,0,0,0,0,0,0,0,0,0,5,19091,0,19150,0,0,0,0,3245417,3255572,0,0,0,0,0,1000,1000,4931435,59675,35805,65535,12411,12411,1,2001
MPCTASK: EXP,0,290,14482,-13,181,376,-138,-899,0,649,-504,-79,-502,-1005,221,91,-530,258,0,0,0,0,0,0,0,0,0,0,0,0,0,0,0,5,21210,0,21268,0,0,0,0,3605629,3615622,0,0,0,0,0,1000,1000,4931435,59898,35939,65535,12513,12513,1,2001
MPCTASK: EXP,0,292,14583,9,125,375,18,-913,0,425,-629,-114,-519,-1145,221,186,-542,258,0,0,0,0,0,0,0,0,0,0,0,0,0,0,0,5,21839,0,22287,0,0,0,0,3712425,3788931,0,0,0,0,0,1000,1000,4931435,57237,34342,65535,12614,12614,1,2001
MPCTASK: EXP,0,294,14684,31,69,379,153,-902,16,300,-622,-128,-488,-1263,221,254,-545,259,0,0,0,0,0,0,0,0,0,0,0,0,0,0,0,5,22547,0,22606,0,0,0,0,3832926,3843084,0,0,0,0,0,1000,1000,4931435,56779,34067,65535,12716,12716,1,2001
MPCTASK: EXP,0,296,14784,70,-1,382,288,-911,5,286,-577,-144,-410,-1357,221,318,-563,260,0,0,0,0,0,0,0,0,0,0,0,0,0,0,0,5,22549,0,22607,0,0,0,0,3833098,3843248,0,0,0,0,0,1000,1000,4931435,55781,33469,65535,12816,12816,1,2001
MPCTASK: EXP,0,298,14884,59,-53,382,290,-884,-11,284,-385,-149,-294,-1425,221,286,-553,259,0,0,0,0,0,0,0,0,0,0,0,0,0,0,0,5,22972,0,23030,0,0,0,0,3905053,3915212,0,0,0,0,0,1000,1000,4931435,56106,33664,65535,12916,12916,1,2001
MPCTASK: EXP,0,300,14982,126,-134,372,419,-910,-58,141,-371,-159,-151,-1465,221,334,-561,255,0,0,0,0,0,0,0,0,0,0,0,0,0,0,0,5,21167,0,21233,0,0,0,0,3598257,3609655,0,0,0,0,0,1000,1000,4931435,54446,32668,65535,13014,13014,1,2001
MPCTASK: EXP,0,302,15082,208,-223,367,526,-909,-28,-152,-21,-169,4,-1476,221,360,-558,254,0,0,0,0,0,0,0,0,0,0,0,0,0,0,0,5,19233,0,19292,0,0,0,0,3269517,3279673,0,0,0,0,0,1000,1000,4931435,53529,32117,65535,13114,13114,1,2001
MPCTASK: EXP,0,304,15184,297,-313,373,559,-856,23,-524,447,-142,158,-1458,221,357,-534,258,0,0,0,0,0,0,0,0,0,0,0,0,0,0,0,5,21548,0,21607,0,0,0,0,3663121,3673280,0,0,0,0,0,1000,1000,4931435,52243,31346,65535,13217,13217,1,2001
MPCTASK: EXP,0,306,15286,374,-389,382,500,-739,7,-835,891,-67,295,-1411,221,320,-488,260,0,0,0,0,0,0,0,0,0,0,0,0,0,0,0,5,23921,0,23980,0,0,0,0,4066589,4076740,0,0,0,0,0,1000,1000,4931435,54000,32400,65535,13319,13319,1,2001
MPCTASK: EXP,0,308,15385,442,-459,380,381,-593,-82,-1141,1241,14,400,-1336,221,268,-431,256,0,0,0,0,0,0,0,0,0,0,0,0,0,0,0,5,23120,0,23187,0,0,0,0,3930381,3941921,0,0,0,0,0,1000,1000,4931435,55958,33575,65535,13418,13418,1,2001
MPCTASK: EXP,0,310,15488,484,-516,349,194,-402,-243,-1405,1398,57,465,-1236,221,200,-356,242,0,0,0,0,0,0,0,0,0,0,0,0,0,0,0,5,24982,0,25041,0,0,0,0,4246797,4273574,0,0,0,0,0,1000,1000,4931435,65535,39321,65535,13521,13521,1,2001
MPCTASK: EXP,0,312,15584,499,-548,297,-44,-145,-331,-1528,1413,90,481,-1112,221,115,-259,225,0,0,0,0,0,0,0,0,0,0,0,0,0,0,0,5,22043,0,22102,0,0,0,0,3747261,3757417,0,0,0,0,0,1000,1000,4931435,65535,39321,65535,13618,13618,1,2001
MPCTASK: EXP,0,314,15682,474,-543,296,-322,145,-163,-1484,1367,124,449,-967,221,9,-138,230,0,0,0,0,0,0,0,0,0,0,0,0,0,0,0,5,20057,0,20116,0,0,0,0,3409649,3419800,0,0,0,0,0,1000,1000,4931435,65535,39321,65535,13716,13716,1,2001
MPCTASK: EXP,0,316,15785,413,-505,315,-586,418,-8,-1312,1150,112,371,-806,221,-91,-11,241,0,0,0,0,0,0,0,0,0,0,0,0,0,0,0,5,21886,0,21944,0,0,0,0,3720438,3730589,0,0,0,0,0,1000,1000,4931435,59371,35623,65535,13819,13819,1,2001
MPCTASK: EXP,0,318,15885,339,-457,322,-768,608,-31,-1090,897,91,255,-632,221,-162,92,242,0,0,0,0,0,0,0,0,0,0,0,0,0,0,0,5,22589,0,22648,0,0,0,0,3840069,3850231,0,0,0,0,0,1000,1000,4931435,60711,36427,65535,13920,13920,1,2001
MPCTASK: EXP,0,320,15983,252,-399,308,-901,757,-108,-882,555,57,111,-449,221,-209,187,235,0,0,0,0,0,0,0,0,0,0,0,0,0,0,0,5,20329,0,20388,0,0,0,0,3455937,3466098,0,0,0,0,0,1000,1000,4931435,63230,37938,65535,14017,14017,1,2001
MPCTASK: EXP,0,322,16088,174,-340,290,-936,849,-120,-697,133,38,-44,-263,221,-208,262,230,0,0,0,0,0,0,0,0,0,0,0,0,0,0,0,5,25556,0,25989,0,0,0,0,4344361,4418196,0,0,0,0,0,1000,1000,4931435,65157,39094,65535,14123,14123,1,2001
MPCTASK: EXP,0,324,16184,88,-281,274,-906,901,-88,-558,-315,-6,-198,-77,221,-188,321,227,0,0,0,0,0,0,0,0,0,0,0,0,0,0,0,5,20744,0,20941,0,0,0,0,3526382,3560136,0,0,0,0,0,1000,1000,4931435,65535,39321,65535,14219,14219,1,2001
MPCTASK: EXP,0,326,16288,23,-222,269,-776,913,-32,-438,-673,-24,-334,103,221,-129,362,227,0,0,0,0,0,0,0,0,0,0,0,0,0,0,0,5,25407,0,25466,0,0,0,0,4319161,4329313,0,0,0,0,0,1000,1000,4931435,62577,37546,65535,14323,14323,1,2001
MPCTASK: EXP,0,328,16383,-37,-142,267,-611,951,-1,-392,-951,-77,-440,275,221,-65,422,228,0,0,0,0,0,0,0,0,0,0,0,0,0,0,0,5,20324,0,20383,0,0,0,0,3455016,3465180,0,0,0,0,0,1000,1000,4931435,60812,36487,65535,14418,14418,1,2001
MPCTASK: EXP,0,330,16482,-68,-72,277,-386,946,42,-348,-1112,-103,-504,432,221,22,455,232,0,0,0,0,0,0,0,0,0,0,0,0,0,0,0,5,19711,0,20070,0,0,0,0,3350729,3412089,0,0,0,0,0,1000,1000,4931435,57781,34669,65535,14518,14518,1,2001
MPCTASK: EXP,0,332,16585,-86,3,281,-164,937,9,-240,-1172,-128,-521,572,221,102,478,232,0,0,0,0,0,0,0,0,0,0,0,0,0,0,0,5,21827,0,21887,0,0,0,0,3710603,3720877,0,0,0,0,0,1000,1000,4931435,58327,34996,65535,14621,14621,1,2001
MPCTASK: EXP,0,334,16690,-94,70,278,26,897,-35,-156,-1129,-125,-489,691,221,161,483,229,0,0,0,0,0,0,0,0,0,0,0,0,0,0,0,5,27537,0,27596,0,0,0,0,4681201,4691361,0,0,0,0,0,1000,1000,4931435,58694,35216,65535,14727,14727,1,2001
MPCTASK: EXP,0,336,16783,-88,148,270,201,878,-73,14,-1051,-131,-411,786,221,209,487,226,0,0,0,0,0,0,0,0,0,0,0,0,0,0,0,5,21048,0,21107,0,0,0,0,3578109,3588260,0,0,0,0,0,1000,1000,4931435,61759,37055,65535,14820,14820,1,2001
MPCTASK: EXP,0,338,16885,-84,187,262,316,725,-66,298,-877,-38,-294,854,221,216,418,224,0,0,0,0,0,0,0,0,0,0,0,0,0,0,0,5,22768,0,22834,0,0,0,0,3870425,3881847,0,0,0,0,0,1000,1000,4931435,61603,36962,65535,14922,14922,1,2001
MPCTASK: EXP,0,340,16984,-104,191,256,331,487,-51,388,-719,58,-151,895,221,169,308,223,0,0,0,0,0,0,0,0,0,0,0,0,0,0,0,5,20912,0,20971,0,0,0,0,3554898,3565054,0,0,0,0,0,1000,1000,4931435,61539,36923,65535,15021,15021,1,2001
MPCTASK: EXP,0,342,17088,-113,197,248,346,313,-50,400,-610,101,5,906,221,119,218,221,0,0,0,0,0,0,0,0,0,0,0,0,0,0,0,5,25120,0,25179,0,0,0,0,4270414,4280565,0,0,0,0,0,1000,1000,4931435,62835,37701,65535,15125,15125,1,2001
MPCTASK: EXP,0,344,17187,-134,202,244,295,171,-31,455,-379,122,158,888,221,30,129,221,0,0,0,0,0,0,0,0,0,0,0,0,0,0,0,5,25216,0,25275,0,0,0,0,4286609,4296756,0,0,0,0,0,1000,1000,4931435,61791,37075,65535,15225,15225,1,2001
MPCTASK: EXP,0,346,17285,-143,198,243,254,42,-24,517,-209,126,295,841,221,-51,35,221,0,0,0,0,0,0,0,0,0,0,0,0,0,0,0,5,22739,0,22804,0,0,0,0,3865539,3876817,0,0,0,0,0,1000,1000,4931435,60327,36196,65535,15323,15323,1,2001
MPCTASK: EXP,0,348,17385,-157,197,243,171,-63,-1,647,56,138,400,766,221,-146,-53,221,0,0,0,0,0,0,0,0,0,0,0,0,0,0,0,5,21925,0,21984,0,0,0,0,3727194,3737351,0,0,0,0,0,1000,1000,4931435,59159,35495,65535,15423,15423,1,2001
MPCTASK: EXP,0,350,17488,-99,236,246,254,-30,7,761,173,69,465,665,221,-136,-77,222,0,0,0,0,0,0,0,0,0,0,0,0,0,0,0,5,26021,0,26080,0,0,0,0,4423513,4433676,0,0,0,0,0,1000,1000,4931435,60180,36108,65535,15527,15527,1,2001
MPCTASK: EXP,0,352,17587,-115,226,252,93,-187,1,1057,618,52,482,541,221,-244,-188,223,0,0,0,0,0,0,0,0,0,0,0,0,0,0,0,5,24396,0,24454,0,0,0,0,4147102,4157252,0,0,0,0,0,1000,1000,4931435,58652,35191,65535,15625,15625,1,2001
MPCTASK: EXP,0,354,17684,-119,213,254,-30,-331,-14,1187,687,34,449,397,221,-304,-289,224,0,0,0,0,0,0,0,0,0,0,0,0,0,0,0,5,21111,0,21308,0,0,0,0,3588813,3622357,0,0,0,0,0,1000,1000,4931435,58187,34912,65535,15723,15723,1,2001
MPCTASK: EXP,0,356,17785,-127,199,255,-139,-454,-37,1263,723,18,371,236,221,-340,-375,223,0,0,0,0,0,0,0,0,0,0,0,0,0,0,0,5,22264,0,22323,0,0,0,0,3784809,3794960,0,0,0,0,0,1000,1000,4931435,58619,35171,65535,15824,15824,1,2001
MPCTASK: EXP,0,358,17882,-130,186,250,-201,-550,-64,1305,652,12,255,61,221,-340,-443,221,0,0,0,0,0,0,0,0,0,0,0,0,0,0,0,5,19271,0,19330,0,0,0,0,3276058,3286204,0,0,0,0,0,1000,1000,4931435,58724,35234,65535,15921,15921,1,2001
MPCTASK: EXP,0,360,17984,-129,180,241,-223,-605,-85,1212,536,14,111,-120,221,-310,-481,221,0,0,0,0,0,0,0,0,0,0,0,0,0,0,0,5,21837,0,21896,0,0,0,0,3712153,3722311,0,0,0,0,0,1000,1000,4931435,59053,35432,65535,16024,16024,1,2001
MPCTASK: EXP,0,362,18085,-115,161,233,-196,-671,-80,1134,381,-3,-44,-307,221,-243,-527,221,0,0,0,0,0,0,0,0,0,0,0,0,0,0,0,5,22492,0,22550,0,0,0,0,3823529,3833506,0,0,0,0,0,1000,1000,4931435,63128,37877,65535,16126,16126,1,2001
MPCTASK: EXP,0,364,18187,-89,90,221,-136,-854,-93,1055,261,-34,-198,-493,221,-153,-628,221,0,0,0,0,0,0,0,0,0,0,0,0,0,0,0,5,23414,0,23473,0,0,0,0,3980322,3990469,0,0,0,0,0,1000,1000,4931435,63271,37963,65535,16228,16228,1,2001
MPCTASK: EXP,0,366,18288,-74,13,212,-95,-979,-51,770,108,0,-334,-674,221,-69,-701,221,0,0,0,0,0,0,0,0,0,0,0,0,0,0,0,5,24361,0,24420,0,0,0,0,4141333,4151489,0,0,0,0,0,1000,1000,4931435,62810,37686,65535,16329,16329,1,2001
MPCTASK: EXP,0,368,18383,-62,-80,210,-42,-1064,-4,445,-58,34,-440,-845,221,12,-766,221,0,0,0,0,0,0,0,0,0,0,0,0,0,0,0,5,19702,0,19761,0,0,0,0,3349266,3359412,0,0,0,0,0,1000,1000,4931435,60053,36032,65535,16424,16424,1,2001
MPCTASK: EXP,0,370,18486,-52,-165,211,19,-1052,15,182,-210,55,-504,-1003,221,87,-797,221,0,0,0,0,0,0,0,0,0,0,0,0,0,0,0,5,22618,0,22708,0,0,0,0,3844954,3860529,0,0,0,0,0,1000,1000,4931435,58291,34975,65535,16527,16527,1,2001
MPCTASK: EXP,0,372,18585,-37,-261,213,98,-1044,14,107,-361,50,-521,-1143,221,159,-840,221,0,0,0,0,0,0,0,0,0,0,0,0,0,0,0,5,20995,0,21054,0,0,0,0,3569062,3579216,0,0,0,0,0,1000,1000,4931435,59884,35930,65535,16626,16626,1,2001
MPCTASK: EXP,0,374,18689,-22,-355,216,175,-1030,13,68,-483,41,-489,-1262,221,215,-873,221,0,0,0,0,0,0,0,0,0,0,0,0,0,0,0,5,26129,0,26188,0,0,0,0,4441825,4451972,0,0,0,0,0,1000,1000,4931435,59387,35632,65535,16731,16731,1,2001
MPCTASK: EXP,0,376,18786,0,-464,209,266,-1048,-15,-117,-535,61,-411,-1356,221,260,-907,221,0,0,0,0,0,0,0,0,0,0,0,0,0,0,0,5,22989,0,23047,0,0,0,0,3908081,3918070,0,0,0,0,0,1000,1000,4931435,60938,36563,65535,16828,16828,1,2001
MPCTASK: EXP,0,378,18888,27,-550,217,339,-969,-146,-1373,-120,353,-294,-1425,221,221,-764,221,0,0,0,0,0,0,0,0,0,0,0,0,0,0,0,5,24239,0,24298,0,0,0,0,4120525,4130674,0,0,0,0,0,1000,1000,4931435,48901,29341,65535,16930,16930,1,2001
MPCTASK: EXP,0,380,18985,30,-527,189,255,-330,-257,-899,-330,-202,-151,-1465,221,236,-676,221,0,0,0,0,0,0,0,0,0,0,0,0,0,0,0,5,21312,0,21371,0,0,0,0,3623053,3633197,0,0,0,0,0,1000,1000,4931435,65535,39321,65535,17027,17027,1,2001
MPCTASK: EXP,0,382,19089,30,-470,178,271,-67,-173,311,-534,-247,5,-1476,221,203,-556,221,0,0,0,0,0,0,0,0,0,0,0,0,0,0,0,5,26039,0,26098,0,0,0,0,4426501,4436655,0,0,0,0,0,1000,1000,4931435,65535,39321,65535,17132,17132,1,2001
MPCTASK: EXP,0,384,19185,49,-444,164,341,-60,-94,659,-455,-143,158,-1458,221,179,-499,221,0,0,0,0,0,0,0,0,0,0,0,0,0,0,0,5,21885,0,22249,0,0,0,0,3720257,3782535,0,0,0,0,0,1000,1000,4931435,65535,39321,65535,17228,17228,1,2001
MPCTASK: EXP,0,386,19287,84,-455,152,391,-177,-69,580,-150,-12,295,-1411,221,145,-474,221,0,0,0,0,0,0,0,0,0,0,0,0,0,0,0,5,23593,0,23652,0,0,0,0,4010770,4020916,0,0,0,0,0,1000,1000,4931435,65535,39321,65535,17331,17331,1,2001
MPCTASK: EXP,0,388,19382,121,-492,137,375,-297,3,107,310,182,400,-1336,221,92,-449,221,0,0,0,0,0,0,0,0,0,0,0,0,0,0,0,5,19059,0,19118,0,0,0,0,3240005,3250153,0,0,0,0,0,1000,1000,4931435,65535,39321,65535,17426,17426,1,2001
MPCTASK: EXP,0,390,19487,149,-528,129,276,-294,-84,-820,799,267,465,-1236,221,20,-360,221,0,0,0,0,0,0,0,0,0,0,0,0,0,0,0,5,23372,0,23431,0,0,0,0,3973094,3983245,0,0,0,0,0,1000,1000,4931435,65535,39321,65535,17530,17530,1,2001
MPCTASK: EXP,0,392,19587,159,-499,116,119,1,-280,-660,713,996,482,-1112,221,-54,-247,221,0,0,0,0,0,0,0,0,0,0,0,0,0,0,0,5,24150,0,24397,0,0,0,0,4105429,4147576,0,0,0,0,0,1000,1000,4931435,65535,39321,65535,17632,17632,1,2001
MPCTASK: EXP,0,394,19689,158,-489,75,-26,76,-574,-724,858,1099,449,-967,221,-109,-162,221,0,0,0,0,0,0,0,0,0,0,0,0,0,0,0,5,24843,0,24901,0,0,0,0,4223202,4233347,0,0,0,0,0,1000,1000,4931435,65535,39321,65535,17733,17733,1,2001
MPCTASK: EXP,0,396,19784,140,-486,8,-221,183,-411,-652,510,894,371,-806,221,-129,-33,221,0,0,0,0,0,0,0,0,0,0,0,0,0,0,0,5,20754,0,20813,0,0,0,0,3528097,3538244,0,0,0,0,0,1000,1000,4931435,63327,37996,65535,17829,17829,1,2001
MPCTASK: EXP,0,398,19888,151,-435,20,-157,454,91,-1007,271,1793,255,-632,221,-109,55,221,0,0,0,0,0,0,0,0,0,0,0,0,0,0,0,5,25176,0,25235,0,0,0,0,4279981,4290128,0,0,0,0,0,1000,1000,4931435,65535,39321,65535,17933,17933,1,2001
MPCTASK: EXP,0,400,19985,131,-395,20,-233,480,-156,-1015,562,1632,111,-449,221,-131,127,221,0,0,0,0,0,0,0,0,0,0,0,0,0,0,0,5,21580,0,21640,0,0,0,0,3668397,3678769,0,0,0,0,0,1000,1000,4931435,65535,39321,65535,18030,18030,1,2001
MPCTASK: EXP,0,402,20088,51,-367,-1,-580,551,-115,-1043,472,1064,-44,-263,221,-217,170,221,0,0,0,0,0,0,0,0,0,0,0,0,0,0,0,5,23912,0,23971,0,0,0,0,4064995,4075143,0,0,0,0,0,1000,1000,4931435,65535,39321,65535,18133,18133,1,2001
MPCTASK: EXP,0,404,20185,17,-323,41,-416,506,326,-620,-107,668,-198,-77,221,-127,197,221,0,0,0,0,0,0,0,0,0,0,0,0,0,0,0,5,22032,0,22091,0,0,0,0,3745433,3755581,0,0,0,0,0,1000,1000,4931435,65535,39321,65535,18231,18231,1,2001
MPCTASK: EXP,0,406,20289,63,-290,39,1,545,295,-954,-171,489,-334,103,221,59,253,221,0,0,0,0,0,0,0,0,0,0,0,0,0,0,0,5,26176,0,26235,0,0,0,0,4449881,4460030,0,0,0,0,0,1000,1000,4931435,65535,39321,65535,18335,18335,1,2001
MPCTASK: EXP,0,408,20384,10,-240,67,-271,675,388,-1589,-652,-208,-440,275,221,58,352,221,0,0,0,0,0,0,0,0,0,0,0,0,0,0,0,5,19940,0,20136,0,0,0,0,3389729,3423292,0,0,0,0,0,1000,1000,4931435,55131,33079,65535,18430,18430,1,2001