---
SYS: Crazyflie 2.1 Brushless is up and running!
SYS: Build 2:de14ff9f08ae (2025.09.1 +2) MODIFIED
SYS: I am 0x373930393434471500370039 and I have 1024KB of flash!
CFGBLK: v1, verification [OK]
DECK_DISCOVERY: Backend found: onewire
DECK_DISCOVERY: Backend found: deckctrl
DECK_CORE: 1 deck(s) found
DECK_CORE: Calling INIT on driver bcFlow2 for deck 0
ZR2: Z-down sensor [OK]
PMW: Motion chip id: 0x49:0xB6
IMU: BMI088: Using I2C interface.
IMU: BMI088 Gyro connection [OK].
IMU: BMI088 Accel connection [OK]
IMU: BMP390 I2C connection [OK]
ESTIMATOR: Using Kalman (2) estimator
CONTROLLER: Using PID (1) controller
MTR-DRV: Using brushless motor driver
SYS: About to run tests in system.c.
SYS: NRF51 version: 2026.04 (C21B)
EEPROM: I2C connection [OK].
STORAGE: Storage check [OK].
IMU: BMI088 gyro self-test [OK]
DECK_CORE: Deck 0 test [OK].
SYS: Self test passed!
STAB: Wait for sensor calibration...
SYS: Free heap: 15048 bytes
MPCTASK: Benchmark mode 3, maneuver 4, max_iter 5, task_pri 0
MPCTASK: Reference altitude: 0.70 m; barrier skip when z>0.75 and vz>-0.20
MPCTASK: OOT takeoff: cfclient trigger>=0.15m ramp=0.15m/s figure8_start=2000ms_after_OOT_takeoff no_z_vz_settle target=0.70m timeout=12000ms
MPCTASK: Common baseline: mpc_hz=20 model_hz=20 rho=5 base_w=0 base_qz=1 Qz=100 R=4 bridge=x10 guards=z[ref,ref+0.20] xy=free cap=0.05
MPCTASK: MPC->PID: xyz=x10, z_guard=[ref,ref+0.20], yaw=raw_rz, output_hold=200ms, safety_hold=500ms
MPCTASK: Motor fault schedule: model=multiplicative_step pre_onset=100% onset=2000ms_after_TRAJ_START global=100% fault=M1(index=0) retained=60% equiv_fullscale_pwm=39321 ramp=none placement=post_mixer_post_battery model_bounds=unchanged
MPCTASK: Reference origin: xyz=measured_at_forced_timed_start nominal_takeoff_target=0.70 m
MPCTASK: LIMO adaptive: cache=16x4 evals=1 activeH=1 timing=bar/rl/cache_cycles
MPCTASK: EXP every=2: m,s,tms,p3[mm],v3[mmps],att3[cdeg],ref3[mm],cmd3[mm],h/raw/grad/mar/thr[milli],act/ac/bind,wi/qi/cache/noa,pa/pf/du[milli],it,mpc/eval/total[us],bar/tanh/rl/cache/solve/step[cycles],overruns,post_active/post_infeasible_totals,wreq/w/qzreq/qz[milli],max_step_cycles,M1_req/app/peak[pwm],M1_derated/samples,fault_on/onset_ms
MPCTASK: Figure8: source=traj_fig8_12.h source_hz=100 samples=1205 passes=2 cycles=6 lobes=12 duration=24.07 s origin=forced_timed_start start_delay=2000ms z_baseline=measured_at_start feedforward=U_ref_data
MPCTASK: Waiting for activation ...
STAB: Starting stabilizer loop
STAB: WARNING: stabilizer loop rate is off (1004)
CONTROLLER: Using OutOfTree (6) controller
MPCTASK: Trajectory origin: x=-0.01 y=-0.05 z=0.01
MPCTASK: OOT activated at z=0.01
SUP: Ready to fly
MPCTASK: TAKEOFF START: trigger_z=0.15 start_z=0.01 target=0.70 hold=(-0.03,-0.03) ramp=0.15m/s
MPCTASK: OOT loop 1 done
MPCTASK: MPC MPCTASK: OOT loop 2 done
task loop 1
MPCTASK: x0: pos=(-0.03,-0.03,0.01) vel=(-0.01,-0.02,-0.0)
MPCTASK: ref: (-0.03,-0.03,MPCTASK: OOT loop 3 done
0.01)
MPCTASK: SAFE TV mode=3: h=0.0 raw=0.0 grad=0.0 margin=0.0 thr=0.0 active0=0 active_count=0 eval=14788 us
MPCTASK: MPC solve start
MPCTASK: MPC solve done, iter=5
MPCTASK: MPC time=24958 us
MPCTASK: MPC stack free=890 words
MPCTASK: setpoint: x=-0.03 y=-0.03 z=0.07 preview_z=0.07
MPCTASK: MPC task loop 2
MPCTASK: MPC task loop 3
MPCTASK: Cache level changed: 0 -> 1
MPCTASK: TAKEOFF COMPLETE: forced_start t=2000ms z=0.22 vz=0.20; trajectory queued origin=(-0.01,-0.05,0.22) no_z_vz_gate
MPCTASK: TRAJ START: z=0.23 origin=(-0.01,-0.05,0.22) EXP clock reset; Z metric begins at t+3s
MPCTASK: EXP,3,2,81,-9,-62,238,101,-83,202,-250,354,891,-15,-53,228,-47,165,231,-461,-209,1553,69,300,1,1,1,15,3,1,1,0,0,0,5,20999,9982,31229,1696926,0,1742,23108,3569704,5308950,0,0,0,986,1000,1399,1400,6368271,30975,30975,47304,0,81,0,0
MPCTASK: EXP,3,4,187,-5,-73,261,14,-30,110,-831,310,854,-26,-34,228,0,191,234,-438,-228,2130,69,300,1,1,1,15,3,1,1,0,0,0,5,25160,10183,35834,1731043,0,1742,65406,4277153,6091896,0,0,0,986,1000,1399,1400,6368271,36274,36274,49274,0,187,0,0
MPCTASK: EXP,3,6,283,-13,-75,264,-54,93,-76,-1151,159,611,-61,32,228,22,227,229,-451,-427,2370,69,300,1,1,1,15,3,1,1,0,0,0,5,17691,13084,32586,2224114,0,1923,245316,3007408,5539744,0,0,0,987,1000,1399,1400,6368271,43118,43118,49274,0,284,0,0
MPCTASK: EXP,3,8,387,-26,-58,252,-79,268,-152,-1093,-237,373,-114,152,228,64,261,228,-478,-462,2532,69,300,1,1,1,15,3,1,1,0,0,0,5,26662,9799,36706,1665824,0,1742,23108,4532464,6240061,0,0,0,989,1000,1399,1400,6368271,47996,47996,49274,0,388,0,0
MPCTASK: EXP,3,10,482,-32,-24,242,-34,443,-42,-780,-492,304,-168,311,228,117,299,228,-466,-340,2240,69,300,1,1,1,15,3,1,1,0,0,0,5,21771,9522,31833,1618608,0,1742,23108,3700980,5411645,0,0,0,992,1000,1399,1400,6584264,46093,46093,49274,0,483,0,0
MPCTASK: EXP,3,12,585,-20,27,239,83,555,-12,-435,-748,352,-207,490,228,192,336,228,-463,-279,2265,69,300,1,1,1,15,3,1,1,0,0,0,5,23013,10431,34033,1773237,0,2830,24217,3912209,5785731,0,0,0,994,1000,1399,1400,6584264,44868,44868,56873,0,586,0,0
MPCTASK: EXP,3,14,683,-3,69,236,217,588,7,-180,-621,542,-214,669,228,220,335,228,-463,-294,2201,69,300,1,1,1,15,3,1,1,0,0,0,5,22426,9063,31897,1540539,0,1742,35890,3812456,5422603,0,0,0,995,1000,1399,1400,6584264,40520,40520,56873,0,685,0,0
MPCTASK: EXP,3,16,786,22,116,233,303,591,-26,-39,-469,684,-183,829,228,241,345,228,-472,-189,1826,69,300,1,1,1,15,3,1,1,0,0,0,5,22006,11056,34201,1879452,0,1742,144921,3740929,5814303,0,0,0,996,1000,1399,1400,6584264,39530,39530,56873,0,787,0,0
MPCTASK: EXP,3,18,882,58,164,235,369,574,40,111,-188,824,-114,958,227,240,338,227,-464,-227,2134,69,300,1,1,1,15,3,1,1,0,0,0,5,19040,10224,30791,1738050,0,98840,25532,3236740,5234642,0,0,0,997,1000,1399,1400,6860334,34629,34629,56873,0,884,0,0
MPCTASK: EXP,3,20,987,70,217,244,338,535,77,424,0,688,-14,1047,227,190,326,229,-455,-152,1319,69,300,1,1,1,15,3,1,1,0,0,0,5,21581,12042,35342,2047044,0,1742,24254,3668613,6008226,0,0,0,997,1000,1399,1400,6860334,35609,35609,56873,0,990,0,0
MPCTASK: EXP,3,22,1090,106,247,253,337,416,58,487,203,471,104,1093,227,166,285,231,-446,-196,1742,69,300,1,1,1,15,3,1,1,0,0,0,5,26054,11035,37868,1875983,0,1895,113660,4429109,6437658,0,0,0,998,1000,1399,1400,6860334,35318,35318,56873,0,1092,0,0
MPCTASK: EXP,3,24,1191,144,295,257,311,354,43,560,354,169,226,1095,227,137,271,231,-442,-273,2164,69,300,1,1,1,15,3,1,1,0,0,0,5,25968,11853,39856,2014899,0,1742,37059,4414528,6775578,0,0,0,998,1000,1399,1400,6860334,31126,31126,56873,0,1194,0,0
MPCTASK: EXP,3,26,1286,174,332,264,236,262,29,751,582,-109,336,1056,227,94,234,232,-435,-253,2236,69,300,1,1,1,15,3,1,1,0,0,0,5,21634,12154,34951,2066094,0,1742,139832,3677708,5941695,0,0,0,998,1000,1399,1400,6860334,34634,34634,56873,0,1289,0,0
MPCTASK: EXP,3,28,1388,193,346,267,126,108,19,944,669,-312,419,980,228,45,158,233,-432,-184,2152,69,300,1,1,1,15,3,1,1,0,0,0,5,23544,11424,36024,1942079,0,1743,160810,4002556,6124150,0,0,0,998,1000,1399,1400,6860334,33070,33070,56873,0,1391,0,0
MPCTASK: EXP,3,30,1485,210,333,270,9,-77,11,904,802,-425,463,872,228,-1,71,233,-429,-179,2038,69,300,1,1,1,15,3,1,1,0,0,0,5,21178,11313,33112,1923091,0,1749,23268,3600113,5629094,0,0,0,997,1000,1399,1400,6860334,35213,35213,56873,0,1488,0,0
MPCTASK: EXP,3,32,1589,208,309,267,-135,-242,-22,959,735,-437,462,737,228,-34,-23,231,-437,-345,2238,69,300,1,1,1,15,3,1,1,0,0,0,5,26670,10351,37718,1759633,0,1743,99724,4533820,6412162,0,0,0,997,1000,1399,1400,6860334,36289,36289,60273,0,1593,0,0
MPCTASK: EXP,3,34,1686,170,290,264,-289,-372,-29,883,614,-211,415,581,228,-89,-98,231,-441,-254,2284,69,300,1,1,1,15,3,1,1,0,0,0,5,23314,11030,34837,1874975,0,1742,65442,3963404,5922418,0,0,0,996,1000,1399,1400,6860334,35519,35519,60273,0,1690,0,0
MPCTASK: EXP,3,36,1788,127,247,264,-394,-504,-29,703,475,142,324,409,228,-132,-185,230,-441,-292,2205,69,300,1,1,1,15,3,1,1,0,0,0,5,24281,9679,34794,1645269,0,1742,87213,4127556,5914911,0,0,0,995,1000,1399,1400,6860334,41330,41330,60273,0,1792,0,0
MPCTASK: EXP,3,38,1882,106,179,259,-420,-654,-17,805,275,256,200,226,228,-115,-302,230,-443,-263,2279,69,300,1,1,1,15,3,1,1,0,0,0,5,21229,7954,29571,1352230,0,1742,23108,3608792,5027068,0,0,0,992,1000,1399,1400,6860334,45286,45286,60273,0,1887,0,0
MPCTASK: EXP,3,40,1989,59,120,259,-459,-750,32,535,165,509,52,38,228,-124,-372,231,-440,-237,2091,69,300,1,1,1,15,3,1,1,0,0,0,5,25501,11020,37055,1873311,0,1851,72285,4335148,6299584,0,0,0,990,1000,1399,1400,6860334,45694,45694,60273,0,1994,0,0
MPCTASK: MOTOR FAULT ON: t=2002ms after_TRAJ_START model=multiplicative_step fault=M1(index=0) retained=60% equiv_fullscale_pwm=39321 ramp=none
MPCTASK: EXP,3,42,2089,2,73,265,-479,-790,53,598,-149,679,-102,-151,228,-106,-444,233,-434,77,1885,69,300,1,1,1,15,3,1,1,0,0,0,5,21884,13296,36334,2260183,0,2136,24261,3720225,6176942,0,0,0,991,1000,1399,1400,6860334,65535,39321,65535,87,87,1,2002
MPCTASK: EXP,3,44,2189,-37,-15,266,-364,-916,-164,1306,-1040,815,-249,-337,228,3,-593,228,-466,-505,2537,69,300,1,1,1,15,3,1,1,0,0,0,5,22537,11526,34860,1959300,0,1743,109471,3831333,5926315,0,0,0,992,1000,1399,1400,6860334,65535,39321,65535,187,187,1,2002
MPCTASK: EXP,3,46,2289,-41,-112,240,-131,-1077,-354,1391,-1341,549,-374,-515,228,123,-734,228,-530,-930,3774,70,300,1,1,1,15,3,1,1,0,0,0,5,24331,10125,35904,1721195,0,1742,213874,4136296,6103611,0,0,0,993,1000,1399,1400,6860334,64587,38752,65535,288,288,1,2002
MPCTASK: EXP,3,48,2388,-12,-262,201,193,-1332,-356,754,-1322,425,-464,-682,228,262,-871,228,-569,-786,3372,72,300,1,1,1,15,3,1,1,0,0,0,5,23179,10437,34493,1774246,0,1742,129188,3940401,5863915,0,0,0,994,1000,1399,1400,6860334,65535,39321,65535,387,387,1,2002
MPCTASK: EXP,3,50,2490,43,-388,173,469,-1394,-186,-27,-952,389,-510,-832,228,382,-920,228,-563,-448,2535,71,300,1,1,1,15,3,1,1,0,0,0,5,24728,9896,36646,1682271,0,1776,24256,4203677,6229911,0,0,0,995,1000,1399,1400,6860334,61245,36747,65535,489,489,1,2002
MPCTASK: EXP,3,52,2590,105,-529,165,645,-1320,-19,-719,-670,512,-508,-964,228,464,-940,228,-538,-347,2332,72,300,1,1,1,15,3,1,1,0,0,0,5,23956,9784,35747,1663216,0,1742,322778,4072316,6077005,0,0,0,996,1000,1399,1400,6860334,59677,35806,65535,589,589,1,2002
MPCTASK: EXP,3,54,2691,144,-639,171,654,-1097,71,-1163,-356,516,-457,-1072,228,465,-909,228,-528,-340,2496,72,300,1,1,1,15,3,1,1,0,0,0,5,25261,11857,37668,2015572,0,1742,75218,4294160,6403673,0,0,0,997,1000,1399,1400,6860334,54916,32950,65535,691,691,1,2002
MPCTASK: EXP,3,56,2787,199,-710,173,673,-792,50,-1334,-126,446,-363,-1156,228,472,-833,228,-526,-517,2491,71,300,1,1,1,15,3,1,1,0,0,0,5,23706,9164,33924,1557739,0,99989,62271,4029896,5767269,0,0,0,997,1000,1399,1400,6860334,64293,38576,65535,787,787,1,2002
MPCTASK: EXP,3,58,2887,252,-755,174,622,-451,42,-1292,174,333,-235,-1213,228,450,-737,228,-525,-415,2530,71,300,1,1,1,15,3,1,1,0,0,0,5,22873,8002,32213,1360381,0,1742,168328,3888404,5476274,0,0,0,997,1000,1399,1400,6860334,56584,33950,65535,888,888,1,2002
MPCTASK: EXP,3,60,2988,294,-774,172,537,-179,33,-1125,391,237,-85,-1242,228,406,-652,228,-527,-450,2414,71,300,1,1,1,15,3,1,1,0,0,0,5,21021,10278,31785,1747140,0,1747,23420,3573437,5403609,0,0,0,997,1000,1399,1400,6860334,56873,34124,65535,988,988,1,2002
MPCTASK: EXP,3,62,3085,334,-771,172,428,47,54,-961,591,188,71,-1241,228,354,-560,228,-527,-367,2380,71,300,1,1,1,15,3,1,1,0,0,0,5,20101,7945,29586,1350614,0,1742,80074,3416948,5029745,0,0,0,997,1000,1399,1400,6860334,53097,31858,65535,1086,1086,1,2002
MPCTASK: EXP,3,64,3188,403,-738,175,350,240,64,-813,774,266,220,-1211,228,336,-453,228,-524,-361,2300,71,300,1,1,1,15,3,1,1,0,0,0,5,23346,8150,32671,1385347,0,1742,181428,3968612,5554113,0,0,0,997,1000,1399,1400,6860334,62908,37745,65535,1189,1189,1,2002
MPCTASK: EXP,3,66,3289,434,-698,188,186,391,92,-685,1022,215,345,-1153,228,262,-352,228,-511,-315,2399,71,300,1,1,1,15,3,1,1,0,0,0,5,22306,9834,32521,1671699,0,1745,46707,3792013,5528764,0,0,0,997,1000,1399,1400,6860334,55146,33088,65535,1291,1291,1,2002
MPCTASK: EXP,3,68,3389,430,-661,194,-20,487,56,-632,1133,101,436,-1067,228,165,-269,228,-505,-271,2486,71,300,1,1,1,15,3,1,1,0,0,0,5,22399,9557,32930,1624546,0,1742,145967,3807684,5598211,0,0,0,996,1000,1399,1400,6860334,58449,35069,65535,1391,1391,1,2002
MPCTASK: EXP,3,70,3486,408,-615,200,-229,576,48,-593,1120,24,481,-957,228,70,-181,228,-499,-271,2464,70,300,1,1,1,15,3,1,1,0,0,0,5,19781,9965,29991,1694020,0,1743,23114,3362712,5098579,0,0,0,996,1000,1399,1400,6860334,54047,32428,65535,1488,1488,1,2002
MPCTASK: EXP,3,72,3591,368,-564,209,-415,655,66,-576,999,-39,479,-825,228,-14,-94,228,-490,-241,2354,70,300,1,1,1,15,3,1,1,0,0,0,5,27337,6971,34552,1185087,0,1742,23108,4647105,5873788,0,0,0,995,1000,1399,1400,6860334,57242,34345,65535,1593,1593,1,2002
MPCTASK: EXP,3,74,3690,305,-508,219,-586,727,70,-558,823,-86,428,-673,228,-96,-7,228,-480,-267,2284,70,300,1,1,1,15,3,1,1,0,0,0,5,23256,9317,33184,1583726,0,1742,84962,3953484,5641370,0,0,0,995,1000,1399,1400,6860334,56576,33946,65535,1692,1692,1,2002
MPCTASK: EXP,3,76,3791,242,-442,226,-682,793,55,-533,572,-98,333,-506,228,-139,79,228,-473,-228,1900,69,300,1,1,1,15,3,1,1,0,0,0,5,23559,10214,34507,1736224,0,11770,24452,4004804,5866339,0,0,0,993,1000,1399,1400,6860334,57224,34334,65535,1794,1794,1,2002
MPCTASK: EXP,3,78,3891,176,-364,235,-735,866,64,-468,296,-96,204,-328,228,-163,172,228,-464,-196,1662,69,300,1,1,1,15,3,1,1,0,0,0,5,24250,10194,35198,1732828,0,1742,109464,4122383,5983747,0,0,0,992,1000,1399,1400,6860334,53974,32384,65535,1894,1894,1,2002
MPCTASK: EXP,3,80,3992,111,-277,240,-737,934,45,-472,108,-66,54,-144,228,-170,275,228,-459,-201,1760,69,300,1,1,1,15,3,1,1,0,0,0,5,23495,12083,35967,2054052,0,2045,46462,3994056,6114448,0,0,0,992,1000,1399,1400,6860334,59827,35896,65535,1995,1995,1,2002
MPCTASK: EXP,3,82,4091,39,-208,243,-719,932,-18,-369,-139,9,-102,42,228,-167,325,228,-460,-254,2154,69,300,1,1,1,15,3,1,1,0,0,0,5,22935,9904,33922,1683570,0,1742,151301,3898984,5766824,0,0,0,993,1000,1399,1400,6860334,60004,36002,65535,2094,2094,1,2002
MPCTASK: EXP,3,84,4187,-19,-126,236,-638,945,-94,-25,-536,93,-251,227,228,-127,354,228,-482,-216,2014,69,300,1,1,1,15,3,1,1,0,0,0,5,20329,9093,30460,1545846,0,109895,34847,3455872,5178203,0,0,0,994,1000,1399,1400,6860334,65416,39250,65535,2191,2191,1,2002
MPCTASK: EXP,3,86,4290,-62,-49,223,-487,895,-138,208,-762,228,-376,405,228,-73,378,228,-504,-387,2305,70,300,1,1,1,15,3,1,1,0,0,0,5,22959,9519,33013,1618235,0,50032,23278,3902876,5612247,0,0,0,995,1000,1399,1400,6860334,65535,39321,65535,2294,2294,1,2002
MPCTASK: EXP,3,88,4391,-107,25,207,-347,817,-127,289,-942,289,-466,571,228,-28,406,228,-517,-326,2647,70,300,1,1,1,15,3,1,1,0,0,0,5,22226,10579,33678,1798384,0,1742,81991,3778340,5725253,0,0,0,996,1000,1399,1400,6860334,65535,39321,65535,2395,2395,1,2002
MPCTASK: EXP,3,90,4490,-123,83,197,-140,702,-96,409,-1050,374,-512,722,228,42,394,228,-521,-339,2674,71,300,1,1,1,15,3,1,1,0,0,0,5,21958,9257,31846,1573652,0,2619,23417,3732885,5414020,0,0,0,997,1000,1399,1400,6860334,65535,39321,65535,2494,2494,1,2002
MPCTASK: EXP,3,92,4593,-123,135,189,62,605,-36,317,-972,364,-510,854,228,100,393,228,-517,-306,2487,71,300,1,1,1,15,3,1,1,0,0,0,5,23458,11446,35423,1945729,0,1743,70190,3987764,6022005,0,0,0,997,1000,1399,1400,6860334,65535,39321,65535,2598,2598,1,2002
MPCTASK: EXP,3,94,4693,-97,191,197,266,549,76,289,-813,276,-458,964,228,163,403,228,-502,-322,2304,71,300,1,1,1,15,3,1,1,0,0,0,5,26047,9547,36115,1622862,0,1745,24205,4427820,6139645,0,0,0,998,1000,1399,1400,6860334,63158,37895,65535,2698,2698,1,2002
MPCTASK: EXP,3,96,4789,-67,233,202,385,471,133,286,-527,208,-364,1048,228,182,389,228,-497,-273,2045,70,300,1,1,1,15,3,1,1,0,0,0,5,20894,10971,32416,1864899,0,1742,74436,3552040,5510701,0,0,0,998,1000,1399,1400,6860334,55607,33364,65535,2794,2794,1,2002
MPCTASK: EXP,3,98,4892,-13,250,217,495,344,174,319,-204,81,-235,1105,228,207,333,228,-482,-253,1956,70,300,1,1,1,15,3,1,1,0,0,0,5,23560,9628,33987,1636824,0,1742,104356,4005184,5777792,0,0,0,998,1000,1399,1400,6860334,59176,35506,65535,2897,2897,1,2002
MPCTASK: EXP,3,100,4993,24,280,236,466,273,210,462,124,-33,-85,1134,228,175,294,231,-463,-147,1167,69,300,1,1,1,15,3,1,1,0,0,0,5,23629,10980,35460,1866502,0,1865,125499,4016856,6028227,0,0,0,998,1000,1399,1400,6860334,51946,31168,65535,2999,2999,1,2002
MPCTASK: EXP,3,102,5087,68,304,259,424,189,221,652,392,32,72,1133,228,147,237,236,-440,-250,1824,69,300,1,1,1,15,3,1,1,0,0,0,5,22860,6192,30208,1052531,0,1742,65082,3886016,5135513,0,0,0,998,1000,1399,1400,6860334,64137,38482,65535,3093,3093,1,2002
MPCTASK: EXP,3,104,5190,94,312,277,346,74,144,793,557,397,220,1104,228,97,172,241,-422,-281,2186,69,300,1,1,1,15,3,1,1,0,0,0,5,22265,10062,33299,1710395,0,2048,89395,3784957,5660879,0,0,0,998,1000,1399,1400,6860334,65535,39321,65535,3197,3197,1,2002
MPCTASK: EXP,3,106,5289,137,311,282,283,-70,-61,839,812,823,346,1045,228,64,94,235,-430,-321,2242,69,300,1,1,1,15,3,1,1,0,0,0,5,22054,8383,31197,1425138,0,1742,110476,3749088,5303624,0,0,0,998,1000,1399,1400,6860334,65535,39321,65535,3295,3295,1,2002
MPCTASK: EXP,3,108,5392,148,289,263,145,-219,-262,548,1010,1163,436,960,228,0,27,228,-488,-508,2696,69,300,1,1,1,15,3,1,1,0,0,0,5,22804,11918,34967,2025911,0,1742,23108,3876584,5944477,0,0,0,997,1000,1399,1400,6860334,65535,39321,65535,3399,3399,1,2002
MPCTASK: EXP,3,110,5490,138,256,227,-6,-329,-514,439,1054,1403,482,850,228,-77,-54,228,-575,-1184,3371,72,300,1,1,1,15,3,1,1,0,0,0,5,23201,9479,33150,1611508,0,1742,60242,3944088,5635603,0,0,0,996,1000,1399,1400,6860334,65535,39321,65535,3497,3497,1,2002
MPCTASK: EXP,3,112,5592,102,218,164,-171,-417,-824,405,937,1482,479,717,228,-146,-133,228,-700,-1918,2861,76,300,1,1,1,15,3,1,1,0,0,0,5,21101,12203,34068,2074371,0,1743,111175,3587004,5791565,0,0,0,994,1000,1399,1400,6860334,65535,39321,65535,3599,3599,1,2002
MPCTASK: EXP,3,114,5694,63,203,70,-291,-423,-1055,272,802,1399,428,565,228,-203,-154,228,-840,-2174,2562,82,300,1,1,1,15,3,1,1,0,0,0,5,23440,10823,34807,1839832,0,1742,74524,3984757,5917421,0,0,0,991,1000,1399,1400,6860334,50119,30071,65535,3701,3701,1,2002
MPCTASK: EXP,3,116,5790,122,262,32,-108,-230,438,239,-60,1538,333,399,228,5,-62,228,-667,30,1366,77,300,1,1,1,15,3,1,1,0,0,0,5,21282,10075,31744,1712677,0,1742,46718,3617856,5396557,0,0,0,992,1000,1399,1400,6860334,65535,39321,65535,3798,3798,1,2002
MPCTASK: EXP,3,118,5897,116,251,60,-81,-269,201,898,382,1347,204,221,228,0,-119,228,-639,-522,2444,76,300,1,1,1,15,3,1,1,0,0,0,5,26805,11072,38858,1882257,0,1742,91919,4556796,6605953,0,0,0,991,1000,1399,1400,6860334,65535,39321,65535,3905,3905,1,2002
MPCTASK: EXP,3,120,5993,110,214,97,-102,-415,214,810,544,1069,54,36,228,5,-201,228,-602,-417,2409,74,300,1,1,1,15,3,1,1,0,0,0,5,22287,12032,34816,2045417,0,1742,65362,3788844,5918745,0,0,0,990,1000,1399,1400,6860334,65535,39321,65535,4001,4001,1,2002
MPCTASK: EXP,3,122,6091,98,171,124,-169,-530,260,706,530,803,-102,-150,228,9,-265,228,-575,-358,2345,73,300,1,1,1,15,3,1,1,0,0,0,5,22791,8838,31874,1502388,0,1742,23108,3874443,5418641,0,0,0,991,1000,1399,1400,6860334,63720,38232,65535,4099,4099,1,2002
MPCTASK: EXP,3,124,6191,75,114,149,-253,-653,292,637,329,488,-251,-335,228,11,-343,228,-550,-350,2256,72,300,1,1,1,15,3,1,1,0,0,0,5,22161,10026,33034,1704301,0,1742,125382,3767396,5615781,0,0,0,993,1000,1399,1400,6860334,65535,39321,65535,4200,4200,1,2002
MPCTASK: EXP,3,126,6290,47,44,181,-282,-763,370,517,25,158,-376,-513,228,25,-420,228,-518,-273,1884,71,300,1,1,1,15,3,1,1,0,0,0,5,24310,6440,31843,1094561,0,1742,167244,4132688,5413356,0,0,0,995,1000,1399,1400,6860334,54137,32482,65535,4299,4299,1,2002
MPCTASK: EXP,3,128,6392,17,-38,214,-278,-857,350,311,-236,-72,-466,-679,228,37,-489,228,-485,-183,1401,70,300,1,1,1,15,3,1,1,0,0,0,5,21349,10628,32564,1806692,0,1746,80008,3629205,5535881,0,0,0,996,1000,1399,1400,6860334,63604,38162,65535,4401,4401,1,2002
MPCTASK: EXP,3,130,6491,-7,-125,252,-196,-843,344,-77,-576,-234,-512,-830,228,84,-511,228,-447,-194,1597,69,300,1,1,1,15,3,1,1,0,0,0,5,21979,9380,31970,1594630,0,1742,85108,3736384,5435016,0,0,0,997,1000,1399,1400,6860334,47905,28743,65535,4501,4501,1,2002
MPCTASK: EXP,3,132,6592,-22,-213,287,-103,-835,346,-347,-474,-358,-510,-962,228,95,-542,228,-412,-181,1532,69,300,1,1,1,15,3,1,1,0,0,0,5,22985,9953,33182,1691919,0,1742,23108,3907240,5640984,0,0,0,997,1000,1399,1400,6860334,54380,32628,65535,4602,4602,1,2002
MPCTASK: EXP,3,134,6693,-32,-297,323,-25,-786,289,-607,-538,-668,-458,-1071,228,100,-553,237,-376,-182,1439,69,300,1,1,1,15,3,1,1,0,0,0,5,21965,11339,33932,1927499,0,1743,87367,3733968,5768594,0,0,0,998,1000,1399,1400,6860334,45965,27579,65535,4703,4703,1,2002
MPCTASK: EXP,3,136,6793,-36,-367,350,35,-699,212,-948,-373,-862,-364,-1156,228,82,-538,241,-349,-153,1832,69,300,1,1,1,15,3,1,1,0,0,0,5,22561,10740,33982,1825738,0,1742,96659,3835292,5776958,0,0,0,998,1000,1399,1400,6860334,45708,27425,65535,4803,4803,1,2002
MPCTASK: EXP,3,138,6890,-31,-441,375,100,-546,170,-1113,-92,-1015,-235,-1213,228,59,-506,246,-324,-180,2225,69,300,1,1,1,15,3,1,1,0,0,0,5,22360,7906,30509,1343937,0,1742,23108,3801064,5186614,0,0,0,998,1000,1399,1400,6860334,48083,28850,65535,4901,4901,1,2002
MPCTASK: EXP,3,140,6991,-20,-499,388,137,-395,111,-1173,18,-966,-85,-1242,228,36,-475,247,-311,-278,2165,69,300,1,1,1,15,3,1,1,0,0,0,5,21516,9609,31910,1633512,0,1742,114962,3657532,5424732,0,0,0,998,1000,1399,1400,6860334,48372,29023,65535,5002,5002,1,2002
MPCTASK: EXP,3,142,7093,-8,-540,396,140,-210,53,-1431,170,-607,72,-1241,228,1,-403,250,-303,-364,2221,69,300,1,1,1,15,3,1,1,0,0,0,5,23554,9865,33923,1677011,0,2649,66259,4003996,5767011,0,0,0,998,1000,1399,1400,6860334,50936,30562,65535,5104,5104,1,2002
MPCTASK: EXP,3,144,7196,0,-557,397,106,-22,-30,-1423,350,-233,220,-1211,228,-50,-328,248,-308,-331,2346,69,300,1,1,1,15,3,1,1,0,0,0,5,23965,11130,35777,1868690,0,2081,96997,4073944,6082102,0,0,0,998,1000,1399,1400,6860334,58396,35038,65535,5207,5207,1,2002
MPCTASK: EXP,3,146,7290,0,-554,390,32,186,-104,-1245,434,49,346,-1153,228,-110,-250,244,-330,-262,2429,69,300,1,1,1,15,3,1,1,0,0,0,5,21795,8804,30843,1496503,0,1742,23108,3705000,5243470,0,0,0,998,1000,1399,1400,6860334,65535,39321,65535,5302,5302,1,2002
MPCTASK: EXP,3,148,7392,-17,-528,375,-70,378,-144,-1006,389,170,436,-1068,228,-178,-170,239,-353,-192,2293,69,300,1,1,1,15,3,1,1,0,0,0,5,21025,10162,32377,1727495,0,1743,159239,3574141,5504210,0,0,0,998,1000,1399,1400,6860334,65535,39321,65535,5404,5404,1,2002
MPCTASK: EXP,3,150,7497,-42,-489,354,-172,501,-163,-618,399,299,482,-957,228,-239,-94,234,-378,-100,2340,69,300,1,1,1,15,3,1,1,0,0,0,5,25452,11838,37777,2012430,0,1742,23108,4326800,6422233,0,0,0,998,1000,1399,1400,6860334,65535,39321,65535,5509,5509,1,2002
MPCTASK: EXP,3,152,7595,-88,-437,334,-286,580,-193,-361,388,447,479,-825,228,-309,-32,228,-403,-204,2173,69,300,1,1,1,15,3,1,1,0,0,0,5,22615,10998,34511,1869533,0,1742,70301,3844512,5866953,0,0,0,997,1000,1399,1400,6860334,65535,39321,65535,5608,5608,1,2002
MPCTASK: EXP,3,154,7696,-138,-397,309,-364,591,-291,-286,232,532,428,-673,228,-360,18,228,-449,-192,2632,70,300,1,1,1,15,3,1,1,0,0,0,5,27524,8077,35953,1373095,0,1742,40526,4678996,6112095,0,0,0,997,1000,1399,1400,6860334,65535,39321,65535,5709,5709,1,2002
MPCTASK: EXP,3,156,7799,-195,-359,281,-437,616,-251,-494,191,504,333,-506,228,-412,86,228,-468,-236,2578,69,300,1,1,1,15,3,1,1,0,0,0,5,27358,10289,38700,1749086,0,1742,52555,4650732,6579151,0,0,0,996,1000,1399,1400,6860334,65535,39321,65535,5812,5812,1,2002
MPCTASK: EXP,3,158,7894,-250,-322,262,-490,643,-225,-454,44,468,204,-328,228,-428,137,228,-483,-292,2296,69,300,1,1,1,15,3,1,1,0,0,0,5,24594,8379,33973,1424248,0,1742,53775,4180876,5775408,0,0,0,994,1000,1399,1400,6860334,65535,39321,65535,5907,5907,1,2002
MPCTASK: EXP,3,160,7996,-328,-261,247,-514,717,-89,-392,-378,268,54,-143,228,-431,204,228,-470,-258,2173,69,300,1,1,1,15,3,1,1,0,0,0,5,22661,11434,34838,1943598,0,1742,24257,3852369,5922606,0,0,0,994,1000,1399,1400,6860334,65535,39321,65535,6009,6009,1,2002
MPCTASK: EXP,3,162,8090,-380,-207,238,-437,744,-41,-349,-629,155,-102,43,228,-397,261,228,-470,-270,2245,69,300,1,1,1,15,3,1,1,0,0,0,5,20886,8289,30039,1408956,0,1742,127534,3550500,5106680,0,0,0,993,1000,1399,1400,6860334,63539,38123,65535,6104,6104,1,2002
MPCTASK: EXP,3,164,8196,-416,-136,242,-291,799,106,-306,-798,47,-251,227,228,-335,329,228,-457,-196,1795,69,300,1,1,1,15,3,1,1,0,0,0,5,22766,12083,35343,2054041,0,1744,65901,3870085,6008531,0,0,0,994,1000,1399,1400,6860334,65535,39321,65535,6209,6209,1,2002
MPCTASK: EXP,3,166,8294,-424,-76,253,-118,811,176,-192,-908,10,-376,405,228,-252,367,228,-446,-158,1646,69,300,1,1,1,15,3,1,1,0,0,0,5,23119,8714,32329,1481298,0,1742,65429,3930206,5496026,0,0,0,995,1000,1399,1400,6860334,59327,35596,65535,6308,6308,1,2002
MPCTASK: EXP,3,168,8398,-427,-2,270,33,820,172,-122,-814,31,-466,571,228,-192,417,228,-429,-124,1364,69,300,1,1,1,15,3,1,1,0,0,0,5,24241,11666,37110,1983147,0,1742,24655,4120896,6308707,0,0,0,996,1000,1399,1400,6860334,59702,35821,65535,6413,6413,1,2002
MPCTASK: EXP,3,170,8494,-416,65,287,169,801,137,-30,-843,5,-512,722,228,-124,443,228,-412,-151,1651,69,300,1,1,1,15,3,1,1,0,0,0,5,22144,9036,32656,1535982,0,1743,134674,3764336,5551640,0,0,0,997,1000,1399,1400,6860334,55232,33139,65535,6509,6509,1,2002
MPCTASK: EXP,3,172,8594,-388,147,299,315,802,90,45,-753,-58,-509,854,228,-63,488,228,-400,-177,1797,69,300,1,1,1,15,3,1,1,0,0,0,5,21824,10300,33137,1750945,0,1742,153556,3709956,5633358,0,0,0,997,1000,1399,1400,6860334,60170,36102,65535,6609,6609,1,2002
MPCTASK: EXP,3,174,8694,-349,217,304,435,761,52,187,-656,-71,-458,963,228,-11,502,228,-395,-149,1616,69,300,1,1,1,15,3,1,1,0,0,0,5,23143,9293,33482,1579783,0,1742,158320,3934324,5692043,0,0,0,998,1000,1399,1400,6860334,56767,34060,65535,6710,6710,1,2002
MPCTASK: EXP,3,176,8797,-323,279,311,473,690,44,344,-455,-53,-364,1048,228,-12,493,228,-388,-135,1471,69,300,1,1,1,15,3,1,1,0,0,0,5,23750,11399,35728,1937723,0,1953,79799,4037444,6073773,0,0,0,998,1000,1399,1400,6860334,57412,34447,65535,6813,6813,1,2002
MPCTASK: EXP,3,178,8895,-268,349,316,554,630,19,462,-378,-74,-235,1105,228,22,497,229,-383,-210,1954,69,300,1,1,1,15,3,1,1,0,0,0,5,23970,9823,34039,1669852,0,1748,23269,4074888,5786697,0,0,0,998,1000,1399,1400,6860334,58442,35065,65535,6911,6911,1,2002
MPCTASK: EXP,3,180,8992,-207,400,316,603,519,-10,626,-79,-93,-84,1134,228,32,469,228,-385,-227,2158,69,300,1,1,1,15,3,1,1,0,0,0,5,20453,9946,30886,1690865,0,1742,23108,3476848,5250602,0,0,0,998,1000,1399,1400,6860334,57399,34439,65535,7008,7008,1,2002
MPCTASK: EXP,3,182,9095,-142,435,315,603,384,-31,687,197,-124,72,1133,228,32,421,228,-390,-192,2158,69,300,1,1,1,15,3,1,1,0,0,0,5,23954,9079,33522,1543312,0,1742,63825,4072012,5698768,0,0,0,998,1000,1399,1400,6860334,58431,35059,65535,7112,7112,1,2002
MPCTASK: EXP,3,184,9199,-66,474,313,578,275,-28,756,563,-270,220,1104,228,21,389,228,-391,-256,2175,69,300,1,1,1,15,3,1,1,0,0,0,5,23785,11324,37337,1924952,0,1742,294975,4043364,6347476,0,0,0,998,1000,1399,1400,6860334,56232,33739,65535,7216,7216,1,2002
MPCTASK: EXP,3,186,9296,-3,497,316,463,136,25,1075,765,-592,345,1046,228,0,303,229,-383,-282,2236,69,300,1,1,1,15,3,1,1,0,0,0,5,25443,8653,34921,1471044,0,98641,24629,4325252,5936552,0,0,0,998,1000,1399,1400,6860334,48623,29174,65535,7313,7313,1,2002
MPCTASK: EXP,3,188,9396,50,490,320,338,-88,54,1276,687,-853,435,961,228,-10,189,231,-379,-148,2349,69,300,1,1,1,15,3,1,1,0,0,0,5,24471,10047,35011,1707923,0,1743,65337,4159956,5951934,0,0,0,998,1000,1399,1400,6860334,46247,27748,65535,7413,7413,1,2002
MPCTASK: EXP,3,190,9498,64,465,323,151,-298,39,1193,894,-949,480,851,228,-91,85,231,-376,-178,2314,69,300,1,1,1,15,3,1,1,0,0,0,5,25200,10180,36118,1730549,0,1742,65716,4283956,6140180,0,0,0,998,1000,1399,1400,6860334,53965,32379,65535,7515,7515,1,2002
MPCTASK: EXP,3,192,9599,71,409,326,-29,-519,19,1214,789,-1039,477,719,228,-131,-49,231,-373,-335,2226,69,300,1,1,1,15,3,1,1,0,0,0,5,24773,12066,37457,2051090,0,1742,87102,4211320,6367873,0,0,0,997,1000,1399,1400,6860334,50350,30210,65535,7617,7617,1,2002
MPCTASK: EXP,3,194,9697,79,342,328,-164,-705,15,1065,721,-1149,426,568,228,-149,-175,232,-371,-280,2213,69,300,1,1,1,15,3,1,1,0,0,0,5,26423,9384,36138,1595217,0,1742,37770,4491792,6143545,0,0,0,997,1000,1399,1400,6860334,50290,30174,65535,7715,7715,1,2002
MPCTASK: EXP,3,196,9793,56,243,324,-322,-886,-25,707,721,-1182,331,401,228,-200,-293,229,-380,-99,2019,69,300,1,1,1,15,3,1,1,0,0,0,5,20806,10634,31954,1807750,0,1743,67762,3536804,5432256,0,0,0,996,1000,1399,1400,6860334,42626,25576,65535,7811,7811,1,2002
MPCTASK: EXP,3,198,9897,31,157,320,-423,-924,-14,221,564,-1232,203,223,228,-204,-357,229,-382,-229,2139,69,300,1,1,1,15,3,1,1,0,0,0,5,24738,9055,34651,1539376,0,2038,127044,4205372,5890793,0,0,0,995,1000,1399,1400,6860334,43483,26090,65535,7916,7916,1,2002
MPCTASK: EXP,3,200,9995,-4,74,318,-472,-904,-20,-61,267,-1299,53,37,228,-191,-403,228,-385,-179,1991,69,300,1,1,1,15,3,1,1,0,0,0,5,22627,10065,33010,1710897,0,1743,35144,3846600,5611766,0,0,0,993,1000,1399,1400,6860334,47771,28663,65535,8014,8014,1,2002
MPCTASK: EXP,3,202,10101,-35,8,317,-442,-831,-65,-141,-161,-1255,-101,-151,228,-140,-434,228,-395,-118,1748,69,300,1,1,1,15,3,1,1,0,0,0,5,27367,10363,38502,1761608,0,1742,112887,4652328,6545392,0,0,0,992,1000,1399,1400,6860334,42085,25251,65535,8120,8120,1,2002
MPCTASK: EXP,3,204,10197,-65,-81,312,-373,-825,-66,-274,-298,-1183,-247,-339,228,-98,-491,228,-401,-189,1960,69,300,1,1,1,15,3,1,1,0,0,0,5,22590,11237,34876,1910132,0,1742,158644,3840108,5929007,0,0,0,993,1000,1399,1400,6860334,58473,35084,65535,8216,8216,1,2002
MPCTASK: EXP,3,206,10299,-81,-149,305,-253,-779,-107,-203,-618,-1016,-369,-521,228,-35,-518,228,-416,-225,2228,69,300,1,1,1,15,3,1,1,0,0,0,5,25370,9837,35920,1672230,0,1743,63827,4312805,6106415,0,0,0,995,1000,1399,1400,6860334,50014,30008,65535,8318,8318,1,2002
MPCTASK: EXP,3,208,10396,-88,-230,292,-128,-757,-181,-364,-529,-701,-456,-692,228,6,-550,228,-443,-274,2230,69,300,1,1,1,15,3,1,1,0,0,0,5,20648,12624,33991,2145979,0,1742,103671,3510076,5778709,0,0,0,996,1000,1399,1400,6860334,61038,36623,65535,8416,8416,1,2002
MPCTASK: EXP,3,210,10500,-91,-296,278,-9,-699,-180,-274,-666,-538,-498,-847,228,50,-559,228,-457,-263,2399,69,300,1,1,1,15,3,1,1,0,0,0,5,25446,11264,37522,1914814,0,1742,119647,4325733,6378887,0,0,0,996,1000,1399,1400,6860334,55465,33279,65535,8520,8520,1,2002
MPCTASK: EXP,3,212,10593,-83,-362,261,116,-637,-144,-579,-532,-256,-493,-981,228,69,-526,228,-467,-162,1966,69,300,1,1,1,15,3,1,1,0,0,0,5,19904,10801,30961,1836126,0,1893,24521,3383640,5263587,0,0,0,997,1000,1399,1400,6860334,64338,38603,65535,8613,8613,1,2002
MPCTASK: EXP,3,214,10697,-74,-407,251,190,-471,-111,-741,-457,172,-442,-1090,228,71,-470,228,-470,-339,2256,69,300,1,1,1,15,3,1,1,0,0,0,5,23925,9349,33885,1589213,0,1742,85144,4067252,5760566,0,0,0,997,1000,1399,1400,6860334,65535,39321,65535,8717,8717,1,2002
MPCTASK: EXP,3,216,10799,-57,-440,235,240,-335,-182,-634,-415,432,-353,-1168,227,70,-429,227,-500,-333,2372,69,300,1,1,1,15,3,1,1,0,0,0,5,23044,11832,36542,2011434,0,1742,241183,3917376,6212332,0,0,0,997,1000,1399,1400,6874400,65535,39321,65535,8820,8820,1,2002
MPCTASK: EXP,3,218,10897,-43,-452,214,258,-177,-210,-780,-302,688,-237,-1211,227,48,-343,227,-527,-454,2473,70,300,1,1,1,15,3,1,1,0,0,0,5,21836,11362,35140,1931352,0,1742,310751,3712012,5974043,0,0,0,997,1000,1399,1400,6874400,65535,39321,65535,8918,8918,1,2002
MPCTASK: EXP,3,220,10997,-24,-445,190,251,4,-246,-701,14,857,-109,-1215,227,14,-276,227,-559,-431,2791,71,300,1,1,1,15,3,1,1,0,0,0,5,19885,13235,33935,2249818,0,2080,119685,3380352,5768978,0,0,0,996,1000,1399,1400,6874400,65535,39321,65535,9018,9018,1,2002
MPCTASK: EXP,3,222,11100,-12,-420,167,192,179,-248,-821,162,943,15,-1177,227,-19,-193,227,-581,-548,2739,72,300,1,1,1,15,3,1,1,0,0,0,5,24260,8250,34493,1402455,0,1742,317565,4124160,5863857,0,0,0,996,1000,1399,1400,6874400,65535,39321,65535,9121,9121,1,2002
MPCTASK: EXP,3,224,11199,-18,-383,141,73,332,-261,-655,295,927,121,-1097,227,-64,-137,227,-610,-485,2990,73,300,1,1,1,15,3,1,1,0,0,0,5,22971,9561,33352,1625324,0,1743,23113,3905044,5669938,0,0,0,996,1000,1399,1400,6874400,65535,39321,65535,9220,9220,1,2002
MPCTASK: EXP,3,226,11302,-26,-341,108,-31,457,-244,-543,314,768,194,-978,228,-89,-106,228,-640,-484,2489,74,300,1,1,1,15,3,1,1,0,0,0,5,25068,11314,36629,1923307,0,1742,23108,4261488,6227029,0,0,0,996,1000,1399,1400,6874400,65535,39321,65535,9324,9324,1,2002
MPCTASK: EXP,3,228,11399,-45,-278,82,-144,569,-180,-98,243,520,228,-826,228,-113,-71,228,-653,-396,2335,75,300,1,1,1,15,3,1,1,0,0,0,5,21241,11397,33128,1937449,0,1742,23108,3610893,5631801,0,0,0,996,1000,1399,1400,6874400,65535,39321,65535,9421,9421,1,2002
MPCTASK: EXP,3,230,11500,-71,-215,74,-235,588,-13,320,48,365,221,-653,228,-128,-60,228,-628,-396,2291,75,300,1,1,1,15,3,1,1,0,0,0,5,23638,10391,34381,1766367,0,1914,23951,4018240,5844772,0,0,0,996,1000,1399,1400,6874400,65535,39321,65535,9522,9522,1,2002
MPCTASK: EXP,3,232,11595,-100,-156,83,-266,501,137,667,-132,221,180,-474,228,-139,-63,228,-616,-424,2364,75,300,1,1,1,15,3,1,1,0,0,0,5,19438,9953,30292,1691882,0,2139,34443,3304252,5149729,0,0,0,996,1000,1399,1400,6874400,65535,39321,65535,9618,9618,1,2002
MPCTASK: EXP,3,234,11700,-124,-126,109,-210,238,291,891,-431,62,119,-309,228,-124,-104,228,-590,-408,2386,74,300,1,1,1,15,3,1,1,0,0,0,5,22341,11413,34000,1940268,0,1742,23108,3797808,5780177,0,0,0,995,1000,1399,1400,6874400,60577,36346,65535,9723,9723,1,2002
MPCTASK: EXP,3,236,11798,-136,-115,137,-73,50,358,565,-430,-105,55,-176,228,-129,-44,228,-562,-85,1335,73,300,1,1,1,15,3,1,1,0,0,0,5,21448,9546,31979,1622692,0,2649,147490,3646168,5436515,0,0,0,994,1000,1399,1400,6874400,53534,32120,65535,9821,9821,1,2002
MPCTASK: EXP,3,238,11900,-137,-118,171,8,-21,369,-36,-139,-152,8,-91,228,-173,57,228,-528,-209,1479,72,300,1,1,1,15,3,1,1,0,0,0,5,26100,8376,34721,1423958,0,1742,23108,4437045,5902668,0,0,0,993,1000,1399,1400,6874400,53248,31949,65535,9923,9923,1,2002
MPCTASK: EXP,3,240,11999,-132,-122,208,46,-14,319,-273,-120,-347,-12,-57,228,-177,144,228,-491,-150,1151,70,300,1,1,1,15,3,1,1,0,0,0,5,22696,11188,34240,1901871,0,1742,23108,3858272,5820957,0,0,0,991,1000,1399,1400,6874400,41590,24954,65535,10023,10023,1,2002
MPCTASK: EXP,3,242,12105,-125,-121,230,55,59,198,-928,318,-480,-15,-53,228,-185,244,228,-469,-164,2335,69,300,1,1,1,15,3,1,1,0,0,0,5,28432,10507,39429,1786269,0,1742,63809,4833368,6703141,0,0,0,989,1000,1399,1400,6874400,58198,34919,65535,10129,10129,1,2002
MPCTASK: EXP,3,244,12196,-121,-107,253,0,242,165,-1087,533,-392,-19,-46,228,-151,288,228,-446,-279,2324,69,300,1,1,1,15,3,1,1,0,0,0,5,19244,10292,30890,1749435,0,1743,82498,3271361,5251285,0,0,0,989,1000,1399,1400,6874400,52799,31679,65535,10221,10221,1,2002
MPCTASK: EXP,3,246,12300,-125,-74,269,-80,438,125,-1211,449,-126,-44,0,228,-119,360,228,-430,-389,2270,69,300,1,1,1,15,3,1,1,0,0,0,5,23076,10593,34437,1800692,0,1742,112123,3922914,5854308,0,0,0,989,1000,1399,1400,6874400,65334,39200,65535,10324,10324,1,2002
MPCTASK: EXP,3,248,12395,-140,-20,275,-138,620,8,-995,22,51,-91,98,228,-73,408,228,-424,-115,2348,69,300,1,1,1,15,3,1,1,0,0,0,5,19385,10461,30160,1778226,0,1743,33600,3295372,5127175,0,0,0,989,1000,1399,1400,6874400,65535,39321,65535,10420,10420,1,2002
MPCTASK: EXP,3,250,12500,-157,45,264,-119,736,-77,-577,-449,35,-148,243,228,-22,449,228,-451,-240,2179,69,300,1,1,1,15,3,1,1,0,0,0,5,23076,10027,33977,1704522,0,1742,23108,3922780,5776213,0,0,0,989,1000,1399,1400,6874400,61952,37171,65535,10525,10525,1,2002
MPCTASK: EXP,3,252,12600,-156,104,258,13,757,-15,-226,-731,-6,-194,417,228,52,452,228,-444,-261,2243,69,300,1,1,1,15,3,1,1,0,0,0,5,22862,10363,34034,1761695,0,1743,87441,3886484,5786233,0,0,0,991,1000,1399,1400,6874400,58984,35390,65535,10625,10625,1,2002
MPCTASK: EXP,3,254,12697,-147,172,260,158,745,44,27,-742,-101,-216,599,228,95,467,228,-439,-235,2168,69,300,1,1,1,15,3,1,1,0,0,0,5,24008,7341,31978,1248033,0,1931,87281,4081352,5436464,0,0,0,993,1000,1399,1400,6874400,58594,35156,65535,10723,10723,1,2002
MPCTASK: EXP,3,256,12796,-139,251,269,252,727,102,296,-715,-220,-200,768,228,112,482,228,-430,-225,1970,69,300,1,1,1,15,3,1,1,0,0,0,5,20408,7666,30302,1303108,0,2174,24259,3469173,5151279,0,0,0,995,1000,1399,1400,6874400,54810,32886,65535,10821,10821,1,2002
MPCTASK: EXP,3,258,12898,-106,317,280,367,645,100,520,-537,-266,-146,911,227,132,472,227,-419,-217,1866,69,300,1,1,1,15,3,1,1,0,0,0,5,24307,7565,32372,1285974,0,1742,65514,4132212,5503358,0,0,0,996,1000,1399,1400,6874400,56757,34054,65535,10924,10924,1,2002
MPCTASK: EXP,3,260,12999,-60,371,288,446,522,63,696,-254,-274,-57,1017,227,140,443,227,-411,-210,1974,69,300,1,1,1,15,3,1,1,0,0,0,5,21428,11334,33109,1926690,0,1742,40700,3642568,5628869,0,0,0,997,1000,1399,1400,6874400,55802,33481,65535,11025,11025,1,2002
MPCTASK: EXP,3,262,13097,9,390,292,516,340,19,796,75,-352,55,1080,227,157,367,227,-407,-290,2178,69,300,1,1,1,15,3,1,1,0,0,0,5,20942,9039,31540,1536602,0,2176,111884,3560077,5361976,0,0,0,997,1000,1399,1400,6874400,53336,32002,65535,11123,11123,1,2002
MPCTASK: EXP,3,264,13207,70,416,294,487,207,4,776,502,-444,178,1099,227,126,321,227,-405,-259,2196,69,300,1,1,1,15,3,1,1,0,0,0,5,29344,11251,41766,1912513,0,1742,44145,4988436,7100249,0,0,0,997,1000,1399,1400,7100249,60106,36064,65535,11234,11234,1,2002
MPCTASK: EXP,3,266,13300,105,437,297,348,85,9,934,724,-233,295,1076,227,76,260,227,-402,-284,2230,69,300,1,1,1,15,3,1,1,0,0,0,5,24210,9304,34157,1581656,0,1743,87829,4115704,5806859,0,0,0,998,1000,1399,1400,7100249,59566,35740,65535,11327,11327,1,2002
MPCTASK: EXP,3,268,13397,124,434,295,207,-79,-88,1122,810,110,390,1014,227,26,158,227,-421,-234,2367,69,300,1,1,1,15,3,1,1,0,0,0,5,20626,9266,30596,1575165,0,2649,23420,3506320,5201376,0,0,0,997,1000,1399,1400,7100249,65535,39321,65535,11425,11425,1,2002
MPCTASK: EXP,3,270,13501,154,402,275,139,-272,-301,995,849,712,451,918,228,8,52,228,-485,-441,2784,70,300,1,1,1,15,3,1,1,0,0,0,5,22484,11159,34104,1896931,0,1742,59738,3822120,5797634,0,0,0,996,1000,1399,1400,7100249,65535,39321,65535,11528,11528,1,2002
MPCTASK: EXP,3,272,13599,156,372,229,39,-396,-593,766,910,1225,468,794,228,-27,-17,228,-589,-1287,3445,72,300,1,1,1,15,3,1,1,0,0,0,5,22770,9309,32932,1582533,0,1743,126409,3870848,5598571,0,0,0,994,1000,1399,1400,7100249,65535,39321,65535,11627,11627,1,2002
MPCTASK: EXP,3,274,13702,161,345,153,-26,-471,-935,736,965,1410,439,645,228,-39,-80,228,-733,-1968,2716,78,300,1,1,1,15,3,1,1,0,0,0,5,24518,10540,35571,1791687,0,1742,68192,4168045,6047187,0,0,0,990,1000,1399,1400,7100249,65535,39321,65535,11730,11730,1,2002
MPCTASK: EXP,3,276,13800,159,312,55,-94,-550,-1146,750,896,1358,365,479,228,-48,-151,228,-874,-2276,2701,83,300,1,1,1,15,3,1,1,0,0,0,5,22155,10042,33239,1706908,0,1742,128084,3766200,5650691,0,0,0,985,1000,1399,1400,7100249,60359,36215,65535,11829,11829,1,2002
MPCTASK: EXP,3,278,13899,285,358,34,152,-436,328,674,516,1305,253,300,228,190,-97,228,-665,-158,2574,77,300,1,1,1,15,3,1,1,0,0,0,5,21901,9415,31852,1600452,0,1743,71989,3723024,5414838,0,0,0,987,1000,1399,1400,7100249,65535,39321,65535,11928,11928,1,2002
MPCTASK: EXP,3,280,14000,252,331,66,-62,-521,207,954,873,1259,113,114,228,108,-142,228,-633,-558,2443,75,300,1,1,1,15,3,1,1,0,0,0,5,20854,10598,32586,1801528,0,1742,23108,3545188,5539738,0,0,0,990,1000,1399,1400,7100249,65535,39321,65535,12029,12029,1,2002
MPCTASK: EXP,3,282,14099,224,288,105,-229,-598,254,835,821,1178,-40,-75,228,63,-206,228,-594,-358,2373,74,300,1,1,1,15,3,1,1,0,0,0,5,22756,8876,31880,1508572,0,1742,23113,3868372,5419711,0,0,0,992,1000,1399,1400,7100249,65535,39321,65535,12128,12128,1,2002
MPCTASK: EXP,3,284,14199,189,230,121,-353,-710,58,933,521,1174,-192,-263,228,58,-292,228,-578,-495,2386,73,300,1,1,1,15,3,1,1,0,0,0,5,18986,11263,30842,1914648,0,2045,63475,3227505,5243311,0,0,0,994,1000,1399,1400,7100249,65535,39321,65535,12228,12228,1,2002
MPCTASK: EXP,3,286,14299,154,159,123,-367,-814,-46,870,277,929,-328,-445,228,63,-375,228,-586,-492,2413,73,300,1,1,1,15,3,1,1,0,0,0,5,22350,9265,32018,1575075,0,2622,48405,3799340,5443177,0,0,0,996,1000,1399,1400,7100249,65535,39321,65535,12329,12329,1,2002
MPCTASK: EXP,3,288,14400,115,65,107,-380,-1003,-90,733,-81,641,-433,-617,228,81,-490,228,-610,-451,2405,74,300,1,1,1,15,3,1,1,0,0,0,5,23408,7553,32638,1284037,0,1742,166732,3979332,5548545,0,0,0,997,1000,1399,1400,7100249,65535,39321,65535,12430,12430,1,2002
MPCTASK: EXP,3,290,14500,81,-42,108,-302,-1108,37,275,-462,359,-498,-774,228,117,-558,228,-591,-319,2073,74,300,1,1,1,15,3,1,1,0,0,0,5,22818,9210,32935,1565407,0,1857,104320,3879096,5599004,0,0,0,997,1000,1399,1400,7100249,65535,39321,65535,12530,12530,1,2002
MPCTASK: EXP,3,292,14606,58,-158,118,-172,-1138,224,-238,-587,154,-515,-914,228,148,-610,228,-581,-384,2271,74,300,1,1,1,15,3,1,1,0,0,0,5,27071,9580,38011,1628615,0,1900,212670,4602021,6462012,0,0,0,998,1000,1399,1400,7100249,65535,39321,65535,12636,12636,1,2002
MPCTASK: EXP,3,294,14698,51,-264,155,-32,-1035,395,-524,-614,270,-483,-1032,228,179,-628,228,-544,-274,1871,72,300,1,1,1,15,3,1,1,0,0,0,5,21378,9352,31021,1589747,0,1743,30996,3634164,5273709,0,0,0,998,1000,1399,1400,7100249,65535,39321,65535,12729,12729,1,2002
MPCTASK: EXP,3,296,14802,55,-367,195,64,-954,320,-669,-628,519,-405,-1126,228,203,-651,228,-504,-265,1944,71,300,1,1,1,15,3,1,1,0,0,0,5,22610,10699,34162,1818781,0,1742,126749,3843681,5807601,0,0,0,998,1000,1399,1400,7100249,65535,39321,65535,12833,12833,1,2002
MPCTASK: EXP,3,298,14900,65,-456,222,139,-811,206,-1016,-532,652,-289,-1194,228,196,-624,228,-477,-346,2297,70,300,1,1,1,15,3,1,1,0,0,0,5,21921,9893,32198,1681806,0,1742,46572,3726552,5473721,0,0,0,997,1000,1399,1400,7100249,65535,39321,65535,12931,12931,1,2002
MPCTASK: EXP,3,300,15001,75,-527,240,176,-609,173,-1212,-428,653,-146,-1234,228,176,-579,228,-459,-249,2390,69,300,1,1,1,15,3,1,1,0,0,0,5,23951,8567,33876,1456295,0,1743,212575,4071556,5758983,0,0,0,997,1000,1399,1400,7100249,65535,39321,65535,13033,13033,1,2002
MPCTASK: EXP,3,302,15100,85,-571,257,191,-366,178,-1307,-267,482,9,-1245,228,142,-501,228,-442,-331,2369,69,300,1,1,1,15,3,1,1,0,0,0,5,22557,9364,32955,1591941,0,1743,155898,3834592,5602535,0,0,0,997,1000,1399,1400,7100249,60782,36469,65535,13132,13132,1,2002
MPCTASK: EXP,3,304,15199,100,-590,279,189,-107,229,-1308,22,292,163,-1227,228,96,-409,228,-420,-359,2291,69,300,1,1,1,15,3,1,1,0,0,0,5,21369,9563,31457,1625553,0,1742,23108,3632700,5347795,0,0,0,997,1000,1399,1400,7100249,56868,34121,65535,13231,13231,1,2002
MPCTASK: EXP,3,306,15302,111,-587,299,140,116,208,-1199,345,119,299,-1180,228,36,-315,228,-400,-265,2289,69,300,1,1,1,15,3,1,1,0,0,0,5,22074,10295,33012,1750098,0,1776,89840,3752472,5612190,0,0,0,997,1000,1399,1400,7100249,57968,34781,65535,13334,13334,1,2002
MPCTASK: EXP,3,308,15400,115,-559,316,56,321,141,-1056,567,-3,404,-1105,228,-30,-211,228,-383,-254,2240,69,300,1,1,1,15,3,1,1,0,0,0,5,19512,11429,31549,1942918,0,1745,23272,3316952,5363323,0,0,0,997,1000,1399,1400,7100249,59905,35943,65535,13433,13433,1,2002
MPCTASK: EXP,3,310,15500,113,-517,331,-52,486,98,-904,718,-34,469,-1004,228,-91,-110,228,-368,-136,1770,69,300,1,1,1,15,3,1,1,0,0,0,5,21831,9903,31979,1683419,0,1742,23108,3711192,5436516,0,0,0,997,1000,1399,1400,7100249,59432,35659,65535,13533,13533,1,2002
MPCTASK: EXP,3,312,15602,104,-462,338,-167,621,48,-719,739,-44,486,-880,228,-141,-16,228,-361,-178,1877,69,300,1,1,1,15,3,1,1,0,0,0,5,21264,12198,34127,2073614,0,1742,92744,3614708,5801692,0,0,0,997,1000,1399,1400,7100249,62032,37219,65535,13635,13635,1,2002
MPCTASK: EXP,3,314,15700,77,-397,344,-301,719,34,-544,700,76,454,-736,228,-192,72,228,-355,-229,2018,69,300,1,1,1,15,3,1,1,0,0,0,5,22084,9905,32341,1683709,0,1742,41302,3754201,5498172,0,0,0,997,1000,1399,1400,7100249,65535,39321,65535,13734,13734,1,2002
MPCTASK: EXP,3,316,15801,31,-326,343,-415,774,-67,-321,565,326,376,-575,228,-246,145,228,-370,-170,2105,69,300,1,1,1,15,3,1,1,0,0,0,5,22413,9374,32099,1593495,0,1748,34393,3810168,5457016,0,0,0,996,1000,1399,1400,7100249,65535,39321,65535,13834,13834,1,2002
MPCTASK: EXP,3,318,15902,-18,-264,333,-504,768,-148,-119,359,440,259,-401,228,-270,195,228,-396,-156,2170,69,300,1,1,1,15,3,1,1,0,0,0,5,23615,9111,33316,1548846,0,1742,65411,4014425,5663760,0,0,0,995,1000,1399,1400,7100249,65535,39321,65535,13935,13935,1,2002
MPCTASK: EXP,3,320,16003,-79,-208,311,-564,741,-245,-86,190,551,116,-218,228,-296,238,228,-437,-181,2197,69,300,1,1,1,15,3,1,1,0,0,0,5,20675,12913,34695,2195184,0,1742,102969,3514536,5898253,0,0,0,992,1000,1399,1400,7100249,65535,39321,65535,14037,14037,1,2002
MPCTASK: EXP,3,322,16102,-140,-162,283,-573,692,-279,20,-131,355,-40,-31,228,-286,253,228,-471,-168,2220,70,300,1,1,1,15,3,1,1,0,0,0,5,23219,9586,33524,1629422,0,1742,93257,3947179,5699052,0,0,0,990,1000,1399,1400,7100249,65535,39321,65535,14137,14137,1,2002
MPCTASK: EXP,3,324,16203,-210,-127,263,-526,633,-181,-101,-604,69,-193,154,228,-262,271,228,-473,-319,2268,69,300,1,1,1,15,3,1,1,0,0,0,5,22556,11630,34934,1977029,0,1742,89085,3834504,5938996,0,0,0,990,1000,1399,1400,7100249,65535,39321,65535,14238,14238,1,2002
MPCTASK: EXP,3,326,16303,-255,-100,253,-374,588,-59,-176,-963,-122,-330,335,228,-191,277,228,-458,-309,2367,69,300,1,1,1,15,3,1,1,0,0,0,5,24961,9751,34957,1657690,0,1742,23108,4243284,5942853,0,0,0,992,1000,1399,1400,7100249,62059,37235,65535,14338,14338,1,2002
MPCTASK: EXP,3,328,16401,-277,-62,255,-170,590,93,-352,-981,-220,-435,506,228,-119,312,228,-444,-193,2141,69,300,1,1,1,15,3,1,1,0,0,0,5,23053,9533,33429,1620526,0,1900,74476,3918951,5683009,0,0,0,994,1000,1399,1400,7100249,63230,37938,65535,14437,14437,1,2002
MPCTASK: EXP,3,330,16502,-270,-25,266,43,599,145,-423,-911,-307,-500,664,228,-42,342,228,-433,-317,2206,69,300,1,1,1,15,3,1,1,0,0,0,5,22580,10422,33527,1771549,0,1743,70119,3838468,5699548,0,0,0,996,1000,1399,1400,7100249,49667,29800,65535,14538,14538,1,2002
MPCTASK: EXP,3,332,16603,-248,23,282,207,651,184,-557,-708,-487,-517,804,228,24,386,228,-417,-233,1941,69,300,1,1,1,15,3,1,1,0,0,0,5,22932,10967,34377,1864296,0,1742,63317,3898260,5844269,0,0,0,997,1000,1399,1400,7100249,54719,32831,65535,14639,14639,1,2002
MPCTASK: EXP,3,334,16705,-222,77,296,333,682,152,-325,-680,-656,-484,923,228,73,405,228,-403,-168,1609,69,300,1,1,1,15,3,1,1,0,0,0,5,27900,8953,37098,1521849,0,1742,23108,4742920,6306676,0,0,0,997,1000,1399,1400,7100249,51086,30652,65535,14741,14741,1,2002
MPCTASK: EXP,3,336,16802,-184,136,308,433,691,94,-132,-530,-658,-406,1017,228,111,416,228,-391,-177,1675,69,300,1,1,1,15,3,1,1,0,0,0,5,22721,9484,32758,1612147,0,1742,74417,3862540,5568830,0,0,0,998,1000,1399,1400,7100249,55226,33136,65535,14838,14838,1,2002
MPCTASK: EXP,3,338,16900,-130,200,313,522,678,30,100,-346,-603,-290,1086,228,142,425,228,-386,-183,1871,69,300,1,1,1,15,3,1,1,0,0,0,5,20548,8801,29868,1495964,0,1742,69836,3493225,5077608,0,0,0,998,1000,1399,1400,7100249,56761,34057,65535,14936,14936,1,2002
MPCTASK: EXP,3,340,17002,-71,261,315,565,619,1,436,-81,-541,-146,1126,228,151,405,228,-384,-193,1956,69,300,1,1,1,15,3,1,1,0,0,0,5,22548,9956,32931,1692497,0,1742,23108,3833064,5598331,0,0,0,998,1000,1399,1400,7100249,55119,33071,65535,15039,15039,1,2002
MPCTASK: EXP,3,342,17101,-5,300,317,572,492,-12,612,206,-468,9,1137,228,150,357,228,-384,-235,2142,69,300,1,1,1,15,3,1,1,0,0,0,5,20623,10437,32090,1774182,0,1742,154640,3505868,5455323,0,0,0,998,1000,1399,1400,7100249,57981,34789,65535,15138,15138,1,2002
MPCTASK: EXP,3,344,17200,72,328,316,551,349,-39,749,593,-411,163,1119,228,144,298,228,-391,-255,2173,69,300,1,1,1,15,3,1,1,0,0,0,5,19902,9945,31025,1690535,0,1742,85129,3383376,5274343,0,0,0,998,1000,1399,1400,7100249,59682,35809,65535,15237,15237,1,2002
MPCTASK: EXP,3,346,17303,117,359,313,418,228,-65,868,779,-387,299,1072,228,96,249,228,-399,-172,2299,69,300,1,1,1,15,3,1,1,0,0,0,5,23462,9456,33525,1607402,0,1745,23272,3988444,5699300,0,0,0,998,1000,1399,1400,7100249,54660,32796,65535,15341,15341,1,2002
MPCTASK: EXP,3,348,17400,150,363,306,260,58,-70,915,863,-478,405,997,228,44,171,228,-407,-157,2348,69,300,1,1,1,15,3,1,1,0,0,0,5,21352,9333,30991,1586381,0,1742,33174,3629752,5268636,0,0,0,998,1000,1399,1400,7343031,56835,34101,65535,15438,15438,1,2002
MPCTASK: EXP,3,350,17501,166,368,297,89,-77,-68,971,848,-627,469,897,228,-11,102,228,-416,-177,2359,69,300,1,1,1,15,3,1,1,0,0,0,5,22481,9032,32001,1535321,0,1742,23108,3821692,5440166,0,0,0,998,1000,1399,1400,7343031,51644,30986,65535,15539,15539,1,2002
MPCTASK: EXP,3,352,17601,157,338,292,-89,-254,-40,891,814,-743,486,773,228,-79,9,228,-415,-194,2306,69,300,1,1,1,15,3,1,1,0,0,0,5,20920,10683,32038,1816004,0,1742,55544,3556456,5446560,0,0,0,997,1000,1399,1400,7343031,50326,30196,65535,15639,15639,1,2002
MPCTASK: EXP,3,354,17702,156,313,288,-222,-373,-15,764,696,-878,454,628,228,-104,-56,228,-414,-223,2241,69,300,1,1,1,15,3,1,1,0,0,0,5,23483,9022,32804,1533712,0,1742,24042,3992132,5576886,0,0,0,996,1000,1399,1400,7343031,48901,29341,65535,15741,15741,1,2002
MPCTASK: EXP,3,356,17801,121,264,286,-375,-491,-2,636,648,-923,376,467,228,-160,-139,228,-413,-263,2186,69,300,1,1,1,15,3,1,1,0,0,0,5,21756,9919,31918,1686118,0,1742,23108,3698432,5426042,0,0,0,995,1000,1399,1400,7343031,52128,31277,65535,15840,15840,1,2002
MPCTASK: EXP,3,358,17902,75,207,286,-483,-586,-15,532,393,-868,259,293,228,-190,-223,228,-417,-162,1758,69,300,1,1,1,15,3,1,1,0,0,0,5,22299,9339,32607,1587430,0,1742,144528,3790605,5543267,0,0,0,993,1000,1399,1400,7343031,53854,32312,65535,15941,15941,1,2002
MPCTASK: EXP,3,360,18002,34,137,283,-530,-687,-29,487,135,-824,116,110,228,-186,-319,228,-422,-225,2163,69,300,1,1,1,15,3,1,1,0,0,0,5,21419,10688,32679,1816775,0,1953,78299,3641141,5555609,0,0,0,991,1000,1399,1400,7343031,50446,30268,65535,16041,16041,1,2002
MPCTASK: EXP,3,362,18100,-14,64,286,-520,-738,10,249,-127,-807,-40,-75,228,-167,-386,228,-413,-155,1706,69,300,1,1,1,15,3,1,1,0,0,0,5,20608,9081,30090,1543677,0,1742,49856,3503216,5115412,0,0,0,991,1000,1399,1400,7343031,51951,31171,65535,16139,16139,1,2002
MPCTASK: EXP,3,364,18200,-62,-1,287,-474,-758,-16,176,-413,-802,-193,-262,228,-136,-444,228,-415,-141,1601,69,300,1,1,1,15,3,1,1,0,0,0,5,20706,9990,31179,1698180,0,1742,23108,3520000,5300505,0,0,0,992,1000,1399,1400,7343031,50976,30586,65535,16240,16240,1,2002
MPCTASK: EXP,3,366,18306,-90,-65,287,-360,-768,-63,139,-622,-934,-330,-443,228,-81,-490,228,-424,-209,2227,69,300,1,1,1,15,3,1,1,0,0,0,5,25970,10142,36689,1724112,0,1917,78998,4414785,6237159,0,0,0,993,1000,1399,1400,7343031,46745,28047,65535,16346,16346,1,2002
MPCTASK: EXP,3,368,18401,-108,-132,279,-227,-769,-64,-58,-569,-1131,-435,-614,228,-31,-515,228,-433,-267,2170,69,300,1,1,1,15,3,1,1,0,0,0,5,20467,10260,31501,1743994,0,23514,24651,3479412,5355240,0,0,0,995,1000,1399,1400,7343031,48987,29392,65535,16442,16442,1,2002
MPCTASK: EXP,3,370,18501,-116,-190,274,-101,-730,-51,-60,-583,-1344,-500,-772,228,16,-543,228,-435,-198,2154,69,300,1,1,1,15,3,1,1,0,0,0,5,20539,10529,31863,1789975,0,1742,98853,3491536,5416795,0,0,0,995,1000,1399,1400,7343031,42517,25510,65535,16542,16542,1,2002
MPCTASK: EXP,3,372,18610,-112,-259,268,13,-724,-63,-205,-555,-1434,-517,-912,228,65,-568,228,-443,-268,2189,69,300,1,1,1,15,3,1,1,0,0,0,5,26630,13126,40696,2231456,0,1743,42825,4527020,6918373,0,0,0,996,1000,1399,1400,7343031,48548,29129,65535,16651,16651,1,2002
MPCTASK: EXP,3,374,18706,-99,-322,265,139,-672,-57,-462,-577,-1245,-484,-1030,228,111,-564,228,-445,-250,2228,69,300,1,1,1,15,3,1,1,0,0,0,5,23948,12227,37051,2078668,0,2771,104697,4071072,6298775,0,0,0,997,1000,1399,1400,7343031,51701,31021,65535,16747,16747,1,2002
MPCTASK: EXP,3,376,18804,-75,-387,255,258,-608,-96,-539,-551,-922,-406,-1125,228,151,-568,228,-463,-290,2209,69,300,1,1,1,15,3,1,1,0,0,0,5,21746,10824,33175,1839938,0,1892,23108,3696708,5639935,0,0,0,997,1000,1399,1400,7343031,52444,31466,65535,16845,16845,1,2002
MPCTASK: EXP,3,378,18903,-43,-437,247,356,-498,-92,-670,-369,-528,-290,-1193,228,169,-538,228,-471,-311,2229,69,300,1,1,1,15,3,1,1,0,0,0,5,23255,9270,32950,1575806,0,1920,52382,3953176,5601552,0,0,0,997,1000,1399,1400,7343031,57697,34618,65535,16945,16945,1,2002
MPCTASK: EXP,3,380,19004,-5,-471,238,415,-361,-93,-702,-252,-143,-146,-1234,228,176,-491,228,-480,-337,2240,69,300,1,1,1,15,3,1,1,0,0,0,5,23190,10278,34145,1747304,0,1742,50271,3942232,5804803,0,0,0,997,1000,1399,1400,7343031,56625,33975,65535,17046,17046,1,2002
MPCTASK: EXP,3,382,19103,23,-483,226,414,-208,-108,-734,-35,170,9,-1245,228,151,-426,228,-494,-346,2299,69,300,1,1,1,15,3,1,1,0,0,0,5,23300,8929,32728,1517889,0,1742,65382,3960944,5563867,0,0,0,997,1000,1399,1400,7343031,65535,39321,65535,17145,17145,1,2002
MPCTASK: EXP,3,384,19203,56,-488,216,374,-49,-102,-693,109,423,163,-1227,228,118,-354,228,-504,-263,2384,70,300,1,1,1,15,3,1,1,0,0,0,5,20460,10158,31030,1726757,0,2046,36990,3478096,5275335,0,0,0,997,1000,1399,1400,7343031,65535,39321,65535,17245,17245,1,2002
MPCTASK: EXP,3,386,19306,74,-480,202,290,72,-112,-523,303,514,299,-1180,228,61,-297,228,-519,-232,2364,70,300,1,1,1,15,3,1,1,0,0,0,5,23467,10509,34497,1786489,0,2610,23421,3989344,5864552,0,0,0,997,1000,1399,1400,7343031,64338,38603,65535,17349,17349,1,2002
MPCTASK: EXP,3,388,19404,92,-461,191,197,177,-109,-602,483,597,405,-1105,228,4,-209,228,-530,-311,2321,71,300,1,1,1,15,3,1,1,0,0,0,5,23761,8499,32880,1444601,0,2035,86410,4039248,5589804,0,0,0,996,1000,1399,1400,7343031,65535,39321,65535,17447,17447,1,2002
MPCTASK: EXP,3,390,19506,93,-436,185,62,287,-58,-693,577,668,469,-1004,228,-58,-124,228,-526,-240,2214,71,300,1,1,1,15,3,1,1,0,0,0,5,23913,8870,33191,1507721,0,1899,49845,4065013,5642672,0,0,0,996,1000,1399,1400,7343031,65535,39321,65535,17549,17549,1,2002
MPCTASK: EXP,3,392,19609,86,-389,183,-80,436,-26,-676,621,659,486,-880,228,-118,-20,228,-521,-252,2162,71,300,1,1,1,15,3,1,1,0,0,0,5,22801,12591,35835,2140448,0,1742,23108,3876116,6092044,0,0,0,996,1000,1399,1400,7343031,63916,38350,65535,17652,17652,1,2002
MPCTASK: EXP,3,394,19708,63,-333,178,-232,552,-15,-538,537,588,454,-736,228,-171,74,228,-524,-239,1953,71,300,1,1,1,15,3,1,1,0,0,0,5,24089,9848,34182,1674130,0,1897,23108,4094981,5810948,0,0,0,996,1000,1399,1400,7343031,63718,38231,65535,17751,17751,1,2002
MPCTASK: EXP,3,396,19808,23,-274,175,-369,639,10,-548,459,575,376,-575,228,-228,169,228,-524,-224,1713,71,300,1,1,1,15,3,1,1,0,0,0,5,24257,10178,34928,1730063,0,1742,65361,4123556,5937787,0,0,0,996,1000,1399,1400,7343031,65535,39321,65535,17852,17852,1,2002
MPCTASK: EXP,3,398,19908,-20,-215,176,-464,698,13,-309,312,586,259,-401,228,-255,229,228,-523,-252,2061,71,300,1,1,1,15,3,1,1,0,0,0,5,24051,9985,35315,1697491,0,1743,159249,4088532,6003633,0,0,0,995,1000,1399,1400,7343031,65535,39321,65535,17953,17953,1,2002
MPCTASK: EXP,3,400,20009,-82,-134,174,-531,760,-23,-233,-6,590,116,-218,228,-275,310,228,-530,-285,2182,71,300,1,1,1,15,3,1,1,0,0,0,5,25026,9337,34986,1587324,0,1742,87601,4254353,5947661,0,0,0,993,1000,1399,1400,7343031,65535,39321,65535,18053,18053,1,2002
MPCTASK: EXP,3,402,20111,-135,-61,175,-515,759,17,15,-211,406,-40,-31,228,-258,363,228,-524,-275,2178,71,300,1,1,1,15,3,1,1,0,0,0,5,25767,11533,38080,1960406,0,1743,112577,4380376,6473656,0,0,0,991,1000,1399,1400,7343031,64622,38773,65535,18156,18156,1,2002
MPCTASK: EXP,3,404,20208,-185,6,181,-459,727,82,33,-509,259,-193,154,228,-226,407,228,-518,-297,2233,71,300,1,1,1,15,3,1,1,0,0,0,5,21929,11946,34781,2030783,0,2173,24787,3727925,5912955,0,0,0,991,1000,1399,1400,7343031,61949,37169,65535,18253,18253,1,2002
MPCTASK: EXP,3,406,20307,-226,57,192,-380,673,119,-3,-706,166,-330,335,228,-191,430,228,-507,-297,2237,71,300,1,1,1,15,3,1,1,0,0,0,5,22882,10241,34316,1740903,0,1744,121122,3889852,5833849,0,0,0,992,1000,1399,1400,7343031,58008,34805,65535,18353,18353,1,2002
MPCTASK: EXP,3,408,20408,-257,128,207,-214,671,119,-43,-937,19,-435,506,228,-123,479,228,-492,-239,2150,70,300,1,1,1,15,3,1,1,0,0,0,5,21832,11953,34028,2031963,0,1742,23108,3711409,5784891,0,0,0,994,1000,1399,1400,7343031,56779,34067,65535,18453,18453,1,2002
MPCTASK: EXP,3,410,20508,-261,182,205,-20,633,44,-34,-984,-106,-500,664,228,-43,495,228,-494,-261,2405,70,300,1,1,1,15,3,1,1,0,0,0,5,25344,8182,34519,1390792,0,1742,150828,4308305,5868331,0,0,0,995,1000,1399,1400,7343031,56939,34163,65535,18554,18554,1,2002
MPCTASK: EXP,3,412,20608,-249,243,207,166,632,30,-70,-929,-206,-516,804,228,24,533,228,-492,-238,2344,70,300,1,1,1,15,3,1,1,0,0,0,5,22434,11028,34916,1874840,0,2040,197119,3813840,5936081,0,0,0,996,1000,1399,1400,7343031,59420,35652,65535,18654,18654,1,2002
MPCTASK: EXP,3,414,20708,-215,292,211,352,608,42,44,-865,-244,-484,922,228,101,537,228,-488,-253,2321,70,300,1,1,1,15,3,1,1,0,0,0,5,21530,12621,34917,2145477,0,1742,111148,3659968,5935974,0,0,0,997,1000,1399,1400,7343031,55025,33015,65535,18754,18754,1,2002
MPCTASK: EXP,3,416,20807,-165,356,218,497,582,53,144,-517,-227,-406,1017,228,143,551,228,-481,-257,2099,70,300,1,1,1,15,3,1,1,0,0,0,5,24247,8128,33289,1381680,0,1742,137214,4121912,5659203,0,0,0,997,1000,1399,1400,7343031,56134,33680,65535,18853,18853,1,2002
MPCTASK: EXP,3,418,20908,-105,407,226,584,527,59,318,-230,-199,-290,1085,228,172,539,228,-473,-245,2124,69,300,1,1,1,15,3,1,1,0,0,0,5,24674,9169,34709,1558596,0,1742,65541,4194481,5900480,0,0,0,997,1000,1399,1400,7343031,56791,34075,65535,18955,18955,1,2002
MPCTASK: EXP,3,420,21011,-41,447,232,606,435,44,504,83,-170,-146,1126,228,178,500,228,-467,-230,1962,69,300,1,1,1,15,3,1,1,0,0,0,5,24554,12265,37767,2084834,0,66128,77906,4174212,6420541,0,0,0,997,1000,1399,1400,7343031,56700,34020,65535,19058,19058,1,2002
MPCTASK: EXP,3,422,21108,8,475,239,566,329,32,621,309,-153,9,1137,228,156,453,228,-460,-197,1783,69,300,1,1,1,15,3,1,1,0,0,0,5,20495,11857,33660,2015621,0,1749,47179,3484065,5722209,0,0,0,997,1000,1399,1400,7343031,57131,34279,65535,19155,19155,1,2002
MPCTASK: EXP,3,424,21207,67,493,242,511,188,3,757,488,-154,163,1119,228,141,384,228,-457,-182,1873,69,300,1,1,1,15,3,1,1,0,0,0,5,23382,9091,33318,1545343,0,1742,111883,3974975,5664173,0,0,0,997,1000,1399,1400,7343031,54950,32970,65535,19254,19254,1,2002
MPCTASK: EXP,3,426,21309,103,503,242,387,55,-19,759,689,-154,299,1072,228,83,324,228,-461,-205,2096,69,300,1,1,1,15,3,1,1,0,0,0,5,23291,11069,35677,1881774,0,1742,47514,3959352,6065169,0,0,0,997,1000,1399,1400,7343031,59210,35526,65535,19357,19357,1,2002
MPCTASK: EXP,3,428,21408,134,517,239,256,-30,-41,751,809,-131,404,998,228,35,281,228,-468,-224,2352,69,300,1,1,1,15,3,1,1,0,0,0,5,24526,9968,34989,1694616,0,1742,65407,4169320,5948292,0,0,0,997,1000,1399,1400,7343031,58531,35119,65535,19456,19456,1,2002
MPCTASK: EXP,3,430,21510,136,499,233,60,-195,-55,857,784,-137,468,898,228,-33,181,228,-477,-233,2385,69,300,1,1,1,15,3,1,1,0,0,0,5,22452,11228,34270,1908620,0,2047,81455,3816749,5826033,0,0,0,997,1000,1399,1400,7343031,60527,36316,65535,19558,19558,1,2002
MPCTASK: EXP,3,432,21610,135,466,224,-81,-358,-48,844,780,-200,484,774,228,-86,79,228,-485,-206,2262,70,300,1,1,1,15,3,1,1,0,0,0,5,23631,11176,35404,1899891,0,1742,72673,4017080,6018785,0,0,0,996,1000,1399,1400,7343031,59436,35662,65535,19659,19659,1,2002
MPCTASK: EXP,3,434,21710,125,425,219,-208,-500,-19,824,731,-252,452,630,228,-124,-16,228,-484,-216,2159,70,300,1,1,1,15,3,1,1,0,0,0,5,21862,11463,34430,1948521,0,1742,23108,3716505,5853093,0,0,0,996,1000,1399,1400,7343031,60419,36251,65535,19759,19759,1,2002
MPCTASK: EXP,3,436,21811,102,372,219,-318,-626,-2,773,547,-234,373,469,228,-146,-113,228,-481,-240,2232,70,300,1,1,1,15,3,1,1,0,0,0,5,23391,10980,34876,1866419,0,1950,23961,3976513,5929010,0,0,0,995,1000,1399,1400,7343031,55082,33049,65535,19860,19860,1,2002
MPCTASK: EXP,3,438,21909,83,332,222,-364,-665,33,520,475,-236,257,295,228,-147,-149,228,-477,-171,1469,70,300,1,1,1,15,3,1,1,0,0,0,5,20914,10236,31829,1739989,0,1743,96443,3555245,5410942,0,0,0,994,1000,1399,1400,7343031,53045,31827,65535,19958,19958,1,2002
MPCTASK: EXP,3,440,22014,38,267,230,-450,-728,58,443,276,-298,115,112,228,-160,-226,228,-469,-260,2151,69,300,1,1,1,15,3,1,1,0,0,0,5,26255,10224,37169,1738029,0,1742,98266,4463248,6318663,0,0,0,993,1000,1399,1400,7343031,56243,33746,65535,20063,20063,1,2002
MPCTASK: EXP,3,442,22110,5,195,236,-437,-788,30,361,10,-380,-39,-76,228,-140,-294,228,-463,-249,2159,69,300,1,1,1,15,3,1,1,0,0,0,5,21005,11239,33307,1910535,0,1742,162187,3570761,5662237,0,0,0,993,1000,1399,1400,7343031,52468,31481,65535,20159,20159,1,2002
MPCTASK: EXP,3,444,22208,-34,124,239,-422,-810,13,250,-217,-566,-191,-264,228,-113,-356,228,-460,-236,2141,69,300,1,1,1,15,3,1,1,0,0,0,5,21078,10119,31817,1720175,0,2083,84907,3583056,5409008,0,0,0,994,1000,1399,1400,7343031,48962,29377,65535,20258,20258,1,2002
MPCTASK: EXP,3,446,22313,-67,34,235,-361,-875,-40,75,-378,-853,-324,-449,228,-90,-416,228,-472,-254,2173,69,300,1,1,1,15,3,1,1,0,0,0,5,23231,11637,36008,1978165,0,1742,67542,3949249,6121375,0,0,0,994,1000,1399,1400,7343031,40945,24567,65535,20363,20363,1,2002
MPCTASK: EXP,3,448,22411,-93,-50,235,-263,-858,44,-329,-449,-1154,-426,-625,228,-54,-435,228,-464,-258,2164,69,300,1,1,1,15,3,1,1,0,0,0,5,23334,10123,34214,1720857,0,1910,68466,3966767,5816428,0,0,0,995,1000,1399,1400,7343031,41328,24797,65535,20461,20461,1,2002
MPCTASK: EXP,3,450,22510,-117,-135,245,-170,-814,118,-455,-478,-1501,-487,-787,228,-41,-458,228,-454,-239,1928,69,300,1,1,1,15,3,1,1,0,0,0,5,23205,9571,34149,1627085,0,1743,126621,3944784,5805369,0,0,0,996,1000,1399,1400,7343031,37467,22480,65535,20561,20561,1,2002
MPCTASK: EXP,3,452,22609,-131,-202,257,-88,-746,91,-566,-521,-1631,-501,-930,228,-33,-454,228,-442,-214,1835,69,300,1,1,1,15,3,1,1,0,0,0,5,22433,9503,32804,1615341,0,1742,23108,3813652,5576729,0,0,0,997,1000,1399,1400,7343031,33424,20054,65535,20660,20660,1,2002
MPCTASK: EXP,3,454,22712,-137,-270,265,5,-629,12,-842,-288,-1505,-468,-1050,228,-39,-405,228,-434,-306,2211,69,300,1,1,1,15,3,1,1,0,0,0,5,23385,11851,35482,2014608,0,1742,23257,3975473,6032036,0,0,0,997,1000,1399,1400,7343031,43205,25923,65535,20764,20764,1,2002
MPCTASK: EXP,3,456,22810,-137,-329,262,70,-499,-63,-875,-282,-1091,-393,-1141,227,-41,-391,227,-450,-274,2287,69,300,1,1,1,15,3,1,1,0,0,0,5,22550,10142,33459,1724090,0,1758,69609,3833336,5688180,0,0,0,997,1000,1399,1400,7343031,54518,32711,65535,20862,20862,1,2002
MPCTASK: EXP,3,458,22911,-135,-377,253,118,-392,-114,-754,-280,-572,-286,-1199,227,-60,-368,227,-469,-325,2257,69,300,1,1,1,15,3,1,1,0,0,0,5,22410,11912,34565,2024997,0,1742,23108,3809613,5876099,0,0,0,997,1000,1399,1400,7343031,59822,35893,65535,20963,20963,1,2002
MPCTASK: EXP,3,460,23012,-133,-408,242,142,-275,-117,-801,-277,-157,-160,-1218,227,-80,-332,227,-480,-368,2279,69,300,1,1,1,15,3,1,1,0,0,0,5,23195,10838,34524,1842352,0,1742,65105,3942996,5869157,0,0,0,997,1000,1399,1400,7343031,58927,35356,65535,21064,21064,1,2002
MPCTASK: EXP,3,462,23112,-128,-430,230,150,-121,-109,-798,-145,180,-32,-1197,227,-99,-296,227,-491,-299,2398,69,300,1,1,1,15,3,1,1,0,0,0,5,22059,11851,34155,2014543,0,1742,23108,3750061,5806500,0,0,0,997,1000,1399,1400,7343031,59947,35968,65535,21164,21164,1,2002
MPCTASK: EXP,3,464,23209,-127,-432,219,125,17,-107,-688,44,320,82,-1134,227,-120,-283,227,-502,-309,2330,70,300,1,1,1,15,3,1,1,0,0,0,5,22827,8325,32133,1415060,0,1742,110362,3880500,5462568,0,0,0,996,1000,1399,1400,7343031,64061,38437,65535,21262,21262,1,2002
MPCTASK: EXP,3,466,23312,-133,-421,207,77,138,-87,-616,-52,410,170,-1030,227,-126,-256,227,-510,-331,2266,70,300,1,1,1,15,3,1,1,0,0,0,5,23481,10859,34583,1845986,0,1742,23108,3991693,5879223,0,0,0,996,1000,1399,1400,7343031,63101,37861,65535,21365,21365,1,2002
MPCTASK: EXP,3,468,23411,-139,-404,200,40,222,-53,-421,13,475,220,-890,228,-126,-248,228,-509,-192,1777,70,300,1,1,1,15,3,1,1,0,0,0,5,22577,9164,32637,1557847,0,1742,133930,3837928,5548333,0,0,0,996,1000,1399,1400,7343031,63003,37802,65535,21464,21464,1,2002
MPCTASK: EXP,3,470,23509,-142,-371,196,16,307,-12,-269,-35,535,229,-724,228,-105,-236,228,-506,-213,1883,71,300,1,1,1,15,3,1,1,0,0,0,5,20321,8530,30544,1449968,0,1742,143708,3454524,5192668,0,0,0,995,1000,1399,1400,7343031,62685,37611,65535,21563,21563,1,2002
MPCTASK: EXP,3,472,23613,-146,-340,202,7,327,25,6,-34,564,200,-545,228,-87,-244,228,-497,-158,1234,70,300,1,1,1,15,3,1,1,0,0,0,5,24674,9623,34730,1635916,0,1745,23275,4194520,5904215,0,0,0,995,1000,1399,1400,7343031,57067,34240,65535,21667,21667,1,2002
MPCTASK: EXP,3,474,23710,-148,-306,207,11,327,36,178,-134,448,145,-372,228,-74,-238,228,-492,-201,1659,70,300,1,1,1,15,3,1,1,0,0,0,5,20035,11142,31977,1893941,0,44629,24258,3405900,5436163,0,0,0,994,1000,1399,1400,7343031,51205,30723,65535,21764,21764,1,2002
MPCTASK: EXP,3,476,23813,-150,-284,203,25,250,-22,403,-173,222,80,-224,228,-80,-225,228,-500,-229,2035,70,300,1,1,1,15,3,1,1,0,0,0,5,24612,9287,34510,1578721,0,2053,84887,4183969,5866679,0,0,0,993,1000,1399,1400,7343031,65535,39321,65535,21868,21868,1,2002
MPCTASK: EXP,3,478,23915,-149,-271,199,61,135,-24,690,-322,182,24,-119,228,-87,-233,228,-505,-213,1983,70,300,1,1,1,15,3,1,1,0,0,0,5,25065,10281,36182,1747684,0,1753,23108,4260980,6151024,0,0,0,992,1000,1399,1400,7343031,60599,36359,65535,21969,21969,1,2002
MPCTASK: EXP,3,480,24009,-145,-277,200,97,-4,13,371,-184,276,-7,-65,228,-106,-230,228,-499,-287,2179,70,300,1,1,1,15,3,1,1,0,0,0,5,20405,9223,30394,1567974,0,42441,71747,3468768,5167175,0,0,0,993,1000,1399,1400,7343031,59782,35869,65535,22063,22063,1,2002
MPCTASK: EXP,3,482,24110,-137,-291,200,103,-61,-4,-142,-11,436,-15,-53,228,-85,-257,228,-500,-245,2152,70,300,1,1,1,15,3,1,1,0,0,0,5,20925,10378,31946,1764113,0,1742,90228,3557084,5430869,0,0,0,992,1000,1399,1400,7343031,65535,39321,65535,22165,22165,1,2002
MPCTASK: TRAJ DONE: idx=482, max=482; requesting landing
MPCTASK: LANDING: start z=0.20, hold=(-0.13,-0.29)
MPCTASK: TIMING SUMMARY: max_step_cycles=7343031 deadline_cycles=8400000 overruns=0
MPCTASK: MOTOR FAULT SUMMARY: model=multiplicative_step schedule_onset=2000ms active=1 actual_onset=2002ms global=100 fault=M1 index=0 retained=60 equiv_fullscale_pwm=39321 samples=22219 affected=22219 peak_req=65535 last_req=61498 last_app=36899
MPCTASK: LANDING COMPLETE: t=27956 ms, x=-0.108, y=-0.304, z=0.006, vz=-0.097; motors off