SYS: Crazyflie 2.1 Brushless is up and running!
SYS: Build 2:de14ff9f08ae (2025.09.1 +2) MODIFIED
SYS: I am 0x373930393434471500370039 and I have 1024KB of flash!
CFGBLK: v1, verification [OK]
DECK_DISCOVERY: Backend found: onewire
DECK_DISCOVERY: Backend found: deckctrl
DECK_CORE: 1 deck(s) found
DECK_CORE: Calling INIT on driver bcFlow2 for deck 0
ZR2: Z-down sensor [OK]
PMW: Motion chip id: 0x49:0xB6
IMU: BMI088: Using I2C interface.
IMU: BMI088 Gyro connection [OK].
IMU: BMI088 Accel connection [OK]
IMU: BMP390 I2C connection [OK]
ESTIMATOR: Using Kalman (2) estimator
CONTROLLER: Using PID (1) controller
MTR-DRV: Using brushless motor driver
SYS: About to run tests in system.c.
SYS: NRF51 version: 2026.04 (C21B)
EEPROM: I2C connection [OK].
STORAGE: Storage check [OK].
IMU: BMI088 gyro self-test [OK]
DECK_CORE: Deck 0 test [OK].
SYS: Self test passed!
STAB: Wait for sensor calibration...
SYS: Free heap: 15048 bytes
MPCTASK: Benchmark mode 1, maneuver 4, max_iter 5, task_pri 0
MPCTASK: Reference altitude: 0.70 m; barrier skip when z>0.75 and vz>-0.20
MPCTASK: OOT takeoff: cfclient trigger>=0.15m ramp=0.15m/s figure8_start=2000ms_after_OOT_takeoff no_z_vz_settle target=0.70m timeout=12000ms
MPCTASK: Common baseline: mpc_hz=20 model_hz=20 rho=5 base_w=0 base_qz=1 Qz=100 R=4 bridge=x10 guards=z[ref,ref+0.20] xy=free cap=0.05
MPCTASK: MPC->PID: xyz=x10, z_guard=[ref,ref+0.20], yaw=raw_rz, output_hold=200ms, safety_hold=500ms
MPCTASK: Motor fault schedule: model=multiplicative_step pre_onset=100% onset=2000ms_after_TRAJ_START global=100% fault=M1(index=0) retained=60% equiv_fullscale_pwm=39321 ramp=none placement=post_mixer_post_battery model_bounds=unchanged
MPCTASK: Reference origin: xyz=measured_at_forced_timed_start nominal_takeoff_target=0.70 m
MPCTASK: Fixed baseline: w=0 qz=1 adaptive_cache=off
MPCTASK: MPC-CBF analytic LTV rows: always_on=1 horizon=20 gate=off floor_z=0.70 margin=0
MPCTASK: EXP every=2: m,s,tms,p3[mm],v3[mmps],att3[cdeg],ref3[mm],cmd3[mm],h/raw/grad/mar/thr[milli],act/ac/bind,wi/qi/cache/noa,pa/pf/du[milli],it,mpc/eval/total[us],bar/tanh/rl/cache/solve/step[cycles],overruns,post_active/post_infeasible_totals,wreq/w/qzreq/qz[milli],max_step_cycles,M1_req/app/peak[pwm],M1_derated/samples,fault_on/onset_ms
MPCTASK: Figure8: source=traj_fig8_12.h source_hz=100 samples=1205 passes=2 cycles=6 lobes=12 duration=24.07 s origin=forced_timed_start start_delay=2000ms z_baseline=measured_at_start feedforward=U_ref_data
MPCTASK: Waiting for activation ...
STAB: Starting stabilizer loop
STAB: WARNING: stabilizer loop rate is off (1004)
CONTROLLER: Using OutOfTree (6) controller
MPCTASK: Trajectory origin: x=-0.0 y=-0.0 z=0.01
MPCTASK: OOT activated at z=0.01
SUP: Ready to fly
MPCTASK: TAKEOFF START: trigger_z=0.15 start_z=0.01 target=0.70 hold=(-0.0,0.01) ramp=0.15m/s
MPCTASK: OOT loop 1 done
MPCTASK: MPC task loop 1
MPCTASK: x0: pos=(-0.0,0.MPCTASK: OOT loop 2 done
01,0.01) vel=(0.01,-0.0,-0.0)
MPCTASK: ref: (-0.0,0.01,0.01)
MPCTASK: OOT loop 3 done
MPCTASK: SAFE TV mode=1: h=-0.684 raw=0.015 grad=1.019 margin=0.0 thr=0.0 active0=1 active_count=20 eval=0 us
MPCTASK: Cache level changed: 0 -> 1
MPCTASK: MPC solve start
MPCTASK: MPC solve done, iter=5
MPCTASK: MPC time=26088 us
MPCTASK: MPC stack free=1119 words
MPCTASK: setpoint: x=-0.0 y=0.01 z=0.08 preview_z=0.08
MPCTASK: MPC task loop 2
MPCTASK: MPC task loop 3
MPCTASK: TAKEOFF COMPLETE: forced_start t=2000ms z=0.40 vz=0.32; trajectory queued origin=(-0.04,-0.05,0.40) no_z_vz_gate
MPCTASK: TRAJ START: z=0.40 origin=(-0.04,-0.05,0.40) EXP clock reset; Z metric begins at t+3s
MPCTASK: EXP,1,2,77,-48,-72,417,23,-20,294,-345,-52,890,-44,-53,402,-97,273,597,-282,417,1000,0,0,1,20,20,0,0,0,0,0,0,0,5,25507,0,26039,0,0,0,0,4336095,4426773,0,0,0,0,0,1000,1000,4605904,40256,40256,65535,0,77,0,0
MPCTASK: EXP,1,4,173,-58,-73,454,-16,109,367,-1191,-83,846,-55,-34,402,-68,365,602,-245,454,1000,0,0,1,20,20,0,0,0,0,0,0,0,5,22628,0,22820,0,0,0,0,3846679,3879579,0,0,0,0,0,1000,1000,4605904,48940,48940,65535,0,174,0,0
MPCTASK: EXP,1,6,275,-75,-52,493,-55,321,374,-1284,-113,887,-89,32,402,-38,449,602,-206,493,1000,0,0,1,20,20,0,0,0,0,0,0,0,5,24878,0,25065,0,0,0,0,4229166,4261119,0,0,0,0,0,1000,1000,4605904,38774,38774,65535,0,276,0,0
MPCTASK: EXP,1,8,373,-99,-13,531,-85,561,343,-1508,-328,850,-142,151,402,-3,540,602,-168,531,1000,0,0,1,20,20,0,0,0,0,0,0,0,5,22703,0,23252,0,0,0,0,3859427,3952767,0,0,0,0,0,1000,1000,4605904,42134,42134,65535,0,374,0,0
MPCTASK: EXP,1,10,478,-122,56,558,-60,803,304,-1150,-423,530,-197,311,402,33,617,602,-141,558,1000,0,0,1,20,20,0,0,0,0,0,0,0,5,25025,0,25372,0,0,0,0,4254191,4313193,0,0,0,0,0,1000,1000,4605904,40122,40122,65535,0,480,0,0
MPCTASK: EXP,1,12,574,-140,136,587,20,969,283,-806,-668,-115,-235,490,402,84,667,602,-112,587,1000,0,0,1,20,20,0,0,0,0,0,0,0,5,20532,0,20720,0,0,0,0,3490343,3522475,0,0,0,0,0,1000,1000,4605904,26418,26418,65535,0,576,0,0
MPCTASK: EXP,1,14,682,-139,234,610,143,1062,197,-468,-805,-645,-243,669,402,136,709,602,-89,610,1000,0,0,1,20,20,0,0,0,0,0,0,0,5,29040,0,29227,0,0,0,0,4936683,4968636,0,0,0,0,0,1000,1000,4968636,39078,39078,65535,0,684,0,0
MPCTASK: EXP,1,16,775,-108,309,629,269,1040,135,-43,-1030,-442,-212,829,402,201,696,602,-70,629,1000,0,0,1,20,20,0,0,0,0,0,0,0,5,21625,0,22140,0,0,0,0,3676223,3763999,0,0,0,0,0,1000,1000,4968636,32414,32414,65535,0,777,0,0
MPCTASK: EXP,1,18,880,-64,425,643,451,1017,95,405,-1064,-815,-143,958,402,257,702,602,-56,643,1000,0,0,1,20,20,0,0,0,0,0,0,0,5,25549,0,25876,0,0,0,0,4343252,4399002,0,0,0,0,0,1000,1000,4968636,29500,29500,65535,0,882,0,0
MPCTASK: EXP,1,20,975,14,552,647,630,943,14,830,-932,-1106,-43,1047,401,322,695,601,-52,647,1000,0,0,1,20,20,0,0,0,0,0,0,0,5,21907,0,22094,0,0,0,0,3724063,3756012,0,0,0,0,0,1000,1000,4968636,31803,31803,65535,0,978,0,0
MPCTASK: EXP,1,22,1078,67,603,649,706,702,7,1247,-488,-876,75,1093,401,307,599,601,-50,649,1000,0,0,1,20,20,0,0,0,0,0,0,0,5,24864,0,25051,0,0,0,0,4226783,4258744,0,0,0,0,0,1000,1000,4968636,32186,32186,65535,0,1081,0,0
MPCTASK: EXP,1,24,1175,108,628,648,689,425,-3,1386,37,-628,198,1095,401,250,486,601,-51,648,1019,0,0,1,20,20,0,0,0,0,0,0,0,5,21559,0,22057,0,0,0,0,3664951,3749724,0,0,0,0,0,1000,1000,4968636,36348,36348,65535,0,1178,0,0
MPCTASK: EXP,1,26,1279,181,632,647,634,137,1,1476,525,-583,308,1056,402,205,359,602,-52,647,1000,0,0,1,20,20,0,0,0,0,0,0,0,5,24530,0,24932,0,0,0,0,4169991,4238542,0,0,0,0,0,1000,1000,4968636,37030,37030,65535,0,1282,0,0
MPCTASK: EXP,1,28,1375,252,615,647,496,-133,4,1439,995,-595,391,980,402,146,227,602,-52,647,1000,0,0,1,20,20,0,0,0,0,0,0,0,5,21994,0,22181,0,0,0,0,3738883,3770852,0,0,0,0,0,1000,1000,4968636,35649,35649,65535,0,1379,0,0
MPCTASK: EXP,1,30,1478,306,580,649,281,-371,7,1305,1321,-564,435,871,402,73,99,602,-50,649,1000,0,0,1,20,20,0,0,0,0,0,0,0,5,25121,0,25560,0,0,0,0,4270435,4345201,0,0,0,0,0,1000,1000,4968636,36337,36337,65535,0,1482,0,0
MPCTASK: EXP,1,32,1578,335,503,652,19,-609,2,1195,1514,-546,434,737,402,-10,-56,602,-47,652,1000,0,0,1,20,20,0,0,0,0,0,0,0,5,24655,0,24842,0,0,0,0,4191236,4223209,0,0,0,0,0,1000,1000,4968636,34435,34435,65535,0,1582,0,0
MPCTASK: EXP,1,34,1679,330,423,655,-252,-781,-7,888,1527,-499,386,581,402,-97,-184,602,-45,654,1019,0,0,1,20,20,0,0,0,0,0,0,0,5,24313,0,24898,0,0,0,0,4133151,4232832,0,0,0,0,0,1000,1000,4968636,32093,32093,65535,0,1683,0,0
MPCTASK: EXP,1,36,1776,284,344,658,-519,-898,37,561,1196,-426,296,409,402,-173,-286,602,-41,658,1000,0,0,1,20,20,0,0,0,0,0,0,0,5,22845,0,23032,0,0,0,0,3883491,3915466,0,0,0,0,0,1000,1000,4968636,27374,27374,65535,0,1781,0,0
MPCTASK: EXP,1,38,1880,221,260,665,-721,-961,80,504,953,-488,171,226,402,-234,-395,602,-34,665,1000,0,0,1,20,20,0,0,0,0,0,0,0,5,26337,0,26885,0,0,0,0,4477279,4570613,0,0,0,0,0,1000,1000,4968636,20892,20892,65535,0,1885,0,0
MPCTASK: EXP,1,40,1977,132,199,674,-846,-993,49,402,670,-505,24,38,402,-286,-466,602,-25,674,1000,0,0,1,20,20,0,0,0,0,0,0,0,5,23205,0,23657,0,0,0,0,3944721,4021767,0,0,0,0,0,1000,1000,4968636,29609,29609,65535,0,1982,0,0
MPCTASK: MOTOR FAULT ON: t=2003ms after_TRAJ_START model=multiplicative_step fault=M1(index=0) retained=60% equiv_fullscale_pwm=39321 ramp=none
MPCTASK: EXP,1,42,2080,23,115,677,-941,-1036,-7,314,171,-259,-130,-151,402,-304,-552,602,-23,676,1019,0,0,1,20,20,0,0,0,0,0,0,0,5,25952,0,26277,0,0,0,0,4411763,4467125,0,0,0,0,0,1000,1000,4968636,49567,29740,57976,76,76,1,2003
MPCTASK: EXP,1,44,2175,-56,48,674,-895,-1051,-167,670,-724,90,-278,-337,402,-244,-633,602,-59,640,1019,0,0,1,20,20,0,0,0,0,0,0,0,5,21919,0,22107,0,0,0,0,3726267,3758264,0,0,0,0,0,1000,1000,4968636,52578,31547,60760,172,172,1,2003
MPCTASK: EXP,1,46,2275,-143,-30,663,-738,-1115,-186,632,-1416,65,-403,-515,402,-177,-705,602,-73,626,1019,0,0,1,20,20,0,0,0,0,0,0,0,5,21066,0,21753,0,0,0,0,3581147,3698062,0,0,0,0,0,1000,1000,4968636,60386,36232,60760,272,272,1,2003
MPCTASK: EXP,1,48,2377,-198,-111,652,-464,-1180,-192,487,-1910,69,-493,-682,402,-70,-749,602,-86,613,1019,0,0,1,20,20,0,0,0,0,0,0,0,5,22974,0,23298,0,0,0,0,3905451,3960820,0,0,0,0,0,1000,1000,4968636,50755,30453,60760,374,374,1,2003
MPCTASK: EXP,1,50,2478,-196,-217,626,-88,-1199,-259,198,-2026,298,-539,-832,402,74,-805,602,-125,574,1019,0,0,1,20,20,0,0,0,0,0,0,0,5,23805,0,23990,0,0,0,0,4046691,4078370,0,0,0,0,0,1000,1000,4968636,58386,35032,65535,475,475,1,2003
MPCTASK: EXP,1,52,2575,-156,-306,594,306,-1172,-260,154,-1790,380,-537,-964,402,215,-836,602,-157,542,1019,0,0,1,20,20,0,0,0,0,0,0,0,5,21948,0,22136,0,0,0,0,3731231,3763229,0,0,0,0,0,1000,1000,4968636,62314,37388,65535,573,573,1,2003
MPCTASK: EXP,1,54,2680,-65,-384,560,688,-1131,-178,2,-1364,302,-486,-1073,402,362,-837,602,-175,524,1019,0,0,1,20,20,0,0,0,0,0,0,0,5,26852,0,27039,0,0,0,0,4564887,4596768,0,0,0,0,0,1000,1000,4968636,58204,34922,65535,678,678,1,2003
MPCTASK: EXP,1,56,2778,18,-435,536,914,-1036,-68,-293,-757,180,-392,-1156,402,442,-796,602,-177,522,1019,0,0,1,20,20,0,0,0,0,0,0,0,5,23532,0,23859,0,0,0,0,4000459,4056105,0,0,0,0,0,1000,1000,4968636,54572,32743,65535,776,776,1,2003
MPCTASK: EXP,1,58,2881,132,-499,533,1031,-920,46,-549,-141,245,-263,-1213,402,498,-753,602,-166,533,1000,0,0,1,20,20,0,0,0,0,0,0,0,5,26679,0,27178,0,0,0,0,4535392,4620237,0,0,0,0,0,1000,1000,4968636,58108,34865,65535,879,879,1,2003
MPCTASK: EXP,1,60,2976,235,-540,546,1010,-742,125,-794,377,371,-113,-1242,402,502,-675,602,-153,546,1000,0,0,1,20,20,0,0,0,0,0,0,0,5,22901,0,23088,0,0,0,0,3893131,3925132,0,0,0,0,0,1000,1000,4968636,52728,31637,65535,975,975,1,2003
MPCTASK: EXP,1,62,3079,367,-575,568,933,-549,152,-1051,903,569,43,-1241,402,499,-586,602,-131,568,1000,0,0,1,20,20,0,0,0,0,0,0,0,5,25339,0,26054,0,0,0,0,4307475,4429287,0,0,0,0,0,1000,1000,4968636,53671,32203,65535,1078,1078,1,2003
MPCTASK: EXP,1,64,3176,469,-597,587,753,-349,107,-1192,1325,676,191,-1211,402,450,-490,602,-112,587,1000,0,0,1,20,20,0,0,0,0,0,0,0,5,22327,0,22650,0,0,0,0,3795515,3850639,0,0,0,0,0,1000,1000,4968636,51989,31193,65535,1176,1176,1,2003
MPCTASK: EXP,1,66,3280,523,-610,598,484,-154,32,-1319,1591,669,317,-1153,402,353,-389,602,-101,598,1000,0,0,1,20,20,0,0,0,0,0,0,0,5,26487,0,27018,0,0,0,0,4502759,4593133,0,0,0,0,0,1000,1000,4968636,57613,34568,65535,1280,1280,1,2003
MPCTASK: EXP,1,68,3375,549,-607,598,185,51,-45,-1360,1670,610,407,-1068,402,243,-279,602,-110,589,1019,0,0,1,20,20,0,0,0,0,0,0,0,5,21215,0,21403,0,0,0,0,3606495,3638493,0,0,0,0,0,1000,1000,4968636,60148,36089,65535,1374,1374,1,2003
MPCTASK: EXP,1,70,3480,549,-574,589,-129,287,-83,-1328,1598,565,453,-957,402,127,-146,602,-127,572,1019,0,0,1,20,20,0,0,0,0,0,0,0,5,26632,0,26977,0,0,0,0,4527443,4586256,0,0,0,0,0,1000,1000,4968636,62820,37692,65535,1480,1480,1,2003
MPCTASK: EXP,1,72,3578,505,-522,577,-450,521,-76,-1215,1401,498,450,-825,402,-1,-7,602,-137,562,1019,0,0,1,20,20,0,0,0,0,0,0,0,5,23814,0,24294,0,0,0,0,4048291,4130043,0,0,0,0,0,1000,1000,4968636,65157,39094,65535,1578,1578,1,2003
MPCTASK: EXP,1,74,3683,445,-458,567,-704,716,-48,-1045,1116,447,399,-673,402,-105,123,602,-142,557,1019,0,0,1,20,20,0,0,0,0,0,0,0,5,28201,0,28390,0,0,0,0,4794231,4826306,0,0,0,0,0,1000,1000,4968636,65273,39164,65535,1683,1683,1,2003
MPCTASK: EXP,1,76,3779,358,-373,566,-905,888,21,-811,789,394,304,-506,402,-195,252,602,-133,566,1000,0,0,1,20,20,0,0,0,0,0,0,0,5,24665,0,24852,0,0,0,0,4192967,4224958,0,0,0,0,0,1000,1000,4968636,64960,38976,65535,1780,1780,1,2003
MPCTASK: EXP,1,78,3879,270,-289,571,-1011,992,87,-537,418,337,176,-328,402,-244,354,602,-128,571,1000,0,0,1,20,20,0,0,0,0,0,0,0,5,24987,0,25183,0,0,0,0,4247739,4281149,0,0,0,0,0,1000,1000,5119396,61933,37160,65535,1880,1880,1,2003
MPCTASK: EXP,1,80,3979,176,-204,584,-1052,1046,139,-322,88,278,25,-144,402,-270,442,602,-115,584,1000,0,0,1,20,20,0,0,0,0,0,0,0,5,23309,0,23885,0,0,0,0,3962532,4060634,0,0,0,0,0,1000,1000,5119396,64405,38643,65535,1980,1980,1,2003
MPCTASK: EXP,1,82,4079,100,-111,603,-1005,1059,148,-119,-250,335,-131,42,402,-249,519,602,-96,603,1000,0,0,1,20,20,0,0,0,0,0,0,0,5,23501,0,24912,0,0,0,0,3995115,4235246,0,0,0,0,0,1000,1000,5119396,63586,38152,65535,2081,2081,1,2003
MPCTASK: EXP,1,84,4177,21,-24,617,-929,1046,74,-33,-395,564,-279,227,402,-230,574,602,-82,617,1000,0,0,1,20,20,0,0,0,0,0,0,0,5,22978,0,23163,0,0,0,0,3906035,3937721,0,0,0,0,0,1000,1000,5119396,65535,39321,65535,2179,2179,1,2003
MPCTASK: EXP,1,86,4279,-44,58,632,-820,990,137,256,-489,662,-405,405,402,-189,608,602,-67,632,1000,0,0,1,20,20,0,0,0,0,0,0,0,5,24473,0,24876,0,0,0,0,4160247,4228946,0,0,0,0,0,1000,1000,5119396,61516,36910,65535,2281,2281,1,2003
MPCTASK: EXP,1,88,4379,-118,144,647,-683,931,92,92,-914,598,-495,571,402,-133,662,602,-52,647,1000,0,0,1,20,20,0,0,0,0,0,0,0,5,22798,0,22986,0,0,0,0,3875619,3907620,0,0,0,0,0,1000,1000,5119396,58723,35234,65535,2381,2381,1,2003
MPCTASK: EXP,1,90,4483,-165,215,657,-504,902,24,106,-1064,329,-541,722,402,-76,685,602,-42,657,1000,0,0,1,20,20,0,0,0,0,0,0,0,5,27176,0,27582,0,0,0,0,4619875,4688945,0,0,0,0,0,1000,1000,5119396,48473,29084,65535,2486,2486,1,2003
MPCTASK: EXP,1,92,4576,-201,265,661,-321,856,9,-117,-1152,169,-538,854,402,-22,693,602,-38,661,1000,0,0,1,20,20,0,0,0,0,0,0,0,5,20924,0,21111,0,0,0,0,3556951,3588925,0,0,0,0,0,1000,1000,5119396,45482,27289,65535,2579,2579,1,2003
MPCTASK: EXP,1,94,4683,-224,317,656,-128,820,-44,-38,-1350,-96,-487,963,402,42,683,602,-52,647,1019,0,0,1,20,20,0,0,0,0,0,0,0,5,27248,0,27988,0,0,0,0,4632035,4758000,0,0,0,0,0,1000,1000,5119396,50923,30554,65535,2686,2686,1,2003
MPCTASK: EXP,1,96,4780,-229,350,656,82,769,-32,-248,-1336,-340,-392,1048,402,77,670,602,-50,649,1019,0,0,1,20,20,0,0,0,0,0,0,0,5,24293,0,24860,0,0,0,0,4129623,4226142,0,0,0,0,0,1000,1000,5119396,42839,25703,65535,2783,2783,1,2003
MPCTASK: EXP,1,98,4879,-206,395,651,324,738,34,-149,-1057,-747,-263,1105,402,126,639,602,-48,651,1000,0,0,1,20,20,0,0,0,0,0,0,0,5,23821,0,24007,0,0,0,0,4049543,4081222,0,0,0,0,0,1000,1000,5119396,44053,26432,65535,2883,2883,1,2003
MPCTASK: EXP,1,100,4981,-162,423,655,511,658,92,31,-834,-924,-113,1134,402,151,581,602,-44,655,1000,0,0,1,20,20,0,0,0,0,0,0,0,5,26018,0,26205,0,0,0,0,4422959,4454945,0,0,0,0,0,1000,1000,5119396,38662,23197,65535,2985,2985,1,2003
MPCTASK: EXP,1,102,5080,-128,434,662,582,558,136,259,-424,-1046,43,1133,402,130,495,602,-37,662,1000,0,0,1,20,20,0,0,0,0,0,0,0,5,25093,0,25373,0,0,0,0,4265844,4313530,0,0,0,0,0,1000,1000,5119396,36605,21963,65535,3085,3085,1,2003
MPCTASK: EXP,1,104,5179,-59,463,680,609,434,198,475,196,-885,192,1104,402,99,423,602,-19,680,1000,0,0,1,20,20,0,0,0,0,0,0,0,5,22410,0,22598,0,0,0,0,3809655,3841660,0,0,0,0,0,1000,1000,5119396,48749,29249,65535,3183,3183,1,2003
MPCTASK: EXP,1,106,5278,-11,481,698,541,304,67,928,471,-750,317,1045,402,42,330,602,-1,698,1000,0,0,1,20,20,0,0,0,0,0,0,0,5,21953,0,22140,0,0,0,0,3731939,3763933,0,0,0,0,0,1000,1000,5119396,40432,24259,65535,3283,3283,1,2003
MPCTASK: EXP,1,108,5379,-5,464,713,330,79,90,1236,1066,-343,407,960,402,-84,187,602,13,713,1000,0,0,1,20,20,0,0,0,0,0,0,0,5,23090,0,23277,0,0,0,0,3925143,3957128,0,0,0,0,0,1000,1000,5119396,37932,22759,65535,3384,3384,1,2003
MPCTASK: EXP,1,110,5482,35,447,721,186,-99,-2,1153,1317,-163,453,850,402,-142,74,602,20,720,1019,0,0,1,20,20,0,0,0,0,0,0,0,5,25109,0,25967,0,0,0,0,4268555,4414479,0,0,0,0,0,1000,1000,5119396,51525,30915,65535,3487,3487,1,2003
MPCTASK: EXP,1,112,5578,-5,405,711,-93,-351,-139,1433,1157,-10,450,717,402,-262,-86,602,-15,684,1019,0,0,1,20,20,0,0,0,0,0,0,0,5,21452,0,21654,0,0,0,0,3645923,3681381,0,0,0,0,0,1000,1000,5119396,61571,36943,65535,3583,3583,1,2003
MPCTASK: EXP,1,114,5682,-54,339,690,-316,-637,-140,1255,910,137,399,565,402,-352,-236,602,-37,662,1019,0,0,1,20,20,0,0,0,0,0,0,0,5,25841,0,26026,0,0,0,0,4392839,4424518,0,0,0,0,0,1000,1000,5119396,54371,32623,65535,3688,3688,1,2003
MPCTASK: EXP,1,116,5781,-98,278,671,-449,-831,-159,1047,415,138,304,398,402,-383,-349,585,-60,639,1019,0,0,1,20,20,0,0,0,0,0,0,0,5,25081,0,25268,0,0,0,0,4263658,4295596,0,0,0,0,0,1000,1000,5119396,50464,30278,65535,3787,3787,1,2003
MPCTASK: EXP,1,118,5882,-187,162,650,-556,-1025,-197,790,78,-5,176,220,402,-433,-498,576,-89,610,1019,0,0,1,20,20,0,0,0,0,0,0,0,5,25948,0,26386,0,0,0,0,4410995,4485598,0,0,0,0,0,1000,1000,5119396,61766,37060,65535,3889,3889,1,2003
MPCTASK: EXP,1,120,5980,-277,21,631,-566,-1188,-162,553,-448,45,25,36,402,-434,-652,571,-101,598,1019,0,0,1,20,20,0,0,0,0,0,0,0,5,22894,0,23081,0,0,0,0,3891855,3923849,0,0,0,0,0,1000,1000,5119396,61102,36661,65535,3986,3986,1,2003
MPCTASK: EXP,1,122,6083,-346,-101,620,-489,-1234,-139,29,-639,339,-131,-150,402,-411,-740,567,-107,592,1019,0,0,1,20,20,0,0,0,0,0,0,0,5,26834,0,27021,0,0,0,0,4561775,4593772,0,0,0,0,0,1000,1000,5119396,61400,36840,65535,4090,4090,1,2003
MPCTASK: EXP,1,124,6180,-400,-222,617,-373,-1200,-63,-266,-860,429,-279,-335,402,-358,-806,568,-95,604,1019,0,0,1,20,20,0,0,0,0,0,0,0,5,23094,0,23676,0,0,0,0,3925928,4024949,0,0,0,0,0,1000,1000,5119396,62314,37388,65535,4187,4187,1,2003
MPCTASK: EXP,1,126,6284,-435,-317,614,-233,-1127,-55,-292,-1094,390,-405,-513,402,-282,-855,561,-96,603,1019,0,0,1,20,20,0,0,0,0,0,0,0,5,25561,0,26183,0,0,0,0,4345288,4451230,0,0,0,0,0,1000,1000,5119396,59105,35463,65535,4291,4291,1,2003
MPCTASK: EXP,1,128,6384,-450,-409,611,-38,-1040,-12,-217,-1174,320,-495,-679,402,-187,-893,562,-90,609,1019,0,0,1,20,20,0,0,0,0,0,0,0,5,26339,0,26574,0,0,0,0,4477595,4517562,0,0,0,0,0,1000,1000,5119396,55839,33503,65535,4392,4392,1,2003
MPCTASK: EXP,1,130,6484,-443,-485,609,172,-943,-13,-388,-1222,307,-541,-830,402,-87,-894,562,-93,606,1019,0,0,1,20,20,0,0,0,0,0,0,0,5,25949,0,26728,0,0,0,0,4411319,4543806,0,0,0,0,0,1000,1000,5119396,58384,35030,65535,4492,4492,1,2003
MPCTASK: EXP,1,132,6586,-412,-554,602,388,-830,-59,-449,-1309,272,-538,-962,402,21,-885,560,-108,591,1019,0,0,1,20,20,0,0,0,0,0,0,0,5,28141,0,28426,0,0,0,0,4783915,4832425,0,0,0,0,0,1000,1000,5119396,59555,35733,65535,4594,4594,1,2003
MPCTASK: EXP,1,134,6683,-362,-604,592,605,-693,-80,-587,-1183,219,-487,-1071,402,117,-847,560,-123,576,1019,0,0,1,20,20,0,0,0,0,0,0,0,5,24899,0,25378,0,0,0,0,4232868,4314482,0,0,0,0,0,1000,1000,5119396,60335,36201,65535,4692,4692,1,2003
MPCTASK: EXP,1,136,6784,-274,-647,580,834,-530,-54,-587,-928,178,-392,-1156,402,220,-799,557,-130,569,1019,0,0,1,20,20,0,0,0,0,0,0,0,5,25083,0,25271,0,0,0,0,4264099,4296104,0,0,0,0,0,1000,1000,5119396,59270,35562,65535,4792,4792,1,2003
MPCTASK: EXP,1,138,6883,-185,-663,575,968,-378,8,-532,-503,200,-263,-1213,402,274,-732,563,-124,575,1000,0,0,1,20,20,0,0,0,0,0,0,0,5,24121,0,24638,0,0,0,0,4100564,4188678,0,0,0,0,0,1000,1000,5119396,59434,35660,65535,4892,4892,1,2003
MPCTASK: EXP,1,140,6985,-75,-663,575,1041,-236,42,-520,-34,246,-113,-1242,402,310,-647,575,-124,575,1000,0,0,1,20,20,0,0,0,0,0,0,0,5,26470,0,26678,0,0,0,0,4499796,4535476,0,0,0,0,0,1000,1000,5119396,57309,34385,65535,4994,4994,1,2003
MPCTASK: EXP,1,142,7084,26,-645,581,1011,-90,83,-518,391,274,43,-1241,402,306,-547,582,-118,581,1000,0,0,1,20,20,0,0,0,0,0,0,0,5,23998,0,24631,0,0,0,0,4079620,4187345,0,0,0,0,0,1000,1000,5119396,56260,33756,65535,5094,5094,1,2003
MPCTASK: EXP,1,144,7184,131,-622,594,914,36,106,-537,878,311,192,-1211,402,278,-444,590,-105,594,1000,0,0,1,20,20,0,0,0,0,0,0,0,5,24435,0,24623,0,0,0,0,4153899,4185896,0,0,0,0,0,1000,1000,5119396,55284,33170,65535,5194,5194,1,2003
MPCTASK: EXP,1,146,7283,207,-597,608,724,148,85,-592,1251,321,317,-1153,402,209,-341,596,-91,608,1000,0,0,1,20,20,0,0,0,0,0,0,0,5,22869,0,23181,0,0,0,0,3887600,3940842,0,0,0,0,0,1000,1000,5119396,55375,33225,65535,5292,5292,1,2003
MPCTASK: EXP,1,148,7384,268,-567,618,526,250,50,-657,1472,328,407,-1068,402,141,-237,602,-81,618,1000,0,0,1,20,20,0,0,0,0,0,0,0,5,24238,0,24511,0,0,0,0,4120399,4166882,0,0,0,0,0,1000,1000,5119396,56135,33681,65535,5394,5394,1,2003
MPCTASK: EXP,1,150,7486,312,-526,624,268,368,5,-732,1603,333,453,-957,402,60,-124,602,-75,624,1000,0,0,1,20,20,0,0,0,0,0,0,0,5,24829,0,25575,0,0,0,0,4220868,4347735,0,0,0,0,0,1000,1000,5119396,59610,35766,65535,5496,5496,1,2003
MPCTASK: EXP,1,152,7582,325,-463,619,-39,516,-55,-745,1572,330,450,-825,402,-33,8,601,-92,607,1019,0,0,1,20,20,0,0,0,0,0,0,0,5,21878,0,22066,0,0,0,0,3719267,3751261,0,0,0,0,0,1000,1000,5119396,61384,36830,65535,5593,5593,1,2003
MPCTASK: EXP,1,154,7683,308,-398,611,-311,645,-67,-741,1409,305,399,-673,402,-118,131,601,-101,598,1019,0,0,1,20,20,0,0,0,0,0,0,0,5,23024,0,23209,0,0,0,0,3913875,3945554,0,0,0,0,0,1000,1000,5119396,63089,37853,65535,5694,5694,1,2003
MPCTASK: EXP,1,156,7785,267,-327,605,-535,765,-49,-709,1157,254,304,-506,402,-185,248,602,-104,595,1019,0,0,1,20,20,0,0,0,0,0,0,0,5,25301,0,25487,0,0,0,0,4301240,4332918,0,0,0,0,0,1000,1000,5119396,63766,38260,65535,5797,5797,1,2003
MPCTASK: EXP,1,158,7887,206,-238,601,-722,886,8,-568,758,186,176,-328,402,-234,365,602,-98,601,1000,0,0,1,20,20,0,0,0,0,0,0,0,5,23042,0,24420,0,0,0,0,3917144,4151565,0,0,0,0,0,1000,1000,5119396,62548,37529,65535,5898,5898,1,2003
MPCTASK: EXP,1,160,7985,138,-143,605,-811,970,54,-383,319,166,25,-144,402,-245,470,602,-94,605,1000,0,0,1,20,20,0,0,0,0,0,0,0,5,23266,0,23511,0,0,0,0,3955127,3996990,0,0,0,0,0,1000,1000,5119396,62364,37418,65535,5997,5997,1,2003
MPCTASK: EXP,1,162,8085,74,-62,614,-810,999,72,-259,39,179,-131,42,402,-234,542,602,-85,614,1000,0,0,1,20,20,0,0,0,0,0,0,0,5,21507,0,21984,0,0,0,0,3656195,3737420,0,0,0,0,0,1000,1000,5119396,65535,39321,65535,6097,6097,1,2003
MPCTASK: EXP,1,164,8189,14,29,625,-772,1022,58,-193,-309,286,-279,227,402,-199,623,602,-74,625,1000,0,0,1,20,20,0,0,0,0,0,0,0,5,25582,0,26649,0,0,0,0,4348935,4530570,0,0,0,0,0,1000,1000,5119396,61643,36986,65535,6201,6201,1,2003
MPCTASK: EXP,1,166,8287,-42,126,631,-679,1026,27,-53,-373,425,-405,405,402,-156,677,602,-68,631,1000,0,0,1,20,20,0,0,0,0,0,0,0,5,22869,0,23056,0,0,0,0,3887740,3919744,0,0,0,0,0,1000,1000,5119396,65535,39321,65535,6299,6299,1,2003
MPCTASK: EXP,1,168,8387,-83,209,635,-555,972,-32,295,-718,609,-495,571,402,-87,704,602,-70,629,1019,0,0,1,20,20,0,0,0,0,0,0,0,5,23859,0,24063,0,0,0,0,4055923,4090824,0,0,0,0,0,1000,1000,5119396,65535,39321,65535,6400,6400,1,2003
MPCTASK: EXP,1,170,8488,-120,273,634,-425,902,-27,327,-795,737,-541,722,402,-31,714,602,-70,629,1019,0,0,1,20,20,0,0,0,0,0,0,0,5,24765,0,24950,0,0,0,0,4209979,4241660,0,0,0,0,0,1000,1000,5119396,62145,37287,65535,6501,6501,1,2003
MPCTASK: EXP,1,172,8588,-171,317,632,-284,793,-27,421,-1019,393,-538,854,402,4,683,602,-73,626,1019,0,0,1,20,20,0,0,0,0,0,0,0,5,25041,0,25452,0,0,0,0,4256840,4326954,0,0,0,0,0,1000,1000,5119396,53476,32086,65535,6602,6602,1,2003
MPCTASK: EXP,1,174,8688,-184,367,635,-41,693,-6,96,-1392,-111,-487,963,402,87,678,602,-65,634,1019,0,0,1,20,20,0,0,0,0,0,0,0,5,22639,0,24058,0,0,0,0,3848577,4090108,0,0,0,0,0,1000,1000,5119396,43444,26066,65535,6701,6701,1,2003
MPCTASK: EXP,1,176,8793,-171,384,636,195,589,59,-106,-1129,-682,-392,1048,402,134,633,602,-63,636,1000,0,0,1,20,20,0,0,0,0,0,0,0,5,29790,0,29978,0,0,0,0,5064359,5096353,0,0,0,0,0,1000,1000,5119396,35512,21307,65535,6807,6807,1,2003
MPCTASK: EXP,1,178,8888,-129,422,643,414,547,119,-78,-1023,-1063,-263,1105,402,201,606,602,-56,643,1000,0,0,1,20,20,0,0,0,0,0,0,0,5,24728,0,24914,0,0,0,0,4203687,4235366,0,0,0,0,0,1000,1000,5119396,37662,22597,65535,6902,6902,1,2003
MPCTASK: EXP,1,180,8989,-81,450,649,561,505,119,-164,-553,-1203,-113,1134,402,203,576,602,-50,649,1000,0,0,1,20,20,0,0,0,0,0,0,0,5,24319,0,24750,0,0,0,0,4134223,4207574,0,0,0,0,0,1000,1000,5119396,36227,21736,65535,7003,7003,1,2003
MPCTASK: EXP,1,182,9092,-9,474,661,622,460,144,189,43,-1300,43,1133,402,191,507,602,-38,661,1000,0,0,1,20,20,0,0,0,0,0,0,0,5,27366,0,27950,0,0,0,0,4652171,4751635,0,0,0,0,0,1000,1000,5119396,29775,17865,65535,7107,7107,1,2003
MPCTASK: EXP,1,184,9190,49,498,681,558,386,197,528,522,-1204,191,1104,402,142,436,602,-18,681,1000,0,0,1,20,20,0,0,0,0,0,0,0,5,25802,0,25989,0,0,0,0,4386163,4418160,0,0,0,0,0,1000,1000,5119396,37047,22228,65535,7205,7205,1,2003
MPCTASK: EXP,1,186,9289,135,552,707,488,335,165,743,1054,-953,317,1046,402,94,396,602,7,707,1000,0,0,1,20,20,0,0,0,0,0,0,0,5,24332,0,24958,0,0,0,0,4136259,4242938,0,0,0,0,0,1000,1000,5119396,37785,22671,65535,7304,7304,1,2003
MPCTASK: EXP,1,188,9389,134,566,722,244,209,57,1082,1261,-584,406,961,402,-19,300,602,22,722,1000,0,0,1,20,20,0,0,0,0,0,0,0,5,23573,0,24149,0,0,0,0,4007263,4105326,0,0,0,0,0,1000,1000,5119396,38337,23002,65535,7404,7404,1,2003
MPCTASK: EXP,1,190,9490,134,573,720,14,27,-97,1335,1410,-336,452,851,402,-123,194,602,1,701,1019,0,0,1,20,20,0,0,0,0,0,0,0,5,25712,0,25898,0,0,0,0,4370935,4402634,0,0,0,0,0,1000,1000,5119396,40258,24155,65535,7506,7506,1,2003
MPCTASK: EXP,1,192,9587,89,557,703,-270,-206,-178,1476,1190,-147,449,719,402,-233,58,602,-32,667,1019,0,0,1,20,20,0,0,0,0,0,0,0,5,22804,0,22990,0,0,0,0,3876707,3908410,0,0,0,0,0,1000,1000,5119396,54178,32507,65535,7603,7603,1,2003
MPCTASK: EXP,1,194,9689,23,520,676,-473,-478,-249,1575,848,-1,397,568,402,-331,-83,602,-73,626,1019,0,0,1,20,20,0,0,0,0,0,0,0,5,24552,0,24990,0,0,0,0,4173747,4248382,0,0,0,0,0,1000,1000,5119396,46523,27914,65535,7705,7705,1,2003
MPCTASK: EXP,1,196,9790,-67,460,650,-658,-765,-203,1473,446,10,302,401,402,-412,-230,602,-90,609,1019,0,0,1,20,20,0,0,0,0,0,0,0,5,24106,0,24542,0,0,0,0,4097832,4172269,0,0,0,0,0,1000,1000,5119396,50440,30264,65535,7806,7806,1,2003
MPCTASK: EXP,1,198,9888,-137,413,635,-700,-957,-97,1168,-205,-149,174,222,402,-412,-333,602,-84,615,1019,0,0,1,20,20,0,0,0,0,0,0,0,5,22665,0,22942,0,0,0,0,3853127,3900266,0,0,0,0,0,1000,1000,5119396,40400,24240,65535,7905,7905,1,2003
MPCTASK: EXP,1,200,9991,-241,306,627,-687,-1147,-27,646,-530,-526,25,37,402,-432,-451,602,-77,622,1019,0,0,1,20,20,0,0,0,0,0,0,0,5,25972,0,26159,0,0,0,0,4415135,4447105,0,0,0,0,0,1000,1000,5119396,48941,29365,65535,8008,8008,1,2003
MPCTASK: EXP,1,202,10088,-319,180,627,-594,-1252,-42,268,-990,-426,-130,-152,402,-394,-553,602,-81,618,1019,0,0,1,20,20,0,0,0,0,0,0,0,5,22015,0,22534,0,0,0,0,3742551,3830989,0,0,0,0,0,1000,1000,5119396,53616,32170,65535,8105,8105,1,2003
MPCTASK: EXP,1,204,10196,-376,30,630,-407,-1270,-77,-251,-1284,-134,-276,-339,402,-316,-643,602,-84,615,1019,0,0,1,20,20,0,0,0,0,0,0,0,5,28468,0,28977,0,0,0,0,4839472,4926193,0,0,0,0,0,1000,1000,5119396,57201,34321,65535,8213,8213,1,2003
MPCTASK: EXP,1,206,10293,-401,-65,624,-167,-1185,-130,-290,-1522,30,-398,-521,402,-224,-677,602,-101,598,1019,0,0,1,20,20,0,0,0,0,0,0,0,5,25780,0,25966,0,0,0,0,4382403,4414473,0,0,0,0,0,1000,1000,5119396,55406,33244,65535,8311,8311,1,2003
MPCTASK: EXP,1,208,10394,-387,-152,605,111,-1091,-183,-223,-1470,166,-484,-692,402,-110,-698,602,-130,569,1019,0,0,1,20,20,0,0,0,0,0,0,0,5,26975,0,27162,0,0,0,0,4585535,4617593,0,0,0,0,0,1000,1000,5119396,60334,36200,65535,8412,8412,1,2003
MPCTASK: EXP,1,210,10491,-351,-229,578,377,-1011,-197,-85,-1258,264,-526,-847,402,-6,-703,602,-160,539,1019,0,0,1,20,20,0,0,0,0,0,0,0,5,23628,0,24039,0,0,0,0,4016586,4086686,0,0,0,0,0,1000,1000,5119396,61642,36985,65535,8509,8509,1,2003
MPCTASK: EXP,1,212,10595,-297,-287,555,593,-944,-150,-63,-1036,305,-521,-981,402,81,-680,602,-174,525,1019,0,0,1,20,20,0,0,0,0,0,0,0,5,26633,0,27742,0,0,0,0,4527548,4716326,0,0,0,0,0,1000,1000,5119396,59034,35420,65535,8613,8613,1,2003
MPCTASK: EXP,1,214,10689,-215,-342,536,782,-849,-65,-175,-620,321,-471,-1090,402,157,-632,602,-176,523,1019,0,0,1,20,20,0,0,0,0,0,0,0,5,21964,0,22152,0,0,0,0,3733751,3765817,0,0,0,0,0,1000,1000,5119396,60237,36142,65535,8708,8708,1,2003
MPCTASK: EXP,1,216,10796,-121,-391,532,880,-745,27,-430,-232,357,-382,-1168,402,203,-564,602,-167,532,1000,0,0,1,20,20,0,0,0,0,0,0,0,5,28661,0,28848,0,0,0,0,4872183,4904244,0,0,0,0,0,1000,1000,5119396,56488,33893,65535,8815,8815,1,2003
MPCTASK: EXP,1,218,10889,-33,-422,541,894,-605,97,-740,193,392,-266,-1211,402,214,-475,602,-158,541,1000,0,0,1,20,20,0,0,0,0,0,0,0,5,21457,0,21892,0,0,0,0,3647627,3721878,0,0,0,0,0,1000,1000,5119396,52872,31723,65535,8908,8908,1,2003
MPCTASK: EXP,1,220,10994,80,-453,563,831,-407,129,-1011,730,367,-137,-1215,401,215,-387,601,-136,563,1000,0,0,1,20,20,0,0,0,0,0,0,0,5,25850,0,26040,0,0,0,0,4394447,4426784,0,0,0,0,0,1000,1000,5119396,50465,30279,65535,9013,9013,1,2003
MPCTASK: EXP,1,222,11088,163,-458,575,678,-195,84,-1112,1157,292,-12,-1177,401,190,-306,601,-124,575,1000,0,0,1,20,20,0,0,0,0,0,0,0,5,20037,0,20468,0,0,0,0,3406216,3479725,0,0,0,0,0,1000,1000,5119396,52258,31355,65535,9107,9107,1,2003
MPCTASK: EXP,1,224,11191,224,-445,580,467,20,32,-1083,1345,268,92,-1097,402,169,-244,602,-119,580,1000,0,0,1,20,20,0,0,0,0,0,0,0,5,24075,0,24262,0,0,0,0,4092719,4124754,0,0,0,0,0,1000,1000,5119396,58443,35066,65535,9211,9211,1,2003
MPCTASK: EXP,1,226,11291,256,-420,580,249,195,5,-886,1322,290,166,-978,402,148,-217,602,-119,580,1000,0,0,1,20,20,0,0,0,0,0,0,0,5,22900,0,23453,0,0,0,0,3892928,3986993,0,0,0,0,0,1000,1000,5119396,61048,36629,65535,9311,9311,1,2003
MPCTASK: EXP,1,228,11394,266,-371,577,-1,353,-14,-498,1090,346,200,-826,402,113,-179,602,-125,574,1019,0,0,1,20,20,0,0,0,0,0,0,0,5,25933,0,26121,0,0,0,0,4408621,4440700,0,0,0,0,0,1000,1000,5119396,64355,38613,65535,9414,9414,1,2003
MPCTASK: EXP,1,230,11490,258,-331,572,-170,403,-17,-110,752,380,193,-653,402,88,-163,602,-130,569,1019,0,0,1,20,20,0,0,0,0,0,0,0,5,22290,0,22478,0,0,0,0,3789256,3821337,0,0,0,0,0,1000,1000,5119396,65535,39321,65535,9510,9510,1,2003
MPCTASK: EXP,1,232,11592,241,-281,574,-267,406,11,159,437,436,152,-474,402,68,-130,602,-125,574,1000,0,0,1,20,20,0,0,0,0,0,0,0,5,24581,0,25178,0,0,0,0,4178631,4280240,0,0,0,0,0,1000,1000,5119396,63587,38152,65535,9613,9613,1,2003
MPCTASK: EXP,1,234,11693,223,-245,577,-304,366,22,315,233,459,90,-309,402,44,-83,602,-122,577,1000,0,0,1,20,20,0,0,0,0,0,0,0,5,25353,0,25785,0,0,0,0,4309816,4383534,0,0,0,0,0,1000,1000,5119396,64110,38466,65535,9714,9714,1,2003
MPCTASK: EXP,1,236,11797,200,-207,584,-309,303,43,303,89,435,27,-176,402,4,-1,602,-115,584,1000,0,0,1,20,20,0,0,0,0,0,0,0,5,28819,0,29007,0,0,0,0,4899128,4931208,0,0,0,0,0,1000,1000,5119396,61866,37120,65535,9818,9818,1,2003
MPCTASK: EXP,1,238,11889,185,-184,589,-294,259,46,56,86,371,-20,-92,402,-38,109,602,-110,589,1000,0,0,1,20,20,0,0,0,0,0,0,0,5,21856,0,22044,0,0,0,0,3715531,3747600,0,0,0,0,0,1000,1000,5119396,61342,36805,65535,9911,9911,1,2003
MPCTASK: EXP,1,240,11994,176,-165,596,-281,265,50,-361,183,299,-41,-57,402,-65,228,602,-103,596,1000,0,0,1,20,20,0,0,0,0,0,0,0,5,26057,0,26544,0,0,0,0,4429488,4512524,0,0,0,0,0,1000,1000,5119396,58382,35029,65535,10016,10016,1,2003
MPCTASK: EXP,1,242,12091,170,-147,604,-287,333,59,-796,321,259,-43,-53,402,-62,334,602,-95,604,1000,0,0,1,20,20,0,0,0,0,0,0,0,5,23112,0,23450,0,0,0,0,3928935,3986570,0,0,0,0,0,1000,1000,5119396,58873,35324,65535,10114,10114,1,2003
MPCTASK: EXP,1,244,12194,149,-107,614,-335,497,42,-1144,413,223,-48,-46,402,-51,442,602,-85,614,1000,0,0,1,20,20,0,0,0,0,0,0,0,5,25848,0,26036,0,0,0,0,4394123,4426193,0,0,0,0,0,1000,1000,5119396,58237,34942,65535,10217,10217,1,2003
MPCTASK: EXP,1,246,12292,128,-45,617,-383,700,-6,-1290,297,212,-73,0,402,-19,551,602,-83,616,1019,0,0,1,20,20,0,0,0,0,0,0,0,5,23614,0,24065,0,0,0,0,4014223,4091152,0,0,0,0,0,1000,1000,5119396,58805,35283,65535,10315,10315,1,2003
MPCTASK: EXP,1,248,12394,104,36,613,-399,915,-41,-1163,63,215,-120,98,402,21,650,602,-94,605,1019,0,0,1,20,20,0,0,0,0,0,0,0,5,25519,0,26021,0,0,0,0,4338291,4423667,0,0,0,0,0,1000,1000,5119396,62784,37670,65535,10417,10417,1,2003
MPCTASK: EXP,1,250,12490,89,116,602,-362,1056,-77,-753,-219,208,-176,243,402,81,706,602,-113,586,1019,0,0,1,20,20,0,0,0,0,0,0,0,5,22216,0,22524,0,0,0,0,3776527,3829122,0,0,0,0,0,1000,1000,5119396,63507,38104,65535,10514,10514,1,2003
MPCTASK: EXP,1,252,12592,82,239,592,-250,1165,-45,-251,-506,220,-223,417,402,154,771,602,-116,583,1019,0,0,1,20,20,0,0,0,0,0,0,0,5,23888,0,24075,0,0,0,0,4060815,4092892,0,0,0,0,0,1000,1000,5119396,64389,38633,65535,10616,10616,1,2003
MPCTASK: EXP,1,254,12690,85,331,591,-115,1130,6,292,-586,329,-244,599,402,214,765,602,-108,591,1000,0,0,1,20,20,0,0,0,0,0,0,0,5,21909,0,22101,0,0,0,0,3724431,3757239,0,0,0,0,0,1000,1000,5119396,65535,39321,65535,10714,10714,1,2003
MPCTASK: EXP,1,256,12794,79,421,596,-12,1021,19,680,-501,544,-229,768,402,234,742,602,-103,596,1000,0,0,1,20,20,0,0,0,0,0,0,0,5,25402,0,26143,0,0,0,0,4318127,4444355,0,0,0,0,0,1000,1000,5119396,65535,39321,65535,10818,10818,1,2003
MPCTASK: EXP,1,258,12890,102,501,604,121,846,14,1062,-507,527,-175,911,402,270,698,602,-95,604,1000,0,0,1,20,20,0,0,0,0,0,0,0,5,20732,0,21327,0,0,0,0,3524368,3625744,0,0,0,0,0,1000,1000,5119396,56137,33682,65535,10914,10914,1,2003
MPCTASK: EXP,1,260,12997,103,555,610,174,623,58,1075,-206,382,-86,1017,401,235,632,601,-89,610,1000,0,0,1,20,20,0,0,0,0,0,0,0,5,28552,0,29023,0,0,0,0,4853615,4933961,0,0,0,0,0,1000,1000,5119396,50979,30587,65535,11022,11022,1,2003
MPCTASK: EXP,1,262,13090,106,577,622,159,355,198,1187,-127,74,27,1080,401,202,516,601,-77,622,1000,0,0,1,20,20,0,0,0,0,0,0,0,5,21819,0,22005,0,0,0,0,3709075,3740834,0,0,0,0,0,1000,1000,5119396,45325,27195,65535,11115,11115,1,2003
MPCTASK: EXP,1,264,13194,94,580,637,123,143,197,982,149,-179,150,1099,401,105,427,601,-62,637,1000,0,0,1,20,20,0,0,0,0,0,0,0,5,25401,0,25587,0,0,0,0,4318059,4349817,0,0,0,0,0,1000,1000,5119396,51098,30659,65535,11219,11219,1,2003
MPCTASK: EXP,1,266,13292,81,558,655,45,-75,153,898,152,-388,266,1076,402,27,305,602,-44,655,1000,0,0,1,20,20,0,0,0,0,0,0,0,5,22819,0,23533,0,0,0,0,3879132,4000570,0,0,0,0,0,1000,1000,5119396,44832,26899,65535,11318,11318,1,2003
MPCTASK: EXP,1,268,13396,52,510,661,-41,-259,30,772,270,-442,362,1014,402,-71,179,602,-38,661,1000,0,0,1,20,20,0,0,0,0,0,0,0,5,26751,0,26939,0,0,0,0,4547699,4579776,0,0,0,0,0,1000,1000,5119396,56546,33928,65535,11422,11422,1,2003
MPCTASK: EXP,1,270,13498,14,448,661,-131,-426,-52,827,235,-140,422,918,402,-161,32,602,-49,650,1019,0,0,1,20,20,0,0,0,0,0,0,0,5,28573,0,28759,0,0,0,0,4857359,4889118,0,0,0,0,0,1000,1000,5119396,55466,33280,65535,11524,11524,1,2003
MPCTASK: EXP,1,272,13595,-25,380,653,-203,-576,-96,633,194,263,440,793,402,-234,-91,602,-65,634,1019,0,0,1,20,20,0,0,0,0,0,0,0,5,25150,0,25630,0,0,0,0,4275436,4357194,0,0,0,0,0,1000,1000,5119396,65535,39321,65535,11621,11621,1,2003
MPCTASK: EXP,1,274,13692,-83,294,640,-273,-715,-212,626,218,778,411,645,402,-312,-229,602,-101,598,1019,0,0,1,20,20,0,0,0,0,0,0,0,5,22524,0,22711,0,0,0,0,3828903,3860840,0,0,0,0,0,1000,1000,5119396,65535,39321,65535,11719,11719,1,2003
MPCTASK: EXP,1,276,13798,-139,181,610,-325,-840,-349,224,126,1123,337,479,402,-364,-362,602,-159,540,1019,0,0,1,20,20,0,0,0,0,0,0,0,5,28746,0,28932,0,0,0,0,4886807,4918566,0,0,0,0,0,1000,1000,5119396,65535,39321,65535,11825,11825,1,2003
MPCTASK: EXP,1,278,13900,-185,95,567,-350,-876,-483,252,46,1111,224,300,402,-387,-469,602,-228,471,1019,0,0,1,20,20,0,0,0,0,0,0,0,5,30823,0,31023,0,0,0,0,5239755,5274054,0,0,0,0,0,1000,1000,5274054,65535,39321,65535,11927,11927,1,2003
MPCTASK: EXP,1,280,13995,-230,16,525,-363,-909,-473,217,-55,875,84,114,402,-391,-560,584,-269,430,1019,0,0,1,20,20,0,0,0,0,0,0,0,5,25568,0,26425,0,0,0,0,4346508,4492370,0,0,0,0,0,1000,1000,5274054,65535,39321,65535,12023,12023,1,2003
MPCTASK: EXP,1,282,14094,-276,-67,487,-350,-950,-267,387,-124,562,-68,-75,402,-373,-657,591,-266,433,1019,0,0,1,20,20,0,0,0,0,0,0,0,5,23988,0,24174,0,0,0,0,4077828,4109749,0,0,0,0,0,1000,1000,5274054,65535,39321,65535,12121,12121,1,2003
MPCTASK: EXP,1,284,14193,-319,-160,466,-318,-995,-148,200,-328,502,-221,-263,402,-337,-734,595,-262,437,1019,0,0,1,20,20,0,0,0,0,0,0,0,5,23637,0,24047,0,0,0,0,4018187,4088099,0,0,0,0,0,1000,1000,5274054,65535,39321,65535,12221,12221,1,2003
MPCTASK: EXP,1,286,14294,-342,-231,457,-222,-972,-52,114,-623,371,-356,-445,402,-258,-778,602,-253,446,1019,0,0,1,20,20,0,0,0,0,0,0,0,5,24978,0,25162,0,0,0,0,4246031,4277789,0,0,0,0,0,1000,1000,5274054,65535,39321,65535,12322,12322,1,2003
MPCTASK: EXP,1,288,14398,-351,-306,458,-84,-963,61,115,-831,237,-462,-617,402,-168,-825,602,-241,458,1000,0,0,1,20,20,0,0,0,0,0,0,0,5,26290,0,27341,0,0,0,0,4469288,4648101,0,0,0,0,0,1000,1000,5274054,65535,39321,65535,12426,12426,1,2003
MPCTASK: EXP,1,290,14495,-344,-389,473,122,-937,206,46,-944,102,-526,-774,402,-61,-860,602,-226,473,1000,0,0,1,20,20,0,0,0,0,0,0,0,5,21901,0,24479,0,0,0,0,3723159,4161620,0,0,0,0,0,1000,1000,5274054,65535,39321,65535,12523,12523,1,2003
MPCTASK: EXP,1,292,14599,-306,-467,498,337,-911,329,-32,-904,42,-543,-914,402,50,-882,602,-201,498,1000,0,0,1,20,20,0,0,0,0,0,0,0,5,28131,0,28660,0,0,0,0,4782307,4872296,0,0,0,0,0,1000,1000,5274054,60071,36043,65535,12628,12628,1,2003
MPCTASK: EXP,1,294,14696,-251,-542,529,515,-866,351,-204,-731,18,-512,-1032,402,144,-885,602,-170,529,1000,0,0,1,20,20,0,0,0,0,0,0,0,5,25493,0,26119,0,0,0,0,4333683,4440311,0,0,0,0,0,1000,1000,5274054,56395,33837,65535,12725,12725,1,2003
MPCTASK: EXP,1,296,14799,-192,-599,562,629,-783,342,-415,-523,0,-434,-1126,402,207,-856,602,-137,562,1000,0,0,1,20,20,0,0,0,0,0,0,0,5,25294,0,27305,0,0,0,0,4300019,4641944,0,0,0,0,0,1000,1000,5274054,56426,33856,65535,12828,12828,1,2003
MPCTASK: EXP,1,298,14895,-115,-661,594,712,-658,280,-606,-233,-3,-318,-1194,402,251,-816,602,-105,594,1000,0,0,1,20,20,0,0,0,0,0,0,0,5,21310,0,22584,0,0,0,0,3622519,3839298,0,0,0,0,0,1000,1000,5274054,53733,32240,65535,12924,12924,1,2003
MPCTASK: EXP,1,300,14997,-45,-698,618,730,-505,221,-751,22,-14,-175,-1234,402,263,-748,602,-81,618,1000,0,0,1,20,20,0,0,0,0,0,0,0,5,24490,0,24999,0,0,0,0,4163211,4249924,0,0,0,0,0,1000,1000,5274054,54181,32509,65535,13027,13027,1,2003
MPCTASK: EXP,1,302,15094,31,-728,639,718,-348,166,-858,282,-5,-19,-1245,402,260,-674,602,-60,639,1000,0,0,1,20,20,0,0,0,0,0,0,0,5,20543,0,21432,0,0,0,0,3492235,3643522,0,0,0,0,0,1000,1000,5274054,55865,33519,65535,13124,13124,1,2003
MPCTASK: EXP,1,304,15197,107,-741,657,662,-177,123,-928,598,16,134,-1227,402,231,-582,602,-42,657,1000,0,0,1,20,20,0,0,0,0,0,0,0,5,23235,0,23817,0,0,0,0,3949791,4048965,0,0,0,0,0,1000,1000,5274054,54128,32477,65535,13227,13227,1,2003
MPCTASK: EXP,1,306,15297,177,-739,668,555,1,71,-973,896,34,270,-1180,402,186,-479,602,-31,668,1000,0,0,1,20,20,0,0,0,0,0,0,0,5,23985,0,24173,0,0,0,0,4077364,4109420,0,0,0,0,0,1000,1000,5274054,56898,34139,65535,13327,13327,1,2003
MPCTASK: EXP,1,308,15394,223,-725,671,414,160,15,-981,1077,26,376,-1105,402,123,-375,602,-28,671,1000,0,0,1,20,20,0,0,0,0,0,0,0,5,21539,0,21832,0,0,0,0,3661547,3711526,0,0,0,0,0,1000,1000,5274054,58008,34805,65535,13425,13425,1,2003
MPCTASK: EXP,1,310,15495,264,-689,670,234,343,-26,-952,1215,9,440,-1004,402,55,-252,602,-34,665,1019,0,0,1,20,20,0,0,0,0,0,0,0,5,22028,0,22498,0,0,0,0,3744659,3824826,0,0,0,0,0,1000,1000,5274054,59021,35413,65535,13526,13526,1,2003
MPCTASK: EXP,1,312,15597,278,-637,664,16,522,-50,-907,1271,-20,457,-880,402,-26,-121,602,-45,654,1019,0,0,1,20,20,0,0,0,0,0,0,0,5,23227,0,24242,0,0,0,0,3948459,4121215,0,0,0,0,0,1000,1000,5274054,60282,36169,65535,13628,13628,1,2003
MPCTASK: EXP,1,314,15698,270,-572,662,-199,687,-47,-871,1253,-47,425,-736,402,-104,11,602,-46,653,1019,0,0,1,20,20,0,0,0,0,0,0,0,5,25157,0,25353,0,0,0,0,4276575,4310171,0,0,0,0,0,1000,1000,5274054,60930,36558,65535,13729,13729,1,2003
MPCTASK: EXP,1,316,15800,241,-496,658,-404,837,-55,-822,1155,-75,347,-575,402,-174,140,602,-52,647,1019,0,0,1,20,20,0,0,0,0,0,0,0,5,25615,0,26004,0,0,0,0,4354558,4420866,0,0,0,0,0,1000,1000,5274054,62528,37517,65535,13831,13831,1,2003
MPCTASK: EXP,1,318,15894,190,-403,653,-590,978,-46,-663,926,-110,231,-401,402,-231,266,602,-55,644,1019,0,0,1,20,20,0,0,0,0,0,0,0,5,20060,0,20498,0,0,0,0,3410143,3484714,0,0,0,0,0,1000,1000,5274054,64295,38577,65535,13926,13926,1,2003
MPCTASK: EXP,1,320,15998,123,-290,649,-727,1083,-19,-383,561,-137,87,-218,402,-265,385,602,-54,645,1019,0,0,1,20,20,0,0,0,0,0,0,0,5,23257,0,23444,0,0,0,0,3953516,3985592,0,0,0,0,0,1000,1000,5274054,63345,38007,65535,14030,14030,1,2003
MPCTASK: EXP,1,322,16097,63,-206,647,-768,1095,-5,-151,163,-106,-68,-31,402,-253,451,602,-53,646,1019,0,0,1,20,20,0,0,0,0,0,0,0,5,22144,0,22331,0,0,0,0,3764415,3796481,0,0,0,0,0,1000,1000,5274054,65535,39321,65535,14129,14129,1,2003
MPCTASK: EXP,1,324,16203,14,-120,644,-728,1064,-63,84,-124,105,-222,154,402,-214,505,602,-67,632,1019,0,0,1,20,20,0,0,0,0,0,0,0,5,27710,0,28801,0,0,0,0,4710595,4896178,0,0,0,0,0,1000,1000,5274054,65535,39321,65535,14236,14236,1,2003
MPCTASK: EXP,1,326,16296,-17,-64,640,-643,994,-149,124,-371,354,-358,335,402,-152,527,602,-88,611,1019,0,0,1,20,20,0,0,0,0,0,0,0,5,21550,0,21736,0,0,0,0,3663428,3695185,0,0,0,0,0,1000,1000,5274054,65535,39321,65535,14329,14329,1,2003
MPCTASK: EXP,1,328,16400,-67,24,621,-546,951,-234,97,-548,507,-464,506,402,-100,577,602,-125,574,1019,0,0,1,20,20,0,0,0,0,0,0,0,5,25484,0,25671,0,0,0,0,4332223,4364296,0,0,0,0,0,1000,1000,5274054,65535,39321,65535,14434,14434,1,2003
MPCTASK: EXP,1,330,16497,-96,92,598,-405,897,-273,195,-769,465,-528,664,402,-29,596,602,-156,543,1019,0,0,1,20,20,0,0,0,0,0,0,0,5,22905,0,23094,0,0,0,0,3893879,3926109,0,0,0,0,0,1000,1000,5274054,65535,39321,65535,14531,14531,1,2003
MPCTASK: EXP,1,332,16598,-120,147,575,-239,829,-270,199,-1002,375,-545,804,402,40,591,602,-178,521,1019,0,0,1,20,20,0,0,0,0,0,0,0,5,23831,0,24016,0,0,0,0,4051091,4082852,0,0,0,0,0,1000,1000,5274054,65535,39321,65535,14632,14632,1,2003
MPCTASK: EXP,1,334,16694,-132,169,551,-74,730,-270,209,-1161,342,-513,922,402,103,552,602,-202,497,1019,0,0,1,20,20,0,0,0,0,0,0,0,5,19559,0,20009,0,0,0,0,3324983,3401549,0,0,0,0,0,1000,1000,5274054,65535,39321,65535,14728,14728,1,2003
MPCTASK: EXP,1,336,16802,-118,172,518,160,606,-294,34,-1118,365,-435,1017,402,169,495,602,-240,459,1019,0,0,1,20,20,0,0,0,0,0,0,0,5,27363,0,27551,0,0,0,0,4651596,4683802,0,0,0,0,0,1000,1000,5274054,65535,39321,65535,14837,14837,1,2003
MPCTASK: EXP,1,338,16894,-95,195,488,330,534,-284,207,-901,315,-318,1086,402,213,443,602,-268,431,1019,0,0,1,20,20,0,0,0,0,0,0,0,5,19887,0,20075,0,0,0,0,3380715,3412797,0,0,0,0,0,1000,1000,5274054,65535,39321,65535,14929,14929,1,2003
MPCTASK: EXP,1,340,16999,-69,202,459,463,432,-265,314,-817,168,-175,1126,402,230,367,602,-293,406,1019,0,0,1,20,20,0,0,0,0,0,0,0,5,24733,0,24919,0,0,0,0,4204599,4236360,0,0,0,0,0,1000,1000,5274054,65535,39321,65535,15034,15034,1,2003
MPCTASK: EXP,1,342,17098,-40,189,435,549,304,-221,349,-557,70,-19,1137,402,217,273,602,-309,390,1019,0,0,1,20,20,0,0,0,0,0,0,0,5,22364,0,22735,0,0,0,0,3801839,3865165,0,0,0,0,0,1000,1000,5274054,65535,39321,65535,15133,15133,1,2003
MPCTASK: EXP,1,344,17198,15,170,417,621,164,-136,119,-148,127,134,1119,402,197,189,602,-310,389,1019,0,0,1,20,20,0,0,0,0,0,0,0,5,22879,0,23066,0,0,0,0,3889371,3921441,0,0,0,0,0,1000,1000,5274054,65535,39321,65535,15234,15234,1,2003
MPCTASK: EXP,1,346,17302,45,154,408,562,57,-143,523,265,350,271,1072,402,131,75,602,-320,379,1019,0,0,1,20,20,0,0,0,0,0,0,0,5,26881,0,27068,0,0,0,0,4569651,4601732,0,0,0,0,0,1000,1000,5274054,65535,39321,65535,15338,15338,1,2003
MPCTASK: EXP,1,348,17398,83,126,395,469,-52,-187,197,734,597,376,997,402,53,-14,602,-341,358,1019,0,0,1,20,20,0,0,0,0,0,0,0,5,22763,0,23261,0,0,0,0,3869623,3954516,0,0,0,0,0,1000,1000,5274054,65535,39321,65535,15434,15434,1,2003
MPCTASK: EXP,1,350,17498,103,105,383,309,-116,-214,194,1011,670,440,897,402,-27,-100,602,-359,340,1019,0,0,1,20,20,0,0,0,0,0,0,0,5,21592,0,22177,0,0,0,0,3670495,3770166,0,0,0,0,0,1000,1000,5274054,65535,39321,65535,15534,15534,1,2003
MPCTASK: EXP,1,352,17597,109,83,357,109,-181,-293,44,1150,813,457,772,402,-114,-169,602,-401,298,1019,0,0,1,20,20,0,0,0,0,0,0,0,5,21772,0,21959,0,0,0,0,3701191,3733126,0,0,0,0,0,1000,1000,5274054,65535,39321,65535,15634,15634,1,2003
MPCTASK: EXP,1,354,17703,103,67,322,-81,-204,-405,-19,1181,1015,425,628,402,-189,-230,602,-458,241,1019,0,0,1,20,20,0,0,0,0,0,0,0,5,27280,0,27466,0,0,0,0,4637531,4669290,0,0,0,0,0,1000,1000,5274054,65535,39321,65535,15740,15740,1,2003
MPCTASK: EXP,1,356,17798,64,48,274,-298,-233,-556,141,1222,1091,347,467,402,-280,-304,602,-536,163,1019,0,0,1,20,20,0,0,0,0,0,0,0,5,22546,0,22907,0,0,0,0,3832655,3894258,0,0,0,0,0,1000,1000,5274054,65535,39321,65535,15835,15835,1,2003
MPCTASK: EXP,1,358,17900,6,36,204,-509,-284,-716,660,1069,965,231,293,402,-349,-390,563,-639,60,1019,0,0,1,20,20,0,0,0,0,0,0,0,5,23097,0,23424,0,0,0,0,3926440,3982165,0,0,0,0,0,1000,1000,5274054,65535,39321,65535,15937,15937,1,2003
MPCTASK: EXP,1,360,18002,-67,6,125,-679,-424,-808,1052,650,747,87,110,402,-391,-500,512,-735,-35,1019,0,0,1,20,20,0,0,0,0,0,0,0,5,25814,0,26002,0,0,0,0,4388363,4420436,0,0,0,0,0,1000,1000,5274054,65535,39321,65535,16040,16040,1,2003
MPCTASK: EXP,1,362,18101,-139,-47,46,-701,-609,-787,1113,30,447,-68,-76,402,-373,-595,465,-811,-111,1019,0,0,1,20,20,0,0,0,0,0,0,0,5,25047,0,25235,0,0,0,0,4257883,4289965,0,0,0,0,0,1000,1000,5274054,10155,6093,65535,16139,16139,1,2003
MPCTASK: EXP,1,364,18198,-177,-63,44,-397,-120,462,123,-1509,-244,-222,-262,402,-131,-465,478,-655,44,1000,0,0,1,20,20,0,0,0,0,0,0,0,5,21579,0,21894,0,0,0,0,3668347,3722093,0,0,0,0,0,1000,1000,5274054,65535,39321,65535,16236,16236,1,2003
MPCTASK: EXP,1,366,18302,-190,-77,66,143,-416,205,2618,-3489,-363,-358,-443,402,111,-689,488,-633,66,1000,0,0,1,20,20,0,0,0,0,0,0,0,5,25186,0,25550,0,0,0,0,4281495,4343572,0,0,0,0,0,1000,1000,5274054,65535,39321,65535,16341,16341,1,2003
MPCTASK: EXP,1,368,18401,-164,-145,66,582,-995,9,1823,-2011,-330,-464,-614,402,199,-814,498,-633,66,1000,0,0,1,20,20,0,0,0,0,0,0,0,5,24120,0,24308,0,0,0,0,4100348,4132421,0,0,0,0,0,1000,1000,5274054,65535,39321,65535,16439,16439,1,2003
MPCTASK: EXP,1,370,18503,-33,-308,126,526,-853,446,582,-650,-1345,-528,-772,402,242,-813,522,-573,126,1000,0,0,1,20,20,0,0,0,0,0,0,0,5,26824,0,27011,0,0,0,0,4559855,4591928,0,0,0,0,0,1000,1000,5274054,65535,39321,65535,16542,16542,1,2003
MPCTASK: EXP,1,372,18602,-16,-380,150,538,-849,492,325,-144,-995,-545,-912,402,268,-826,544,-549,150,1000,0,0,1,20,20,0,0,0,0,0,0,0,5,26317,0,26504,0,0,0,0,4473843,4505768,0,0,0,0,0,1000,1000,5274054,65535,39321,65535,16642,16642,1,2003
MPCTASK: EXP,1,374,18698,26,-447,171,541,-1100,401,116,56,-389,-513,-1030,402,307,-892,559,-528,171,1000,0,0,1,20,20,0,0,0,0,0,0,0,5,20867,0,21054,0,0,0,0,3547232,3579313,0,0,0,0,0,1000,1000,5274054,65535,39321,65535,16737,16737,1,2003
MPCTASK: EXP,1,376,18804,84,-555,217,551,-1218,470,-431,230,-76,-435,-1125,402,341,-933,580,-482,217,1000,0,0,1,20,20,0,0,0,0,0,0,0,5,27053,0,27240,0,0,0,0,4598876,4630957,0,0,0,0,0,1000,1000,5274054,65535,39321,65535,16843,16843,1,2003
MPCTASK: EXP,1,378,18899,138,-674,282,500,-1146,636,-1028,395,44,-318,-1193,402,345,-924,602,-417,282,1000,0,0,1,20,20,0,0,0,0,0,0,0,5,22906,0,23094,0,0,0,0,3894003,3926088,0,0,0,0,0,1000,1000,5274054,65535,39321,65535,16939,16939,1,2003
MPCTASK: EXP,1,380,19002,180,-780,371,406,-945,858,-1496,463,68,-175,-1234,402,317,-874,602,-328,371,1000,0,0,1,20,20,0,0,0,0,0,0,0,5,24845,0,25172,0,0,0,0,4223539,4279254,0,0,0,0,0,1000,1000,5274054,65535,39321,65535,17042,17042,1,2003
MPCTASK: EXP,1,382,19099,213,-880,362,276,-763,331,-1703,-305,964,-19,-1245,402,312,-813,602,-337,362,1000,0,0,1,20,20,0,0,0,0,0,0,0,5,22128,0,22316,0,0,0,0,3761623,3793698,0,0,0,0,0,1000,1000,5274054,65535,39321,65535,17139,17139,1,2003
MPCTASK: EXP,1,384,19202,173,-938,294,66,-444,-339,-2151,-1582,2161,134,-1227,402,253,-705,531,-473,226,1019,0,0,1,20,20,0,0,0,0,0,0,0,5,25135,0,25325,0,0,0,0,4272929,4305265,0,0,0,0,0,1000,1000,5274054,65535,39321,65535,17242,17242,1,2003
MPCTASK: EXP,1,386,19298,115,-933,314,13,-74,-472,-1194,-1677,3637,271,-1180,402,132,-612,464,-479,220,1019,0,0,1,20,20,0,0,0,0,0,0,0,5,21956,0,22458,0,0,0,0,3732535,3818035,0,0,0,0,0,1000,1000,5274054,65535,39321,65535,17339,17339,1,2003
MPCTASK: EXP,1,388,19403,96,-879,374,74,223,-326,899,-691,5882,376,-1105,402,98,-575,452,-391,308,1019,0,0,1,20,20,0,0,0,0,0,0,0,5,25580,0,25911,0,0,0,0,4348609,4404930,0,0,0,0,0,1000,1000,5274054,65535,39321,65535,17444,17444,1,2003
MPCTASK: EXP,1,390,19503,101,-842,379,180,314,-454,-457,-1488,6112,440,-1004,402,89,-323,466,-411,288,1019,0,0,1,20,20,0,0,0,0,0,0,0,5,26505,0,26692,0,0,0,0,4505708,4537781,0,0,0,0,0,1000,1000,5274054,65535,39321,65535,17545,17545,1,2003
MPCTASK: EXP,1,392,19600,95,-811,287,139,508,-957,-1605,-1688,5168,457,-880,402,19,-145,402,-604,95,1019,0,0,1,20,20,0,0,0,0,0,0,0,5,23891,0,24079,0,0,0,0,4061347,4093419,0,0,0,0,0,1000,1000,5274054,35465,21279,65535,17642,17642,1,2003
MPCTASK: EXP,1,394,19697,61,-800,151,42,695,-1413,-2435,-1735,3397,425,-736,402,-63,-29,402,-831,-131,1019,0,0,1,20,20,0,0,0,0,0,0,0,5,20725,0,21322,0,0,0,0,3523163,3624780,0,0,0,0,0,1000,1000,5274054,60527,36316,65535,17739,17739,1,2003
MPCTASK: EXP,1,396,19803,115,-893,60,-100,515,426,-999,-558,3244,347,-575,402,-31,-181,402,-639,60,1000,0,0,1,20,20,0,0,0,0,0,0,0,5,25276,0,25768,0,0,0,0,4296715,4380512,0,0,0,0,0,1000,1000,5274054,65535,39321,65535,17846,17846,1,2003
MPCTASK: EXP,1,398,19902,131,-1043,62,-11,111,-121,-75,-2005,4858,231,-401,402,50,-424,402,-661,38,1019,0,0,1,20,20,0,0,0,0,0,0,0,5,24876,0,25064,0,0,0,0,4228919,4260979,0,0,0,0,0,1000,1000,5274054,65535,39321,65535,17945,17945,1,2003
MPCTASK: EXP,1,400,20002,149,-1072,48,172,60,-451,1734,-790,5578,87,-218,402,136,-596,402,-741,-41,1019,0,0,1,20,20,0,0,0,0,0,0,0,5,24877,0,25064,0,0,0,0,4228911,4260975,0,0,0,0,0,1000,1000,5274054,65535,39321,65535,18045,18045,1,2003
MPCTASK: EXP,1,402,20099,232,-1061,0,721,-92,-537,2452,813,4944,-68,-31,402,223,-638,402,-807,-107,1019,0,0,1,20,20,0,0,0,0,0,0,0,5,21978,0,22493,0,0,0,0,3736263,3823907,0,0,0,0,0,1000,1000,5274054,49585,29751,65535,18142,18142,1,2003
MPCTASK: EXP,1,404,20200,289,-989,1,287,117,-391,-655,249,3720,-222,154,402,251,-318,402,-776,-76,1019,0,0,1,20,20,0,0,0,0,0,0,0,5,22270,0,22597,0,0,0,0,3785935,3841671,0,0,0,0,0,1000,1000,5274054,65535,39321,65535,18243,18243,1,2003
MPCTASK: EXP,1,406,20299,320,-996,-26,526,165,-318,361,249,2499,-358,335,402,373,-430,402,-790,-90,1019,0,0,1,20,20,0,0,0,0,0,0,0,5,21952,0,22140,0,0,0,0,3731887,3763947,0,0,0,0,0,1000,1000,5274054,65535,39321,65535,18343,18343,1,2003
MPCTASK: EXP,1,408,20400,386,-1019,-29,690,-166,-214,291,99,1657,-464,506,402,533,-457,402,-771,-71,1019,0,0,1,20,20,0,0,0,0,0,0,0,5,23112,0,23300,0,0,0,0,3929043,3961119,0,0,0,0,0,1000,1000,5274054,65535,39321,65535,18444,18444,1,2003
MPCTASK: EXP,1,410,20503,442,-1047,-14,627,-216,28,-747,169,1011,-528,664,402,578,-472,402,-714,-14,1000,0,0,1,20,20,0,0,0,0,0,0,0,5,25263,0,25764,0,0,0,0,4294698,4379904,0,0,0,0,0,1000,1000,5274054,65535,39321,65535,18547,18547,1,2003
MPCTASK: EXP,1,412,20604,535,-1024,-12,539,314,1,-2129,136,500,-545,804,402,650,-248,402,-712,-12,1000,0,0,1,20,20,0,0,0,0,0,0,0,5,25742,0,25930,0,0,0,0,4376140,4408200,0,0,0,0,0,1000,1000,5274054,65535,39321,65535,18648,18648,1,2003
MPCTASK: EXP,1,414,20700,585,-947,8,421,930,117,-2414,512,-70,-513,922,402,655,-50,402,-691,8,1000,0,0,1,20,20,0,0,0,0,0,0,0,5,22906,0,23094,0,0,0,0,3893867,3925932,0,0,0,0,0,1000,1000,5274054,65535,39321,65535,18745,18745,1,2003
MPCTASK: EXP,1,416,20802,548,-895,86,289,1031,580,-1490,729,-912,-435,1017,402,590,-76,402,-613,86,1000,0,0,1,20,20,0,0,0,0,0,0,0,5,24876,0,25063,0,0,0,0,4228831,4260795,0,0,0,0,0,1000,1000,5274054,65535,39321,65535,18847,18847,1,2003
MPCTASK: EXP,1,418,20899,508,-910,143,138,774,707,-1059,638,-1356,-318,1085,402,511,-212,402,-556,143,1000,0,0,1,20,20,0,0,0,0,0,0,0,5,21327,0,21903,0,0,0,0,3625438,3723572,0,0,0,0,0,1000,1000,5274054,65535,39321,65535,18944,18944,1,2003
MPCTASK: EXP,1,420,21003,499,-936,151,107,645,486,-1380,514,-1410,-175,1126,402,476,-292,402,-548,151,1000,0,0,1,20,20,0,0,0,0,0,0,0,5,24918,0,25106,0,0,0,0,4235924,4267988,0,0,0,0,0,1000,1000,5274054,65535,39321,65535,19048,19048,1,2003
MPCTASK: EXP,1,422,21096,479,-895,171,-11,829,343,-1581,537,-1285,-19,1137,402,393,-250,402,-528,171,1000,0,0,1,20,20,0,0,0,0,0,0,0,5,18949,0,19137,0,0,0,0,3221335,3253415,0,0,0,0,0,1000,1000,5274054,65535,39321,65535,19142,19142,1,2003
MPCTASK: EXP,1,424,21199,534,-689,168,68,1420,111,-1558,534,-897,134,1119,402,399,-13,402,-531,168,1000,0,0,1,20,20,0,0,0,0,0,0,0,5,21906,0,22093,0,0,0,0,3723963,3756039,0,0,0,0,0,1000,1000,5274054,65535,39321,65535,19245,19245,1,2003
MPCTASK: EXP,1,426,21302,539,-587,203,38,1471,186,-465,686,-875,270,1072,402,331,-39,402,-496,203,1000,0,0,1,20,20,0,0,0,0,0,0,0,5,23782,0,24222,0,0,0,0,4042907,4117815,0,0,0,0,0,1000,1000,5274054,65535,39321,65535,19348,19348,1,2003
MPCTASK: EXP,1,428,21405,552,-405,217,-54,1589,170,369,876,-891,375,998,402,252,11,402,-482,217,1000,0,0,1,20,20,0,0,0,0,0,0,0,5,26176,0,26620,0,0,0,0,4449728,4525377,0,0,0,0,0,1000,1000,5274054,65535,39321,65535,19451,19451,1,2003
MPCTASK: EXP,1,430,21500,526,-333,242,-246,1262,216,1275,943,-985,439,898,402,134,-117,402,-457,242,1000,0,0,1,20,20,0,0,0,0,0,0,0,5,21795,0,21998,0,0,0,0,3705099,3739720,0,0,0,0,0,1000,1000,5274054,65535,39321,65535,19547,19547,1,2003
MPCTASK: EXP,1,432,21601,459,-370,265,-518,687,153,1614,880,-1061,456,774,402,-14,-352,402,-434,265,1000,0,0,1,20,20,0,0,0,0,0,0,0,5,22854,0,23043,0,0,0,0,3885199,3917419,0,0,0,0,0,1000,1000,5274054,65535,39321,65535,19648,19648,1,2003
MPCTASK: EXP,1,434,21703,432,-185,285,-612,765,171,1421,791,-862,423,630,402,-67,-248,402,-414,285,1000,0,0,1,20,20,0,0,0,0,0,0,0,5,24396,0,24724,0,0,0,0,4147363,4203193,0,0,0,0,0,1000,1000,5274054,65535,39321,65535,19751,19751,1,2003
MPCTASK: EXP,1,436,21804,418,8,306,-631,842,134,1524,670,-792,345,469,402,-77,-129,402,-393,306,1000,0,0,1,20,20,0,0,0,0,0,0,0,5,25074,0,25276,0,0,0,0,4262471,4297027,0,0,0,0,0,1000,1000,5274054,65535,39321,65535,19851,19851,1,2003
MPCTASK: EXP,1,438,21903,382,136,335,-696,718,179,1673,554,-811,229,295,402,-97,-111,402,-364,335,1000,0,0,1,20,20,0,0,0,0,0,0,0,5,24259,0,24447,0,0,0,0,4124008,4156068,0,0,0,0,0,1000,1000,5274054,65535,39321,65535,19950,19950,1,2003
MPCTASK: EXP,1,440,22005,368,276,359,-683,633,188,1674,376,-845,86,112,402,-66,-58,402,-340,359,1000,0,0,1,20,20,0,0,0,0,0,0,0,5,26735,0,27284,0,0,0,0,4544823,4638416,0,0,0,0,0,1000,1000,5274054,65535,39321,65535,20053,20053,1,2003
MPCTASK: EXP,1,442,22102,357,374,382,-653,463,214,1678,231,-902,-68,-76,402,-18,-48,412,-317,382,1000,0,0,1,20,20,0,0,0,0,0,0,0,5,23273,0,23801,0,0,0,0,3956311,4046212,0,0,0,0,0,1000,1000,5274054,65535,39321,65535,20151,20151,1,2003
MPCTASK: EXP,1,444,22205,339,453,415,-629,271,298,1653,81,-912,-219,-265,402,29,-46,434,-284,415,1000,0,0,1,20,20,0,0,0,0,0,0,0,5,26454,0,26642,0,0,0,0,4497123,4529196,0,0,0,0,0,1000,1000,5274054,65535,39321,65535,20254,20254,1,2003
SUP: Locked, reboot required
MPCTASK: EXP,1,446,22304,327,502,451,-569,56,265,1621,-109,-921,-353,-449,402,90,-60,492,-248,451,1000,0,0,1,20,20,0,0,0,0,0,0,0,5,25895,0,26082,0,0,0,0,4402119,4434097,0,0,0,0,0,1000,1000,5274054,65535,39321,65535,20275,20275,1,2003
MPCTASK: EXP,1,448,22404,324,543,447,-482,23,-418,1560,-419,-1017,-454,-625,402,171,-20,475,-336,363,1019,0,0,1,20,20,0,0,0,0,0,0,0,5,25029,0,25480,0,0,0,0,4254939,4331761,0,0,0,0,0,1000,1000,5274054,65535,39321,65535,20275,20275,1,2003
MPCTASK: EXP,1,450,22503,355,572,365,-370,33,-1297,1670,-991,-1131,-515,-787,402,288,20,402,-593,106,1019,0,0,1,20,20,0,0,0,0,0,0,0,5,23763,0,24090,0,0,0,0,4039667,4095391,0,0,0,0,0,1000,1000,5274054,65535,39321,65535,20275,20275,1,2003
MPCTASK: EXP,1,452,22602,390,605,194,-278,51,-2200,2249,-1778,-1166,-529,-930,402,399,44,402,-945,-245,1019,0,0,1,20,20,0,0,0,0,0,0,0,5,23086,0,23273,0,0,0,0,3924544,3956596,0,0,0,0,0,1000,1000,5274054,65535,39321,65535,20275,20275,1,2003
MPCTASK: EXP,1,454,22700,518,383,108,-195,-385,-923,1990,-1816,-1701,-496,-1050,402,536,-165,402,-775,-75,1019,0,0,1,20,20,0,0,0,0,0,0,0,5,22046,0,22248,0,0,0,0,3747755,3782378,0,0,0,0,0,1000,1000,5274054,65535,39321,65535,20275,20275,1,2003
MPCTASK: EXP,1,456,22802,412,763,-14,-366,168,-1412,-475,-1258,-2803,-421,-1141,402,250,453,402,-997,-297,1019,0,0,1,20,20,0,0,0,0,0,0,0,5,23381,0,24160,0,0,0,0,3974759,4107246,0,0,0,0,0,1000,1000,5274054,65535,39321,65535,20275,20275,1,2003
MPCTASK: EXP,1,458,22905,347,703,-56,-344,-409,-924,632,-1679,-3085,-315,-1199,402,256,242,402,-941,-241,1019,0,0,1,20,20,0,0,0,0,0,0,0,5,24978,0,25283,0,0,0,0,4246239,4298319,0,0,0,0,0,1000,1000,5274054,65535,39321,65535,20275,20275,1,2003
MPCTASK: EXP,1,460,23003,299,629,-26,-287,-729,-395,598,-1061,-3422,-189,-1218,401,172,178,401,-805,-105,1019,0,0,1,20,20,0,0,0,0,0,0,0,5,24272,0,24550,0,0,0,0,4126267,4173673,0,0,0,0,0,1000,1000,5274054,65535,39321,65535,20275,20275,1,2003
MPCTASK: EXP,1,462,23103,268,509,1,-269,-999,-43,552,-378,-3688,-61,-1197,401,132,62,401,-707,-7,1019,0,0,1,20,20,0,0,0,0,0,0,0,5,23741,0,23929,0,0,0,0,4035856,4067907,0,0,0,0,0,1000,1000,5274054,65535,39321,65535,20275,20275,1,2003
MPCTASK: EXP,1,464,23203,245,395,12,-226,-1165,-12,542,-358,-3656,53,-1134,401,105,-65,401,-690,9,1019,0,0,1,20,20,0,0,0,0,0,0,0,5,22091,0,23682,0,0,0,0,3755344,4026076,0,0,0,0,0,1000,1000,5274054,65535,39321,65535,20275,20275,1,2003
MPCTASK: EXP,1,466,23302,225,270,23,-205,-1297,33,531,-350,-3620,141,-1030,402,91,-185,402,-676,23,1000,0,0,1,20,20,0,0,0,0,0,0,0,5,22172,0,22360,0,0,0,0,3769227,3801184,0,0,0,0,0,1000,1000,5274054,65535,39321,65535,20275,20275,1,2003
MPCTASK: EXP,1,468,23398,206,134,26,-184,-1431,24,527,-346,-3585,191,-890,402,87,-329,402,-673,26,1000,0,0,1,20,20,0,0,0,0,0,0,0,5,18499,0,18686,0,0,0,0,3144819,3176740,0,0,0,0,0,1000,1000,5274054,65535,39321,65535,20275,20275,1,2003
MPCTASK: EXP,1,470,23503,188,-15,24,-162,-1565,0,525,-343,-3549,200,-724,402,93,-492,402,-675,24,1000,0,0,1,20,20,0,0,0,0,0,0,0,5,22926,0,23448,0,0,0,0,3897408,3986270,0,0,0,0,0,1000,1000,5274054,65535,39321,65535,20275,20275,1,2003
MPCTASK: EXP,1,472,23601,173,-180,26,-139,-1698,1,520,-338,-3515,172,-545,402,104,-665,402,-673,26,1000,0,0,1,20,20,0,0,0,0,0,0,0,5,21573,0,22345,0,0,0,0,3667376,3798797,0,0,0,0,0,1000,1000,5274054,65535,39321,65535,20275,20275,1,2003
MPCTASK: EXP,1,474,23700,160,-357,24,-115,-1831,-17,517,-335,-3480,116,-372,402,109,-833,402,-678,21,1019,0,0,1,20,20,0,0,0,0,0,0,0,5,20170,0,20355,0,0,0,0,3428831,3460388,0,0,0,0,0,1000,1000,5274054,65535,39321,65535,20275,20275,1,2003
MPCTASK: EXP,1,476,23803,149,-546,24,-90,-1960,-13,512,-329,-3447,51,-224,402,102,-991,402,-677,22,1019,0,0,1,20,20,0,0,0,0,0,0,0,5,23393,0,23576,0,0,0,0,3976768,4007917,0,0,0,0,0,1000,1000,5274054,65535,39321,65535,20275,20275,1,2003
MPCTASK: EXP,1,478,23904,142,-748,25,-63,-2088,-9,507,-323,-3414,-3,-119,402,87,-1149,402,-676,23,1019,0,0,1,20,20,0,0,0,0,0,0,0,5,24396,0,24577,0,0,0,0,4147272,4178320,0,0,0,0,0,1000,1000,5274054,65535,39321,65535,20275,20275,1,2003
MPCTASK: EXP,1,480,24002,136,-965,26,-36,-2215,-8,502,-318,-3380,-35,-66,402,79,-1328,402,-675,24,1019,0,0,1,20,20,0,0,0,0,0,0,0,5,21726,0,22311,0,0,0,0,3693295,3792943,0,0,0,0,0,1000,1000,5274054,65535,39321,65535,20275,20275,1,2003
MPCTASK: EXP,1,482,24104,134,-1193,23,-7,-2342,-20,500,-314,-3347,-43,-54,402,98,-1549,402,-680,19,1019,0,0,1,20,20,0,0,0,0,0,0,0,5,23836,0,24019,0,0,0,0,4052064,4083211,0,0,0,0,0,1000,1000,5274054,65535,39321,65535,20275,20275,1,2003
MPCTASK: TRAJ DONE: idx=482, max=482; requesting landing
MPCTASK: LANDING: start z=0.02, hold=(0.13,-1.31)
MPCTASK: TIMING SUMMARY: max_step_cycles=5274054 deadline_cycles=8400000 overruns=0
MPCTASK: MOTOR FAULT SUMMARY: model=multiplicative_step schedule_onset=2000ms active=1 actual_onset=2003ms global=100 fault=M1 index=0 retained=60 equiv_fullscale_pwm=39321 samples=20275 affected=20275 peak_req=65535 last_req=65535 last_app=39321
MPCTASK: LANDING COMPLETE: t=26696 ms, x=0.174, y=-2.631, z=0.026, vz=-0.0; motors off