---
SYS: Crazyflie 2.1 Brushless is up and running!
SYS: Build 2:de14ff9f08ae (2025.09.1 +2) MODIFIED
SYS: I am 0x373930393434471500370039 and I have 1024KB of flash!
CFGBLK: v1, verification [OK]
DECK_DISCOVERY: Backend found: onewire
DECK_DISCOVERY: Backend found: deckctrl
DECK_CORE: 1 deck(s) found
DECK_CORE: Calling INIT on driver bcFlow2 for deck 0
ZR2: Z-down sensor [OK]
PMW: Motion chip id: 0x49:0xB6
IMU: BMI088: Using I2C interface.
IMU: BMI088 Gyro connection [OK].
IMU: BMI088 Accel connection [OK]
IMU: BMP390 I2C connection [OK]
ESTIMATOR: Using Kalman (2) estimator
CONTROLLER: Using PID (1) controller
MTR-DRV: Using brushless motor driver
SYS: About to run tests in system.c.
SYS: NRF51 version: 2026.04 (C21B)
EEPROM: I2C connection [OK].
STORAGE: Storage check [OK].
IMU: BMI088 gyro self-test [OK]
DECK_CORE: Deck 0 test [OK].
SYS: Self test passed!
STAB: Wait for sensor calibration...
SYS: Free heap: 15048 bytes
MPCTASK: Benchmark mode 3, maneuver 4, max_iter 5, task_pri 0
MPCTASK: Reference altitude: 0.70 m; barrier skip when z>0.75 and vz>-0.20
MPCTASK: OOT takeoff: cfclient trigger>=0.15m ramp=0.15m/s figure8_start=2000ms_after_OOT_takeoff no_z_vz_settle target=0.70m timeout=12000ms
MPCTASK: Common baseline: mpc_hz=20 model_hz=20 rho=5 base_w=0 base_qz=1 Qz=100 R=4 bridge=x10 guards=z[ref,ref+0.20] xy=free cap=0.05
MPCTASK: MPC->PID: xyz=x10, z_guard=[ref,ref+0.20], yaw=raw_rz, output_hold=200ms, safety_hold=500ms
MPCTASK: Motor fault schedule: model=multiplicative_step pre_onset=100% onset=2000ms_after_TRAJ_START global=100% fault=M1(index=0) retained=60% equiv_fullscale_pwm=39321 ramp=none placement=post_mixer_post_battery model_bounds=unchanged
MPCTASK: Reference origin: xyz=measured_at_forced_timed_start nominal_takeoff_target=0.70 m
MPCTASK: LIMO adaptive: cache=16x4 evals=1 activeH=1 timing=bar/rl/cache_cycles
MPCTASK: EXP every=2: m,s,tms,p3[mm],v3[mmps],att3[cdeg],ref3[mm],cmd3[mm],h/raw/grad/mar/thr[milli],act/ac/bind,wi/qi/cache/noa,pa/pf/du[milli],it,mpc/eval/total[us],bar/tanh/rl/cache/solve/step[cycles],overruns,post_active/post_infeasible_totals,wreq/w/qzreq/qz[milli],max_step_cycles,M1_req/app/peak[pwm],M1_derated/samples,fault_on/onset_ms
MPCTASK: Figure8: source=traj_fig8_12.h source_hz=100 samples=1205 passes=2 cycles=6 lobes=12 duration=24.07 s origin=forced_timed_start start_delay=2000ms z_baseline=measured_at_start feedforward=U_ref_data
MPCTASK: Waiting for activation ...
STAB: Starting stabilizer loop
STAB: WARNING: stabilizer loop rate is off (1004)
CONTROLLER: Using OutOfTree (6) controller
MPCTASK: Trajectory origin: x=0.01 y=-0.0 z=0.01
MPCTASK: OOT activated at z=0.01
SUP: Ready to fly
MPCTASK: TAKEOFF START: trigger_z=0.15 start_z=0.01 target=0.70 hold=(0.01,0.04) ramp=0.15m/s
MPCTASK: OOT loop 1 done
MPCTASK: MPC task loop 1
MPCTASK: x0: pos=(0.01,0.04,0.MPCTASK: OOT loop 2 done
01) vel=(-0.0,-0.0,0.0)
MPCTASK: ref: (0.0MPCTASK: OOT loop 3 done
1,0.04,0.01)
MPCTASK: SAFE TV mode=3: h=0.0 raw=0.0 grad=0.0 margin=0.0 thr=0.0 active0=0 active_count=0 eval=13830 us
MPCTASK: MPC solve start
MPCTASK: MPC solve done, iter=5
MPCTASK: MPC time=25324 us
MPCTASK: MPC stack free=867 words
MPCTASK: setpoint: x=0.01 y=0.04 z=0.08 preview_z=0.08
MPCTASK: MPC task loop 2
MPCTASK: MPC task loop 3
MPCTASK: Cache level changed: 0 -> 1
MPCTASK: TAKEOFF COMPLETE: forced_start t=2000ms z=0.22 vz=0.19; trajectory queued origin=(-0.0,0.02,0.22) no_z_vz_gate
MPCTASK: TRAJ START: z=0.23 origin=(-0.0,0.02,0.22) EXP clock reset; Z metric begins at t+3s
MPCTASK: EXP,3,2,82,-9,25,241,-4,22,209,41,-120,101,-8,29,228,-31,260,232,-458,-131,997,69,300,1,1,1,15,3,1,1,0,0,0,5,20859,10372,31688,1763102,0,1745,23271,3545916,5387137,0,0,0,987,1000,1399,1400,6053947,35950,35950,45940,0,82,0,0
MPCTASK: EXP,3,4,188,-10,17,261,5,9,135,-517,12,65,-19,48,228,8,283,235,-438,58,1174,69,300,1,1,1,15,3,1,1,0,0,0,5,23529,13344,37876,2268437,0,1743,151964,3999788,6439060,0,0,0,987,1000,1399,1400,6439060,40006,40006,45940,0,188,0,0
MPCTASK: EXP,3,6,283,-11,12,272,1,96,-25,-920,-110,24,-54,115,229,66,290,233,-432,-188,2355,69,300,1,1,1,15,3,1,1,0,0,0,5,21728,9368,31914,1592582,0,1743,94718,3693657,5425572,0,0,0,989,1000,1399,1400,6439060,40002,40002,45940,0,283,0,0
MPCTASK: EXP,3,8,386,-12,24,267,21,229,-103,-979,-314,83,-107,234,229,123,330,229,-453,-345,2381,69,300,1,1,1,15,3,1,1,0,0,0,5,25023,9833,35551,1671548,0,24612,76763,4253788,6043638,0,0,0,991,1000,1399,1400,6439060,42111,42111,52309,0,387,0,0
MPCTASK: EXP,3,10,487,-8,48,256,78,382,-117,-984,-414,99,-162,394,229,170,373,229,-467,-297,2507,69,300,1,1,1,15,3,1,1,0,0,0,5,26382,9846,36832,1673624,0,1896,42870,4484852,6261603,0,0,0,993,1000,1399,1400,6439060,38340,38340,55101,0,488,0,0
MPCTASK: EXP,3,12,584,0,85,245,158,516,-95,-681,-581,-3,-200,573,228,217,391,228,-474,-266,2269,69,300,1,1,1,15,3,1,1,0,0,0,5,23846,10095,34476,1716018,0,1897,72198,4053656,5860911,0,0,0,994,1000,1399,1400,6439060,42044,42044,64313,0,586,0,0
MPCTASK: EXP,3,14,683,21,139,238,267,595,-39,-376,-665,120,-207,752,228,267,427,228,-469,-182,1940,69,300,1,1,1,15,3,1,1,0,0,0,5,21591,9450,31760,1606270,0,1742,102830,3670300,5399259,0,0,0,996,1000,1399,1400,6439060,42346,42346,65535,0,684,0,0
MPCTASK: EXP,3,16,787,50,194,234,367,620,19,-10,-503,485,-176,912,228,289,424,228,-465,-283,2174,69,300,1,1,1,15,3,1,1,0,0,0,5,23567,10770,35839,1830715,0,1853,102670,4006364,6092716,0,0,0,997,1000,1399,1400,6439060,50710,50710,65535,0,789,0,0
MPCTASK: EXP,3,18,888,111,268,232,473,642,16,222,-120,780,-107,1041,228,314,456,228,-467,-196,1901,69,300,1,1,1,15,3,1,1,0,0,0,5,25941,10456,36842,1777484,0,1918,56326,4409836,6263140,0,0,0,997,1000,1399,1400,6501442,39208,39208,65535,0,890,0,0
MPCTASK: EXP,3,20,984,147,322,239,455,565,31,535,286,863,-7,1130,228,268,420,228,-460,-271,2093,69,300,1,1,1,15,3,1,1,0,0,0,5,21030,10767,32611,1830371,0,1743,119613,3575068,5544031,0,0,0,997,1000,1399,1400,6501442,40834,40834,65535,0,986,0,0
MPCTASK: EXP,3,22,1087,186,380,245,406,495,75,549,400,722,111,1176,228,235,422,229,-454,-192,1640,69,300,1,1,1,15,3,1,1,0,0,0,5,25451,8813,35662,1498072,0,1742,74504,4326557,6062623,0,0,0,998,1000,1399,1400,6501442,34302,34302,65535,0,1089,0,0
MPCTASK: EXP,3,24,1187,184,437,255,247,370,49,670,647,637,233,1178,228,134,398,231,-444,-248,2170,69,300,1,1,1,15,3,1,1,0,0,0,5,23657,11375,35966,1933512,0,18668,26205,4021524,6114281,0,0,0,998,1000,1399,1400,6501442,44482,44482,65535,0,1190,0,0
MPCTASK: EXP,3,26,1286,188,481,261,133,255,35,855,647,498,343,1139,228,72,359,232,-438,-228,2297,69,300,1,1,1,15,3,1,1,0,0,0,5,21931,11784,34697,2003247,0,1743,91453,3728156,5898518,0,0,0,998,1000,1399,1400,6501442,39399,39399,65535,0,1289,0,0
MPCTASK: EXP,3,28,1387,232,480,266,96,103,5,972,668,95,426,1063,228,62,275,232,-433,-241,2307,69,300,1,1,1,15,3,1,1,0,0,0,5,23999,11467,36114,1949364,0,25318,66745,4079657,6139347,0,0,0,998,1000,1399,1400,6501442,39548,39548,65535,0,1391,0,0
MPCTASK: EXP,3,30,1483,223,490,266,-58,-86,35,897,774,188,470,954,228,-7,207,233,-433,-286,2264,69,300,1,1,1,15,3,1,1,0,0,0,5,21571,9094,31116,1545940,0,1742,33891,3666936,5289710,0,0,0,997,1000,1399,1400,6501442,43098,43098,65535,0,1486,0,0
MPCTASK: EXP,3,32,1589,191,496,268,-188,-224,-13,999,718,447,469,820,228,-62,136,232,-434,-265,2353,69,300,1,1,1,15,3,1,1,0,0,0,5,24103,11599,37176,1971765,0,1742,232229,4097426,6320045,0,0,0,997,1000,1399,1400,6501442,51262,51262,65535,0,1592,0,0
MPCTASK: EXP,3,34,1683,125,473,266,-333,-443,-4,1175,655,789,422,664,228,-142,14,232,-434,-402,2353,69,300,1,1,1,15,3,1,1,0,0,0,5,22773,8026,31499,1364230,0,2648,23418,3871400,5354855,0,0,0,996,1000,1399,1400,6501442,45566,45566,65535,0,1687,0,0
MPCTASK: EXP,3,36,1787,85,420,267,-400,-638,27,924,414,915,331,492,228,-161,-88,233,-432,-243,2314,69,300,1,1,1,15,3,1,1,0,0,0,5,23151,11949,36209,2031272,0,1742,107502,3935708,6155626,0,0,0,995,1000,1399,1400,6501442,44128,44128,65535,0,1792,0,0
MPCTASK: EXP,3,38,1883,67,323,269,-426,-845,37,999,284,690,206,309,228,-147,-246,234,-430,-322,2275,69,300,1,1,1,15,3,1,1,0,0,0,5,22281,9179,31928,1560421,0,1742,61022,3787608,5427769,0,0,0,993,1000,1399,1400,6501442,46804,46804,65535,0,1888,0,0
MPCTASK: EXP,3,40,1990,27,220,274,-453,-1022,82,608,182,505,59,121,228,-156,-361,236,-425,-265,2064,69,300,1,1,1,15,3,1,1,0,0,0,5,22944,15277,38796,2596947,0,57291,23274,3900440,6595474,0,0,0,992,1000,1399,1400,6595474,43634,43634,65535,0,1995,0,0
MPCTASK: MOTOR FAULT ON: t=2001ms after_TRAJ_START model=multiplicative_step fault=M1(index=0) retained=60% equiv_fullscale_pwm=39321 ramp=none
MPCTASK: EXP,3,42,2088,-4,111,278,-436,-1085,-2,148,-300,329,-95,-68,228,-95,-442,235,-422,-207,2088,69,300,1,1,1,15,3,1,1,0,0,0,5,25386,9974,36786,1695474,0,1742,145517,4315548,6254019,0,0,0,992,1000,1399,1400,6595474,60513,36308,64653,87,87,1,2001
MPCTASK: EXP,3,44,2188,-36,7,270,-351,-1098,-196,542,-889,412,-242,-254,228,-8,-573,228,-468,-329,2413,69,300,1,1,1,15,3,1,1,0,0,0,5,22713,11562,35267,1965453,0,1743,131411,3861204,5995575,0,0,0,993,1000,1399,1400,6595474,57178,34307,65535,187,187,1,2001
MPCTASK: EXP,3,46,2286,-47,-113,245,-166,-1185,-330,473,-1192,250,-367,-432,228,88,-682,228,-520,-777,3311,70,300,1,1,1,15,3,1,1,0,0,0,5,23996,8626,33949,1466377,0,1743,206958,4079120,5771364,0,0,0,993,1000,1399,1400,6595474,64140,38484,65535,286,286,1,2001
MPCTASK: EXP,3,48,2389,-44,-245,213,78,-1249,-274,24,-1244,354,-457,-599,228,193,-757,228,-541,-679,2996,70,300,1,1,1,15,3,1,1,0,0,0,5,22313,12330,36308,2096075,0,1743,264365,3793229,6172460,0,0,0,994,1000,1399,1400,6595474,55920,33552,65535,388,388,1,2001
MPCTASK: EXP,3,50,2485,-13,-376,187,320,-1220,-246,-378,-1120,607,-504,-749,228,294,-812,228,-562,-637,2814,71,300,1,1,1,15,3,1,1,0,0,0,5,21596,11044,33141,1877309,0,1742,65076,3671244,5633944,0,0,0,995,1000,1399,1400,6595474,65535,39321,65535,485,485,1,2001
MPCTASK: EXP,3,52,2588,46,-483,172,540,-1092,-190,-559,-941,777,-501,-881,228,400,-831,228,-566,-519,2521,71,300,1,1,1,15,3,1,1,0,0,0,5,24210,10900,35492,1852901,0,1742,46709,4115668,6033796,0,0,0,995,1000,1399,1400,6595474,65535,39321,65535,589,589,1,2001
MPCTASK: EXP,3,54,2684,74,-576,154,591,-929,-171,-820,-679,767,-450,-990,228,411,-813,228,-579,-461,2651,72,300,1,1,1,15,3,1,1,0,0,0,5,22719,8446,31891,1435814,0,2177,103382,3862212,5421541,0,0,0,996,1000,1399,1400,7108271,65535,39321,65535,685,685,1,2001
MPCTASK: EXP,3,56,2785,136,-643,133,694,-711,-187,-955,-564,784,-356,-1073,228,463,-765,228,-604,-572,2831,73,300,1,1,1,15,3,1,1,0,0,0,5,21731,10958,32934,1862927,0,1742,23108,3694172,5598916,0,0,0,996,1000,1399,1400,7108271,65535,39321,65535,786,786,1,2001
MPCTASK: EXP,3,58,2883,185,-680,115,736,-468,-137,-1020,-263,644,-228,-1130,228,464,-688,228,-612,-611,2619,74,300,1,1,1,15,3,1,1,0,0,0,5,20754,9441,31384,1604886,0,2175,24255,3528064,5335233,0,0,0,996,1000,1399,1400,7108271,63923,38354,65535,885,885,1,2001
MPCTASK: EXP,3,60,2990,261,-702,104,730,-184,5,-957,152,500,-78,-1159,228,460,-594,228,-595,-532,2401,74,300,1,1,1,15,3,1,1,0,0,0,5,21606,13977,37052,2376109,0,1742,188851,3672864,6298849,0,0,0,996,1000,1399,1400,7108271,60151,36091,65535,991,991,1,2001
MPCTASK: EXP,3,62,3084,309,-710,116,611,23,192,-883,604,235,78,-1158,228,392,-510,228,-583,-435,2354,74,300,1,1,1,15,3,1,1,0,0,0,5,21922,8422,31240,1431522,0,1742,37597,3726770,5310893,0,0,0,996,1000,1399,1400,7108271,54323,32594,65535,1085,1085,1,2001
MPCTASK: EXP,3,64,3183,357,-698,136,459,195,237,-808,902,69,227,-1128,228,325,-421,228,-563,-391,2358,73,300,1,1,1,15,3,1,1,0,0,0,5,21763,8570,31191,1456775,0,1742,127460,3699512,5302590,0,0,0,996,1000,1399,1400,7108271,53078,31847,65535,1185,1185,1,2001
MPCTASK: EXP,3,66,3283,377,-683,159,279,308,245,-754,1143,-88,352,-1070,228,239,-349,228,-540,-303,2465,72,300,1,1,1,15,3,1,1,0,0,0,5,22836,7931,31270,1348296,0,1742,66644,3882172,5315974,0,0,0,996,1000,1399,1400,7108271,52859,31715,65535,1286,1286,1,2001
MPCTASK: EXP,3,68,3389,393,-639,186,52,455,199,-704,1258,-140,442,-985,228,148,-241,228,-513,-284,2505,71,300,1,1,1,15,3,1,1,0,0,0,5,24940,10485,36423,1782446,0,1742,149865,4239756,6191867,0,0,0,995,1000,1399,1400,7108271,54343,32606,65535,1392,1392,1,2001
MPCTASK: EXP,3,70,3484,381,-594,201,-154,563,125,-639,1235,-222,488,-874,228,64,-150,228,-498,-271,2459,70,300,1,1,1,15,3,1,1,0,0,0,5,22728,8929,31901,1517898,0,1742,23108,3863684,5423417,0,0,0,994,1000,1399,1400,7108271,56863,34118,65535,1487,1487,1,2001
MPCTASK: EXP,3,72,3588,349,-541,210,-352,665,83,-609,1122,-278,486,-742,228,-16,-55,228,-489,-292,2407,70,300,1,1,1,15,3,1,1,0,0,0,5,22563,12437,35838,2114123,0,1743,124077,3835612,6092539,0,0,0,993,1000,1399,1400,7108271,53059,31835,65535,1591,1591,1,2001
MPCTASK: EXP,3,74,3687,300,-484,219,-518,756,90,-540,912,-310,434,-590,228,-82,32,228,-480,-296,2310,70,300,1,1,1,15,3,1,1,0,0,0,5,23965,9447,34040,1605887,0,1742,87275,4074097,5786887,0,0,0,992,1000,1399,1400,7108271,60328,36197,65535,1691,1691,1,2001
MPCTASK: EXP,3,76,3787,237,-406,230,-655,846,89,-456,631,-288,340,-423,228,-139,132,228,-469,-232,1891,69,300,1,1,1,15,3,1,1,0,0,0,5,22736,10736,33716,1825120,0,1742,23108,3864924,5731865,0,0,0,991,1000,1399,1400,7108271,53137,31882,65535,1791,1791,1,2001
MPCTASK: EXP,3,78,3884,177,-330,242,-686,893,84,-377,326,-273,211,-245,228,-147,213,228,-457,-169,1434,69,300,1,1,1,15,3,1,1,0,0,0,5,20614,9979,30911,1696371,0,1742,33934,3504368,5255005,0,0,0,990,1000,1399,1400,7108271,60186,36112,65535,1888,1888,1,2001
MPCTASK: EXP,3,80,3988,112,-246,249,-696,932,63,-306,90,-190,61,-61,228,-154,300,228,-450,-182,1666,69,300,1,1,1,15,3,1,1,0,0,0,5,22214,11997,34636,2039385,0,2168,51344,3776432,5888299,0,0,0,990,1000,1399,1400,7108271,58142,34885,65535,1992,1992,1,2001
MPCTASK: EXP,3,82,4088,57,-166,257,-643,948,36,-264,-106,-3,-95,125,228,-135,368,229,-442,-150,1455,69,300,1,1,1,15,3,1,1,0,0,0,5,23684,9828,34018,1670613,0,20833,24625,4026168,5783094,0,0,0,992,1000,1399,1400,7108271,61531,36919,65535,2092,2092,1,2001
MPCTASK: EXP,3,84,4189,2,-84,257,-597,950,-26,-143,-280,183,-244,310,228,-114,423,228,-447,-226,2136,69,300,1,1,1,15,3,1,1,0,0,0,5,19885,14676,34805,2494958,0,1742,23108,3380309,5916858,0,0,0,994,1000,1399,1400,7108271,65535,39321,65535,2193,2193,1,2001
MPCTASK: EXP,3,86,4289,-50,0,250,-499,907,-125,255,-587,327,-369,488,228,-76,432,228,-474,-298,2227,69,300,1,1,1,15,3,1,1,0,0,0,5,25303,9306,34968,1581876,0,1742,41295,4301316,5944643,0,0,0,995,1000,1399,1400,7108271,65535,39321,65535,2294,2294,1,2001
MPCTASK: EXP,3,88,4390,-85,69,237,-351,822,-147,235,-815,227,-460,654,228,-24,459,228,-492,-321,2460,69,300,1,1,1,15,3,1,1,0,0,0,5,21461,13526,35802,2299388,0,1743,23113,3648304,6086303,0,0,0,996,1000,1399,1400,7108271,65535,39321,65535,2395,2395,1,2001
MPCTASK: EXP,3,90,4488,-85,139,225,-128,769,-47,284,-944,10,-505,805,228,67,483,228,-483,-302,2399,69,300,1,1,1,15,3,1,1,0,0,0,5,22557,9912,33135,1684933,0,1742,94410,3834608,5633086,0,0,0,997,1000,1399,1400,7108271,62966,37780,65535,2493,2493,1,2001
MPCTASK: EXP,3,92,4589,-87,189,227,56,652,76,214,-944,-83,-503,937,228,126,473,228,-472,-268,2334,69,300,1,1,1,15,3,1,1,0,0,0,5,22138,11942,34709,2030084,0,37834,52511,3763456,5900587,0,0,0,997,1000,1399,1400,7108271,58340,35004,65535,2595,2595,1,2001
MPCTASK: EXP,3,94,4687,-69,235,238,222,569,117,145,-772,-141,-451,1046,228,167,469,228,-461,-293,2231,69,300,1,1,1,15,3,1,1,0,0,0,5,23425,8863,32530,1506630,0,1742,23108,3982048,5530115,0,0,0,998,1000,1399,1400,7108271,57517,34510,65535,2693,2693,1,2001
MPCTASK: EXP,3,96,4790,-26,274,247,369,501,103,115,-500,-137,-357,1131,228,210,458,228,-452,-216,1804,69,300,1,1,1,15,3,1,1,0,0,0,5,21606,13414,36003,2280224,0,1742,115321,3672988,6120630,0,0,0,998,1000,1399,1400,7108271,56563,33938,65535,2796,2796,1,2001
MPCTASK: EXP,3,98,4888,7,318,256,415,464,77,169,-150,-111,-228,1188,228,197,451,229,-443,-174,1723,69,300,1,1,1,15,3,1,1,0,0,0,5,23351,8624,32869,1465903,0,1742,92123,3969529,5587781,0,0,0,998,1000,1399,1400,7108271,62692,37615,65535,2894,2894,1,2001
MPCTASK: EXP,3,100,4987,59,353,264,445,402,69,302,88,-162,-78,1217,228,196,424,231,-435,-214,1974,69,300,1,1,1,15,3,1,1,0,0,0,5,20333,12152,32985,2065775,0,32532,35758,3456616,5607668,0,0,0,998,1000,1399,1400,7108271,56648,33989,65535,2994,2994,1,2001
MPCTASK: EXP,3,102,5092,95,386,274,391,327,77,443,325,-230,78,1216,228,157,390,234,-425,-160,1501,69,300,1,1,1,15,3,1,1,0,0,0,5,24260,13243,37915,2251239,0,2647,23417,4124036,6445585,0,0,0,998,1000,1399,1400,7108271,51178,30707,65535,3099,3099,1,2001
MPCTASK: EXP,3,104,5191,128,409,279,302,230,51,586,618,-287,227,1187,228,103,337,234,-420,-207,1910,69,300,1,1,1,15,3,1,1,0,0,0,5,23667,12504,36965,2125697,0,1742,71251,4023280,6284070,0,0,0,998,1000,1399,1400,7108271,57776,34666,65535,3198,3198,1,2001
MPCTASK: EXP,3,106,5293,142,420,284,168,98,43,802,656,-342,353,1128,228,39,260,235,-415,-188,1938,69,300,1,1,1,15,3,1,1,0,0,0,5,28314,8997,37865,1529451,0,1742,74774,4813138,6437142,0,0,0,998,1000,1399,1400,7108271,61388,36833,65535,3300,3300,1,2001
MPCTASK: EXP,3,108,5389,124,422,289,1,-53,6,921,589,-207,443,1043,228,-46,182,236,-410,-179,2212,69,300,1,1,1,15,3,1,1,0,0,0,5,20949,12955,34286,2202285,0,1742,23108,3561304,5828865,0,0,0,998,1000,1399,1400,7108271,62033,37220,65535,3396,3396,1,2001
MPCTASK: EXP,3,110,5490,118,393,284,-122,-241,-28,933,754,19,489,933,228,-104,65,233,-420,-301,2251,69,300,1,1,1,15,3,1,1,0,0,0,5,22686,12150,35544,2065426,0,2138,24260,3856557,6042537,0,0,0,997,1000,1399,1400,7108271,65535,39321,65535,3498,3498,1,2001
MPCTASK: EXP,3,112,5589,95,349,274,-232,-416,-150,922,631,208,486,800,228,-156,-43,228,-455,-239,2652,69,300,1,1,1,15,3,1,1,0,0,0,5,21201,12062,33932,2050423,0,1742,51077,3604068,5768556,0,0,0,997,1000,1399,1400,7108271,65535,39321,65535,3597,3597,1,2001
MPCTASK: EXP,3,114,5689,59,291,259,-341,-589,-148,784,474,146,435,648,228,-196,-151,228,-469,-325,2362,69,300,1,1,1,15,3,1,1,0,0,0,5,24928,8822,33995,1499678,0,1743,23271,4237688,5779172,0,0,0,996,1000,1399,1400,7108271,62953,37772,65535,3697,3697,1,2001
MPCTASK: EXP,3,116,5790,25,220,248,-413,-725,-77,559,333,-153,340,481,228,-219,-249,228,-466,-289,2194,69,300,1,1,1,15,3,1,1,0,0,0,5,22607,12638,35843,2148338,0,1743,83404,3842960,6093416,0,0,0,995,1000,1399,1400,7108271,51963,31178,65535,3799,3799,1,2001
MPCTASK: EXP,3,118,5891,-18,148,245,-472,-795,78,296,242,-600,211,303,228,-245,-317,229,-454,-220,1832,69,300,1,1,1,15,3,1,1,0,0,0,5,23718,12234,36774,2079772,0,1743,121078,4032088,6251674,0,0,0,993,1000,1399,1400,7108271,41116,24670,65535,3900,3900,1,2001
MPCTASK: EXP,3,120,5989,-51,62,259,-491,-823,175,-30,304,-1130,61,119,228,-253,-367,239,-440,-78,1027,69,300,1,1,1,15,3,1,1,0,0,0,5,20102,12377,33937,2103981,0,1742,175047,3417276,5769356,0,0,0,991,1000,1399,1400,7108271,37614,22568,65535,3998,3998,1,2001
MPCTASK: EXP,3,122,6090,-97,-3,284,-511,-741,206,-342,85,-1502,-95,-67,228,-231,-382,246,-415,-182,1467,69,300,1,1,1,15,3,1,1,0,0,0,5,25587,8605,35185,1462873,0,1742,112318,4349731,5981876,0,0,0,988,1000,1399,1400,7108271,36544,21926,65535,4099,4099,1,2001
MPCTASK: EXP,3,124,6188,-150,-68,302,-488,-673,136,-465,-238,-1528,-244,-252,228,-211,-400,248,-397,-211,1772,69,300,1,1,1,15,3,1,1,0,0,0,5,20805,10421,33948,1771385,0,1743,340270,3536716,5771263,0,0,0,989,1000,1399,1400,7108271,47852,28711,65535,4198,4198,1,2001
MPCTASK: EXP,3,126,6290,-191,-120,311,-397,-587,32,-456,-602,-1369,-369,-430,228,-161,-413,247,-388,-160,1735,69,300,1,1,1,15,3,1,1,0,0,0,5,24187,10374,35551,1763495,0,1742,150274,4111678,6043790,0,0,0,992,1000,1399,1400,7108271,48678,29207,65535,4300,4300,1,2001
MPCTASK: EXP,3,128,6391,-223,-174,312,-265,-529,4,-439,-770,-1254,-460,-596,228,-116,-435,247,-387,-151,1948,69,300,1,1,1,15,3,1,1,0,0,0,5,22508,11697,34832,1988453,0,1742,87598,3826268,5921539,0,0,0,994,1000,1399,1400,7108271,49110,29466,65535,4402,4402,1,2001
MPCTASK: EXP,3,130,6492,-240,-220,311,-116,-477,-26,-369,-879,-1055,-505,-747,228,-58,-449,246,-393,-262,2247,69,300,1,1,1,15,3,1,1,0,0,0,5,24737,8498,35512,1444590,0,1742,355167,4205204,6037146,0,0,0,996,1000,1399,1400,7108271,48808,29285,65535,4502,4502,1,2001
MPCTASK: EXP,3,132,6593,-248,-257,305,31,-429,-63,-331,-910,-971,-503,-879,228,-21,-439,243,-407,-320,2239,69,300,1,1,1,15,3,1,1,0,0,0,5,23893,11936,36987,2028926,0,1742,65072,4061792,6287900,0,0,0,997,1000,1399,1400,7108271,52049,31229,65535,4604,4604,1,2001
MPCTASK: EXP,3,134,6687,-235,-296,301,200,-370,-32,-468,-890,-579,-451,-988,228,31,-433,242,-404,-188,2280,69,300,1,1,1,15,3,1,1,0,0,0,5,23069,7498,31115,1274622,0,2050,73400,3921616,5289699,0,0,0,997,1000,1399,1400,7108271,62950,37770,65535,4698,4698,1,2001
MPCTASK: EXP,3,136,6791,-211,-325,298,337,-328,-64,-132,-819,-334,-357,-1073,228,71,-433,240,-414,-185,2311,69,300,1,1,1,15,3,1,1,0,0,0,5,22908,10863,34452,1846482,0,1744,97015,3894256,5856866,0,0,0,997,1000,1399,1400,7108271,61035,36621,65535,4802,4802,1,2001
MPCTASK: EXP,3,138,6890,-183,-356,288,436,-298,-113,-350,-587,-172,-228,-1130,228,73,-400,236,-434,-190,2048,69,300,1,1,1,15,3,1,1,0,0,0,5,22355,11512,34270,1957045,0,1742,47738,3800208,5825960,0,0,0,997,1000,1399,1400,7108271,59694,35816,65535,4902,4902,1,2001
MPCTASK: EXP,3,140,6997,-147,-384,281,490,-213,-48,-492,-368,-60,-78,-1159,228,79,-367,237,-428,-121,1553,69,300,1,1,1,15,3,1,1,0,0,0,5,26876,12604,40298,2142728,0,69647,23278,4568796,6850649,0,0,0,997,1000,1399,1400,7108271,52800,31680,65535,5009,5009,1,2001
MPCTASK: EXP,3,142,7091,-113,-392,279,498,-103,-30,-640,-31,65,78,-1158,228,42,-292,237,-426,-275,2174,69,300,1,1,1,15,3,1,1,0,0,0,5,24685,8761,34604,1489280,0,1776,178040,4196448,5882817,0,0,0,997,1000,1399,1400,7108271,61489,36893,65535,5103,5103,1,2001
MPCTASK: EXP,3,144,7188,-80,-392,277,444,28,-21,-691,260,204,227,-1128,228,-4,-220,236,-426,-248,2218,69,300,1,1,1,15,3,1,1,0,0,0,5,19734,10785,31358,1833255,0,1742,85208,3354592,5331064,0,0,0,997,1000,1399,1400,7108271,54029,32417,65535,5200,5200,1,2001
MPCTASK: EXP,3,146,7286,-56,-372,276,337,178,-29,-697,527,287,353,-1070,228,-64,-137,236,-429,-281,2187,69,300,1,1,1,15,3,1,1,0,0,0,5,20044,9851,30475,1674482,0,1745,23270,3407448,5180810,0,0,0,997,1000,1399,1400,7108271,63270,37962,65535,5299,5299,1,2001
MPCTASK: EXP,3,148,7392,-45,-342,271,199,290,-34,-590,569,421,443,-985,228,-125,-47,233,-435,-267,2177,69,300,1,1,1,15,3,1,1,0,0,0,5,21809,13228,35290,2248694,0,1951,23959,3707532,5999498,0,0,0,997,1000,1399,1400,7108271,60515,36309,65535,5405,5405,1,2001
MPCTASK: EXP,3,150,7491,-47,-302,266,50,407,-75,-567,636,605,489,-874,228,-189,29,230,-448,-297,2200,69,300,1,1,1,15,3,1,1,0,0,0,5,22883,10774,34420,1831446,0,1742,87608,3889916,5851534,0,0,0,997,1000,1399,1400,7108271,65535,39321,65535,5504,5504,1,2001
MPCTASK: EXP,3,152,7592,-62,-261,249,-85,460,-194,-436,587,701,486,-742,228,-238,99,228,-489,-304,2387,69,300,1,1,1,15,3,1,1,0,0,0,5,23611,10580,35307,1798452,0,1742,85115,4013689,6002161,0,0,0,997,1000,1399,1400,7108271,65535,39321,65535,5605,5605,1,2001
MPCTASK: EXP,3,154,7688,-93,-217,228,-227,513,-214,-451,588,840,435,-590,228,-301,172,228,-514,-355,2433,70,300,1,1,1,15,3,1,1,0,0,0,5,22679,8451,31737,1436680,0,1742,23108,3855285,5395320,0,0,0,995,1000,1399,1400,7108271,65535,39321,65535,5701,5701,1,2001
MPCTASK: EXP,3,156,7793,-134,-180,210,-354,558,-154,-531,380,754,340,-423,228,-343,232,228,-520,-265,2360,70,300,1,1,1,15,3,1,1,0,0,0,5,23812,10883,35955,1850104,0,100852,24261,4048017,6112341,0,0,0,994,1000,1399,1400,7108271,65535,39321,65535,5807,5807,1,2001
MPCTASK: EXP,3,158,7891,-196,-120,198,-471,646,-71,-430,79,536,211,-245,228,-372,311,228,-516,-234,1916,71,300,1,1,1,15,3,1,1,0,0,0,5,24233,8640,34247,1468712,0,1742,151095,4119517,5822093,0,0,0,994,1000,1399,1400,7108271,60699,36419,65535,5905,5905,1,2001
MPCTASK: EXP,3,160,7989,-239,-68,196,-441,672,27,-271,-310,296,61,-61,228,-338,360,228,-503,-224,1868,71,300,1,1,1,15,3,1,1,0,0,0,5,21154,10859,32490,1845927,0,1742,62385,3596085,5523413,0,0,0,993,1000,1399,1400,7108271,61340,36804,65535,6003,6003,1,2001
MPCTASK: EXP,3,162,8088,-285,-2,207,-379,712,125,-284,-577,134,-95,125,228,-299,430,228,-492,-273,2063,70,300,1,1,1,15,3,1,1,0,0,0,5,21751,9010,32530,1531744,0,161710,121766,3697616,5530206,0,0,0,993,1000,1399,1400,7108271,59943,35966,65535,6103,6103,1,2001
MPCTASK: EXP,3,164,8191,-300,73,216,-212,770,123,-241,-717,26,-244,310,228,-216,508,228,-483,-180,1482,70,300,1,1,1,15,3,1,1,0,0,0,5,21749,11801,34563,2005949,0,95295,60346,3697280,5875841,0,0,0,993,1000,1399,1400,7108271,59305,35583,65535,6206,6206,1,2001
MPCTASK: EXP,3,166,8288,-304,152,231,-55,798,133,-107,-680,8,-369,488,228,-143,565,228,-468,-157,1348,69,300,1,1,1,15,3,1,1,0,0,0,5,21834,8780,31236,1492393,0,1742,87604,3711745,5310221,0,0,0,993,1000,1399,1400,7108271,59157,35494,65535,6303,6303,1,2001
MPCTASK: EXP,3,168,8392,-291,237,242,97,828,89,-42,-634,60,-459,654,228,-66,630,228,-457,-155,1401,69,300,1,1,1,15,3,1,1,0,0,0,5,20404,13954,35477,2372086,0,1886,171579,3468520,6031261,0,0,0,994,1000,1399,1400,7108271,61792,37075,65535,6408,6408,1,2001
MPCTASK: EXP,3,170,8485,-270,311,248,224,798,41,133,-696,158,-505,805,228,9,652,228,-451,-158,1584,69,300,1,1,1,15,3,1,1,0,0,0,5,20513,7992,29286,1358570,0,90921,24638,3487188,4978701,0,0,0,995,1000,1399,1400,7108271,59993,35996,65535,6501,6501,1,2001
MPCTASK: EXP,3,172,8588,-225,395,251,386,787,22,262,-646,146,-503,937,228,93,689,228,-448,-219,2020,69,300,1,1,1,15,3,1,1,0,0,0,5,20768,10322,31336,1754623,0,1742,23114,3530480,5327235,0,0,0,996,1000,1399,1400,7108271,62335,37401,65535,6604,6604,1,2001
MPCTASK: EXP,3,174,8689,-175,463,255,503,708,28,422,-451,120,-451,1046,228,147,690,228,-444,-134,1315,69,300,1,1,1,15,3,1,1,0,0,0,5,22551,8870,32967,1507934,0,1742,244351,3833632,5604518,0,0,0,996,1000,1399,1400,7108271,59058,35435,65535,6706,6706,1,2001
MPCTASK: EXP,3,176,8788,-117,535,259,575,651,24,481,-232,49,-357,1131,228,179,704,229,-440,-170,1624,69,300,1,1,1,15,3,1,1,0,0,0,5,22159,8473,32142,1440276,0,1742,238171,3766940,5464103,0,0,0,997,1000,1399,1400,7108271,57009,34205,65535,6805,6805,1,2001
MPCTASK: EXP,3,178,8892,-63,576,264,590,501,35,640,-7,24,-228,1188,228,185,650,231,-435,-146,1521,69,300,1,1,1,15,3,1,1,0,0,0,5,25977,8530,34991,1449946,0,1742,23108,4416149,5948622,0,0,0,997,1000,1399,1400,7108271,55540,33324,65535,6909,6909,1,2001
MPCTASK: EXP,3,180,8989,-3,632,269,579,428,27,638,188,-44,-78,1217,228,181,646,232,-430,-212,1995,69,300,1,1,1,15,3,1,1,0,0,0,5,20312,11389,32269,1935999,0,1883,77300,3453044,5485762,0,0,0,997,1000,1399,1400,7108271,57300,34380,65535,7006,7006,1,2001
MPCTASK: EXP,3,182,9089,59,661,271,544,288,10,716,447,-160,78,1216,228,165,596,231,-428,-273,2201,69,300,1,1,1,15,3,1,1,0,0,0,5,23809,8265,32319,1405009,0,1744,23266,4047469,5494238,0,0,0,997,1000,1399,1400,7108271,57586,34552,65535,7106,7106,1,2001
MPCTASK: EXP,3,184,9188,112,661,272,443,105,22,845,737,-474,227,1187,228,115,499,233,-427,-261,2235,69,300,1,1,1,15,3,1,1,0,0,0,5,21293,10270,32265,1745740,0,1861,100122,3619756,5485042,0,0,0,997,1000,1399,1400,7108271,42644,25586,65535,7206,7206,1,2001
MPCTASK: EXP,3,186,9290,165,641,281,298,-101,93,1059,819,-904,352,1129,228,81,366,237,-418,-281,2258,69,300,1,1,1,15,3,1,1,0,0,0,5,21373,11533,33400,1960432,0,1742,65086,3633420,5678153,0,0,0,996,1000,1399,1400,7108271,39922,23953,65535,7308,7308,1,2001
MPCTASK: EXP,3,188,9391,180,614,289,100,-284,117,1044,850,-1213,442,1044,228,2,261,241,-410,-286,2219,69,300,1,1,1,15,3,1,1,0,0,0,5,22370,11511,34404,1956806,0,1853,70212,3802828,5848694,0,0,0,996,1000,1399,1400,7108271,34623,20774,65535,7409,7409,1,2001
MPCTASK: EXP,3,190,9489,161,581,301,-116,-423,122,952,754,-1470,487,934,228,-84,180,245,-398,-232,2160,69,300,1,1,1,15,3,1,1,0,0,0,5,22111,9890,32626,1681306,0,1743,87625,3758850,5546610,0,0,0,996,1000,1399,1400,7108271,38029,22817,65535,7507,7507,1,2001
MPCTASK: EXP,3,192,9591,161,529,312,-243,-547,114,814,677,-1712,484,802,228,-123,90,248,-387,-259,2119,69,300,1,1,1,15,3,1,1,0,0,0,5,23709,10842,35212,1843051,0,1742,92846,4030348,5986027,0,0,0,995,1000,1399,1400,7108271,36147,21688,65535,7610,7610,1,2001
MPCTASK: EXP,3,194,9688,142,444,324,-386,-681,121,672,631,-1920,433,651,228,-163,-26,252,-375,-194,1768,69,300,1,1,1,15,3,1,1,0,0,0,5,23386,7202,31419,1224180,0,1742,65080,3975574,5341337,0,0,0,995,1000,1399,1400,7108271,29285,17571,65535,7707,7707,1,2001
MPCTASK: EXP,3,196,9791,116,354,337,-479,-753,91,175,566,-2072,338,484,228,-188,-103,254,-362,-190,1769,69,300,1,1,1,15,3,1,1,0,0,0,5,21187,11356,33475,1930503,0,1743,114060,3601737,5690812,0,0,0,994,1000,1399,1400,7108271,35965,21579,65535,7810,7810,1,2001
MPCTASK: EXP,3,198,9890,89,266,341,-516,-770,7,202,252,-1999,210,305,228,-156,-206,253,-358,-166,1733,69,300,1,1,1,15,3,1,1,0,0,0,5,22096,9365,32160,1591997,0,1744,23273,3756092,5467263,0,0,0,993,1000,1399,1400,7108271,33066,19840,65535,7909,7909,1,2001
MPCTASK: EXP,3,200,9989,34,184,337,-551,-785,-66,-123,100,-1863,60,120,228,-170,-254,249,-375,-126,1929,69,300,1,1,1,15,3,1,1,0,0,0,5,21948,9091,31932,1545524,0,1742,133142,3731112,5428541,0,0,0,991,1000,1399,1400,7108271,44142,26485,65535,8009,8009,1,2001
MPCTASK: EXP,3,202,10094,-13,118,328,-518,-752,-108,-10,-312,-1672,-94,-69,228,-137,-319,246,-392,-166,2132,69,300,1,1,1,15,3,1,1,0,0,0,5,26257,10099,36855,1716686,0,42426,24640,4463576,6265392,0,0,0,992,1000,1399,1400,7108271,39290,23574,65535,8114,8114,1,2001
MPCTASK: EXP,3,204,10192,-50,53,318,-423,-743,-100,-97,-462,-1479,-240,-256,228,-95,-354,244,-401,-159,2145,69,300,1,1,1,15,3,1,1,0,0,0,5,22649,11196,34604,1903285,0,1743,109282,3850324,5882745,0,0,0,993,1000,1399,1400,7108271,48127,28876,65535,8212,8212,1,2001
MPCTASK: EXP,3,206,10297,-77,-9,310,-308,-740,-129,67,-690,-1287,-362,-438,228,-44,-399,241,-415,-234,2258,69,300,1,1,1,15,3,1,1,0,0,0,5,29200,9995,39438,1699110,0,1742,23108,4963897,6704517,0,0,0,995,1000,1399,1400,7108271,48722,29233,65535,8318,8318,1,2001
MPCTASK: EXP,3,208,10389,-99,-82,298,-184,-765,-119,45,-758,-1048,-449,-609,228,-3,-444,238,-425,-292,2240,69,300,1,1,1,15,3,1,1,0,0,0,5,20849,9658,31978,1641834,0,94087,139045,3544360,5436379,0,0,0,996,1000,1399,1400,7108271,45863,27518,65535,8410,8410,1,2001
MPCTASK: EXP,3,210,10492,-105,-145,285,-54,-746,-169,-256,-710,-731,-491,-764,228,25,-431,231,-447,-196,2315,69,300,1,1,1,15,3,1,1,0,0,0,5,23541,10474,34568,1780602,0,2649,23420,4001950,5876581,0,0,0,997,1000,1399,1400,7108271,47377,28426,65535,8513,8513,1,2001
MPCTASK: EXP,3,212,10589,-103,-213,268,68,-661,-174,-658,-714,-170,-486,-898,228,61,-400,228,-466,-309,2296,69,300,1,1,1,15,3,1,1,0,0,0,5,20417,10519,31550,1788137,0,2645,23421,3470932,5363588,0,0,0,997,1000,1399,1400,7108271,60992,36595,65535,8611,8611,1,2001
MPCTASK: EXP,3,214,10692,-93,-255,251,182,-516,-201,-524,-769,331,-436,-1007,228,83,-364,228,-489,-374,2358,69,300,1,1,1,15,3,1,1,0,0,0,5,22866,10827,33950,1840547,0,1950,23961,3887292,5771460,0,0,0,997,1000,1399,1400,7108271,64617,38770,65535,8714,8714,1,2001
MPCTASK: EXP,3,216,10793,-72,-280,228,288,-370,-220,-512,-629,734,-346,-1085,228,96,-304,228,-515,-357,2408,70,300,1,1,1,15,3,1,1,0,0,0,5,22748,11143,34645,1894378,0,2137,68698,3867056,5889811,0,0,0,997,1000,1399,1400,7108271,62244,37346,65535,8815,8815,1,2001
MPCTASK: EXP,3,218,10891,-54,-290,200,340,-209,-248,-535,-476,912,-230,-1128,228,81,-231,228,-549,-407,2493,71,300,1,1,1,15,3,1,1,0,0,0,5,23965,8509,32900,1446466,0,1742,52426,4073924,5592972,0,0,0,997,1000,1399,1400,7108271,65178,39107,65535,8913,8913,1,2001
MPCTASK: EXP,3,220,10992,-28,-286,180,356,-37,-161,-742,-174,973,-102,-1132,228,58,-137,228,-552,-420,2454,71,300,1,1,1,15,3,1,1,0,0,0,5,22026,10301,32963,1750983,0,1743,89144,3744345,5603855,0,0,0,997,1000,1399,1400,7108271,65535,39321,65535,9014,9014,1,2001
MPCTASK: EXP,3,222,11092,-9,-270,173,303,151,-43,-761,45,972,22,-1094,228,30,-67,228,-535,-401,2300,71,300,1,1,1,15,3,1,1,0,0,0,5,22822,9430,33000,1603132,0,1742,62484,3878813,5610042,0,0,0,997,1000,1399,1400,7108271,65535,39321,65535,9114,9114,1,2001
MPCTASK: EXP,3,224,11189,4,-233,169,221,318,25,-659,233,908,128,-1014,228,6,6,228,-530,-368,2251,72,300,1,1,1,15,3,1,1,0,0,0,5,21761,8471,31173,1440006,0,1743,116801,3699256,5299523,0,0,0,997,1000,1399,1400,7108271,55442,33265,65535,9212,9212,1,2001
MPCTASK: EXP,3,226,11292,10,-195,171,101,430,41,-451,403,848,201,-895,228,-15,9,228,-528,-289,2054,72,300,1,1,1,15,3,1,1,0,0,0,5,22960,9702,33426,1649271,0,1887,87744,3903092,5682484,0,0,0,998,1000,1399,1400,7108271,65535,39321,65535,9315,9315,1,2001
MPCTASK: EXP,3,228,11394,4,-142,172,-9,504,47,-83,255,857,235,-743,228,-26,27,228,-527,-282,2191,71,300,1,1,1,15,3,1,1,0,0,0,5,24411,10057,35001,1709662,0,1742,53457,4149853,5950307,0,0,0,997,1000,1399,1400,7108271,63526,38116,65535,9417,9417,1,2001
MPCTASK: EXP,3,230,11492,-2,-96,176,-67,467,66,203,188,916,228,-570,228,-21,23,228,-523,-230,1793,71,300,1,1,1,15,3,1,1,0,0,0,5,23365,9403,33951,1598451,0,1743,121026,3971940,5771702,0,0,0,997,1000,1399,1400,7108271,65535,39321,65535,9516,9516,1,2001
MPCTASK: EXP,3,232,11589,-15,-46,188,-107,415,92,713,214,839,187,-391,229,-35,11,229,-511,-337,2266,71,300,1,1,1,15,3,1,1,0,0,0,5,23565,6438,31190,1094325,0,1742,141377,4005840,5302334,0,0,0,996,1000,1399,1400,7108271,56856,34114,65535,9613,9613,1,2001
MPCTASK: EXP,3,234,11692,-30,-18,197,-135,267,79,621,113,654,126,-226,229,-62,30,229,-502,-229,1777,71,300,1,1,1,15,3,1,1,0,0,0,5,23018,10107,33619,1718162,0,1742,65424,3913052,5715366,0,0,0,995,1000,1399,1400,7108271,61069,36641,65535,9717,9717,1,2001
MPCTASK: EXP,3,236,11791,-53,0,206,-174,131,103,639,-39,614,62,-93,229,-113,71,229,-493,-307,2228,70,300,1,1,1,15,3,1,1,0,0,0,5,22282,8935,31644,1518920,0,29969,24633,3787949,5379640,0,0,0,993,1000,1399,1400,7108271,62783,37670,65535,9815,9815,1,2001
MPCTASK: EXP,3,238,11890,-71,6,213,-150,20,57,494,-233,450,15,-9,228,-152,153,228,-486,-173,1501,70,300,1,1,1,15,3,1,1,0,0,0,5,22637,8285,31211,1408412,0,2613,23423,3848364,5305831,0,0,0,991,1000,1399,1400,7108271,59490,35694,65535,9915,9915,1,2001
MPCTASK: EXP,3,240,11993,-83,-3,215,-102,-45,-1,-135,-212,316,-5,25,228,-176,230,228,-484,-236,2160,70,300,1,1,1,15,3,1,1,0,0,0,5,22398,10833,33724,1841559,0,1742,63804,3807628,5733068,0,0,0,989,1000,1399,1400,7108271,59042,35425,65535,10018,10018,1,2001
MPCTASK: EXP,3,242,12093,-90,-10,219,-73,-6,49,-687,34,122,-8,29,228,-173,315,228,-480,-32,2048,70,300,1,1,1,15,3,1,1,0,0,0,5,23564,9136,33196,1553099,0,1742,65598,4005916,5643424,0,0,0,988,1000,1399,1400,7108271,52985,31791,65535,10118,10118,1,2001
MPCTASK: EXP,3,244,12194,-93,-16,236,-80,109,103,-1105,197,-50,-12,36,228,-128,341,228,-463,-381,2294,69,300,1,1,1,15,3,1,1,0,0,0,5,22052,11305,34064,1921692,0,1743,101679,3748645,5790965,0,0,0,987,1000,1399,1400,7108271,48810,29286,65535,10219,10219,1,2001
MPCTASK: EXP,3,246,12292,-101,4,245,-110,322,64,-1319,219,-174,-37,82,228,-87,407,228,-454,-429,2380,69,300,1,1,1,15,3,1,1,0,0,0,5,22999,8963,32714,1523654,0,1742,69078,3909692,5561389,0,0,0,987,1000,1399,1400,7108271,52817,31690,65535,10318,10318,1,2001
MPCTASK: EXP,3,248,12395,-113,54,249,-116,552,14,-1160,-89,-190,-85,181,229,-36,482,229,-450,-429,2296,69,300,1,1,1,15,3,1,1,0,0,0,5,22673,12546,35747,2132608,0,1742,23108,3854265,6077232,0,0,0,987,1000,1399,1400,7108271,58432,35059,65535,10421,10421,1,2001
MPCTASK: EXP,3,250,12494,-116,115,243,-52,706,-49,-785,-427,-73,-141,326,229,30,528,229,-466,-342,2233,69,300,1,1,1,15,3,1,1,0,0,0,5,23868,9782,34245,1662951,0,1951,82084,4057364,5821784,0,0,0,989,1000,1399,1400,7108271,60208,36125,65535,10520,10520,1,2001
MPCTASK: EXP,3,252,12599,-113,195,230,48,822,-80,-441,-619,45,-188,500,228,89,583,228,-485,-321,2219,69,300,1,1,1,15,3,1,1,0,0,0,5,26972,11062,38454,1880386,0,1742,52209,4585268,6537376,0,0,0,990,1000,1399,1400,7108271,62776,37666,65535,10626,10626,1,2001
MPCTASK: EXP,3,254,12698,-96,264,230,185,825,12,-15,-677,182,-209,682,228,148,586,228,-469,-319,2209,69,300,1,1,1,15,3,1,1,0,0,0,5,26664,10161,37192,1629735,0,1742,24251,4532909,6322763,0,0,0,992,1000,1399,1400,7108271,61665,36999,65535,10724,10724,1,2001
MPCTASK: EXP,3,256,12792,-67,347,231,317,807,24,352,-625,244,-194,851,228,189,602,228,-468,-267,2238,69,300,1,1,1,15,3,1,1,0,0,0,5,20072,11178,31923,1900094,0,1742,94597,3412140,5427008,0,0,0,994,1000,1399,1400,7108271,57578,34547,65535,10819,10819,1,2001
MPCTASK: EXP,3,258,12894,-36,419,236,394,737,37,603,-380,261,-139,994,228,192,596,228,-463,-246,2102,69,300,1,1,1,15,3,1,1,0,0,0,5,23225,8929,33397,1517918,0,1742,192338,3948268,5677477,0,0,0,995,1000,1399,1400,7108271,58502,35101,65535,10921,10921,1,2001
MPCTASK: EXP,3,260,12997,20,497,242,476,620,35,803,-151,248,-50,1100,228,216,584,228,-457,-276,2270,69,300,1,1,1,15,3,1,1,0,0,0,5,23841,12818,36906,2179129,0,1891,23108,4052792,6274175,0,0,0,996,1000,1399,1400,7108271,56283,33770,65535,11025,11025,1,2001
MPCTASK: EXP,3,262,13095,69,535,246,484,427,29,936,211,215,62,1163,228,194,519,228,-453,-260,2327,69,300,1,1,1,15,3,1,1,0,0,0,5,23691,10283,34823,1748064,0,2187,125371,4027436,5919906,0,0,0,997,1000,1399,1400,7108271,55809,33485,65535,11123,11123,1,2001
MPCTASK: EXP,3,264,13191,124,562,249,453,249,16,895,470,135,185,1182,228,173,462,228,-450,-271,2307,69,300,1,1,1,15,3,1,1,0,0,0,5,20331,10158,30942,1726742,0,1742,24251,3456092,5260226,0,0,0,997,1000,1399,1400,7108271,53208,31925,65535,11219,11219,1,2001
MPCTASK: EXP,3,266,13297,175,577,251,377,92,0,944,758,-21,302,1159,228,136,396,228,-448,-285,2319,69,300,1,1,1,15,3,1,1,0,0,0,5,24675,10298,35970,1750528,0,2614,23422,4194708,6115039,0,0,0,997,1000,1399,1400,7108271,55766,33460,65535,11325,11325,1,2001
MPCTASK: EXP,3,268,13393,212,559,252,238,-117,-5,1050,959,-183,397,1097,228,80,277,228,-448,-323,2336,69,300,1,1,1,15,3,1,1,0,0,0,5,22229,9651,32947,1640635,0,2130,56605,3778812,5600995,0,0,0,997,1000,1399,1400,7108271,47860,28716,65535,11422,11422,1,2001
MPCTASK: EXP,3,270,13495,229,536,252,48,-298,6,1006,1068,-522,458,1001,228,11,185,228,-447,-381,2318,69,300,1,1,1,15,3,1,1,0,0,0,5,25111,8655,34797,1471415,0,2137,24261,4268780,5915537,0,0,0,996,1000,1399,1400,7108271,52593,31556,65535,11524,11524,1,2001
MPCTASK: EXP,3,272,13595,212,514,252,-147,-421,7,1000,928,-662,475,876,228,-62,112,228,-447,-360,2258,69,300,1,1,1,15,3,1,1,0,0,0,5,22308,10891,33685,1851438,0,1742,23108,3792261,5726862,0,0,0,995,1000,1399,1400,7108271,41128,24677,65535,11624,11624,1,2001
MPCTASK: EXP,3,274,13698,202,441,251,-319,-605,17,822,828,-859,446,728,228,-111,-16,228,-448,-250,2308,69,300,1,1,1,15,3,1,1,0,0,0,5,26755,7953,34952,1352031,0,1743,23112,4548262,5941992,0,0,0,994,1000,1399,1400,7108271,49730,29838,65535,11727,11727,1,2001
MPCTASK: EXP,3,276,13797,182,361,255,-433,-731,15,588,689,-857,372,562,228,-140,-121,228,-444,-267,2239,69,300,1,1,1,15,3,1,1,0,0,0,5,24675,9205,34653,1564748,0,1742,112934,4194664,5891033,0,0,0,993,1000,1399,1400,7108271,51403,30842,65535,11827,11827,1,2001
MPCTASK: EXP,3,278,13897,148,296,257,-518,-764,15,351,496,-815,260,383,228,-143,-185,228,-442,-254,2176,69,300,1,1,1,15,3,1,1,0,0,0,5,23293,11123,34912,1890825,0,1742,65359,3959732,5935140,0,0,0,991,1000,1399,1400,7108271,51199,30719,65535,11927,11927,1,2001
MPCTASK: EXP,3,280,13997,110,222,256,-557,-813,-8,315,177,-763,120,197,228,-132,-266,228,-444,-191,1943,69,300,1,1,1,15,3,1,1,0,0,0,5,23454,10694,34575,1817911,0,1742,53863,3987129,5877825,0,0,0,988,1000,1399,1400,7108271,49782,29869,65535,12027,12027,1,2001
MPCTASK: EXP,3,282,14095,66,151,256,-523,-799,7,8,-122,-648,-33,7,228,-97,-299,228,-443,-150,1624,69,300,1,1,1,15,3,1,1,0,0,0,5,20188,10849,31807,1844328,0,1742,87530,3431769,5407261,0,0,0,988,1000,1399,1400,7108271,50443,30266,65535,12125,12125,1,2001
MPCTASK: EXP,3,284,14199,26,79,262,-463,-786,10,68,-349,-527,-185,-180,228,-58,-362,228,-437,-179,1774,69,300,1,1,1,15,3,1,1,0,0,0,5,25244,11062,36889,1880542,0,1742,23108,4291500,6271264,0,0,0,991,1000,1399,1400,7108271,52361,31417,65535,12230,12230,1,2001
MPCTASK: EXP,3,286,14298,-9,1,259,-379,-798,-74,62,-569,-381,-321,-362,228,-10,-426,228,-455,-261,2212,69,300,1,1,1,15,3,1,1,0,0,0,5,23977,11296,35919,1920308,0,1779,90030,4076000,6106179,0,0,0,993,1000,1399,1400,7108271,54100,32460,65535,12329,12329,1,2001
MPCTASK: EXP,3,288,14397,-26,-58,250,-248,-777,-84,-4,-693,-229,-426,-534,228,42,-459,228,-466,-300,2253,69,300,1,1,1,15,3,1,1,0,0,0,5,22871,11630,35240,1977022,0,1742,46598,3888037,5990902,0,0,0,995,1000,1399,1400,7108271,58142,34885,65535,12429,12429,1,2001
MPCTASK: EXP,3,290,14498,-38,-129,244,-103,-757,-74,30,-770,-122,-491,-691,228,103,-494,228,-469,-231,2357,69,300,1,1,1,15,3,1,1,0,0,0,5,25543,8675,35536,1474661,0,25716,85090,4342104,6041375,0,0,0,996,1000,1399,1400,7108271,55963,33578,65535,12530,12530,1,2001
MPCTASK: EXP,3,292,14597,-40,-198,238,38,-727,-56,-250,-825,66,-508,-831,228,155,-502,228,-472,-243,2365,69,300,1,1,1,15,3,1,1,0,0,0,5,23061,11192,34940,1902602,0,2047,96349,3920280,5940005,0,0,0,997,1000,1399,1400,7108271,62331,37399,65535,12629,12629,1,2001
MPCTASK: EXP,3,294,14693,-39,-260,233,150,-668,-73,-384,-787,164,-476,-949,228,178,-491,228,-480,-261,2312,69,300,1,1,1,15,3,1,1,0,0,0,5,22353,8223,31516,1397783,0,2180,24259,3799870,5357820,0,0,0,997,1000,1399,1400,7108271,57956,34774,65535,12726,12726,1,2001
MPCTASK: EXP,3,296,14797,-25,-313,230,249,-574,-29,-548,-647,189,-399,-1043,228,193,-470,228,-475,-279,2241,69,300,1,1,1,15,3,1,1,0,0,0,5,21991,11311,34660,1922869,0,1742,135288,3738297,5892164,0,0,0,998,1000,1399,1400,7108271,51905,31143,65535,12829,12829,1,2001
MPCTASK: EXP,3,298,14897,-2,-357,229,316,-396,-14,-842,-439,253,-283,-1111,228,196,-408,228,-473,-194,2122,69,300,1,1,1,15,3,1,1,0,0,0,5,23586,9517,34055,1617816,0,1742,114487,4009456,5789404,0,0,0,998,1000,1399,1400,7108271,52038,31223,65535,12929,12929,1,2001
MPCTASK: EXP,3,300,14995,25,-376,223,354,-219,-27,-693,-248,304,-139,-1151,228,186,-356,228,-481,-264,2297,70,300,1,1,1,15,3,1,1,0,0,0,5,21079,11358,33031,1930861,0,1742,81824,3583384,5615329,0,0,0,998,1000,1399,1400,7108271,58145,34887,65535,13028,13028,1,2001
MPCTASK: EXP,3,302,15098,50,-382,222,361,-89,-30,-627,-114,467,16,-1162,228,157,-296,228,-483,-323,2216,70,300,1,1,1,15,3,1,1,0,0,0,5,24668,10678,35899,1815145,0,1742,74385,4193552,6102862,0,0,0,998,1000,1399,1400,7108271,61226,36736,65535,13131,13131,1,2001
MPCTASK: EXP,3,304,15199,82,-375,220,341,44,-10,-500,101,695,169,-1144,228,128,-232,228,-481,-277,2209,70,300,1,1,1,15,3,1,1,0,0,0,5,22333,12118,36266,2059864,0,1742,257549,3796489,6165196,0,0,0,998,1000,1399,1400,7108271,60341,36205,65535,13233,13233,1,2001
MPCTASK: EXP,3,306,15297,101,-362,214,259,138,-36,-514,323,797,306,-1097,228,70,-161,228,-492,-184,1736,70,300,1,1,1,15,3,1,1,0,0,0,5,22242,10955,34080,1862389,0,10571,24260,3781044,5793731,0,0,0,997,1000,1399,1400,7108271,61032,36619,65535,13331,13331,1,2001
MPCTASK: EXP,3,308,15397,115,-333,210,158,257,-27,-528,470,766,411,-1022,228,14,-72,228,-495,-191,1733,70,300,1,1,1,15,3,1,1,0,0,0,5,23173,11126,34935,1891301,0,1742,89766,3939284,5939127,0,0,0,997,1000,1399,1400,7108271,60185,36111,65535,13431,13431,1,2001
MPCTASK: EXP,3,310,15498,112,-300,208,19,348,6,-521,582,647,476,-921,228,-56,7,228,-491,-197,1724,70,300,1,1,1,15,3,1,1,0,0,0,5,24293,10877,35675,1849040,0,1915,66551,4129724,6064826,0,0,0,997,1000,1399,1400,7108271,57990,34794,65535,13532,13532,1,2001
MPCTASK: EXP,3,312,15594,103,-251,210,-113,459,16,-528,620,555,493,-797,228,-115,107,228,-489,-195,1708,70,300,1,1,1,15,3,1,1,0,0,0,5,18483,11390,31123,1936333,0,1742,23410,3142132,5291091,0,0,0,997,1000,1399,1400,7108271,54587,32752,65535,13628,13628,1,2001
MPCTASK: EXP,3,314,15700,83,-190,211,-238,570,-6,-544,695,516,461,-653,228,-166,206,228,-489,-347,2236,70,300,1,1,1,15,3,1,1,0,0,0,5,27638,8976,37179,1525771,0,1742,23108,4698401,6320491,0,0,0,997,1000,1399,1400,7108271,61507,36904,65535,13734,13734,1,2001
MPCTASK: EXP,3,316,15797,42,-136,209,-379,611,-23,-346,538,509,382,-492,228,-219,276,228,-495,-285,2245,70,300,1,1,1,15,3,1,1,0,0,0,5,23755,10059,34783,1710004,0,45295,102547,4038264,5913147,0,0,0,997,1000,1399,1400,7108271,57814,34688,65535,13832,13832,1,2001
MPCTASK: EXP,3,318,15897,-4,-78,206,-480,659,-17,-289,268,504,266,-318,228,-231,320,228,-496,2,1482,70,300,1,1,1,15,3,1,1,0,0,0,5,23607,9427,33935,1602569,0,27529,107103,4013116,5768998,0,0,0,996,1000,1399,1400,7108271,59679,35807,65535,13932,13932,1,2001
MPCTASK: EXP,3,320,15998,-65,-20,196,-524,636,-99,-6,-38,349,123,-135,228,-250,368,228,-523,-208,2172,71,300,1,1,1,15,3,1,1,0,0,0,5,22983,11478,35041,1951269,0,1743,23269,3907045,5957079,0,0,0,994,1000,1399,1400,7108271,65213,39128,65535,14033,14033,1,2001
MPCTASK: EXP,3,322,16099,-110,32,196,-465,600,28,29,-416,233,-33,51,228,-203,400,228,-503,-264,2179,71,300,1,1,1,15,3,1,1,0,0,0,5,25506,10246,36893,1741688,0,1742,155554,4335864,6271904,0,0,0,992,1000,1399,1400,7108271,61596,36958,65535,14135,14135,1,2001
MPCTASK: EXP,3,324,16197,-153,77,203,-376,560,88,-60,-590,155,-186,237,228,-165,430,228,-496,-229,1765,70,300,1,1,1,15,3,1,1,0,0,0,5,25492,9029,35015,1534760,0,1742,65380,4333532,5952740,0,0,0,992,1000,1399,1400,7108271,56969,34181,65535,14233,14233,1,2001
MPCTASK: EXP,3,326,16298,-176,125,211,-233,553,89,-177,-704,111,-323,418,228,-100,470,228,-488,-184,1525,70,300,1,1,1,15,3,1,1,0,0,0,5,24219,10112,34729,1718862,0,26199,24632,4117153,5903959,0,0,0,993,1000,1399,1400,7108271,57021,34213,65535,14334,14334,1,2001
MPCTASK: EXP,3,328,16393,-183,177,218,-78,574,61,-201,-729,108,-428,589,228,-30,513,228,-481,-179,1592,70,300,1,1,1,15,3,1,1,0,0,0,5,20502,9236,30096,1569925,0,1742,41683,3485261,5116393,0,0,0,994,1000,1399,1400,7108271,60236,36142,65535,14429,14429,1,2001
MPCTASK: EXP,3,330,16492,-179,226,220,63,577,25,-146,-765,152,-493,747,228,35,535,228,-479,-201,1894,70,300,1,1,1,15,3,1,1,0,0,0,5,20427,8940,29610,1519602,0,1742,23108,3472613,5033900,0,0,0,996,1000,1399,1400,7108271,60665,36399,65535,14529,14529,1,2001
MPCTASK: EXP,3,332,16600,-155,282,220,226,589,15,-33,-759,206,-510,887,228,112,558,228,-479,-267,2302,70,300,1,1,1,15,3,1,1,0,0,0,5,23032,13529,37607,2298974,0,1743,159113,3915268,6393340,0,0,0,996,1000,1399,1400,7108271,60378,36227,65535,14637,14637,1,2001
MPCTASK: EXP,3,334,16697,-128,328,223,344,546,31,103,-589,282,-478,1005,228,153,554,228,-476,-182,1611,70,300,1,1,1,15,3,1,1,0,0,0,5,23265,10535,34519,1790757,0,1742,86834,3954964,5868397,0,0,0,997,1000,1399,1400,7108271,58721,35233,65535,14735,14735,1,2001
MPCTASK: EXP,3,336,16803,-70,392,226,482,562,26,155,-395,257,-399,1100,228,208,583,228,-473,-256,2021,69,300,1,1,1,15,3,1,1,0,0,0,5,29118,10407,40433,1769124,0,2615,23420,4949968,6873708,0,0,0,997,1000,1399,1400,7108271,58418,35051,65535,14841,14841,1,2001
MPCTASK: EXP,3,338,16897,-25,429,228,510,475,18,297,-63,339,-283,1169,228,209,551,228,-471,-168,1497,69,300,1,1,1,15,3,1,1,0,0,0,5,24734,9231,34881,1569056,0,25731,72224,4204716,5929884,0,0,0,998,1000,1399,1400,7108271,60091,36055,65535,14935,14935,1,2001
MPCTASK: EXP,3,340,16994,33,475,231,531,418,25,401,154,390,-139,1209,228,215,537,228,-468,-217,1921,69,300,1,1,1,15,3,1,1,0,0,0,5,20823,10333,32124,1756475,0,1742,145447,3539936,5461129,0,0,0,998,1000,1399,1400,7108271,58363,35018,65535,15032,15032,1,2001
MPCTASK: EXP,3,342,17101,69,509,238,452,324,37,538,371,374,16,1220,228,171,497,228,-461,-156,1433,69,300,1,1,1,15,3,1,1,0,0,0,5,26748,10429,37786,1772859,0,1744,23272,4547081,6423724,0,0,0,998,1000,1399,1400,7108271,59446,35668,65535,15139,15139,1,2001
MPCTASK: EXP,3,344,17193,107,530,240,378,205,11,607,504,294,170,1202,228,132,445,228,-459,-177,1687,69,300,1,1,1,15,3,1,1,0,0,0,5,22217,8382,30920,1424858,0,12750,24633,3776896,5256499,0,0,0,997,1000,1399,1400,7108271,56899,34139,65535,15232,15232,1,2001
MPCTASK: EXP,3,346,17299,144,534,243,292,63,6,684,637,185,306,1155,228,94,367,228,-456,-196,1898,69,300,1,1,1,15,3,1,1,0,0,0,5,25017,10326,36510,1755354,0,1742,139289,4252784,6206723,0,0,0,997,1000,1399,1400,7321215,59059,35435,65535,15338,15338,1,2001
MPCTASK: EXP,3,348,17396,164,534,242,171,-59,-15,671,738,126,411,1080,228,40,304,228,-460,-190,1951,69,300,1,1,1,15,3,1,1,0,0,0,5,22956,10471,34155,1780084,0,1743,104429,3902337,5806364,0,0,0,997,1000,1399,1400,7321215,56676,34006,65535,15435,15435,1,2001
MPCTASK: EXP,3,350,17500,159,538,242,11,-139,-15,683,815,97,476,980,228,-38,261,228,-460,-234,2319,69,300,1,1,1,15,3,1,1,0,0,0,5,26367,10091,36858,1715323,0,26747,24657,4482341,6265896,0,0,0,997,1000,1399,1400,7321215,57951,34771,65535,15539,15539,1,2001
MPCTASK: EXP,3,352,17593,175,502,239,-89,-293,-13,733,772,-70,493,855,228,-54,156,228,-463,-187,1964,69,300,1,1,1,15,3,1,1,0,0,0,5,19817,10929,30992,1857871,0,1742,23108,3368828,5268594,0,0,0,996,1000,1399,1400,7321215,56501,33901,65535,15633,15633,1,2001
MPCTASK: EXP,3,354,17701,164,473,236,-211,-397,-9,649,765,-183,461,711,228,-97,88,228,-464,-218,2164,69,300,1,1,1,15,3,1,1,0,0,0,5,27904,10071,38543,1711942,0,1866,78082,4743513,6552278,0,0,0,995,1000,1399,1400,7321215,53194,31916,65535,15741,15741,1,2001
MPCTASK: EXP,3,356,17793,139,433,238,-339,-492,28,626,646,-304,382,550,228,-132,9,228,-461,-207,1875,69,300,1,1,1,15,3,1,1,0,0,0,5,19799,10831,31117,1841139,0,1778,63766,3365860,5290121,0,0,0,994,1000,1399,1400,7321215,51003,30602,65535,15833,15833,1,2001
MPCTASK: EXP,3,358,17895,105,392,243,-424,-554,39,552,490,-389,266,376,228,-149,-47,228,-456,-218,1904,69,300,1,1,1,15,3,1,1,0,0,0,5,22875,8954,32420,1522171,0,1742,23517,3888548,5511424,0,0,0,992,1000,1399,1400,7321215,54222,32533,65535,15935,15935,1,2001
MPCTASK: EXP,3,360,17994,62,334,245,-482,-639,18,592,167,-423,123,193,228,-147,-137,228,-454,-195,1814,69,300,1,1,1,15,3,1,1,0,0,0,5,20351,10483,31356,1781911,0,2051,68680,3459649,5330544,0,0,0,991,1000,1399,1400,7321215,53937,32362,65535,16034,16034,1,2001
MPCTASK: EXP,3,362,18099,31,270,246,-460,-717,1,483,5,-437,-33,6,228,-119,-208,228,-453,-184,1758,69,300,1,1,1,15,3,1,1,0,0,0,5,25675,10363,37075,1761537,0,1742,157364,4364820,6302691,0,0,0,991,1000,1399,1400,7321215,54160,32496,65535,16140,16140,1,2001
MPCTASK: EXP,3,364,18198,-2,197,248,-419,-787,3,445,-272,-423,-187,-179,228,-76,-289,228,-451,-199,1874,69,300,1,1,1,15,3,1,1,0,0,0,5,20376,13098,34764,2226561,0,1742,96651,3463937,5909893,0,0,0,993,1000,1399,1400,7321215,50337,30202,65535,16239,16239,1,2001
MPCTASK: EXP,3,366,18303,-42,130,255,-365,-812,26,233,-417,-425,-323,-360,228,-50,-330,228,-444,-199,1858,69,300,1,1,1,15,3,1,1,0,0,0,5,28336,10481,39434,1781783,0,1742,86576,4817012,6703948,0,0,0,994,1000,1399,1400,7321215,53324,31994,65535,16345,16345,1,2001
MPCTASK: EXP,3,368,18400,-65,62,257,-256,-812,3,138,-670,-419,-428,-531,228,5,-372,228,-442,-148,1620,69,300,1,1,1,15,3,1,1,0,0,0,5,25622,10270,36761,1745803,0,1744,129514,4355768,6249484,0,0,0,996,1000,1399,1400,7321215,55702,33421,65535,16442,16442,1,2001
MPCTASK: EXP,3,370,18499,-76,-13,257,-117,-825,-31,112,-786,-412,-493,-689,228,65,-426,228,-448,-165,2012,69,300,1,1,1,15,3,1,1,0,0,0,5,23607,11181,35833,1900676,0,2046,156719,4013096,6091722,0,0,0,997,1000,1399,1400,7321215,57366,34420,65535,16541,16541,1,2001
MPCTASK: EXP,3,372,18599,-82,-86,249,6,-809,-118,-77,-774,-260,-510,-829,228,102,-449,228,-474,-311,2337,69,300,1,1,1,15,3,1,1,0,0,0,5,22964,11482,35492,1951879,0,1742,157438,3903920,6033780,0,0,0,997,1000,1399,1400,7321215,62832,37699,65535,16642,16642,1,2001
MPCTASK: EXP,3,374,18698,-81,-162,239,124,-801,-79,97,-790,-237,-478,-947,228,141,-507,228,-476,-274,2347,69,300,1,1,1,15,3,1,1,0,0,0,5,25051,8498,34174,1444720,0,66028,23277,4258697,5809759,0,0,0,998,1000,1399,1400,7321215,57787,34672,65535,16740,16740,1,2001
MPCTASK: EXP,3,376,18797,-71,-238,234,247,-798,-37,-276,-722,-268,-399,-1042,228,157,-502,228,-473,-158,2184,69,300,1,1,1,15,3,1,1,0,0,0,5,24249,9604,34166,1632512,0,1743,34022,4122180,5808369,0,0,0,998,1000,1399,1400,7321215,52828,31697,65535,16840,16840,1,2001
MPCTASK: EXP,3,378,18898,-47,-312,234,341,-707,11,-720,-469,-214,-283,-1110,228,164,-480,228,-465,-316,2217,69,300,1,1,1,15,3,1,1,0,0,0,5,24744,9643,35289,1639352,0,1777,84223,4206348,5999302,0,0,0,998,1000,1399,1400,7321215,49369,29621,65535,16941,16941,1,2001
MPCTASK: EXP,3,380,19001,-23,-365,238,370,-535,12,-938,-206,-98,-139,-1151,228,143,-429,228,-461,-258,2348,69,300,1,1,1,15,3,1,1,0,0,0,5,23409,12604,36785,2142601,0,1742,87702,3979536,6253414,0,0,0,998,1000,1399,1400,7321215,55632,33379,65535,17044,17044,1,2001
MPCTASK: EXP,3,382,19096,5,-400,237,370,-351,-26,-938,0,-10,16,-1162,228,115,-373,228,-467,-271,2372,69,300,1,1,1,15,3,1,1,0,0,0,5,24040,7661,32884,1302184,0,2128,92995,4086788,5590344,0,0,0,998,1000,1399,1400,7321215,54953,32972,65535,17140,17140,1,2001
MPCTASK: EXP,3,384,19197,27,-416,230,323,-166,-61,-875,191,17,170,-1144,228,70,-307,228,-481,-325,2345,69,300,1,1,1,15,3,1,1,0,0,0,5,22662,10776,33855,1831790,0,1742,23404,3852416,5755432,0,0,0,998,1000,1399,1400,7321215,59729,35837,65535,17241,17241,1,2001
MPCTASK: EXP,3,386,19301,45,-416,224,249,0,-23,-620,291,117,306,-1097,228,24,-249,228,-480,-289,2240,70,300,1,1,1,15,3,1,1,0,0,0,5,26057,11242,38353,1911037,0,1742,160584,4429653,6520174,0,0,0,998,1000,1399,1400,7321215,65225,39135,65535,17346,17346,1,2001
MPCTASK: EXP,3,388,19398,58,-409,222,166,114,-11,-720,442,357,411,-1022,228,-32,-167,228,-479,-318,2246,70,300,1,1,1,15,3,1,1,0,0,0,5,20854,10982,33795,1866903,0,58929,257521,3545093,5745265,0,0,0,997,1000,1399,1400,7321215,59147,35488,65535,17442,17442,1,2001
MPCTASK: EXP,3,390,19494,60,-385,219,40,256,-31,-801,587,492,476,-921,228,-94,-72,228,-486,-201,2077,70,300,1,1,1,15,3,1,1,0,0,0,5,21658,8129,30688,1381947,0,1742,134901,3681704,5217095,0,0,0,997,1000,1399,1400,7321215,58830,35298,65535,17539,17539,1,2001
MPCTASK: EXP,3,392,19597,50,-343,214,-97,408,-41,-753,661,510,493,-797,228,-158,27,228,-493,-212,2108,70,300,1,1,1,15,3,1,1,0,0,0,5,23889,9572,33933,1627138,0,39851,23280,4061024,5768592,0,0,0,997,1000,1399,1400,7321215,61729,37037,65535,17642,17642,1,2001
MPCTASK: EXP,3,394,19699,24,-285,210,-245,551,-33,-616,594,511,461,-653,228,-214,130,228,-496,-213,1981,70,300,1,1,1,15,3,1,1,0,0,0,5,23014,11327,35539,1924660,0,2080,157529,3912389,6041768,0,0,0,997,1000,1399,1400,7321215,62701,37621,65535,17745,17745,1,2001
MPCTASK: EXP,3,396,19793,-16,-236,208,-369,609,-14,-428,398,513,382,-492,228,-254,187,228,-494,-227,2010,70,300,1,1,1,15,3,1,1,0,0,0,5,18822,9626,29224,1636275,0,1742,112069,3199644,4968105,0,0,0,996,1000,1399,1400,7321215,64117,38470,65535,17838,17838,1,2001
MPCTASK: EXP,3,398,19898,-67,-184,209,-450,641,-3,-394,154,503,266,-318,228,-280,252,228,-491,-189,1634,70,300,1,1,1,15,3,1,1,0,0,0,5,21652,10233,33881,1739472,0,1742,221382,3680736,5759863,0,0,0,995,1000,1399,1400,7321215,56144,33686,65535,17944,17944,1,2001
MPCTASK: EXP,3,400,20000,-113,-125,208,-478,671,2,-206,29,353,123,-135,228,-276,302,228,-491,-191,1581,70,300,1,1,1,15,3,1,1,0,0,0,5,23117,11345,36078,1928651,0,175841,24261,3929964,6133315,0,0,0,994,1000,1399,1400,7321215,59831,35899,65535,18046,18046,1,2001
MPCTASK: EXP,3,402,20099,-167,-62,209,-476,685,33,-136,-205,124,-33,51,228,-275,358,228,-490,-234,2165,70,300,1,1,1,15,3,1,1,0,0,0,5,22484,10282,33935,1747855,0,1742,179957,3822168,5769091,0,0,0,993,1000,1399,1400,7321215,58359,35015,65535,18145,18145,1,2001
MPCTASK: EXP,3,404,20198,-209,-11,216,-403,653,70,-153,-597,-66,-187,237,228,-220,391,228,-483,-250,2011,70,300,1,1,1,15,3,1,1,0,0,0,5,20126,12776,33148,2171735,0,1742,23108,3421344,5635269,0,0,0,992,1000,1399,1400,7321215,53228,31937,65535,18244,18244,1,2001
MPCTASK: EXP,3,406,20299,-238,50,222,-271,672,58,-239,-740,-141,-323,418,228,-160,447,228,-477,-220,1927,70,300,1,1,1,15,3,1,1,0,0,0,5,22371,10130,34491,1722088,0,1742,248013,3803069,5863584,0,0,0,993,1000,1399,1400,7321215,56802,34081,65535,18346,18346,1,2001
MPCTASK: EXP,3,408,20399,-246,108,225,-98,673,21,-200,-894,-151,-428,589,228,-77,487,228,-474,-203,2134,69,300,1,1,1,15,3,1,1,0,0,0,5,23924,9585,35066,1629350,0,41329,24650,4066976,5961205,0,0,0,994,1000,1399,1400,7321215,57955,34773,65535,18446,18446,1,2001
MPCTASK: EXP,3,410,20500,-244,168,228,69,676,15,-127,-916,-122,-493,747,228,-3,516,228,-471,-207,2230,69,300,1,1,1,15,3,1,1,0,0,0,5,22788,12213,35492,2076120,0,1742,65367,3873788,6033679,0,0,0,995,1000,1399,1400,7321215,58311,34987,65535,18548,18548,1,2001
MPCTASK: EXP,3,412,20600,-223,219,229,244,638,9,-23,-887,-42,-510,887,228,70,521,228,-470,-221,2304,69,300,1,1,1,15,3,1,1,0,0,0,5,22199,11949,35083,2031249,0,1742,87437,3773720,5964161,0,0,0,996,1000,1399,1400,7321215,58745,35247,65535,18647,18647,1,2001
MPCTASK: EXP,3,414,20700,-179,277,230,421,620,8,84,-743,19,-477,1005,228,146,534,228,-469,-273,2279,69,300,1,1,1,15,3,1,1,0,0,0,5,23702,11968,35920,2034467,0,1742,23380,4029332,6106383,0,0,0,997,1000,1399,1400,7321215,59590,35754,65535,18748,18748,1,2001
MPCTASK: EXP,3,416,20800,-123,336,230,552,586,12,241,-462,128,-399,1100,228,194,537,228,-469,-276,2177,69,300,1,1,1,15,3,1,1,0,0,0,5,21800,13331,36086,2266060,0,1927,77394,3706060,6134723,0,0,0,998,1000,1399,1400,7321215,60392,36235,65535,18848,18848,1,2001
MPCTASK: EXP,3,418,20901,-66,377,232,608,493,17,374,-177,225,-283,1168,228,213,509,228,-467,-206,1867,69,300,1,1,1,15,3,1,1,0,0,0,5,25491,9595,36093,1630960,0,1743,152907,4333417,6135867,0,0,0,998,1000,1399,1400,7321215,58451,35071,65535,18949,18949,1,2001
MPCTASK: EXP,3,420,20997,-11,420,232,605,419,5,416,64,240,-139,1209,228,208,489,228,-467,-207,1884,69,300,1,1,1,15,3,1,1,0,0,0,5,19972,12077,32878,2053032,0,1900,121893,3395208,5589433,0,0,0,998,1000,1399,1400,7321215,59021,35413,65535,19046,19046,1,2001
MPCTASK: EXP,3,422,21097,44,451,236,570,318,20,543,354,235,16,1220,228,187,447,228,-463,-204,1832,69,300,1,1,1,15,3,1,1,0,0,0,5,20585,11973,32949,2035370,0,1742,47856,3499336,5601363,0,0,0,998,1000,1399,1400,7321215,57906,34744,65535,19146,19146,1,2001
MPCTASK: EXP,3,424,21197,108,487,239,522,246,11,567,563,207,170,1202,228,174,422,228,-460,-250,2195,69,300,1,1,1,15,3,1,1,0,0,0,5,21459,10152,32582,1725816,0,1743,101609,3647989,5538913,0,0,0,998,1000,1399,1400,7321215,58303,34982,65535,19246,19246,1,2001
MPCTASK: EXP,3,426,21301,150,499,241,397,118,-8,656,814,178,306,1155,228,120,359,228,-460,-190,2020,69,300,1,1,1,15,3,1,1,0,0,0,5,24182,10400,35817,1768009,0,1742,191500,4110941,6089008,0,0,0,998,1000,1399,1400,7321215,58407,35044,65535,19350,19350,1,2001
MPCTASK: EXP,3,428,21396,178,505,240,245,0,-26,699,916,142,411,1081,228,64,296,228,-464,-194,2279,69,300,1,1,1,15,3,1,1,0,0,0,5,23075,8058,31474,1369909,0,1742,39318,3922616,5350645,0,0,0,997,1000,1399,1400,7321215,57211,34327,65535,19446,19446,1,2001
MPCTASK: EXP,3,430,21502,191,494,237,74,-138,-30,708,988,80,475,981,228,0,218,228,-468,-219,2433,69,300,1,1,1,15,3,1,1,0,0,0,5,24763,12543,37882,2132143,0,1743,23269,4209760,6440103,0,0,0,997,1000,1399,1400,7321215,57835,34701,65535,19552,19552,1,2001
MPCTASK: EXP,3,432,21595,173,483,233,-127,-241,-33,684,926,23,491,857,228,-77,154,228,-473,-255,2386,69,300,1,1,1,15,3,1,1,0,0,0,5,20861,9185,31319,1561386,0,44893,24266,3546366,5324360,0,0,0,997,1000,1399,1400,7321215,50488,30293,65535,19645,19645,1,2001
MPCTASK: EXP,3,434,21698,152,444,228,-291,-386,-8,702,804,-123,459,713,228,-129,55,228,-472,-316,2280,69,300,1,1,1,15,3,1,1,0,0,0,5,24160,8867,33473,1507343,0,1919,23935,4107120,5690511,0,0,0,996,1000,1399,1400,7321215,56190,33714,65535,19749,19749,1,2001
MPCTASK: EXP,3,436,21797,134,385,230,-377,-537,23,680,537,-257,380,552,228,-138,-55,228,-469,-177,1656,69,300,1,1,1,15,3,1,1,0,0,0,5,20275,10005,32147,1700630,0,1742,299346,3446661,5465201,0,0,0,995,1000,1399,1400,7321215,52686,31612,65535,19847,19847,1,2001
MPCTASK: EXP,3,438,21895,94,324,234,-465,-643,36,529,401,-317,264,378,228,-160,-141,228,-465,-213,1850,69,300,1,1,1,15,3,1,1,0,0,0,5,21894,8183,30780,1391145,0,1742,59999,3721946,5232736,0,0,0,993,1000,1399,1400,7321215,51990,31194,65535,19946,19946,1,2001
MPCTASK: EXP,3,440,22001,57,272,240,-487,-687,42,416,200,-368,121,195,228,-155,-194,228,-459,-166,1470,69,300,1,1,1,15,3,1,1,0,0,0,5,21855,14102,36653,2397183,0,2137,24259,3715229,6231004,0,0,0,991,1000,1399,1400,7321215,52078,31247,65535,20052,20052,1,2001
MPCTASK: EXP,3,442,22099,14,207,244,-490,-734,29,380,-48,-425,-32,6,228,-136,-262,228,-455,-204,1866,69,300,1,1,1,15,3,1,1,0,0,0,5,21968,10332,33926,1756304,0,1742,217202,3734544,5767429,0,0,0,990,1000,1399,1400,7321215,52161,31297,65535,20150,20150,1,2001
MPCTASK: EXP,3,444,22199,-19,150,246,-431,-745,3,299,-331,-457,-184,-182,228,-94,-303,228,-453,-153,1482,69,300,1,1,1,15,3,1,1,0,0,0,5,21536,12132,34681,2062366,0,1743,129577,3660880,5895870,0,0,0,992,1000,1399,1400,7321215,50625,30375,65535,20251,20251,1,2001
MPCTASK: EXP,3,446,22298,-52,87,249,-350,-759,10,162,-472,-490,-317,-366,228,-60,-336,228,-450,-161,1549,69,300,1,1,1,15,3,1,1,0,0,0,5,23967,9123,33717,1550929,0,1742,87686,4074200,5731975,0,0,0,993,1000,1399,1400,7321215,51348,30809,65535,20350,20350,1,2001
MPCTASK: EXP,3,448,22397,-68,25,250,-239,-768,-6,200,-606,-584,-419,-542,228,-15,-374,228,-450,-154,1610,69,300,1,1,1,15,3,1,1,0,0,0,5,19843,11102,32715,1887227,0,1743,246457,3373336,5561607,0,0,0,995,1000,1399,1400,7321215,49319,29591,65535,20449,20449,1,2001
MPCTASK: EXP,3,450,22500,-79,-47,249,-119,-775,-49,-12,-640,-559,-480,-704,228,22,-397,228,-460,-158,1853,69,300,1,1,1,15,3,1,1,0,0,0,5,25382,8991,34977,1528442,0,1742,34838,4314856,5946224,0,0,0,996,1000,1399,1400,7321215,53109,31865,65535,20552,20552,1,2001
MPCTASK: EXP,3,452,22597,-83,-118,241,-7,-762,-96,-46,-606,-533,-494,-847,228,44,-419,228,-477,-178,2187,69,300,1,1,1,15,3,1,1,0,0,0,5,20232,12064,33075,2050755,0,1742,113475,3439352,5622821,0,0,0,997,1000,1399,1400,7321215,54378,32627,65535,20650,20650,1,2001
MPCTASK: EXP,3,454,22697,-81,-195,232,98,-748,-64,-419,-549,-460,-461,-967,228,58,-398,228,-480,-120,1698,69,300,1,1,1,15,3,1,1,0,0,0,5,24585,7405,32537,1258764,0,1742,74063,4179300,5531376,0,0,0,997,1000,1399,1400,7321215,60211,36127,65535,20750,20750,1,2001
MPCTASK: EXP,3,456,22796,-74,-266,229,179,-641,-17,-776,-504,-192,-386,-1058,228,56,-367,228,-473,-326,2248,69,300,1,1,1,15,3,1,1,0,0,0,5,19941,11375,32410,1933730,0,1742,167175,3389901,5509669,0,0,0,998,1000,1399,1400,7321215,57180,34308,65535,20850,20850,1,2001
MPCTASK: EXP,3,458,22897,-59,-320,230,234,-482,-19,-949,-315,91,-279,-1116,228,41,-324,228,-473,-377,2296,69,300,1,1,1,15,3,1,1,0,0,0,5,21909,9410,32056,1599611,0,1742,87495,3724424,5449644,0,0,0,998,1000,1399,1400,7321215,60674,36404,65535,20950,20950,1,2001
MPCTASK: EXP,3,460,22999,-43,-354,228,240,-309,-32,-920,-98,352,-154,-1135,228,10,-270,228,-478,-362,2299,69,300,1,1,1,15,3,1,1,0,0,0,5,22289,11533,34674,1960601,0,1742,23108,3788988,5894726,0,0,0,998,1000,1399,1400,7321215,65535,39321,65535,21053,21053,1,2001
MPCTASK: EXP,3,462,23095,-30,-370,224,206,-117,-48,-994,-22,533,-25,-1114,228,-9,-217,228,-485,-319,2422,70,300,1,1,1,15,3,1,1,0,0,0,5,21376,8655,30887,1471291,0,64838,23108,3633849,5250855,0,0,0,997,1000,1399,1400,7321215,59935,35961,65535,21149,21149,1,2001
MPCTASK: EXP,3,464,23198,-25,-367,214,147,74,-63,-1008,122,602,89,-1051,228,-30,-168,228,-498,-276,2530,70,300,1,1,1,15,3,1,1,0,0,0,5,22083,10740,33584,1825749,0,1742,109722,3753897,5709220,0,0,0,997,1000,1399,1400,7321215,60510,36306,65535,21252,21252,1,2001
MPCTASK: EXP,3,466,23303,-26,-339,208,70,276,-38,-852,191,576,176,-947,228,-56,-108,228,-499,-347,2330,70,300,1,1,1,15,3,1,1,0,0,0,5,28268,9648,38426,1640199,0,1742,23108,4805508,6532671,0,0,0,997,1000,1399,1400,7321215,59825,35895,65535,21358,21358,1,2001
MPCTASK: EXP,3,468,23398,-33,-297,203,-4,419,-37,-521,256,498,227,-807,228,-73,-82,228,-503,-292,2232,70,300,1,1,1,15,3,1,1,0,0,0,5,21155,11923,33322,2026884,0,1742,23108,3596153,5664683,0,0,0,997,1000,1399,1400,7321215,64823,38894,65535,21452,21452,1,2001
MPCTASK: EXP,3,470,23498,-46,-241,199,-77,504,-11,-160,115,563,236,-641,228,-59,-59,228,-502,-227,2004,70,300,1,1,1,15,3,1,1,0,0,0,5,23452,10114,33920,1719413,0,1897,41345,3986772,5766494,0,0,0,996,1000,1399,1400,7321215,65535,39321,65535,21553,21553,1,2001
MPCTASK: EXP,3,472,23596,-61,-189,198,-99,486,-4,487,-31,491,207,-462,228,-45,-92,228,-502,-285,2233,71,300,1,1,1,15,3,1,1,0,0,0,5,19675,9651,31512,1640509,0,1776,216120,3344593,5357167,0,0,0,996,1000,1399,1400,7321215,63623,38174,65535,21652,21652,1,2001
MPCTASK: EXP,3,474,23697,-74,-145,200,-78,391,5,700,-228,359,152,-289,229,-28,-99,229,-499,-215,1904,70,300,1,1,1,15,3,1,1,0,0,0,5,22701,9063,32089,1540652,0,1742,23108,3859181,5455222,0,0,0,995,1000,1399,1400,7321215,59346,35608,65535,21752,21752,1,2001
MPCTASK: EXP,3,476,23803,-80,-127,202,-28,228,23,741,-310,410,87,-141,229,-24,-117,229,-497,-254,2170,70,300,1,1,1,15,3,1,1,0,0,0,5,24173,13198,38415,2243434,0,1742,159792,4109344,6530550,0,0,0,993,1000,1399,1400,7321215,60913,36548,65535,21859,21859,1,2001
MPCTASK: EXP,3,478,23898,-85,-120,204,18,70,17,745,-303,316,31,-36,228,-51,-119,228,-495,-314,2285,70,300,1,1,1,15,3,1,1,0,0,0,5,24145,9191,34136,1562482,0,46207,25530,4104696,5803109,0,0,0,992,1000,1399,1400,7321215,60529,36317,65535,21954,21954,1,2001
MPCTASK: EXP,3,480,24001,-82,-134,206,65,-87,43,433,-278,138,0,16,228,-54,-130,228,-493,-292,2180,70,300,1,1,1,15,3,1,1,0,0,0,5,22593,12350,35971,2099383,0,1748,157197,3840733,6115283,0,0,0,992,1000,1399,1400,7321215,51676,31006,65535,22057,22057,1,2001
MPCTASK: EXP,3,482,24100,-76,-160,211,89,-174,92,-56,-85,-32,-8,28,228,-30,-183,228,-488,-184,1600,70,300,1,1,1,15,3,1,1,0,0,0,5,24966,9965,35171,1693951,0,1742,23108,4244066,5979057,0,0,0,991,1000,1399,1400,7321215,58179,34907,65535,22156,22156,1,2001
MPCTASK: TRAJ DONE: idx=482, max=482; requesting landing
MPCTASK: LANDING: start z=0.21, hold=(-0.07,-0.17)
MPCTASK: TIMING SUMMARY: max_step_cycles=7321215 deadline_cycles=8400000 overruns=0
MPCTASK: MOTOR FAULT SUMMARY: model=multiplicative_step schedule_onset=2000ms active=1 actual_onset=2001ms global=100 fault=M1 index=0 retained=60 equiv_fullscale_pwm=39321 samples=22211 affected=22211 peak_req=65535 last_req=51533 last_app=30920
MPCTASK: LANDING COMPLETE: t=28092 ms, x=-0.120, y=-0.165, z=0.008, vz=-0.098; motors off
SUP: Disarming
