---
SYS: Crazyflie 2.1 Brushless is up and running!
SYS: Build 2:de14ff9f08ae (2025.09.1 +2) MODIFIED
SYS: I am 0x373930393434471500370039 and I have 1024KB of flash!
CFGBLK: v1, verification [OK]
DECK_DISCOVERY: Backend found: onewire
DECK_DISCOVERY: Backend found: deckctrl
DECK_CORE: 1 deck(s) found
DECK_CORE: Calling INIT on driver bcFlow2 for deck 0
ZR2: Z-down sensor [OK]
PMW: Motion chip id: 0x49:0xB6
IMU: BMI088: Using I2C interface.
IMU: BMI088 Gyro connection [OK].
IMU: BMI088 Accel connection [OK]
IMU: BMP390 I2C connection [OK]
ESTIMATOR: Using Kalman (2) estimator
CONTROLLER: Using PID (1) controller
MTR-DRV: Using brushless motor driver
SYS: About to run tests in system.c.
SYS: NRF51 version: 2026.04 (C21B)
EEPROM: I2C connection [OK].
STORAGE: Storage check [OK].
IMU: BMI088 gyro self-test [OK]
DECK_CORE: Deck 0 test [OK].
SYS: Self test passed!
STAB: Wait for sensor calibration...
SYS: Free heap: 15048 bytes
MPCTASK: Benchmark mode 1, maneuver 4, max_iter 5, task_pri 0
MPCTASK: Reference altitude: 0.70 m; barrier skip when z>0.75 and vz>-0.20
MPCTASK: OOT takeoff: cfclient trigger>=0.15m ramp=0.15m/s figure8_start=2000ms_after_OOT_takeoff no_z_vz_settle target=0.70m timeout=12000ms
MPCTASK: Common baseline: mpc_hz=20 model_hz=20 rho=5 base_w=0 base_qz=1 Qz=100 R=4 bridge=x10 guards=z[ref,ref+0.20] xy=free cap=0.05
MPCTASK: MPC->PID: xyz=x10, z_guard=[ref,ref+0.20], yaw=raw_rz, output_hold=200ms, safety_hold=500ms
MPCTASK: Motor fault schedule: model=multiplicative_step pre_onset=100% onset=2000ms_after_TRAJ_START global=100% fault=M1(index=0) retained=60% equiv_fullscale_pwm=39321 ramp=none placement=post_mixer_post_battery model_bounds=unchanged
MPCTASK: Reference origin: xyz=measured_at_forced_timed_start nominal_takeoff_target=0.70 m
MPCTASK: Fixed baseline: w=0 qz=1 adaptive_cache=off
MPCTASK: MPC-CBF analytic LTV rows: always_on=1 horizon=20 gate=off floor_z=0.70 margin=0
MPCTASK: EXP every=2: m,s,tms,p3[mm],v3[mmps],att3[cdeg],ref3[mm],cmd3[mm],h/raw/grad/mar/thr[milli],act/ac/bind,wi/qi/cache/noa,pa/pf/du[milli],it,mpc/eval/total[us],bar/tanh/rl/cache/solve/step[cycles],overruns,post_active/post_infeasible_totals,wreq/w/qzreq/qz[milli],max_step_cycles,M1_req/app/peak[pwm],M1_derated/samples,fault_on/onset_ms
MPCTASK: Figure8: source=traj_fig8_12.h source_hz=100 samples=1205 passes=2 cycles=6 lobes=12 duration=24.07 s origin=forced_timed_start start_delay=2000ms z_baseline=measured_at_start feedforward=U_ref_data
MPCTASK: Waiting for activation ...
STAB: Starting stabilizer loop
ESTKALMAN: State out of bounds, resetting
STAB: WARNING: stabilizer loop rate is off (1004)
CONTROLLER: Using OutOfTree (6) controller
MPCTASK: Trajectory origin: x=0.0 y=0.09 z=0.01
MPCTASK: OOT activated at z=0.01
SUP: Ready to fly
MPCTASK: TAKEOFF START: trigger_z=0.15 start_z=0.01 target=0.70 hold=(0.0,0.15) ramp=0.15m/s
MPCTASK: OOT loop 1 done
MPCTASK: MPC task loop 1
MPCTASK: x0: pos=(0.0,0.15,MPCTASK: OOT loop 2 done
0.01) vel=(0.0,0.04,-0.0)
MPCTASK: ref: (0.0,0.15,0.01)
MPCTASK: OOT loop 3 done
MPCTASK: SAFE TV mode=1: h=-0.683 raw=0.016 grad=1.019 margin=0.0 thr=0.0 active0=1 active_count=20 eval=0 us
MPCTASK: Cache level changed: 0 -> 1
MPCTASK: MPC solve start
MPCTASK: MPC solve done, iter=5
MPCTASK: MPC time=26873 us
MPCTASK: MPC stack free=1119 words
MPCTASK: setpoint: x=0.0 y=0.15 z=0.08 preview_z=0.08
MPCTASK: MPC task loop 2
MPCTASK: MPC task loop 3
MPCTASK: TAKEOFF COMPLETE: forced_start t=2000ms z=0.40 vz=0.26; trajectory queued origin=(-0.02,0.07,0.40) no_z_vz_gate
MPCTASK: TRAJ START: z=0.40 origin=(-0.02,0.07,0.40) EXP clock reset; Z metric begins at t+3s
MPCTASK: EXP,1,2,75,-25,69,418,53,52,244,-738,8,585,-26,73,402,-71,449,598,-281,418,1000,0,0,1,20,20,0,0,0,0,0,0,0,5,24215,0,24624,0,0,0,0,4116427,4186184,0,0,0,0,0,1000,1000,4275525,35012,35012,57876,0,76,0,0
MPCTASK: EXP,1,4,170,-32,80,447,-2,236,322,-1338,106,585,-37,92,402,-50,557,602,-252,447,1000,0,0,1,20,20,0,0,0,0,0,0,0,5,19984,0,20171,0,0,0,0,3397155,3429242,0,0,0,0,0,1000,1000,4275525,47724,47724,57876,0,171,0,0
MPCTASK: EXP,1,6,273,-45,113,486,-63,477,364,-1424,31,630,-72,159,402,-21,644,602,-213,486,1000,0,0,1,20,20,0,0,0,0,0,0,0,5,22504,0,23067,0,0,0,0,3825539,3921483,0,0,0,0,0,1000,1000,4275525,44450,44450,57876,0,274,0,0
MPCTASK: EXP,1,8,374,-70,168,516,-115,682,330,-1282,-174,661,-125,278,402,9,720,602,-183,516,1000,0,0,1,20,20,0,0,0,0,0,0,0,5,23175,0,23752,0,0,0,0,3939683,4037945,0,0,0,0,0,1000,1000,4275525,47889,47889,57876,0,375,0,0
MPCTASK: EXP,1,10,479,-97,244,546,-100,864,335,-791,-459,635,-179,437,402,46,782,602,-153,546,1000,0,0,1,20,20,0,0,0,0,0,0,0,5,27272,0,27844,0,0,0,0,4636132,4733701,0,0,0,0,0,1000,1000,4733701,38062,38062,57876,0,480,0,0
MPCTASK: EXP,1,12,579,-124,329,581,-56,960,378,-327,-534,258,-218,616,402,75,814,602,-118,581,1000,0,0,1,20,20,0,0,0,0,0,0,0,5,28056,0,28243,0,0,0,0,4769327,4801287,0,0,0,0,0,1000,1000,4801287,25558,25558,57876,0,580,0,0
MPCTASK: EXP,1,14,679,-126,420,619,46,983,294,-19,-899,-207,-225,795,402,138,830,602,-80,619,1000,0,0,1,20,20,0,0,0,0,0,0,0,5,28764,0,28950,0,0,0,0,4889887,4921523,0,0,0,0,0,1000,1000,4921523,22674,22674,57876,0,681,0,0
MPCTASK: EXP,1,16,774,-117,493,648,183,941,218,26,-1040,-534,-194,956,402,177,834,602,-51,648,1000,0,0,1,20,20,0,0,0,0,0,0,0,5,24154,0,24645,0,0,0,0,4106079,4189680,0,0,0,0,0,1000,1000,4921523,35628,35628,57876,0,777,0,0
MPCTASK: EXP,1,18,876,-108,561,665,309,849,49,512,-1295,-805,-125,1084,402,209,789,602,-34,665,1000,0,0,1,20,20,0,0,0,0,0,0,0,5,24508,0,24904,0,0,0,0,4166388,4233922,0,0,0,0,0,1000,1000,4921523,25397,25397,57876,0,878,0,0
MPCTASK: EXP,1,20,978,-72,631,669,483,725,-23,619,-1137,-925,-25,1173,402,238,745,602,-35,664,1019,0,0,1,20,20,0,0,0,0,0,0,0,5,26989,0,27177,0,0,0,0,4587975,4620195,0,0,0,0,0,1000,1000,4921523,33919,33919,57876,0,980,0,0
MPCTASK: EXP,1,22,1073,-45,657,661,592,518,-72,841,-851,-893,93,1219,402,221,649,602,-52,647,1019,0,0,1,20,20,0,0,0,0,0,0,0,5,22539,0,22724,0,0,0,0,3831456,3863089,0,0,0,0,0,1000,1000,4921523,37065,37065,57876,0,1076,0,0
MPCTASK: EXP,1,24,1174,26,685,649,692,319,-72,1020,-390,-857,216,1221,402,220,555,602,-64,635,1019,0,0,1,20,20,0,0,0,0,0,0,0,5,23519,0,23984,0,0,0,0,3998263,4077383,0,0,0,0,0,1000,1000,4921523,35754,35754,57876,0,1177,0,0
MPCTASK: EXP,1,26,1274,78,685,641,664,85,-25,1167,210,-808,325,1182,402,162,435,602,-63,636,1019,0,0,1,20,20,0,0,0,0,0,0,0,5,22867,0,23056,0,0,0,0,3887359,3919503,0,0,0,0,0,1000,1000,4921523,38360,38360,57876,0,1277,0,0
MPCTASK: EXP,1,28,1374,138,675,641,557,-133,17,1230,649,-742,408,1106,402,105,318,602,-58,641,1000,0,0,1,20,20,0,0,0,0,0,0,0,5,23226,0,23413,0,0,0,0,3948240,3980211,0,0,0,0,0,1000,1000,4921523,31231,31231,57876,0,1377,0,0
MPCTASK: EXP,1,30,1476,183,647,648,381,-335,41,1278,1048,-759,452,998,402,29,192,602,-51,648,1000,0,0,1,20,20,0,0,0,0,0,0,0,5,25610,0,26029,0,0,0,0,4353747,4425134,0,0,0,0,0,1000,1000,4921523,33516,33516,57876,0,1480,0,0
MPCTASK: EXP,1,32,1573,203,586,657,151,-554,47,1202,1200,-737,452,863,402,-52,49,602,-42,657,1000,0,0,1,20,20,0,0,0,0,0,0,0,5,21811,0,22137,0,0,0,0,3707707,3763327,0,0,0,0,0,1000,1000,4921523,27877,27877,57876,0,1577,0,0
MPCTASK: EXP,1,34,1676,213,518,662,-78,-724,23,1014,1308,-788,404,707,402,-120,-72,602,-37,662,1000,0,0,1,20,20,0,0,0,0,0,0,0,5,25087,0,25274,0,0,0,0,4264743,4296728,0,0,0,0,0,1000,1000,4921523,26211,26211,57876,0,1680,0,0
MPCTASK: EXP,1,36,1774,198,422,664,-305,-883,-3,1075,1153,-865,314,535,402,-179,-228,602,-36,663,1019,0,0,1,20,20,0,0,0,0,0,0,0,5,23878,0,24065,0,0,0,0,4059232,4091227,0,0,0,0,0,1000,1000,4921523,22107,22107,57876,0,1779,0,0
MPCTASK: EXP,1,38,1877,145,344,664,-538,-994,0,694,1092,-866,189,353,402,-246,-318,602,-36,663,1019,0,0,1,20,20,0,0,0,0,0,0,0,5,26378,0,26564,0,0,0,0,4484208,4515873,0,0,0,0,0,1000,1000,4921523,26713,26713,57876,0,1881,0,0
MPCTASK: EXP,1,40,1976,54,317,665,-733,-976,31,289,690,-791,41,164,402,-302,-330,602,-34,665,1000,0,0,1,20,20,0,0,0,0,0,0,0,5,24511,0,24838,0,0,0,0,4166919,4222559,0,0,0,0,0,1000,1000,4921523,28987,28987,57876,0,1981,0,0
MPCTASK: MOTOR FAULT ON: t=2000ms after_TRAJ_START model=multiplicative_step fault=M1(index=0) retained=60% equiv_fullscale_pwm=39321 ramp=none
MPCTASK: EXP,1,42,2079,-32,232,665,-813,-990,-9,275,87,-631,-113,-24,402,-301,-422,602,-36,663,1019,0,0,1,20,20,0,0,0,0,0,0,0,5,27618,0,28238,0,0,0,0,4694847,4800497,0,0,0,0,0,1000,1000,4921523,56745,34047,65535,78,78,1,2000
MPCTASK: EXP,1,44,2174,-129,146,668,-790,-1044,-128,692,-946,-60,-260,-211,402,-256,-518,602,-57,642,1019,0,0,1,20,20,0,0,0,0,0,0,0,5,23894,0,24082,0,0,0,0,4061900,4093892,0,0,0,0,0,1000,1000,4921523,52369,31421,65535,174,174,1,2000
MPCTASK: EXP,1,46,2275,-190,49,657,-590,-1114,-182,733,-1437,318,-385,-389,402,-166,-619,602,-79,620,1019,0,0,1,20,20,0,0,0,0,0,0,0,5,24021,0,25068,0,0,0,0,4083515,4261663,0,0,0,0,0,1000,1000,4921523,61019,36611,65535,275,275,1,2000
MPCTASK: EXP,1,48,2374,-225,-54,642,-307,-1204,-210,626,-1737,607,-475,-555,402,-54,-688,602,-99,600,1019,0,0,1,20,20,0,0,0,0,0,0,0,5,22941,0,23270,0,0,0,0,3899831,3955996,0,0,0,0,0,1000,1000,4921523,63376,38026,65535,374,374,1,2000
MPCTASK: EXP,1,50,2475,-216,-139,615,32,-1213,-258,470,-1775,856,-521,-706,402,84,-721,602,-136,563,1019,0,0,1,20,20,0,0,0,0,0,0,0,5,23891,0,24078,0,0,0,0,4061363,4093352,0,0,0,0,0,1000,1000,4921523,65535,39321,65535,476,476,1,2000
MPCTASK: EXP,1,52,2575,-175,-250,583,368,-1189,-302,110,-1720,1107,-519,-837,402,225,-754,602,-176,523,1019,0,0,1,20,20,0,0,0,0,0,0,0,5,24110,0,24297,0,0,0,0,4098627,4130632,0,0,0,0,0,1000,1000,4921523,65535,39321,65535,576,576,1,2000
MPCTASK: EXP,1,54,2675,-115,-326,541,655,-1093,-372,-52,-1457,1167,-468,-946,402,332,-742,602,-232,467,1019,0,0,1,20,20,0,0,0,0,0,0,0,5,23991,0,24176,0,0,0,0,4078407,4110094,0,0,0,0,0,1000,1000,4921523,65535,39321,65535,676,676,1,2000
MPCTASK: EXP,1,56,2774,-5,-371,496,921,-942,-342,-328,-978,1095,-374,-1030,402,445,-683,602,-271,428,1019,0,0,1,20,20,0,0,0,0,0,0,0,5,22269,0,22596,0,0,0,0,3785735,3841381,0,0,0,0,0,1000,1000,4921523,65535,39321,65535,775,775,1,2000
MPCTASK: EXP,1,58,2879,92,-397,464,1043,-751,-191,-545,-342,982,-246,-1087,402,487,-600,602,-273,426,1019,0,0,1,20,20,0,0,0,0,0,0,0,5,26830,0,27015,0,0,0,0,4560912,4592590,0,0,0,0,0,1000,1000,4921523,65535,39321,65535,880,880,1,2000
MPCTASK: EXP,1,60,2975,207,-421,456,1052,-560,46,-701,220,869,-95,-1116,402,506,-513,602,-243,456,1000,0,0,1,20,20,0,0,0,0,0,0,0,5,23219,0,23407,0,0,0,0,3947283,3979300,0,0,0,0,0,1000,1000,4921523,62055,37233,65535,976,976,1,2000
MPCTASK: EXP,1,62,3078,294,-429,477,914,-360,259,-848,748,774,60,-1115,402,457,-410,602,-222,477,1000,0,0,1,20,20,0,0,0,0,0,0,0,5,26610,0,27117,0,0,0,0,4523647,4609984,0,0,0,0,0,1000,1000,4921523,53934,32360,65535,1080,1080,1,2000
MPCTASK: EXP,1,64,3176,384,-427,512,730,-174,330,-963,1177,684,209,-1085,402,397,-300,602,-187,512,1000,0,0,1,20,20,0,0,0,0,0,0,0,5,23973,0,24299,0,0,0,0,4075275,4130936,0,0,0,0,0,1000,1000,4921523,48725,29235,65535,1178,1178,1,2000
MPCTASK: EXP,1,66,3275,430,-425,547,470,-11,293,-1057,1484,575,335,-1027,402,295,-198,602,-152,547,1000,0,0,1,20,20,0,0,0,0,0,0,0,5,23394,0,23579,0,0,0,0,3976823,4008505,0,0,0,0,0,1000,1000,4921523,52878,31727,65535,1278,1278,1,2000
MPCTASK: EXP,1,68,3375,460,-405,574,203,161,205,-1103,1622,477,425,-941,402,192,-83,602,-125,574,1000,0,0,1,20,20,0,0,0,0,0,0,0,5,23892,0,24080,0,0,0,0,4061647,4093644,0,0,0,0,0,1000,1000,4921523,53234,31940,65535,1378,1378,1,2000
MPCTASK: EXP,1,70,3476,463,-368,592,-81,343,132,-1088,1627,377,471,-831,402,82,38,602,-107,592,1000,0,0,1,20,20,0,0,0,0,0,0,0,5,25039,0,25588,0,0,0,0,4256515,4349996,0,0,0,0,0,1000,1000,4921523,54628,32777,65535,1480,1480,1,2000
MPCTASK: EXP,1,72,3576,434,-316,601,-364,521,69,-1005,1478,286,468,-698,402,-30,166,602,-98,601,1000,0,0,1,20,20,0,0,0,0,0,0,0,5,23586,0,24282,0,0,0,0,4009468,4128016,0,0,0,0,0,1000,1000,4921523,54987,32992,65535,1579,1579,1,2000
MPCTASK: EXP,1,74,3676,382,-249,605,-619,692,46,-915,1261,224,417,-547,402,-131,296,602,-94,605,1000,0,0,1,20,20,0,0,0,0,0,0,0,5,24435,0,24623,0,0,0,0,4153856,4185960,0,0,0,0,0,1000,1000,4921523,57447,34468,65535,1680,1680,1,2000
MPCTASK: EXP,1,76,3779,307,-165,609,-828,849,56,-786,931,181,322,-380,402,-215,426,602,-90,609,1000,0,0,1,20,20,0,0,0,0,0,0,0,5,27441,0,27628,0,0,0,0,4664943,4696945,0,0,0,0,0,1000,1000,4921523,61742,37045,65535,1783,1783,1,2000
MPCTASK: EXP,1,78,3878,230,-78,616,-944,964,88,-610,538,146,193,-202,402,-257,540,602,-83,616,1000,0,0,1,20,20,0,0,0,0,0,0,0,5,26380,0,27132,0,0,0,0,4484671,4612646,0,0,0,0,0,1000,1000,4921523,58611,35167,65535,1882,1882,1,2000
MPCTASK: EXP,1,80,3978,140,18,627,-999,1047,104,-430,175,107,43,-17,402,-281,644,602,-72,627,1000,0,0,1,20,20,0,0,0,0,0,0,0,5,25566,0,26354,0,0,0,0,4346076,4480144,0,0,0,0,0,1000,1000,4921523,57874,34724,65535,1983,1983,1,2000
MPCTASK: EXP,1,82,4076,62,109,641,-966,1078,108,-288,-146,126,-113,169,402,-267,726,602,-58,641,1000,0,0,1,20,20,0,0,0,0,0,0,0,5,22336,0,23245,0,0,0,0,3797096,3951704,0,0,0,0,0,1000,1000,4921523,57099,34259,65535,2080,2080,1,2000
MPCTASK: EXP,1,84,4178,-17,206,655,-899,1096,92,-147,-386,239,-262,353,402,-244,800,602,-44,655,1000,0,0,1,20,20,0,0,0,0,0,0,0,5,25836,0,26037,0,0,0,0,4392000,4426373,0,0,0,0,0,1000,1000,4921523,58080,34848,65535,2183,2183,1,2000
MPCTASK: EXP,1,86,4276,-49,285,668,-742,1056,55,83,-572,453,-387,531,402,-164,831,602,-31,668,1000,0,0,1,20,20,0,0,0,0,0,0,0,5,23098,0,23938,0,0,0,0,3926544,4069456,0,0,0,0,0,1000,1000,4921523,64370,38622,65535,2281,2281,1,2000
MPCTASK: EXP,1,88,4380,-105,381,677,-627,1023,83,165,-493,535,-477,697,402,-128,880,602,-22,677,1000,0,0,1,20,20,0,0,0,0,0,0,0,5,27464,0,27651,0,0,0,0,4668723,4700728,0,0,0,0,0,1000,1000,4921523,56599,33959,65535,2386,2386,1,2000
MPCTASK: EXP,1,90,4476,-111,429,685,-430,919,85,161,-815,507,-523,848,402,-27,872,602,-14,685,1000,0,0,1,20,20,0,0,0,0,0,0,0,5,23040,0,23384,0,0,0,0,3916731,3975323,0,0,0,0,0,1000,1000,4921523,44362,26617,65535,2482,2482,1,2000
MPCTASK: EXP,1,92,4580,-153,509,688,-303,895,-13,15,-951,209,-520,980,402,11,905,602,-13,686,1019,0,0,1,20,20,0,0,0,0,0,0,0,5,28046,0,28232,0,0,0,0,4767691,4799588,0,0,0,0,0,1000,1000,4921523,54341,32605,65535,2586,2586,1,2000
MPCTASK: EXP,1,94,4679,-134,605,689,-53,895,-36,152,-1302,-177,-469,1090,402,123,933,602,-18,681,1019,0,0,1,20,20,0,0,0,0,0,0,0,5,25747,0,26210,0,0,0,0,4376811,4455788,0,0,0,0,0,1000,1000,4921523,44722,26833,65535,2685,2685,1,2000
MPCTASK: EXP,1,96,4780,-103,672,685,204,825,-33,126,-1208,-555,-375,1174,402,199,926,602,-20,679,1019,0,0,1,20,20,0,0,0,0,0,0,0,5,26081,0,26269,0,0,0,0,4433699,4465701,0,0,0,0,0,1000,1000,4921523,43485,26091,65535,2786,2786,1,2000
MPCTASK: EXP,1,98,4878,-79,713,678,377,718,-51,166,-920,-780,-246,1231,402,226,882,602,-32,667,1019,0,0,1,20,20,0,0,0,0,0,0,0,5,24857,0,25042,0,0,0,0,4225599,4257278,0,0,0,0,0,1000,1000,4921523,46895,28137,65535,2885,2885,1,2000
MPCTASK: EXP,1,100,4981,-30,745,668,508,605,-78,322,-578,-697,-95,1260,402,239,819,602,-47,652,1019,0,0,1,20,20,0,0,0,0,0,0,0,5,27408,0,27594,0,0,0,0,4659147,4691147,0,0,0,0,0,1000,1000,4921523,47132,28279,65535,2988,2988,1,2000
MPCTASK: EXP,1,102,5079,4,760,662,542,455,-62,685,-317,-634,61,1260,402,217,717,602,-49,650,1019,0,0,1,20,20,0,0,0,0,0,0,0,5,25883,0,26068,0,0,0,0,4399935,4431728,0,0,0,0,0,1000,1000,4921523,41916,25150,65535,3086,3086,1,2000
MPCTASK: EXP,1,104,5181,58,775,660,554,291,-6,752,99,-690,209,1230,402,180,630,602,-41,658,1019,0,0,1,20,20,0,0,0,0,0,0,0,5,26766,0,27004,0,0,0,0,4550196,4590761,0,0,0,0,0,1000,1000,4921523,53198,31919,65535,3188,3188,1,2000
MPCTASK: EXP,1,106,5275,68,748,663,442,65,22,977,321,-532,335,1172,402,94,490,602,-36,663,1000,0,0,1,20,20,0,0,0,0,0,0,0,5,21224,0,21412,0,0,0,0,3608140,3640133,0,0,0,0,0,1000,1000,4921523,42700,25620,65535,3282,3282,1,2000
MPCTASK: EXP,1,108,5377,85,724,666,321,-114,10,898,617,-412,425,1086,402,11,372,602,-33,666,1000,0,0,1,20,20,0,0,0,0,0,0,0,5,23771,0,23958,0,0,0,0,4041011,4072993,0,0,0,0,0,1000,1000,4921523,46787,28072,65535,3385,3385,1,2000
MPCTASK: EXP,1,110,5478,94,690,671,165,-300,3,1033,830,-402,471,976,402,-79,247,602,-28,671,1000,0,0,1,20,20,0,0,0,0,0,0,0,5,24088,0,24412,0,0,0,0,4094803,4150123,0,0,0,0,0,1000,1000,4921523,41085,24651,65535,3486,3486,1,2000
MPCTASK: EXP,1,112,5582,76,643,673,-50,-474,-11,1088,1056,-368,468,843,402,-182,113,602,-29,670,1019,0,0,1,20,20,0,0,0,0,0,0,0,5,27844,0,28031,0,0,0,0,4733280,4765284,0,0,0,0,0,1000,1000,4921523,45978,27587,65535,3590,3590,1,2000
MPCTASK: EXP,1,114,5676,71,563,667,-226,-691,-37,1067,1076,-313,417,692,402,-249,-35,602,-39,660,1019,0,0,1,20,20,0,0,0,0,0,0,0,5,22914,0,23101,0,0,0,0,3895395,3927223,0,0,0,0,0,1000,1000,4953098,46050,27630,65535,3685,3685,1,2000
MPCTASK: EXP,1,116,5778,-17,548,663,-503,-772,-16,809,1005,-227,322,525,402,-371,-93,602,-40,659,1019,0,0,1,20,20,0,0,0,0,0,0,0,5,24900,0,25449,0,0,0,0,4232891,4326393,0,0,0,0,0,1000,1000,4953098,46912,28147,65535,3787,3787,1,2000
MPCTASK: EXP,1,118,5879,-117,474,655,-709,-917,-25,985,504,-229,193,347,402,-446,-222,602,-49,650,1019,0,0,1,20,20,0,0,0,0,0,0,0,5,24743,0,25270,0,0,0,0,4206235,4295940,0,0,0,0,0,1000,1000,4953098,45482,27289,65535,3888,3888,1,2000
MPCTASK: EXP,1,120,5979,-247,368,648,-836,-1068,-35,573,-36,-190,43,162,402,-505,-340,602,-58,641,1019,0,0,1,20,20,0,0,0,0,0,0,0,5,25851,0,26038,0,0,0,0,4394515,4426669,0,0,0,0,0,1000,1000,4953098,54757,32854,65535,3989,3989,1,2000
MPCTASK: EXP,1,122,6080,-343,258,646,-796,-1157,-30,346,-727,-109,-113,-24,402,-479,-441,602,-59,640,1019,0,0,1,20,20,0,0,0,0,0,0,0,5,26807,0,26993,0,0,0,0,4557243,4588922,0,0,0,0,0,1000,1000,4953098,58244,34946,65535,4090,4090,1,2000
MPCTASK: EXP,1,124,6178,-444,152,650,-671,-1173,-16,86,-1304,35,-262,-209,402,-434,-518,602,-52,647,1019,0,0,1,20,20,0,0,0,0,0,0,0,5,25139,0,25333,0,0,0,0,4273671,4306777,0,0,0,0,0,1000,1000,4953098,53197,31918,65535,4188,4188,1,2000
MPCTASK: EXP,1,126,6279,-503,49,658,-433,-1162,2,0,-1635,108,-387,-386,402,-342,-580,602,-41,658,1000,0,0,1,20,20,0,0,0,0,0,0,0,5,24518,0,24913,0,0,0,0,4168059,4235345,0,0,0,0,0,1000,1000,4953098,50793,30476,65535,4289,4289,1,2000
MPCTASK: EXP,1,128,6378,-524,-47,657,-146,-1120,-64,-103,-1746,68,-477,-553,402,-231,-627,602,-54,645,1019,0,0,1,20,20,0,0,0,0,0,0,0,5,24616,0,24803,0,0,0,0,4184623,4216621,0,0,0,0,0,1000,1000,4953098,54251,32551,65535,4389,4389,1,2000
MPCTASK: EXP,1,130,6479,-520,-144,645,147,-1081,-142,-69,-1734,77,-523,-704,402,-114,-672,602,-82,617,1019,0,0,1,20,20,0,0,0,0,0,0,0,5,25121,0,25584,0,0,0,0,4270603,4349362,0,0,0,0,0,1000,1000,4953098,57425,34455,65535,4490,4490,1,2000
MPCTASK: EXP,1,132,6580,-486,-229,620,453,-1036,-173,-27,-1567,106,-520,-836,402,5,-698,602,-114,585,1019,0,0,1,20,20,0,0,0,0,0,0,0,5,26195,0,26711,0,0,0,0,4453151,4540947,0,0,0,0,0,1000,1000,4953098,57858,34715,65535,4591,4591,1,2000
MPCTASK: EXP,1,134,6680,-416,-312,600,753,-984,-99,-164,-1313,153,-469,-945,402,130,-705,602,-119,580,1019,0,0,1,20,20,0,0,0,0,0,0,0,5,25855,0,26180,0,0,0,0,4395239,4450702,0,0,0,0,0,1000,1000,4953098,57184,34310,65535,4691,4691,1,2000
MPCTASK: EXP,1,136,6780,-334,-375,587,965,-884,-38,-319,-955,222,-375,-1029,402,220,-677,602,-119,580,1019,0,0,1,20,20,0,0,0,0,0,0,0,5,26810,0,27013,0,0,0,0,4557615,4592264,0,0,0,0,0,1000,1000,4953098,59137,35482,65535,4792,4792,1,2000
MPCTASK: EXP,1,138,6875,-227,-439,583,1110,-773,14,-529,-534,317,-246,-1087,402,287,-637,602,-116,583,1000,0,0,1,20,20,0,0,0,0,0,0,0,5,21900,0,22087,0,0,0,0,3723023,3755016,0,0,0,0,0,1000,1000,4953098,55192,33115,65535,4887,4887,1,2000
MPCTASK: EXP,1,140,6976,-118,-475,587,1155,-604,68,-731,-61,371,-95,-1115,402,315,-561,602,-112,587,1000,0,0,1,20,20,0,0,0,0,0,0,0,5,22735,0,23281,0,0,0,0,3864839,3957788,0,0,0,0,0,1000,1000,4953098,52302,31381,65535,4988,4988,1,2000
MPCTASK: EXP,1,142,7081,7,-507,602,1130,-432,102,-901,463,423,61,-1115,402,323,-480,602,-97,602,1000,0,0,1,20,20,0,0,0,0,0,0,0,5,24884,0,25504,0,0,0,0,4230336,4335878,0,0,0,0,0,1000,1000,4953098,51985,31191,65535,5093,5093,1,2000
MPCTASK: EXP,1,144,7182,108,-511,617,994,-234,97,-1044,952,432,209,-1085,402,281,-370,602,-82,617,1000,0,0,1,20,20,0,0,0,0,0,0,0,5,26085,0,26272,0,0,0,0,4434323,4466319,0,0,0,0,0,1000,1000,4953098,50557,30334,65535,5194,5194,1,2000
MPCTASK: EXP,1,146,7283,190,-513,628,788,-48,47,-1091,1307,406,335,-1027,402,216,-269,602,-71,628,1000,0,0,1,20,20,0,0,0,0,0,0,0,5,26945,0,27537,0,0,0,0,4580644,4681338,0,0,0,0,0,1000,1000,4953098,54181,32509,65535,5295,5295,1,2000
MPCTASK: EXP,1,148,7379,248,-497,631,536,135,-12,-1072,1473,357,425,-942,402,135,-159,602,-70,629,1019,0,0,1,20,20,0,0,0,0,0,0,0,5,24123,0,24647,0,0,0,0,4100755,4190014,0,0,0,0,0,1000,1000,4953098,57169,34301,65535,5393,5393,1,2000
MPCTASK: EXP,1,150,7482,283,-457,627,258,335,-48,-1063,1540,310,471,-831,402,46,-28,602,-82,617,1019,0,0,1,20,20,0,0,0,0,0,0,0,5,25407,0,25976,0,0,0,0,4319164,4416034,0,0,0,0,0,1000,1000,4953098,56105,33663,65535,5495,5495,1,2000
MPCTASK: EXP,1,152,7583,291,-405,623,-22,520,-51,-972,1456,257,468,-699,402,-42,98,602,-86,613,1019,0,0,1,20,20,0,0,0,0,0,0,0,5,27903,0,28090,0,0,0,0,4743451,4775458,0,0,0,0,0,1000,1000,4953098,57725,34635,65535,5597,5597,1,2000
MPCTASK: EXP,1,154,7683,268,-334,619,-287,694,-34,-868,1292,209,417,-547,402,-127,232,602,-87,612,1019,0,0,1,20,20,0,0,0,0,0,0,0,5,26870,0,27414,0,0,0,0,4567804,4660419,0,0,0,0,0,1000,1000,4953098,57723,34634,65535,5696,5696,1,2000
MPCTASK: EXP,1,156,7779,228,-260,614,-501,833,-21,-769,1014,151,322,-380,402,-191,352,602,-89,610,1019,0,0,1,20,20,0,0,0,0,0,0,0,5,23537,0,23722,0,0,0,0,4001263,4032941,0,0,0,0,0,1000,1000,4953098,60638,36383,65535,5793,5793,1,2000
MPCTASK: EXP,1,158,7878,163,-173,614,-667,950,5,-591,698,120,193,-202,402,-241,465,602,-85,614,1000,0,0,1,20,20,0,0,0,0,0,0,0,5,22491,0,22678,0,0,0,0,3823422,3855429,0,0,0,0,0,1000,1000,4953098,58265,34959,65535,5893,5893,1,2000
MPCTASK: EXP,1,160,7982,112,-78,618,-732,1027,35,-401,363,112,43,-17,402,-243,566,602,-81,618,1000,0,0,1,20,20,0,0,0,0,0,0,0,5,25835,0,26027,0,0,0,0,4391847,4424716,0,0,0,0,0,1000,1000,4953098,58090,34854,65535,5997,5997,1,2000
MPCTASK: EXP,1,162,8086,45,15,622,-758,1063,41,-225,53,93,-113,169,402,-234,649,602,-77,622,1000,0,0,1,20,20,0,0,0,0,0,0,0,5,29755,0,30138,0,0,0,0,5057284,5123506,0,0,0,0,0,1000,1000,5123506,55766,33460,65535,6101,6101,1,2000
MPCTASK: EXP,1,164,8184,-7,107,630,-705,1062,31,-48,-266,137,-262,353,402,-188,708,602,-69,630,1000,0,0,1,20,20,0,0,0,0,0,0,0,5,27454,0,27648,0,0,0,0,4667143,4700188,0,0,0,0,0,1000,1000,5123506,65535,39321,65535,6199,6199,1,2000
MPCTASK: EXP,1,166,8283,-46,200,637,-590,1034,19,116,-512,353,-387,531,402,-125,759,602,-62,637,1000,0,0,1,20,20,0,0,0,0,0,0,0,5,23366,0,26005,0,0,0,0,3972116,4420863,0,0,0,0,0,1000,1000,5123506,65535,39321,65535,6298,6298,1,2000
MPCTASK: EXP,1,168,8381,-84,280,642,-465,974,1,178,-727,587,-477,697,402,-62,790,602,-57,642,1000,0,0,1,20,20,0,0,0,0,0,0,0,5,24873,0,25061,0,0,0,0,4228459,4260460,0,0,0,0,0,1000,1000,5123506,63043,37826,65535,6397,6397,1,2000
MPCTASK: EXP,1,170,8481,-112,352,643,-326,901,18,274,-665,701,-523,848,402,-8,807,602,-56,643,1000,0,0,1,20,20,0,0,0,0,0,0,0,5,24554,0,24739,0,0,0,0,4174128,4205814,0,0,0,0,0,1000,1000,5123506,61826,37096,65535,6497,6497,1,2000
MPCTASK: EXP,1,172,8583,-133,410,644,-181,827,16,292,-802,512,-520,980,402,47,800,602,-55,644,1000,0,0,1,20,20,0,0,0,0,0,0,0,5,25691,0,26244,0,0,0,0,4367395,4461536,0,0,0,0,0,1000,1000,5123506,58472,35083,65535,6599,6599,1,2000
MPCTASK: EXP,1,174,8682,-144,463,649,-18,761,31,24,-977,335,-469,1090,402,100,804,602,-50,649,1000,0,0,1,20,20,0,0,0,0,0,0,0,5,23505,0,25152,0,0,0,0,3995692,4275907,0,0,0,0,0,1000,1000,5123506,57264,34358,65535,6698,6698,1,2000
MPCTASK: EXP,1,176,8786,-143,510,652,140,686,39,280,-1060,-87,-374,1174,402,149,771,602,-47,652,1000,0,0,1,20,20,0,0,0,0,0,0,0,5,27726,0,29354,0,0,0,0,4713413,4990320,0,0,0,0,0,1000,1000,5123506,40092,24055,65535,6802,6802,1,2000
MPCTASK: EXP,1,178,8882,-120,549,654,321,608,10,106,-977,-375,-246,1231,402,181,745,602,-45,654,1000,0,0,1,20,20,0,0,0,0,0,0,0,5,24667,0,26003,0,0,0,0,4193231,4420639,0,0,0,0,0,1000,1000,5123506,45262,27157,65535,6899,6899,1,2000
MPCTASK: EXP,1,180,8984,-85,583,654,456,535,32,196,-717,-646,-95,1260,402,197,689,602,-45,654,1000,0,0,1,20,20,0,0,0,0,0,0,0,5,26716,0,27255,0,0,0,0,4541563,4633312,0,0,0,0,0,1000,1000,5123506,39666,23800,65535,7001,7001,1,2000
MPCTASK: EXP,1,182,9081,-26,601,661,558,423,96,236,-145,-786,61,1260,402,182,628,602,-38,661,1000,0,0,1,20,20,0,0,0,0,0,0,0,5,22587,0,23919,0,0,0,0,3839652,4066416,0,0,0,0,0,1000,1000,5123506,43735,26241,65535,7099,7099,1,2000
MPCTASK: EXP,1,184,9185,17,615,670,528,325,112,526,198,-768,209,1230,402,137,539,602,-29,670,1000,0,0,1,20,20,0,0,0,0,0,0,0,5,26297,0,26761,0,0,0,0,4470255,4549401,0,0,0,0,0,1000,1000,5123506,41773,25064,65535,7203,7203,1,2000
MPCTASK: EXP,1,186,9284,77,611,684,455,171,135,681,734,-676,334,1172,402,78,442,602,-15,684,1000,0,0,1,20,20,0,0,0,0,0,0,0,5,24589,0,25065,0,0,0,0,4180079,4261146,0,0,0,0,0,1000,1000,5123506,43069,25841,65535,7302,7302,1,2000
MPCTASK: EXP,1,188,9383,106,595,702,304,32,66,944,772,-601,424,1087,402,15,316,602,2,702,1000,0,0,1,20,20,0,0,0,0,0,0,0,5,24228,0,24597,0,0,0,0,4118787,4181600,0,0,0,0,0,1000,1000,5123506,40855,24513,65535,7402,7402,1,2000
MPCTASK: EXP,1,190,9480,153,592,698,216,-95,-131,1039,865,-419,469,977,402,-20,222,602,-27,672,1019,0,0,1,20,20,0,0,0,0,0,0,0,5,19685,0,20357,0,0,0,0,3346327,3460790,0,0,0,0,0,1000,1000,5123506,48100,28860,65535,7498,7498,1,2000
MPCTASK: EXP,1,192,9584,156,557,684,26,-303,-178,1364,1159,-200,466,845,402,-106,69,602,-50,649,1019,0,0,1,20,20,0,0,0,0,0,0,0,5,24206,0,24395,0,0,0,0,4115035,4147244,0,0,0,0,0,1000,1000,5123506,63453,38072,65535,7602,7602,1,2000
MPCTASK: EXP,1,194,9681,113,485,664,-215,-612,-193,1368,954,-23,415,694,402,-193,-98,602,-74,625,1019,0,0,1,20,20,0,0,0,0,0,0,0,5,20938,0,21605,0,0,0,0,3559400,3673038,0,0,0,0,0,1000,1000,5123506,63951,38371,65535,7700,7700,1,2000
MPCTASK: EXP,1,196,9786,52,388,638,-384,-867,-265,969,559,333,320,527,402,-252,-246,602,-114,585,1019,0,0,1,20,20,0,0,0,0,0,0,0,5,25540,0,25867,0,0,0,0,4341679,4397364,0,0,0,0,0,1000,1000,5123506,65535,39321,65535,7805,7805,1,2000
MPCTASK: EXP,1,198,9884,-9,274,601,-481,-1040,-307,681,195,593,192,349,402,-273,-391,602,-159,540,1019,0,0,1,20,20,0,0,0,0,0,0,0,5,24335,0,24521,0,0,0,0,4136795,4168549,0,0,0,0,0,1000,1000,5123506,65535,39321,65535,7904,7904,1,2000
MPCTASK: EXP,1,200,9985,-76,145,573,-500,-1165,-284,373,-141,703,42,163,402,-277,-518,602,-183,516,1019,0,0,1,20,20,0,0,0,0,0,0,0,5,25894,0,26082,0,0,0,0,4401867,4433920,0,0,0,0,0,1000,1000,5123506,65535,39321,65535,8005,8005,1,2000
MPCTASK: EXP,1,202,10081,-108,37,553,-423,-1178,-201,70,-416,821,-112,-25,402,-221,-598,602,-187,512,1019,0,0,1,20,20,0,0,0,0,0,0,0,5,22300,0,22486,0,0,0,0,3790827,3822706,0,0,0,0,0,1000,1000,5123506,65535,39321,65535,8102,8102,1,2000
MPCTASK: EXP,1,204,10188,-143,-74,538,-328,-1156,-221,22,-666,971,-258,-213,402,-166,-672,602,-206,493,1019,0,0,1,20,20,0,0,0,0,0,0,0,5,27796,0,28142,0,0,0,0,4725179,4784250,0,0,0,0,0,1000,1000,5123506,65535,39321,65535,8208,8208,1,2000
MPCTASK: EXP,1,206,10280,-154,-158,514,-191,-1092,-286,30,-771,1016,-380,-395,402,-89,-704,602,-242,457,1019,0,0,1,20,20,0,0,0,0,0,0,0,5,20467,0,20653,0,0,0,0,3479428,3511194,0,0,0,0,0,1000,1000,5123506,65535,39321,65535,8301,8301,1,2000
MPCTASK: EXP,1,208,10383,-148,-242,484,-34,-1035,-336,-19,-836,950,-466,-565,402,-9,-722,602,-282,417,1019,0,0,1,20,20,0,0,0,0,0,0,0,5,24106,0,24294,0,0,0,0,4097996,4130036,0,0,0,0,0,1000,1000,5123506,65535,39321,65535,8404,8404,1,2000
MPCTASK: EXP,1,210,10481,-122,-306,449,140,-945,-310,-142,-750,789,-509,-721,402,71,-700,602,-313,386,1019,0,0,1,20,20,0,0,0,0,0,0,0,5,22036,0,22635,0,0,0,0,3745950,3848042,0,0,0,0,0,1000,1000,5123506,65535,39321,65535,8503,8503,1,2000
MPCTASK: EXP,1,212,10585,-81,-365,418,302,-832,-185,-316,-575,611,-504,-855,402,138,-655,602,-318,381,1019,0,0,1,20,20,0,0,0,0,0,0,0,5,24929,0,25381,0,0,0,0,4237907,4314876,0,0,0,0,0,1000,1000,5123506,65535,39321,65535,8606,8606,1,2000
MPCTASK: EXP,1,214,10682,-39,-402,408,403,-675,-1,-457,-333,469,-453,-964,402,171,-578,602,-292,407,1019,0,0,1,20,20,0,0,0,0,0,0,0,5,21988,0,22180,0,0,0,0,3737928,3770584,0,0,0,0,0,1000,1000,5123506,65535,39321,65535,8703,8703,1,2000
MPCTASK: EXP,1,216,10787,14,-433,414,462,-506,173,-608,-104,384,-364,-1042,402,189,-489,602,-285,414,1000,0,0,1,20,20,0,0,0,0,0,0,0,5,27656,0,27845,0,0,0,0,4701443,4733632,0,0,0,0,0,1000,1000,5123506,65535,39321,65535,8809,8809,1,2000
MPCTASK: EXP,1,218,10882,65,-449,441,462,-322,344,-705,135,333,-248,-1085,402,181,-389,602,-258,441,1000,0,0,1,20,20,0,0,0,0,0,0,0,5,22923,0,23109,0,0,0,0,3896842,3928602,0,0,0,0,0,1000,1000,5123506,64445,38667,65535,8904,8904,1,2000
MPCTASK: EXP,1,220,10984,119,-458,481,425,-143,453,-836,394,299,-119,-1089,402,165,-296,602,-218,481,1000,0,0,1,20,20,0,0,0,0,0,0,0,5,24549,0,24736,0,0,0,0,4173119,4205208,0,0,0,0,0,1000,1000,5123506,57044,34226,65535,9007,9007,1,2000
MPCTASK: EXP,1,222,11082,163,-449,530,335,39,471,-964,709,254,4,-1051,402,132,-212,602,-169,530,1000,0,0,1,20,20,0,0,0,0,0,0,0,5,22954,0,23142,0,0,0,0,3902099,3934180,0,0,0,0,0,1000,1000,5123506,54080,32448,65535,9105,9105,1,2000
MPCTASK: EXP,1,224,11187,194,-424,578,208,216,406,-955,925,175,110,-971,402,108,-150,602,-121,578,1000,0,0,1,20,20,0,0,0,0,0,0,0,5,27863,0,28051,0,0,0,0,4736699,4768708,0,0,0,0,0,1000,1000,5123506,50288,30173,65535,9210,9210,1,2000
MPCTASK: EXP,1,226,11285,209,-384,611,59,376,272,-802,968,67,184,-852,402,90,-111,602,-88,611,1000,0,0,1,20,20,0,0,0,0,0,0,0,5,24405,0,24591,0,0,0,0,4148791,4180550,0,0,0,0,0,1000,1000,5123506,55719,33431,65535,9308,9308,1,2000
MPCTASK: EXP,1,228,11386,217,-328,630,-73,509,170,-484,834,-6,217,-700,402,77,-70,602,-69,630,1000,0,0,1,20,20,0,0,0,0,0,0,0,5,24536,0,25285,0,0,0,0,4170931,4298543,0,0,0,0,0,1000,1000,5123506,58440,35064,65535,9409,9409,1,2000
MPCTASK: EXP,1,230,11481,207,-269,638,-192,574,107,-122,609,-49,210,-527,402,58,-37,602,-61,638,1000,0,0,1,20,20,0,0,0,0,0,0,0,5,20978,0,21166,0,0,0,0,3566155,3598226,0,0,0,0,0,1000,1000,5123506,59220,35532,65535,9505,9505,1,2000
MPCTASK: EXP,1,232,11585,188,-201,651,-268,588,111,204,349,-63,169,-348,402,39,7,602,-48,651,1000,0,0,1,20,20,0,0,0,0,0,0,0,5,25076,0,25263,0,0,0,0,4262875,4294879,0,0,0,0,0,1000,1000,5123506,58186,34912,65535,9609,9609,1,2000
MPCTASK: EXP,1,234,11683,167,-140,665,-294,540,98,434,130,-90,108,-182,402,15,65,602,-34,665,1000,0,0,1,20,20,0,0,0,0,0,0,0,5,21795,0,21981,0,0,0,0,3705155,3736918,0,0,0,0,0,1000,1000,5123506,54862,32917,65535,9707,9707,1,2000
MPCTASK: EXP,1,236,11789,140,-87,675,-302,471,64,424,20,-134,45,-50,402,-28,156,602,-24,675,1000,0,0,1,20,20,0,0,0,0,0,0,0,5,25746,0,25941,0,0,0,0,4376697,4410044,0,0,0,0,0,1000,1000,5123506,54611,32767,65535,9813,9813,1,2000
MPCTASK: EXP,1,238,11883,120,-47,680,-287,407,20,246,11,-139,-2,34,402,-74,270,602,-19,680,1000,0,0,1,20,20,0,0,0,0,0,0,0,5,20846,0,21033,0,0,0,0,3543627,3575708,0,0,0,0,0,1000,1000,5123506,57302,34381,65535,9908,9908,1,2000
MPCTASK: EXP,1,240,11987,103,-13,679,-271,379,-20,-113,106,-68,-23,68,402,-105,387,602,-24,675,1019,0,0,1,20,20,0,0,0,0,0,0,0,5,23610,0,24911,0,0,0,0,4013531,4234958,0,0,0,0,0,1000,1000,5123506,58062,34837,65535,10012,10012,1,2000
MPCTASK: EXP,1,242,12083,89,15,678,-275,412,-27,-524,225,49,-26,72,402,-105,491,602,-27,672,1019,0,0,1,20,20,0,0,0,0,0,0,0,5,21130,0,21531,0,0,0,0,3591927,3660404,0,0,0,0,0,1000,1000,5123506,61094,36656,65535,10109,10109,1,2000
MPCTASK: EXP,1,244,12185,67,52,678,-303,510,-28,-854,217,185,-30,79,402,-82,577,602,-27,672,1019,0,0,1,20,20,0,0,0,0,0,0,0,5,21605,0,22172,0,0,0,0,3672879,3769334,0,0,0,0,0,1000,1000,5123506,60820,36492,65535,10210,10210,1,2000
MPCTASK: EXP,1,246,12283,46,102,677,-319,649,-52,-962,122,252,-55,125,402,-46,657,602,-32,667,1019,0,0,1,20,20,0,0,0,0,0,0,0,5,21026,0,21335,0,0,0,0,3574275,3627067,0,0,0,0,0,1000,1000,5123506,61965,37179,65535,10309,10309,1,2000
MPCTASK: EXP,1,248,12389,23,171,670,-316,800,-80,-855,-106,246,-102,224,402,0,733,602,-46,653,1019,0,0,1,20,20,0,0,0,0,0,0,0,5,26212,0,26711,0,0,0,0,4455908,4541028,0,0,0,0,0,1000,1000,5123506,65535,39321,65535,10415,10415,1,2000
MPCTASK: EXP,1,250,12486,-3,251,658,-267,917,-71,-602,-448,306,-158,370,402,55,793,602,-56,643,1019,0,0,1,20,20,0,0,0,0,0,0,0,5,21797,0,22328,0,0,0,0,3705415,3795772,0,0,0,0,0,1000,1000,5123506,65535,39321,65535,10512,10512,1,2000
MPCTASK: EXP,1,252,12589,-11,354,652,-167,993,1,-33,-552,313,-205,543,402,122,833,602,-47,652,1000,0,0,1,20,20,0,0,0,0,0,0,0,5,25030,0,25217,0,0,0,0,4254988,4286952,0,0,0,0,0,1000,1000,5123506,62851,37711,65535,10615,10615,1,2000
MPCTASK: EXP,1,254,12689,-23,428,654,-42,948,61,268,-747,346,-226,725,402,169,828,599,-45,654,1000,0,0,1,20,20,0,0,0,0,0,0,0,5,25864,0,26051,0,0,0,0,4396739,4428821,0,0,0,0,0,1000,1000,5123506,58768,35261,65535,10716,10716,1,2000
MPCTASK: EXP,1,256,12789,-35,491,664,67,849,67,541,-680,345,-211,895,402,186,794,595,-35,664,1000,0,0,1,20,20,0,0,0,0,0,0,0,5,25682,0,25887,0,0,0,0,4365859,4400882,0,0,0,0,0,1000,1000,5123506,58320,34992,65535,10816,10816,1,2000
MPCTASK: EXP,1,258,12888,-43,553,677,163,726,77,584,-760,243,-157,1037,402,201,767,602,-22,677,1000,0,0,1,20,20,0,0,0,0,0,0,0,5,24194,0,24522,0,0,0,0,4112867,4168705,0,0,0,0,0,1000,1000,5123506,50379,30227,65535,10915,10915,1,2000
MPCTASK: EXP,1,260,12990,-41,599,685,256,600,58,636,-716,10,-68,1143,402,194,707,602,-14,685,1000,0,0,1,20,20,0,0,0,0,0,0,0,5,25923,0,26113,0,0,0,0,4406848,4439337,0,0,0,0,0,1000,1000,5123506,51627,30976,65535,11017,11017,1,2000
MPCTASK: EXP,1,262,13084,-36,631,690,322,434,49,586,-495,-402,44,1206,402,156,650,602,-9,690,1000,0,0,1,20,20,0,0,0,0,0,0,0,5,20196,0,20399,0,0,0,0,3433239,3467964,0,0,0,0,0,1000,1000,5123506,42222,25333,65535,11111,11111,1,2000
MPCTASK: EXP,1,264,13187,-15,626,693,365,238,30,824,-382,-741,167,1225,402,123,528,602,-6,693,1000,0,0,1,20,20,0,0,0,0,0,0,0,5,23863,0,24416,0,0,0,0,4056571,4150937,0,0,0,0,0,1000,1000,5123506,42868,25721,65535,11215,11215,1,2000
MPCTASK: EXP,1,266,13288,-2,601,693,351,52,18,808,-80,-751,284,1202,402,63,407,602,-6,693,1000,0,0,1,20,20,0,0,0,0,0,0,0,5,24107,0,24686,0,0,0,0,4098163,4196598,0,0,0,0,0,1000,1000,5123506,44934,26960,65535,11317,11317,1,2000
MPCTASK: EXP,1,268,13389,12,560,691,295,-144,-4,903,224,-781,379,1140,402,-6,264,602,-9,690,1019,0,0,1,20,20,0,0,0,0,0,0,0,5,25395,0,25845,0,0,0,0,4317031,4393648,0,0,0,0,0,1000,1000,5123506,55290,33174,65535,11418,11418,1,2000
MPCTASK: EXP,1,270,13487,21,498,688,218,-347,-73,855,341,-537,440,1044,402,-73,126,593,-26,673,1019,0,0,1,20,20,0,0,0,0,0,0,0,5,23303,0,23489,0,0,0,0,3961551,3993309,0,0,0,0,0,1000,1000,5123506,52321,31393,65535,11515,11515,1,2000
MPCTASK: EXP,1,272,13586,22,411,677,106,-525,-144,571,668,-215,458,920,402,-145,-12,596,-51,648,1019,0,0,1,20,20,0,0,0,0,0,0,0,5,22832,0,23516,0,0,0,0,3881363,3997830,0,0,0,0,0,1000,1000,5123506,65535,39321,65535,11615,11615,1,2000
MPCTASK: EXP,1,274,13686,5,316,660,-44,-654,-191,353,632,130,429,772,402,-209,-150,580,-78,621,1019,0,0,1,20,20,0,0,0,0,0,0,0,5,20814,0,21017,0,0,0,0,3538287,3572952,0,0,0,0,0,1000,1000,5123506,65535,39321,65535,11715,11715,1,2000
MPCTASK: EXP,1,276,13790,-29,221,636,-169,-747,-231,198,504,410,354,605,402,-264,-273,572,-110,589,1019,0,0,1,20,20,0,0,0,0,0,0,0,5,24861,0,25618,0,0,0,0,4226187,4355079,0,0,0,0,0,1000,1000,5123506,65535,39321,65535,11820,11820,1,2000
MPCTASK: EXP,1,278,13884,-67,134,613,-269,-797,-263,141,430,663,242,427,402,-297,-380,565,-139,560,1019,0,0,1,20,20,0,0,0,0,0,0,0,5,19936,0,20123,0,0,0,0,3389087,3421053,0,0,0,0,0,1000,1000,5123506,65535,39321,65535,11914,11914,1,2000
MPCTASK: EXP,1,280,13989,-103,57,586,-329,-828,-336,215,307,846,102,240,402,-304,-478,558,-180,519,1019,0,0,1,20,20,0,0,0,0,0,0,0,5,24131,0,24630,0,0,0,0,4102192,4187239,0,0,0,0,0,1000,1000,5123506,65535,39321,65535,12019,12019,1,2000
MPCTASK: EXP,1,282,14086,-138,-20,547,-354,-850,-421,147,45,985,-51,50,402,-278,-549,531,-236,463,1019,0,0,1,20,20,0,0,0,0,0,0,0,5,21634,0,21821,0,0,0,0,3677683,3709760,0,0,0,0,0,1000,1000,5123506,65535,39321,65535,12117,12117,1,2000
MPCTASK: EXP,1,284,14189,-167,-87,503,-339,-849,-495,215,-93,1070,-203,-137,402,-239,-613,529,-295,404,1019,0,0,1,20,20,0,0,0,0,0,0,0,5,24907,0,25094,0,0,0,0,4234107,4266182,0,0,0,0,0,1000,1000,5123506,65535,39321,65535,12220,12220,1,2000
MPCTASK: EXP,1,286,14291,-178,-148,451,-268,-843,-610,340,-379,1143,-339,-319,402,-159,-666,524,-371,328,1019,0,0,1,20,20,0,0,0,0,0,0,0,5,26741,0,27206,0,0,0,0,4545939,4625151,0,0,0,0,0,1000,1000,5123506,65535,39321,65535,12322,12322,1,2000
MPCTASK: EXP,1,288,14390,-184,-201,388,-171,-843,-741,395,-586,1113,-444,-490,402,-76,-698,517,-460,239,1019,0,0,1,20,20,0,0,0,0,0,0,0,5,24549,0,24988,0,0,0,0,4173207,4248108,0,0,0,0,0,1000,1000,5123506,65535,39321,65535,12421,12421,1,2000
MPCTASK: EXP,1,290,14491,-170,-246,312,-18,-821,-812,358,-726,1028,-508,-648,402,21,-708,493,-550,149,1019,0,0,1,20,20,0,0,0,0,0,0,0,5,24805,0,24993,0,0,0,0,4216847,4248921,0,0,0,0,0,1000,1000,5123506,65535,39321,65535,12522,12522,1,2000
MPCTASK: EXP,1,292,14591,-145,-296,222,146,-798,-861,223,-730,927,-526,-787,402,115,-708,478,-649,50,1019,0,0,1,20,20,0,0,0,0,0,0,0,5,25754,0,25957,0,0,0,0,4378127,4412788,0,0,0,0,0,1000,1000,5123506,65535,39321,65535,12623,12623,1,2000
MPCTASK: EXP,1,294,14690,-110,-311,140,309,-688,-794,172,-696,767,-494,-906,402,198,-661,451,-718,-18,1019,0,0,1,20,20,0,0,0,0,0,0,0,5,24777,0,24965,0,0,0,0,4211999,4244165,0,0,0,0,0,1000,1000,5123506,65535,39321,65535,12722,12722,1,2000
MPCTASK: EXP,1,296,14791,-32,-363,54,600,-698,-793,185,-701,718,-416,-1000,402,331,-665,423,-804,-104,1019,0,0,1,20,20,0,0,0,0,0,0,0,5,25450,0,25840,0,0,0,0,4326439,4392855,0,0,0,0,0,1000,1000,5123506,65535,39321,65535,12823,12823,1,2000
MPCTASK: EXP,1,298,14889,31,-453,33,166,-465,493,158,669,472,-300,-1068,402,205,-669,449,-666,33,1000,0,0,1,20,20,0,0,0,0,0,0,0,5,23456,0,23659,0,0,0,0,3987351,4022000,0,0,0,0,0,1000,1000,5123506,65535,39321,65535,12922,12922,1,2000
MPCTASK: EXP,1,300,14990,9,-511,30,444,-658,78,2160,-1412,275,-157,-1108,402,321,-792,426,-669,30,1000,0,0,1,20,20,0,0,0,0,0,0,0,5,24876,0,25064,0,0,0,0,4228907,4260977,0,0,0,0,0,1000,1000,5123506,65535,39321,65535,13023,13023,1,2000
MPCTASK: EXP,1,302,15090,75,-674,86,476,-566,492,387,-698,-240,-1,-1119,402,291,-725,465,-613,86,1000,0,0,1,20,20,0,0,0,0,0,0,0,5,24893,0,25442,0,0,0,0,4231727,4325333,0,0,0,0,0,1000,1000,5123506,47473,28484,65535,13123,13123,1,2000
MPCTASK: EXP,1,304,15190,107,-819,130,431,-195,743,-729,-78,-509,152,-1100,402,219,-617,498,-569,130,1000,0,0,1,20,20,0,0,0,0,0,0,0,5,23784,0,24351,0,0,0,0,4043220,4139815,0,0,0,0,0,1000,1000,5123506,65535,39321,65535,13223,13223,1,2000
MPCTASK: EXP,1,306,15290,160,-774,181,516,-178,835,-1011,329,-206,288,-1053,402,185,-510,531,-518,181,1000,0,0,1,20,20,0,0,0,0,0,0,0,5,24096,0,24284,0,0,0,0,4096259,4128344,0,0,0,0,0,1000,1000,5123506,30859,18515,65535,13323,13323,1,2000
MPCTASK: EXP,1,308,15391,206,-762,266,431,-33,861,-1763,1659,-790,394,-979,402,76,-326,574,-433,266,1000,0,0,1,20,20,0,0,0,0,0,0,0,5,25893,0,26081,0,0,0,0,4401771,4433849,0,0,0,0,0,1000,1000,5123506,65535,39321,65535,13425,13425,1,2000
MPCTASK: EXP,1,310,15489,270,-778,213,182,298,80,-2211,617,845,458,-878,402,91,-238,522,-486,213,1000,0,0,1,20,20,0,0,0,0,0,0,0,5,23512,0,24047,0,0,0,0,3996947,4088029,0,0,0,0,0,1000,1000,5123506,65535,39321,65535,13523,13523,1,2000
MPCTASK: EXP,1,312,15590,242,-695,297,10,627,184,-1616,806,794,475,-754,402,-28,-74,536,-402,297,1000,0,0,1,20,20,0,0,0,0,0,0,0,5,24335,0,24665,0,0,0,0,4136896,4193124,0,0,0,0,0,1000,1000,5123506,65535,39321,65535,13625,13625,1,2000
MPCTASK: EXP,1,314,15692,216,-604,352,-181,862,339,-1176,883,430,443,-610,402,-116,79,566,-347,352,1000,0,0,1,20,20,0,0,0,0,0,0,0,5,26837,0,27025,0,0,0,0,4562291,4594372,0,0,0,0,0,1000,1000,5123506,65535,39321,65535,13727,13727,1,2000
MPCTASK: EXP,1,316,15792,188,-508,395,-359,1026,450,-757,924,215,365,-448,402,-184,205,579,-304,395,1000,0,0,1,20,20,0,0,0,0,0,0,0,5,26841,0,27030,0,0,0,0,4563007,4595317,0,0,0,0,0,1000,1000,5123506,65535,39321,65535,13827,13827,1,2000
MPCTASK: EXP,1,318,15891,146,-410,434,-514,1088,506,-383,827,27,248,-274,402,-235,305,602,-265,434,1000,0,0,1,20,20,0,0,0,0,0,0,0,5,25474,0,26037,0,0,0,0,4330451,4426352,0,0,0,0,0,1000,1000,5123506,65535,39321,65535,13926,13926,1,2000
MPCTASK: EXP,1,320,15992,89,-310,483,-640,1094,603,-173,610,-96,105,-92,402,-265,395,602,-216,483,1000,0,0,1,20,20,0,0,0,0,0,0,0,5,24605,0,25283,0,0,0,0,4182835,4298184,0,0,0,0,0,1000,1000,5123506,65535,39321,65535,14027,14027,1,2000
MPCTASK: EXP,1,322,16092,25,-217,534,-705,1063,667,-131,294,-167,-50,94,402,-269,471,602,-165,534,1000,0,0,1,20,20,0,0,0,0,0,0,0,5,24879,0,25067,0,0,0,0,4229431,4261504,0,0,0,0,0,1000,1000,5123506,65535,39321,65535,14127,14127,1,2000
MPCTASK: EXP,1,324,16192,-41,-128,604,-708,1036,783,-172,-29,-205,-204,280,402,-250,542,602,-95,604,1000,0,0,1,20,20,0,0,0,0,0,0,0,5,25205,0,25393,0,0,0,0,4284694,4316772,0,0,0,0,0,1000,1000,5123506,64195,38517,65535,14227,14227,1,2000
MPCTASK: EXP,1,326,16290,-101,-45,687,-642,1011,864,-257,-374,-231,-341,461,402,-206,603,602,-12,687,1000,0,0,1,20,20,0,0,0,0,0,0,0,5,23549,0,24065,0,0,0,0,4003191,4091064,0,0,0,0,0,1000,1000,5123506,54429,32657,65535,14326,14326,1,2000
MPCTASK: EXP,1,328,16392,-150,38,772,-538,1009,789,-397,-594,-286,-446,632,402,-153,666,602,72,772,1000,0,0,1,20,20,0,0,0,0,0,0,0,5,24730,0,24917,0,0,0,0,4203992,4236064,0,0,0,0,0,1000,1000,5123506,49593,29756,65535,14428,14428,1,2000
MPCTASK: EXP,1,330,16490,-187,123,846,-417,1021,617,-471,-800,-327,-511,790,402,-92,720,602,146,846,1000,0,0,1,20,20,0,0,0,0,0,0,0,5,23787,0,23975,0,0,0,0,4043784,4075861,0,0,0,0,0,1000,1000,5123506,48065,28839,65535,14527,14527,1,2000
MPCTASK: EXP,1,332,16594,-209,206,901,-272,1032,410,-472,-989,-346,-527,930,402,-27,760,602,201,901,1000,0,0,1,20,20,0,0,0,0,0,0,0,5,28028,0,28215,0,0,0,0,4764611,4796672,0,0,0,0,0,1000,1000,5123506,49505,29703,65535,14631,14631,1,2000
MPCTASK: EXP,1,334,16692,-215,292,938,-100,1045,228,-364,-1132,-342,-495,1049,402,39,789,602,238,938,1000,0,0,1,20,20,0,0,0,0,0,0,0,5,25491,0,26016,0,0,0,0,4333403,4422849,0,0,0,0,0,1000,1000,5123506,50964,30578,65535,14729,14729,1,2000
MPCTASK: EXP,1,336,16791,-194,372,952,105,1024,65,-110,-1162,-342,-417,1144,402,112,790,602,252,952,1000,0,0,1,20,20,0,0,0,0,0,0,0,5,23767,0,23974,0,0,0,0,4040304,4075653,0,0,0,0,0,1000,1000,5123506,53851,32311,65535,14828,14828,1,2000
MPCTASK: EXP,1,338,16893,-154,442,951,310,962,-47,121,-1076,-342,-301,1212,402,173,770,602,242,942,1019,0,0,1,20,20,0,0,0,0,0,0,0,5,26681,0,26886,0,0,0,0,4535619,4570679,0,0,0,0,0,1000,1000,5123506,55678,33407,65535,14931,14931,1,2000
MPCTASK: EXP,1,340,16991,-79,498,939,518,855,-117,399,-816,-330,-157,1252,402,236,719,602,216,916,1019,0,0,1,20,20,0,0,0,0,0,0,0,5,24685,0,24873,0,0,0,0,4196488,4228552,0,0,0,0,0,1000,1000,5123506,56035,33621,65535,15029,15029,1,2000
MPCTASK: EXP,1,342,17092,-4,536,921,641,697,-152,663,-396,-329,-1,1263,402,256,642,602,190,890,1019,0,0,1,20,20,0,0,0,0,0,0,0,5,24621,0,25060,0,0,0,0,4185567,4260274,0,0,0,0,0,1000,1000,5123506,58452,35071,65535,15130,15130,1,2000
MPCTASK: EXP,1,344,17193,98,553,904,713,502,-145,828,96,-336,152,1245,402,270,543,602,175,875,1019,0,0,1,20,20,0,0,0,0,0,0,0,5,23617,0,24276,0,0,0,0,4014744,4127006,0,0,0,0,0,1000,1000,5123506,56112,33667,65535,15231,15231,1,2000
MPCTASK: EXP,1,346,17291,183,553,893,668,295,-120,958,611,-358,288,1198,402,239,429,602,169,869,1019,0,0,1,20,20,0,0,0,0,0,0,0,5,21858,0,22676,0,0,0,0,3715744,3854929,0,0,0,0,0,1000,1000,5123506,55266,33160,65535,15329,15329,1,2000
MPCTASK: EXP,1,348,17396,265,530,886,545,77,-113,1010,1072,-363,394,1123,402,189,301,602,164,864,1019,0,0,1,20,20,0,0,0,0,0,0,0,5,26916,0,27568,0,0,0,0,4575703,4686702,0,0,0,0,0,1000,1000,5123506,54118,32471,65535,15435,15435,1,2000
MPCTASK: EXP,1,350,17491,335,490,880,364,-130,-135,1001,1397,-332,458,1023,402,131,167,602,153,853,1019,0,0,1,20,20,0,0,0,0,0,0,0,5,22064,0,22478,0,0,0,0,3750831,3821305,0,0,0,0,0,1000,1000,5123506,55996,33598,65535,15530,15530,1,2000
MPCTASK: EXP,1,352,17595,378,421,864,132,-337,-204,953,1622,-269,475,899,402,58,19,602,123,823,1019,0,0,1,20,20,0,0,0,0,0,0,0,5,25679,0,26612,0,0,0,0,4364381,4524065,0,0,0,0,0,1000,1000,5123506,59046,35428,65535,15634,15634,1,2000
MPCTASK: EXP,1,354,17694,393,339,839,-133,-529,-246,832,1631,-196,443,754,402,-16,-128,602,90,790,1019,0,0,1,20,20,0,0,0,0,0,0,0,5,25424,0,25611,0,0,0,0,4321899,4353829,0,0,0,0,0,1000,1000,5123506,61259,36755,65535,15734,15734,1,2000
MPCTASK: EXP,1,356,17792,365,226,810,-415,-722,-263,701,1482,-136,365,593,402,-103,-291,602,57,757,1019,0,0,1,20,20,0,0,0,0,0,0,0,5,22514,0,23183,0,0,0,0,3827348,3941214,0,0,0,0,0,1000,1000,5123506,63578,38147,65535,15832,15832,1,2000
MPCTASK: EXP,1,358,17892,314,108,777,-663,-877,-234,521,1138,-75,248,419,402,-168,-440,602,30,730,1019,0,0,1,20,20,0,0,0,0,0,0,0,5,23387,0,24094,0,0,0,0,3975843,4096090,0,0,0,0,0,1000,1000,5123506,65535,39321,65535,15933,15933,1,2000
MPCTASK: EXP,1,360,17992,250,-17,746,-827,-994,-193,333,673,-12,105,236,402,-200,-578,602,7,707,1019,0,0,1,20,20,0,0,0,0,0,0,0,5,22963,0,23532,0,0,0,0,3903612,4000605,0,0,0,0,0,1000,1000,5123506,65535,39321,65535,16032,16032,1,2000
MPCTASK: EXP,1,362,18091,192,-106,729,-882,-1029,-102,166,216,28,-50,50,402,-190,-660,602,8,708,1019,0,0,1,20,20,0,0,0,0,0,0,0,5,22945,0,23434,0,0,0,0,3900615,3983844,0,0,0,0,0,1000,1000,5123506,62844,37706,65535,16132,16132,1,2000
MPCTASK: EXP,1,364,18195,129,-217,728,-858,-1050,-13,-5,-195,27,-204,-135,402,-156,-745,602,25,725,1019,0,0,1,20,20,0,0,0,0,0,0,0,5,25481,0,26035,0,0,0,0,4331796,4426082,0,0,0,0,0,1000,1000,5123506,65535,39321,65535,16235,16235,1,2000
MPCTASK: EXP,1,366,18291,38,-288,678,-870,-992,-383,764,-3380,5850,-341,-316,402,180,-719,602,-97,602,1019,0,0,1,20,20,0,0,0,0,0,0,0,5,21669,0,21996,0,0,0,0,3683620,3739348,0,0,0,0,0,1000,1000,5123506,65535,39321,65535,16332,16332,1,2000
MPCTASK: EXP,1,368,18391,7,533,89,-1439,766,-3548,8409,-3550,-15303,-446,-488,402,11997,8115,402,-1320,-620,1019,0,0,1,20,20,0,0,0,0,0,0,0,5,22883,0,23393,0,0,0,0,3890079,3976910,0,0,0,0,0,1000,1000,5123506,41707,25024,65535,16433,16433,1,2000
MPCTASK: EXP,1,370,18489,311,-21,38,-3670,-322,-1479,-1920,1089,-6764,-511,-645,402,-686,-158,402,-957,-257,1019,0,0,1,20,20,0,0,0,0,0,0,0,5,20825,0,21640,0,0,0,0,3540171,3678903,0,0,0,0,0,1000,1000,5123506,61393,36836,65535,16531,16531,1,2000
MPCTASK: EXP,1,372,18593,-1045,859,286,-3696,-689,1261,-3781,-6202,-3385,-527,-785,402,-1064,310,402,-413,286,1000,0,0,1,20,20,0,0,0,0,0,0,0,5,24079,0,24698,0,0,0,0,4093251,4198673,0,0,0,0,0,1000,1000,5123506,7000,4200,65535,16635,16635,1,2000
MPCTASK: EXP,1,374,18691,-1358,813,377,-3198,-456,194,16623,-3524,15616,-495,-904,402,482,-142,421,-322,377,1000,0,0,1,20,20,0,0,0,0,0,0,0,5,21884,0,22453,0,0,0,0,3720292,3817170,0,0,0,0,0,1000,1000,5123506,65535,39321,65535,16733,16733,1,2000
MPCTASK: EXP,1,376,18792,-1653,1047,430,-3312,-149,-364,15517,-1632,12354,-417,-999,402,665,-704,423,-342,357,1019,0,0,1,20,20,0,0,0,0,0,0,0,5,23170,0,24156,0,0,0,0,3938911,4106593,0,0,0,0,0,1000,1000,5123506,65535,39321,65535,16835,16835,1,2000
MPCTASK: EXP,1,378,18893,-2054,1485,435,-4337,304,-1201,12890,1462,-1279,-301,-1067,402,-2743,-560,402,-504,195,1019,0,0,1,20,20,0,0,0,0,0,0,0,5,24532,0,25254,0,0,0,0,4170451,4293306,0,0,0,0,0,1000,1000,5123506,65535,39321,65535,16936,16936,1,2000
MPCTASK: EXP,1,380,18995,-2553,1405,277,-4746,-268,-2924,-6728,3725,-15631,-157,-1107,402,-31367,-22665,402,-1006,-306,1019,0,0,1,20,20,0,0,0,0,0,0,0,5,25704,0,26289,0,0,0,0,4369719,4469281,0,0,0,0,0,1000,1000,5123506,65535,39321,65535,17038,17038,1,2000
MPCTASK: EXP,1,382,19095,-4236,2608,245,-5144,3480,-1071,-2006,548,12419,-1,-1119,402,-4781,2742,402,-669,30,1019,0,0,1,20,20,0,0,0,0,0,0,0,5,25558,0,26005,0,0,0,0,4344752,4421027,0,0,0,0,0,1000,1000,5123506,65535,39321,65535,17138,17138,1,2000
MPCTASK: EXP,1,384,19194,-5283,3702,449,-5074,5075,252,-252,-2870,6306,152,-1101,402,-5146,4252,402,-250,449,1000,0,0,1,20,20,0,0,0,0,0,0,0,5,24541,0,25838,0,0,0,0,4171951,4392645,0,0,0,0,0,1000,1000,5123506,60569,36341,65535,17238,17238,1,2000
MPCTASK: EXP,1,386,19291,-5853,4182,636,-5644,5583,891,-5455,-469,3947,288,-1054,402,-6042,5028,520,-63,636,1000,0,0,1,20,20,0,0,0,0,0,0,0,5,23028,0,23394,0,0,0,0,3914819,3977149,0,0,0,0,0,1000,1000,5123506,7000,4200,65535,17335,17335,1,2000
MPCTASK: EXP,1,388,19393,-6807,4648,1224,-4699,5960,1988,-5003,1750,4538,394,-979,402,-6614,5357,602,524,1224,1000,0,0,1,20,20,0,0,0,0,0,0,0,5,23440,0,24256,0,0,0,0,3984743,4123744,0,0,0,0,0,1000,1000,5123506,21175,12705,65535,17437,17437,1,2000
SUP: Locked, reboot required
MPCTASK: EXP,1,390,19489,-7753,5521,1771,-3697,6274,2052,-4637,1716,3868,458,-878,402,-7059,6110,602,1071,1771,1000,0,0,1,20,17,0,0,0,0,0,0,0,5,20853,0,21289,0,0,0,0,3544932,3619241,0,0,0,0,0,1000,1000,5123506,33723,20234,65535,17487,17487,1,2000
MPCTASK: EXP,1,392,19593,-8303,6253,2067,-3153,5994,981,-4642,1764,3676,475,-754,402,-7346,6622,602,1367,2067,1000,0,0,1,20,13,0,0,0,0,0,0,0,5,23937,0,24123,0,0,0,0,4069260,4101018,0,0,0,0,0,1000,1000,5123506,33723,20234,65535,17487,17487,1,2000
MPCTASK: EXP,1,394,19691,-8626,6847,2110,-2604,5525,-606,-4689,1784,3690,443,-610,402,-7457,6979,602,1289,1989,1019,0,0,1,20,10,0,0,0,0,0,0,0,5,22272,0,22459,0,0,0,0,3786160,3818077,0,0,0,0,0,1000,1000,5123506,33723,20234,65535,17487,17487,1,2000
MPCTASK: EXP,1,396,19791,-8941,7408,2022,-2099,5067,-2099,-4737,1839,3696,365,-448,402,-7559,7309,602,902,1602,1019,0,0,1,20,8,0,0,0,0,0,0,0,5,22178,0,22687,0,0,0,0,3770184,3856877,0,0,0,0,0,1000,1000,5123506,33723,20234,65535,17487,17487,1,2000
MPCTASK: EXP,1,398,19891,-9289,7952,1837,-1673,4652,-3442,-4794,1945,3695,248,-274,402,-7693,7630,602,449,1149,1019,0,0,1,20,8,0,0,0,0,0,0,0,5,22536,0,22724,0,0,0,0,3831187,3863245,0,0,0,0,0,1000,1000,5123506,33723,20234,65535,17487,17487,1,2000
MPCTASK: EXP,1,400,19995,-9805,8540,1662,-1472,4387,-4401,-4881,2162,3674,105,-92,402,-8002,8018,602,82,782,1019,0,0,1,20,10,0,0,0,0,0,0,0,5,25881,0,26633,0,0,0,0,4399676,4527612,0,0,0,0,0,1000,1000,5123506,33723,20234,65535,17487,17487,1,2000
MPCTASK: EXP,1,402,20091,-10367,9312,1561,-1436,4466,-4841,-4955,2388,3596,-50,94,402,-8377,8624,596,-106,593,1019,0,0,1,20,20,0,0,0,0,0,0,0,5,22557,0,22744,0,0,0,0,3834671,3866593,0,0,0,0,0,1000,1000,5123506,33723,20234,65535,17487,17487,1,2000
MPCTASK: EXP,1,404,20190,-10547,10328,1439,-1160,4858,-5015,-4882,2472,3407,-204,280,402,-8387,9480,409,-263,436,1019,0,0,1,20,20,0,0,0,0,0,0,0,5,22152,0,22631,0,0,0,0,3765763,3847334,0,0,0,0,0,1000,1000,5123506,33723,20234,65535,17487,17487,1,2000
MPCTASK: EXP,1,406,20292,-10520,11486,1315,-782,5269,-5099,-4636,2647,3143,-341,461,402,-8217,10424,402,-403,296,1019,0,0,1,20,20,0,0,0,0,0,0,0,5,23107,0,23295,0,0,0,0,3928127,3960176,0,0,0,0,0,1000,1000,5123506,33723,20234,65535,17487,17487,1,2000
MPCTASK: EXP,1,408,20392,-10444,12715,1155,-369,5568,-5357,-4349,2891,2879,-446,632,402,-8008,11380,402,-615,84,1019,0,0,1,20,20,0,0,0,0,0,0,0,5,23182,0,23653,0,0,0,0,3940807,4021116,0,0,0,0,0,1000,1000,5123506,33723,20234,65535,17487,17487,1,2000
MPCTASK: EXP,1,410,20495,-10128,14889,1329,-18,6549,-4489,-3688,3348,2262,-510,790,402,-7651,13180,402,-268,431,1019,0,0,1,20,20,0,0,0,0,0,0,0,5,25348,0,26074,0,0,0,0,4309079,4432548,0,0,0,0,0,1000,1000,5123506,33723,20234,65535,17487,17487,1,2000
MPCTASK: EXP,1,412,20593,-9650,17350,1464,651,7442,-3923,-3068,3664,1627,-527,930,402,-7099,15166,402,-20,679,1019,0,0,1,20,20,0,0,0,0,0,0,0,5,23066,0,23509,0,0,0,0,3921096,3996606,0,0,0,0,0,1000,1000,5123506,33723,20234,65535,17487,17487,1,2000
MPCTASK: EXP,1,414,20692,-9227,19457,1484,1339,7928,-3947,-2581,3937,1123,-495,1049,402,-6601,16789,402,-5,694,1019,0,0,1,20,20,0,0,0,0,0,0,0,5,22433,0,22621,0,0,0,0,3813479,3845640,0,0,0,0,0,1000,1000,5123506,33723,20234,65535,17487,17487,1,2000
MPCTASK: EXP,1,416,20794,-8668,22051,1647,2083,8646,-3503,-1956,4277,452,-417,1143,402,-6010,18820,402,246,946,1019,0,0,1,20,20,0,0,0,0,0,0,0,5,24008,0,24332,0,0,0,0,4081387,4136653,0,0,0,0,0,1000,1000,5123506,33723,20234,65535,17487,17487,1,2000
MPCTASK: EXP,1,418,20895,-8117,24075,1662,2849,8951,-3713,-1483,4531,-53,-301,1212,402,-5434,20328,402,219,919,1019,0,0,1,20,19,0,0,0,0,0,0,0,5,25495,0,25993,0,0,0,0,4333951,4418835,0,0,0,0,0,1000,1000,5123506,33723,20234,65535,17487,17487,1,2000
ESTKALMAN: State out of bounds, resetting
MPCTASK: EXP,1,420,20994,0,0,2739,-7,-14,-993,0,0,0,-157,1252,402,-7,241,602,1840,2540,1019,0,0,1,20,14,0,0,0,0,0,0,0,5,23735,0,24081,0,0,0,0,4034771,4093784,0,0,0,0,0,1000,1000,5123506,33723,20234,65535,17487,17487,1,2000
MPCTASK: EXP,1,422,21098,-1,-3,2665,-23,-43,-2910,-2,-2,0,-1,1263,402,-52,182,602,1382,2082,1019,0,0,1,20,14,0,0,0,0,0,0,0,5,28320,0,29008,0,0,0,0,4814211,4931373,0,0,0,0,0,1000,1000,5123506,33723,20234,65535,17487,17487,1,2000
MPCTASK: EXP,1,424,21199,-5,-9,2384,-41,-77,-4726,-15,-10,0,152,1245,402,-106,118,602,738,1438,1019,0,0,1,20,14,0,0,0,0,0,0,0,5,29801,0,29993,0,0,0,0,5066087,5098901,0,0,0,0,0,1000,1000,5123506,33723,20234,65535,17487,17487,1,2000
MPCTASK: EXP,1,426,21294,-13,-26,2149,-75,-142,-5921,-94,-52,-1,288,1199,402,-167,40,530,265,965,1019,0,0,1,20,16,0,0,0,0,0,0,0,5,24403,0,24732,0,0,0,0,4148443,4252930,0,0,0,0,0,1000,1000,5123506,33723,20234,65535,17487,17487,1,2000
MPCTASK: EXP,1,428,21396,-33,-63,2020,-122,-229,-6352,-263,-142,-4,393,1124,402,-234,-53,402,50,750,1019,0,0,1,20,19,0,0,0,0,0,0,0,5,24964,0,25332,0,0,0,0,4243691,4306432,0,0,0,0,0,1000,1000,5123506,33723,20234,65535,17487,17487,1,2000
MPCTASK: EXP,1,430,21496,-57,-108,1901,-149,-280,-6581,-397,-213,-8,457,1024,402,-293,-144,402,-115,584,1019,0,0,1,20,20,0,0,0,0,0,0,0,5,25330,0,25517,0,0,0,0,4306055,4338024,0,0,0,0,0,1000,1000,5123506,33723,20234,65535,17487,17487,1,2000
MPCTASK: EXP,1,432,21596,-74,-140,1830,-162,-301,-6637,-410,-223,-9,473,901,402,-336,-221,402,-197,502,1019,0,0,1,20,20,0,0,0,0,0,0,0,5,25789,0,25975,0,0,0,0,4384055,4415805,0,0,0,0,0,1000,1000,5123506,33723,20234,65535,17487,17487,1,2000
MPCTASK: EXP,1,434,21697,-88,-166,1846,-180,-334,-6480,-382,-207,-9,441,757,402,-368,-296,402,-149,550,1019,0,0,1,20,20,0,0,0,0,0,0,0,5,26307,0,27016,0,0,0,0,4472051,4592731,0,0,0,0,0,1000,1000,5123506,33723,20234,65535,17487,17487,1,2000
MPCTASK: EXP,1,436,21797,-110,-206,1591,-211,-390,-7147,-410,-224,-10,363,596,402,-389,-379,402,-538,161,1019,0,0,1,20,20,0,0,0,0,0,0,0,5,24514,0,25153,0,0,0,0,4167303,4276162,0,0,0,0,0,1000,1000,5123506,33723,20234,65535,17487,17487,1,2000
MPCTASK: EXP,1,438,21902,-134,-250,1641,-220,-407,-6943,-481,-260,-13,246,421,402,-390,-446,402,-447,252,1019,0,0,1,20,20,0,0,0,0,0,0,0,5,29364,0,29566,0,0,0,0,4991791,5026390,0,0,0,0,0,1000,1000,5123506,33723,20234,65535,17487,17487,1,2000
MPCTASK: EXP,1,440,21997,-156,-290,1649,-251,-465,-6907,-467,-256,-13,104,238,402,-384,-517,402,-431,268,1019,0,0,1,20,20,0,0,0,0,0,0,0,5,24746,0,25258,0,0,0,0,4206763,4294051,0,0,0,0,0,1000,1000,5123506,33723,20234,65535,17487,17487,1,2000
MPCTASK: EXP,1,442,22100,-182,-339,1715,-270,-500,-6727,-507,-278,-15,-50,49,402,-368,-576,402,-329,370,1019,0,0,1,20,20,0,0,0,0,0,0,0,5,27053,0,27666,0,0,0,0,4598875,4703403,0,0,0,0,0,1000,1000,5123506,33723,20234,65535,1